5
80
17 29 32 32 32 43 22 24 17 31 17 36 35 30 15 27 36 36 40 23 9 29 31 34 22 32 32 39 37 15 36 20 29 35 16 12 15 24 38 27 37 15 11 9 9 35 39 12 39 10 35 39 34 14 9 29 11 33 19 14 11 36 36 23 21 9 28 27 29 40 32 17 29 38 43 36 21 20 13 20
31 11 48 34 30 33 37 41 10 21 15 15 36 13 40 34 21 19 10 23 26 27 37 39 33 11 34 29 37 10 23 12 34 16 19 39 16 15 35 17 29 28 36 30 42 10 25 45 12 41 32 27 9 48 30 44 18 34 25 23 29 36 27 28 45 27 27 26 42 11 10 31 30 23 33 38 24 27 18 21
27 35 26 22 39 29 44 37 15 47 9 12 22 24 12 45 24 11 14 8 12 14 39 9 23 40 31 20 8 10 47 34 22 16 24 16 10 32 19 25 35 16 22 11 45 26 27 7 36 34 39 29 30 9 41 45 16 25 37 28 24 25 11 40 12 25 31 19 24 10 30 20 33 34 9 11 28 26 32 12
32 28 29 25 11 44 38 11 27 39 18 25 44 10 23 46 25 10 36 43 26 11 37 19 38 13 24 28 41 48 10 26 7 40 15 24 43 13 16 15 35 26 17 26 40 40 45 14 19 12 38 36 37 26 13 45 13 36 7 30 25 14 13 22 23 32 11 39 35 14 35 12 44 40 14 29 47 34 14 15
12 26 39 22 24 14 44 13 9 35 31 23 40 13 24 13 26 14 19 10 13 30 24 27 43 16 31 25 23 34 29 11 22 24 26 14 18 37 24 36 40 21 15 25 16 12 33 20 21 38 38 40 34 7 30 7 26 18 9 37 19 26 26 31 43 34 32 34 32 16 26 11 30 23 25 24 30 22 22 24
25 37 39 49 43 52 24 34 22 47 27 51 51 45 19 45 52 51 51 25 11 45 46 43 30 39 51 54 46 22 37 20 48 48 18 16 22 30 43 33 46 19 14 14 13 49 52 15 50 17 47 50 40 17 15 43 12 38 27 17 12 48 49 23 27 15 30 38 30 43 38 18 41 41 50 48 31 23 19 22
33 12 56 44 40 42 41 53 10 25 18 23 46 14 48 48 26 28 11 25 35 41 45 46 39 12 42 31 46 16 35 15 45 19 27 57 21 23 46 19 33 34 43 41 50 15 35 54 15 51 45 40 13 54 36 56 24 46 31 27 42 45 31 45 54 35 33 33 50 15 10 39 41 33 36 51 32 40 23 27
30 51 41 27 45 39 44 55 25 57 13 14 27 29 12 53 31 11 18 13 16 17 59 13 29 53 35 24 12 17 57 43 24 25 26 20 13 43 26 34 43 21 26 16 48 39 36 11 41 45 45 36 36 12 41 49 20 29 60 40 36 29 15 48 18 30 41 21 24 14 37 33 38 36 13 13 35 35 41 16
36 37 35 37 12 45 53 18 31 48 21 34 59 10 25 52 28 16 39 52 43 11 43 22 45 17 28 38 51 58 12 31 12 55 22 38 51 18 20 18 42 31 21 36 57 54 54 19 30 21 42 48 44 37 18 48 18 56 11 37 33 19 16 30 35 32 12 54 41 20 44 18 53 45 22 37 62 44 15 24
14 34 49 24 31 18 55 15 13 44 41 33 51 15 35 20 37 18 21 16 17 40 34 42 55 22 34 31 26 42 38 15 26 26 42 15 29 44 28 55 41 25 21 32 22 16 46 32 27 47 38 50 35 12 46 10 36 21 11 51 23 31 39 37 60 42 41 45 39 20 29 16 30 29 35 28 36 23 29 28
19 19 8 13 7 13 15 5 25 17 6 17 9 18 25 7 16 25 10 5 21 16 25 6 16 21 18 20 11 5 6 12 8 12 15 24 10 9 22 22 14 7 7 17 10 7 16 10 14 11 8 17 24 13 12 23 14 20 17 5 19 19 22 14 11 12 19 20 19 16 18 8 13 11 11 7 18 14 14 14
17 8 17 6 24 14 8 9 11 13 19 13 24 11 12 5 13 24 23 8 24 23 25 9 17 16 23 22 13 17 8 12 16 17 11 23 5 14 20 18 10 22 20 14 7 8 11 10 15 25 16 17 5 10 10 7 13 21 12 11 15 25 14 18 21 8 15 13 10 22 16 25 7 23 25 23 24 25 16 14
11 22 14 14 5 13 9 8 7 17 16 10 17 18 11 7 15 7 15 6 17 14 17 24 18 21 23 13 5 5 11 21 16 13 18 9 20 15 25 19 23 25 19 14 8 9 9 16 20 8 7 14 19 21 5 13 9 14 9 23 20 10 8 19 18 11 16 14 20 10 23 5 15 18 9 20 16 22 22 24
13 16 12 7 7 25 13 11 9 11 9 6 13 6 24 18 23 16 23 21 15 7 16 17 21 21 23 25 22 9 8 8 6 8 17 19 7 16 15 18 21 11 9 24 25 14 20 6 11 20 17 24 9 22 5 25 9 8 21 7 5 18 15 11 11 13 15 25 24 19 16 12 21 6 25 14 12 5 8 16
21 7 6 18 24 25 18 20 8 8 12 8 23 25 16 12 13 10 6 18 14 8 25 18 6 19 18 19 8 23 24 18 6 14 23 19 17 15 24 14 20 19 11 10 23 17 8 17 13 10 17 18 15 11 16 17 6 21 16 21 23 19 7 7 19 6 7 24 21 5 24 22 24 8 18 14 15 15 19 7
268 268 268 268 268
