5
40
28 22 19 11 13 18 15 14 27 9 23 35 33 32 21 24 6 23 17 39 22 30 12 43 35 18 38 5 16 14 38 18 39 18 7 7 23 15 11 14
45 9 7 21 23 32 27 23 21 22 16 18 7 28 13 27 6 30 22 12 33 25 22 24 24 28 16 41 13 37 22 16 16 32 12 33 30 25 35 26
39 18 31 32 12 23 8 33 17 28 32 34 35 38 8 16 43 31 13 22 22 31 13 19 11 34 36 7 33 37 7 19 11 19 20 14 13 17 16 42
42 17 45 42 15 24 17 28 6 37 20 11 21 9 9 18 29 15 31 49 13 45 15 32 10 18 28 34 17 29 21 30 18 26 32 10 22 19 15 18
28 8 22 23 19 30 13 9 20 15 10 11 18 45 13 23 36 31 27 5 12 24 44 28 35 31 22 26 26 19 20 48 30 10 13 27 21 7 34 10
51 36 40 13 17 42 19 19 43 22 38 69 41 60 33 33 15 35 44 61 37 59 30 61 47 25 55 16 21 37 58 41 55 46 14 19 53 25 21 33
67 20 10 28 27 43 59 43 38 41 29 27 19 58 24 40 15 39 34 19 54 33 36 33 43 41 21 49 19 61 36 17 44 59 27 49 59 42 45 52
54 30 40 47 25 42 23 60 33 49 56 47 57 56 15 29 61 61 20 41 33 33 31 30 28 56 42 14 44 47 16 37 18 21 33 21 22 49 26 52
66 45 61 45 20 33 24 36 14 59 35 12 44 16 21 24 39 23 51 66 16 52 30 48 18 23 47 64 34 48 44 45 36 60 47 19 22 40 20 32
49 16 40 52 45 36 34 11 44 19 12 16 20 71 20 36 47 44 32 12 28 26 48 51 73 31 60 52 35 32 27 60 47 26 26 33 42 18 45 24
19 20 10 14 12 13 20 19 11 22 6 25 15 24 16 20 19 24 8 25 8 24 14 21 12 21 6 20 8 11 20 10 12 9 18 8 7 15 5 25
13 11 20 24 17 19 16 15 14 12 11 8 5 9 24 6 12 16 19 7 8 24 6 8 7 18 11 11 20 12 14 24 21 25 12 19 12 15 12 16
12 16 23 13 15 13 22 22 9 18 9 12 8 20 14 6 11 17 13 9 9 13 18 13 12 16 6 24 14 7 24 7 11 23 18 9 17 9 24 11
9 18 13 7 23 17 25 20 10 9 10 12 15 17 15 7 19 11 14 13 16 22 16 15 22 11 20 5 7 20 9 22 14 17 16 10 22 10 24 25
24 10 20 11 10 12 10 24 13 9 10 22 5 16 19 5 15 13 14 13 18 23 8 20 22 7 25 17 11 21 6 20 9 25 21 18 6 21 12 20
148 148 148 148 148
