5
40
11 37 32 29 22 12 21 32 39 20 21 11 12 18 12 9 32 12 27 39 15 39 21 23 11 29 25 39 14 37 10 27 11 15 26 6 27 39 13 15
20 10 11 25 15 28 31 8 20 29 36 12 32 21 17 8 10 17 31 36 39 22 46 30 33 27 27 43 17 14 16 37 31 15 6 27 30 10 17 27
7 34 16 22 21 22 20 36 26 34 35 48 35 40 33 28 33 35 23 10 11 30 11 16 13 26 24 33 15 33 25 26 16 24 20 9 9 15 15 7
20 12 16 32 23 36 42 8 24 26 11 17 19 13 28 24 25 31 16 11 47 20 16 27 19 9 17 33 27 19 18 36 33 42 37 6 17 14 28 21
35 50 38 38 25 38 37 6 19 29 23 33 30 24 7 21 27 19 16 13 40 12 38 9 27 10 41 45 33 12 31 35 8 10 17 9 27 22 14 37
18 54 40 50 31 27 38 54 54 24 48 18 14 29 15 18 37 33 64 50 31 50 52 35 18 56 34 66 18 41 17 73 33 24 45 13 44 50 20 41
30 22 18 50 23 50 49 13 49 59 46 27 44 57 36 16 21 19 41 46 48 44 62 37 49 41 42 56 36 21 23 60 43 41 16 37 44 13 50 38
12 45 22 54 26 34 44 61 65 55 52 59 48 46 36 71 74 50 62 20 17 63 24 33 34 52 56 47 17 48 40 47 21 35 33 24 18 19 29 19
27 25 34 68 35 47 54 21 30 61 16 25 27 29 34 64 32 41 34 23 54 26 21 33 29 17 30 47 50 29 28 52 50 56 43 17 39 29 45 45
46 52 48 69 54 57 68 12 50 69 51 57 50 26 12 56 33 50 28 25 43 18 69 13 39 24 68 64 50 22 67 51 15 10 29 17 43 45 22 54
7 6 14 12 25 6 10 23 19 18 14 11 8 6 12 9 6 6 12 17 12 25 8 16 19 15 25 19 5 17 10 14 17 13 21 24 15 25 18 23
24 16 23 5 19 14 23 13 9 8 23 13 9 9 25 9 11 15 15 6 19 19 10 17 12 16 24 21 19 14 17 14 25 25 19 5 9 14 22 18
22 13 20 24 8 9 16 14 14 20 20 18 14 14 21 20 6 7 20 22 23 5 16 25 5 21 23 17 22 23 5 19 8 9 14 8 15 19 13 8
21 21 12 18 10 5 20 11 12 12 16 8 11 17 8 20 6 11 21 25 13 7 14 14 7 19 5 8 12 23 14 9 18 22 12 13 25 5 11 17
16 6 21 22 24 20 16 8 24 14 5 16 20 7 14 22 14 11 17 7 18 18 22 16 10 17 25 10 8 19 5 8 21 16 13 25 19 16 25 20
133 133 133 133 133
