5
40
30 16 34 32 9 33 29 12 39 10 19 23 23 36 24 42 41 30 39 12 34 13 44 31 36 48 33 43 13 38 25 21 15 45 33 23 12 24 28 19
22 16 31 30 28 11 24 30 15 15 15 37 16 45 29 28 20 20 46 20 26 24 24 33 20 16 21 36 11 33 29 10 35 24 22 27 13 40 34 38
32 25 12 41 33 10 38 25 19 43 22 25 36 41 40 25 39 22 19 13 44 31 11 18 8 15 25 27 15 42 34 9 11 20 33 10 8 33 21 26
19 45 18 25 31 34 34 13 46 34 28 39 29 9 36 35 40 35 31 39 39 13 42 44 27 17 19 8 38 19 12 17 21 34 33 19 21 20 23 35
42 10 26 16 28 38 20 31 24 12 18 39 10 20 22 27 26 17 27 13 38 11 41 38 10 26 37 23 34 25 37 35 34 24 32 33 19 18 34 30
42 18 47 45 14 43 34 17 55 16 28 29 26 56 32 50 56 44 51 15 39 13 49 46 42 61 46 59 17 40 29 30 21 50 49 32 14 34 37 29
33 23 45 41 40 15 33 32 20 24 23 50 18 52 35 35 25 25 51 28 35 30 31 50 31 20 29 48 11 43 44 13 45 39 30 34 15 52 40 46
35 28 12 45 38 12 53 33 20 56 34 31 45 53 57 31 53 27 25 17 54 44 12 25 11 16 36 32 18 58 49 12 13 30 34 10 13 44 24 31
23 52 22 31 40 45 49 14 57 45 45 44 31 12 44 42 55 50 35 44 52 16 53 50 36 19 30 12 52 30 15 23 28 45 42 28 33 29 24 55
50 12 39 16 31 49 29 42 34 17 28 42 16 28 32 38 27 28 34 18 51 12 52 60 13 34 55 35 51 31 54 46 41 26 42 36 21 24 40 42
15 13 16 8 20 11 10 21 24 6 5 23 13 13 23 17 5 10 24 20 7 22 16 18 10 8 24 14 20 12 15 24 14 23 17 16 20 6 16 23
11 9 24 12 15 23 8 13 23 7 18 18 23 15 19 22 11 24 8 14 9 15 21 18 21 11 17 5 15 16 5 21 24 6 8 9 16 9 25 21
7 16 20 25 22 16 11 25 16 21 14 5 10 16 11 18 20 21 9 10 12 8 13 25 14 22 16 13 19 6 12 22 14 11 15 12 11 16 11 25
6 21 10 9 22 14 10 12 14 23 14 23 17 20 18 24 12 10 7 23 22 22 17 15 12 24 18 16 14 19 21 23 23 13 12 23 23 23 6 12
20 23 18 18 10 20 7 9 6 20 11 19 21 10 12 23 7 12 8 10 9 19 10 22 18 22 20 8 5 22 17 10 12 14 13 12 9 9 13 15
148 148 148 148 148
