5
80
38 39 18 27 23 26 38 37 19 41 11 48 29 46 29 36 33 44 15 48 15 45 28 38 22 40 10 36 14 19 37 19 23 18 36 16 15 29 10 44 25 20 36 45 34 38 28 30 26 21 19 14 11 18 42 11 23 31 38 14 14 47 13 16 14 32 21 19 40 21 27 47 37 49 24 36 20 27 21 30
22 31 41 25 28 25 43 40 17 32 16 23 17 38 28 12 22 31 24 18 17 24 33 23 22 31 13 48 26 14 48 15 19 43 37 17 31 16 47 18 18 33 24 13 46 33 45 36 19 18 21 22 29 34 30 14 38 22 25 23 27 43 31 28 42 22 39 10 13 36 17 42 27 31 29 19 40 18 44 46
43 17 38 23 19 23 19 43 23 18 21 38 9 28 35 9 30 24 26 26 32 44 14 36 43 14 46 33 19 40 10 39 18 49 37 37 10 37 24 36 38 34 37 11 12 36 15 12 27 16 30 50 33 43 20 29 10 28 31 45 25 43 22 48 36 21 39 11 18 26 36 31 41 28 12 14 41 19 18 22
44 18 9 26 21 35 38 38 33 29 20 21 13 43 15 36 11 31 24 16 39 27 27 23 33 31 17 45 13 40 24 14 28 42 16 29 39 30 40 41 43 26 36 36 16 37 14 44 27 39 36 39 45 38 12 24 41 37 16 28 27 28 22 19 19 39 36 13 41 40 12 32 11 17 28 17 15 33 17 47
45 31 44 44 18 31 19 32 12 43 25 11 30 9 15 21 29 19 33 45 14 45 26 33 11 20 35 44 27 33 34 43 34 45 33 17 22 30 19 21 32 11 28 35 30 31 22 9 29 17 11 13 19 48 14 30 37 35 27 11 19 24 44 44 48 28 42 37 32 25 20 48 40 17 25 33 28 13 34 17
38 43 23 29 24 28 40 39 23 47 13 50 31 50 33 41 38 51 16 51 17 51 29 42 24 43 13 42 16 22 40 21 27 20 37 17 15 30 11 51 26 22 44 48 35 38 34 33 29 24 22 16 12 18 49 12 26 34 40 15 16 49 13 16 15 36 22 22 43 24 28 52 44 49 24 40 24 33 26 36
27 31 50 27 32 28 46 44 19 37 19 24 18 39 30 12 24 34 25 19 20 28 39 27 25 33 14 49 28 14 51 15 24 46 39 18 36 19 48 21 19 35 27 15 46 38 52 39 20 19 23 27 32 36 33 14 41 23 30 25 33 43 35 31 47 24 39 12 14 45 20 44 30 35 33 22 43 20 51 55
49 20 39 23 22 25 19 47 28 19 22 47 10 32 40 10 32 26 28 26 38 49 17 43 48 15 53 35 21 44 12 41 19 52 44 40 13 43 26 41 40 35 39 13 15 37 17 14 31 16 31 52 39 47 25 33 11 33 32 49 26 48 26 49 43 23 43 12 18 30 42 33 46 35 13 15 45 21 20 23
45 20 10 29 24 37 44 41 37 33 25 23 16 48 18 37 13 36 28 16 46 34 33 25 38 35 19 53 14 45 26 16 35 47 18 35 43 35 47 46 50 30 41 41 17 40 17 52 28 46 39 45 47 43 14 25 47 42 18 33 32 32 22 21 22 44 44 14 45 47 12 35 13 20 31 17 17 35 18 49
51 36 46 47 19 33 22 35 12 46 27 13 34 11 17 22 29 19 37 51 16 47 26 33 13 23 37 48 30 37 34 47 35 49 37 17 22 34 20 25 38 12 30 37 33 37 25 10 33 19 13 14 20 51 15 35 41 42 33 11 22 27 46 47 55 31 44 42 35 26 20 49 43 18 28 36 30 14 34 17
15 13 16 8 20 11 10 21 24 6 5 23 13 13 23 17 5 10 24 20 7 22 16 18 10 8 24 14 20 12 15 24 14 23 17 16 20 6 16 23 11 9 24 12 15 23 8 13 23 7 18 18 23 15 19 22 11 24 8 14 9 15 21 18 21 11 17 5 15 16 5 21 24 6 8 9 16 9 25 21
7 16 20 25 22 16 11 25 16 21 14 5 10 16 11 18 20 21 9 10 12 8 13 25 14 22 16 13 19 6 12 22 14 11 15 12 11 16 11 25 6 21 10 9 22 14 10 12 14 23 14 23 17 20 18 24 12 10 7 23 22 22 17 15 12 24 18 16 14 19 21 23 23 13 12 23 23 23 6 12
20 23 18 18 10 20 7 9 6 20 11 19 21 10 12 23 7 12 8 10 9 19 10 22 18 22 20 8 5 22 17 10 12 14 13 12 9 9 13 15 19 8 22 22 6 22 17 7 22 6 11 12 13 24 14 25 25 19 21 6 19 6 24 20 21 25 20 25 8 20 13 13 9 25 20 15 6 14 15 13
14 10 21 21 16 7 14 15 10 11 9 23 9 23 14 16 12 12 24 11 15 13 13 21 13 8 12 22 5 19 19 5 18 16 13 14 6 22 19 21 17 13 6 20 19 5 24 14 9 25 14 14 18 25 24 12 22 13 12 8 23 19 6 12 5 8 14 14 9 25 22 6 6 13 16 5 5 22 12 13
11 24 11 14 18 19 22 7 24 21 18 22 15 5 21 20 24 23 15 22 24 7 25 22 15 9 13 5 25 12 7 10 13 19 18 13 14 13 12 23 23 5 17 8 15 25 12 19 14 7 13 20 7 12 13 16 13 11 15 8 25 5 23 25 6 14 25 14 20 15 25 21 20 13 21 17 11 10 18 18
280 280 280 280 280
