5
40
15 40 33 34 17 17 30 35 30 16 32 13 14 19 11 14 27 22 43 31 23 34 38 25 10 38 24 37 13 31 9 37 17 17 27 11 23 42 12 21
23 18 14 27 22 49 47 10 31 36 35 22 36 30 27 15 16 15 34 34 33 32 34 30 26 24 33 43 23 18 16 44 30 26 10 33 34 9 32 24
9 34 12 31 19 20 33 38 36 40 34 45 45 32 33 40 49 34 32 11 16 35 16 17 22 39 46 40 11 26 27 32 15 25 25 19 15 16 22 12
20 20 25 38 23 38 35 12 24 35 10 16 19 20 26 38 27 30 23 18 44 21 18 31 19 12 23 34 41 18 16 40 46 45 35 12 30 22 25 34
29 39 46 47 37 44 45 10 30 42 46 44 39 24 10 34 23 25 17 20 34 15 38 11 30 14 50 43 31 17 47 31 9 9 18 12 30 33 11 50
17 44 35 50 25 22 41 45 49 25 38 17 16 26 12 16 40 25 48 51 27 52 41 31 16 51 37 48 17 44 15 57 25 23 35 12 30 53 19 35
30 23 15 42 23 60 50 15 40 49 44 29 38 43 31 17 21 21 44 50 41 34 46 38 36 37 42 56 31 25 20 50 40 35 11 36 35 12 40 30
13 39 18 43 30 31 40 50 47 48 44 55 53 43 35 56 57 54 46 18 16 49 22 25 26 52 53 43 15 34 30 34 18 40 31 21 17 21 25 14
26 27 32 47 36 48 54 17 31 47 11 21 27 24 33 48 33 41 37 22 53 26 22 35 21 20 26 46 46 21 20 52 47 54 45 16 38 25 37 44
43 51 51 59 44 59 55 12 38 51 50 50 45 30 11 47 30 37 21 27 44 18 48 13 37 22 53 60 42 17 55 36 10 10 21 18 34 44 15 62
7 6 14 12 25 6 10 23 19 18 14 11 8 6 12 9 6 6 12 17 12 25 8 16 19 15 25 19 5 17 10 14 17 13 21 24 15 25 18 23
24 16 23 5 19 14 23 13 9 8 23 13 9 9 25 9 11 15 15 6 19 19 10 17 12 16 24 21 19 14 17 14 25 25 19 5 9 14 22 18
22 13 20 24 8 9 16 14 14 20 20 18 14 14 21 20 6 7 20 22 23 5 16 25 5 21 23 17 22 23 5 19 8 9 14 8 15 19 13 8
21 21 12 18 10 5 20 11 12 12 16 8 11 17 8 20 6 11 21 25 13 7 14 14 7 19 5 8 12 23 14 9 18 22 12 13 25 5 11 17
16 6 21 22 24 20 16 8 24 14 5 16 20 7 14 22 14 11 17 7 18 18 22 16 10 17 25 10 8 19 5 8 21 16 13 25 19 16 25 20
133 133 133 133 133
