5
40
21 16 25 31 7 41 21 12 40 6 12 22 20 42 22 36 33 20 38 7 23 11 35 20 28 37 29 26 12 33 26 21 11 45 38 29 13 23 30 18
26 16 35 30 24 10 23 17 15 14 12 37 9 43 18 17 24 22 44 12 17 15 22 20 13 15 17 28 8 26 23 6 33 19 14 17 11 24 31 24
29 23 6 40 22 7 46 16 15 34 14 23 24 26 41 19 39 15 17 11 30 28 6 22 5 15 17 14 15 44 33 6 7 13 33 7 9 34 13 21
19 31 22 18 19 32 30 8 37 40 31 27 16 5 41 32 29 34 31 23 39 13 30 32 18 11 21 5 32 24 8 13 15 25 17 25 14 20 20 31
33 8 18 12 29 32 23 28 21 9 25 28 9 16 14 19 24 12 27 14 26 6 34 49 6 24 42 21 22 20 31 40 34 18 22 30 20 13 34 26
54 23 44 58 14 51 35 19 50 14 28 31 35 64 33 63 58 55 49 19 46 16 58 39 50 68 60 57 21 51 28 34 27 59 56 42 14 33 45 39
30 25 54 46 46 21 38 39 23 22 25 60 23 57 40 39 31 31 55 28 34 34 36 44 30 16 32 61 14 46 54 14 46 33 36 40 19 55 47 49
40 30 15 46 43 11 67 43 24 61 38 29 47 62 55 31 54 29 26 23 48 37 12 26 14 16 38 40 18 74 51 13 15 26 42 14 14 45 36 30
34 68 29 35 39 48 49 16 54 47 48 50 45 12 43 52 63 63 40 48 55 19 63 64 33 26 30 13 60 27 19 25 27 45 46 31 32 37 24 48
61 10 38 24 36 52 24 53 37 19 37 46 19 31 33 45 37 30 41 22 52 16 61 60 14 33 65 31 48 37 50 42 48 27 49 50 26 28 50 45
15 13 16 8 20 11 10 21 24 6 5 23 13 13 23 17 5 10 24 20 7 22 16 18 10 8 24 14 20 12 15 24 14 23 17 16 20 6 16 23
11 9 24 12 15 23 8 13 23 7 18 18 23 15 19 22 11 24 8 14 9 15 21 18 21 11 17 5 15 16 5 21 24 6 8 9 16 9 25 21
7 16 20 25 22 16 11 25 16 21 14 5 10 16 11 18 20 21 9 10 12 8 13 25 14 22 16 13 19 6 12 22 14 11 15 12 11 16 11 25
6 21 10 9 22 14 10 12 14 23 14 23 17 20 18 24 12 10 7 23 22 22 17 15 12 24 18 16 14 19 21 23 23 13 12 23 23 23 6 12
20 23 18 18 10 20 7 9 6 20 11 19 21 10 12 23 7 12 8 10 9 19 10 22 18 22 20 8 5 22 17 10 12 14 13 12 9 9 13 15
148 148 148 148 148
