5
40
25 11 6 27 35 40 12 19 32 21 20 35 38 37 22 48 16 9 28 45 27 15 12 11 8 10 43 24 29 13 40 18 32 24 9 14 7 12 13 30
25 19 8 14 8 40 12 15 30 17 16 22 9 22 27 25 14 44 29 27 21 28 32 28 12 35 18 26 6 5 20 19 36 41 19 42 28 7 18 22
31 22 41 7 22 18 14 12 22 24 36 30 31 15 13 41 9 44 33 32 9 18 26 9 12 24 43 11 31 8 18 5 16 23 21 13 29 41 22 21
11 28 20 40 18 28 22 26 12 29 8 18 24 25 10 24 23 35 27 10 17 35 12 19 11 23 24 26 7 10 44 15 30 6 21 32 13 36 18 24
19 21 30 16 30 16 21 15 16 24 6 33 14 18 17 25 22 16 28 34 9 34 31 5 5 11 23 18 16 14 18 25 9 49 31 13 5 44 24 36
49 21 16 51 51 64 33 48 62 35 27 60 56 52 41 60 21 20 31 56 53 28 24 11 18 20 68 32 51 18 54 38 52 46 20 37 13 21 27 47
51 26 18 17 16 50 19 37 55 28 31 57 19 52 63 43 24 68 47 30 34 30 51 52 16 63 43 45 12 15 44 32 48 60 42 67 33 12 25 42
42 34 55 18 25 38 19 27 28 29 48 61 43 22 16 63 20 62 53 55 12 33 41 20 19 35 62 16 37 18 27 10 17 32 29 22 62 65 64 42
18 57 42 43 25 40 58 40 15 57 24 23 46 35 14 37 46 72 49 16 33 55 21 22 18 44 52 45 17 21 62 34 63 16 34 43 19 52 46 45
44 29 47 42 56 27 21 28 23 42 14 67 24 35 33 56 44 30 56 50 20 45 41 14 16 22 27 48 24 19 36 30 24 58 36 21 14 69 50 51
9 9 14 24 11 16 8 19 20 14 14 11 14 24 5 12 11 15 13 10 17 9 13 20 24 13 8 18 8 24 5 10 16 14 23 7 24 9 12 18
20 25 22 23 24 14 17 22 19 20 10 15 13 6 24 5 15 7 7 12 17 18 20 11 20 12 10 8 23 9 17 9 5 24 14 23 7 24 25 15
9 9 11 13 12 25 16 16 19 20 23 10 18 14 20 20 17 7 22 22 9 5 7 23 23 18 19 12 22 9 19 13 9 5 14 22 13 17 22 14
8 13 14 14 5 14 22 7 22 14 10 23 22 18 18 12 15 5 11 12 17 21 21 21 20 18 6 17 12 10 14 21 16 21 9 25 8 13 7 7
25 21 16 9 11 19 6 10 22 16 11 6 21 15 15 20 19 9 19 17 19 22 17 23 8 6 23 5 12 14 5 14 12 23 24 20 10 10 17 14
129 129 129 129 129
