5
80
15 17 36 21 18 37 12 18 10 23 18 35 40 33 18 36 27 24 40 20 8 19 27 33 22 19 21 46 41 12 37 17 22 30 10 8 10 13 41 16 32 14 7 6 11 27 36 13 32 13 28 37 36 9 6 32 10 20 14 11 7 40 35 16 20 10 20 26 19 40 32 12 30 27 26 25 27 14 15 15
18 6 40 24 24 28 20 40 7 20 16 18 23 9 31 29 21 16 5 14 17 34 31 32 20 7 39 28 22 8 19 10 29 12 22 23 13 11 31 9 22 21 41 34 35 9 25 41 10 31 26 19 8 48 20 40 23 41 17 20 22 39 29 27 35 24 23 32 28 8 10 24 24 29 23 43 18 19 13 24
19 27 19 18 23 35 35 39 11 47 7 9 16 16 12 30 25 6 12 7 9 16 37 7 14 32 18 16 9 12 28 35 18 12 21 16 12 24 23 24 31 9 18 8 42 27 19 8 31 28 32 23 29 8 31 24 8 23 40 26 28 25 10 37 12 26 27 12 16 6 25 14 29 24 6 7 28 19 32 12
30 27 14 21 7 22 36 11 24 35 15 15 33 9 15 29 20 12 25 33 25 8 34 19 42 13 22 30 26 40 7 14 5 33 19 18 22 13 15 7 37 20 11 30 30 41 28 17 23 10 21 36 33 25 17 38 14 22 5 19 22 11 13 23 16 17 10 23 20 10 27 11 45 23 11 30 29 27 14 16
11 19 22 24 26 15 29 14 10 38 32 17 42 13 18 17 26 11 20 13 13 21 21 20 26 19 22 27 13 31 32 10 15 20 27 8 19 39 16 40 31 17 15 26 15 14 27 14 12 38 37 48 24 9 33 10 29 15 11 37 18 24 21 32 27 29 37 27 38 14 20 10 16 13 23 24 30 19 18 24
27 38 49 62 45 67 30 42 30 43 23 46 64 51 21 51 55 56 57 24 12 48 53 43 45 48 50 61 67 21 51 30 43 41 20 16 28 33 58 48 51 26 14 15 12 42 57 14 62 14 62 66 42 19 18 55 14 52 26 22 18 65 72 33 34 15 36 49 30 56 50 19 46 38 53 51 43 27 27 28
35 18 64 46 48 51 59 64 10 34 18 24 51 19 55 58 34 32 14 31 39 49 45 54 35 13 52 38 58 20 45 16 42 23 33 48 26 23 46 22 33 44 59 47 50 13 43 57 17 55 51 35 15 57 47 62 25 60 36 31 38 50 36 42 63 44 33 44 56 16 15 44 47 30 35 48 34 37 22 33
30 57 43 26 60 38 52 65 21 50 16 17 29 30 13 52 35 13 20 12 19 18 52 18 26 70 40 24 14 15 58 57 25 22 27 21 13 46 29 45 45 24 23 17 71 52 44 11 45 54 57 39 43 15 46 48 17 33 65 52 41 31 17 52 21 32 54 23 35 17 41 30 35 41 11 17 36 44 43 19
46 47 42 47 16 65 52 18 35 53 20 32 61 15 35 56 39 16 38 52 49 11 45 24 59 18 31 40 61 54 11 40 11 52 26 44 50 18 24 20 43 40 28 40 66 64 57 23 38 18 45 63 56 37 17 49 21 47 10 34 30 18 23 25 35 44 14 58 54 19 52 20 63 44 21 44 57 52 16 27
19 42 46 29 31 23 63 20 13 47 48 41 57 14 36 25 30 23 26 20 21 39 42 40 50 27 31 28 39 57 46 15 31 36 35 19 36 48 34 58 54 21 20 41 27 19 53 26 25 63 42 64 40 11 48 11 35 24 16 68 34 35 44 41 60 52 54 52 51 20 35 14 42 38 32 29 38 28 36 33
19 19 8 13 7 13 15 5 25 17 6 17 9 18 25 7 16 25 10 5 21 16 25 6 16 21 18 20 11 5 6 12 8 12 15 24 10 9 22 22 14 7 7 17 10 7 16 10 14 11 8 17 24 13 12 23 14 20 17 5 19 19 22 14 11 12 19 20 19 16 18 8 13 11 11 7 18 14 14 14
17 8 17 6 24 14 8 9 11 13 19 13 24 11 12 5 13 24 23 8 24 23 25 9 17 16 23 22 13 17 8 12 16 17 11 23 5 14 20 18 10 22 20 14 7 8 11 10 15 25 16 17 5 10 10 7 13 21 12 11 15 25 14 18 21 8 15 13 10 22 16 25 7 23 25 23 24 25 16 14
11 22 14 14 5 13 9 8 7 17 16 10 17 18 11 7 15 7 15 6 17 14 17 24 18 21 23 13 5 5 11 21 16 13 18 9 20 15 25 19 23 25 19 14 8 9 9 16 20 8 7 14 19 21 5 13 9 14 9 23 20 10 8 19 18 11 16 14 20 10 23 5 15 18 9 20 16 22 22 24
13 16 12 7 7 25 13 11 9 11 9 6 13 6 24 18 23 16 23 21 15 7 16 17 21 21 23 25 22 9 8 8 6 8 17 19 7 16 15 18 21 11 9 24 25 14 20 6 11 20 17 24 9 22 5 25 9 8 21 7 5 18 15 11 11 13 15 25 24 19 16 12 21 6 25 14 12 5 8 16
21 7 6 18 24 25 18 20 8 8 12 8 23 25 16 12 13 10 6 18 14 8 25 18 6 19 18 19 8 23 24 18 6 14 23 19 17 15 24 14 20 19 11 10 23 17 8 17 13 10 17 18 15 11 16 17 6 21 16 21 23 19 7 7 19 6 7 24 21 5 24 22 24 8 18 14 15 15 19 7
268 268 268 268 268
