5
80
19 36 12 18 17 19 39 28 21 27 6 36 14 28 18 24 27 42 14 38 13 39 24 25 20 38 10 36 12 20 31 14 18 9 23 11 7 23 6 46 21 21 35 46 24 32 16 19 16 23 13 9 5 18 39 8 18 27 26 12 12 28 8 15 9 24 17 18 29 12 20 46 33 27 15 32 13 26 18 19
21 30 41 21 25 18 23 25 17 25 9 16 9 25 28 8 12 28 19 14 10 26 31 22 19 25 10 46 18 13 24 10 17 31 19 12 21 15 28 12 11 31 27 8 35 23 34 28 10 12 14 21 19 32 18 14 29 13 19 19 22 37 22 24 35 11 34 7 7 36 14 37 18 29 23 11 23 12 43 46
32 12 37 17 19 15 15 39 21 14 13 39 5 23 37 6 21 15 28 15 34 36 10 38 29 15 27 21 11 27 6 30 12 31 35 20 11 31 12 23 20 31 33 10 10 25 16 9 21 8 26 47 24 41 21 16 9 27 32 34 22 23 17 48 27 14 29 5 9 21 34 22 43 23 9 9 45 14 17 17
36 19 9 18 23 22 24 27 31 29 12 22 9 42 14 23 7 22 24 13 34 21 19 24 35 29 14 42 9 38 14 11 16 35 14 23 36 33 31 26 28 15 34 20 15 23 11 42 25 29 28 24 32 34 10 15 40 21 15 29 27 27 20 17 13 22 31 12 34 24 11 21 7 16 24 16 17 33 18 40
27 23 28 45 9 21 21 26 8 26 13 8 23 11 11 20 22 9 26 49 13 42 26 17 6 14 20 39 22 29 23 31 29 26 25 9 11 31 18 16 20 6 24 29 15 21 17 7 16 11 10 12 15 39 7 19 21 37 24 11 19 21 31 42 28 24 22 38 33 16 14 47 30 18 23 24 19 13 25 11
41 48 29 36 29 38 45 48 30 60 15 62 34 72 46 46 46 51 21 73 24 61 28 53 30 60 17 57 18 23 55 21 25 20 43 21 19 40 10 55 37 28 43 58 39 54 46 35 40 35 22 17 13 21 58 17 37 39 39 20 18 71 13 22 16 42 30 21 53 35 41 63 42 57 27 50 34 41 24 37
27 31 57 30 40 40 63 44 22 48 23 26 18 53 43 16 22 36 37 20 28 37 41 31 26 36 17 60 41 16 48 20 25 52 37 18 40 27 61 26 23 49 35 18 68 35 51 47 19 23 25 37 41 45 33 14 48 25 35 31 41 56 43 36 64 29 56 15 16 51 24 47 30 47 45 23 51 26 69 55
65 24 39 25 27 35 19 52 34 26 27 50 11 44 50 11 38 32 35 27 41 61 23 60 52 20 57 48 24 58 14 40 18 59 47 49 14 50 26 52 59 45 42 17 21 45 23 21 36 23 46 54 39 61 26 36 12 39 45 70 31 48 36 67 42 26 42 15 23 29 59 38 48 45 15 16 55 23 23 25
56 25 14 31 30 47 48 51 44 37 27 26 22 54 20 44 15 37 37 22 64 38 37 31 48 36 20 68 18 62 33 17 48 55 21 33 58 51 62 48 65 35 58 55 19 56 17 72 28 47 41 47 68 49 16 31 62 59 23 38 35 37 29 22 29 55 53 17 54 62 18 45 13 19 35 21 23 35 20 53
73 37 46 59 25 41 29 42 14 60 30 12 46 11 17 23 41 20 35 57 17 51 29 40 15 28 41 52 42 49 42 43 46 66 50 21 33 34 19 24 54 12 38 48 38 45 23 15 43 22 15 16 19 69 17 42 43 57 41 15 22 31 69 52 67 45 55 44 37 34 22 72 44 20 27 39 44 19 40 21
15 13 16 8 20 11 10 21 24 6 5 23 13 13 23 17 5 10 24 20 7 22 16 18 10 8 24 14 20 12 15 24 14 23 17 16 20 6 16 23 11 9 24 12 15 23 8 13 23 7 18 18 23 15 19 22 11 24 8 14 9 15 21 18 21 11 17 5 15 16 5 21 24 6 8 9 16 9 25 21
7 16 20 25 22 16 11 25 16 21 14 5 10 16 11 18 20 21 9 10 12 8 13 25 14 22 16 13 19 6 12 22 14 11 15 12 11 16 11 25 6 21 10 9 22 14 10 12 14 23 14 23 17 20 18 24 12 10 7 23 22 22 17 15 12 24 18 16 14 19 21 23 23 13 12 23 23 23 6 12
20 23 18 18 10 20 7 9 6 20 11 19 21 10 12 23 7 12 8 10 9 19 10 22 18 22 20 8 5 22 17 10 12 14 13 12 9 9 13 15 19 8 22 22 6 22 17 7 22 6 11 12 13 24 14 25 25 19 21 6 19 6 24 20 21 25 20 25 8 20 13 13 9 25 20 15 6 14 15 13
14 10 21 21 16 7 14 15 10 11 9 23 9 23 14 16 12 12 24 11 15 13 13 21 13 8 12 22 5 19 19 5 18 16 13 14 6 22 19 21 17 13 6 20 19 5 24 14 9 25 14 14 18 25 24 12 22 13 12 8 23 19 6 12 5 8 14 14 9 25 22 6 6 13 16 5 5 22 12 13
11 24 11 14 18 19 22 7 24 21 18 22 15 5 21 20 24 23 15 22 24 7 25 22 15 9 13 5 25 12 7 10 13 19 18 13 14 13 12 23 23 5 17 8 15 25 12 19 14 7 13 20 7 12 13 16 13 11 15 8 25 5 23 25 6 14 25 14 20 15 25 21 20 13 21 17 11 10 18 18
280 280 280 280 280
