5
40
16 38 30 40 21 20 35 43 37 19 35 16 14 20 11 14 35 22 40 41 20 41 36 29 11 40 29 45 15 38 11 50 21 17 31 11 27 41 17 27
23 18 14 31 20 46 47 10 38 41 41 23 37 37 27 15 20 17 36 39 37 31 45 29 30 29 35 47 28 19 16 46 31 31 10 35 32 9 30 26
11 33 14 32 24 24 38 40 41 45 33 46 42 37 31 46 45 40 39 14 16 42 19 22 22 42 47 39 13 33 26 29 14 29 25 18 15 17 20 14
20 25 27 47 30 39 41 13 28 41 11 17 21 22 27 42 27 39 30 22 46 20 17 30 19 14 23 40 42 18 17 42 46 43 39 13 28 21 31 36
34 49 47 46 35 49 47 10 31 47 41 40 41 22 10 39 28 34 18 20 41 14 42 11 30 18 50 47 39 16 44 32 9 10 18 13 29 36 15 49
18 44 33 44 23 22 40 44 43 22 38 17 15 25 12 14 38 23 46 42 25 48 40 30 13 43 32 47 16 44 14 51 23 20 36 12 33 46 17 30
27 21 15 37 22 52 53 13 39 45 47 26 40 41 28 16 21 18 38 41 43 35 48 31 36 32 42 52 30 21 17 49 35 31 11 36 37 11 34 31
12 35 16 37 26 28 39 41 45 49 37 48 48 43 36 51 51 44 44 16 17 48 23 22 24 46 49 43 15 35 29 34 17 32 27 20 16 19 24 15
24 26 31 51 30 40 49 16 28 47 11 18 26 23 30 50 30 41 30 23 49 23 20 34 21 17 26 49 42 21 19 50 47 50 41 14 35 26 36 40
36 52 47 50 38 49 49 10 37 55 48 45 45 26 10 47 30 34 20 23 43 15 50 12 34 18 54 54 41 18 51 36 10 10 21 15 34 39 16 51
7 6 14 12 25 6 10 23 19 18 14 11 8 6 12 9 6 6 12 17 12 25 8 16 19 15 25 19 5 17 10 14 17 13 21 24 15 25 18 23
24 16 23 5 19 14 23 13 9 8 23 13 9 9 25 9 11 15 15 6 19 19 10 17 12 16 24 21 19 14 17 14 25 25 19 5 9 14 22 18
22 13 20 24 8 9 16 14 14 20 20 18 14 14 21 20 6 7 20 22 23 5 16 25 5 21 23 17 22 23 5 19 8 9 14 8 15 19 13 8
21 21 12 18 10 5 20 11 12 12 16 8 11 17 8 20 6 11 21 25 13 7 14 14 7 19 5 8 12 23 14 9 18 22 12 13 25 5 11 17
16 6 21 22 24 20 16 8 24 14 5 16 20 7 14 22 14 11 17 7 18 18 22 16 10 17 25 10 8 19 5 8 21 16 13 25 19 16 25 20
133 133 133 133 133
