5
40
9 17 21 23 17 33 14 41 29 28 37 49 11 44 25 33 25 15 33 18 37 35 45 26 19 36 21 19 33 40 20 45 9 35 45 39 23 17 38 42
16 39 16 41 36 26 17 29 14 20 15 28 39 11 20 43 32 34 26 14 40 40 37 25 16 10 19 18 19 36 28 17 43 33 28 27 30 46 33 30
35 44 34 11 27 45 28 37 36 10 10 9 19 17 17 12 24 46 12 31 20 9 12 48 19 22 35 24 22 22 23 36 16 27 19 34 38 41 12 34
40 38 39 35 29 16 22 13 28 32 49 40 29 11 25 47 16 36 10 26 18 21 18 43 47 9 21 16 38 36 25 47 46 25 32 31 41 36 13 15
44 35 13 34 46 47 45 22 10 23 20 15 26 49 26 19 46 9 39 39 21 9 42 21 15 20 46 31 13 22 40 39 43 40 43 18 16 37 18 13
11 17 25 27 19 35 14 49 31 29 42 50 11 44 28 35 30 15 36 21 40 39 49 28 21 37 24 20 38 48 22 48 11 37 45 44 24 20 40 46
18 41 17 47 36 28 17 29 16 21 15 35 48 11 24 44 35 39 30 14 43 47 44 30 17 12 22 22 21 39 30 18 47 36 33 28 36 51 36 32
36 47 36 11 30 51 30 42 38 11 12 11 20 18 18 13 29 49 13 38 22 10 13 50 21 23 36 29 22 23 26 39 19 33 20 35 40 42 14 38
44 42 41 35 32 18 23 16 30 34 50 45 31 11 30 52 16 41 12 28 20 23 23 49 52 11 25 18 42 38 29 51 48 27 36 36 41 42 14 18
45 42 14 36 48 51 49 25 11 24 24 16 31 49 29 23 47 11 41 43 25 11 48 23 16 20 48 36 14 26 45 43 48 41 45 22 18 38 21 14
16 8 18 15 13 18 20 13 15 5 20 23 16 22 25 15 20 18 18 17 11 24 6 18 15 18 16 6 13 22 25 19 15 5 10 8 21 10 8 25
24 14 12 21 7 19 6 6 9 5 20 21 14 20 21 24 16 11 16 16 25 20 21 15 8 13 8 11 10 19 17 9 8 18 17 6 18 8 18 25
17 6 24 15 22 25 18 10 17 19 10 13 19 12 19 16 6 14 21 6 17 11 14 8 9 23 5 9 17 6 16 22 21 19 12 25 7 11 11 8
6 23 5 7 25 21 20 24 18 23 6 19 11 5 16 22 5 5 17 21 7 20 24 7 18 12 16 15 21 24 21 9 8 14 12 10 25 16 8 20
5 23 5 15 22 12 6 12 7 14 16 11 13 7 8 17 20 6 11 11 6 18 11 8 5 18 8 13 17 24 17 8 11 12 9 23 11 13 12 25
130 130 130 130 130
