5
80
25 8 21 14 18 32 22 30 30 32 22 32 43 19 25 7 21 13 8 45 8 33 10 32 30 38 24 44 39 32 12 32 36 17 31 9 28 11 46 47 21 32 27 40 20 13 28 27 40 13 14 21 25 22 47 20 45 15 44 18 16 36 26 10 17 37 40 15 15 20 31 42 11 27 33 25 9 28 14 49
44 16 45 14 11 19 13 44 23 17 18 18 24 36 13 26 15 10 13 38 31 12 8 18 28 25 11 13 22 38 38 33 16 46 31 10 35 44 12 33 37 29 12 36 38 28 40 10 20 27 41 12 33 26 22 40 43 19 25 14 25 43 40 40 44 25 45 31 42 41 22 16 34 31 15 16 36 12 42 28
23 13 22 18 36 40 27 42 27 43 26 28 19 17 13 18 15 16 41 20 38 35 16 34 15 9 17 9 36 43 13 12 28 19 22 11 25 27 43 16 40 30 34 26 44 12 32 24 34 20 35 14 16 27 37 16 42 12 16 37 12 22 23 37 31 39 30 17 16 21 33 10 19 12 16 35 7 36 31 46
28 44 25 40 18 41 29 42 28 33 25 17 36 13 33 42 18 15 30 40 31 21 41 21 38 31 25 42 38 40 36 22 42 12 31 24 23 15 35 33 38 21 9 35 35 13 22 19 34 36 44 31 20 31 13 27 15 18 13 30 33 27 40 23 8 33 27 26 25 11 18 29 19 12 24 14 40 37 28 24
22 17 24 24 31 29 21 40 23 20 16 24 12 40 13 16 17 15 9 24 33 41 11 41 9 29 15 20 10 30 37 30 11 25 26 36 40 45 40 23 30 38 10 22 27 34 10 18 35 37 43 37 42 11 36 36 17 38 15 34 19 31 36 21 12 31 24 11 39 30 9 11 25 35 15 9 37 42 42 31
29 12 23 15 20 43 32 34 50 34 28 51 62 22 38 11 30 13 12 54 13 51 16 40 39 47 29 57 52 43 16 41 40 23 41 14 39 11 54 54 25 53 35 44 29 14 40 41 50 15 20 28 30 28 47 25 53 17 55 28 21 40 30 12 28 47 46 20 22 25 43 48 14 34 49 40 13 37 21 54
53 19 49 19 17 21 17 53 31 19 30 25 27 41 17 34 21 14 17 59 46 18 13 22 35 32 16 14 27 46 44 37 18 55 39 15 51 50 15 38 42 44 20 44 50 32 55 12 28 36 50 18 46 27 26 54 55 23 33 14 31 57 51 55 59 27 49 36 47 54 31 18 45 45 15 24 46 19 49 41
23 19 33 22 39 44 45 54 31 47 33 34 29 23 17 24 20 19 54 23 42 47 21 52 18 13 26 13 53 51 15 15 38 24 30 11 35 33 58 21 61 49 42 36 61 15 53 33 42 31 56 17 19 33 41 21 57 15 19 57 12 23 29 51 42 43 42 21 21 21 39 12 24 13 18 51 11 40 47 49
35 53 29 52 21 43 41 52 35 48 26 22 53 15 45 50 22 21 39 50 43 26 43 24 51 36 28 56 51 50 55 26 46 14 38 30 31 22 47 53 42 30 10 48 48 16 22 20 42 47 52 34 25 43 16 38 21 24 16 39 52 38 50 33 12 45 45 37 35 14 25 30 29 21 30 17 43 57 44 30
32 21 31 36 43 35 27 45 33 23 18 30 17 43 17 16 23 22 14 30 36 55 14 44 15 38 17 23 12 37 45 45 17 37 33 37 57 54 60 37 41 43 12 28 28 50 15 24 39 40 45 61 47 13 48 42 17 43 24 36 26 43 44 34 15 42 27 15 58 40 11 18 27 45 19 10 38 51 43 43
9 9 14 24 11 16 8 19 20 14 14 11 14 24 5 12 11 15 13 10 17 9 13 20 24 13 8 18 8 24 5 10 16 14 23 7 24 9 12 18 20 25 22 23 24 14 17 22 19 20 10 15 13 6 24 5 15 7 7 12 17 18 20 11 20 12 10 8 23 9 17 9 5 24 14 23 7 24 25 15
9 9 11 13 12 25 16 16 19 20 23 10 18 14 20 20 17 7 22 22 9 5 7 23 23 18 19 12 22 9 19 13 9 5 14 22 13 17 22 14 8 13 14 14 5 14 22 7 22 14 10 23 22 18 18 12 15 5 11 12 17 21 21 21 20 18 6 17 12 10 14 21 16 21 9 25 8 13 7 7
25 21 16 9 11 19 6 10 22 16 11 6 21 15 15 20 19 9 19 17 19 22 17 23 8 6 23 5 12 14 5 14 12 23 24 20 10 10 17 14 19 9 5 19 18 25 12 17 23 12 11 21 23 20 16 24 10 8 15 23 19 14 9 5 7 10 25 14 23 7 22 18 18 18 8 14 7 10 11 19
22 12 7 9 8 24 7 12 21 12 10 20 7 22 21 18 8 24 16 14 12 14 18 21 6 25 18 19 5 5 15 13 22 24 19 24 14 5 11 17 16 17 24 6 11 14 7 9 11 13 24 22 17 8 7 21 9 24 21 21 5 16 14 9 7 15 23 8 18 6 13 5 8 13 12 9 23 23 22 20
7 23 16 22 11 18 23 19 6 20 8 9 16 15 5 18 18 25 22 6 13 21 7 10 7 22 21 18 6 7 23 11 25 6 11 17 7 21 18 15 16 11 20 15 23 12 11 10 9 21 5 24 8 13 12 22 18 15 22 25 7 23 17 5 5 9 11 16 10 8 17 13 9 25 17 8 5 24 20 19
263 263 263 263 263
