5
80
10 45 19 12 36 30 31 23 30 38 15 28 27 10 38 30 23 22 7 12 30 13 8 17 25 35 30 32 41 17 24 32 13 10 13 36 12 10 21 16 30 31 8 7 21 12 26 15 38 20 24 8 44 9 13 26 12 28 12 35 17 21 20 22 19 6 31 16 18 5 10 23 24 17 35 16 28 9 26 17
18 24 16 6 14 23 33 15 16 32 29 12 14 14 5 29 32 25 25 22 12 26 16 16 24 13 15 30 10 24 17 17 24 24 7 21 16 18 9 11 14 15 15 33 44 7 29 8 12 11 13 21 16 39 29 36 10 17 33 31 13 16 17 20 17 38 28 32 36 26 12 24 34 11 38 10 21 28 30 27
12 20 23 10 11 33 25 40 26 20 27 17 48 33 24 39 10 29 27 26 10 15 32 43 23 14 24 26 7 12 18 19 9 19 22 29 20 36 16 40 30 26 12 18 21 32 15 19 23 10 12 9 15 29 24 10 12 9 20 34 31 25 17 29 18 26 17 41 6 37 33 12 37 33 23 31 38 13 49 26
12 27 26 9 17 9 32 9 12 31 33 32 12 18 20 45 18 24 18 20 30 20 36 24 21 16 9 16 15 7 27 26 32 30 23 30 23 28 24 18 27 27 12 6 14 32 33 26 19 26 35 40 25 20 16 13 8 26 29 12 18 13 11 22 19 21 27 7 26 8 16 17 42 21 31 16 25 41 27 5
37 10 38 6 16 17 7 35 38 23 15 35 28 34 29 10 14 23 20 24 10 40 31 15 14 24 29 32 41 25 7 7 19 13 15 27 30 38 10 25 12 23 15 10 10 13 32 17 18 16 18 14 12 23 34 25 18 7 9 8 17 15 18 11 21 11 28 6 7 25 20 18 20 9 34 24 23 29 10 32
18 67 54 32 52 53 33 53 48 57 29 47 35 15 42 43 55 40 14 17 68 20 21 26 32 48 54 58 63 32 55 43 32 21 20 51 20 22 48 34 62 46 22 14 51 24 57 16 51 44 59 11 69 14 22 52 19 45 22 54 32 27 29 43 34 15 55 23 38 16 25 36 43 34 40 28 63 17 66 24
34 29 36 14 29 49 57 34 18 70 38 27 20 21 10 52 58 49 44 50 35 49 45 33 46 18 25 60 15 51 34 35 35 35 12 56 30 45 21 22 21 23 30 75 46 14 69 12 37 13 14 55 37 48 39 53 14 31 52 40 18 46 42 41 19 63 48 59 71 38 27 28 45 20 54 17 30 51 42 61
18 28 34 25 16 49 43 67 46 37 64 34 72 43 47 71 12 57 37 34 21 32 47 48 44 21 34 56 20 18 33 28 12 36 36 66 54 40 38 56 52 54 31 39 44 68 19 26 41 18 25 25 41 63 54 22 30 16 57 49 35 58 19 73 30 52 41 61 18 49 42 18 48 70 43 52 57 34 75 50
16 59 74 14 46 21 50 26 19 53 42 68 12 27 51 69 45 40 39 41 42 28 62 45 27 34 16 17 34 13 48 34 63 46 33 72 52 51 35 43 54 71 19 14 32 50 50 32 30 49 50 60 30 39 34 15 11 54 45 29 43 20 24 37 39 29 32 13 61 18 40 39 53 41 65 30 35 43 57 16
68 27 40 17 38 33 22 50 53 48 19 57 43 39 71 25 24 49 21 37 21 66 48 37 21 39 37 49 72 52 10 20 40 36 26 41 47 57 27 62 14 60 33 15 16 17 38 28 28 37 30 32 15 34 56 49 23 20 27 19 23 29 27 18 21 14 42 17 16 59 37 21 46 18 53 28 45 39 26 48
6 8 11 6 13 6 5 21 10 10 21 6 19 12 7 24 9 18 20 9 17 14 13 22 8 18 25 8 21 8 21 23 17 11 13 9 16 11 21 14 13 23 9 23 10 7 25 5 16 14 19 25 6 11 17 10 14 8 23 23 15 22 16 11 17 6 18 9 23 20 19 20 8 22 5 13 18 10 6 7
25 17 22 25 22 6 22 14 5 18 15 18 9 5 24 14 17 20 25 23 7 24 18 11 14 20 10 22 7 19 18 12 15 8 22 8 16 17 8 19 7 10 16 17 8 25 10 5 24 9 19 8 20 5 23 23 6 15 10 10 25 5 12 6 20 22 16 15 15 11 5 9 6 24 5 5 15 16 12 22
19 25 11 7 5 21 24 11 18 21 18 6 8 10 25 17 12 21 9 25 5 9 7 13 20 25 9 8 8 5 10 20 22 25 22 21 6 12 18 15 16 18 14 16 16 7 21 10 18 23 13 19 5 23 14 18 5 11 21 13 21 13 9 19 8 22 12 10 23 20 11 12 5 24 23 5 19 21 10 17
21 13 5 22 13 12 12 14 15 14 19 8 24 9 5 18 10 18 13 20 7 8 11 23 5 22 18 6 6 6 9 6 21 12 8 17 21 13 16 12 18 13 7 24 25 14 16 19 14 8 23 14 13 19 15 8 14 8 16 6 25 11 21 11 12 7 12 9 18 8 24 25 18 23 18 9 6 21 7 23
25 17 22 20 5 21 25 11 24 13 22 19 13 13 13 24 9 21 12 7 9 15 20 23 18 25 8 19 9 13 12 14 22 22 22 25 8 16 9 16 25 14 5 16 10 23 23 18 19 25 12 19 17 20 18 23 13 15 23 25 7 6 8 18 23 8 15 17 23 18 23 8 22 23 25 11 10 19 9 10
281 281 281 281 281
