5
80
28 9 19 14 18 35 27 27 40 31 23 38 47 19 28 10 22 12 11 45 11 43 12 35 32 39 23 43 47 37 13 36 39 21 40 11 30 10 44 47 22 43 28 38 25 11 38 31 41 13 16 24 24 25 44 20 45 14 44 23 16 38 26 9 20 35 38 15 17 21 38 43 13 30 41 32 11 35 17 46
43 18 43 17 14 17 13 45 25 18 23 21 26 34 15 28 19 11 17 46 41 13 11 19 28 31 12 13 23 41 34 32 18 45 33 12 42 43 11 38 36 35 16 37 43 32 49 9 24 32 49 15 41 25 24 44 45 20 30 12 23 46 48 45 48 23 44 28 44 39 26 15 39 37 14 18 39 17 43 33
21 15 27 19 35 40 36 44 25 44 25 31 24 19 15 22 16 16 43 22 34 41 18 37 13 12 21 10 41 39 14 14 36 20 22 11 30 32 48 18 44 41 32 28 46 15 41 29 41 26 44 15 15 29 37 18 48 14 15 48 11 22 26 42 32 40 32 19 20 18 39 10 20 11 16 43 10 39 37 45
28 45 28 42 18 42 31 48 27 37 22 17 46 13 38 40 21 18 35 39 36 23 39 21 44 30 26 43 45 39 43 23 41 11 34 24 30 20 36 39 35 25 10 45 38 12 19 19 34 44 47 34 21 31 15 29 19 23 14 33 44 27 38 26 9 35 35 28 29 12 22 27 24 15 23 14 39 44 33 26
24 19 27 30 38 27 21 40 27 19 18 23 14 38 17 14 22 16 13 22 31 46 11 41 10 33 14 20 9 29 37 35 13 30 26 34 45 49 44 29 32 43 10 23 27 43 11 20 32 38 42 44 41 13 38 33 17 43 19 36 19 38 34 26 12 38 27 12 44 36 10 14 24 40 15 9 38 42 43 34
28 12 23 15 18 41 29 31 41 34 25 42 55 21 33 11 27 14 11 50 11 45 14 38 34 42 28 47 47 40 14 39 44 22 44 13 33 12 47 50 25 47 31 44 27 13 40 35 45 14 18 27 25 29 49 23 49 15 51 24 18 43 27 11 23 41 45 18 18 25 40 46 15 31 44 35 13 38 19 53
48 19 48 18 14 19 14 47 25 19 26 26 28 38 17 32 20 12 18 55 46 16 11 21 33 33 14 14 23 42 41 39 18 54 38 12 43 51 13 38 45 38 17 39 46 33 49 11 24 35 51 15 48 29 27 53 52 24 32 15 28 53 53 50 49 27 50 31 47 48 29 17 47 41 16 23 39 17 45 35
24 17 30 19 40 45 37 49 30 46 28 33 26 20 18 26 16 16 49 24 41 47 20 43 16 13 24 12 46 44 16 15 36 20 24 12 34 32 49 21 51 45 37 30 52 15 46 31 42 26 45 16 18 34 43 19 50 14 17 55 12 24 28 46 35 44 38 23 22 21 42 11 23 13 17 46 10 41 41 50
30 48 28 50 20 44 35 53 32 41 26 19 48 14 44 46 22 20 37 44 37 25 44 25 50 32 29 49 49 44 46 24 46 12 35 25 32 21 42 44 41 28 10 49 41 15 23 22 37 47 49 36 24 36 16 33 22 23 15 38 47 32 42 29 12 39 37 33 33 14 24 30 25 18 27 15 44 49 39 27
28 20 30 31 39 32 22 45 32 24 18 25 15 43 18 17 24 19 13 27 36 50 13 43 13 34 15 22 11 32 41 40 15 34 29 37 48 53 49 34 38 46 10 26 28 47 13 21 38 38 49 50 47 13 39 37 18 47 21 39 23 42 36 30 14 41 27 14 53 39 12 16 28 45 18 11 41 42 44 39
9 9 14 24 11 16 8 19 20 14 14 11 14 24 5 12 11 15 13 10 17 9 13 20 24 13 8 18 8 24 5 10 16 14 23 7 24 9 12 18 20 25 22 23 24 14 17 22 19 20 10 15 13 6 24 5 15 7 7 12 17 18 20 11 20 12 10 8 23 9 17 9 5 24 14 23 7 24 25 15
9 9 11 13 12 25 16 16 19 20 23 10 18 14 20 20 17 7 22 22 9 5 7 23 23 18 19 12 22 9 19 13 9 5 14 22 13 17 22 14 8 13 14 14 5 14 22 7 22 14 10 23 22 18 18 12 15 5 11 12 17 21 21 21 20 18 6 17 12 10 14 21 16 21 9 25 8 13 7 7
25 21 16 9 11 19 6 10 22 16 11 6 21 15 15 20 19 9 19 17 19 22 17 23 8 6 23 5 12 14 5 14 12 23 24 20 10 10 17 14 19 9 5 19 18 25 12 17 23 12 11 21 23 20 16 24 10 8 15 23 19 14 9 5 7 10 25 14 23 7 22 18 18 18 8 14 7 10 11 19
22 12 7 9 8 24 7 12 21 12 10 20 7 22 21 18 8 24 16 14 12 14 18 21 6 25 18 19 5 5 15 13 22 24 19 24 14 5 11 17 16 17 24 6 11 14 7 9 11 13 24 22 17 8 7 21 9 24 21 21 5 16 14 9 7 15 23 8 18 6 13 5 8 13 12 9 23 23 22 20
7 23 16 22 11 18 23 19 6 20 8 9 16 15 5 18 18 25 22 6 13 21 7 10 7 22 21 18 6 7 23 11 25 6 11 17 7 21 18 15 16 11 20 15 23 12 11 10 9 21 5 24 8 13 12 22 18 15 22 25 7 23 17 5 5 9 11 16 10 8 17 13 9 25 17 8 5 24 20 19
263 263 263 263 263
