5
40
36 19 9 37 31 48 23 32 41 22 21 36 42 37 33 48 18 14 26 42 34 27 17 11 11 18 46 25 44 13 43 32 32 33 15 25 13 19 19 36
40 22 14 16 14 48 13 23 36 21 18 38 12 39 42 34 15 45 29 26 24 26 32 37 11 47 36 37 10 9 30 23 43 45 36 47 28 9 19 33
31 31 44 12 23 26 14 18 22 24 46 44 30 16 13 40 16 44 40 41 9 29 26 17 15 29 45 13 34 11 26 10 15 25 22 16 41 41 43 37
13 46 30 42 21 33 41 37 11 39 15 18 30 30 10 35 33 46 39 11 27 41 14 17 13 42 40 33 12 13 45 20 44 12 21 34 13 40 32 29
30 21 35 26 41 23 20 19 17 37 9 47 16 26 24 43 33 27 42 45 15 45 30 10 9 17 23 31 18 16 32 25 18 49 33 16 9 42 35 38
37 20 12 38 37 53 25 34 47 24 22 42 51 41 33 52 20 16 31 47 39 29 20 12 13 20 51 29 48 15 44 38 35 39 16 29 13 21 22 39
44 25 15 17 16 49 16 25 45 26 21 41 15 47 46 37 16 51 34 29 27 30 38 43 12 51 37 39 10 12 33 28 46 49 40 49 29 11 23 34
33 36 48 12 25 30 15 18 24 28 47 44 36 18 15 43 18 49 46 44 12 34 31 18 16 31 48 15 37 13 28 10 17 27 24 18 48 49 46 41
15 50 35 44 23 39 46 39 13 43 18 19 32 31 10 36 36 51 46 12 27 45 15 19 15 44 43 38 13 16 46 23 49 13 23 36 14 45 39 31
33 24 40 29 47 23 22 19 19 46 12 52 18 27 24 47 39 30 48 52 15 48 35 11 12 17 25 33 23 18 35 29 19 54 35 17 10 51 39 40
9 9 14 24 11 16 8 19 20 14 14 11 14 24 5 12 11 15 13 10 17 9 13 20 24 13 8 18 8 24 5 10 16 14 23 7 24 9 12 18
20 25 22 23 24 14 17 22 19 20 10 15 13 6 24 5 15 7 7 12 17 18 20 11 20 12 10 8 23 9 17 9 5 24 14 23 7 24 25 15
9 9 11 13 12 25 16 16 19 20 23 10 18 14 20 20 17 7 22 22 9 5 7 23 23 18 19 12 22 9 19 13 9 5 14 22 13 17 22 14
8 13 14 14 5 14 22 7 22 14 10 23 22 18 18 12 15 5 11 12 17 21 21 21 20 18 6 17 12 10 14 21 16 21 9 25 8 13 7 7
25 21 16 9 11 19 6 10 22 16 11 6 21 15 15 20 19 9 19 17 19 22 17 23 8 6 23 5 12 14 5 14 12 23 24 20 10 10 17 14
129 129 129 129 129
