5
80
14 11 26 23 46 13 18 43 36 32 28 22 16 12 25 18 11 11 23 33 23 49 15 28 34 30 47 36 9 35 18 27 30 25 37 48 29 45 35 45 42 32 41 11 35 29 44 27 15 15 44 23 17 18 49 15 22 30 30 13 35 36 19 30 23 29 44 41 38 29 33 29 44 46 36 9 18 27 44 33
41 25 35 44 16 17 31 29 25 38 36 37 27 25 36 36 11 15 38 39 45 10 29 46 10 37 42 32 40 42 9 38 15 18 29 15 29 35 24 16 38 42 25 33 20 9 39 19 22 23 31 14 19 32 15 38 10 21 40 46 26 14 26 26 13 34 11 17 24 45 27 18 33 39 22 26 47 10 20 31
28 10 40 41 48 38 31 15 44 28 10 32 37 12 27 43 26 23 34 13 32 32 44 30 19 31 47 20 15 36 11 14 39 31 23 49 37 29 48 37 15 37 30 36 20 20 36 40 36 21 33 15 13 22 10 12 37 23 40 40 23 41 35 29 11 39 29 44 15 41 11 50 21 19 31 10 28 44 17 27
24 18 13 32 22 47 44 11 39 43 38 24 35 39 26 14 19 17 36 39 36 30 44 28 29 27 36 44 25 20 16 46 31 28 11 36 31 10 30 26 10 31 16 34 23 27 36 40 42 44 34 48 42 36 32 48 46 39 41 14 16 40 21 20 22 43 45 36 14 29 28 32 14 32 23 17 15 17 20 13
20 22 30 45 28 39 45 13 27 43 11 17 23 22 26 47 28 36 27 19 48 19 18 32 19 15 23 41 41 20 19 42 43 43 39 13 30 23 33 35 32 48 45 43 36 48 47 9 30 49 44 44 41 22 9 41 30 32 18 22 39 13 45 9 34 18 46 48 38 17 43 34 9 9 20 13 30 35 13 48
16 12 29 26 51 13 22 45 37 36 30 23 18 13 25 18 13 13 26 37 24 53 16 33 39 31 51 38 11 36 22 30 36 29 42 52 34 49 38 45 51 32 45 12 41 31 50 29 17 17 50 27 19 20 53 18 24 33 33 13 41 39 20 33 24 34 51 46 40 31 34 29 49 53 38 12 20 29 48 37
48 25 39 47 17 18 32 31 28 43 43 40 29 28 45 42 12 16 40 46 49 10 32 52 11 44 50 35 45 49 12 39 18 19 30 17 33 40 28 17 42 44 27 38 21 11 40 23 26 25 31 17 21 35 17 40 12 22 42 52 29 15 28 29 15 39 11 17 25 48 29 19 36 44 24 26 50 10 23 36
32 13 42 46 52 42 32 17 49 30 11 36 44 15 28 45 29 25 34 16 39 35 48 33 21 34 51 21 17 38 11 16 44 34 26 50 37 33 52 42 18 44 33 43 25 24 40 44 43 23 38 18 14 24 13 15 37 24 46 44 23 44 41 29 13 41 35 48 15 42 13 54 24 20 35 11 31 46 18 31
28 20 14 35 22 51 51 12 39 46 47 24 38 43 28 16 21 18 39 41 44 33 46 31 33 32 41 51 29 23 18 50 33 32 11 37 36 10 34 30 12 36 16 36 26 28 39 45 47 45 36 50 48 44 35 52 53 45 43 16 17 46 22 23 25 46 50 41 16 34 30 32 17 32 28 19 15 19 22 14
24 27 32 51 31 39 48 16 30 46 11 19 24 25 29 50 30 40 33 22 52 21 20 36 21 16 25 46 46 23 20 50 46 48 39 13 34 26 36 42 37 50 48 51 41 51 49 11 35 51 46 46 46 26 10 43 31 36 20 23 45 16 47 12 37 18 52 55 43 17 51 36 10 11 20 16 34 40 15 51
16 8 18 15 13 18 20 13 15 5 20 23 16 22 25 15 20 18 18 17 11 24 6 18 15 18 16 6 13 22 25 19 15 5 10 8 21 10 8 25 24 14 12 21 7 19 6 6 9 5 20 21 14 20 21 24 16 11 16 16 25 20 21 15 8 13 8 11 10 19 17 9 8 18 17 6 18 8 18 25
17 6 24 15 22 25 18 10 17 19 10 13 19 12 19 16 6 14 21 6 17 11 14 8 9 23 5 9 17 6 16 22 21 19 12 25 7 11 11 8 6 23 5 7 25 21 20 24 18 23 6 19 11 5 16 22 5 5 17 21 7 20 24 7 18 12 16 15 21 24 21 9 8 14 12 10 25 16 8 20
5 23 5 15 22 12 6 12 7 14 16 11 13 7 8 17 20 6 11 11 6 18 11 8 5 18 8 13 17 24 17 8 11 12 9 23 11 13 12 25 5 8 12 13 9 17 7 23 15 15 19 25 5 22 14 18 14 7 16 10 19 18 23 14 11 18 11 10 19 22 10 23 5 18 23 21 12 9 20 22
9 20 9 22 18 14 8 14 8 10 7 16 22 5 12 22 17 19 14 7 21 23 20 14 9 5 11 10 10 18 15 9 22 17 15 14 16 24 18 15 18 24 18 6 14 24 14 21 18 5 6 5 10 9 9 6 14 24 6 18 10 5 6 24 10 11 18 13 11 11 13 18 9 15 10 18 20 21 7 18
20 20 20 18 15 9 11 7 15 17 25 21 15 5 14 25 8 20 5 13 9 10 10 23 25 5 12 8 21 18 14 25 24 13 17 16 21 21 7 8 22 20 7 18 23 25 25 12 5 12 11 7 14 25 13 10 23 5 20 20 12 5 24 11 8 10 24 18 6 12 22 21 22 20 23 10 9 19 10 7
279 279 279 279 279
