5
40
36 32 33 13 14 35 15 12 26 15 28 45 33 42 20 30 11 29 28 44 26 43 24 46 36 21 42 11 18 25 36 31 42 30 12 15 43 20 20 23
44 19 10 27 21 33 40 40 31 30 22 20 14 45 17 37 13 29 24 14 39 27 28 24 34 31 18 48 12 40 25 15 30 44 17 29 38 31 40 43
46 28 36 37 17 34 15 43 28 43 35 43 44 39 11 23 40 36 17 28 30 27 19 20 18 37 37 12 38 40 12 31 11 17 30 17 16 31 16 46
46 33 41 40 17 31 20 34 10 45 22 12 31 9 15 19 28 17 35 49 15 41 23 32 11 21 32 42 26 34 33 40 30 47 33 16 19 33 17 23
33 10 28 36 30 34 23 10 28 18 11 13 17 46 14 32 34 38 30 9 19 23 41 42 45 27 42 37 30 24 20 45 38 18 25 29 30 12 32 16
42 37 39 14 14 38 18 15 31 17 32 52 39 45 24 34 12 31 35 50 26 51 25 50 45 23 42 12 19 28 41 33 43 34 12 15 48 21 21 25
45 19 11 29 24 36 45 43 36 33 25 22 15 51 17 37 13 33 29 16 44 31 32 27 38 35 19 51 14 43 26 16 33 45 18 36 45 36 44 47
50 30 40 39 17 41 17 49 30 43 41 45 49 45 13 25 45 45 19 35 33 32 24 20 21 42 40 14 44 45 13 36 13 20 31 18 17 38 18 47
53 35 46 48 19 34 22 37 12 47 26 13 33 12 16 23 31 20 38 54 16 46 27 34 13 23 36 48 30 40 34 43 37 51 37 17 22 35 20 24
39 12 28 40 33 36 24 10 32 19 13 15 19 49 16 33 39 41 31 12 21 26 48 49 50 34 44 43 34 26 21 52 46 19 26 36 30 13 35 17
19 20 10 14 12 13 20 19 11 22 6 25 15 24 16 20 19 24 8 25 8 24 14 21 12 21 6 20 8 11 20 10 12 9 18 8 7 15 5 25
13 11 20 24 17 19 16 15 14 12 11 8 5 9 24 6 12 16 19 7 8 24 6 8 7 18 11 11 20 12 14 24 21 25 12 19 12 15 12 16
12 16 23 13 15 13 22 22 9 18 9 12 8 20 14 6 11 17 13 9 9 13 18 13 12 16 6 24 14 7 24 7 11 23 18 9 17 9 24 11
9 18 13 7 23 17 25 20 10 9 10 12 15 17 15 7 19 11 14 13 16 22 16 15 22 11 20 5 7 20 9 22 14 17 16 10 22 10 24 25
24 10 20 11 10 12 10 24 13 9 10 22 5 16 19 5 15 13 14 13 18 23 8 20 22 7 25 17 11 21 6 20 9 25 21 18 6 21 12 20
148 148 148 148 148
