5
40
9 15 19 15 15 30 11 41 21 26 31 31 11 30 15 22 17 9 30 18 24 23 38 15 10 28 17 16 37 26 13 37 6 21 24 38 24 9 21 37
9 35 12 32 24 27 9 17 11 18 14 29 31 5 19 29 29 25 25 7 34 27 27 19 13 9 20 19 14 25 17 14 32 33 30 25 33 32 19 20
33 44 20 9 25 43 22 21 23 8 10 11 14 14 10 12 17 32 7 24 19 5 12 40 13 14 22 21 20 13 24 34 15 25 9 32 39 35 11 35
20 33 32 18 26 14 15 14 23 20 35 24 15 8 23 49 14 39 5 16 14 17 14 32 44 10 21 10 37 18 22 31 45 26 31 23 36 36 10 12
40 25 11 25 30 40 37 15 9 13 14 9 29 42 15 17 26 6 23 34 16 8 29 14 15 11 42 24 6 19 23 22 42 32 24 11 13 33 20 7
11 18 24 28 24 39 21 59 38 36 41 56 13 57 39 35 32 15 35 23 44 44 56 31 22 54 24 25 39 52 26 65 15 55 62 43 25 22 40 64
25 54 18 46 50 33 24 31 17 29 15 33 54 14 33 50 41 52 32 19 62 55 60 40 25 16 23 28 28 51 32 21 60 35 45 30 37 62 37 33
46 60 45 15 40 58 37 51 47 14 17 15 29 18 20 12 36 57 13 35 26 15 16 48 27 22 38 32 27 34 35 48 21 45 22 36 56 54 16 42
42 52 44 50 33 26 34 21 32 44 72 51 39 12 31 61 23 54 13 30 25 26 25 55 63 10 24 19 50 42 34 71 63 33 47 35 46 61 17 20
64 53 17 49 52 69 49 27 15 34 23 19 39 62 28 22 54 10 57 49 26 10 63 27 22 25 55 43 15 25 58 51 52 59 52 20 24 46 27 20
16 8 18 15 13 18 20 13 15 5 20 23 16 22 25 15 20 18 18 17 11 24 6 18 15 18 16 6 13 22 25 19 15 5 10 8 21 10 8 25
24 14 12 21 7 19 6 6 9 5 20 21 14 20 21 24 16 11 16 16 25 20 21 15 8 13 8 11 10 19 17 9 8 18 17 6 18 8 18 25
17 6 24 15 22 25 18 10 17 19 10 13 19 12 19 16 6 14 21 6 17 11 14 8 9 23 5 9 17 6 16 22 21 19 12 25 7 11 11 8
6 23 5 7 25 21 20 24 18 23 6 19 11 5 16 22 5 5 17 21 7 20 24 7 18 12 16 15 21 24 21 9 8 14 12 10 25 16 8 20
5 23 5 15 22 12 6 12 7 14 16 11 13 7 8 17 20 6 11 11 6 18 11 8 5 18 8 13 17 24 17 8 11 12 9 23 11 13 12 25
130 130 130 130 130
