5
80
10 10 18 17 31 6 18 44 36 21 25 17 13 7 16 12 8 7 23 29 23 49 11 20 25 17 42 35 9 21 14 14 31 21 30 39 23 37 33 34 36 17 29 10 31 19 31 20 12 12 36 20 17 10 37 8 16 21 26 12 38 25 18 26 13 21 43 31 26 28 30 17 28 43 18 10 14 29 22 24
30 18 35 31 8 9 30 18 23 34 37 33 17 28 29 36 8 14 27 30 38 10 29 49 5 25 32 29 26 23 10 21 11 16 26 13 18 31 20 14 37 22 24 21 20 10 28 16 20 19 21 11 13 25 15 36 10 13 27 50 17 9 19 22 8 18 8 10 14 29 23 14 23 27 13 13 33 9 11 32
27 7 35 38 24 27 31 10 39 24 6 16 33 8 23 23 15 17 21 9 28 23 32 31 16 19 49 12 9 21 5 9 35 27 14 27 25 19 27 26 10 40 28 33 22 15 22 26 29 17 34 14 8 17 6 9 28 11 38 29 15 44 29 18 12 39 24 45 14 27 9 49 18 16 26 11 15 40 8 24
13 14 14 27 21 46 49 8 37 33 23 13 28 24 23 8 18 13 28 32 35 26 31 30 29 24 39 42 15 19 15 24 25 21 5 35 34 8 34 27 6 18 11 30 13 19 33 40 38 29 30 29 22 36 24 45 36 24 34 9 8 34 18 16 13 22 23 34 15 28 17 32 11 30 14 10 8 10 15 11
18 22 23 24 21 32 39 7 22 37 9 17 18 22 16 23 25 29 19 17 40 20 14 17 16 11 19 42 23 12 18 36 43 34 34 8 25 24 25 33 33 47 41 46 31 38 36 7 27 35 27 33 40 24 9 26 20 34 9 16 24 8 47 8 21 16 38 43 24 17 29 34 7 10 15 10 25 33 7 28
20 15 42 29 72 15 30 60 53 43 33 26 17 16 27 27 17 14 35 49 33 71 17 33 46 41 70 57 11 45 21 34 43 29 58 57 42 56 53 58 47 47 67 11 44 39 48 40 19 17 60 31 18 21 50 24 26 41 41 18 40 40 28 49 29 36 70 53 45 33 48 39 73 69 48 15 20 36 59 38
58 37 49 50 22 25 43 40 34 44 44 45 39 34 45 41 15 22 41 64 48 13 40 71 15 50 51 39 53 57 14 53 23 23 42 20 44 49 36 23 59 42 25 43 21 10 40 26 24 27 40 18 26 39 25 49 16 26 42 75 38 16 32 28 15 53 12 23 25 45 39 18 47 50 35 38 67 12 32 47
46 18 56 48 52 40 42 23 69 33 11 41 46 16 31 47 33 34 42 15 41 41 55 42 27 45 63 25 21 52 16 23 55 40 37 56 43 38 62 48 19 49 42 51 24 23 45 51 54 22 54 20 19 31 18 19 38 23 58 61 31 66 38 32 13 55 39 55 18 60 16 61 25 21 41 11 43 60 20 36
32 21 19 49 22 63 51 18 58 66 45 25 54 46 34 17 21 25 52 47 47 39 51 33 37 39 43 66 39 27 22 51 40 35 13 47 46 14 39 39 15 35 21 41 29 27 57 45 54 66 47 69 46 47 44 63 70 51 63 21 20 63 24 25 23 55 60 42 18 43 33 47 23 35 33 28 21 21 31 14
33 37 38 60 39 43 59 21 38 67 13 20 30 30 40 65 36 50 44 28 64 23 26 45 28 24 26 52 55 30 19 58 68 50 50 15 44 30 43 45 43 57 50 65 50 66 70 10 48 66 49 54 62 31 11 45 31 44 24 29 55 20 66 13 47 24 75 59 49 17 48 46 13 14 22 18 37 43 17 68
16 8 18 15 13 18 20 13 15 5 20 23 16 22 25 15 20 18 18 17 11 24 6 18 15 18 16 6 13 22 25 19 15 5 10 8 21 10 8 25 24 14 12 21 7 19 6 6 9 5 20 21 14 20 21 24 16 11 16 16 25 20 21 15 8 13 8 11 10 19 17 9 8 18 17 6 18 8 18 25
17 6 24 15 22 25 18 10 17 19 10 13 19 12 19 16 6 14 21 6 17 11 14 8 9 23 5 9 17 6 16 22 21 19 12 25 7 11 11 8 6 23 5 7 25 21 20 24 18 23 6 19 11 5 16 22 5 5 17 21 7 20 24 7 18 12 16 15 21 24 21 9 8 14 12 10 25 16 8 20
5 23 5 15 22 12 6 12 7 14 16 11 13 7 8 17 20 6 11 11 6 18 11 8 5 18 8 13 17 24 17 8 11 12 9 23 11 13 12 25 5 8 12 13 9 17 7 23 15 15 19 25 5 22 14 18 14 7 16 10 19 18 23 14 11 18 11 10 19 22 10 23 5 18 23 21 12 9 20 22
9 20 9 22 18 14 8 14 8 10 7 16 22 5 12 22 17 19 14 7 21 23 20 14 9 5 11 10 10 18 15 9 22 17 15 14 16 24 18 15 18 24 18 6 14 24 14 21 18 5 6 5 10 9 9 6 14 24 6 18 10 5 6 24 10 11 18 13 11 11 13 18 9 15 10 18 20 21 7 18
20 20 20 18 15 9 11 7 15 17 25 21 15 5 14 25 8 20 5 13 9 10 10 23 25 5 12 8 21 18 14 25 24 13 17 16 21 21 7 8 22 20 7 18 23 25 25 12 5 12 11 7 14 25 13 10 23 5 20 20 12 5 24 11 8 10 24 18 6 12 22 21 22 20 23 10 9 19 10 7
279 279 279 279 279
