5
40
39 32 28 9 10 37 12 11 23 14 31 40 35 40 23 29 11 27 28 41 19 40 24 47 31 17 37 11 17 27 37 26 37 28 12 14 38 16 20 22
34 15 10 23 20 28 38 34 31 26 18 16 11 46 15 29 12 27 21 12 34 24 24 23 29 31 19 43 12 42 24 14 25 44 17 24 38 31 42 41
38 25 33 37 14 29 14 38 21 39 31 36 43 36 13 18 35 30 18 27 31 31 22 15 18 35 33 12 39 40 9 27 12 15 28 13 17 27 18 40
50 25 40 36 14 30 19 31 9 37 23 12 25 11 13 16 21 17 34 43 12 37 24 31 9 19 28 37 21 30 26 43 31 39 28 12 19 30 19 19
32 12 22 29 31 29 23 10 31 14 10 12 18 47 11 29 35 38 26 10 16 18 42 46 41 30 42 34 31 24 20 48 32 15 23 26 25 10 25 17
40 35 39 16 17 38 21 14 36 18 35 60 45 45 28 36 11 31 40 54 32 50 30 53 49 26 50 11 18 30 50 34 47 37 12 18 56 22 22 26
55 19 10 29 28 36 48 42 43 32 27 27 18 56 20 43 14 38 30 18 45 35 30 26 35 39 20 49 14 46 29 17 33 48 18 39 42 41 48 55
50 35 46 44 21 46 17 54 28 44 46 43 57 43 16 29 48 49 21 35 33 33 26 20 24 42 43 15 50 55 15 40 13 23 32 17 21 36 18 49
55 33 46 51 20 31 25 36 14 54 29 14 33 11 16 25 33 19 35 50 16 49 32 41 15 23 37 52 30 41 40 46 35 58 41 18 25 36 21 25
36 14 33 43 31 36 27 11 32 20 12 17 19 54 18 33 47 45 38 12 25 30 53 50 51 38 44 50 37 28 25 52 47 18 30 38 33 16 39 21
19 20 10 14 12 13 20 19 11 22 6 25 15 24 16 20 19 24 8 25 8 24 14 21 12 21 6 20 8 11 20 10 12 9 18 8 7 15 5 25
13 11 20 24 17 19 16 15 14 12 11 8 5 9 24 6 12 16 19 7 8 24 6 8 7 18 11 11 20 12 14 24 21 25 12 19 12 15 12 16
12 16 23 13 15 13 22 22 9 18 9 12 8 20 14 6 11 17 13 9 9 13 18 13 12 16 6 24 14 7 24 7 11 23 18 9 17 9 24 11
9 18 13 7 23 17 25 20 10 9 10 12 15 17 15 7 19 11 14 13 16 22 16 15 22 11 20 5 7 20 9 22 14 17 16 10 22 10 24 25
24 10 20 11 10 12 10 24 13 9 10 22 5 16 19 5 15 13 14 13 18 23 8 20 22 7 25 17 11 21 6 20 9 25 21 18 6 21 12 20
148 148 148 148 148
