5
80
10 41 37 24 38 42 31 40 38 38 19 40 28 10 40 36 37 33 11 11 43 18 12 23 32 38 44 40 45 25 39 33 22 13 12 37 18 17 31 21 48 29 17 9 33 21 39 15 41 36 38 9 46 11 19 36 11 38 15 41 30 25 24 28 26 13 36 20 33 10 18 28 31 21 38 26 38 15 40 18
25 21 25 9 22 29 46 25 15 49 34 18 16 13 10 49 48 31 41 37 24 43 28 22 32 13 18 44 11 38 20 30 30 22 9 36 20 29 16 15 20 22 23 50 42 10 43 11 25 11 12 39 27 40 28 39 9 30 31 32 16 30 35 28 19 47 43 47 48 31 20 23 37 13 37 16 19 42 38 39
11 26 32 18 9 30 32 42 30 31 45 26 44 35 29 47 12 35 35 30 14 28 45 43 41 19 30 36 12 12 25 23 11 22 27 47 34 33 29 47 36 48 22 28 39 42 16 25 32 13 18 18 30 46 47 16 23 13 38 46 35 35 17 49 19 40 28 41 11 39 29 14 44 49 36 45 46 25 47 31
14 44 50 9 32 15 32 16 15 42 36 48 12 16 37 47 28 30 26 38 29 21 49 37 24 25 13 16 30 11 31 25 42 36 27 46 38 41 28 33 42 48 15 10 24 36 45 28 18 38 36 38 24 26 26 14 9 33 38 22 26 16 16 36 32 28 25 12 42 12 27 23 42 33 50 29 27 42 40 11
42 20 34 11 30 30 14 37 37 30 14 42 28 36 44 21 17 33 18 27 12 40 37 28 18 33 26 38 46 42 10 13 34 24 22 39 45 35 18 40 12 37 27 10 13 16 33 20 22 31 25 25 14 32 42 36 19 14 18 15 17 27 24 15 19 10 39 10 12 38 27 16 29 14 39 27 37 37 19 38
12 49 40 26 40 45 31 41 40 39 22 46 30 13 44 41 39 35 11 14 51 18 14 26 33 40 48 44 48 30 44 35 24 16 14 39 18 20 32 23 52 34 17 10 35 23 42 17 42 37 44 11 50 13 19 38 14 40 17 45 30 26 27 29 26 14 38 20 40 11 21 34 35 24 41 27 45 18 44 20
25 24 28 10 22 35 51 26 16 54 36 18 16 15 10 53 49 36 45 39 25 47 35 23 35 16 21 50 12 41 24 30 33 27 11 42 22 35 16 16 22 23 26 52 46 10 47 12 27 13 14 42 32 43 31 41 11 33 35 36 18 34 37 34 19 47 48 53 49 31 21 27 44 15 44 17 23 48 38 43
12 28 34 20 12 35 35 47 33 34 47 28 51 41 34 50 13 41 37 31 16 29 47 48 43 20 32 41 14 14 25 26 13 26 31 51 40 39 36 50 39 50 25 29 45 46 19 26 34 13 20 19 32 53 48 18 25 16 41 50 37 42 18 53 23 44 31 44 13 40 33 17 51 54 40 54 51 26 50 37
16 51 53 12 37 17 35 18 16 45 45 53 12 19 41 49 34 32 30 38 35 24 49 42 25 27 15 17 31 11 36 26 46 43 28 52 39 44 31 37 44 54 17 11 27 38 49 29 23 45 40 42 25 27 30 16 11 39 41 23 30 17 17 38 34 28 28 13 48 12 33 28 47 40 50 29 32 46 45 11
51 22 39 14 32 31 15 37 40 36 17 46 31 38 52 22 20 39 23 31 15 48 43 30 21 37 30 38 52 42 10 14 36 26 23 42 47 40 21 44 14 40 30 10 15 18 38 22 23 33 28 25 15 32 46 44 20 15 20 16 18 28 26 17 22 12 45 12 14 44 30 19 34 16 45 30 41 39 23 44
6 8 11 6 13 6 5 21 10 10 21 6 19 12 7 24 9 18 20 9 17 14 13 22 8 18 25 8 21 8 21 23 17 11 13 9 16 11 21 14 13 23 9 23 10 7 25 5 16 14 19 25 6 11 17 10 14 8 23 23 15 22 16 11 17 6 18 9 23 20 19 20 8 22 5 13 18 10 6 7
25 17 22 25 22 6 22 14 5 18 15 18 9 5 24 14 17 20 25 23 7 24 18 11 14 20 10 22 7 19 18 12 15 8 22 8 16 17 8 19 7 10 16 17 8 25 10 5 24 9 19 8 20 5 23 23 6 15 10 10 25 5 12 6 20 22 16 15 15 11 5 9 6 24 5 5 15 16 12 22
19 25 11 7 5 21 24 11 18 21 18 6 8 10 25 17 12 21 9 25 5 9 7 13 20 25 9 8 8 5 10 20 22 25 22 21 6 12 18 15 16 18 14 16 16 7 21 10 18 23 13 19 5 23 14 18 5 11 21 13 21 13 9 19 8 22 12 10 23 20 11 12 5 24 23 5 19 21 10 17
21 13 5 22 13 12 12 14 15 14 19 8 24 9 5 18 10 18 13 20 7 8 11 23 5 22 18 6 6 6 9 6 21 12 8 17 21 13 16 12 18 13 7 24 25 14 16 19 14 8 23 14 13 19 15 8 14 8 16 6 25 11 21 11 12 7 12 9 18 8 24 25 18 23 18 9 6 21 7 23
25 17 22 20 5 21 25 11 24 13 22 19 13 13 13 24 9 21 12 7 9 15 20 23 18 25 8 19 9 13 12 14 22 22 22 25 8 16 9 16 25 14 5 16 10 23 23 18 19 25 12 19 17 20 18 23 13 15 23 25 7 6 8 18 23 8 15 17 23 18 23 8 22 23 25 11 10 19 9 10
281 281 281 281 281
