5
40
33 19 10 30 26 47 21 32 45 20 17 38 45 30 24 36 18 12 25 41 30 23 16 8 13 15 39 28 45 12 43 36 31 32 14 26 11 15 19 37
37 21 11 12 16 37 13 23 34 19 17 35 13 41 33 27 13 42 24 23 20 22 28 39 10 41 33 33 9 8 22 25 39 45 34 40 23 8 19 28
24 29 37 11 23 26 11 13 19 26 45 36 30 14 11 31 17 35 35 41 8 23 23 18 12 25 33 11 33 11 21 10 16 22 20 18 42 42 40 31
13 35 32 32 23 33 42 36 13 37 12 16 28 22 8 29 34 42 37 11 26 33 11 15 12 36 42 34 12 12 33 18 42 10 18 31 10 38 33 24
31 16 35 23 37 19 15 15 15 32 10 43 16 19 23 40 29 27 40 48 11 38 31 7 9 14 20 24 17 14 24 27 14 43 29 14 7 38 36 36
41 23 12 45 35 50 28 34 55 27 24 43 48 48 41 55 20 19 32 54 40 31 20 11 14 21 49 30 57 14 50 44 43 42 19 35 14 25 26 43
45 30 17 17 19 53 15 27 46 25 24 49 17 48 44 36 20 56 38 33 28 29 35 47 14 60 45 46 12 13 31 26 53 56 44 54 29 10 26 34
36 36 47 15 28 28 14 21 27 31 58 54 41 18 16 44 18 56 50 46 11 34 36 20 17 31 45 15 39 13 30 12 17 28 30 18 52 53 50 45
15 54 38 47 28 42 48 39 14 42 20 21 36 37 10 39 38 60 44 15 29 42 17 19 17 44 47 37 16 15 50 23 59 14 24 34 14 51 36 32
37 25 42 33 54 28 22 20 22 46 13 56 21 27 26 51 37 37 44 52 15 48 35 12 13 18 27 38 24 19 35 30 21 62 35 20 11 57 39 40
9 9 14 24 11 16 8 19 20 14 14 11 14 24 5 12 11 15 13 10 17 9 13 20 24 13 8 18 8 24 5 10 16 14 23 7 24 9 12 18
20 25 22 23 24 14 17 22 19 20 10 15 13 6 24 5 15 7 7 12 17 18 20 11 20 12 10 8 23 9 17 9 5 24 14 23 7 24 25 15
9 9 11 13 12 25 16 16 19 20 23 10 18 14 20 20 17 7 22 22 9 5 7 23 23 18 19 12 22 9 19 13 9 5 14 22 13 17 22 14
8 13 14 14 5 14 22 7 22 14 10 23 22 18 18 12 15 5 11 12 17 21 21 21 20 18 6 17 12 10 14 21 16 21 9 25 8 13 7 7
25 21 16 9 11 19 6 10 22 16 11 6 21 15 15 20 19 9 19 17 19 22 17 23 8 6 23 5 12 14 5 14 12 23 24 20 10 10 17 14
129 129 129 129 129
