5
40
10 13 23 24 14 28 10 39 27 27 31 41 8 33 27 34 21 14 30 15 36 30 43 20 15 28 17 18 36 42 20 46 10 36 41 39 19 19 37 39
16 31 12 37 32 26 17 26 12 20 15 30 38 10 18 41 24 28 28 10 31 34 32 21 13 8 18 18 17 31 26 18 32 27 26 23 28 37 35 29
33 44 35 10 27 39 26 38 36 8 11 10 20 15 14 11 26 40 9 27 16 7 9 41 15 18 36 27 17 18 22 27 15 22 15 29 38 32 10 31
32 36 33 33 30 13 19 14 24 24 40 37 24 8 28 43 14 40 8 26 15 18 15 36 44 9 20 13 34 35 20 44 47 20 32 29 34 32 12 16
39 38 11 28 44 44 43 21 8 17 17 13 27 42 24 16 42 7 39 40 24 7 46 17 12 16 45 30 12 20 38 41 43 37 44 17 13 36 16 13
10 18 24 28 20 37 14 51 31 35 45 50 11 52 29 40 33 18 33 25 40 38 49 31 26 38 25 24 45 53 25 51 12 38 56 51 30 23 43 43
17 48 20 45 43 27 17 30 17 23 15 39 44 12 24 55 41 47 34 16 44 56 47 35 21 13 25 25 20 37 37 21 44 42 36 31 39 53 45 33
37 47 37 13 30 48 29 46 40 12 15 11 21 21 18 15 30 60 12 38 21 10 14 54 25 26 36 27 22 23 28 40 22 37 20 35 47 45 16 38
48 41 41 43 33 20 23 17 33 34 56 48 34 11 32 59 19 42 11 32 21 23 21 53 51 10 29 18 46 37 28 54 48 30 39 34 47 45 17 20
50 46 17 44 56 50 54 24 11 25 23 17 31 49 29 23 49 12 42 45 26 12 49 27 18 22 55 38 14 25 44 49 50 44 46 24 18 40 20 17
16 8 18 15 13 18 20 13 15 5 20 23 16 22 25 15 20 18 18 17 11 24 6 18 15 18 16 6 13 22 25 19 15 5 10 8 21 10 8 25
24 14 12 21 7 19 6 6 9 5 20 21 14 20 21 24 16 11 16 16 25 20 21 15 8 13 8 11 10 19 17 9 8 18 17 6 18 8 18 25
17 6 24 15 22 25 18 10 17 19 10 13 19 12 19 16 6 14 21 6 17 11 14 8 9 23 5 9 17 6 16 22 21 19 12 25 7 11 11 8
6 23 5 7 25 21 20 24 18 23 6 19 11 5 16 22 5 5 17 21 7 20 24 7 18 12 16 15 21 24 21 9 8 14 12 10 25 16 8 20
5 23 5 15 22 12 6 12 7 14 16 11 13 7 8 17 20 6 11 11 6 18 11 8 5 18 8 13 17 24 17 8 11 12 9 23 11 13 12 25
130 130 130 130 130
