5
80
32 34 17 21 18 26 37 36 17 38 12 38 25 46 26 31 33 39 12 47 12 39 23 34 20 30 10 30 14 21 34 16 18 19 33 13 13 23 8 37 20 17 34 44 28 32 24 28 23 19 17 13 8 13 39 9 20 27 32 10 12 38 12 13 10 29 21 16 37 20 23 39 35 41 21 38 18 26 21 30
25 30 34 23 24 27 35 43 19 32 16 23 12 35 25 10 22 24 19 17 15 20 30 19 20 28 13 45 21 10 36 13 19 34 32 15 28 13 36 17 19 32 20 14 42 29 42 39 19 13 18 24 26 34 22 11 29 19 21 24 24 41 31 24 40 19 31 10 14 36 16 43 24 31 30 15 41 19 41 45
41 18 29 22 17 20 16 37 22 14 18 43 9 25 31 7 24 21 25 24 30 45 13 33 44 15 41 25 21 41 9 36 14 39 31 35 12 36 20 33 38 33 30 13 13 27 12 12 29 15 28 41 34 33 19 24 9 27 30 46 22 43 22 40 35 17 41 8 17 21 32 27 32 29 10 13 42 15 19 23
43 16 7 28 18 28 34 37 33 28 21 20 11 40 17 28 10 24 25 16 36 24 24 22 32 28 14 43 14 34 20 12 32 40 17 31 31 32 35 42 44 24 32 30 17 38 16 38 26 35 37 39 40 32 12 21 37 36 16 27 24 24 19 18 17 30 40 13 33 38 10 27 9 15 22 15 13 35 15 47
48 26 42 39 17 31 19 33 12 38 22 11 30 9 13 16 22 16 32 37 15 40 22 26 11 16 31 38 27 30 25 41 28 42 26 14 20 30 16 19 34 11 21 28 30 26 19 7 31 15 9 14 15 48 13 27 37 39 27 8 16 22 38 41 37 23 37 37 34 22 16 41 31 15 25 30 22 11 29 17
39 50 22 33 28 31 40 41 26 52 13 57 34 55 34 45 44 58 19 52 16 56 30 45 27 41 13 49 20 23 46 23 25 20 40 20 15 36 10 50 29 22 42 49 43 46 36 36 33 29 23 18 12 18 47 13 25 40 41 17 16 53 15 16 17 45 23 24 50 26 34 51 50 52 27 41 23 37 27 37
27 35 56 31 37 30 53 45 20 36 18 25 21 45 32 14 25 40 26 19 19 31 39 29 28 36 13 58 32 14 60 17 24 55 43 21 38 22 49 24 19 40 30 17 49 42 54 43 20 19 26 28 36 40 33 16 42 26 29 31 33 44 33 35 53 26 44 13 17 49 20 46 36 35 37 26 48 25 48 59
50 19 44 27 25 24 19 47 28 22 24 48 10 39 40 11 30 30 34 28 42 55 17 49 52 17 57 34 24 45 13 45 22 59 50 43 14 47 27 50 44 38 44 16 16 42 19 15 33 19 32 57 44 53 24 34 12 31 34 60 29 57 27 51 51 25 43 11 19 28 44 37 51 38 14 16 48 24 23 24
49 23 10 35 23 42 51 46 39 31 24 24 16 55 18 38 15 38 27 20 43 37 36 31 43 34 19 53 15 49 26 20 39 44 21 37 46 34 55 56 54 35 40 40 18 39 20 59 31 49 43 48 52 51 13 29 53 49 21 32 31 38 26 24 20 44 49 15 53 46 12 37 15 21 31 18 20 41 20 52
62 35 56 52 21 38 24 36 13 56 31 13 38 13 18 24 34 23 40 57 17 53 31 33 14 23 44 55 30 43 40 53 38 53 40 19 25 39 22 25 44 13 28 40 32 39 26 12 38 18 14 14 19 52 18 37 39 48 34 11 23 30 53 55 50 31 44 40 36 25 21 53 52 21 30 40 37 16 39 20
15 13 16 8 20 11 10 21 24 6 5 23 13 13 23 17 5 10 24 20 7 22 16 18 10 8 24 14 20 12 15 24 14 23 17 16 20 6 16 23 11 9 24 12 15 23 8 13 23 7 18 18 23 15 19 22 11 24 8 14 9 15 21 18 21 11 17 5 15 16 5 21 24 6 8 9 16 9 25 21
7 16 20 25 22 16 11 25 16 21 14 5 10 16 11 18 20 21 9 10 12 8 13 25 14 22 16 13 19 6 12 22 14 11 15 12 11 16 11 25 6 21 10 9 22 14 10 12 14 23 14 23 17 20 18 24 12 10 7 23 22 22 17 15 12 24 18 16 14 19 21 23 23 13 12 23 23 23 6 12
20 23 18 18 10 20 7 9 6 20 11 19 21 10 12 23 7 12 8 10 9 19 10 22 18 22 20 8 5 22 17 10 12 14 13 12 9 9 13 15 19 8 22 22 6 22 17 7 22 6 11 12 13 24 14 25 25 19 21 6 19 6 24 20 21 25 20 25 8 20 13 13 9 25 20 15 6 14 15 13
14 10 21 21 16 7 14 15 10 11 9 23 9 23 14 16 12 12 24 11 15 13 13 21 13 8 12 22 5 19 19 5 18 16 13 14 6 22 19 21 17 13 6 20 19 5 24 14 9 25 14 14 18 25 24 12 22 13 12 8 23 19 6 12 5 8 14 14 9 25 22 6 6 13 16 5 5 22 12 13
11 24 11 14 18 19 22 7 24 21 18 22 15 5 21 20 24 23 15 22 24 7 25 22 15 9 13 5 25 12 7 10 13 19 18 13 14 13 12 23 23 5 17 8 15 25 12 19 14 7 13 20 7 12 13 16 13 11 15 8 25 5 23 25 6 14 25 14 20 15 25 21 20 13 21 17 11 10 18 18
280 280 280 280 280
