5
80
12 43 34 23 31 34 23 35 30 37 19 42 27 9 35 36 28 26 10 12 39 16 13 23 26 32 46 35 41 24 33 32 20 14 13 38 14 16 25 21 40 31 17 10 26 21 30 15 42 34 39 10 41 13 18 31 9 38 13 35 23 18 21 23 19 10 38 15 35 11 17 24 32 17 34 22 41 12 42 14
22 24 21 7 16 30 38 21 16 39 31 13 14 15 10 44 46 27 33 29 20 33 24 22 26 14 20 39 8 39 22 25 32 18 8 30 20 24 12 14 18 17 20 40 40 10 40 9 19 11 13 34 25 37 24 32 9 26 34 32 13 29 27 27 15 45 36 47 46 26 18 21 40 15 40 16 18 39 38 35
11 24 28 18 10 26 27 35 25 27 36 25 42 30 31 37 11 35 28 27 15 23 43 35 38 17 25 34 13 13 22 23 11 20 25 45 37 27 32 45 35 40 22 27 33 36 16 21 28 9 16 17 27 48 46 13 22 12 39 44 30 38 18 43 18 34 24 32 11 31 33 16 44 45 36 46 47 21 42 30
12 41 39 11 32 15 30 16 14 43 39 47 11 14 31 39 31 24 24 36 29 19 36 32 21 23 14 12 28 11 30 21 37 39 25 42 37 35 27 33 43 47 13 8 19 36 36 25 21 40 33 36 24 23 23 13 8 36 37 19 23 14 16 32 29 21 26 13 34 9 27 24 34 27 46 28 24 32 33 8
45 15 30 9 28 25 11 33 35 30 12 33 22 30 45 19 14 32 18 22 12 40 39 24 19 33 29 35 46 41 8 13 27 25 22 34 37 31 15 39 12 40 25 8 11 12 36 18 22 24 26 24 10 26 31 38 19 11 14 12 16 27 22 17 20 8 33 10 10 32 27 16 27 13 32 27 30 31 19 40
14 56 45 29 42 43 38 42 40 45 27 48 33 15 41 51 45 39 11 16 52 21 16 29 33 42 56 43 56 33 55 34 29 16 15 38 19 21 37 26 58 32 20 10 37 22 43 17 45 36 45 12 51 16 20 37 15 40 19 52 31 26 32 34 27 13 41 22 41 13 25 34 37 26 41 30 43 19 47 20
29 27 28 11 23 38 50 28 16 57 43 18 18 18 12 58 49 34 48 46 31 50 39 27 42 18 20 53 11 46 27 36 33 28 11 50 24 35 16 16 24 25 27 57 52 12 54 15 30 14 16 50 33 46 35 44 10 37 43 39 21 38 40 37 23 48 57 56 48 34 23 27 48 18 49 20 24 48 47 44
14 28 33 21 13 35 40 50 33 37 50 29 60 45 40 54 13 42 36 30 15 33 49 48 49 22 38 47 16 14 25 25 12 28 35 56 46 36 36 53 43 51 25 30 51 51 18 31 34 15 24 18 32 57 49 22 25 18 50 57 42 39 18 57 27 43 31 45 12 49 40 16 51 51 40 58 52 29 62 38
17 50 51 11 37 17 41 20 16 48 41 49 13 21 45 49 38 34 35 39 34 28 50 51 27 27 17 19 34 11 39 29 51 44 28 59 45 41 36 41 55 59 17 11 30 42 54 29 26 41 47 42 28 27 29 15 11 37 47 25 30 17 18 43 35 28 28 13 54 12 33 32 46 43 62 29 32 48 45 13
54 21 44 15 40 34 15 44 45 35 18 52 34 46 49 22 19 39 26 36 14 54 42 35 25 40 33 43 57 46 10 17 36 27 24 42 48 42 22 49 15 44 31 12 17 21 43 25 24 33 28 28 15 35 48 47 20 14 23 17 19 30 24 18 26 11 50 12 13 44 33 20 35 16 44 34 45 43 26 48
6 8 11 6 13 6 5 21 10 10 21 6 19 12 7 24 9 18 20 9 17 14 13 22 8 18 25 8 21 8 21 23 17 11 13 9 16 11 21 14 13 23 9 23 10 7 25 5 16 14 19 25 6 11 17 10 14 8 23 23 15 22 16 11 17 6 18 9 23 20 19 20 8 22 5 13 18 10 6 7
25 17 22 25 22 6 22 14 5 18 15 18 9 5 24 14 17 20 25 23 7 24 18 11 14 20 10 22 7 19 18 12 15 8 22 8 16 17 8 19 7 10 16 17 8 25 10 5 24 9 19 8 20 5 23 23 6 15 10 10 25 5 12 6 20 22 16 15 15 11 5 9 6 24 5 5 15 16 12 22
19 25 11 7 5 21 24 11 18 21 18 6 8 10 25 17 12 21 9 25 5 9 7 13 20 25 9 8 8 5 10 20 22 25 22 21 6 12 18 15 16 18 14 16 16 7 21 10 18 23 13 19 5 23 14 18 5 11 21 13 21 13 9 19 8 22 12 10 23 20 11 12 5 24 23 5 19 21 10 17
21 13 5 22 13 12 12 14 15 14 19 8 24 9 5 18 10 18 13 20 7 8 11 23 5 22 18 6 6 6 9 6 21 12 8 17 21 13 16 12 18 13 7 24 25 14 16 19 14 8 23 14 13 19 15 8 14 8 16 6 25 11 21 11 12 7 12 9 18 8 24 25 18 23 18 9 6 21 7 23
25 17 22 20 5 21 25 11 24 13 22 19 13 13 13 24 9 21 12 7 9 15 20 23 18 25 8 19 9 13 12 14 22 22 22 25 8 16 9 16 25 14 5 16 10 23 23 18 19 25 12 19 17 20 18 23 13 15 23 25 7 6 8 18 23 8 15 17 23 18 23 8 22 23 25 11 10 19 9 10
281 281 281 281 281
