5
80
11 9 26 23 38 12 21 37 36 27 26 17 15 12 22 18 9 10 22 33 22 43 16 27 35 28 42 34 10 26 20 27 28 27 36 36 27 42 35 42 36 28 42 10 31 24 37 22 14 12 39 21 17 18 36 16 18 30 27 12 31 38 15 32 20 25 40 32 29 26 30 22 38 44 28 11 17 24 43 36
38 25 33 40 15 16 29 21 26 40 36 29 26 24 35 38 12 12 35 42 36 7 26 45 9 38 36 29 35 43 10 29 14 17 22 13 22 33 24 17 38 36 23 29 15 10 30 21 22 20 23 15 17 26 15 37 11 20 39 49 26 12 27 25 12 27 9 12 22 35 25 16 29 44 20 21 43 8 18 35
30 10 42 36 45 32 24 13 46 28 11 31 35 13 21 40 25 18 34 13 29 29 35 30 16 25 41 16 14 32 10 16 33 26 21 49 30 25 40 33 13 39 27 30 18 20 36 34 36 18 29 15 12 23 12 14 37 22 38 31 22 37 37 21 13 41 31 37 12 36 10 42 18 16 30 8 24 37 15 28
21 15 12 27 20 47 46 10 31 40 40 20 36 39 24 15 16 16 31 33 35 30 44 27 24 26 35 46 28 16 16 39 31 27 11 32 32 10 25 26 10 32 14 34 22 27 30 31 43 43 32 41 36 38 26 44 40 43 42 14 15 38 18 21 17 33 43 33 12 26 24 30 15 30 19 15 12 14 20 11
20 20 22 40 30 38 35 12 27 35 10 14 24 17 26 38 23 29 30 16 41 17 19 24 19 13 23 44 40 17 16 40 36 37 33 13 30 19 27 39 26 41 36 47 33 36 39 9 34 50 44 44 39 24 7 35 22 27 15 21 33 12 40 10 27 15 39 37 39 13 35 28 8 9 20 11 30 32 14 43
17 12 36 26 56 15 23 47 46 40 30 23 18 13 28 20 15 12 27 37 25 57 17 32 44 35 62 39 12 42 26 32 36 29 47 51 36 54 38 50 54 38 53 12 45 32 50 27 17 17 52 32 18 22 52 19 26 37 37 13 48 46 23 37 27 40 47 44 44 35 34 32 51 60 39 13 19 34 44 36
53 25 45 49 16 19 33 32 28 45 40 45 33 31 49 44 12 17 41 53 49 11 33 55 12 52 50 39 50 58 11 46 18 20 29 20 34 43 29 21 44 51 25 38 23 12 44 26 25 24 37 20 24 41 18 46 15 24 42 58 28 15 27 28 18 38 11 18 24 52 32 20 41 47 28 26 58 10 26 38
38 13 43 46 58 41 35 21 48 28 12 41 49 16 27 49 32 27 35 16 38 42 52 33 23 41 59 24 20 43 11 20 46 33 29 60 41 36 56 45 17 45 41 42 24 23 47 48 44 22 43 21 16 24 13 14 41 27 43 41 23 49 39 33 14 42 40 55 16 48 15 51 28 20 37 11 30 48 20 32
26 23 16 39 26 53 58 14 46 53 46 27 42 48 29 17 20 21 43 42 43 32 56 35 34 37 42 57 35 23 17 52 35 31 13 39 34 12 37 33 15 42 18 45 27 29 44 45 53 46 36 48 48 45 42 59 61 46 53 15 18 45 25 25 28 56 53 45 16 40 35 35 18 34 32 21 18 20 27 16
25 27 34 48 31 39 46 16 35 51 13 18 29 24 32 50 33 46 33 27 56 24 21 36 24 16 30 54 45 26 23 57 50 52 39 15 40 28 41 41 41 54 48 54 43 51 52 10 35 51 52 54 51 24 11 47 35 38 20 24 43 18 56 11 42 22 57 50 41 18 47 42 11 10 21 17 38 39 18 58
16 8 18 15 13 18 20 13 15 5 20 23 16 22 25 15 20 18 18 17 11 24 6 18 15 18 16 6 13 22 25 19 15 5 10 8 21 10 8 25 24 14 12 21 7 19 6 6 9 5 20 21 14 20 21 24 16 11 16 16 25 20 21 15 8 13 8 11 10 19 17 9 8 18 17 6 18 8 18 25
17 6 24 15 22 25 18 10 17 19 10 13 19 12 19 16 6 14 21 6 17 11 14 8 9 23 5 9 17 6 16 22 21 19 12 25 7 11 11 8 6 23 5 7 25 21 20 24 18 23 6 19 11 5 16 22 5 5 17 21 7 20 24 7 18 12 16 15 21 24 21 9 8 14 12 10 25 16 8 20
5 23 5 15 22 12 6 12 7 14 16 11 13 7 8 17 20 6 11 11 6 18 11 8 5 18 8 13 17 24 17 8 11 12 9 23 11 13 12 25 5 8 12 13 9 17 7 23 15 15 19 25 5 22 14 18 14 7 16 10 19 18 23 14 11 18 11 10 19 22 10 23 5 18 23 21 12 9 20 22
9 20 9 22 18 14 8 14 8 10 7 16 22 5 12 22 17 19 14 7 21 23 20 14 9 5 11 10 10 18 15 9 22 17 15 14 16 24 18 15 18 24 18 6 14 24 14 21 18 5 6 5 10 9 9 6 14 24 6 18 10 5 6 24 10 11 18 13 11 11 13 18 9 15 10 18 20 21 7 18
20 20 20 18 15 9 11 7 15 17 25 21 15 5 14 25 8 20 5 13 9 10 10 23 25 5 12 8 21 18 14 25 24 13 17 16 21 21 7 8 22 20 7 18 23 25 25 12 5 12 11 7 14 25 13 10 23 5 20 20 12 5 24 11 8 10 24 18 6 12 22 21 22 20 23 10 9 19 10 7
279 279 279 279 279
