5
80
14 11 21 12 12 33 24 16 22 16 16 26 35 13 30 9 20 8 8 41 9 25 13 18 28 21 24 31 44 23 7 35 31 10 38 9 22 11 35 44 20 38 22 34 23 11 36 26 34 8 9 18 22 27 40 13 27 9 25 17 11 34 22 9 23 34 30 15 9 14 39 45 8 19 31 16 8 24 16 45
45 9 41 11 13 19 14 43 17 19 20 22 27 34 15 26 12 7 16 35 30 13 7 12 27 23 14 10 18 26 34 34 10 46 29 9 40 36 8 33 25 22 15 24 31 28 31 10 20 22 25 8 32 15 15 29 44 22 27 11 21 46 41 46 25 16 43 18 34 30 20 15 39 26 15 16 23 8 27 18
15 17 23 15 25 43 33 47 28 43 15 23 17 12 9 17 13 16 27 12 23 28 9 25 8 7 19 7 40 40 14 15 28 16 22 7 16 16 33 17 30 21 34 24 48 11 27 19 40 22 22 13 16 19 27 12 47 12 13 40 10 20 27 38 29 27 33 11 14 14 36 10 14 7 8 31 8 31 31 42
20 25 18 24 16 28 34 44 18 22 20 11 25 12 24 25 17 18 34 30 37 16 22 12 46 30 16 33 29 30 43 17 31 12 25 20 18 21 31 25 38 13 5 29 26 10 15 15 26 35 36 34 15 29 15 26 19 21 9 23 40 31 21 28 10 31 28 25 22 11 17 26 24 8 22 11 40 39 26 27
23 9 18 31 32 29 21 34 20 13 14 12 11 37 8 10 13 12 9 12 25 46 7 23 8 26 12 12 11 23 33 32 7 19 24 18 26 46 41 15 27 37 8 13 18 28 8 18 25 21 25 44 37 11 22 37 16 28 21 33 13 31 29 23 8 26 15 13 29 31 7 13 15 43 14 5 33 37 40 34
42 15 26 20 26 39 27 44 40 35 30 54 66 22 43 13 33 18 14 61 12 58 15 48 44 52 31 66 65 45 18 46 55 25 54 16 42 16 59 60 35 47 37 42 35 18 55 35 59 14 24 27 30 35 62 31 70 18 67 28 23 54 27 10 31 47 48 23 24 28 53 65 21 35 44 41 15 49 19 75
56 21 60 18 17 27 16 57 33 22 25 26 39 49 18 31 28 18 24 61 48 20 13 24 43 33 21 15 23 49 54 39 23 53 39 13 55 69 17 39 44 51 19 44 61 39 69 10 36 49 66 18 57 28 29 64 51 30 34 17 27 56 60 56 56 39 66 40 62 56 29 22 53 50 22 28 50 22 47 33
30 19 28 23 45 57 43 58 40 56 29 34 31 26 21 32 23 24 63 27 41 47 19 56 20 14 28 16 45 55 19 21 47 22 32 15 46 42 62 23 56 56 41 33 71 19 64 37 62 29 50 20 25 34 49 24 56 21 19 72 15 32 34 48 40 47 37 22 23 31 44 12 28 13 24 65 13 45 53 49
41 59 39 66 20 55 51 63 41 56 25 26 59 19 58 47 24 22 43 47 49 26 54 26 65 45 32 48 62 49 50 24 57 16 42 29 41 23 45 44 47 37 13 62 50 15 22 20 43 59 67 40 33 43 21 42 20 28 14 48 57 41 42 34 11 54 53 36 35 15 32 42 33 20 34 21 53 51 53 29
35 24 37 35 57 35 31 55 33 33 23 25 16 49 17 24 34 22 19 34 36 61 12 58 14 42 19 30 13 46 46 55 16 43 39 49 63 75 69 35 35 54 13 27 41 55 14 28 43 43 67 63 59 17 57 47 22 62 27 41 29 51 52 40 20 51 39 14 58 50 16 16 38 49 20 15 50 54 59 38
9 9 14 24 11 16 8 19 20 14 14 11 14 24 5 12 11 15 13 10 17 9 13 20 24 13 8 18 8 24 5 10 16 14 23 7 24 9 12 18 20 25 22 23 24 14 17 22 19 20 10 15 13 6 24 5 15 7 7 12 17 18 20 11 20 12 10 8 23 9 17 9 5 24 14 23 7 24 25 15
9 9 11 13 12 25 16 16 19 20 23 10 18 14 20 20 17 7 22 22 9 5 7 23 23 18 19 12 22 9 19 13 9 5 14 22 13 17 22 14 8 13 14 14 5 14 22 7 22 14 10 23 22 18 18 12 15 5 11 12 17 21 21 21 20 18 6 17 12 10 14 21 16 21 9 25 8 13 7 7
25 21 16 9 11 19 6 10 22 16 11 6 21 15 15 20 19 9 19 17 19 22 17 23 8 6 23 5 12 14 5 14 12 23 24 20 10 10 17 14 19 9 5 19 18 25 12 17 23 12 11 21 23 20 16 24 10 8 15 23 19 14 9 5 7 10 25 14 23 7 22 18 18 18 8 14 7 10 11 19
22 12 7 9 8 24 7 12 21 12 10 20 7 22 21 18 8 24 16 14 12 14 18 21 6 25 18 19 5 5 15 13 22 24 19 24 14 5 11 17 16 17 24 6 11 14 7 9 11 13 24 22 17 8 7 21 9 24 21 21 5 16 14 9 7 15 23 8 18 6 13 5 8 13 12 9 23 23 22 20
7 23 16 22 11 18 23 19 6 20 8 9 16 15 5 18 18 25 22 6 13 21 7 10 7 22 21 18 6 7 23 11 25 6 11 17 7 21 18 15 16 11 20 15 23 12 11 10 9 21 5 24 8 13 12 22 18 15 22 25 7 23 17 5 5 9 11 16 10 8 17 13 9 25 17 8 5 24 20 19
263 263 263 263 263
