5
80
18 29 34 38 31 44 23 26 20 39 23 39 41 37 17 33 43 37 43 23 9 35 40 36 29 33 36 45 45 19 36 20 38 37 16 12 18 25 39 30 39 19 12 12 9 40 42 13 44 14 46 43 36 16 12 38 10 31 19 16 11 42 43 22 23 11 29 31 27 40 34 17 32 36 48 40 27 19 17 19
27 10 44 40 36 36 37 47 9 23 16 18 42 12 38 37 23 21 9 22 28 33 37 41 30 11 42 28 42 13 27 14 34 15 20 43 18 17 40 16 32 31 36 36 40 11 30 45 15 43 36 31 9 50 35 43 22 40 26 24 36 38 27 35 45 30 24 33 41 12 10 30 36 27 31 42 27 34 19 27
30 41 33 26 39 32 42 43 21 44 11 12 19 26 10 46 28 11 17 10 13 16 47 10 26 47 30 20 9 12 49 38 20 20 22 15 11 38 23 31 35 17 21 13 48 32 29 10 36 37 39 31 30 10 41 45 16 24 45 36 30 25 10 40 13 30 37 17 24 12 29 25 29 36 10 12 30 32 31 12
34 32 26 34 11 39 47 14 27 36 17 31 44 10 24 45 25 12 35 47 35 9 41 19 42 14 25 33 38 48 11 25 9 40 17 27 41 13 17 13 36 30 19 30 43 46 46 15 25 15 37 40 37 31 16 42 14 42 9 30 27 17 14 23 28 30 11 44 36 16 35 16 44 42 16 31 49 41 12 19
13 28 40 23 30 16 40 14 9 37 29 30 41 14 30 18 27 16 19 12 12 35 31 36 48 19 28 27 26 36 36 13 26 22 35 15 23 40 21 41 38 19 18 30 18 15 42 24 24 41 35 48 35 9 37 10 32 16 11 48 22 28 30 33 45 33 35 43 37 17 28 11 28 24 27 23 31 20 26 28
22 34 37 42 36 45 26 30 21 40 23 47 44 40 19 38 47 43 50 26 11 40 42 37 33 35 42 54 46 20 38 21 41 39 18 14 19 27 45 35 45 20 12 13 12 43 49 14 47 14 46 52 38 16 14 42 13 37 23 16 12 45 52 24 23 12 30 35 33 45 37 18 36 39 53 46 30 22 19 22
33 13 49 43 40 39 42 48 11 27 19 22 47 14 44 41 26 25 10 26 30 34 44 46 36 11 44 30 48 14 33 16 38 16 24 49 19 20 47 18 35 33 45 38 43 12 36 51 15 51 39 35 12 50 36 49 24 45 26 27 39 43 31 39 46 35 27 36 45 12 11 33 43 31 34 49 28 38 22 29
32 41 35 26 43 35 48 48 21 48 11 14 24 28 12 48 29 11 19 12 15 17 52 12 27 49 34 25 10 15 51 46 23 20 25 18 14 41 27 36 37 18 22 16 51 35 34 10 44 42 43 35 31 13 43 49 16 25 51 40 34 28 12 45 16 32 37 19 25 12 31 28 36 36 12 14 33 35 36 14
38 33 30 34 12 44 49 16 34 39 18 34 52 11 24 49 27 13 39 52 36 11 43 21 48 15 30 35 47 49 12 30 10 48 20 33 45 16 20 16 42 31 20 34 49 50 49 18 26 17 43 45 44 35 17 47 17 48 11 31 30 18 17 27 31 32 12 46 39 17 39 18 48 44 18 37 52 47 15 20
15 32 41 24 34 16 48 15 11 41 33 33 46 15 32 19 31 18 23 15 15 37 33 38 52 24 33 27 28 40 36 14 27 25 36 15 26 46 24 48 42 23 22 30 18 16 49 26 24 46 38 52 36 10 41 10 33 19 12 51 25 33 34 38 52 36 42 45 40 17 31 14 30 27 29 26 33 23 31 29
19 19 8 13 7 13 15 5 25 17 6 17 9 18 25 7 16 25 10 5 21 16 25 6 16 21 18 20 11 5 6 12 8 12 15 24 10 9 22 22 14 7 7 17 10 7 16 10 14 11 8 17 24 13 12 23 14 20 17 5 19 19 22 14 11 12 19 20 19 16 18 8 13 11 11 7 18 14 14 14
17 8 17 6 24 14 8 9 11 13 19 13 24 11 12 5 13 24 23 8 24 23 25 9 17 16 23 22 13 17 8 12 16 17 11 23 5 14 20 18 10 22 20 14 7 8 11 10 15 25 16 17 5 10 10 7 13 21 12 11 15 25 14 18 21 8 15 13 10 22 16 25 7 23 25 23 24 25 16 14
11 22 14 14 5 13 9 8 7 17 16 10 17 18 11 7 15 7 15 6 17 14 17 24 18 21 23 13 5 5 11 21 16 13 18 9 20 15 25 19 23 25 19 14 8 9 9 16 20 8 7 14 19 21 5 13 9 14 9 23 20 10 8 19 18 11 16 14 20 10 23 5 15 18 9 20 16 22 22 24
13 16 12 7 7 25 13 11 9 11 9 6 13 6 24 18 23 16 23 21 15 7 16 17 21 21 23 25 22 9 8 8 6 8 17 19 7 16 15 18 21 11 9 24 25 14 20 6 11 20 17 24 9 22 5 25 9 8 21 7 5 18 15 11 11 13 15 25 24 19 16 12 21 6 25 14 12 5 8 16
21 7 6 18 24 25 18 20 8 8 12 8 23 25 16 12 13 10 6 18 14 8 25 18 6 19 18 19 8 23 24 18 6 14 23 19 17 15 24 14 20 19 11 10 23 17 8 17 13 10 17 18 15 11 16 17 6 21 16 21 23 19 7 7 19 6 7 24 21 5 24 22 24 8 18 14 15 15 19 7
268 268 268 268 268
