10
80
29 33 13 21 15 19 29 7 43 26 12 31 14 36 42 13 32 46 16 10 34 30 48 9 32 32 29 38 19 10 12 19 13 18 21 36 14 15 43 36 21 12 13 33 20 10 28 17 26 20 16 28 48 23 18 46 24 36 31 7 36 35 35 25 21 18 34 34 30 26 32 12 20 17 21 15 36 21 28 26
24 16 32 13 46 27 15 13 23 23 37 25 48 22 19 9 25 36 37 13 36 43 40 17 27 28 33 34 26 31 14 19 24 33 17 39 9 24 32 36 18 41 34 22 12 15 17 21 27 45 25 34 10 20 16 15 23 32 20 17 27 48 27 28 30 16 29 24 17 36 30 44 12 36 46 35 43 43 27 26
16 33 21 21 8 23 19 12 15 28 27 19 28 28 20 9 23 15 27 13 33 26 27 42 34 37 35 24 9 10 19 35 26 26 28 16 33 22 47 32 42 40 35 25 16 16 15 27 32 13 12 28 36 33 8 20 16 26 16 34 38 18 15 33 36 17 31 27 39 16 36 8 29 35 14 36 28 36 41 38
22 32 23 11 11 46 19 19 15 18 17 10 20 9 41 27 38 28 33 42 27 14 27 28 32 38 34 45 35 12 14 16 11 16 31 31 14 27 30 31 38 17 18 38 40 21 31 10 18 31 32 44 17 35 9 48 13 12 35 12 11 33 29 17 22 20 26 37 44 34 24 19 31 12 41 25 18 8 13 23
38 13 11 34 36 47 26 29 12 13 23 16 44 48 25 22 25 16 10 28 21 15 43 29 11 37 28 37 13 43 43 27 12 25 39 27 25 24 45 25 35 37 16 14 34 33 12 27 19 19 31 28 27 20 29 33 11 41 23 31 35 32 15 15 32 10 13 41 42 9 35 37 40 13 28 23 22 25 33 11
19 28 36 32 28 44 23 28 20 34 18 32 38 38 17 31 38 39 34 21 9 29 36 35 27 26 36 43 41 17 31 16 33 38 15 13 18 21 41 26 36 17 10 10 11 34 38 11 43 11 38 42 36 16 9 32 12 34 22 12 10 43 43 17 21 12 25 34 25 38 33 13 28 35 49 39 26 19 13 15
31 12 47 38 36 36 35 40 9 24 17 20 38 11 39 39 21 24 8 23 30 25 35 42 25 11 31 26 37 10 23 11 34 12 21 40 14 16 43 12 33 25 34 35 38 12 30 47 12 42 35 32 9 48 33 44 18 36 20 19 30 32 21 27 36 26 27 29 36 10 10 27 33 28 28 34 27 33 20 27
23 36 32 22 30 35 35 38 21 41 11 14 18 25 9 46 29 9 16 11 15 16 44 12 21 44 29 21 7 10 44 38 19 16 18 13 10 39 22 30 35 12 20 14 40 28 27 10 39 31 40 32 22 10 40 45 12 23 36 32 26 23 12 32 11 25 33 19 18 10 30 27 31 31 11 13 29 27 28 11
30 32 22 32 9 33 41 12 26 30 17 23 38 10 23 37 22 10 28 44 26 10 37 16 37 11 23 30 37 41 11 24 8 37 15 26 39 13 17 15 33 23 19 28 37 38 42 13 24 16 41 39 37 33 12 36 16 41 10 28 24 12 16 23 28 26 10 42 36 12 30 17 36 33 15 31 40 34 14 20
11 28 31 18 26 14 36 10 11 32 25 30 35 12 25 16 30 15 18 12 12 29 24 32 42 22 23 25 19 39 32 10 22 19 35 15 20 37 22 39 33 18 16 22 17 15 33 20 21 35 33 45 28 7 32 10 25 17 9 45 22 27 28 30 43 30 34 40 38 17 25 10 29 19 24 24 30 21 29 21
47 40 20 31 17 26 33 12 49 35 13 33 20 39 51 16 37 57 23 11 51 35 54 14 33 41 41 44 25 12 13 25 17 25 35 48 19 22 54 43 33 16 14 41 25 15 32 24 32 27 16 33 54 27 24 50 35 43 36 11 42 41 51 36 24 27 43 42 47 37 42 19 33 26 23 15 41 32 34 34
35 19 33 16 52 28 19 20 25 30 43 30 60 22 29 12 27 56 57 17 47 53 58 20 40 38 47 53 29 35 19 26 32 33 27 55 13 35 44 40 25 48 42 34 14 20 23 26 36 52 33 39 12 23 22 15 29 46 26 26 36 56 31 43 46 18 35 27 25 50 35 52 15 49 53 48 48 55 37 29
26 50 30 29 13 32 21 20 16 36 39 23 39 43 24 16 30 16 31 15 41 33 42 54 41 47 56 30 11 11 22 43 32 29 39 20 42 36 55 46 46 61 46 30 20 21 23 33 45 20 16 29 41 44 11 30 22 29 19 45 51 22 20 45 36 23 40 29 40 22 48 12 34 40 19 40 35 50 45 52
29 37 25 15 17 57 32 25 22 25 21 13 29 15 58 43 48 32 52 47 36 15 33 42 50 52 54 57 51 20 19 16 14 16 35 44 18 31 32 43 50 22 20 55 60 33 46 14 23 40 40 52 22 50 12 61 20 19 47 14 11 39 37 26 23 30 31 52 53 47 35 24 42 15 55 33 24 11 19 37
49 16 12 40 53 61 40 41 17 20 26 20 45 54 33 26 29 20 14 36 29 20 54 39 12 37 41 43 17 55 56 44 15 31 47 37 35 32 58 29 47 42 25 22 48 35 19 41 26 20 34 39 33 21 39 33 13 51 34 44 50 40 18 17 45 13 14 53 50 11 52 51 50 18 43 33 32 36 39 17
22 35 43 52 37 51 27 35 23 42 28 47 46 38 20 44 49 46 53 24 12 46 51 44 32 35 41 50 46 19 37 22 44 43 18 14 21 29 48 40 43 21 12 15 11 49 56 15 53 14 46 60 46 18 13 41 14 43 27 19 15 46 48 28 27 12 29 39 36 47 34 22 36 45 54 50 32 20 18 21
35 13 57 45 42 45 49 51 11 27 20 21 50 14 43 42 29 24 11 27 37 34 48 52 38 13 49 29 45 15 34 17 40 17 24 46 19 22 47 18 33 40 42 39 48 12 37 51 16 54 39 39 11 58 40 54 26 43 27 26 37 53 36 46 56 42 33 39 55 13 10 39 42 34 41 55 33 40 22 28
30 44 41 30 45 37 48 59 21 58 12 15 27 28 14 55 32 13 18 13 15 19 49 12 30 59 34 23 10 14 57 51 24 21 29 18 13 40 30 36 41 18 27 15 60 41 40 11 44 44 43 40 33 14 42 53 20 31 53 40 38 26 15 51 17 35 41 19 29 13 33 27 39 36 11 16 33 35 33 16
36 40 31 37 14 55 60 16 38 40 21 33 54 12 26 61 33 16 39 51 42 12 45 22 53 16 28 36 43 58 11 28 11 45 19 35 55 15 23 17 46 36 20 41 57 59 55 20 28 20 52 43 41 34 17 51 18 51 12 33 34 19 20 26 32 38 13 47 44 19 40 20 47 51 20 41 57 45 16 24
15 34 46 28 33 18 56 17 12 51 38 37 53 16 35 21 33 18 26 14 17 43 38 43 58 27 33 27 27 46 40 16 29 29 43 16 25 52 30 53 48 26 20 37 20 18 45 29 25 50 42 52 40 11 41 11 33 19 11 54 26 33 35 37 51 35 39 47 45 19 33 15 30 32 32 28 39 26 36 29
9 9 14 24 11 16 8 19 20 14 14 11 14 24 5 12 11 15 13 10 17 9 13 20 24 13 8 18 8 24 5 10 16 14 23 7 24 9 12 18 20 25 22 23 24 14 17 22 19 20 10 15 13 6 24 5 15 7 7 12 17 18 20 11 20 12 10 8 23 9 17 9 5 24 14 23 7 24 25 15
9 9 11 13 12 25 16 16 19 20 23 10 18 14 20 20 17 7 22 22 9 5 7 23 23 18 19 12 22 9 19 13 9 5 14 22 13 17 22 14 8 13 14 14 5 14 22 7 22 14 10 23 22 18 18 12 15 5 11 12 17 21 21 21 20 18 6 17 12 10 14 21 16 21 9 25 8 13 7 7
25 21 16 9 11 19 6 10 22 16 11 6 21 15 15 20 19 9 19 17 19 22 17 23 8 6 23 5 12 14 5 14 12 23 24 20 10 10 17 14 19 9 5 19 18 25 12 17 23 12 11 21 23 20 16 24 10 8 15 23 19 14 9 5 7 10 25 14 23 7 22 18 18 18 8 14 7 10 11 19
22 12 7 9 8 24 7 12 21 12 10 20 7 22 21 18 8 24 16 14 12 14 18 21 6 25 18 19 5 5 15 13 22 24 19 24 14 5 11 17 16 17 24 6 11 14 7 9 11 13 24 22 17 8 7 21 9 24 21 21 5 16 14 9 7 15 23 8 18 6 13 5 8 13 12 9 23 23 22 20
7 23 16 22 11 18 23 19 6 20 8 9 16 15 5 18 18 25 22 6 13 21 7 10 7 22 21 18 6 7 23 11 25 6 11 17 7 21 18 15 16 11 20 15 23 12 11 10 9 21 5 24 8 13 12 22 18 15 22 25 7 23 17 5 5 9 11 16 10 8 17 13 9 25 17 8 5 24 20 19
14 5 11 7 9 19 14 15 20 17 12 21 25 10 16 5 12 6 5 25 5 22 6 17 17 20 13 23 24 19 6 19 20 10 21 6 17 5 24 24 12 21 15 20 14 6 19 17 21 7 9 12 13 14 23 11 25 7 24 12 9 20 14 5 11 20 22 8 9 12 20 23 7 15 22 17 6 18 9 25
24 10 24 9 7 9 7 23 13 9 12 12 13 18 8 15 10 6 9 25 21 7 5 10 16 16 7 6 11 21 19 18 9 25 17 6 21 24 6 19 21 19 8 19 23 16 25 5 12 17 24 7 22 13 13 25 24 11 15 7 13 25 25 24 24 13 24 15 24 22 13 8 22 19 7 10 19 8 22 16
11 8 14 10 19 22 18 24 14 23 13 17 12 10 8 12 8 8 23 11 19 23 9 21 7 6 11 5 22 22 7 8 18 10 12 5 16 16 24 10 25 21 18 15 25 7 22 15 21 13 23 8 8 16 20 9 25 7 8 25 6 11 14 22 17 20 18 10 10 10 20 5 10 6 8 23 5 20 19 24
15 24 14 23 9 22 17 25 15 20 13 9 23 6 21 21 11 10 18 22 19 12 21 12 24 15 14 23 23 21 23 11 21 6 18 12 16 11 20 22 19 13 5 23 20 7 11 10 19 23 24 17 12 18 8 16 10 11 7 17 23 15 21 15 5 19 18 16 16 6 12 15 12 8 12 7 21 23 18 14
14 9 14 15 19 15 11 21 15 11 9 12 7 20 8 8 11 9 6 12 18 24 6 22 6 17 7 10 5 16 20 19 7 17 14 19 23 25 24 16 17 22 5 12 14 23 6 10 18 19 23 25 22 6 20 19 8 22 10 18 11 20 18 14 7 19 13 7 25 18 5 7 14 21 8 5 19 21 21 18
146 146 146 146 146 146 146 146 146 146
