10
80
11 37 25 7 28 11 24 22 23 31 15 13 31 8 42 35 42 19 17 11 27 39 37 24 13 27 40 35 25 39 13 34 12 28 13 32 19 9 26 32 27 32 15 34 38 20 13 40 27 28 13 19 20 38 22 50 25 27 14 13 16 33 27 20 8 23 20 22 17 24 9 18 39 11 33 13 22 21 24 32
23 27 22 18 12 32 10 30 38 8 15 36 26 14 36 9 23 34 16 37 12 25 14 18 16 32 38 17 28 26 16 12 14 15 7 34 23 7 27 18 11 16 28 12 43 27 13 29 14 31 35 50 22 28 14 18 24 39 39 8 27 11 14 27 16 30 9 16 41 10 14 9 12 28 5 12 10 28 44 15
20 32 9 13 14 24 42 26 40 34 12 29 29 18 8 13 16 27 34 18 26 26 9 15 35 20 20 31 7 13 26 8 33 11 6 41 32 22 9 26 34 11 21 41 14 5 18 13 6 9 26 16 11 13 30 13 14 29 27 26 23 26 18 10 32 18 37 33 44 13 22 9 18 15 20 39 26 33 45 38
35 32 27 25 21 25 33 8 22 34 37 20 32 12 37 27 22 38 18 28 8 30 8 19 9 43 30 36 46 10 23 26 30 8 28 21 19 7 39 29 9 39 29 18 35 15 29 14 18 17 27 21 14 26 23 41 33 42 34 17 19 15 10 23 21 24 18 20 8 7 29 10 9 30 11 22 33 12 6 42
32 12 28 29 49 10 25 32 23 22 17 36 48 27 12 49 33 29 17 16 10 23 32 23 20 22 47 40 12 37 18 19 29 8 25 34 27 5 7 24 28 27 18 6 10 36 40 19 10 23 33 35 22 20 30 14 21 22 16 19 11 18 22 32 9 16 16 21 32 8 39 23 18 12 41 11 22 14 31 48
10 7 32 9 34 20 25 13 18 29 15 14 25 23 48 38 20 18 45 35 14 30 21 34 38 20 32 11 23 13 28 9 12 26 39 31 11 18 39 21 36 26 38 37 42 46 28 31 37 29 15 18 45 33 19 23 20 29 27 29 29 14 42 27 22 22 18 13 16 5 9 34 11 31 26 28 10 26 21 31
7 18 26 21 22 9 15 15 18 25 14 13 43 22 37 38 7 30 26 26 35 21 20 20 25 11 9 29 14 14 13 8 31 26 29 28 14 18 19 36 34 19 25 15 23 17 19 16 22 10 35 14 30 38 11 27 29 33 25 20 38 35 16 22 19 22 47 21 40 40 35 31 12 11 45 14 15 27 28 28
43 30 41 20 15 33 39 25 10 16 8 32 28 21 24 30 14 26 33 35 31 22 23 24 31 23 20 24 15 28 21 9 7 41 7 36 13 27 16 29 18 31 21 24 30 31 17 25 10 30 22 30 22 25 19 14 18 9 20 6 35 21 23 17 20 7 12 44 33 17 13 13 32 32 12 14 8 10 14 37
12 19 9 16 15 19 24 42 30 24 28 10 12 26 28 11 23 6 36 23 11 15 16 11 22 15 11 21 13 41 43 22 29 15 15 27 28 25 10 21 31 27 13 20 15 35 42 9 17 11 21 18 11 22 11 21 8 16 23 35 11 12 31 10 13 32 31 32 16 31 27 6 27 23 11 35 27 13 11 12
13 8 37 30 13 40 9 9 6 29 21 13 20 23 16 22 32 11 26 24 11 19 44 26 14 19 9 25 18 10 8 34 13 17 10 33 14 15 14 24 20 13 39 30 18 26 12 30 32 15 13 39 16 24 9 45 27 15 27 11 14 43 7 34 16 33 31 24 11 36 17 13 21 9 5 21 14 37 29 44
25 52 45 14 31 13 29 40 36 64 18 33 38 18 48 54 64 44 39 20 40 61 55 32 26 38 41 43 39 60 14 42 21 40 30 41 35 11 48 38 68 52 45 60 61 44 27 43 56 38 31 47 34 56 32 54 41 65 19 29 25 55 43 29 21 59 45 47 31 29 10 40 55 13 50 34 32 40 58 52
43 54 35 37 23 57 18 50 69 14 26 49 64 24 69 17 57 53 32 44 15 50 28 30 33 43 42 33 49 66 27 25 37 18 15 57 26 20 45 39 21 25 46 26 72 37 17 54 28 49 51 71 35 44 26 25 60 41 50 12 54 20 28 31 28 75 22 33 51 11 15 17 19 41 15 29 11 58 47 41
42 51 15 19 25 38 43 66 57 62 15 43 56 41 22 21 39 48 53 29 49 47 24 26 38 26 30 56 15 25 53 17 62 11 14 54 33 52 22 42 47 16 46 41 26 15 43 17 12 18 64 20 21 34 50 29 17 34 40 40 34 57 23 21 45 30 63 55 63 29 31 17 19 25 36 54 28 39 57 41
60 38 34 38 47 50 57 11 37 44 54 57 50 16 60 35 52 48 40 64 21 38 15 35 20 51 65 50 50 20 56 55 61 18 52 29 31 16 69 49 26 64 37 31 47 27 52 39 36 27 50 35 27 45 33 50 42 50 55 20 27 19 17 33 39 28 33 39 14 12 42 15 23 56 12 22 41 27 11 57
35 18 64 65 72 17 41 34 33 31 20 65 63 41 32 52 41 43 35 47 20 35 45 68 51 45 69 75 15 66 33 29 32 10 59 49 37 14 12 37 49 50 36 17 16 52 50 55 16 50 58 52 29 29 44 18 51 41 23 37 18 20 40 50 26 30 17 33 42 20 49 49 36 26 68 16 51 16 40 71
16 11 62 11 50 26 53 27 37 52 38 25 38 36 73 68 41 45 56 35 19 40 28 37 46 32 55 19 45 17 47 15 16 34 48 34 14 38 46 46 50 48 52 37 59 57 40 58 52 46 22 41 70 47 33 45 25 53 40 51 40 17 46 43 38 54 36 33 48 12 25 56 11 54 55 71 24 58 31 48
17 20 35 39 55 21 31 26 39 35 31 23 54 39 46 59 16 59 36 47 42 51 49 41 65 25 14 48 37 21 30 16 55 48 40 52 27 36 37 51 44 37 34 20 49 33 29 37 41 15 56 24 56 41 13 46 49 75 41 42 55 39 28 36 28 43 57 26 62 47 53 60 18 15 66 18 21 54 33 29
46 46 58 41 27 62 41 47 16 24 15 58 32 45 40 60 27 27 43 54 52 39 30 66 58 43 36 48 30 61 45 19 15 51 16 48 29 41 19 69 21 40 58 37 50 48 32 42 18 53 51 61 35 52 23 39 25 14 37 13 47 33 59 36 45 18 23 72 56 46 34 18 59 61 25 14 12 12 29 51
15 31 17 42 29 34 31 52 44 55 60 31 12 65 51 15 36 16 72 57 27 34 40 25 24 27 19 38 15 49 49 31 48 24 22 40 69 49 21 54 45 48 35 40 28 45 64 11 33 20 38 52 20 34 21 31 11 36 46 44 23 21 61 12 21 47 45 51 27 43 42 12 57 32 17 47 56 24 17 21
25 11 53 30 16 47 13 17 13 36 29 35 56 39 34 45 40 24 37 37 21 35 54 35 16 34 25 46 43 16 16 42 37 24 13 47 19 22 29 51 23 17 40 46 22 72 22 57 49 33 33 46 20 52 20 68 53 31 52 30 18 60 21 57 24 54 49 39 17 55 36 28 42 17 13 37 32 59 48 52
6 8 11 6 13 6 5 21 10 10 21 6 19 12 7 24 9 18 20 9 17 14 13 22 8 18 25 8 21 8 21 23 17 11 13 9 16 11 21 14 13 23 9 23 10 7 25 5 16 14 19 25 6 11 17 10 14 8 23 23 15 22 16 11 17 6 18 9 23 20 19 20 8 22 5 13 18 10 6 7
25 17 22 25 22 6 22 14 5 18 15 18 9 5 24 14 17 20 25 23 7 24 18 11 14 20 10 22 7 19 18 12 15 8 22 8 16 17 8 19 7 10 16 17 8 25 10 5 24 9 19 8 20 5 23 23 6 15 10 10 25 5 12 6 20 22 16 15 15 11 5 9 6 24 5 5 15 16 12 22
19 25 11 7 5 21 24 11 18 21 18 6 8 10 25 17 12 21 9 25 5 9 7 13 20 25 9 8 8 5 10 20 22 25 22 21 6 12 18 15 16 18 14 16 16 7 21 10 18 23 13 19 5 23 14 18 5 11 21 13 21 13 9 19 8 22 12 10 23 20 11 12 5 24 23 5 19 21 10 17
21 13 5 22 13 12 12 14 15 14 19 8 24 9 5 18 10 18 13 20 7 8 11 23 5 22 18 6 6 6 9 6 21 12 8 17 21 13 16 12 18 13 7 24 25 14 16 19 14 8 23 14 13 19 15 8 14 8 16 6 25 11 21 11 12 7 12 9 18 8 24 25 18 23 18 9 6 21 7 23
25 17 22 20 5 21 25 11 24 13 22 19 13 13 13 24 9 21 12 7 9 15 20 23 18 25 8 19 9 13 12 14 22 22 22 25 8 16 9 16 25 14 5 16 10 23 23 18 19 25 12 19 17 20 18 23 13 15 23 25 7 6 8 18 23 8 15 17 23 18 23 8 22 23 25 11 10 19 9 10
6 23 19 12 19 22 16 20 19 20 11 22 14 6 21 21 19 17 6 7 24 9 7 13 16 20 23 21 24 14 22 16 12 7 7 19 9 9 16 11 25 15 8 5 17 11 20 8 21 18 21 5 24 6 9 18 7 19 8 21 15 12 13 15 13 6 19 10 18 5 11 15 17 11 19 13 21 8 22 9
13 12 14 5 11 17 24 13 8 25 18 9 8 7 5 25 24 17 21 19 13 21 16 11 18 7 10 24 5 20 11 15 16 12 5 20 11 16 8 7 10 12 12 25 22 5 23 6 12 6 6 21 15 20 15 20 5 15 17 17 9 16 18 16 9 23 23 25 24 16 10 13 20 7 20 8 11 23 19 22
6 14 16 9 5 17 16 24 16 16 22 13 25 19 16 24 6 19 18 15 7 14 23 23 21 10 16 20 7 7 12 13 6 12 14 24 19 18 16 25 19 25 12 15 21 23 9 12 17 6 10 9 15 25 24 9 11 8 21 25 18 20 9 25 11 22 14 20 6 20 16 8 24 25 20 25 24 13 25 17
7 24 25 5 17 8 17 9 8 23 20 25 6 9 20 23 16 16 14 19 16 12 25 21 12 14 7 8 16 5 18 13 21 20 13 25 19 21 16 18 22 25 8 5 13 19 23 14 10 21 19 21 13 13 15 7 5 18 19 11 14 8 8 18 17 14 14 6 23 6 15 13 22 19 25 15 15 21 21 5
24 10 19 6 16 15 7 18 20 17 8 21 15 19 25 11 9 19 10 15 7 22 21 14 10 17 14 19 24 21 5 7 17 13 12 21 23 20 10 22 6 20 14 5 7 9 19 11 11 16 13 12 7 16 21 21 10 7 9 8 9 14 12 8 11 5 21 6 6 20 15 9 15 8 21 14 19 19 11 20
130 130 130 130 130 130 130 130 130 130
