10
40
36 34 21 23 23 24 32 33 16 40 9 48 29 41 30 35 37 42 15 40 16 40 27 40 18 30 10 38 13 17 29 18 21 19 33 14 13 29 9 49
19 16 33 47 26 29 28 26 23 19 21 16 8 16 38 11 21 30 29 12 12 38 9 15 14 29 22 16 35 20 22 49 34 38 24 34 17 29 24 31
24 30 38 21 23 23 40 33 14 35 16 22 13 36 24 9 18 25 23 14 15 23 27 23 20 26 11 48 21 11 48 12 20 38 28 14 33 13 37 15
15 32 27 12 46 27 49 29 17 16 20 18 26 29 27 10 34 17 21 24 31 38 28 26 33 20 30 10 11 39 15 40 25 30 31 19 37 17 40 38
47 17 33 21 18 19 19 36 19 16 19 43 8 26 31 7 27 22 26 19 27 43 15 35 35 15 40 32 19 33 10 38 15 43 31 28 9 39 20 37
39 33 30 13 13 31 14 13 27 13 30 50 31 38 17 32 9 31 32 38 25 43 25 37 31 19 33 8 16 26 36 25 32 30 9 14 35 20 16 19
45 18 7 23 19 27 32 36 28 28 21 18 11 47 14 33 13 28 24 15 36 24 28 19 33 27 15 40 10 37 20 16 27 42 16 33 36 29 33 46
38 28 34 33 14 30 12 43 22 42 33 35 36 37 12 20 41 33 18 31 24 29 19 16 18 33 40 14 40 34 12 29 12 18 24 16 16 30 15 36
50 30 44 39 17 31 20 34 9 42 19 9 30 10 15 19 21 14 34 39 12 45 21 30 9 16 34 39 26 37 33 38 33 36 28 12 17 31 19 20
36 10 26 34 27 29 21 9 31 13 10 13 16 38 12 25 37 29 28 8 15 20 34 38 46 24 39 31 29 24 18 38 39 16 20 33 24 10 28 13
42 43 22 32 24 28 41 46 24 44 15 50 36 60 39 42 45 53 18 56 18 59 30 51 27 47 15 40 18 24 48 24 27 23 37 20 18 31 11 60
29 26 47 57 35 38 36 34 35 26 25 16 11 20 47 12 27 33 38 15 17 50 13 17 16 43 26 24 48 28 34 57 43 51 26 42 25 31 26 37
29 32 57 29 34 29 48 49 21 41 20 27 19 40 33 15 26 34 28 19 20 30 38 28 28 35 13 48 35 15 51 17 24 54 39 20 34 20 47 23
19 39 31 17 48 42 59 45 23 21 22 27 32 38 34 16 47 28 33 25 32 44 32 31 52 25 39 11 16 47 21 52 36 41 37 22 43 20 49 59
48 22 44 23 23 27 20 47 29 22 22 45 10 33 40 12 32 27 29 26 36 49 18 41 53 17 55 39 21 47 12 46 21 58 47 39 14 49 31 44
44 41 45 13 14 45 17 15 30 16 32 60 44 48 28 34 13 38 40 60 31 57 26 51 51 25 47 13 20 28 45 32 46 37 14 18 56 22 21 25
54 22 10 34 27 37 42 47 43 33 23 27 18 59 19 42 16 39 29 16 46 38 37 26 37 38 22 59 15 51 31 19 35 50 20 36 42 42 54 49
54 30 44 38 19 43 18 58 34 45 42 49 55 43 15 24 50 41 19 39 32 38 23 25 22 45 44 17 53 45 13 42 16 22 33 18 19 41 20 49
52 39 51 56 20 36 24 42 12 54 25 14 34 11 16 22 30 21 40 56 16 55 26 33 14 25 45 49 36 46 42 47 39 51 36 17 23 36 22 25
45 14 29 39 34 37 27 11 36 21 14 14 23 60 17 37 41 40 37 12 22 31 55 57 62 32 45 48 38 31 21 49 42 18 32 40 34 15 34 20
15 13 16 8 20 11 10 21 24 6 5 23 13 13 23 17 5 10 24 20 7 22 16 18 10 8 24 14 20 12 15 24 14 23 17 16 20 6 16 23
11 9 24 12 15 23 8 13 23 7 18 18 23 15 19 22 11 24 8 14 9 15 21 18 21 11 17 5 15 16 5 21 24 6 8 9 16 9 25 21
7 16 20 25 22 16 11 25 16 21 14 5 10 16 11 18 20 21 9 10 12 8 13 25 14 22 16 13 19 6 12 22 14 11 15 12 11 16 11 25
6 21 10 9 22 14 10 12 14 23 14 23 17 20 18 24 12 10 7 23 22 22 17 15 12 24 18 16 14 19 21 23 23 13 12 23 23 23 6 12
20 23 18 18 10 20 7 9 6 20 11 19 21 10 12 23 7 12 8 10 9 19 10 22 18 22 20 8 5 22 17 10 12 14 13 12 9 9 13 15
19 8 22 22 6 22 17 7 22 6 11 12 13 24 14 25 25 19 21 6 19 6 24 20 21 25 20 25 8 20 13 13 9 25 20 15 6 14 15 13
14 10 21 21 16 7 14 15 10 11 9 23 9 23 14 16 12 12 24 11 15 13 13 21 13 8 12 22 5 19 19 5 18 16 13 14 6 22 19 21
17 13 6 20 19 5 24 14 9 25 14 14 18 25 24 12 22 13 12 8 23 19 6 12 5 8 14 14 9 25 22 6 6 13 16 5 5 22 12 13
11 24 11 14 18 19 22 7 24 21 18 22 15 5 21 20 24 23 15 22 24 7 25 22 15 9 13 5 25 12 7 10 13 19 18 13 14 13 12 23
23 5 17 8 15 25 12 19 14 7 13 20 7 12 13 16 13 11 15 8 25 5 23 25 6 14 25 14 20 15 25 21 20 13 21 17 11 10 18 18
81 81 81 81 81 81 81 81 81 81
