10
40
11 11 28 23 41 9 15 35 36 29 23 19 17 9 25 14 10 12 20 26 20 39 13 24 31 29 41 35 11 31 20 24 33 23 42 44 28 49 28 45
41 30 35 10 30 27 37 21 15 12 45 19 14 14 49 15 16 23 30 9 35 30 18 31 17 30 35 31 31 22 28 29 48 48 35 8 18 23 36 27
33 20 29 38 13 18 29 24 22 32 39 27 26 25 41 35 9 13 33 37 42 10 28 42 8 40 36 29 43 42 9 35 15 15 29 13 24 37 25 15
31 34 21 29 15 9 33 18 23 19 28 14 19 27 15 34 10 18 42 39 26 11 22 26 13 32 9 16 24 40 21 13 27 33 23 24 40 9 21 27
25 9 32 40 47 35 31 16 37 28 10 30 36 14 24 39 22 17 32 14 32 31 33 28 17 34 37 19 12 30 10 16 34 26 25 46 28 30 42 37
15 32 29 36 18 21 37 42 32 18 32 13 11 17 9 12 33 21 35 37 20 34 37 27 13 30 26 34 15 41 12 37 21 14 28 9 29 36 12 23
21 19 11 31 16 37 45 10 38 34 39 18 29 33 22 14 16 15 29 40 39 27 42 25 28 30 31 42 28 18 15 43 31 30 8 36 29 7 28 21
12 32 16 34 22 21 38 35 39 45 30 46 43 35 33 49 39 37 39 11 12 39 17 20 23 36 44 37 11 24 27 31 14 32 19 17 13 16 22 14
21 18 25 37 27 34 40 12 28 45 9 18 24 22 28 38 25 37 30 16 39 16 18 26 18 15 25 37 31 18 15 46 46 46 38 9 30 20 30 30
35 41 39 45 38 45 45 10 28 38 45 37 38 19 7 33 28 26 15 22 32 15 44 8 34 16 38 47 40 14 36 35 8 9 20 13 26 32 12 40
15 11 35 24 53 15 26 45 37 37 31 26 19 12 28 18 15 14 30 35 25 62 16 38 40 35 57 39 11 39 24 35 38 31 44 49 34 52 44 49
57 39 54 11 41 35 48 30 20 16 48 32 18 23 60 21 26 34 37 14 43 43 23 38 26 34 53 47 45 33 36 33 54 57 42 12 19 30 52 38
47 31 48 52 19 19 34 34 33 46 41 43 34 31 48 46 15 18 47 50 48 11 39 51 11 49 46 38 50 55 11 42 18 23 34 17 35 42 28 19
51 43 26 40 25 11 40 23 27 30 36 20 26 40 18 50 12 25 46 59 29 18 32 31 17 37 13 21 29 47 30 20 41 50 30 27 57 12 27 42
38 15 51 45 53 40 39 17 52 31 13 40 47 15 33 45 29 27 36 17 38 39 50 34 23 40 54 26 17 47 13 17 48 40 29 55 43 35 51 43
17 41 39 47 23 27 40 52 42 23 37 17 17 28 13 14 41 24 49 47 23 51 42 34 15 48 32 48 16 45 16 50 27 21 38 12 30 48 18 33
32 24 16 42 24 53 57 13 48 51 52 28 47 51 32 16 24 20 38 43 46 34 54 35 38 31 48 53 35 23 19 54 36 33 11 41 38 10 41 35
14 41 20 41 24 29 39 50 52 50 43 50 50 43 36 58 55 46 49 18 19 48 24 25 23 56 50 43 15 39 30 36 18 38 26 22 16 19 26 15
27 29 33 58 31 40 51 18 33 52 11 19 26 26 29 55 30 40 30 27 48 23 19 41 20 16 31 47 43 26 23 55 53 52 39 15 39 24 37 40
36 61 47 59 45 55 56 10 40 60 54 51 49 25 10 44 33 37 19 27 50 17 52 13 34 22 53 58 42 18 51 37 10 12 23 17 33 39 18 52
16 8 18 15 13 18 20 13 15 5 20 23 16 22 25 15 20 18 18 17 11 24 6 18 15 18 16 6 13 22 25 19 15 5 10 8 21 10 8 25
24 14 12 21 7 19 6 6 9 5 20 21 14 20 21 24 16 11 16 16 25 20 21 15 8 13 8 11 10 19 17 9 8 18 17 6 18 8 18 25
17 6 24 15 22 25 18 10 17 19 10 13 19 12 19 16 6 14 21 6 17 11 14 8 9 23 5 9 17 6 16 22 21 19 12 25 7 11 11 8
6 23 5 7 25 21 20 24 18 23 6 19 11 5 16 22 5 5 17 21 7 20 24 7 18 12 16 15 21 24 21 9 8 14 12 10 25 16 8 20
5 23 5 15 22 12 6 12 7 14 16 11 13 7 8 17 20 6 11 11 6 18 11 8 5 18 8 13 17 24 17 8 11 12 9 23 11 13 12 25
5 8 12 13 9 17 7 23 15 15 19 25 5 22 14 18 14 7 16 10 19 18 23 14 11 18 11 10 19 22 10 23 5 18 23 21 12 9 20 22
9 20 9 22 18 14 8 14 8 10 7 16 22 5 12 22 17 19 14 7 21 23 20 14 9 5 11 10 10 18 15 9 22 17 15 14 16 24 18 15
18 24 18 6 14 24 14 21 18 5 6 5 10 9 9 6 14 24 6 18 10 5 6 24 10 11 18 13 11 11 13 18 9 15 10 18 20 21 7 18
20 20 20 18 15 9 11 7 15 17 25 21 15 5 14 25 8 20 5 13 9 10 10 23 25 5 12 8 21 18 14 25 24 13 17 16 21 21 7 8
22 20 7 18 23 25 25 12 5 12 11 7 14 25 13 10 23 5 20 20 12 5 24 11 8 10 24 18 6 12 22 21 22 20 23 10 9 19 10 7
84 84 84 84 84 84 84 84 84 84
