10
80
34 15 28 24 28 18 21 20 14 43 30 18 14 23 30 6 13 23 25 20 37 28 22 25 27 6 17 15 13 27 16 31 36 20 8 36 6 15 27 5 26 34 18 40 15 18 24 7 8 31 28 6 36 33 12 26 26 27 11 9 23 7 9 24 11 11 46 10 8 25 25 38 25 9 6 11 23 37 11 33
29 19 18 8 37 43 32 18 26 35 29 31 36 32 16 5 25 31 8 18 43 26 47 11 8 33 7 26 8 14 32 31 7 13 50 31 13 16 30 15 31 23 12 36 13 40 7 33 10 20 22 35 23 32 41 37 29 27 37 9 9 20 42 28 38 19 20 22 20 25 20 8 5 27 17 25 28 19 25 13
15 9 25 28 14 9 42 11 7 12 43 38 19 45 14 11 16 5 18 15 36 5 20 39 11 16 32 26 34 26 17 12 35 46 18 17 8 10 13 35 33 35 23 14 34 10 12 24 19 21 32 21 23 22 16 14 16 15 9 33 26 19 24 27 30 24 40 10 10 21 25 28 22 26 12 13 30 27 13 20
20 10 24 16 7 26 6 42 12 38 7 24 30 8 34 23 10 16 15 24 11 36 6 26 25 14 6 40 40 7 10 32 23 26 35 33 31 12 12 31 9 28 44 14 14 11 25 10 39 24 20 19 36 9 17 11 17 37 19 39 20 27 25 18 22 25 7 44 25 26 21 25 15 29 9 27 26 16 25 11
9 37 16 28 32 38 15 10 26 7 19 19 23 10 18 8 16 11 17 40 11 26 12 10 12 13 29 37 34 16 13 49 34 15 19 17 24 24 45 19 36 18 9 18 17 29 45 23 23 26 34 26 16 28 31 15 19 21 40 35 34 40 44 28 7 11 35 21 38 27 26 26 30 18 43 25 15 19 10 17
8 7 8 20 27 11 12 30 40 13 15 33 13 6 34 21 12 36 24 17 14 12 33 18 38 22 37 21 18 19 13 36 20 22 16 37 6 21 7 29 34 31 38 28 10 35 12 19 22 24 32 39 21 19 41 22 32 41 7 6 16 22 18 15 47 20 17 28 6 33 18 25 12 18 18 21 18 41 9 36
17 12 24 31 10 10 14 23 40 31 9 7 35 33 30 17 34 28 39 18 12 31 28 35 32 35 25 22 36 22 8 38 15 44 35 8 27 27 15 35 18 31 11 19 37 14 12 17 11 8 39 15 20 15 27 37 30 10 46 21 15 34 19 13 18 25 39 20 19 46 18 38 33 34 18 30 15 31 31 19
6 18 22 19 7 22 14 16 37 26 24 29 36 5 9 36 22 11 26 14 13 7 12 10 27 21 11 43 23 22 23 43 26 17 13 26 22 11 41 10 23 37 17 11 34 20 7 18 26 14 36 16 20 9 24 15 31 29 6 10 39 22 15 41 12 38 9 38 9 14 20 17 29 27 48 12 9 8 10 23
11 23 25 21 26 18 21 18 25 34 39 34 38 16 16 16 13 18 9 25 24 27 10 6 20 26 17 15 32 24 33 11 8 12 40 8 36 42 26 10 17 15 46 21 42 14 16 14 9 32 30 8 30 14 35 17 9 43 23 22 24 14 35 23 13 25 8 23 13 20 37 14 22 45 17 24 6 14 14 13
47 11 20 23 5 26 23 47 14 24 18 29 31 35 22 22 11 15 15 11 28 23 30 28 8 24 11 20 22 36 8 12 17 45 10 38 9 17 45 16 27 20 15 23 27 14 8 29 21 27 20 25 25 31 10 36 20 17 11 15 22 24 32 28 28 18 10 12 13 8 18 35 17 29 23 19 30 7 19 18
54 26 37 50 50 44 50 47 35 59 64 27 23 32 61 16 18 39 51 49 55 37 36 41 54 13 25 35 31 58 17 60 56 46 20 49 16 39 33 10 57 51 30 71 26 37 30 19 19 44 61 13 55 36 24 39 59 27 20 20 62 21 11 43 17 21 57 13 12 30 35 54 46 14 12 27 50 52 27 48
59 33 33 21 51 62 54 50 44 54 37 52 46 65 22 15 50 57 13 43 49 38 60 17 20 59 11 56 13 38 59 55 21 27 55 45 17 23 35 24 50 41 28 53 24 48 13 39 13 32 37 55 38 55 61 56 37 38 41 18 21 28 51 46 54 34 33 36 41 42 25 23 16 55 34 56 53 44 34 25
25 16 32 50 27 15 50 27 15 13 70 47 35 58 19 14 27 16 26 40 45 12 29 59 20 29 52 55 48 34 43 23 47 64 45 27 24 21 14 44 46 44 36 23 58 13 19 41 26 29 64 29 36 52 27 30 42 29 19 49 58 24 54 29 40 56 54 16 17 40 42 47 36 35 13 34 63 37 14 39
45 29 33 24 14 47 16 58 21 52 15 52 50 19 57 60 20 41 38 39 25 52 15 46 39 24 15 62 53 13 21 47 59 47 69 69 46 32 13 58 21 65 48 28 27 14 42 14 54 44 55 33 63 27 23 23 30 56 34 43 33 39 34 22 32 45 15 46 39 52 26 54 21 42 17 64 38 30 36 14
14 59 21 51 50 51 31 15 29 21 35 38 39 20 29 16 27 17 39 65 12 48 25 21 15 32 53 62 67 30 23 49 51 29 30 22 35 35 52 36 49 25 18 37 23 48 56 66 40 43 46 33 27 33 38 27 29 25 68 52 38 70 47 42 12 18 60 43 59 72 41 37 63 24 48 33 20 50 17 23
21 10 16 44 34 21 17 50 55 18 29 53 19 13 46 38 24 60 52 26 17 15 52 25 40 37 59 55 26 49 36 46 36 51 17 55 15 46 20 47 51 49 60 45 14 53 15 38 24 53 72 55 40 24 46 43 37 57 18 18 27 36 40 35 53 24 26 55 12 35 30 34 33 29 33 38 27 63 24 49
26 16 62 47 17 20 32 39 55 62 16 22 55 50 44 40 48 58 69 36 18 39 39 55 44 43 48 41 45 41 22 63 36 66 45 12 41 45 30 39 45 47 12 50 46 35 23 25 32 13 57 32 38 17 69 54 54 12 56 53 27 63 44 21 33 42 47 52 29 71 32 47 53 61 38 47 30 42 50 36
14 29 57 40 15 38 20 26 62 41 40 48 40 13 17 58 33 22 68 17 25 18 15 14 63 41 16 61 34 55 37 68 54 35 20 49 34 18 65 16 57 53 27 17 52 23 15 33 45 42 53 23 28 18 31 19 56 43 15 17 57 30 31 57 19 42 13 60 17 19 40 27 39 40 67 18 11 14 13 63
14 32 31 52 51 33 50 36 42 38 53 39 49 28 30 28 20 24 14 28 36 32 23 12 23 33 39 27 50 31 51 29 15 19 60 21 75 51 34 20 37 28 51 36 61 16 16 22 24 57 36 11 39 26 60 33 13 60 34 32 53 22 74 47 27 49 11 39 22 22 50 29 29 50 37 48 12 39 29 24
75 14 32 40 14 37 44 65 39 25 23 51 59 46 47 41 21 18 37 14 43 48 57 63 16 41 19 28 54 64 18 19 22 65 21 60 19 33 57 34 39 33 21 49 61 40 13 46 54 42 51 29 30 60 11 46 30 22 12 20 52 57 38 42 51 40 17 25 17 16 31 59 33 45 38 36 62 16 30 26
22 12 14 12 23 10 13 7 11 20 10 18 25 16 9 23 14 18 24 6 7 18 19 5 9 18 12 14 18 16 11 9 25 19 20 18 22 18 15 23 15 16 17 13 5 16 18 6 22 14 20 16 14 22 8 17 18 9 21 25 6 8 6 17 20 11 12 14 14 18 16 25 19 15 12 9 18 13 5 15
5 12 17 7 10 15 10 23 11 16 17 25 23 24 21 7 21 20 16 24 20 7 22 13 7 10 22 12 14 11 23 20 10 20 13 25 12 20 9 11 23 9 20 22 19 11 7 21 21 7 23 11 14 13 20 7 21 7 18 13 24 7 5 9 14 14 11 10 13 9 19 13 20 8 15 6 21 13 25 18
6 9 7 21 5 15 8 8 16 25 18 22 11 6 16 16 15 5 22 12 21 9 18 22 8 6 14 9 12 22 19 21 23 8 14 19 24 24 8 20 5 8 6 9 19 7 24 13 24 15 19 16 22 14 13 9 9 8 13 22 12 21 22 12 8 23 10 12 11 21 8 25 19 19 15 8 24 20 25 15
8 14 6 10 18 13 15 10 20 7 17 19 18 25 12 19 21 20 13 11 7 18 25 7 23 5 19 14 19 25 19 16 15 6 12 24 6 23 23 21 14 10 15 14 19 21 14 6 13 18 23 25 8 21 17 17 18 11 23 20 16 13 14 13 23 5 10 7 22 14 19 17 22 14 25 23 25 5 20 21
14 8 8 25 7 23 13 19 22 8 15 24 20 9 5 25 9 19 24 13 14 7 16 19 9 8 7 24 20 8 25 12 8 12 23 22 13 13 6 22 10 22 12 24 14 6 12 10 9 24 17 14 10 15 8 25 18 12 11 14 5 9 12 9 18 21 6 11 8 7 17 17 13 6 16 17 17 11 21 9
11 6 5 24 13 22 22 15 8 17 13 14 18 20 12 24 21 20 6 8 16 16 11 16 17 9 13 5 25 20 24 24 21 7 8 19 22 20 23 12 14 5 13 24 9 22 21 7 10 24 16 8 12 19 21 10 25 8 20 10 6 22 21 18 20 19 11 16 12 17 8 20 6 10 19 6 11 9 19 14
17 20 13 9 11 7 5 15 16 13 16 15 11 15 16 14 7 21 6 13 15 10 20 22 13 17 24 5 8 8 17 19 6 25 25 10 23 25 8 24 6 24 8 22 24 10 22 18 19 7 13 9 19 8 5 25 18 22 9 25 23 14 7 17 24 7 20 10 13 25 23 14 8 12 9 17 22 10 15 18
24 24 15 5 7 9 19 15 21 12 20 10 12 14 12 6 5 8 18 10 24 13 24 24 8 21 21 7 24 8 20 20 9 5 24 24 22 6 22 21 18 6 9 10 11 7 17 6 8 20 24 14 13 6 16 10 12 5 5 21 21 7 6 14 20 19 16 6 18 21 19 11 21 14 15 11 11 25 17 16
24 23 6 25 17 13 10 16 20 10 17 5 23 25 12 11 13 24 15 19 9 6 5 18 20 17 24 25 20 6 11 16 18 13 23 7 5 10 21 20 8 12 12 12 15 6 18 23 7 8 11 5 25 6 19 13 18 7 5 21 18 5 25 8 17 15 15 8 5 10 11 5 10 20 17 13 17 11 14 21
13 14 21 14 9 19 5 8 18 9 19 11 6 5 9 18 20 25 13 14 23 14 10 18 15 11 22 20 8 8 15 20 20 12 25 12 5 10 17 21 17 17 5 10 21 23 25 8 24 10 13 14 15 15 11 21 8 19 23 6 22 18 23 16 11 7 12 9 10 19 11 24 7 17 18 11 14 21 13 6
152 152 152 152 152 152 152 152 152 152
