10
40
26 10 19 15 17 34 25 29 36 31 22 37 49 20 31 10 25 13 10 49 10 43 11 32 33 40 26 41 47 38 11 36 40 20 37 11 30 9 42 42
22 39 28 37 27 13 35 29 41 14 18 25 22 26 42 20 46 13 47 22 17 36 27 10 20 38 41 15 18 23 38 42 12 30 40 33 12 32 18 47
44 18 45 17 13 18 13 41 25 19 24 22 24 32 16 28 18 12 16 46 42 15 11 20 30 29 12 11 22 41 35 35 18 45 35 11 42 47 10 35
37 37 16 34 44 30 47 10 23 30 46 15 39 24 24 49 43 20 30 13 26 47 48 42 43 26 44 29 42 42 26 15 44 36 15 21 39 17 41 30
21 17 28 17 37 43 33 46 25 45 26 30 21 19 17 21 14 16 46 22 38 44 18 39 14 11 23 9 42 38 13 14 36 20 24 9 27 30 44 19
47 37 32 27 45 13 40 26 38 26 41 16 16 29 37 18 49 14 17 45 12 23 28 44 33 41 35 18 18 21 38 9 20 12 14 43 10 37 37 43
30 48 27 46 19 43 33 44 27 39 25 17 41 13 41 38 22 18 32 38 36 23 36 22 43 30 24 42 43 41 41 23 42 11 32 22 27 20 39 40
35 24 10 43 39 13 22 20 34 44 44 31 21 35 14 28 18 21 12 31 41 27 38 26 9 36 34 30 28 13 23 27 22 16 22 13 40 46 36 26
26 19 27 27 36 29 20 42 27 19 17 23 14 37 17 15 23 16 13 25 33 43 10 39 10 32 14 21 10 31 36 36 13 33 25 33 43 46 45 29
34 43 9 22 25 43 12 20 32 37 43 49 39 13 35 37 16 40 20 32 20 36 33 28 13 37 24 14 48 32 11 15 25 43 15 10 36 39 41 32
28 12 22 15 19 38 27 32 41 36 26 43 50 21 35 11 26 14 12 55 12 48 14 35 35 43 26 49 47 41 13 40 43 23 41 12 35 11 50 48
25 43 30 41 29 13 40 35 45 15 19 27 27 29 47 25 50 16 51 24 19 42 28 11 23 41 45 18 19 24 42 47 15 30 48 35 14 37 20 50
51 20 52 18 15 19 14 46 26 19 27 24 29 38 17 30 20 13 17 54 46 15 12 22 33 34 15 13 25 45 40 39 18 54 36 13 45 50 12 40
45 40 17 38 46 33 53 10 25 37 52 16 45 28 26 51 49 24 32 14 26 50 51 48 48 28 50 32 51 45 28 16 44 41 15 21 42 18 44 34
25 18 29 19 40 47 40 49 29 50 28 35 25 22 18 24 16 17 50 22 40 46 19 42 15 13 24 11 44 45 16 15 38 21 26 11 34 35 50 22
50 44 37 30 52 15 43 29 45 28 49 16 18 34 41 18 52 15 17 53 12 25 29 46 36 42 39 23 21 21 40 11 23 14 17 47 11 43 41 51
30 50 28 49 19 45 35 51 33 40 27 19 50 14 43 46 24 20 37 43 40 25 43 24 47 33 27 47 47 42 45 25 44 12 35 25 32 21 40 43
41 29 10 49 39 15 24 21 40 49 49 35 24 35 16 31 20 23 15 37 46 31 45 30 11 38 37 34 34 14 25 33 25 18 26 15 44 47 39 27
27 19 29 34 41 33 22 43 32 23 19 24 14 41 18 16 24 18 14 27 37 49 12 43 13 34 15 21 12 35 42 38 15 34 30 40 47 51 52 31
36 44 10 24 29 46 12 20 36 39 46 51 44 14 39 40 18 47 22 38 22 39 39 29 14 42 29 15 49 38 12 15 27 45 17 10 39 44 46 39
9 9 14 24 11 16 8 19 20 14 14 11 14 24 5 12 11 15 13 10 17 9 13 20 24 13 8 18 8 24 5 10 16 14 23 7 24 9 12 18
20 25 22 23 24 14 17 22 19 20 10 15 13 6 24 5 15 7 7 12 17 18 20 11 20 12 10 8 23 9 17 9 5 24 14 23 7 24 25 15
9 9 11 13 12 25 16 16 19 20 23 10 18 14 20 20 17 7 22 22 9 5 7 23 23 18 19 12 22 9 19 13 9 5 14 22 13 17 22 14
8 13 14 14 5 14 22 7 22 14 10 23 22 18 18 12 15 5 11 12 17 21 21 21 20 18 6 17 12 10 14 21 16 21 9 25 8 13 7 7
25 21 16 9 11 19 6 10 22 16 11 6 21 15 15 20 19 9 19 17 19 22 17 23 8 6 23 5 12 14 5 14 12 23 24 20 10 10 17 14
19 9 5 19 18 25 12 17 23 12 11 21 23 20 16 24 10 8 15 23 19 14 9 5 7 10 25 14 23 7 22 18 18 18 8 14 7 10 11 19
22 12 7 9 8 24 7 12 21 12 10 20 7 22 21 18 8 24 16 14 12 14 18 21 6 25 18 19 5 5 15 13 22 24 19 24 14 5 11 17
16 17 24 6 11 14 7 9 11 13 24 22 17 8 7 21 9 24 21 21 5 16 14 9 7 15 23 8 18 6 13 5 8 13 12 9 23 23 22 20
7 23 16 22 11 18 23 19 6 20 8 9 16 15 5 18 18 25 22 6 13 21 7 10 7 22 21 18 6 7 23 11 25 6 11 17 7 21 18 15
16 11 20 15 23 12 11 10 9 21 5 24 8 13 12 22 18 15 22 25 7 23 17 5 5 9 11 16 10 8 17 13 9 25 17 8 5 24 20 19
72 72 72 72 72 72 72 72 72 72
