10
40
12 35 32 23 31 37 23 37 31 32 19 38 25 12 38 38 31 26 10 11 42 15 12 20 27 34 45 36 40 28 39 29 22 13 13 36 16 19 27 21
39 25 15 10 34 19 39 14 33 28 35 8 44 13 14 34 11 28 14 34 27 25 25 27 24 12 37 16 33 10 19 29 28 18 32 20 36 13 39 14
21 23 28 7 16 24 46 23 12 38 35 18 16 14 7 44 44 31 35 29 23 41 31 17 27 14 18 48 9 34 18 26 29 19 9 34 17 30 12 15
18 22 22 37 33 9 35 10 18 9 10 36 27 32 28 34 8 27 29 30 13 24 29 25 16 39 34 42 36 26 17 26 39 15 32 12 20 41 31 36
11 25 28 19 9 29 27 36 29 29 41 26 40 31 32 44 10 35 33 30 14 27 43 35 39 18 29 31 12 14 18 24 12 22 25 38 36 28 26 38
29 37 18 27 33 42 17 23 32 12 17 14 31 40 38 14 23 11 35 41 29 36 14 47 17 42 25 31 9 37 31 16 41 47 34 48 42 22 44 29
13 37 45 9 34 13 30 16 14 45 32 45 12 17 36 40 26 26 28 36 28 20 39 38 21 25 12 16 23 9 27 20 35 32 25 39 37 37 29 35
33 44 13 8 23 36 42 25 19 37 38 39 20 26 29 12 8 28 36 23 24 16 15 34 27 22 24 12 44 12 30 25 32 31 38 28 25 32 35 11
47 18 29 11 32 30 14 33 32 26 16 37 28 30 38 21 19 36 15 28 13 34 30 27 16 33 23 31 44 34 10 14 34 23 17 36 42 33 17 42
10 37 25 10 11 16 30 22 21 27 22 24 12 30 41 41 15 13 19 14 17 21 22 12 15 10 41 10 9 35 29 14 28 16 34 21 32 35 15 32
12 52 44 29 44 52 31 42 43 40 26 48 29 13 48 44 46 36 12 15 48 20 16 28 40 50 49 52 55 35 44 37 26 18 17 41 22 22 38 24
55 36 20 12 37 25 43 20 49 38 44 11 54 14 21 42 15 42 19 50 37 26 30 35 32 15 46 24 39 11 21 37 40 25 40 31 49 21 44 22
31 25 33 10 27 36 51 26 20 60 37 18 19 15 12 56 51 41 51 43 28 44 35 25 40 16 24 53 12 47 23 37 38 27 12 44 22 34 17 17
23 28 28 51 48 12 47 15 29 13 14 42 31 48 34 48 12 31 39 41 21 34 40 35 20 49 56 55 58 38 26 29 41 16 51 20 24 45 42 48
15 31 34 23 11 39 38 49 36 34 46 30 60 46 38 52 14 41 40 30 17 30 56 56 43 22 33 48 14 15 27 31 12 29 35 56 38 45 39 49
40 61 23 32 52 52 18 31 36 14 24 18 36 51 47 21 25 17 41 53 36 44 21 58 27 44 36 42 13 47 41 20 56 53 41 52 60 27 58 35
15 57 50 13 36 16 38 19 20 54 51 50 15 21 40 51 31 35 29 41 38 28 53 44 25 28 16 18 37 12 38 27 50 44 32 51 40 41 31 36
50 60 21 12 31 40 54 31 24 50 45 45 29 32 35 17 11 41 42 25 36 16 20 40 35 35 31 13 50 13 37 28 46 38 53 29 31 49 46 12
50 25 40 13 35 31 15 40 43 41 18 44 30 46 61 23 23 46 23 31 14 54 42 28 26 41 32 43 60 49 12 17 37 26 28 43 49 40 22 54
14 46 30 12 14 19 39 25 24 37 27 27 17 34 45 51 22 16 23 17 20 33 24 18 24 13 49 13 14 45 34 21 34 17 46 30 46 42 25 43
6 8 11 6 13 6 5 21 10 10 21 6 19 12 7 24 9 18 20 9 17 14 13 22 8 18 25 8 21 8 21 23 17 11 13 9 16 11 21 14
13 23 9 23 10 7 25 5 16 14 19 25 6 11 17 10 14 8 23 23 15 22 16 11 17 6 18 9 23 20 19 20 8 22 5 13 18 10 6 7
25 17 22 25 22 6 22 14 5 18 15 18 9 5 24 14 17 20 25 23 7 24 18 11 14 20 10 22 7 19 18 12 15 8 22 8 16 17 8 19
7 10 16 17 8 25 10 5 24 9 19 8 20 5 23 23 6 15 10 10 25 5 12 6 20 22 16 15 15 11 5 9 6 24 5 5 15 16 12 22
19 25 11 7 5 21 24 11 18 21 18 6 8 10 25 17 12 21 9 25 5 9 7 13 20 25 9 8 8 5 10 20 22 25 22 21 6 12 18 15
16 18 14 16 16 7 21 10 18 23 13 19 5 23 14 18 5 11 21 13 21 13 9 19 8 22 12 10 23 20 11 12 5 24 23 5 19 21 10 17
21 13 5 22 13 12 12 14 15 14 19 8 24 9 5 18 10 18 13 20 7 8 11 23 5 22 18 6 6 6 9 6 21 12 8 17 21 13 16 12
18 13 7 24 25 14 16 19 14 8 23 14 13 19 15 8 14 8 16 6 25 11 21 11 12 7 12 9 18 8 24 25 18 23 18 9 6 21 7 23
25 17 22 20 5 21 25 11 24 13 22 19 13 13 13 24 9 21 12 7 9 15 20 23 18 25 8 19 9 13 12 14 22 22 22 25 8 16 9 16
25 14 5 16 10 23 23 18 19 25 12 19 17 20 18 23 13 15 23 25 7 6 8 18 23 8 15 17 23 18 23 8 22 23 25 11 10 19 9 10
71 71 71 71 71 71 71 71 71 71
