10
80
12 31 12 20 22 36 34 50 14 35 25 27 50 15 32 9 34 27 27 33 36 9 12 10 36 34 33 18 23 27 13 21 12 34 37 11 36 18 21 13 31 12 29 19 18 42 23 26 9 41 10 34 35 25 16 14 13 38 30 19 34 45 44 26 27 18 34 22 12 22 39 22 46 24 21 43 28 28 39 46
39 9 33 25 31 26 34 23 19 28 12 28 17 29 22 17 17 12 25 20 29 42 43 50 40 29 41 41 13 31 7 23 18 34 27 21 42 14 36 31 32 31 11 41 45 16 44 11 8 20 24 11 34 15 14 29 41 22 25 17 40 25 25 7 48 29 32 9 22 40 35 39 10 31 21 18 11 31 10 33
17 25 21 24 34 16 24 25 44 21 17 34 13 36 8 24 24 37 23 17 33 42 14 18 30 35 21 24 18 21 32 15 32 32 22 16 39 21 14 21 39 13 41 24 18 18 42 11 39 45 11 35 29 36 9 40 16 14 14 9 30 37 25 36 14 48 22 15 25 27 39 33 21 41 30 31 12 19 16 46
15 11 17 24 12 21 19 27 14 33 24 34 47 13 27 23 8 24 21 20 38 27 22 24 12 17 17 26 11 29 13 13 39 25 35 9 22 42 19 42 10 26 32 28 12 12 14 31 30 8 29 28 10 21 17 24 37 8 23 37 9 15 19 13 8 33 9 40 20 15 11 38 36 18 37 15 43 21 16 30
24 19 23 32 27 30 38 10 19 33 15 19 19 40 32 11 29 13 37 26 35 14 28 15 35 22 12 27 19 18 37 27 38 9 38 36 24 46 11 21 40 33 15 36 28 18 20 30 38 32 14 20 33 14 31 11 19 12 19 17 17 31 7 16 47 36 11 15 36 37 15 22 30 34 12 17 24 39 30 43
36 15 21 25 15 27 34 10 18 32 25 21 47 20 37 33 24 17 39 9 42 32 25 20 35 44 14 34 21 13 39 27 33 14 19 13 43 44 27 24 16 7 38 36 44 8 37 9 16 24 25 28 45 36 32 40 39 14 29 40 31 28 37 22 15 27 30 27 45 29 49 20 19 47 33 41 18 25 36 22
9 36 27 37 37 15 24 19 37 32 21 16 23 11 46 38 43 43 39 17 37 9 17 42 28 30 9 23 36 7 38 30 32 28 30 36 35 16 29 40 15 41 10 27 23 9 7 31 16 26 29 21 36 46 7 45 40 40 12 39 41 16 26 22 42 27 47 15 39 27 17 29 11 33 34 16 29 28 15 28
19 32 45 24 32 13 15 30 30 37 28 40 27 28 15 36 24 36 47 36 9 23 18 10 29 39 12 23 9 27 34 19 27 38 28 11 42 12 38 17 46 18 45 19 17 31 12 18 31 23 46 26 30 23 17 27 22 25 7 27 22 24 26 11 20 33 33 38 11 36 30 10 40 47 24 15 28 14 45 13
43 37 37 22 19 43 34 32 31 44 16 46 23 28 22 30 25 41 35 23 38 17 26 10 13 32 33 20 10 13 32 11 13 30 16 32 13 9 25 33 29 13 31 14 26 13 32 14 30 42 13 22 41 9 21 13 13 10 10 34 40 48 44 27 22 24 31 34 16 42 11 17 34 18 40 31 20 32 19 26
10 36 10 33 32 13 34 28 29 14 48 20 38 34 27 40 18 46 33 21 29 37 10 11 10 24 18 45 15 48 35 42 37 32 27 12 26 11 31 21 32 32 30 22 9 21 21 18 20 16 30 34 31 17 26 42 35 42 26 30 30 37 32 32 28 11 32 28 17 18 32 36 19 48 35 10 47 9 11 10
21 49 19 28 26 50 40 50 18 57 39 34 50 20 37 14 50 42 36 40 51 12 18 11 41 42 48 30 35 34 13 22 15 42 57 12 60 19 25 16 47 13 38 30 23 45 29 35 13 43 16 44 50 33 20 20 17 60 43 27 51 49 53 30 41 20 45 34 19 24 54 25 51 30 31 54 38 40 60 50
57 15 39 33 47 41 47 28 27 37 13 34 22 45 30 20 17 12 40 22 43 52 52 58 48 32 50 48 17 34 12 35 28 44 32 30 47 15 49 40 36 42 16 50 53 22 50 13 11 23 34 13 50 19 18 36 51 37 26 19 54 36 36 12 53 30 49 12 28 49 49 56 12 39 24 22 11 41 16 33
21 28 21 29 43 19 31 30 53 23 21 50 15 48 11 38 26 52 28 24 47 46 16 27 47 42 25 39 23 31 41 20 46 44 28 21 40 25 17 26 52 16 51 40 25 24 54 16 45 57 16 44 46 57 12 43 21 20 21 12 32 40 35 38 16 59 29 24 37 36 47 43 30 53 42 50 21 20 20 57
20 12 23 30 14 23 31 39 21 47 28 44 55 21 29 37 12 28 27 28 47 35 34 36 16 23 18 33 12 44 17 18 41 34 38 13 30 55 23 55 12 29 37 42 16 15 18 41 48 12 36 36 13 26 23 24 56 11 30 56 15 21 26 17 11 41 15 47 23 19 14 57 49 22 39 15 49 26 23 42
29 23 28 38 37 42 47 11 31 52 18 20 23 55 43 15 37 20 46 34 45 16 33 23 39 33 13 32 27 20 43 37 50 12 52 55 29 51 18 28 49 47 23 54 35 30 25 35 44 38 16 29 44 23 45 16 22 16 27 19 23 44 12 24 51 53 14 22 39 50 15 34 44 53 16 22 32 44 50 49
53 20 24 38 21 41 50 14 24 36 36 29 59 26 42 43 27 20 47 14 59 38 29 21 42 53 20 50 29 17 45 38 45 18 19 21 52 57 39 41 21 10 48 53 53 10 56 13 27 29 31 33 48 40 44 52 59 20 36 47 46 34 42 30 20 38 31 40 62 36 59 23 25 50 38 55 21 36 43 24
15 57 36 52 49 16 26 23 56 44 23 23 34 14 51 50 48 48 49 20 60 12 24 51 34 41 12 31 51 12 57 39 43 30 34 41 42 18 41 50 21 50 12 28 34 16 10 39 23 35 39 23 48 60 10 52 51 48 16 41 50 23 27 29 49 37 58 20 48 35 23 38 12 47 37 21 37 44 19 35
30 36 52 29 40 18 16 34 45 42 32 50 33 30 25 54 25 52 56 49 12 26 27 16 37 50 14 25 10 28 43 29 29 53 39 15 52 19 53 21 55 26 53 23 26 38 21 22 39 25 61 29 39 26 21 38 28 35 11 42 24 32 38 18 23 50 43 47 16 51 40 14 43 58 32 17 30 18 56 20
43 44 48 37 23 50 41 43 45 51 18 55 37 42 32 42 35 58 46 31 42 17 32 14 20 43 36 26 13 17 41 12 15 39 18 39 15 11 32 45 44 21 37 23 39 16 51 15 45 54 17 35 48 12 29 18 19 12 13 37 54 52 56 30 24 34 45 36 22 52 13 26 49 29 43 39 28 44 22 32
14 36 12 41 37 18 42 33 32 17 49 22 42 48 31 49 21 50 47 25 31 45 15 16 14 31 30 56 24 60 43 53 47 46 43 19 31 12 35 26 50 41 41 30 10 28 26 20 26 19 45 40 32 23 34 46 47 57 32 37 41 41 39 41 40 17 38 40 21 27 41 40 22 56 43 11 48 15 13 11
20 9 15 12 14 14 15 18 19 19 5 24 9 11 12 8 18 24 20 15 23 11 15 25 13 10 18 7 22 6 11 22 19 23 5 5 15 14 7 14 6 15 18 18 7 7 5 12 21 7 7 16 5 14 9 25 8 23 8 17 19 16 11 9 6 12 9 20 24 19 7 7 18 5 25 17 7 23 18 15
11 24 6 17 24 18 6 16 6 21 18 9 8 9 13 24 25 7 17 16 25 24 7 13 24 20 21 6 8 19 7 5 19 15 20 20 21 23 21 8 5 10 13 9 7 14 19 20 12 7 6 14 21 14 25 9 14 22 5 12 6 9 18 11 13 19 20 6 18 19 14 7 24 11 5 5 11 10 14 18
5 24 23 17 10 5 23 16 11 5 24 24 15 20 20 20 15 22 23 20 11 10 11 23 13 12 15 5 9 5 14 18 14 20 15 9 8 6 10 12 17 17 7 7 23 24 9 24 5 22 12 25 14 9 6 7 22 15 5 20 9 23 16 21 8 9 21 15 5 17 5 19 7 13 15 16 14 9 9 13
21 9 17 5 15 21 19 10 15 13 8 18 15 14 8 7 10 17 23 21 9 5 8 20 16 21 11 20 11 15 8 22 12 25 15 10 20 20 13 7 14 8 23 12 5 24 21 24 21 20 9 14 24 16 10 19 12 21 5 11 10 9 22 23 8 20 7 6 10 15 23 11 16 17 10 17 16 5 13 12
16 5 17 24 7 19 24 20 21 22 17 5 7 13 11 13 14 18 22 24 25 25 24 19 15 25 23 7 18 7 9 21 9 13 5 19 18 20 10 10 25 7 6 17 10 20 24 9 9 14 14 13 16 19 21 7 20 8 14 17 22 5 20 16 9 12 25 11 5 13 19 18 21 9 25 23 7 10 14 7
12 14 5 5 16 17 25 13 19 17 9 5 9 10 22 5 21 25 7 14 21 6 21 11 25 12 5 20 20 20 22 9 16 15 23 14 9 12 13 18 12 11 16 9 24 20 19 21 6 24 14 20 7 18 18 20 5 12 14 8 6 15 13 13 10 25 18 13 22 8 7 22 20 21 9 10 20 6 21 12
23 12 11 25 6 15 14 15 11 15 15 8 24 12 22 22 21 24 13 19 9 20 18 5 17 9 10 6 12 13 24 11 25 5 12 24 15 20 25 11 24 20 5 21 22 19 5 18 9 22 12 8 10 13 19 14 13 9 6 23 10 12 8 13 22 11 16 15 7 23 5 21 24 14 24 8 8 15 10 6
14 21 8 19 14 25 13 10 18 6 12 21 19 10 24 11 22 5 7 17 13 7 23 19 6 21 19 16 7 11 7 11 10 16 21 10 9 23 9 22 13 17 7 6 21 24 24 23 5 19 18 10 17 7 7 22 23 10 23 7 19 10 14 20 9 9 12 23 21 8 20 14 20 8 17 25 14 19 10 24
13 10 6 15 24 8 17 8 22 25 15 11 19 24 15 21 17 19 15 19 8 11 6 16 14 19 15 23 12 15 9 14 20 12 16 15 9 6 14 16 6 21 21 14 21 18 19 23 18 11 6 21 9 14 15 17 8 18 20 9 7 22 15 12 16 6 17 13 9 10 10 5 19 22 13 25 13 6 24 16
10 24 10 13 15 11 19 7 10 7 16 14 5 22 7 20 11 7 6 14 16 19 21 18 15 25 9 14 22 17 11 11 11 6 14 23 16 5 18 21 6 20 16 7 11 6 10 20 9 20 7 25 15 22 6 16 8 19 13 13 5 8 11 24 13 21 16 14 17 15 17 8 17 18 15 23 22 20 18 15
157 157 157 157 157 157 157 157 157 157
