10
80
31 15 33 29 26 34 33 26 30 11 41 41 30 43 39 23 34 35 32 32 19 39 13 31 27 28 25 10 24 37 39 31 24 7 19 16 34 15 15 47 37 27 21 37 11 32 11 11 14 10 35 37 24 32 32 41 31 22 23 26 43 34 31 27 15 22 13 18 19 36 31 18 13 35 33 12 35 13 35 40
33 11 45 26 40 49 26 18 25 36 15 22 35 23 35 24 12 27 35 11 33 17 20 15 19 36 9 15 27 13 31 32 31 32 18 44 10 21 21 14 10 45 11 14 37 36 30 43 29 42 9 29 18 7 30 38 10 7 26 34 11 31 40 12 29 19 24 28 35 45 30 19 16 25 20 18 44 33 13 35
8 41 8 30 36 18 9 19 12 22 26 21 21 12 16 27 30 11 22 18 12 27 16 16 7 35 14 23 34 47 28 14 18 23 17 36 20 20 19 40 7 16 21 19 19 31 11 40 25 23 29 41 8 33 26 26 27 11 26 15 29 36 43 24 15 33 22 19 34 45 15 46 7 30 45 37 22 15 32 37
17 38 14 39 30 24 14 29 15 20 13 32 40 11 23 44 26 36 26 12 34 45 34 27 17 9 18 19 16 31 30 17 32 34 30 26 26 38 36 25 34 46 28 9 28 47 23 42 31 8 9 9 20 18 13 12 21 46 9 34 19 7 10 40 17 22 29 20 21 17 23 29 17 28 14 32 33 34 11 34
33 35 40 31 29 18 19 11 25 28 43 34 29 8 22 45 12 30 9 23 16 21 18 38 43 9 21 17 40 31 20 45 36 25 35 33 36 39 13 12 34 35 12 27 38 44 42 18 10 17 18 12 27 49 21 19 46 9 36 31 22 8 44 22 14 19 38 31 13 20 37 36 38 38 44 20 18 37 20 13
14 9 21 23 37 9 19 37 27 28 27 19 15 12 20 17 12 10 18 30 19 46 15 29 34 26 50 35 11 30 19 26 29 25 36 36 26 47 33 40 42 24 42 11 36 23 40 24 12 14 35 25 18 18 47 15 20 30 30 11 29 37 15 24 20 28 38 39 34 22 29 24 49 42 29 8 17 24 34 36
37 21 34 43 14 18 25 28 24 36 34 29 24 24 31 33 10 13 31 40 35 10 26 38 8 40 42 30 40 36 8 29 12 15 24 16 26 28 23 14 30 41 20 33 18 7 38 16 24 18 31 16 17 32 13 39 10 17 40 50 23 11 23 23 11 35 11 16 18 38 22 15 33 44 21 23 38 9 17 34
29 9 42 35 45 31 30 12 36 23 8 29 33 13 22 41 21 22 29 14 28 27 35 25 18 30 44 15 14 32 11 13 31 32 21 47 27 32 40 36 13 35 26 35 23 18 38 40 37 16 34 14 13 22 10 14 32 18 37 37 17 33 31 29 10 35 24 40 15 30 13 40 20 18 26 11 22 40 13 21
21 17 13 34 19 37 44 11 31 41 36 21 34 36 27 13 19 14 31 39 31 30 42 29 30 29 39 37 26 20 12 46 33 23 9 34 32 8 25 22 10 30 15 32 18 21 30 38 42 35 29 40 37 33 32 45 37 37 33 15 16 35 18 22 22 33 37 32 12 26 24 28 15 26 20 14 13 17 17 12
23 18 22 44 27 36 46 13 28 40 10 17 23 18 25 41 25 33 27 16 38 19 17 33 16 14 24 42 38 19 18 43 45 39 36 13 24 22 31 33 28 44 43 40 29 49 44 7 27 40 42 40 40 24 7 43 27 30 15 21 34 14 47 9 29 15 47 38 37 15 45 29 10 8 16 15 29 31 14 46
38 15 43 30 29 41 50 27 36 11 41 50 31 45 62 34 47 36 39 33 25 58 15 43 30 45 39 14 28 44 51 46 36 12 22 19 44 21 21 54 57 30 28 45 18 46 15 15 22 12 47 42 29 42 47 59 41 23 34 38 49 40 41 36 18 26 19 26 21 42 38 20 20 36 37 15 37 18 41 53
36 16 48 36 46 50 36 20 35 45 23 32 38 26 46 40 15 35 46 13 34 21 29 17 22 46 12 22 40 13 34 48 44 47 27 52 17 22 25 19 13 55 13 18 55 43 44 57 37 50 12 47 26 12 32 44 11 12 40 49 17 47 55 18 37 26 36 36 48 53 46 22 19 29 29 26 53 38 20 45
12 48 11 33 45 28 13 30 17 36 36 22 26 14 20 34 48 14 25 26 13 41 23 19 12 43 15 28 41 58 37 19 25 30 18 50 24 30 28 58 12 20 26 30 22 37 15 54 32 36 41 58 12 53 31 35 29 17 35 21 39 38 57 32 26 44 23 22 41 52 22 54 10 37 54 43 30 20 40 52
20 44 21 52 38 31 19 33 17 24 16 39 53 12 26 52 38 46 34 14 46 45 47 33 18 12 24 22 24 41 35 21 49 35 31 28 34 56 42 33 41 47 41 12 30 53 33 44 39 13 14 13 22 21 21 14 28 57 14 36 22 10 13 50 24 22 44 27 26 27 28 38 19 33 20 42 41 47 17 40
41 45 43 36 33 20 24 15 35 34 58 45 30 11 33 51 20 49 13 26 23 23 21 47 58 12 26 17 46 37 29 54 52 27 42 35 51 41 17 18 54 41 14 41 55 49 54 24 13 27 26 18 33 61 30 23 57 10 41 46 24 11 48 24 17 23 60 35 15 29 55 47 50 50 47 24 21 46 21 16
15 13 36 29 50 14 22 45 46 44 34 25 17 12 31 18 12 15 26 37 28 62 18 36 42 32 56 45 12 36 24 31 34 31 52 58 37 60 40 52 49 34 55 11 46 36 49 29 20 19 48 32 20 23 49 20 22 30 31 13 43 39 20 35 28 32 58 48 44 29 42 32 56 52 40 11 23 32 46 45
45 25 40 58 20 19 35 29 34 45 42 37 29 29 51 48 12 15 50 46 52 10 35 60 10 47 51 38 47 58 12 47 20 20 34 16 36 40 27 18 47 42 31 37 20 10 41 24 28 27 37 19 21 38 20 42 15 23 43 60 33 16 32 33 16 39 12 18 27 54 32 18 35 45 30 32 51 12 25 40
33 12 42 51 48 39 38 21 50 30 11 36 46 16 31 49 32 26 41 17 42 40 52 34 20 39 49 22 16 45 12 18 49 32 31 62 39 35 58 44 18 50 41 40 23 24 40 48 42 26 42 20 17 23 14 16 42 24 50 50 28 48 43 32 15 43 34 53 18 42 13 53 23 21 39 11 32 47 19 33
32 23 14 42 24 60 52 13 48 56 48 27 43 43 31 15 25 17 42 44 51 40 46 38 35 34 41 49 30 22 19 47 38 31 13 44 34 12 38 34 15 41 16 39 30 33 47 47 52 45 36 51 56 44 38 55 50 47 50 18 20 51 26 27 26 55 57 50 18 38 35 33 19 36 28 19 18 22 25 14
23 31 32 54 36 44 53 15 34 49 12 18 30 23 30 54 35 42 30 26 52 23 21 41 21 16 27 46 43 22 23 55 49 49 47 13 39 24 39 44 39 61 47 49 41 56 48 11 42 57 51 46 44 29 12 43 36 42 19 27 46 17 53 12 41 22 61 58 41 21 52 42 11 11 25 16 36 38 18 60
15 13 16 8 20 11 10 21 24 6 5 23 13 13 23 17 5 10 24 20 7 22 16 18 10 8 24 14 20 12 15 24 14 23 17 16 20 6 16 23 11 9 24 12 15 23 8 13 23 7 18 18 23 15 19 22 11 24 8 14 9 15 21 18 21 11 17 5 15 16 5 21 24 6 8 9 16 9 25 21
7 16 20 25 22 16 11 25 16 21 14 5 10 16 11 18 20 21 9 10 12 8 13 25 14 22 16 13 19 6 12 22 14 11 15 12 11 16 11 25 6 21 10 9 22 14 10 12 14 23 14 23 17 20 18 24 12 10 7 23 22 22 17 15 12 24 18 16 14 19 21 23 23 13 12 23 23 23 6 12
20 23 18 18 10 20 7 9 6 20 11 19 21 10 12 23 7 12 8 10 9 19 10 22 18 22 20 8 5 22 17 10 12 14 13 12 9 9 13 15 19 8 22 22 6 22 17 7 22 6 11 12 13 24 14 25 25 19 21 6 19 6 24 20 21 25 20 25 8 20 13 13 9 25 20 15 6 14 15 13
14 10 21 21 16 7 14 15 10 11 9 23 9 23 14 16 12 12 24 11 15 13 13 21 13 8 12 22 5 19 19 5 18 16 13 14 6 22 19 21 17 13 6 20 19 5 24 14 9 25 14 14 18 25 24 12 22 13 12 8 23 19 6 12 5 8 14 14 9 25 22 6 6 13 16 5 5 22 12 13
11 24 11 14 18 19 22 7 24 21 18 22 15 5 21 20 24 23 15 22 24 7 25 22 15 9 13 5 25 12 7 10 13 19 18 13 14 13 12 23 23 5 17 8 15 25 12 19 14 7 13 20 7 12 13 16 13 11 15 8 25 5 23 25 6 14 25 14 20 15 25 21 20 13 21 17 11 10 18 18
19 20 10 14 12 13 20 19 11 22 6 25 15 24 16 20 19 24 8 25 8 24 14 21 12 21 6 20 8 11 20 10 12 9 18 8 7 15 5 25 13 11 20 24 17 19 16 15 14 12 11 8 5 9 24 6 12 16 19 7 8 24 6 8 7 18 11 11 20 12 14 24 21 25 12 19 12 15 12 16
12 16 23 13 15 13 22 22 9 18 9 12 8 20 14 6 11 17 13 9 9 13 18 13 12 16 6 24 14 7 24 7 11 23 18 9 17 9 24 11 9 18 13 7 23 17 25 20 10 9 10 12 15 17 15 7 19 11 14 13 16 22 16 15 22 11 20 5 7 20 9 22 14 17 16 10 22 10 24 25
24 10 20 11 10 12 10 24 13 9 10 22 5 16 19 5 15 13 14 13 18 23 8 20 22 7 25 17 11 21 6 20 9 25 21 18 6 21 12 20 20 18 19 6 7 19 9 7 14 8 16 25 18 23 12 17 5 16 16 24 13 23 12 25 20 11 21 5 9 14 20 16 22 16 6 8 22 10 10 11
23 10 5 14 12 18 21 20 18 15 11 11 7 24 9 19 6 17 14 8 22 16 15 13 17 16 9 24 7 22 12 8 16 22 9 16 21 17 22 23 24 14 20 19 9 19 8 24 14 22 19 22 24 21 6 12 22 21 9 16 15 15 11 10 10 20 20 7 22 22 6 17 6 9 15 8 8 18 9 24
25 16 23 23 9 15 11 17 6 22 13 6 16 5 8 11 14 9 17 25 7 23 13 17 6 11 18 23 14 19 17 21 17 24 17 8 11 17 9 12 18 6 14 18 15 18 12 5 15 9 6 7 10 24 7 17 19 20 15 5 10 12 23 23 25 15 21 20 17 13 10 24 21 9 13 16 15 6 17 8
152 152 152 152 152 152 152 152 152 152
