10
80
17 32 36 10 27 9 19 25 28 39 12 23 27 10 38 35 32 31 29 16 24 37 42 19 19 22 30 29 24 39 11 33 13 25 16 35 26 10 30 30 42 28 27 44 37 32 15 36 35 27 26 31 29 30 26 41 21 41 17 18 15 35 33 21 10 37 31 33 25 21 7 23 34 9 32 18 27 23 48 36
30 36 24 31 13 33 12 41 39 8 22 43 36 21 48 10 39 43 18 37 12 43 17 17 22 34 38 26 27 36 15 16 22 12 12 35 19 12 34 25 15 21 38 19 45 30 16 41 14 25 29 42 26 37 23 16 30 30 36 11 41 15 22 24 26 39 15 21 34 9 12 12 10 33 10 23 8 35 38 28
22 35 9 18 16 24 32 44 42 43 14 39 36 28 13 11 21 30 29 23 44 28 13 19 31 22 24 36 12 15 40 12 40 11 11 44 25 32 15 36 27 12 28 31 22 8 30 16 10 12 36 17 16 22 29 23 13 28 29 28 27 35 20 17 29 26 42 37 37 23 26 9 19 20 26 35 24 30 38 32
37 30 28 37 34 29 37 11 25 33 45 38 35 16 39 26 31 46 30 37 15 27 11 31 13 48 44 41 37 16 33 28 46 17 27 23 23 12 35 29 16 34 30 18 31 20 39 26 27 20 39 32 17 32 30 39 27 41 35 20 20 14 12 20 28 26 26 23 10 11 33 11 12 35 9 16 28 16 7 40
28 15 45 43 41 15 34 33 31 25 15 45 44 31 17 41 35 26 30 26 19 18 24 35 27 35 43 45 12 37 22 17 22 8 38 44 31 10 9 30 28 29 23 11 12 40 35 29 9 38 39 32 21 26 35 17 31 29 16 32 11 18 35 35 19 23 17 27 30 13 47 29 31 19 46 9 32 14 28 46
11 10 34 9 30 20 33 25 21 35 22 20 25 27 36 42 39 26 38 29 12 38 17 28 31 20 34 12 33 14 30 8 13 27 40 30 10 27 40 42 28 36 42 33 48 44 34 47 39 29 15 29 42 30 21 26 20 27 28 34 27 14 42 24 30 40 34 25 28 9 17 40 10 35 32 44 14 41 30 34
11 16 28 28 32 12 25 16 20 22 24 14 41 30 30 34 9 43 31 39 33 31 37 24 36 15 11 29 28 14 17 12 42 40 29 32 17 26 28 49 40 20 26 13 37 22 26 33 34 10 49 13 36 38 11 41 24 38 29 28 40 37 23 22 15 31 36 19 39 39 36 34 13 10 47 18 16 43 23 23
33 23 36 32 25 40 33 30 11 19 13 39 22 25 25 34 20 20 36 35 32 24 22 44 37 24 26 40 22 41 28 13 10 43 11 38 22 29 15 40 16 31 41 23 44 33 20 28 11 34 31 40 23 45 16 23 21 11 31 8 33 25 35 25 32 10 18 42 42 27 23 15 43 39 17 11 12 10 22 43
11 29 10 29 25 25 20 42 25 46 37 21 10 36 39 9 24 11 39 32 19 23 31 20 22 13 14 32 11 36 34 17 32 17 15 26 36 46 20 31 27 33 21 25 20 27 37 8 26 12 24 33 16 23 11 21 11 23 29 28 18 15 38 10 12 42 32 32 19 29 22 11 43 26 14 33 35 19 15 20
14 9 38 26 15 42 10 9 10 31 20 23 30 22 22 34 24 18 32 31 14 19 39 34 12 20 17 29 23 13 10 40 23 16 10 45 12 13 19 32 22 13 31 32 16 38 12 41 42 24 23 44 17 35 14 43 33 27 35 18 13 42 13 31 15 37 42 27 12 32 27 20 27 13 9 28 25 41 33 43
21 42 39 11 33 15 27 28 36 55 18 30 35 14 54 46 46 44 38 20 32 52 49 26 22 35 45 44 30 50 14 42 15 34 24 46 29 12 41 39 59 41 37 49 49 39 20 51 41 32 28 43 39 40 37 60 33 55 20 24 18 44 40 27 15 43 40 47 31 31 11 34 45 12 48 28 29 31 54 44
40 57 35 36 17 54 16 44 48 11 30 52 52 26 54 15 58 47 27 44 15 45 23 20 25 42 43 36 33 52 20 22 35 16 18 46 30 15 39 34 22 25 46 26 54 42 16 58 21 42 48 54 36 41 29 25 48 47 51 12 48 20 28 36 31 55 17 36 41 11 14 13 17 36 12 28 12 53 44 35
35 37 13 22 19 36 49 62 50 46 17 52 44 42 17 15 27 40 42 28 51 40 19 27 43 31 34 42 17 18 53 14 61 12 13 59 36 51 19 46 40 15 43 47 26 13 39 18 13 14 54 21 20 26 41 25 15 32 35 36 32 43 24 20 47 32 47 50 51 28 32 14 22 25 36 44 33 33 53 38
42 37 34 39 41 42 50 13 29 42 46 45 46 19 46 33 43 58 36 49 18 39 13 38 19 55 51 57 53 20 50 45 49 20 36 32 27 14 57 40 19 55 38 25 36 27 52 33 33 29 60 34 22 41 32 55 38 53 55 25 25 17 20 30 43 34 27 28 11 13 48 17 18 45 14 22 42 22 10 44
42 16 58 49 62 17 41 38 34 26 20 47 54 31 26 55 49 35 37 38 22 27 40 51 35 50 53 58 14 51 27 27 35 10 55 51 37 13 13 36 39 38 28 15 15 50 49 43 13 49 57 40 29 31 36 20 44 45 23 40 14 25 36 41 22 33 20 33 45 19 53 37 36 24 47 12 41 16 38 58
14 11 54 12 45 26 39 25 32 43 30 30 31 39 58 58 47 34 54 41 15 45 25 36 48 26 45 15 42 20 46 13 18 37 49 40 13 33 48 52 42 57 49 41 57 56 44 48 50 42 17 35 51 43 23 35 29 41 35 42 40 15 54 33 34 52 38 30 36 11 22 57 12 42 40 52 18 43 32 43
15 21 32 38 44 17 28 21 27 26 25 17 51 41 43 49 14 53 37 50 38 40 37 31 54 21 15 40 31 20 22 17 52 45 45 46 26 26 37 52 49 26 32 18 46 25 26 40 35 15 49 20 43 40 14 53 38 57 34 31 53 38 31 29 19 36 52 26 47 48 38 42 16 16 54 22 22 54 33 33
43 31 48 41 30 53 48 41 13 24 17 44 31 37 34 49 28 28 42 50 35 31 24 54 48 31 29 48 27 59 38 16 13 49 12 49 33 34 19 49 23 43 52 32 58 40 28 38 18 45 38 46 34 56 20 30 25 13 43 13 45 32 52 26 36 16 19 55 43 32 30 16 50 41 18 17 12 13 27 62
13 31 12 38 33 36 32 52 38 47 51 21 12 57 46 11 27 13 51 40 19 34 31 24 26 19 17 34 13 51 46 26 38 20 17 39 53 57 24 44 38 40 27 38 27 42 48 10 30 16 30 40 22 27 15 24 13 34 38 37 26 23 50 12 17 50 44 47 26 38 31 11 53 39 18 37 48 25 20 20
22 10 48 35 20 56 10 15 14 38 23 28 39 31 30 39 34 24 37 40 16 24 52 37 17 31 20 33 35 13 11 49 26 19 11 46 15 18 23 46 28 13 48 43 18 61 19 41 52 33 27 52 22 40 16 48 47 32 57 21 15 54 16 47 20 42 49 34 17 48 41 22 34 14 13 36 29 51 44 56
6 8 11 6 13 6 5 21 10 10 21 6 19 12 7 24 9 18 20 9 17 14 13 22 8 18 25 8 21 8 21 23 17 11 13 9 16 11 21 14 13 23 9 23 10 7 25 5 16 14 19 25 6 11 17 10 14 8 23 23 15 22 16 11 17 6 18 9 23 20 19 20 8 22 5 13 18 10 6 7
25 17 22 25 22 6 22 14 5 18 15 18 9 5 24 14 17 20 25 23 7 24 18 11 14 20 10 22 7 19 18 12 15 8 22 8 16 17 8 19 7 10 16 17 8 25 10 5 24 9 19 8 20 5 23 23 6 15 10 10 25 5 12 6 20 22 16 15 15 11 5 9 6 24 5 5 15 16 12 22
19 25 11 7 5 21 24 11 18 21 18 6 8 10 25 17 12 21 9 25 5 9 7 13 20 25 9 8 8 5 10 20 22 25 22 21 6 12 18 15 16 18 14 16 16 7 21 10 18 23 13 19 5 23 14 18 5 11 21 13 21 13 9 19 8 22 12 10 23 20 11 12 5 24 23 5 19 21 10 17
21 13 5 22 13 12 12 14 15 14 19 8 24 9 5 18 10 18 13 20 7 8 11 23 5 22 18 6 6 6 9 6 21 12 8 17 21 13 16 12 18 13 7 24 25 14 16 19 14 8 23 14 13 19 15 8 14 8 16 6 25 11 21 11 12 7 12 9 18 8 24 25 18 23 18 9 6 21 7 23
25 17 22 20 5 21 25 11 24 13 22 19 13 13 13 24 9 21 12 7 9 15 20 23 18 25 8 19 9 13 12 14 22 22 22 25 8 16 9 16 25 14 5 16 10 23 23 18 19 25 12 19 17 20 18 23 13 15 23 25 7 6 8 18 23 8 15 17 23 18 23 8 22 23 25 11 10 19 9 10
6 23 19 12 19 22 16 20 19 20 11 22 14 6 21 21 19 17 6 7 24 9 7 13 16 20 23 21 24 14 22 16 12 7 7 19 9 9 16 11 25 15 8 5 17 11 20 8 21 18 21 5 24 6 9 18 7 19 8 21 15 12 13 15 13 6 19 10 18 5 11 15 17 11 19 13 21 8 22 9
13 12 14 5 11 17 24 13 8 25 18 9 8 7 5 25 24 17 21 19 13 21 16 11 18 7 10 24 5 20 11 15 16 12 5 20 11 16 8 7 10 12 12 25 22 5 23 6 12 6 6 21 15 20 15 20 5 15 17 17 9 16 18 16 9 23 23 25 24 16 10 13 20 7 20 8 11 23 19 22
6 14 16 9 5 17 16 24 16 16 22 13 25 19 16 24 6 19 18 15 7 14 23 23 21 10 16 20 7 7 12 13 6 12 14 24 19 18 16 25 19 25 12 15 21 23 9 12 17 6 10 9 15 25 24 9 11 8 21 25 18 20 9 25 11 22 14 20 6 20 16 8 24 25 20 25 24 13 25 17
7 24 25 5 17 8 17 9 8 23 20 25 6 9 20 23 16 16 14 19 16 12 25 21 12 14 7 8 16 5 18 13 21 20 13 25 19 21 16 18 22 25 8 5 13 19 23 14 10 21 19 21 13 13 15 7 5 18 19 11 14 8 8 18 17 14 14 6 23 6 15 13 22 19 25 15 15 21 21 5
24 10 19 6 16 15 7 18 20 17 8 21 15 19 25 11 9 19 10 15 7 22 21 14 10 17 14 19 24 21 5 7 17 13 12 21 23 20 10 22 6 20 14 5 7 9 19 11 11 16 13 12 7 16 21 21 10 7 9 8 9 14 12 8 11 5 21 6 6 20 15 9 15 8 21 14 19 19 11 20
130 130 130 130 130 130 130 130 130 130
