10
80
32 19 30 31 37 26 32 32 19 34 38 19 14 20 44 10 14 19 27 27 32 27 23 22 35 11 22 22 21 32 16 32 35 30 10 33 12 21 27 10 36 26 23 44 21 30 24 13 13 29 34 7 38 27 17 22 35 25 12 15 43 14 9 25 12 14 37 10 8 22 32 38 28 9 10 16 32 33 21 27
42 25 22 16 43 32 46 28 32 37 24 31 33 45 12 10 41 34 8 27 39 27 39 13 12 46 8 41 12 25 39 37 13 18 39 35 13 15 24 14 30 26 23 47 20 38 12 32 7 26 28 40 28 50 35 37 27 34 36 12 12 19 44 26 42 21 30 31 29 22 19 14 9 31 34 45 37 28 29 14
14 8 24 34 18 7 42 17 13 13 37 31 30 36 16 13 19 11 22 27 34 10 21 36 12 18 31 30 38 29 27 15 36 38 24 19 15 12 10 29 41 35 29 12 32 11 12 28 19 24 43 24 23 29 20 15 23 19 12 32 42 17 30 23 26 34 45 15 11 26 30 41 19 30 10 21 38 24 10 22
33 15 23 13 10 39 9 40 14 37 14 31 34 11 29 35 14 24 21 25 20 29 11 38 24 15 11 33 30 8 14 33 44 37 36 50 36 23 10 42 12 42 39 23 19 12 25 8 30 33 40 22 38 16 16 15 25 34 23 33 25 27 25 19 19 26 10 39 21 38 22 41 14 32 14 45 24 22 24 11
13 45 17 38 29 31 22 13 29 10 35 27 25 17 20 12 18 16 29 36 11 43 20 11 11 19 32 44 40 20 15 47 37 29 20 18 24 32 39 24 38 21 14 31 22 41 42 40 31 28 31 25 18 21 25 15 18 21 44 33 27 43 45 38 10 12 32 25 36 41 34 24 36 17 37 27 17 31 12 17
14 7 8 27 32 12 13 39 34 9 24 29 10 11 32 29 17 42 33 23 14 15 40 18 34 25 41 33 19 37 20 37 24 35 13 48 10 41 11 38 40 32 38 37 9 37 12 25 23 31 42 35 25 21 39 36 34 34 11 9 18 26 26 19 36 17 23 28 9 32 19 27 17 16 24 21 24 36 13 35
17 10 41 34 12 10 21 28 45 39 10 15 49 32 36 25 45 38 37 21 16 24 27 41 35 34 40 22 34 29 12 40 20 38 34 9 24 30 25 30 36 25 11 33 36 23 18 16 20 11 38 30 26 16 44 41 47 11 39 32 21 42 30 13 25 31 33 37 26 38 22 37 38 31 24 28 18 31 39 23
10 16 36 37 11 25 15 19 43 33 31 39 35 11 13 35 28 13 35 14 16 12 12 8 47 30 9 41 19 35 21 45 38 19 15 33 24 9 41 10 39 33 18 12 36 19 11 28 31 22 44 18 23 11 21 13 41 34 10 13 38 25 19 44 14 39 12 39 10 11 25 15 36 26 40 16 11 8 8 34
8 27 21 34 32 23 36 29 24 33 41 34 49 25 16 17 17 24 9 21 22 23 14 9 19 21 28 17 28 27 28 21 12 13 36 13 42 36 26 14 25 15 36 23 38 11 14 22 16 34 30 8 31 17 43 27 8 48 21 20 33 15 46 26 17 33 10 29 12 15 31 16 20 36 34 28 7 24 17 17
46 14 18 30 10 23 28 37 26 19 23 34 42 27 26 24 16 15 28 11 30 39 30 39 9 34 9 28 32 46 12 16 16 44 12 38 10 23 36 25 29 25 17 34 45 29 10 37 37 30 37 23 30 35 7 32 17 16 9 12 34 38 30 34 36 31 16 18 9 15 21 31 28 39 19 22 40 10 30 19
42 22 32 46 40 33 41 43 29 53 45 23 16 30 49 11 16 32 36 37 40 30 31 32 53 13 25 26 25 42 17 45 40 33 14 38 13 27 32 10 54 40 25 56 26 33 29 13 19 38 56 11 44 37 26 32 55 31 16 20 46 16 12 32 14 18 60 15 13 32 37 49 39 12 11 20 48 44 24 40
51 29 29 18 52 51 53 37 32 47 34 47 55 57 17 12 48 42 11 39 48 30 57 15 17 47 12 57 12 27 61 43 16 26 51 41 15 17 37 18 40 31 29 60 22 40 14 48 12 30 45 49 41 51 44 62 33 39 44 14 20 27 54 34 50 27 33 36 36 34 27 20 13 43 41 53 49 38 37 23
18 12 34 44 20 12 53 26 15 16 54 44 40 57 23 15 19 11 26 35 41 10 24 44 19 27 40 41 51 35 41 22 54 51 37 20 17 18 15 37 49 45 42 18 42 14 17 40 24 30 61 25 32 42 30 22 35 28 18 36 50 23 40 30 34 46 49 19 14 32 40 49 30 36 16 33 43 32 14 32
38 22 29 18 12 45 15 47 15 47 17 49 38 14 44 46 16 28 27 37 23 42 13 43 27 21 12 47 45 11 17 47 57 47 57 53 46 25 15 50 15 56 58 27 23 14 29 11 51 38 43 29 50 21 19 20 30 44 34 47 33 32 28 21 29 38 13 47 29 55 27 44 23 37 20 52 35 23 29 12
13 56 19 53 35 46 25 16 35 15 36 36 34 19 29 13 24 21 36 52 12 43 24 15 15 31 42 56 54 20 23 58 43 29 20 18 26 41 56 40 44 25 15 34 27 53 53 48 38 35 41 32 25 35 41 24 21 25 61 39 38 58 45 44 13 14 50 38 51 51 41 38 46 27 53 30 21 39 13 24
16 11 13 43 37 19 13 52 45 13 26 44 13 15 43 37 22 49 45 30 17 15 49 22 39 31 50 40 20 45 29 51 27 43 20 50 16 51 18 48 56 53 46 43 14 52 16 34 28 45 60 51 37 26 54 41 41 53 15 15 24 31 40 27 51 23 29 41 10 41 25 34 23 24 34 27 32 51 18 45
22 17 52 42 13 17 30 32 52 50 15 18 58 49 51 33 50 44 50 24 20 36 31 56 46 38 49 30 39 34 18 57 28 48 49 10 32 49 29 37 43 36 13 47 54 33 24 26 23 12 45 33 28 20 53 56 57 13 53 40 29 46 37 15 32 36 52 40 28 59 28 38 49 50 28 39 21 35 53 31
14 22 43 38 14 28 17 25 52 42 37 53 39 12 13 46 35 19 58 17 23 17 16 11 60 39 16 50 24 44 31 58 52 25 25 39 41 13 56 11 54 38 23 13 42 23 15 37 41 32 57 25 28 15 29 15 48 40 13 16 54 32 24 45 19 47 13 50 12 18 32 25 44 40 60 21 11 10 12 48
13 38 27 37 36 24 40 37 33 38 44 37 55 33 26 21 23 25 14 28 29 33 18 13 25 32 37 22 42 33 41 25 12 19 48 16 56 55 31 16 27 19 49 31 45 17 16 24 21 50 38 11 41 19 47 34 12 56 33 27 44 23 52 41 26 47 12 42 15 23 42 22 24 53 34 36 11 28 22 18
50 16 25 38 10 28 36 52 33 27 23 55 47 43 38 31 16 17 33 14 31 39 42 48 12 42 13 29 37 54 17 21 25 54 17 51 16 30 54 38 39 32 19 42 52 30 12 48 44 43 43 31 36 45 12 42 26 20 12 16 42 47 41 36 42 43 20 29 13 16 23 43 39 51 29 30 50 14 35 27
22 12 14 12 23 10 13 7 11 20 10 18 25 16 9 23 14 18 24 6 7 18 19 5 9 18 12 14 18 16 11 9 25 19 20 18 22 18 15 23 15 16 17 13 5 16 18 6 22 14 20 16 14 22 8 17 18 9 21 25 6 8 6 17 20 11 12 14 14 18 16 25 19 15 12 9 18 13 5 15
5 12 17 7 10 15 10 23 11 16 17 25 23 24 21 7 21 20 16 24 20 7 22 13 7 10 22 12 14 11 23 20 10 20 13 25 12 20 9 11 23 9 20 22 19 11 7 21 21 7 23 11 14 13 20 7 21 7 18 13 24 7 5 9 14 14 11 10 13 9 19 13 20 8 15 6 21 13 25 18
6 9 7 21 5 15 8 8 16 25 18 22 11 6 16 16 15 5 22 12 21 9 18 22 8 6 14 9 12 22 19 21 23 8 14 19 24 24 8 20 5 8 6 9 19 7 24 13 24 15 19 16 22 14 13 9 9 8 13 22 12 21 22 12 8 23 10 12 11 21 8 25 19 19 15 8 24 20 25 15
8 14 6 10 18 13 15 10 20 7 17 19 18 25 12 19 21 20 13 11 7 18 25 7 23 5 19 14 19 25 19 16 15 6 12 24 6 23 23 21 14 10 15 14 19 21 14 6 13 18 23 25 8 21 17 17 18 11 23 20 16 13 14 13 23 5 10 7 22 14 19 17 22 14 25 23 25 5 20 21
14 8 8 25 7 23 13 19 22 8 15 24 20 9 5 25 9 19 24 13 14 7 16 19 9 8 7 24 20 8 25 12 8 12 23 22 13 13 6 22 10 22 12 24 14 6 12 10 9 24 17 14 10 15 8 25 18 12 11 14 5 9 12 9 18 21 6 11 8 7 17 17 13 6 16 17 17 11 21 9
11 6 5 24 13 22 22 15 8 17 13 14 18 20 12 24 21 20 6 8 16 16 11 16 17 9 13 5 25 20 24 24 21 7 8 19 22 20 23 12 14 5 13 24 9 22 21 7 10 24 16 8 12 19 21 10 25 8 20 10 6 22 21 18 20 19 11 16 12 17 8 20 6 10 19 6 11 9 19 14
17 20 13 9 11 7 5 15 16 13 16 15 11 15 16 14 7 21 6 13 15 10 20 22 13 17 24 5 8 8 17 19 6 25 25 10 23 25 8 24 6 24 8 22 24 10 22 18 19 7 13 9 19 8 5 25 18 22 9 25 23 14 7 17 24 7 20 10 13 25 23 14 8 12 9 17 22 10 15 18
24 24 15 5 7 9 19 15 21 12 20 10 12 14 12 6 5 8 18 10 24 13 24 24 8 21 21 7 24 8 20 20 9 5 24 24 22 6 22 21 18 6 9 10 11 7 17 6 8 20 24 14 13 6 16 10 12 5 5 21 21 7 6 14 20 19 16 6 18 21 19 11 21 14 15 11 11 25 17 16
24 23 6 25 17 13 10 16 20 10 17 5 23 25 12 11 13 24 15 19 9 6 5 18 20 17 24 25 20 6 11 16 18 13 23 7 5 10 21 20 8 12 12 12 15 6 18 23 7 8 11 5 25 6 19 13 18 7 5 21 18 5 25 8 17 15 15 8 5 10 11 5 10 20 17 13 17 11 14 21
13 14 21 14 9 19 5 8 18 9 19 11 6 5 9 18 20 25 13 14 23 14 10 18 15 11 22 20 8 8 15 20 20 12 25 12 5 10 17 21 17 17 5 10 21 23 25 8 24 10 13 14 15 15 11 21 8 19 23 6 22 18 23 16 11 7 12 9 10 19 11 24 7 17 18 11 14 21 13 6
152 152 152 152 152 152 152 152 152 152
