10
80
14 36 11 25 17 22 23 47 12 40 27 15 49 12 26 10 39 25 32 31 28 5 10 10 19 20 29 14 28 19 10 14 12 30 50 7 45 17 19 14 30 7 24 24 16 26 15 20 10 26 7 41 36 27 9 11 8 32 32 16 26 48 29 15 35 19 27 17 11 17 24 21 26 26 29 35 27 16 39 47
25 10 19 28 33 27 46 18 21 21 8 30 9 20 23 12 17 10 23 15 29 41 25 25 40 14 23 41 7 27 5 25 12 34 29 22 21 10 37 19 19 22 13 31 41 12 22 11 9 12 15 6 40 14 12 21 26 17 21 17 49 33 22 5 28 25 23 10 18 41 39 33 8 36 18 9 10 31 13 18
19 25 15 22 34 13 17 22 44 18 14 40 7 43 6 21 14 30 20 13 20 24 10 11 23 32 14 25 14 22 37 16 35 26 23 14 23 15 15 23 43 12 25 22 14 14 36 6 22 24 6 24 31 46 6 22 12 15 9 10 26 26 19 18 8 27 20 13 28 28 30 41 15 25 37 28 15 17 16 35
18 10 13 18 10 11 17 28 16 36 21 25 41 14 24 29 7 26 26 12 36 28 18 24 16 20 14 25 6 21 9 16 25 18 18 10 25 45 16 34 5 20 26 28 11 9 13 22 36 11 16 18 8 13 21 19 25 5 21 29 9 17 17 13 8 27 8 27 16 9 7 32 37 16 29 14 45 20 9 36
20 12 15 25 19 25 37 8 20 26 11 20 17 35 25 13 32 14 26 28 33 12 25 13 35 20 9 31 14 13 30 31 37 9 21 42 19 28 9 24 44 34 15 28 32 22 15 16 38 19 15 24 24 17 18 13 14 10 14 14 15 37 10 18 40 29 6 21 19 37 15 23 22 28 9 14 21 35 34 35
30 15 16 16 10 29 30 10 12 32 18 24 25 16 39 30 17 10 29 6 25 24 25 17 34 48 10 31 28 7 37 29 35 13 19 16 41 41 18 24 12 6 22 46 43 5 27 6 13 17 29 18 24 27 28 24 36 17 21 35 27 25 39 17 14 30 24 28 45 28 39 20 14 27 23 36 20 19 22 11
11 30 20 30 29 8 23 15 30 37 18 10 22 6 37 43 24 31 42 15 47 7 10 38 28 24 6 12 47 10 33 28 19 25 23 23 38 16 36 39 13 43 8 24 19 8 6 21 12 21 30 18 37 34 9 31 22 37 12 28 24 9 14 17 41 19 30 10 33 30 13 29 11 31 26 9 17 24 17 21
14 25 41 14 20 17 15 25 39 37 26 21 18 24 21 35 21 24 42 47 6 23 19 13 17 43 7 22 8 15 38 16 16 47 30 7 44 12 25 15 33 15 24 21 14 35 12 17 26 13 31 25 31 26 10 30 28 29 7 32 22 27 18 13 21 31 39 44 11 43 35 10 20 36 22 11 21 16 23 15
37 31 32 22 15 49 30 29 19 38 12 40 16 31 26 31 32 29 20 20 20 9 20 10 8 19 24 21 8 11 35 11 9 33 16 28 13 10 17 37 21 11 29 19 20 9 29 13 34 36 11 25 47 5 23 14 14 6 8 21 30 25 27 17 21 27 18 25 9 40 10 23 26 13 30 16 21 23 15 18
7 20 9 41 20 12 38 16 20 9 39 22 38 34 20 29 19 37 24 13 25 34 7 13 11 22 20 38 12 27 25 37 32 30 20 10 16 11 29 22 22 30 35 18 10 24 19 13 15 14 34 18 27 18 29 26 27 28 24 33 35 27 16 19 27 9 21 27 11 17 21 20 16 27 26 8 28 10 11 5
19 53 18 35 30 60 53 55 16 59 47 43 59 25 44 12 57 40 45 42 48 15 19 13 51 52 52 36 30 48 13 27 16 48 66 15 56 28 31 15 41 14 49 31 23 44 28 33 18 52 17 55 62 45 19 19 15 60 37 33 42 63 67 33 44 24 49 30 17 34 53 31 69 37 34 48 50 43 71 57
49 18 53 32 50 34 62 26 25 36 12 31 19 55 42 19 22 13 43 26 38 53 58 61 57 39 60 54 18 41 15 39 24 44 32 29 60 18 49 45 34 50 19 46 64 20 46 14 12 28 35 13 56 22 20 43 60 44 36 23 71 38 46 13 64 42 45 17 38 46 52 63 14 39 33 27 13 38 18 34
22 27 22 34 48 27 29 33 51 25 26 41 22 52 11 40 32 48 34 27 55 59 17 31 45 56 27 45 31 34 56 22 52 53 30 22 46 23 15 23 55 20 47 36 25 23 46 17 56 65 18 45 57 59 11 46 26 19 24 10 40 48 40 37 17 69 42 30 46 39 63 50 32 60 58 46 25 22 24 48
22 16 31 38 17 30 29 45 23 41 34 37 66 22 30 40 11 37 31 33 51 34 43 46 19 21 20 34 16 48 21 21 52 34 41 13 37 57 23 61 10 36 41 41 18 22 19 45 43 15 31 29 13 28 25 29 71 11 29 66 15 25 25 18 10 61 18 41 21 19 17 68 54 28 54 17 62 34 23 52
25 25 25 44 41 39 60 10 35 64 17 24 22 69 46 17 42 18 54 34 44 21 42 29 40 39 13 38 31 26 52 38 62 11 48 60 35 56 18 35 46 45 28 53 40 29 21 40 44 48 17 25 47 19 43 21 25 21 27 19 20 46 14 28 62 63 15 24 51 57 20 37 39 51 19 25 32 48 55 53
60 21 29 32 23 35 62 16 23 49 33 38 50 31 54 42 30 23 50 15 62 50 33 23 56 59 20 46 33 16 64 42 56 20 19 25 43 52 49 41 24 13 47 57 57 15 50 13 28 36 39 42 48 44 51 54 63 24 46 46 41 34 60 36 19 49 38 51 58 31 58 29 22 52 45 73 23 32 55 23
16 49 36 58 58 19 33 21 55 54 23 19 42 14 69 50 50 52 70 24 68 15 28 50 30 54 16 29 65 10 63 45 41 37 34 52 45 20 49 45 24 62 14 37 44 18 13 36 19 47 50 24 57 74 13 51 57 55 24 58 55 20 39 37 64 31 60 19 52 39 31 47 17 48 51 20 33 39 23 37
36 46 59 42 48 22 22 45 56 39 36 44 40 35 31 65 25 54 73 48 11 27 29 17 40 46 19 27 12 42 54 29 38 61 50 19 54 23 46 29 67 27 69 27 21 39 25 21 36 29 62 37 48 38 21 50 31 42 13 51 23 33 38 16 32 47 54 47 16 66 53 15 60 52 27 15 35 20 59 25
51 38 58 41 21 70 34 39 45 55 24 68 38 46 30 45 38 70 42 33 43 24 35 19 22 43 40 31 16 20 46 12 17 56 24 40 22 11 31 53 46 19 49 28 51 20 48 19 48 65 17 30 61 12 26 19 20 14 17 36 51 49 47 38 32 39 41 53 19 51 12 29 58 25 46 47 24 40 27 34
14 47 10 49 40 20 61 41 42 22 66 22 54 43 40 59 23 62 65 30 31 51 18 19 17 36 25 55 25 67 49 48 51 40 53 19 33 11 41 24 52 45 52 37 15 30 23 27 31 22 53 48 42 25 39 51 38 68 34 49 60 47 47 39 46 21 40 48 17 31 42 48 23 69 42 12 51 18 12 13
20 9 15 12 14 14 15 18 19 19 5 24 9 11 12 8 18 24 20 15 23 11 15 25 13 10 18 7 22 6 11 22 19 23 5 5 15 14 7 14 6 15 18 18 7 7 5 12 21 7 7 16 5 14 9 25 8 23 8 17 19 16 11 9 6 12 9 20 24 19 7 7 18 5 25 17 7 23 18 15
11 24 6 17 24 18 6 16 6 21 18 9 8 9 13 24 25 7 17 16 25 24 7 13 24 20 21 6 8 19 7 5 19 15 20 20 21 23 21 8 5 10 13 9 7 14 19 20 12 7 6 14 21 14 25 9 14 22 5 12 6 9 18 11 13 19 20 6 18 19 14 7 24 11 5 5 11 10 14 18
5 24 23 17 10 5 23 16 11 5 24 24 15 20 20 20 15 22 23 20 11 10 11 23 13 12 15 5 9 5 14 18 14 20 15 9 8 6 10 12 17 17 7 7 23 24 9 24 5 22 12 25 14 9 6 7 22 15 5 20 9 23 16 21 8 9 21 15 5 17 5 19 7 13 15 16 14 9 9 13
21 9 17 5 15 21 19 10 15 13 8 18 15 14 8 7 10 17 23 21 9 5 8 20 16 21 11 20 11 15 8 22 12 25 15 10 20 20 13 7 14 8 23 12 5 24 21 24 21 20 9 14 24 16 10 19 12 21 5 11 10 9 22 23 8 20 7 6 10 15 23 11 16 17 10 17 16 5 13 12
16 5 17 24 7 19 24 20 21 22 17 5 7 13 11 13 14 18 22 24 25 25 24 19 15 25 23 7 18 7 9 21 9 13 5 19 18 20 10 10 25 7 6 17 10 20 24 9 9 14 14 13 16 19 21 7 20 8 14 17 22 5 20 16 9 12 25 11 5 13 19 18 21 9 25 23 7 10 14 7
12 14 5 5 16 17 25 13 19 17 9 5 9 10 22 5 21 25 7 14 21 6 21 11 25 12 5 20 20 20 22 9 16 15 23 14 9 12 13 18 12 11 16 9 24 20 19 21 6 24 14 20 7 18 18 20 5 12 14 8 6 15 13 13 10 25 18 13 22 8 7 22 20 21 9 10 20 6 21 12
23 12 11 25 6 15 14 15 11 15 15 8 24 12 22 22 21 24 13 19 9 20 18 5 17 9 10 6 12 13 24 11 25 5 12 24 15 20 25 11 24 20 5 21 22 19 5 18 9 22 12 8 10 13 19 14 13 9 6 23 10 12 8 13 22 11 16 15 7 23 5 21 24 14 24 8 8 15 10 6
14 21 8 19 14 25 13 10 18 6 12 21 19 10 24 11 22 5 7 17 13 7 23 19 6 21 19 16 7 11 7 11 10 16 21 10 9 23 9 22 13 17 7 6 21 24 24 23 5 19 18 10 17 7 7 22 23 10 23 7 19 10 14 20 9 9 12 23 21 8 20 14 20 8 17 25 14 19 10 24
13 10 6 15 24 8 17 8 22 25 15 11 19 24 15 21 17 19 15 19 8 11 6 16 14 19 15 23 12 15 9 14 20 12 16 15 9 6 14 16 6 21 21 14 21 18 19 23 18 11 6 21 9 14 15 17 8 18 20 9 7 22 15 12 16 6 17 13 9 10 10 5 19 22 13 25 13 6 24 16
10 24 10 13 15 11 19 7 10 7 16 14 5 22 7 20 11 7 6 14 16 19 21 18 15 25 9 14 22 17 11 11 11 6 14 23 16 5 18 21 6 20 16 7 11 6 10 20 9 20 7 25 15 22 6 16 8 19 13 13 5 8 11 24 13 21 16 14 17 15 17 8 17 18 15 23 22 20 18 15
157 157 157 157 157 157 157 157 157 157
