10
40
11 42 35 21 36 38 27 36 37 37 20 38 25 11 38 37 37 31 9 12 44 18 12 25 30 36 41 39 47 25 39 31 21 15 14 35 16 17 29 20
50 30 16 9 34 20 39 14 37 36 39 9 46 12 19 34 12 36 16 42 30 24 27 26 23 11 35 20 36 11 18 27 32 21 38 26 41 16 40 19
23 24 25 10 20 32 43 25 14 50 33 16 16 15 10 47 46 32 40 36 24 39 32 22 32 14 20 48 11 36 21 27 33 24 11 37 18 33 15 13
19 23 21 48 43 9 42 12 23 11 12 41 27 39 26 38 9 29 33 30 17 29 32 31 17 46 45 48 48 31 18 23 36 13 39 16 22 43 36 43
11 26 32 17 11 34 30 45 31 30 42 24 44 38 30 48 11 38 32 30 15 25 41 42 38 18 32 40 12 13 23 23 12 24 29 45 35 36 30 45
35 44 20 29 41 46 17 24 32 12 19 16 31 47 46 16 21 14 36 45 31 39 17 47 20 40 27 38 12 39 29 16 47 48 37 48 43 25 49 32
15 43 48 11 33 15 32 18 14 43 39 45 12 17 38 45 28 32 28 36 31 22 46 37 21 25 14 15 27 10 34 26 41 40 27 49 36 37 30 35
43 48 16 11 25 34 41 26 18 37 34 37 24 25 27 14 9 34 34 21 29 14 14 32 34 25 28 13 46 11 27 23 40 34 45 29 29 42 38 9
45 20 35 13 30 30 15 33 35 30 15 42 28 35 44 18 19 35 20 27 12 40 37 25 20 34 28 38 44 40 9 12 33 24 23 39 46 35 19 40
12 40 25 10 12 15 34 22 19 29 25 23 12 30 37 37 18 12 17 16 18 24 21 15 21 10 40 11 13 40 28 17 30 14 40 26 36 35 21 38
13 47 39 24 40 46 34 42 40 39 22 46 30 13 42 41 41 36 12 13 52 18 14 27 33 43 49 46 48 28 48 33 24 16 15 39 18 19 33 23
52 32 17 10 36 22 40 17 44 36 46 11 48 13 19 38 13 40 18 42 33 25 29 31 27 13 38 21 37 12 23 33 37 24 41 28 43 18 48 20
27 25 28 10 23 35 51 27 17 50 37 18 17 16 11 52 50 35 47 40 27 43 35 22 38 15 20 49 12 41 24 32 36 27 11 43 23 36 16 15
20 24 26 50 44 11 49 12 25 12 14 45 34 43 31 40 10 30 35 37 18 32 38 34 19 50 48 51 49 31 21 26 45 16 42 16 24 47 38 47
12 29 32 19 12 36 33 48 34 35 49 28 50 41 32 51 12 41 36 32 16 29 50 49 44 19 35 43 15 15 27 27 12 25 30 49 40 37 36 51
38 53 24 30 42 47 19 25 37 14 21 18 33 52 47 19 25 15 43 53 37 42 19 55 22 45 29 43 12 44 36 17 48 54 42 51 51 26 53 36
16 48 51 12 37 16 38 19 16 48 43 52 13 18 41 48 31 34 30 38 34 26 50 44 25 27 15 17 32 12 35 27 44 43 27 53 39 45 34 35
46 55 17 12 26 38 48 29 22 43 39 41 25 28 31 15 12 36 40 23 30 16 16 38 37 29 28 13 49 13 34 26 43 40 55 29 31 43 43 12
51 20 40 13 35 31 16 40 39 34 17 46 30 38 51 21 19 39 22 30 15 45 41 30 23 35 30 41 49 44 10 15 37 26 23 44 48 40 22 46
14 40 30 10 15 18 37 23 24 34 29 26 15 32 42 41 21 15 20 17 19 28 24 18 21 11 46 13 14 44 29 19 33 16 45 28 41 38 21 44
6 8 11 6 13 6 5 21 10 10 21 6 19 12 7 24 9 18 20 9 17 14 13 22 8 18 25 8 21 8 21 23 17 11 13 9 16 11 21 14
13 23 9 23 10 7 25 5 16 14 19 25 6 11 17 10 14 8 23 23 15 22 16 11 17 6 18 9 23 20 19 20 8 22 5 13 18 10 6 7
25 17 22 25 22 6 22 14 5 18 15 18 9 5 24 14 17 20 25 23 7 24 18 11 14 20 10 22 7 19 18 12 15 8 22 8 16 17 8 19
7 10 16 17 8 25 10 5 24 9 19 8 20 5 23 23 6 15 10 10 25 5 12 6 20 22 16 15 15 11 5 9 6 24 5 5 15 16 12 22
19 25 11 7 5 21 24 11 18 21 18 6 8 10 25 17 12 21 9 25 5 9 7 13 20 25 9 8 8 5 10 20 22 25 22 21 6 12 18 15
16 18 14 16 16 7 21 10 18 23 13 19 5 23 14 18 5 11 21 13 21 13 9 19 8 22 12 10 23 20 11 12 5 24 23 5 19 21 10 17
21 13 5 22 13 12 12 14 15 14 19 8 24 9 5 18 10 18 13 20 7 8 11 23 5 22 18 6 6 6 9 6 21 12 8 17 21 13 16 12
18 13 7 24 25 14 16 19 14 8 23 14 13 19 15 8 14 8 16 6 25 11 21 11 12 7 12 9 18 8 24 25 18 23 18 9 6 21 7 23
25 17 22 20 5 21 25 11 24 13 22 19 13 13 13 24 9 21 12 7 9 15 20 23 18 25 8 19 9 13 12 14 22 22 22 25 8 16 9 16
25 14 5 16 10 23 23 18 19 25 12 19 17 20 18 23 13 15 23 25 7 6 8 18 23 8 15 17 23 18 23 8 22 23 25 11 10 19 9 10
71 71 71 71 71 71 71 71 71 71
