10
80
40 18 27 35 34 29 31 41 23 42 45 19 14 24 45 9 16 24 35 29 37 26 23 30 39 10 19 23 22 37 16 40 37 32 13 36 10 24 27 10 44 33 21 47 26 27 25 12 17 28 41 10 38 33 23 26 45 25 14 17 43 13 9 28 11 16 46 11 11 25 30 44 37 9 10 16 38 37 21 36
49 24 25 15 41 41 49 33 31 37 31 38 44 43 15 9 44 39 10 29 42 27 46 12 13 45 10 42 10 26 46 38 14 20 46 40 13 17 27 17 34 27 23 49 21 40 12 39 9 27 33 43 34 47 43 45 27 32 40 11 16 21 43 31 42 23 31 32 26 26 23 16 10 36 31 45 39 36 30 19
16 10 27 41 17 9 44 21 13 12 47 37 32 42 19 12 18 11 22 27 37 9 20 39 17 20 35 40 42 26 33 19 42 46 27 20 17 14 14 34 41 39 34 16 40 12 13 32 19 25 49 25 24 34 23 18 29 26 15 33 42 20 38 27 27 46 47 15 12 25 35 43 22 33 13 27 39 25 13 27
35 18 25 17 9 36 11 40 12 37 13 40 32 13 38 42 14 26 25 28 18 39 11 37 26 18 11 40 36 11 14 40 46 34 45 48 35 20 12 40 13 42 45 24 19 14 26 10 37 34 37 24 38 17 19 18 24 44 29 39 25 28 24 17 25 29 10 40 24 49 23 38 19 32 16 47 32 20 26 11
13 45 15 43 30 37 21 12 26 12 34 29 28 17 22 10 21 17 33 44 10 43 20 12 14 24 38 41 41 18 17 49 36 28 18 18 24 32 46 28 34 21 13 30 20 40 41 41 35 30 40 27 19 27 33 19 19 20 49 32 33 45 41 39 10 12 40 33 37 45 38 28 46 21 41 26 17 35 11 19
14 9 10 34 32 16 13 45 43 11 24 37 12 13 35 27 18 40 43 24 13 14 43 18 37 29 49 35 19 38 26 45 26 38 17 44 11 41 14 42 43 41 40 36 11 38 12 25 23 41 45 42 27 20 43 41 31 42 14 11 19 25 32 22 44 19 23 36 9 29 22 31 21 18 28 24 25 39 17 41
18 13 44 35 12 12 21 27 42 42 11 14 49 39 37 29 42 37 49 22 18 29 28 44 42 36 47 26 36 31 14 48 25 42 40 10 28 38 25 34 34 31 9 38 42 26 20 20 19 11 36 29 25 15 48 41 47 11 46 34 26 40 27 15 24 29 43 33 26 48 28 35 41 38 28 35 18 27 42 27
12 18 38 34 12 27 14 18 42 39 31 44 38 10 13 39 29 15 42 16 21 13 15 9 48 31 11 39 22 38 23 43 45 24 19 33 30 10 43 11 40 36 22 13 34 20 12 28 36 27 45 18 22 12 26 15 38 39 11 14 50 27 20 41 15 38 12 46 10 13 25 19 35 28 45 16 10 10 9 42
11 27 25 35 32 24 37 35 29 36 37 34 45 24 19 19 20 23 12 24 28 24 14 11 20 26 31 21 33 26 31 19 10 17 39 14 49 43 26 14 22 17 45 26 43 12 14 20 18 42 33 10 32 17 40 28 9 45 28 27 40 19 49 30 21 38 10 33 15 19 36 18 21 46 34 35 9 25 18 16
45 13 21 28 9 23 33 46 25 23 23 43 43 33 32 28 15 13 28 11 30 37 38 41 12 38 11 27 36 47 13 17 19 50 12 47 13 25 46 33 31 28 17 38 44 26 9 38 37 40 39 25 28 41 10 40 21 17 10 14 38 40 32 32 35 34 16 23 13 14 19 39 28 38 25 24 46 13 28 23
45 23 30 40 39 33 37 44 26 46 47 20 16 26 50 12 16 27 36 33 39 30 28 31 44 12 23 26 25 44 16 43 39 36 15 37 12 27 31 11 50 35 24 53 28 31 29 14 17 35 47 10 40 38 25 27 50 29 15 18 47 14 10 35 13 17 50 12 12 29 36 49 40 11 11 18 39 42 25 36
52 27 29 17 47 44 52 38 32 41 35 41 49 48 17 12 49 42 11 35 51 29 51 13 15 48 11 47 12 28 50 42 15 24 50 44 14 17 31 17 37 28 26 49 23 43 12 42 11 29 39 48 38 54 46 51 31 38 42 13 16 24 52 35 44 26 33 35 29 29 24 17 12 42 36 48 48 38 31 20
18 11 33 43 18 11 49 22 13 13 48 42 37 50 20 13 20 12 22 31 41 11 21 44 18 24 35 43 51 29 36 19 48 48 31 20 17 15 14 37 42 41 34 16 41 13 14 38 20 29 52 27 27 35 27 21 30 27 16 38 46 25 43 29 34 50 49 16 15 29 36 49 26 35 13 29 43 27 15 27
38 21 28 17 10 39 13 45 14 43 16 40 36 14 39 45 17 28 28 32 23 40 12 43 29 19 13 47 40 11 16 46 50 41 52 55 40 24 13 45 14 50 49 28 24 14 30 11 42 34 42 26 42 18 20 18 26 44 30 41 28 35 26 19 27 32 12 44 26 55 24 44 19 33 18 51 34 24 29 12
14 49 17 46 34 40 24 15 30 15 37 29 33 20 25 12 24 18 37 50 12 47 24 15 16 27 44 47 49 22 20 52 41 30 22 19 28 36 49 32 38 24 14 33 25 47 46 48 38 31 41 28 23 30 33 21 20 23 51 37 38 52 45 40 11 12 43 36 44 51 40 31 50 24 43 27 20 40 12 21
15 11 12 37 34 18 14 50 45 14 24 40 13 13 37 32 22 45 44 27 14 15 48 18 41 33 51 39 22 39 27 45 27 42 17 49 14 45 16 44 49 46 46 42 12 46 13 30 26 44 54 51 32 22 47 43 38 47 15 13 22 26 34 26 48 21 25 40 11 35 24 33 25 22 30 28 26 48 18 45
19 14 50 38 12 14 26 30 49 47 14 16 49 45 42 36 48 45 50 25 19 34 32 50 48 41 47 30 41 35 15 50 28 49 40 10 30 43 28 38 37 34 11 39 48 27 22 22 24 11 42 30 27 16 51 48 51 13 47 37 28 47 32 15 28 34 48 37 26 52 30 40 42 44 29 37 23 32 43 29
14 20 38 37 13 30 15 21 46 39 32 50 40 12 13 48 32 17 51 18 23 16 15 12 53 32 14 47 24 45 26 50 50 26 22 35 36 13 48 12 44 40 23 14 38 20 15 33 44 30 50 21 24 13 29 16 43 40 12 16 55 30 25 45 17 44 13 49 12 16 27 21 41 34 53 19 12 11 10 45
12 33 26 38 35 24 39 36 31 39 45 40 51 28 21 21 21 25 13 28 31 27 16 11 22 26 34 23 36 27 37 21 13 18 44 16 51 48 28 15 27 19 49 28 48 14 16 22 18 43 37 11 36 20 48 32 12 48 28 28 44 20 55 36 25 44 12 37 15 22 42 21 24 48 34 38 11 30 22 18
51 15 25 31 10 27 37 51 27 26 23 45 46 36 35 31 17 16 30 14 31 41 41 46 12 41 14 28 37 53 14 17 24 55 15 51 14 25 47 36 34 33 19 41 49 31 11 43 40 43 40 27 33 46 10 42 23 19 13 15 43 48 38 38 40 38 16 25 13 17 21 46 33 43 28 26 49 15 30 25
22 12 14 12 23 10 13 7 11 20 10 18 25 16 9 23 14 18 24 6 7 18 19 5 9 18 12 14 18 16 11 9 25 19 20 18 22 18 15 23 15 16 17 13 5 16 18 6 22 14 20 16 14 22 8 17 18 9 21 25 6 8 6 17 20 11 12 14 14 18 16 25 19 15 12 9 18 13 5 15
5 12 17 7 10 15 10 23 11 16 17 25 23 24 21 7 21 20 16 24 20 7 22 13 7 10 22 12 14 11 23 20 10 20 13 25 12 20 9 11 23 9 20 22 19 11 7 21 21 7 23 11 14 13 20 7 21 7 18 13 24 7 5 9 14 14 11 10 13 9 19 13 20 8 15 6 21 13 25 18
6 9 7 21 5 15 8 8 16 25 18 22 11 6 16 16 15 5 22 12 21 9 18 22 8 6 14 9 12 22 19 21 23 8 14 19 24 24 8 20 5 8 6 9 19 7 24 13 24 15 19 16 22 14 13 9 9 8 13 22 12 21 22 12 8 23 10 12 11 21 8 25 19 19 15 8 24 20 25 15
8 14 6 10 18 13 15 10 20 7 17 19 18 25 12 19 21 20 13 11 7 18 25 7 23 5 19 14 19 25 19 16 15 6 12 24 6 23 23 21 14 10 15 14 19 21 14 6 13 18 23 25 8 21 17 17 18 11 23 20 16 13 14 13 23 5 10 7 22 14 19 17 22 14 25 23 25 5 20 21
14 8 8 25 7 23 13 19 22 8 15 24 20 9 5 25 9 19 24 13 14 7 16 19 9 8 7 24 20 8 25 12 8 12 23 22 13 13 6 22 10 22 12 24 14 6 12 10 9 24 17 14 10 15 8 25 18 12 11 14 5 9 12 9 18 21 6 11 8 7 17 17 13 6 16 17 17 11 21 9
11 6 5 24 13 22 22 15 8 17 13 14 18 20 12 24 21 20 6 8 16 16 11 16 17 9 13 5 25 20 24 24 21 7 8 19 22 20 23 12 14 5 13 24 9 22 21 7 10 24 16 8 12 19 21 10 25 8 20 10 6 22 21 18 20 19 11 16 12 17 8 20 6 10 19 6 11 9 19 14
17 20 13 9 11 7 5 15 16 13 16 15 11 15 16 14 7 21 6 13 15 10 20 22 13 17 24 5 8 8 17 19 6 25 25 10 23 25 8 24 6 24 8 22 24 10 22 18 19 7 13 9 19 8 5 25 18 22 9 25 23 14 7 17 24 7 20 10 13 25 23 14 8 12 9 17 22 10 15 18
24 24 15 5 7 9 19 15 21 12 20 10 12 14 12 6 5 8 18 10 24 13 24 24 8 21 21 7 24 8 20 20 9 5 24 24 22 6 22 21 18 6 9 10 11 7 17 6 8 20 24 14 13 6 16 10 12 5 5 21 21 7 6 14 20 19 16 6 18 21 19 11 21 14 15 11 11 25 17 16
24 23 6 25 17 13 10 16 20 10 17 5 23 25 12 11 13 24 15 19 9 6 5 18 20 17 24 25 20 6 11 16 18 13 23 7 5 10 21 20 8 12 12 12 15 6 18 23 7 8 11 5 25 6 19 13 18 7 5 21 18 5 25 8 17 15 15 8 5 10 11 5 10 20 17 13 17 11 14 21
13 14 21 14 9 19 5 8 18 9 19 11 6 5 9 18 20 25 13 14 23 14 10 18 15 11 22 20 8 8 15 20 20 12 25 12 5 10 17 21 17 17 5 10 21 23 25 8 24 10 13 14 15 15 11 21 8 19 23 6 22 18 23 16 11 7 12 9 10 19 11 24 7 17 18 11 14 21 13 6
152 152 152 152 152 152 152 152 152 152
