10
40
36 40 21 26 24 25 40 38 19 43 13 45 28 48 29 35 33 45 16 45 15 43 25 40 23 40 10 37 14 19 37 18 24 17 32 16 13 26 10 49
24 22 36 47 33 36 28 30 27 22 20 14 11 18 42 11 24 32 34 12 15 46 12 14 14 34 19 21 39 23 25 46 38 49 22 37 20 30 21 31
22 27 44 27 28 27 39 41 17 32 17 22 17 39 27 10 19 29 25 18 18 26 34 25 20 30 13 46 26 14 47 14 19 40 34 18 32 16 42 20
18 32 25 15 46 31 49 36 18 18 20 22 27 31 29 14 37 20 26 22 27 41 28 28 40 20 39 10 14 36 19 38 28 32 28 20 40 19 47 47
46 17 39 21 19 24 18 47 26 18 20 41 10 32 33 10 27 25 28 24 35 43 15 41 42 13 45 31 18 40 12 39 17 45 39 34 12 40 24 38
37 32 36 13 13 34 15 14 27 15 29 48 33 44 22 33 11 27 28 43 24 42 24 45 37 21 37 9 16 26 37 28 42 32 10 13 43 19 19 21
41 17 10 25 21 33 37 41 34 28 23 21 13 48 17 37 11 33 25 15 41 28 27 22 35 29 17 44 12 43 22 14 32 43 17 33 39 31 43 46
47 28 39 34 15 38 15 44 25 38 36 42 45 37 12 23 39 41 18 32 31 30 19 20 18 36 36 14 39 40 12 32 12 17 28 15 16 35 18 42
45 29 41 43 17 27 21 33 10 40 23 12 32 11 15 22 28 19 33 49 14 43 23 31 12 22 35 43 29 35 31 39 31 43 32 16 20 32 18 22
32 11 27 34 31 34 23 9 30 16 12 14 17 44 15 33 34 38 27 10 19 23 42 43 49 28 39 40 33 22 20 45 39 17 26 33 28 13 30 15
39 44 22 27 24 29 40 42 22 44 14 52 30 51 34 41 39 51 17 50 16 49 29 41 25 44 13 44 16 21 40 20 26 19 38 16 16 31 11 52
27 22 40 52 37 40 32 31 30 25 24 16 11 19 47 13 27 33 40 14 16 52 14 17 14 39 22 23 43 24 30 51 46 52 24 39 23 33 25 36
26 34 47 27 30 27 46 44 20 37 19 23 17 40 30 13 23 33 25 19 19 29 36 27 24 32 13 50 30 15 50 16 23 45 38 18 34 19 50 22
19 36 29 15 48 35 51 42 19 19 21 27 32 37 33 14 41 25 28 26 31 43 32 29 46 23 42 11 14 43 19 44 29 35 34 21 44 21 51 53
48 20 42 24 22 25 20 50 28 18 21 44 10 32 37 10 33 27 30 26 36 45 16 44 47 15 50 37 22 43 12 44 18 51 45 38 13 41 26 44
43 35 38 13 14 40 17 15 29 17 31 52 39 49 24 35 12 32 32 50 27 47 25 53 45 21 43 11 19 30 43 33 46 34 12 15 45 21 22 23
46 20 10 28 24 36 45 45 37 31 25 24 15 48 17 37 14 33 27 17 46 34 31 25 38 36 20 49 14 47 25 17 35 46 18 34 41 34 48 50
49 29 41 41 17 38 17 48 29 43 41 43 49 45 14 26 47 42 18 33 31 33 22 21 22 40 42 15 44 47 12 35 13 19 30 17 17 38 18 49
52 34 48 46 18 34 23 37 13 48 27 13 32 12 17 22 29 19 37 53 16 46 27 36 14 24 36 47 30 39 36 46 34 49 37 18 24 34 20 24
38 13 28 37 34 38 25 10 31 18 12 14 19 51 15 36 39 41 31 11 21 25 50 47 52 34 43 42 35 26 21 50 45 19 26 34 30 14 34 18
15 13 16 8 20 11 10 21 24 6 5 23 13 13 23 17 5 10 24 20 7 22 16 18 10 8 24 14 20 12 15 24 14 23 17 16 20 6 16 23
11 9 24 12 15 23 8 13 23 7 18 18 23 15 19 22 11 24 8 14 9 15 21 18 21 11 17 5 15 16 5 21 24 6 8 9 16 9 25 21
7 16 20 25 22 16 11 25 16 21 14 5 10 16 11 18 20 21 9 10 12 8 13 25 14 22 16 13 19 6 12 22 14 11 15 12 11 16 11 25
6 21 10 9 22 14 10 12 14 23 14 23 17 20 18 24 12 10 7 23 22 22 17 15 12 24 18 16 14 19 21 23 23 13 12 23 23 23 6 12
20 23 18 18 10 20 7 9 6 20 11 19 21 10 12 23 7 12 8 10 9 19 10 22 18 22 20 8 5 22 17 10 12 14 13 12 9 9 13 15
19 8 22 22 6 22 17 7 22 6 11 12 13 24 14 25 25 19 21 6 19 6 24 20 21 25 20 25 8 20 13 13 9 25 20 15 6 14 15 13
14 10 21 21 16 7 14 15 10 11 9 23 9 23 14 16 12 12 24 11 15 13 13 21 13 8 12 22 5 19 19 5 18 16 13 14 6 22 19 21
17 13 6 20 19 5 24 14 9 25 14 14 18 25 24 12 22 13 12 8 23 19 6 12 5 8 14 14 9 25 22 6 6 13 16 5 5 22 12 13
11 24 11 14 18 19 22 7 24 21 18 22 15 5 21 20 24 23 15 22 24 7 25 22 15 9 13 5 25 12 7 10 13 19 18 13 14 13 12 23
23 5 17 8 15 25 12 19 14 7 13 20 7 12 13 16 13 11 15 8 25 5 23 25 6 14 25 14 20 15 25 21 20 13 21 17 11 10 18 18
81 81 81 81 81 81 81 81 81 81
