10
40
8 7 22 22 48 12 19 24 25 22 20 17 15 6 24 9 8 6 17 21 18 32 11 32 30 18 38 28 8 23 11 14 23 17 39 47 28 33 28 44
29 24 30 11 28 15 38 26 13 13 29 23 12 10 32 8 15 22 29 11 20 31 13 26 19 27 24 24 35 23 18 17 29 36 21 11 15 24 44 34
23 14 24 23 11 10 23 17 20 21 28 26 21 14 37 24 10 9 36 44 32 9 30 37 10 33 37 24 30 43 5 20 17 18 18 10 18 22 17 9
36 21 20 32 15 8 25 20 18 17 18 9 14 19 9 38 9 21 42 27 18 11 21 28 8 37 6 12 21 30 26 14 19 37 22 15 29 7 13 33
24 9 22 32 31 21 17 13 44 27 6 29 38 14 22 26 17 23 22 10 35 35 29 27 15 21 33 20 9 20 11 13 28 22 20 35 19 28 49 34
11 38 29 29 12 18 37 41 24 18 37 15 10 21 9 12 33 13 26 25 11 44 19 14 12 31 31 37 7 28 13 35 19 16 25 5 24 28 8 29
13 19 12 22 15 38 35 12 22 30 43 17 23 21 20 15 19 9 38 27 35 20 32 23 26 31 28 45 25 13 17 47 22 15 6 29 34 6 19 26
9 28 12 19 12 25 27 25 34 29 20 26 29 21 26 39 39 40 37 13 13 27 16 20 22 23 38 39 11 26 15 20 14 23 24 18 14 14 18 11
19 23 20 35 18 19 26 9 24 41 10 16 22 22 17 24 26 22 19 21 32 14 11 27 10 12 14 32 35 16 9 42 30 44 31 12 18 14 27 22
24 50 28 42 22 30 30 7 18 43 33 31 41 23 6 31 21 22 10 17 41 11 46 7 17 13 41 47 33 10 34 24 10 9 10 8 19 31 14 32
19 11 35 34 54 14 25 58 42 36 40 34 24 16 33 23 14 14 31 41 35 60 16 34 39 31 66 38 11 50 30 32 43 35 47 68 38 58 44 64
61 47 57 13 44 38 54 36 25 23 68 33 22 25 51 22 26 42 30 15 43 41 26 44 24 37 47 55 42 43 37 29 59 66 45 14 28 30 48 49
61 34 40 68 19 21 32 29 42 46 57 45 32 32 46 59 13 18 51 61 57 10 44 65 10 50 67 48 54 66 15 57 20 25 39 23 41 52 33 20
41 42 34 39 30 15 47 21 27 36 37 18 23 41 17 45 16 24 62 58 39 20 30 42 20 53 15 20 36 65 41 19 51 58 32 37 68 13 22 49
32 15 57 64 50 54 42 17 57 38 14 43 55 16 31 57 35 29 46 21 52 42 53 35 24 36 63 24 24 44 13 23 43 46 29 75 37 47 62 48
17 56 42 58 33 26 39 48 54 29 42 22 17 28 13 21 46 24 57 54 26 59 44 42 13 42 41 53 22 60 17 71 31 26 34 15 45 56 17 32
34 26 15 48 27 61 64 16 56 58 58 27 54 49 33 21 25 17 49 57 50 46 55 36 35 46 52 54 35 30 23 65 34 32 12 50 44 11 39 32
15 43 17 50 26 39 46 60 56 66 41 57 51 43 36 64 74 50 63 15 16 46 30 30 30 53 47 51 19 34 35 47 16 32 30 21 17 20 22 20
30 32 44 50 36 46 61 15 29 48 15 18 31 33 36 54 33 51 34 27 66 27 26 44 26 24 33 47 61 28 27 70 50 61 54 17 45 36 34 46
38 73 50 69 45 70 66 15 49 71 63 61 42 26 10 64 34 34 19 32 52 17 70 12 35 23 60 52 48 18 68 40 15 15 26 15 46 46 20 71
16 8 18 15 13 18 20 13 15 5 20 23 16 22 25 15 20 18 18 17 11 24 6 18 15 18 16 6 13 22 25 19 15 5 10 8 21 10 8 25
24 14 12 21 7 19 6 6 9 5 20 21 14 20 21 24 16 11 16 16 25 20 21 15 8 13 8 11 10 19 17 9 8 18 17 6 18 8 18 25
17 6 24 15 22 25 18 10 17 19 10 13 19 12 19 16 6 14 21 6 17 11 14 8 9 23 5 9 17 6 16 22 21 19 12 25 7 11 11 8
6 23 5 7 25 21 20 24 18 23 6 19 11 5 16 22 5 5 17 21 7 20 24 7 18 12 16 15 21 24 21 9 8 14 12 10 25 16 8 20
5 23 5 15 22 12 6 12 7 14 16 11 13 7 8 17 20 6 11 11 6 18 11 8 5 18 8 13 17 24 17 8 11 12 9 23 11 13 12 25
5 8 12 13 9 17 7 23 15 15 19 25 5 22 14 18 14 7 16 10 19 18 23 14 11 18 11 10 19 22 10 23 5 18 23 21 12 9 20 22
9 20 9 22 18 14 8 14 8 10 7 16 22 5 12 22 17 19 14 7 21 23 20 14 9 5 11 10 10 18 15 9 22 17 15 14 16 24 18 15
18 24 18 6 14 24 14 21 18 5 6 5 10 9 9 6 14 24 6 18 10 5 6 24 10 11 18 13 11 11 13 18 9 15 10 18 20 21 7 18
20 20 20 18 15 9 11 7 15 17 25 21 15 5 14 25 8 20 5 13 9 10 10 23 25 5 12 8 21 18 14 25 24 13 17 16 21 21 7 8
22 20 7 18 23 25 25 12 5 12 11 7 14 25 13 10 23 5 20 20 12 5 24 11 8 10 24 18 6 12 22 21 22 20 23 10 9 19 10 7
84 84 84 84 84 84 84 84 84 84
