10
80
37 37 16 26 15 23 27 10 45 33 12 31 17 36 45 14 31 48 19 10 39 29 47 11 30 40 33 38 22 11 11 24 14 21 28 47 19 16 43 42 24 14 13 31 18 13 28 18 28 20 14 29 46 24 21 42 27 40 33 10 36 34 42 29 21 23 38 36 35 31 36 15 26 22 19 14 36 27 27 28
30 15 29 12 45 26 17 17 22 22 34 23 47 21 23 9 24 44 46 17 44 44 45 19 32 32 41 41 25 31 15 21 30 31 21 45 11 28 37 35 20 40 39 28 13 15 22 21 27 44 28 31 10 21 18 13 24 42 24 19 28 48 24 36 40 15 29 23 18 41 31 47 13 41 44 44 47 49 31 24
22 41 27 28 10 26 19 16 15 33 32 18 32 35 20 12 27 13 29 12 32 24 30 45 32 40 45 25 10 11 22 37 28 27 36 16 35 29 45 34 44 46 37 28 16 16 18 30 40 14 13 25 36 39 9 25 17 28 19 44 37 19 15 37 32 21 31 28 39 20 45 9 29 35 16 38 30 43 42 45
22 30 24 14 13 46 25 22 19 21 15 12 23 11 44 32 45 30 44 41 27 13 32 32 37 41 41 48 40 15 14 16 13 15 32 35 13 29 30 35 41 21 18 47 46 28 36 10 21 39 33 45 18 44 11 47 16 16 39 13 11 35 28 21 21 22 29 47 45 34 33 23 38 12 45 27 24 9 14 27
38 15 11 34 47 47 33 38 16 16 24 16 44 45 32 22 25 17 11 32 29 17 46 33 10 34 33 37 16 40 44 33 12 25 46 35 34 27 45 26 37 38 20 19 43 30 15 31 26 20 30 35 29 19 31 32 10 38 30 41 46 34 14 14 37 11 11 47 42 10 44 42 42 15 36 28 29 30 34 14
20 29 33 40 34 43 22 27 20 37 20 42 39 35 18 34 43 40 42 21 11 36 40 33 29 31 38 50 44 18 36 20 38 35 17 11 18 22 39 29 37 19 10 11 11 36 41 14 42 12 41 44 34 14 12 38 10 32 19 15 10 41 47 23 23 12 29 33 28 37 31 16 31 37 50 42 28 18 17 18
29 12 43 36 37 38 36 42 9 23 17 19 41 13 36 35 25 22 10 22 30 34 37 40 33 11 39 26 42 13 27 15 35 15 21 46 18 17 41 16 30 33 39 36 37 10 30 45 14 46 34 32 9 47 31 42 21 37 25 23 34 39 28 36 43 34 26 29 39 10 10 31 37 27 31 45 26 31 21 27
30 39 35 26 39 31 41 44 18 48 9 13 19 28 10 43 27 10 18 9 14 15 43 10 25 43 29 21 10 12 45 38 21 19 22 15 13 36 25 32 35 17 22 14 44 31 32 10 36 39 39 33 30 11 39 44 14 23 45 33 28 25 11 36 15 30 33 19 22 10 30 24 32 34 10 11 28 31 30 13
33 32 27 32 10 42 44 14 31 36 17 30 47 9 23 47 27 11 34 46 33 11 43 20 39 12 25 31 43 49 9 25 10 41 17 31 42 14 17 15 36 30 20 34 46 43 47 16 23 15 39 38 36 30 17 45 15 40 9 30 25 17 16 22 26 29 9 39 33 16 34 17 43 40 16 32 46 40 14 19
12 30 36 21 27 15 41 12 9 39 33 30 40 14 29 16 28 15 19 13 13 33 33 34 47 19 29 27 26 37 34 11 23 25 34 13 25 38 22 39 40 19 18 30 16 13 44 24 22 39 34 44 32 9 35 10 32 17 10 47 22 27 31 36 47 33 37 42 34 15 26 11 28 26 28 23 29 21 26 27
39 38 17 27 15 26 29 10 51 36 13 35 19 36 55 16 35 51 21 11 43 36 50 13 33 43 36 43 22 12 12 25 16 26 31 48 20 19 48 45 29 16 15 35 20 15 33 21 29 23 16 36 50 28 25 50 30 43 35 11 38 38 44 30 22 25 40 43 40 34 37 17 28 23 22 16 38 30 30 31
34 17 34 13 52 28 17 17 24 26 39 27 49 24 27 12 28 52 50 17 50 47 50 19 37 36 47 48 27 36 17 26 34 33 24 49 11 29 40 39 21 47 40 28 15 17 22 23 30 49 34 34 11 22 20 15 28 46 26 23 34 50 28 36 41 18 30 26 23 43 35 50 15 49 52 48 49 51 32 29
23 43 28 30 12 27 19 17 15 34 34 22 37 37 23 14 32 15 31 14 34 27 36 50 37 45 47 28 11 11 23 42 32 27 38 19 42 33 53 38 49 49 41 30 16 19 19 34 43 17 15 29 42 45 11 27 19 28 19 45 43 20 17 42 38 23 35 30 44 23 45 10 32 39 19 42 34 43 48 50
26 35 26 14 14 53 27 23 20 23 18 12 28 14 50 36 47 33 47 42 31 14 33 36 45 45 46 49 46 18 17 16 13 17 37 39 15 34 31 36 43 24 19 49 54 29 40 12 23 40 36 48 18 44 11 54 19 18 42 14 11 35 32 22 23 27 32 51 51 39 35 24 43 13 50 30 25 11 16 31
42 16 11 37 49 52 38 40 16 17 26 16 49 50 34 27 28 19 12 38 29 17 54 36 11 37 38 40 17 49 47 39 14 29 46 40 35 34 48 28 41 41 24 20 46 36 17 36 28 20 33 36 32 22 32 33 12 44 31 41 48 38 16 16 37 12 13 49 45 12 51 46 49 17 40 30 31 31 38 15
22 32 39 46 38 48 25 31 20 41 24 43 44 38 18 37 47 43 50 26 12 37 42 37 30 37 42 52 50 20 37 22 41 42 18 13 20 27 42 35 44 20 12 13 12 42 46 15 45 15 49 49 37 17 13 39 12 35 22 17 12 46 49 24 25 13 31 34 30 44 37 18 36 38 55 48 30 22 19 23
31 13 51 43 40 42 40 51 10 26 19 22 45 14 43 39 26 24 11 26 30 36 40 47 37 12 45 30 45 14 31 15 39 16 24 46 19 19 45 17 34 33 42 38 42 12 36 49 15 50 38 33 12 55 38 50 25 42 26 27 40 45 29 38 46 34 29 33 46 13 11 32 40 31 36 47 28 38 21 27
33 42 35 27 43 38 47 52 21 49 11 15 22 29 12 50 30 11 19 12 15 17 52 12 27 52 34 24 10 14 51 47 22 20 24 17 13 41 25 35 38 18 22 16 50 36 32 11 42 44 40 34 31 13 44 49 17 27 52 40 34 26 12 44 15 30 38 20 24 13 32 29 33 39 11 14 32 35 33 14
38 33 30 37 13 45 49 16 34 42 19 33 53 11 24 49 28 14 39 52 35 12 44 23 48 15 30 37 43 49 11 30 10 47 20 32 47 15 19 15 43 31 21 35 49 50 47 18 28 18 44 44 42 35 17 47 17 49 11 32 30 18 16 26 31 33 12 45 39 16 39 17 49 46 19 37 53 46 14 20
14 32 41 26 33 17 49 15 11 44 35 33 45 14 31 19 32 17 22 15 14 37 36 38 51 24 33 28 27 43 38 14 26 25 37 15 27 47 26 45 43 21 22 32 19 15 45 27 25 47 40 53 35 11 38 11 34 19 11 50 23 33 33 37 50 36 39 44 40 18 30 14 32 26 29 27 33 23 29 28
9 9 14 24 11 16 8 19 20 14 14 11 14 24 5 12 11 15 13 10 17 9 13 20 24 13 8 18 8 24 5 10 16 14 23 7 24 9 12 18 20 25 22 23 24 14 17 22 19 20 10 15 13 6 24 5 15 7 7 12 17 18 20 11 20 12 10 8 23 9 17 9 5 24 14 23 7 24 25 15
9 9 11 13 12 25 16 16 19 20 23 10 18 14 20 20 17 7 22 22 9 5 7 23 23 18 19 12 22 9 19 13 9 5 14 22 13 17 22 14 8 13 14 14 5 14 22 7 22 14 10 23 22 18 18 12 15 5 11 12 17 21 21 21 20 18 6 17 12 10 14 21 16 21 9 25 8 13 7 7
25 21 16 9 11 19 6 10 22 16 11 6 21 15 15 20 19 9 19 17 19 22 17 23 8 6 23 5 12 14 5 14 12 23 24 20 10 10 17 14 19 9 5 19 18 25 12 17 23 12 11 21 23 20 16 24 10 8 15 23 19 14 9 5 7 10 25 14 23 7 22 18 18 18 8 14 7 10 11 19
22 12 7 9 8 24 7 12 21 12 10 20 7 22 21 18 8 24 16 14 12 14 18 21 6 25 18 19 5 5 15 13 22 24 19 24 14 5 11 17 16 17 24 6 11 14 7 9 11 13 24 22 17 8 7 21 9 24 21 21 5 16 14 9 7 15 23 8 18 6 13 5 8 13 12 9 23 23 22 20
7 23 16 22 11 18 23 19 6 20 8 9 16 15 5 18 18 25 22 6 13 21 7 10 7 22 21 18 6 7 23 11 25 6 11 17 7 21 18 15 16 11 20 15 23 12 11 10 9 21 5 24 8 13 12 22 18 15 22 25 7 23 17 5 5 9 11 16 10 8 17 13 9 25 17 8 5 24 20 19
14 5 11 7 9 19 14 15 20 17 12 21 25 10 16 5 12 6 5 25 5 22 6 17 17 20 13 23 24 19 6 19 20 10 21 6 17 5 24 24 12 21 15 20 14 6 19 17 21 7 9 12 13 14 23 11 25 7 24 12 9 20 14 5 11 20 22 8 9 12 20 23 7 15 22 17 6 18 9 25
24 10 24 9 7 9 7 23 13 9 12 12 13 18 8 15 10 6 9 25 21 7 5 10 16 16 7 6 11 21 19 18 9 25 17 6 21 24 6 19 21 19 8 19 23 16 25 5 12 17 24 7 22 13 13 25 24 11 15 7 13 25 25 24 24 13 24 15 24 22 13 8 22 19 7 10 19 8 22 16
11 8 14 10 19 22 18 24 14 23 13 17 12 10 8 12 8 8 23 11 19 23 9 21 7 6 11 5 22 22 7 8 18 10 12 5 16 16 24 10 25 21 18 15 25 7 22 15 21 13 23 8 8 16 20 9 25 7 8 25 6 11 14 22 17 20 18 10 10 10 20 5 10 6 8 23 5 20 19 24
15 24 14 23 9 22 17 25 15 20 13 9 23 6 21 21 11 10 18 22 19 12 21 12 24 15 14 23 23 21 23 11 21 6 18 12 16 11 20 22 19 13 5 23 20 7 11 10 19 23 24 17 12 18 8 16 10 11 7 17 23 15 21 15 5 19 18 16 16 6 12 15 12 8 12 7 21 23 18 14
14 9 14 15 19 15 11 21 15 11 9 12 7 20 8 8 11 9 6 12 18 24 6 22 6 17 7 10 5 16 20 19 7 17 14 19 23 25 24 16 17 22 5 12 14 23 6 10 18 19 23 25 22 6 20 19 8 22 10 18 11 20 18 14 7 19 13 7 25 18 5 7 14 21 8 5 19 21 21 18
146 146 146 146 146 146 146 146 146 146
