10
80
36 19 12 21 8 12 14 9 47 16 11 23 18 27 44 7 24 49 20 9 32 28 44 10 27 34 17 37 16 8 10 20 8 22 27 33 11 11 44 36 22 14 8 31 15 7 32 19 25 18 10 23 26 20 13 36 20 23 18 10 19 31 30 20 11 11 34 26 20 30 27 16 16 18 18 7 18 22 21 18
31 11 28 12 36 18 15 15 20 18 37 23 27 12 23 5 20 48 42 12 36 29 34 14 34 18 34 42 17 32 14 12 17 23 12 45 10 18 29 25 14 36 21 22 14 13 16 19 17 40 27 18 7 14 13 7 23 35 19 12 24 34 14 20 24 16 25 25 11 27 16 24 7 42 31 28 34 32 19 27
12 23 19 28 10 19 13 15 12 29 31 19 23 18 23 13 25 7 24 9 33 14 29 36 18 25 44 17 9 7 19 25 28 24 27 10 33 30 40 36 27 36 36 15 12 11 18 17 32 10 8 14 32 37 10 14 12 21 19 32 35 13 12 20 25 12 17 25 29 17 44 5 18 22 9 23 24 35 28 33
21 18 16 12 8 26 13 15 19 13 17 11 16 10 36 29 28 19 27 31 17 11 30 21 35 38 27 29 32 8 12 13 10 8 22 32 7 28 19 23 39 20 11 29 36 15 24 12 10 34 25 42 17 43 6 42 11 17 22 8 9 18 25 19 18 12 22 30 33 32 18 13 29 9 48 20 14 6 11 25
22 15 5 28 30 39 24 19 11 17 12 10 42 33 32 20 15 12 9 29 23 15 35 26 10 32 21 30 15 36 30 27 6 25 33 30 33 18 26 16 32 35 17 9 40 32 15 20 16 13 19 19 29 12 26 17 7 37 29 35 25 22 13 8 27 9 9 27 42 9 37 21 47 9 37 15 23 23 32 12
14 24 26 24 29 27 14 22 18 21 15 24 42 37 14 22 41 30 33 20 11 27 41 20 23 30 36 36 42 19 27 17 31 33 16 7 9 12 22 28 20 12 8 10 7 36 35 10 26 13 26 36 31 12 10 23 11 24 13 9 11 44 47 21 20 8 20 23 30 29 18 9 20 33 42 24 21 15 9 13
25 7 25 21 40 21 37 24 9 21 12 10 39 6 30 22 24 19 7 20 25 25 23 43 30 5 32 24 38 14 27 15 36 9 20 37 14 14 29 14 24 16 21 29 32 6 23 26 11 25 26 17 8 30 23 32 20 32 20 21 36 21 22 23 23 33 21 33 22 12 5 23 28 22 30 29 18 22 13 27
17 29 21 20 24 19 25 25 19 42 7 13 20 16 11 46 19 11 10 7 10 9 32 6 15 34 17 14 8 14 30 38 12 15 12 11 12 23 18 26 24 16 17 11 44 35 29 5 32 30 40 33 23 9 36 27 8 24 33 36 17 26 11 31 12 17 20 14 19 6 18 14 30 27 11 6 20 26 26 9
19 18 26 25 12 23 47 11 17 29 15 15 24 8 12 43 26 9 24 24 31 6 36 18 30 9 20 18 35 37 11 21 7 31 17 23 44 14 17 11 26 24 13 32 47 27 41 17 15 16 37 31 22 30 17 42 14 25 10 15 23 9 12 25 25 17 11 25 21 11 27 9 25 39 14 34 31 22 12 17
14 24 35 21 29 14 28 7 6 26 17 26 37 12 19 13 27 10 11 7 14 20 21 20 28 14 21 22 20 27 21 11 19 16 19 9 15 35 19 24 31 11 13 30 11 15 30 23 15 40 19 39 35 8 25 8 24 14 11 28 15 16 17 27 47 30 39 26 27 9 29 6 24 26 16 17 31 17 15 21
49 44 16 28 16 31 29 11 61 44 17 45 24 42 52 20 49 55 23 13 59 36 69 12 44 45 50 49 22 16 18 29 20 24 35 65 21 19 54 44 30 15 20 41 30 15 36 27 42 24 22 45 70 31 26 58 29 45 47 12 39 40 57 33 23 24 53 47 46 43 44 20 30 32 30 19 50 35 32 37
34 18 36 13 68 29 25 18 33 28 45 35 55 22 27 14 34 52 61 21 64 67 56 23 50 47 47 56 31 36 16 26 47 38 30 47 14 38 56 45 26 53 56 28 21 22 28 27 34 64 45 49 12 28 25 18 26 52 26 29 33 57 27 37 55 22 38 38 24 62 48 53 17 46 61 60 62 66 33 36
32 43 31 36 13 37 20 22 17 33 47 22 47 48 26 13 44 22 37 18 41 37 51 49 46 47 45 29 15 12 22 51 32 33 44 19 44 34 56 49 47 58 53 34 23 21 20 44 44 17 14 39 51 47 14 39 26 33 27 67 59 21 24 39 41 23 47 42 45 21 45 14 31 45 22 44 33 64 51 51
27 42 33 21 16 53 34 23 22 32 22 15 37 13 61 49 60 33 65 42 35 17 48 50 57 50 55 65 59 23 19 24 17 23 47 45 15 45 42 50 41 26 24 51 69 37 49 14 24 43 38 64 22 63 15 74 23 22 61 17 15 51 32 27 25 31 34 54 59 45 37 29 53 13 61 36 35 12 20 35
57 15 13 35 72 59 39 43 24 20 35 19 61 72 42 36 26 26 15 36 41 22 52 49 12 46 52 53 23 47 58 47 19 31 55 38 45 46 68 38 56 46 26 26 61 49 20 43 35 21 47 35 35 21 40 40 16 61 33 59 57 38 17 18 52 12 15 71 43 12 54 47 55 16 52 28 38 31 45 19
26 45 37 48 51 55 25 35 26 48 29 48 52 38 25 49 65 58 57 35 14 46 52 50 40 40 56 52 50 25 37 23 57 58 20 16 23 25 62 42 48 23 17 18 14 57 66 19 46 17 52 58 49 21 15 54 12 43 25 18 14 66 65 33 29 15 33 39 41 53 49 23 37 45 55 62 43 27 18 26
36 14 63 41 55 55 49 62 14 32 23 27 52 18 43 43 38 31 12 25 34 40 48 64 51 12 58 36 59 20 40 20 49 22 22 57 22 20 63 21 33 44 57 43 55 16 44 66 19 68 48 42 16 61 44 47 26 54 37 34 41 52 36 37 48 39 27 48 65 15 10 39 59 43 34 65 33 38 27 27
44 57 42 34 59 40 59 64 24 64 13 21 32 35 12 57 34 14 19 16 22 21 59 12 32 71 46 32 15 14 61 62 32 22 25 18 14 52 31 33 40 18 28 17 72 49 45 11 49 60 47 38 32 12 59 54 24 35 59 39 40 36 12 49 19 36 50 20 35 14 34 33 38 52 11 13 35 42 48 17
49 45 32 34 14 52 50 17 46 51 27 44 58 15 28 49 27 16 38 66 36 11 63 27 59 15 35 49 52 61 14 32 15 52 24 33 59 22 19 15 40 35 22 39 53 65 60 21 29 22 44 62 59 43 17 55 18 67 11 39 29 24 20 29 41 45 16 44 50 23 42 25 68 51 20 52 56 45 20 29
16 35 41 28 41 17 61 15 16 52 39 38 47 17 37 23 41 25 30 16 14 44 38 47 68 26 40 31 39 43 45 17 28 33 35 19 33 60 30 46 55 22 26 41 26 15 64 32 29 47 55 61 41 14 43 15 43 18 13 57 31 42 48 41 68 52 41 63 47 20 42 15 38 33 40 26 46 30 40 31
9 9 14 24 11 16 8 19 20 14 14 11 14 24 5 12 11 15 13 10 17 9 13 20 24 13 8 18 8 24 5 10 16 14 23 7 24 9 12 18 20 25 22 23 24 14 17 22 19 20 10 15 13 6 24 5 15 7 7 12 17 18 20 11 20 12 10 8 23 9 17 9 5 24 14 23 7 24 25 15
9 9 11 13 12 25 16 16 19 20 23 10 18 14 20 20 17 7 22 22 9 5 7 23 23 18 19 12 22 9 19 13 9 5 14 22 13 17 22 14 8 13 14 14 5 14 22 7 22 14 10 23 22 18 18 12 15 5 11 12 17 21 21 21 20 18 6 17 12 10 14 21 16 21 9 25 8 13 7 7
25 21 16 9 11 19 6 10 22 16 11 6 21 15 15 20 19 9 19 17 19 22 17 23 8 6 23 5 12 14 5 14 12 23 24 20 10 10 17 14 19 9 5 19 18 25 12 17 23 12 11 21 23 20 16 24 10 8 15 23 19 14 9 5 7 10 25 14 23 7 22 18 18 18 8 14 7 10 11 19
22 12 7 9 8 24 7 12 21 12 10 20 7 22 21 18 8 24 16 14 12 14 18 21 6 25 18 19 5 5 15 13 22 24 19 24 14 5 11 17 16 17 24 6 11 14 7 9 11 13 24 22 17 8 7 21 9 24 21 21 5 16 14 9 7 15 23 8 18 6 13 5 8 13 12 9 23 23 22 20
7 23 16 22 11 18 23 19 6 20 8 9 16 15 5 18 18 25 22 6 13 21 7 10 7 22 21 18 6 7 23 11 25 6 11 17 7 21 18 15 16 11 20 15 23 12 11 10 9 21 5 24 8 13 12 22 18 15 22 25 7 23 17 5 5 9 11 16 10 8 17 13 9 25 17 8 5 24 20 19
14 5 11 7 9 19 14 15 20 17 12 21 25 10 16 5 12 6 5 25 5 22 6 17 17 20 13 23 24 19 6 19 20 10 21 6 17 5 24 24 12 21 15 20 14 6 19 17 21 7 9 12 13 14 23 11 25 7 24 12 9 20 14 5 11 20 22 8 9 12 20 23 7 15 22 17 6 18 9 25
24 10 24 9 7 9 7 23 13 9 12 12 13 18 8 15 10 6 9 25 21 7 5 10 16 16 7 6 11 21 19 18 9 25 17 6 21 24 6 19 21 19 8 19 23 16 25 5 12 17 24 7 22 13 13 25 24 11 15 7 13 25 25 24 24 13 24 15 24 22 13 8 22 19 7 10 19 8 22 16
11 8 14 10 19 22 18 24 14 23 13 17 12 10 8 12 8 8 23 11 19 23 9 21 7 6 11 5 22 22 7 8 18 10 12 5 16 16 24 10 25 21 18 15 25 7 22 15 21 13 23 8 8 16 20 9 25 7 8 25 6 11 14 22 17 20 18 10 10 10 20 5 10 6 8 23 5 20 19 24
15 24 14 23 9 22 17 25 15 20 13 9 23 6 21 21 11 10 18 22 19 12 21 12 24 15 14 23 23 21 23 11 21 6 18 12 16 11 20 22 19 13 5 23 20 7 11 10 19 23 24 17 12 18 8 16 10 11 7 17 23 15 21 15 5 19 18 16 16 6 12 15 12 8 12 7 21 23 18 14
14 9 14 15 19 15 11 21 15 11 9 12 7 20 8 8 11 9 6 12 18 24 6 22 6 17 7 10 5 16 20 19 7 17 14 19 23 25 24 16 17 22 5 12 14 23 6 10 18 19 23 25 22 6 20 19 8 22 10 18 11 20 18 14 7 19 13 7 25 18 5 7 14 21 8 5 19 21 21 18
146 146 146 146 146 146 146 146 146 146
