10
80
16 37 36 9 28 13 23 28 34 49 14 24 29 11 48 44 42 37 31 17 29 41 38 25 21 28 37 35 23 38 11 35 14 31 19 36 29 9 34 31 45 32 28 44 44 33 18 38 38 26 23 35 32 38 28 47 27 43 16 19 17 38 37 23 13 36 31 40 23 23 9 27 36 11 37 20 27 30 46 34
29 43 25 31 16 42 13 38 45 9 23 43 41 20 43 12 47 38 24 35 14 41 17 18 21 39 38 28 32 40 17 20 26 15 13 37 24 14 31 29 21 23 37 23 46 33 16 45 19 30 35 46 28 36 22 21 41 38 40 9 48 14 23 28 27 50 15 28 38 9 14 12 13 34 10 22 10 39 44 30
27 33 10 18 17 27 42 49 44 41 14 40 41 33 14 14 26 36 35 24 44 28 17 22 35 25 30 37 14 18 44 13 44 11 12 47 33 38 16 40 32 12 37 40 23 9 32 16 9 11 40 20 17 24 36 23 14 30 27 34 25 39 22 20 39 25 38 41 40 22 26 10 17 24 29 38 28 30 42 37
37 29 28 36 37 33 41 9 26 33 41 37 34 16 36 28 36 46 30 43 15 35 10 31 17 46 46 48 47 14 37 38 43 15 33 25 24 12 45 30 18 43 31 20 34 24 47 26 27 24 45 32 21 37 29 42 35 42 42 19 21 13 15 24 32 27 24 27 11 10 40 13 15 45 10 20 36 18 10 42
32 13 44 43 49 14 37 32 27 26 18 43 43 29 20 46 37 27 29 29 19 23 32 43 32 43 49 49 12 42 22 21 27 10 43 41 33 11 11 30 36 34 21 11 12 39 41 35 10 42 47 39 23 27 33 16 35 37 21 30 12 20 31 39 17 25 15 24 36 14 45 36 32 19 46 10 38 16 30 45
10 10 41 9 35 20 34 24 25 40 24 22 28 33 48 49 39 29 44 34 13 40 20 34 38 24 42 13 33 15 39 9 16 31 41 32 11 25 42 39 34 42 47 35 45 45 34 47 39 35 13 30 45 32 22 29 22 33 27 36 31 12 42 29 28 41 31 24 30 10 19 46 9 39 38 48 18 39 27 36
11 17 26 32 41 16 26 18 27 24 25 16 43 39 37 40 10 40 27 43 31 34 35 26 43 17 13 35 27 15 20 14 41 38 35 34 20 23 32 47 43 25 27 15 34 24 25 31 33 11 44 15 40 38 10 38 31 48 32 26 42 37 27 26 18 30 48 23 44 40 37 38 15 13 50 17 21 49 26 27
39 28 40 35 24 41 36 37 12 18 12 44 28 32 27 44 23 27 35 46 34 26 22 43 42 29 25 44 24 45 31 14 11 40 11 38 27 27 16 43 19 39 42 27 49 32 23 32 15 39 37 40 31 45 19 27 21 9 34 10 45 27 43 22 33 13 18 43 42 28 22 14 42 41 17 14 12 11 22 46
12 27 10 27 24 30 27 46 30 46 41 18 10 46 40 9 24 13 46 36 17 29 28 22 21 16 15 31 11 37 44 21 36 18 13 35 42 49 18 36 30 36 23 28 22 33 42 9 26 12 23 36 19 26 12 21 9 28 36 33 22 17 40 10 12 44 33 38 26 32 26 9 45 28 13 32 45 19 16 18
17 9 44 28 15 42 10 13 10 31 20 25 37 28 26 36 32 20 31 29 16 22 49 34 15 25 16 28 27 13 11 42 24 17 10 40 15 14 21 35 20 11 38 31 18 48 16 36 40 25 23 42 17 34 13 45 38 28 47 20 12 47 13 35 15 33 41 32 13 43 32 19 29 13 10 28 23 46 39 44
19 44 40 10 28 14 25 30 34 52 16 26 34 13 51 47 46 39 34 20 31 44 45 25 23 29 40 39 28 45 13 42 15 34 21 40 29 11 39 36 48 38 32 48 50 37 18 45 44 31 26 35 35 43 33 50 29 46 18 22 17 43 38 26 14 42 33 42 25 26 11 29 42 11 45 24 27 33 48 41
33 49 28 38 17 49 15 42 50 12 24 48 44 22 48 12 49 46 25 41 15 47 20 21 25 39 45 30 35 44 19 24 28 16 16 41 24 15 34 33 23 25 38 25 53 37 16 52 20 36 40 54 32 40 26 22 42 41 44 12 49 16 26 33 27 51 18 31 45 11 15 13 15 39 11 24 11 47 44 30
33 38 12 19 18 32 42 51 53 44 16 46 45 40 17 15 28 37 39 29 50 33 19 23 40 26 30 45 15 18 45 14 50 11 13 51 36 44 17 42 36 13 37 45 24 12 35 17 11 13 46 20 19 26 40 25 16 32 33 35 28 44 23 20 41 26 45 50 45 24 31 12 20 25 31 46 28 33 45 40
41 33 31 40 40 37 45 11 28 37 49 42 41 17 42 33 39 48 32 44 16 35 12 33 18 51 53 52 49 16 44 38 47 17 35 29 27 14 47 35 19 46 35 21 37 28 51 31 29 28 48 34 22 39 31 44 39 44 46 22 22 16 16 27 38 29 28 29 11 13 42 16 18 46 12 23 37 20 10 44
35 16 50 47 54 16 43 34 33 27 19 50 50 32 25 55 44 29 35 33 20 25 36 51 36 47 50 55 14 51 24 24 30 10 45 50 39 12 12 34 39 38 26 13 14 44 44 39 12 47 53 41 26 30 36 18 40 39 22 36 14 22 37 42 20 30 18 29 40 17 50 36 36 24 49 11 40 16 34 51
12 11 48 12 39 21 38 25 29 44 27 24 31 36 53 50 44 33 49 36 14 44 22 37 44 28 45 13 39 18 44 11 16 32 46 33 13 28 46 46 41 47 49 37 51 53 38 49 46 40 16 37 47 36 22 33 25 39 29 38 34 14 45 30 32 47 36 26 34 10 19 51 12 40 40 52 19 42 32 36
13 20 30 34 46 18 29 22 28 26 27 17 45 42 38 46 13 45 33 47 36 41 38 28 47 19 13 39 29 16 24 15 45 45 39 39 25 28 35 52 47 28 33 17 40 27 26 36 37 13 50 16 45 39 12 45 36 52 34 31 49 41 28 30 20 32 49 25 46 45 41 42 15 15 55 19 21 50 30 30
45 31 43 37 28 44 40 39 13 22 14 48 28 37 30 46 28 29 38 51 38 28 25 44 50 31 29 49 27 50 36 14 12 44 12 42 27 29 17 49 21 42 43 31 53 36 26 36 15 44 40 47 34 49 22 30 24 11 37 11 45 28 47 25 36 13 19 52 43 31 27 16 49 42 19 14 12 12 23 52
12 31 12 34 28 31 28 50 36 47 45 22 13 47 41 12 27 13 51 39 20 31 32 23 26 19 15 35 13 43 47 22 38 19 16 37 49 53 22 39 34 37 25 34 26 37 46 11 27 14 26 37 19 28 15 23 11 30 38 39 22 19 47 11 14 50 36 41 27 36 28 12 49 32 15 38 47 20 17 20
19 10 49 32 17 48 10 14 13 35 21 27 41 29 28 40 34 20 34 33 17 25 52 35 15 27 17 34 31 13 12 44 27 18 11 49 16 16 25 42 25 14 39 35 18 52 17 42 49 27 26 47 18 38 15 48 41 28 50 22 15 49 15 40 17 39 49 34 15 45 35 24 33 14 12 30 28 53 43 52
6 8 11 6 13 6 5 21 10 10 21 6 19 12 7 24 9 18 20 9 17 14 13 22 8 18 25 8 21 8 21 23 17 11 13 9 16 11 21 14 13 23 9 23 10 7 25 5 16 14 19 25 6 11 17 10 14 8 23 23 15 22 16 11 17 6 18 9 23 20 19 20 8 22 5 13 18 10 6 7
25 17 22 25 22 6 22 14 5 18 15 18 9 5 24 14 17 20 25 23 7 24 18 11 14 20 10 22 7 19 18 12 15 8 22 8 16 17 8 19 7 10 16 17 8 25 10 5 24 9 19 8 20 5 23 23 6 15 10 10 25 5 12 6 20 22 16 15 15 11 5 9 6 24 5 5 15 16 12 22
19 25 11 7 5 21 24 11 18 21 18 6 8 10 25 17 12 21 9 25 5 9 7 13 20 25 9 8 8 5 10 20 22 25 22 21 6 12 18 15 16 18 14 16 16 7 21 10 18 23 13 19 5 23 14 18 5 11 21 13 21 13 9 19 8 22 12 10 23 20 11 12 5 24 23 5 19 21 10 17
21 13 5 22 13 12 12 14 15 14 19 8 24 9 5 18 10 18 13 20 7 8 11 23 5 22 18 6 6 6 9 6 21 12 8 17 21 13 16 12 18 13 7 24 25 14 16 19 14 8 23 14 13 19 15 8 14 8 16 6 25 11 21 11 12 7 12 9 18 8 24 25 18 23 18 9 6 21 7 23
25 17 22 20 5 21 25 11 24 13 22 19 13 13 13 24 9 21 12 7 9 15 20 23 18 25 8 19 9 13 12 14 22 22 22 25 8 16 9 16 25 14 5 16 10 23 23 18 19 25 12 19 17 20 18 23 13 15 23 25 7 6 8 18 23 8 15 17 23 18 23 8 22 23 25 11 10 19 9 10
6 23 19 12 19 22 16 20 19 20 11 22 14 6 21 21 19 17 6 7 24 9 7 13 16 20 23 21 24 14 22 16 12 7 7 19 9 9 16 11 25 15 8 5 17 11 20 8 21 18 21 5 24 6 9 18 7 19 8 21 15 12 13 15 13 6 19 10 18 5 11 15 17 11 19 13 21 8 22 9
13 12 14 5 11 17 24 13 8 25 18 9 8 7 5 25 24 17 21 19 13 21 16 11 18 7 10 24 5 20 11 15 16 12 5 20 11 16 8 7 10 12 12 25 22 5 23 6 12 6 6 21 15 20 15 20 5 15 17 17 9 16 18 16 9 23 23 25 24 16 10 13 20 7 20 8 11 23 19 22
6 14 16 9 5 17 16 24 16 16 22 13 25 19 16 24 6 19 18 15 7 14 23 23 21 10 16 20 7 7 12 13 6 12 14 24 19 18 16 25 19 25 12 15 21 23 9 12 17 6 10 9 15 25 24 9 11 8 21 25 18 20 9 25 11 22 14 20 6 20 16 8 24 25 20 25 24 13 25 17
7 24 25 5 17 8 17 9 8 23 20 25 6 9 20 23 16 16 14 19 16 12 25 21 12 14 7 8 16 5 18 13 21 20 13 25 19 21 16 18 22 25 8 5 13 19 23 14 10 21 19 21 13 13 15 7 5 18 19 11 14 8 8 18 17 14 14 6 23 6 15 13 22 19 25 15 15 21 21 5
24 10 19 6 16 15 7 18 20 17 8 21 15 19 25 11 9 19 10 15 7 22 21 14 10 17 14 19 24 21 5 7 17 13 12 21 23 20 10 22 6 20 14 5 7 9 19 11 11 16 13 12 7 16 21 21 10 7 9 8 9 14 12 8 11 5 21 6 6 20 15 9 15 8 21 14 19 19 11 20
130 130 130 130 130 130 130 130 130 130
