10
40
17 25 35 31 19 37 13 22 19 36 21 42 26 22 18 35 34 21 31 24 10 24 34 22 20 19 41 46 24 13 26 10 37 32 17 9 16 12 27 16
29 13 11 8 10 39 37 8 23 10 27 42 19 11 9 22 11 33 11 11 9 27 34 23 17 12 23 23 17 27 24 16 31 21 41 30 27 14 17 19
20 7 28 20 21 36 30 26 6 17 15 14 43 13 25 30 25 18 6 20 25 22 38 34 22 7 41 18 22 8 25 15 19 15 17 39 19 11 25 15
16 27 25 34 33 6 30 46 12 35 35 27 7 39 32 25 19 28 20 21 34 33 27 25 27 28 14 26 42 11 5 30 38 27 25 37 15 22 11 18
18 38 17 23 32 24 39 41 11 35 8 7 11 16 9 37 25 10 9 7 7 9 35 10 18 29 17 20 10 7 28 43 20 10 21 10 11 24 24 25
24 14 16 7 34 27 18 5 35 29 24 28 20 11 37 42 10 24 35 19 30 14 12 22 7 23 18 11 13 7 16 27 27 24 10 11 22 18 21 7
27 25 28 17 10 30 39 11 28 32 18 28 24 9 24 31 14 9 30 41 20 10 36 10 30 8 25 25 38 26 9 22 5 36 18 26 30 13 9 9
26 24 20 23 47 45 26 8 18 9 27 22 36 32 17 37 9 45 9 27 17 16 11 20 28 25 9 26 18 13 29 15 29 34 16 34 41 31 7 14
14 20 20 14 31 8 37 8 5 30 20 22 44 10 28 11 15 13 21 10 10 35 29 23 25 22 31 26 14 23 34 9 24 21 33 14 15 27 21 33
33 14 18 20 18 7 38 22 22 26 30 38 30 9 33 5 29 15 6 48 19 28 18 35 41 32 33 24 34 12 21 13 28 19 28 21 19 11 28 28
30 43 41 59 36 64 26 39 20 43 28 50 55 43 22 52 55 62 47 28 11 52 60 49 38 39 52 53 58 23 47 25 50 49 20 15 19 26 53 44
48 23 12 15 13 60 57 20 56 19 66 62 47 18 18 44 16 47 22 16 14 58 70 23 30 12 32 41 45 57 39 22 36 38 50 48 30 27 20 30
46 17 65 54 56 47 54 64 10 37 26 29 44 19 55 50 33 29 15 28 39 46 45 56 37 14 46 38 61 18 38 15 49 16 28 69 26 23 47 22
33 41 51 43 58 12 35 70 20 60 54 39 11 66 41 46 23 60 28 38 55 56 41 51 56 45 27 44 47 12 15 36 46 34 50 59 36 48 29 37
37 54 41 28 49 49 52 71 30 55 16 17 29 35 12 62 31 16 19 15 20 23 55 14 32 60 36 31 11 19 58 56 22 25 30 21 13 45 32 40
47 25 29 22 64 38 41 13 49 60 44 49 31 12 45 57 24 28 65 44 48 35 14 61 21 35 40 27 24 16 45 28 37 50 13 19 43 35 38 19
50 34 42 51 18 46 49 16 42 52 18 37 70 10 35 50 33 15 47 57 46 11 51 31 66 16 33 39 43 56 15 31 10 65 26 45 49 17 25 17
42 43 28 46 65 48 61 23 30 19 45 46 45 47 17 69 21 45 11 40 38 23 21 26 36 37 14 44 40 21 45 21 65 43 25 37 74 45 16 22
18 37 61 25 43 18 54 21 16 53 36 35 59 16 40 18 38 20 28 18 16 49 48 42 49 30 38 31 37 44 53 15 35 33 39 22 35 47 27 59
45 30 30 30 27 15 47 33 25 65 50 61 49 13 53 14 42 25 16 63 29 43 42 36 55 35 56 66 44 24 43 18 45 33 42 29 33 28 32 41
19 19 8 13 7 13 15 5 25 17 6 17 9 18 25 7 16 25 10 5 21 16 25 6 16 21 18 20 11 5 6 12 8 12 15 24 10 9 22 22
14 7 7 17 10 7 16 10 14 11 8 17 24 13 12 23 14 20 17 5 19 19 22 14 11 12 19 20 19 16 18 8 13 11 11 7 18 14 14 14
17 8 17 6 24 14 8 9 11 13 19 13 24 11 12 5 13 24 23 8 24 23 25 9 17 16 23 22 13 17 8 12 16 17 11 23 5 14 20 18
10 22 20 14 7 8 11 10 15 25 16 17 5 10 10 7 13 21 12 11 15 25 14 18 21 8 15 13 10 22 16 25 7 23 25 23 24 25 16 14
11 22 14 14 5 13 9 8 7 17 16 10 17 18 11 7 15 7 15 6 17 14 17 24 18 21 23 13 5 5 11 21 16 13 18 9 20 15 25 19
23 25 19 14 8 9 9 16 20 8 7 14 19 21 5 13 9 14 9 23 20 10 8 19 18 11 16 14 20 10 23 5 15 18 9 20 16 22 22 24
13 16 12 7 7 25 13 11 9 11 9 6 13 6 24 18 23 16 23 21 15 7 16 17 21 21 23 25 22 9 8 8 6 8 17 19 7 16 15 18
21 11 9 24 25 14 20 6 11 20 17 24 9 22 5 25 9 8 21 7 5 18 15 11 11 13 15 25 24 19 16 12 21 6 25 14 12 5 8 16
21 7 6 18 24 25 18 20 8 8 12 8 23 25 16 12 13 10 6 18 14 8 25 18 6 19 18 19 8 23 24 18 6 14 23 19 17 15 24 14
20 19 11 10 23 17 8 17 13 10 17 18 15 11 16 17 6 21 16 21 23 19 7 7 19 6 7 24 21 5 24 22 24 8 18 14 15 15 19 7
75 75 75 75 75 75 75 75 75 75
