10
40
27 10 22 13 15 28 21 22 40 31 22 41 50 15 31 10 24 9 8 42 10 35 9 33 31 36 24 37 40 31 11 30 40 16 37 11 26 9 39 37
23 41 25 36 21 13 35 30 35 10 13 20 25 25 38 18 49 14 46 23 17 35 21 7 20 30 33 14 15 19 35 37 13 23 37 30 10 32 17 43
40 17 45 14 13 19 11 34 23 15 19 19 20 27 14 26 17 12 14 44 34 12 10 19 26 30 11 13 18 38 38 30 18 46 31 10 41 40 9 30
31 37 12 29 41 24 48 8 23 34 40 11 33 25 23 37 46 19 30 12 22 38 43 46 46 26 39 29 41 37 25 15 41 30 14 16 39 17 43 25
17 14 24 14 36 38 27 38 24 34 26 33 20 18 12 22 12 13 44 22 32 44 14 38 15 9 21 10 44 38 11 12 27 17 21 9 24 24 46 18
48 35 27 23 44 13 32 29 34 22 42 13 12 31 38 15 47 12 17 45 12 19 26 33 34 36 31 21 20 20 35 7 18 10 13 42 7 30 30 39
25 44 26 35 15 35 30 40 24 36 19 14 43 11 41 39 18 18 35 36 33 20 34 22 41 29 23 36 44 35 37 19 39 11 26 20 27 19 39 34
32 22 10 34 36 13 18 16 33 41 42 28 23 33 13 29 15 18 10 32 37 27 36 23 8 37 33 30 29 12 21 30 23 14 18 13 34 41 27 24
23 14 27 27 35 26 18 31 29 16 14 24 10 37 15 16 17 18 12 18 33 37 12 34 11 31 13 19 8 30 39 36 14 30 22 28 37 50 47 28
35 37 8 20 24 38 12 15 26 31 39 41 34 13 30 37 17 33 18 34 20 29 29 25 11 33 27 11 47 29 10 15 25 35 17 7 31 36 37 35
32 13 23 16 22 39 31 31 48 37 24 44 60 26 36 12 29 14 11 51 11 54 15 42 39 47 31 53 54 38 14 44 50 23 42 12 33 12 50 52
28 44 34 45 31 16 39 38 51 15 18 25 27 29 49 27 59 17 48 28 18 47 31 12 27 44 53 20 22 29 45 55 16 33 50 34 15 39 23 50
51 22 55 22 14 23 17 48 28 21 29 29 27 38 18 33 20 15 19 62 43 15 13 21 33 35 17 15 23 43 46 41 19 61 36 15 50 49 12 39
44 39 20 41 47 34 56 11 29 35 49 16 51 28 26 60 56 26 37 15 30 60 59 47 56 28 47 31 49 45 27 17 46 42 16 22 43 21 51 34
25 18 28 20 43 49 42 56 32 51 27 38 24 22 18 30 18 16 47 22 43 55 21 52 17 15 23 11 47 44 17 16 39 23 28 11 36 36 48 20
50 47 42 32 55 18 44 33 43 29 47 16 18 32 47 19 59 16 19 52 15 23 32 53 43 49 45 22 24 25 43 11 21 13 18 55 11 50 45 56
36 54 33 54 23 49 39 51 36 41 31 20 51 15 43 43 23 25 40 51 45 29 47 24 58 37 33 47 56 44 47 23 42 14 43 25 38 26 40 52
43 32 10 45 40 17 27 25 45 49 52 36 25 39 17 37 25 27 14 35 54 37 49 32 12 38 43 33 33 14 28 33 25 19 25 15 47 46 38 32
29 20 28 32 41 30 24 51 36 25 20 25 17 45 19 19 25 22 14 28 43 55 14 43 14 37 15 25 13 33 39 46 18 36 30 40 48 61 51 34
41 43 10 25 34 46 13 23 42 38 53 57 48 16 40 37 17 46 25 45 27 44 44 35 16 43 33 15 58 43 11 18 32 49 18 11 46 45 53 37
9 9 14 24 11 16 8 19 20 14 14 11 14 24 5 12 11 15 13 10 17 9 13 20 24 13 8 18 8 24 5 10 16 14 23 7 24 9 12 18
20 25 22 23 24 14 17 22 19 20 10 15 13 6 24 5 15 7 7 12 17 18 20 11 20 12 10 8 23 9 17 9 5 24 14 23 7 24 25 15
9 9 11 13 12 25 16 16 19 20 23 10 18 14 20 20 17 7 22 22 9 5 7 23 23 18 19 12 22 9 19 13 9 5 14 22 13 17 22 14
8 13 14 14 5 14 22 7 22 14 10 23 22 18 18 12 15 5 11 12 17 21 21 21 20 18 6 17 12 10 14 21 16 21 9 25 8 13 7 7
25 21 16 9 11 19 6 10 22 16 11 6 21 15 15 20 19 9 19 17 19 22 17 23 8 6 23 5 12 14 5 14 12 23 24 20 10 10 17 14
19 9 5 19 18 25 12 17 23 12 11 21 23 20 16 24 10 8 15 23 19 14 9 5 7 10 25 14 23 7 22 18 18 18 8 14 7 10 11 19
22 12 7 9 8 24 7 12 21 12 10 20 7 22 21 18 8 24 16 14 12 14 18 21 6 25 18 19 5 5 15 13 22 24 19 24 14 5 11 17
16 17 24 6 11 14 7 9 11 13 24 22 17 8 7 21 9 24 21 21 5 16 14 9 7 15 23 8 18 6 13 5 8 13 12 9 23 23 22 20
7 23 16 22 11 18 23 19 6 20 8 9 16 15 5 18 18 25 22 6 13 21 7 10 7 22 21 18 6 7 23 11 25 6 11 17 7 21 18 15
16 11 20 15 23 12 11 10 9 21 5 24 8 13 12 22 18 15 22 25 7 23 17 5 5 9 11 16 10 8 17 13 9 25 17 8 5 24 20 19
72 72 72 72 72 72 72 72 72 72
