10
40
13 10 28 23 46 13 19 42 36 36 25 20 16 11 23 16 12 10 24 31 24 48 15 32 34 28 49 35 9 34 19 29 33 24 37 47 31 44 33 41
44 32 44 10 35 27 43 27 17 14 41 25 17 18 44 17 22 27 30 11 37 35 18 29 20 32 45 42 35 27 32 27 49 49 36 9 18 27 42 35
39 22 37 45 14 16 30 28 27 38 38 34 27 27 41 39 10 15 39 41 40 9 30 48 9 40 46 33 42 42 10 38 15 17 28 16 30 36 23 16
39 38 25 32 20 9 40 20 21 24 29 14 20 32 17 40 11 20 42 45 24 15 26 25 15 35 9 16 24 40 26 16 33 43 21 24 44 10 20 31
28 12 40 42 43 37 28 17 45 25 11 33 38 13 26 42 27 21 30 14 35 33 43 31 18 32 44 18 16 37 9 14 40 31 26 50 35 32 44 37
17 40 33 40 23 19 35 43 40 20 33 15 12 21 10 12 37 20 39 38 23 40 38 28 13 41 30 40 14 40 12 45 23 17 31 9 28 41 16 26
25 18 14 32 20 49 45 10 38 43 43 22 37 38 25 14 18 16 34 39 39 32 42 30 31 28 35 49 25 20 16 44 31 27 10 33 31 10 32 28
11 34 15 34 21 26 39 38 42 44 32 43 44 39 35 45 49 43 41 14 15 41 19 19 22 42 44 37 13 32 28 30 14 32 24 19 13 19 20 14
22 22 27 42 27 39 44 15 25 44 9 17 21 23 27 46 25 36 29 21 44 21 19 31 20 14 24 45 38 19 18 43 42 46 39 13 31 22 31 39
33 49 46 45 37 48 44 10 34 50 43 44 42 23 9 43 30 34 18 20 37 15 42 10 33 18 47 45 38 16 43 33 10 10 18 14 32 37 15 50
15 11 31 25 54 14 21 46 39 39 30 23 17 12 25 19 12 13 25 38 24 54 16 33 41 31 54 41 12 37 21 29 36 28 43 49 31 53 38 49
50 33 45 12 42 29 50 29 17 16 48 27 18 19 52 18 23 30 31 14 41 41 20 35 25 35 51 43 39 29 34 29 52 50 37 12 20 29 44 38
47 25 39 47 17 18 31 30 30 40 43 37 30 29 42 40 12 15 42 44 46 10 33 50 10 46 50 35 46 48 11 40 17 19 29 16 31 38 27 17
42 44 26 38 20 11 42 22 25 26 31 17 23 35 18 40 12 23 42 54 27 16 27 29 16 37 12 18 24 47 28 18 36 47 26 28 49 11 22 37
34 12 42 47 52 40 33 17 51 28 11 36 40 15 28 47 30 24 36 16 39 37 45 32 21 37 53 21 17 39 11 17 42 34 28 52 38 35 51 40
17 43 36 43 23 23 41 43 41 21 39 18 14 24 13 14 39 23 47 43 23 47 40 29 14 44 33 49 16 45 13 52 24 20 37 11 32 45 18 31
28 21 14 35 22 50 51 12 40 48 46 24 38 45 29 16 20 17 41 41 45 32 49 34 33 33 39 52 29 22 18 47 34 34 12 38 37 11 36 31
12 38 16 38 24 28 42 44 46 47 38 52 48 41 36 53 55 48 44 15 16 45 22 22 25 45 51 44 15 34 30 35 17 33 27 20 15 20 23 14
25 27 30 49 33 42 46 16 29 50 12 19 24 24 29 48 28 42 33 23 49 23 19 34 21 16 26 48 46 21 20 50 46 48 41 13 32 26 33 40
35 54 51 51 38 49 47 10 34 51 50 48 45 24 10 44 32 36 20 22 42 16 48 12 37 18 54 50 40 17 50 38 11 11 20 15 33 39 16 53
16 8 18 15 13 18 20 13 15 5 20 23 16 22 25 15 20 18 18 17 11 24 6 18 15 18 16 6 13 22 25 19 15 5 10 8 21 10 8 25
24 14 12 21 7 19 6 6 9 5 20 21 14 20 21 24 16 11 16 16 25 20 21 15 8 13 8 11 10 19 17 9 8 18 17 6 18 8 18 25
17 6 24 15 22 25 18 10 17 19 10 13 19 12 19 16 6 14 21 6 17 11 14 8 9 23 5 9 17 6 16 22 21 19 12 25 7 11 11 8
6 23 5 7 25 21 20 24 18 23 6 19 11 5 16 22 5 5 17 21 7 20 24 7 18 12 16 15 21 24 21 9 8 14 12 10 25 16 8 20
5 23 5 15 22 12 6 12 7 14 16 11 13 7 8 17 20 6 11 11 6 18 11 8 5 18 8 13 17 24 17 8 11 12 9 23 11 13 12 25
5 8 12 13 9 17 7 23 15 15 19 25 5 22 14 18 14 7 16 10 19 18 23 14 11 18 11 10 19 22 10 23 5 18 23 21 12 9 20 22
9 20 9 22 18 14 8 14 8 10 7 16 22 5 12 22 17 19 14 7 21 23 20 14 9 5 11 10 10 18 15 9 22 17 15 14 16 24 18 15
18 24 18 6 14 24 14 21 18 5 6 5 10 9 9 6 14 24 6 18 10 5 6 24 10 11 18 13 11 11 13 18 9 15 10 18 20 21 7 18
20 20 20 18 15 9 11 7 15 17 25 21 15 5 14 25 8 20 5 13 9 10 10 23 25 5 12 8 21 18 14 25 24 13 17 16 21 21 7 8
22 20 7 18 23 25 25 12 5 12 11 7 14 25 13 10 23 5 20 20 12 5 24 11 8 10 24 18 6 12 22 21 22 20 23 10 9 19 10 7
84 84 84 84 84 84 84 84 84 84
