10
80
21 11 36 29 13 18 25 19 17 8 34 35 23 29 41 17 40 22 25 23 22 32 12 28 27 23 18 7 15 21 34 31 16 7 11 14 36 13 13 31 41 15 17 27 13 23 10 9 9 11 23 24 16 39 29 48 30 18 26 25 28 21 35 18 8 20 10 23 18 32 21 9 12 31 19 9 25 16 27 26
29 6 28 15 29 45 27 20 30 22 11 16 38 25 33 29 11 19 38 6 18 19 14 14 11 36 5 10 20 7 18 34 33 37 14 41 8 14 17 14 6 26 8 7 37 36 34 30 30 38 6 28 12 10 29 36 9 5 23 26 7 23 30 12 31 22 26 18 31 41 26 16 10 19 21 21 27 21 9 38
10 42 9 19 26 19 7 21 10 24 21 10 12 13 15 18 38 6 19 18 8 18 11 11 5 33 9 23 22 39 22 9 16 13 14 42 21 19 21 44 10 10 15 20 10 24 12 43 21 27 33 42 9 27 21 26 19 10 23 17 37 18 43 16 14 36 15 19 28 34 12 26 8 37 40 26 24 14 20 40
11 23 11 36 21 24 10 14 11 15 15 30 22 6 18 28 16 37 28 9 25 28 38 25 16 6 16 16 20 36 18 9 33 24 27 24 16 23 20 23 18 40 34 10 28 27 17 29 31 11 9 7 10 15 18 10 21 41 7 19 16 10 10 47 20 15 24 22 18 15 17 29 13 17 18 24 31 23 10 31
20 21 38 22 23 16 15 8 20 33 31 37 27 11 16 32 14 29 11 16 19 14 13 39 28 5 21 14 36 25 22 39 24 23 30 29 20 34 7 16 39 37 13 26 33 49 30 12 5 16 18 7 15 26 18 16 37 6 29 25 15 10 31 13 10 10 31 20 8 15 40 37 23 21 39 16 13 21 17 11
15 10 16 24 46 11 15 22 26 27 26 14 15 6 22 15 7 12 17 25 22 45 12 20 29 21 43 25 9 19 12 25 29 13 28 45 24 38 30 43 46 28 33 8 19 21 43 15 9 10 24 26 16 12 47 15 16 18 26 12 32 37 10 31 15 32 45 36 34 18 19 28 29 46 29 10 13 22 40 28
30 15 35 40 15 12 31 28 22 25 37 30 27 17 39 37 11 14 26 22 26 5 19 29 5 40 36 27 42 26 11 34 8 9 16 15 21 18 23 16 24 27 25 29 12 7 31 10 19 20 21 11 19 30 17 27 10 10 29 27 25 14 14 16 15 24 10 11 19 31 19 18 30 37 15 24 35 6 11 28
32 10 29 28 34 39 28 15 32 16 9 19 26 12 15 36 23 12 23 14 22 35 29 24 12 24 36 20 8 23 7 13 23 30 16 31 27 17 30 35 17 35 19 36 20 13 30 36 27 13 18 11 10 16 6 9 31 13 36 30 21 41 23 20 9 30 32 44 14 23 9 49 18 14 19 10 24 38 13 14
23 11 9 30 20 38 43 7 20 25 22 13 33 29 19 9 19 15 30 21 20 28 34 25 23 27 33 40 21 15 17 35 19 19 8 30 27 10 22 20 6 18 12 20 24 26 27 32 40 40 20 25 45 36 26 31 42 30 34 12 11 38 14 11 12 37 30 28 13 17 26 18 12 29 21 9 12 19 14 11
15 12 27 25 18 36 36 7 15 40 10 9 24 17 16 43 27 26 27 21 24 13 18 29 14 8 21 40 40 12 9 30 33 39 27 10 23 16 33 28 20 26 46 37 36 26 25 6 25 39 31 34 40 22 7 43 25 23 14 22 34 9 27 9 21 11 36 39 22 12 32 26 8 5 20 7 21 19 7 30
46 16 36 31 29 45 61 36 44 13 42 52 41 58 59 46 45 51 40 48 32 72 14 51 38 51 35 14 31 58 68 58 34 13 25 23 56 30 22 59 60 29 25 55 15 44 16 15 20 16 44 56 33 47 47 61 44 26 31 38 63 47 51 35 16 38 18 25 27 46 46 28 16 37 34 14 49 23 38 63
45 13 62 38 61 75 35 29 38 48 30 38 53 27 43 47 15 35 50 13 44 26 27 22 21 55 10 23 40 16 45 59 57 46 25 57 21 23 22 20 14 64 16 19 67 53 40 51 45 66 15 54 29 11 46 48 14 14 43 51 17 49 65 19 51 28 35 31 42 56 48 19 24 29 25 29 53 47 24 54
11 50 14 39 60 29 13 33 18 30 36 24 30 14 21 48 51 13 31 30 13 46 31 16 10 49 19 33 35 55 39 24 32 27 24 51 24 31 30 73 15 20 30 36 28 46 17 54 44 30 47 50 14 65 40 46 32 17 36 21 46 53 47 34 26 37 34 25 47 64 30 46 13 45 62 52 26 22 40 47
25 45 22 55 47 33 23 40 17 28 18 47 54 13 29 49 43 54 36 15 47 52 50 36 19 12 29 27 21 52 37 24 63 43 40 27 44 52 49 31 42 65 39 15 36 51 42 54 38 16 17 11 24 25 18 14 40 57 15 44 21 15 14 71 27 33 37 35 29 28 37 44 20 38 20 51 58 54 15 55
48 44 59 52 30 18 32 21 39 44 59 52 30 14 29 73 24 40 12 35 19 26 27 55 52 10 30 18 51 52 34 61 57 35 49 35 50 41 16 18 61 46 14 47 69 60 72 27 11 33 30 19 31 73 31 28 57 12 48 59 33 15 48 31 23 23 66 49 16 35 53 54 64 43 58 23 20 43 20 18
22 13 33 30 75 18 28 57 40 43 31 26 23 13 30 27 18 18 25 52 30 51 21 39 44 41 64 39 16 49 27 36 41 33 58 71 37 53 46 65 47 39 65 15 45 34 58 37 20 21 46 37 25 28 59 19 26 36 31 18 51 46 29 38 33 40 52 52 53 40 43 36 72 58 38 15 20 40 50 46
49 31 49 59 23 20 38 39 41 47 40 39 28 41 48 51 16 20 43 62 61 10 32 50 10 51 53 38 63 56 13 53 21 24 31 17 34 41 28 20 51 51 34 39 30 13 57 31 26 30 40 23 21 37 17 44 17 31 43 50 27 22 39 38 19 37 11 23 34 61 32 27 43 65 32 28 64 10 31 46
40 16 44 60 53 45 33 23 60 35 13 38 47 16 32 45 28 33 37 21 45 47 53 31 24 39 67 22 16 47 15 17 49 41 27 55 50 45 57 50 20 59 42 57 28 22 57 59 47 24 40 17 20 30 16 21 50 34 48 50 27 59 47 30 13 55 33 48 21 58 19 62 32 24 48 15 41 49 23 29
30 21 15 35 33 72 65 15 51 59 62 29 55 48 39 15 25 22 42 54 56 41 47 37 38 37 52 73 32 30 23 50 43 46 13 51 49 14 39 31 15 48 18 47 35 33 41 45 57 57 41 71 63 42 37 64 62 60 57 17 20 65 32 27 31 46 56 58 19 45 36 41 24 34 39 20 16 24 22 14
27 29 45 65 44 40 63 21 40 48 13 26 26 24 42 48 29 39 43 23 64 22 28 44 28 18 26 46 48 27 19 60 50 53 56 17 42 33 41 41 39 54 57 62 56 72 50 10 43 59 60 60 60 31 15 53 45 36 27 25 56 21 62 12 36 21 65 57 55 22 48 48 12 12 22 20 46 44 17 50
15 13 16 8 20 11 10 21 24 6 5 23 13 13 23 17 5 10 24 20 7 22 16 18 10 8 24 14 20 12 15 24 14 23 17 16 20 6 16 23 11 9 24 12 15 23 8 13 23 7 18 18 23 15 19 22 11 24 8 14 9 15 21 18 21 11 17 5 15 16 5 21 24 6 8 9 16 9 25 21
7 16 20 25 22 16 11 25 16 21 14 5 10 16 11 18 20 21 9 10 12 8 13 25 14 22 16 13 19 6 12 22 14 11 15 12 11 16 11 25 6 21 10 9 22 14 10 12 14 23 14 23 17 20 18 24 12 10 7 23 22 22 17 15 12 24 18 16 14 19 21 23 23 13 12 23 23 23 6 12
20 23 18 18 10 20 7 9 6 20 11 19 21 10 12 23 7 12 8 10 9 19 10 22 18 22 20 8 5 22 17 10 12 14 13 12 9 9 13 15 19 8 22 22 6 22 17 7 22 6 11 12 13 24 14 25 25 19 21 6 19 6 24 20 21 25 20 25 8 20 13 13 9 25 20 15 6 14 15 13
14 10 21 21 16 7 14 15 10 11 9 23 9 23 14 16 12 12 24 11 15 13 13 21 13 8 12 22 5 19 19 5 18 16 13 14 6 22 19 21 17 13 6 20 19 5 24 14 9 25 14 14 18 25 24 12 22 13 12 8 23 19 6 12 5 8 14 14 9 25 22 6 6 13 16 5 5 22 12 13
11 24 11 14 18 19 22 7 24 21 18 22 15 5 21 20 24 23 15 22 24 7 25 22 15 9 13 5 25 12 7 10 13 19 18 13 14 13 12 23 23 5 17 8 15 25 12 19 14 7 13 20 7 12 13 16 13 11 15 8 25 5 23 25 6 14 25 14 20 15 25 21 20 13 21 17 11 10 18 18
19 20 10 14 12 13 20 19 11 22 6 25 15 24 16 20 19 24 8 25 8 24 14 21 12 21 6 20 8 11 20 10 12 9 18 8 7 15 5 25 13 11 20 24 17 19 16 15 14 12 11 8 5 9 24 6 12 16 19 7 8 24 6 8 7 18 11 11 20 12 14 24 21 25 12 19 12 15 12 16
12 16 23 13 15 13 22 22 9 18 9 12 8 20 14 6 11 17 13 9 9 13 18 13 12 16 6 24 14 7 24 7 11 23 18 9 17 9 24 11 9 18 13 7 23 17 25 20 10 9 10 12 15 17 15 7 19 11 14 13 16 22 16 15 22 11 20 5 7 20 9 22 14 17 16 10 22 10 24 25
24 10 20 11 10 12 10 24 13 9 10 22 5 16 19 5 15 13 14 13 18 23 8 20 22 7 25 17 11 21 6 20 9 25 21 18 6 21 12 20 20 18 19 6 7 19 9 7 14 8 16 25 18 23 12 17 5 16 16 24 13 23 12 25 20 11 21 5 9 14 20 16 22 16 6 8 22 10 10 11
23 10 5 14 12 18 21 20 18 15 11 11 7 24 9 19 6 17 14 8 22 16 15 13 17 16 9 24 7 22 12 8 16 22 9 16 21 17 22 23 24 14 20 19 9 19 8 24 14 22 19 22 24 21 6 12 22 21 9 16 15 15 11 10 10 20 20 7 22 22 6 17 6 9 15 8 8 18 9 24
25 16 23 23 9 15 11 17 6 22 13 6 16 5 8 11 14 9 17 25 7 23 13 17 6 11 18 23 14 19 17 21 17 24 17 8 11 17 9 12 18 6 14 18 15 18 12 5 15 9 6 7 10 24 7 17 19 20 15 5 10 12 23 23 25 15 21 20 17 13 10 24 21 9 13 16 15 6 17 8
152 152 152 152 152 152 152 152 152 152
