10
40
32 24 16 21 12 23 31 20 14 35 9 42 17 48 31 36 24 41 12 31 16 27 19 31 19 40 12 22 9 14 39 17 20 12 36 16 15 18 7 46
25 13 31 37 30 25 30 15 22 16 21 15 7 16 33 7 24 23 20 9 16 42 7 13 7 35 19 13 23 24 17 43 37 34 24 34 14 25 14 23
20 25 40 14 29 24 34 39 16 28 11 19 10 30 18 12 15 32 18 14 17 13 24 22 14 18 7 29 21 13 41 11 16 29 20 9 20 12 40 20
12 26 17 15 40 31 47 39 17 9 10 25 29 23 29 11 37 19 22 18 17 33 17 24 28 13 31 11 9 21 15 43 20 18 24 13 37 12 36 25
46 16 28 23 12 17 12 46 25 18 12 25 9 24 35 8 21 19 27 16 34 27 16 34 36 14 33 30 15 32 9 36 10 43 26 24 12 35 22 27
34 31 25 10 7 29 17 12 14 12 21 49 19 27 15 29 10 20 21 30 17 44 22 24 38 21 38 5 11 22 22 28 40 31 7 13 27 14 10 14
37 14 5 17 23 31 28 21 27 27 23 17 13 43 12 27 9 24 21 16 35 30 19 19 19 33 11 29 10 39 15 16 18 39 12 16 41 21 39 28
26 20 38 24 16 38 11 46 18 34 19 22 30 32 9 13 22 28 16 16 27 17 18 15 20 23 26 9 23 41 6 30 6 11 25 15 8 29 10 23
29 25 41 33 16 20 20 24 6 22 23 11 24 6 9 13 22 14 20 36 11 29 18 23 6 19 29 39 23 28 32 28 31 26 27 11 15 18 14 16
20 9 20 37 31 19 13 8 27 15 8 7 12 29 10 16 29 21 19 5 13 20 43 45 37 30 22 35 25 20 18 36 22 17 18 28 27 8 29 14
40 47 24 36 35 33 57 54 26 56 19 61 38 54 48 44 39 60 16 55 19 59 37 51 29 60 18 60 22 31 58 21 32 28 51 22 15 38 13 60
28 24 60 58 46 46 42 40 33 33 27 18 12 18 60 14 27 44 46 14 20 55 15 22 15 54 28 25 45 36 36 61 57 71 27 49 32 31 28 38
30 41 65 35 33 31 53 44 23 36 22 31 21 45 33 13 29 41 30 24 23 33 54 33 29 32 18 68 28 15 49 18 23 62 42 24 40 18 48 29
26 43 33 21 52 46 50 54 26 18 23 33 33 36 37 18 40 34 39 31 40 59 45 40 47 31 46 13 17 58 23 60 39 41 41 21 52 21 57 72
56 28 57 26 25 29 22 63 37 20 29 51 12 39 42 12 32 37 34 36 48 63 22 58 59 18 67 50 26 44 14 49 27 59 57 44 16 47 35 57
52 41 47 13 21 46 21 16 29 22 46 62 41 49 33 33 13 41 42 56 39 56 30 61 51 29 45 12 18 28 59 45 45 46 14 20 56 28 26 24
63 21 12 33 24 36 58 53 48 32 27 24 16 48 23 38 19 43 33 20 54 41 34 27 48 46 28 65 16 49 31 21 34 59 21 48 54 37 56 56
57 42 45 53 19 44 22 62 35 52 38 62 48 51 14 31 63 54 19 44 32 38 28 29 29 60 46 17 59 50 15 34 14 25 45 19 19 42 19 52
64 46 65 66 18 45 25 43 15 57 34 15 35 14 22 29 42 24 51 50 19 56 34 47 17 23 39 48 42 41 51 64 43 65 49 19 29 43 19 35
53 15 35 38 36 40 28 15 34 19 12 15 28 65 21 40 45 41 41 16 29 34 65 52 57 32 63 51 47 35 26 54 43 19 29 45 35 16 46 20
15 13 16 8 20 11 10 21 24 6 5 23 13 13 23 17 5 10 24 20 7 22 16 18 10 8 24 14 20 12 15 24 14 23 17 16 20 6 16 23
11 9 24 12 15 23 8 13 23 7 18 18 23 15 19 22 11 24 8 14 9 15 21 18 21 11 17 5 15 16 5 21 24 6 8 9 16 9 25 21
7 16 20 25 22 16 11 25 16 21 14 5 10 16 11 18 20 21 9 10 12 8 13 25 14 22 16 13 19 6 12 22 14 11 15 12 11 16 11 25
6 21 10 9 22 14 10 12 14 23 14 23 17 20 18 24 12 10 7 23 22 22 17 15 12 24 18 16 14 19 21 23 23 13 12 23 23 23 6 12
20 23 18 18 10 20 7 9 6 20 11 19 21 10 12 23 7 12 8 10 9 19 10 22 18 22 20 8 5 22 17 10 12 14 13 12 9 9 13 15
19 8 22 22 6 22 17 7 22 6 11 12 13 24 14 25 25 19 21 6 19 6 24 20 21 25 20 25 8 20 13 13 9 25 20 15 6 14 15 13
14 10 21 21 16 7 14 15 10 11 9 23 9 23 14 16 12 12 24 11 15 13 13 21 13 8 12 22 5 19 19 5 18 16 13 14 6 22 19 21
17 13 6 20 19 5 24 14 9 25 14 14 18 25 24 12 22 13 12 8 23 19 6 12 5 8 14 14 9 25 22 6 6 13 16 5 5 22 12 13
11 24 11 14 18 19 22 7 24 21 18 22 15 5 21 20 24 23 15 22 24 7 25 22 15 9 13 5 25 12 7 10 13 19 18 13 14 13 12 23
23 5 17 8 15 25 12 19 14 7 13 20 7 12 13 16 13 11 15 8 25 5 23 25 6 14 25 14 20 15 25 21 20 13 21 17 11 10 18 18
81 81 81 81 81 81 81 81 81 81
