10
80
32 13 35 27 27 32 38 27 27 10 36 42 31 39 49 27 39 34 34 32 22 43 12 32 29 36 32 13 23 42 46 37 30 9 19 17 37 19 16 50 45 25 23 41 14 36 10 12 19 10 38 40 24 41 38 48 30 19 27 30 44 36 38 30 14 25 16 23 20 37 31 18 15 35 31 11 36 15 33 49
32 13 45 29 41 47 35 18 31 35 19 26 37 24 37 32 10 26 43 13 31 19 27 14 19 46 9 18 32 12 28 41 39 34 21 47 13 20 19 15 11 46 10 15 50 37 37 46 35 43 10 35 21 9 29 41 10 9 34 37 14 36 44 13 32 21 30 27 37 44 37 19 15 29 22 18 45 30 16 39
11 46 11 31 42 22 11 24 13 29 27 21 25 14 16 31 36 11 21 21 10 33 21 15 10 33 15 25 32 48 32 14 20 23 16 42 19 27 23 44 9 17 20 26 18 32 13 46 29 26 39 45 9 41 25 35 28 15 30 18 36 32 43 25 19 32 23 18 37 44 18 43 9 35 44 38 24 17 40 39
16 40 17 39 33 24 16 28 15 18 15 32 42 10 22 40 33 37 26 14 37 43 36 28 16 9 21 19 20 35 27 18 38 32 30 25 30 47 35 30 34 46 35 10 25 45 28 41 33 9 10 11 19 16 18 10 26 44 12 31 20 9 12 46 19 19 32 26 21 20 26 35 18 29 17 34 38 40 13 36
39 39 37 35 29 18 23 13 27 33 46 40 30 10 26 46 15 38 10 24 17 20 20 42 47 9 24 15 37 36 26 49 44 26 31 31 40 38 12 16 39 39 12 33 41 45 49 23 11 20 20 15 28 44 27 21 46 10 36 39 23 10 43 21 16 19 47 31 13 22 43 42 41 36 42 19 18 34 20 13
15 11 27 23 50 11 19 40 35 36 26 22 16 10 24 17 10 11 25 34 23 49 14 31 34 29 47 38 10 34 21 28 30 26 42 45 29 45 36 43 46 31 45 11 37 28 42 25 17 15 42 24 18 19 45 15 19 30 27 12 38 38 20 33 23 30 45 39 36 26 33 27 48 49 35 11 17 29 39 35
42 25 37 45 15 18 31 26 28 40 39 36 25 25 36 40 11 13 36 39 44 9 30 46 9 41 42 33 38 44 9 38 17 18 29 14 29 34 24 15 41 41 22 32 19 10 36 21 22 23 29 16 18 33 17 38 11 20 40 48 25 15 24 26 13 34 11 15 22 41 26 17 32 44 24 24 44 9 22 35
31 12 39 42 43 37 28 15 43 27 11 29 37 14 26 43 25 20 33 13 33 32 42 30 20 32 45 18 14 36 11 16 39 30 24 47 34 30 44 37 17 38 29 40 22 22 36 38 39 20 37 16 14 23 11 13 35 21 38 38 21 43 38 29 12 39 29 42 14 40 13 45 22 17 32 10 29 39 17 29
23 18 13 32 22 46 44 12 37 45 38 24 34 37 28 14 20 15 38 40 41 29 42 27 33 30 37 44 27 19 17 46 33 28 11 33 31 9 32 27 11 31 16 33 21 25 39 39 41 43 34 46 43 36 34 45 50 44 43 15 14 45 21 21 23 45 44 36 13 32 26 29 14 28 24 18 14 17 21 13
21 22 28 43 30 37 45 13 25 44 11 18 23 22 27 47 27 39 27 21 43 20 19 29 20 15 23 42 42 19 19 47 42 44 35 13 30 22 30 35 33 50 46 46 35 46 47 9 32 49 41 40 39 24 9 41 27 31 17 22 42 13 46 11 30 18 47 50 39 16 44 31 9 9 20 14 33 37 13 50
34 16 38 33 29 39 44 27 31 11 41 50 34 43 51 33 45 38 38 35 23 50 14 37 33 38 34 14 26 44 51 41 33 10 23 17 41 23 17 52 51 28 25 44 15 38 13 13 19 12 41 46 27 45 42 48 34 23 31 34 49 43 45 30 17 27 16 23 21 40 35 19 17 38 36 12 36 18 39 53
34 14 50 32 43 53 38 22 34 40 23 28 38 25 41 33 12 31 43 14 35 23 29 17 19 50 10 20 34 13 33 47 41 41 24 54 15 24 24 16 13 47 12 15 52 45 42 48 35 46 12 39 24 11 32 46 10 10 35 42 16 41 51 15 37 24 32 30 41 50 43 20 18 31 24 22 51 34 16 40
11 46 11 34 44 26 13 24 15 30 33 21 25 14 17 37 39 13 24 24 13 39 23 17 10 35 16 29 35 48 35 17 23 25 18 48 22 29 26 50 11 18 24 27 19 33 15 49 33 30 42 52 11 46 29 35 28 15 35 22 41 38 50 27 22 38 23 21 38 48 22 49 10 39 46 46 24 20 42 43
18 41 18 45 39 29 18 31 17 23 15 33 45 12 24 48 36 38 30 14 44 47 42 29 18 12 23 21 22 38 33 19 45 34 30 27 34 48 36 33 38 50 39 11 30 49 28 44 36 11 13 12 22 18 18 12 28 49 13 37 21 11 13 52 21 22 36 28 24 24 26 40 18 30 19 38 44 42 15 37
40 42 44 36 31 19 24 15 30 35 50 44 31 11 29 50 16 42 12 26 19 22 21 49 51 10 24 18 41 37 27 52 49 28 37 34 44 45 15 17 46 41 15 39 49 49 49 24 12 23 22 16 30 52 29 23 46 11 43 42 24 10 48 22 16 20 52 38 14 26 48 46 45 43 48 20 19 39 22 14
15 12 30 24 50 14 23 47 37 39 28 25 18 12 26 18 12 12 27 35 24 51 16 35 41 31 54 39 12 37 23 31 37 27 43 49 32 52 37 45 47 32 46 12 40 29 50 29 17 17 49 28 18 20 53 18 23 30 33 14 41 40 20 35 23 33 50 46 39 29 35 29 53 50 37 12 20 30 46 38
44 25 42 50 17 19 34 30 30 43 41 37 30 30 42 43 13 15 43 46 47 11 33 53 10 46 48 34 43 47 11 40 17 20 29 17 32 38 28 18 45 46 26 37 21 10 41 23 26 25 32 17 22 36 17 43 12 22 45 51 28 15 29 29 16 39 11 18 25 48 30 18 37 48 25 27 50 10 24 37
32 13 43 45 52 42 35 18 51 28 11 35 44 14 28 44 30 25 36 16 38 35 48 33 22 34 50 21 17 38 12 17 43 35 28 52 38 34 49 43 17 41 33 43 25 24 38 45 42 23 38 18 14 23 13 14 40 24 45 42 25 44 40 30 14 42 35 48 16 42 13 52 23 19 35 11 33 47 18 29
26 21 15 37 22 50 52 13 42 45 43 24 39 41 29 15 20 18 38 42 42 33 48 31 36 31 39 51 29 22 17 49 36 33 11 37 34 10 37 31 13 37 16 38 26 28 39 45 47 48 36 52 47 41 36 51 53 47 43 16 16 48 24 24 25 46 47 41 16 36 30 32 17 33 28 20 15 20 23 15
23 27 30 48 32 41 47 16 30 49 11 19 25 24 30 49 28 42 31 22 52 23 20 35 21 17 27 46 46 22 20 50 46 49 42 14 32 25 33 40 35 51 47 52 38 51 47 11 34 50 47 48 44 24 11 46 31 36 19 23 43 15 51 12 35 18 55 51 40 18 47 38 10 10 21 16 33 40 15 55
15 13 16 8 20 11 10 21 24 6 5 23 13 13 23 17 5 10 24 20 7 22 16 18 10 8 24 14 20 12 15 24 14 23 17 16 20 6 16 23 11 9 24 12 15 23 8 13 23 7 18 18 23 15 19 22 11 24 8 14 9 15 21 18 21 11 17 5 15 16 5 21 24 6 8 9 16 9 25 21
7 16 20 25 22 16 11 25 16 21 14 5 10 16 11 18 20 21 9 10 12 8 13 25 14 22 16 13 19 6 12 22 14 11 15 12 11 16 11 25 6 21 10 9 22 14 10 12 14 23 14 23 17 20 18 24 12 10 7 23 22 22 17 15 12 24 18 16 14 19 21 23 23 13 12 23 23 23 6 12
20 23 18 18 10 20 7 9 6 20 11 19 21 10 12 23 7 12 8 10 9 19 10 22 18 22 20 8 5 22 17 10 12 14 13 12 9 9 13 15 19 8 22 22 6 22 17 7 22 6 11 12 13 24 14 25 25 19 21 6 19 6 24 20 21 25 20 25 8 20 13 13 9 25 20 15 6 14 15 13
14 10 21 21 16 7 14 15 10 11 9 23 9 23 14 16 12 12 24 11 15 13 13 21 13 8 12 22 5 19 19 5 18 16 13 14 6 22 19 21 17 13 6 20 19 5 24 14 9 25 14 14 18 25 24 12 22 13 12 8 23 19 6 12 5 8 14 14 9 25 22 6 6 13 16 5 5 22 12 13
11 24 11 14 18 19 22 7 24 21 18 22 15 5 21 20 24 23 15 22 24 7 25 22 15 9 13 5 25 12 7 10 13 19 18 13 14 13 12 23 23 5 17 8 15 25 12 19 14 7 13 20 7 12 13 16 13 11 15 8 25 5 23 25 6 14 25 14 20 15 25 21 20 13 21 17 11 10 18 18
19 20 10 14 12 13 20 19 11 22 6 25 15 24 16 20 19 24 8 25 8 24 14 21 12 21 6 20 8 11 20 10 12 9 18 8 7 15 5 25 13 11 20 24 17 19 16 15 14 12 11 8 5 9 24 6 12 16 19 7 8 24 6 8 7 18 11 11 20 12 14 24 21 25 12 19 12 15 12 16
12 16 23 13 15 13 22 22 9 18 9 12 8 20 14 6 11 17 13 9 9 13 18 13 12 16 6 24 14 7 24 7 11 23 18 9 17 9 24 11 9 18 13 7 23 17 25 20 10 9 10 12 15 17 15 7 19 11 14 13 16 22 16 15 22 11 20 5 7 20 9 22 14 17 16 10 22 10 24 25
24 10 20 11 10 12 10 24 13 9 10 22 5 16 19 5 15 13 14 13 18 23 8 20 22 7 25 17 11 21 6 20 9 25 21 18 6 21 12 20 20 18 19 6 7 19 9 7 14 8 16 25 18 23 12 17 5 16 16 24 13 23 12 25 20 11 21 5 9 14 20 16 22 16 6 8 22 10 10 11
23 10 5 14 12 18 21 20 18 15 11 11 7 24 9 19 6 17 14 8 22 16 15 13 17 16 9 24 7 22 12 8 16 22 9 16 21 17 22 23 24 14 20 19 9 19 8 24 14 22 19 22 24 21 6 12 22 21 9 16 15 15 11 10 10 20 20 7 22 22 6 17 6 9 15 8 8 18 9 24
25 16 23 23 9 15 11 17 6 22 13 6 16 5 8 11 14 9 17 25 7 23 13 17 6 11 18 23 14 19 17 21 17 24 17 8 11 17 9 12 18 6 14 18 15 18 12 5 15 9 6 7 10 24 7 17 19 20 15 5 10 12 23 23 25 15 21 20 17 13 10 24 21 9 13 16 15 6 17 8
152 152 152 152 152 152 152 152 152 152
