10
40
24 7 13 14 17 33 23 29 37 25 19 31 40 16 32 9 21 10 10 35 5 39 8 32 31 39 18 32 33 34 9 32 36 21 24 6 20 5 47 47
14 43 18 28 16 9 31 24 22 12 16 19 24 24 35 18 31 10 31 17 13 22 13 7 18 34 28 10 17 24 19 45 12 23 40 32 12 20 13 32
39 11 43 11 10 14 8 30 23 15 14 22 19 26 12 28 16 12 14 45 32 10 9 20 22 25 9 8 11 27 22 21 13 47 26 10 41 38 10 27
41 29 8 26 37 29 45 10 20 27 44 7 42 14 24 33 30 17 24 7 15 43 45 39 24 20 30 28 32 29 24 8 44 21 11 11 21 11 33 30
23 9 18 18 28 41 28 37 15 39 19 18 16 18 13 14 10 15 28 18 26 43 18 24 12 8 13 8 39 21 7 10 32 15 20 7 25 29 33 19
25 22 19 18 46 14 38 19 41 25 34 10 14 24 38 16 26 9 14 27 7 23 14 27 24 29 19 16 13 18 21 9 12 8 10 45 7 24 36 28
20 38 16 27 16 25 23 28 19 36 12 11 30 9 41 43 22 14 31 25 27 12 36 20 32 21 14 38 39 35 38 17 41 11 32 16 17 16 25 32
25 22 8 26 37 11 21 14 19 45 35 28 18 23 12 16 13 13 9 17 22 15 35 19 8 20 34 26 28 9 20 27 13 9 25 7 34 37 30 21
25 10 20 16 35 28 15 28 17 13 12 24 10 33 8 13 21 16 13 23 30 39 12 38 11 18 13 18 5 21 21 21 9 32 16 26 23 36 43 17
32 43 7 18 16 42 8 19 33 30 37 26 23 8 27 32 12 42 18 26 15 36 21 15 14 20 23 10 44 36 8 11 27 30 10 9 33 23 42 25
30 15 27 22 23 49 36 32 45 38 29 45 55 24 37 15 30 14 15 58 11 65 13 42 34 43 28 52 61 43 18 40 46 24 42 16 41 15 62 70
30 55 30 45 31 17 42 41 43 17 23 29 30 42 63 26 63 19 48 33 22 47 38 10 25 56 52 23 18 30 51 62 18 33 52 42 18 54 19 70
48 25 56 25 20 25 21 50 33 24 30 36 33 37 21 37 19 16 22 63 49 20 15 27 34 40 19 16 33 61 45 49 26 67 37 14 61 62 16 51
58 50 23 55 55 38 72 14 33 42 72 17 63 36 30 59 62 34 39 18 36 68 70 66 48 32 47 32 51 58 32 20 53 47 19 28 52 21 53 46
29 17 31 20 41 48 42 52 38 56 32 45 28 24 17 24 24 16 57 22 57 48 19 59 21 12 30 16 62 64 18 22 43 29 33 12 42 39 67 29
67 51 45 35 50 19 63 35 44 36 48 21 23 43 48 24 63 16 21 63 15 23 37 63 48 45 51 27 27 25 51 10 29 16 17 55 14 55 57 56
37 65 41 56 28 50 46 63 41 50 31 24 66 13 49 48 25 24 39 46 50 27 49 30 50 41 33 47 58 51 52 23 62 17 37 27 36 26 42 63
46 34 10 64 49 14 30 30 50 54 53 39 30 44 23 38 25 31 20 37 58 38 49 41 12 52 36 31 39 16 29 38 24 25 33 19 51 69 45 37
33 24 35 31 42 43 29 52 39 33 19 25 16 50 19 20 28 19 17 27 51 53 15 54 15 45 15 25 16 32 47 49 17 41 28 38 47 53 68 46
48 47 10 32 29 48 13 21 44 40 65 55 60 19 48 55 18 47 30 54 25 54 43 36 19 54 39 19 66 51 15 21 31 62 17 11 39 59 50 49
9 9 14 24 11 16 8 19 20 14 14 11 14 24 5 12 11 15 13 10 17 9 13 20 24 13 8 18 8 24 5 10 16 14 23 7 24 9 12 18
20 25 22 23 24 14 17 22 19 20 10 15 13 6 24 5 15 7 7 12 17 18 20 11 20 12 10 8 23 9 17 9 5 24 14 23 7 24 25 15
9 9 11 13 12 25 16 16 19 20 23 10 18 14 20 20 17 7 22 22 9 5 7 23 23 18 19 12 22 9 19 13 9 5 14 22 13 17 22 14
8 13 14 14 5 14 22 7 22 14 10 23 22 18 18 12 15 5 11 12 17 21 21 21 20 18 6 17 12 10 14 21 16 21 9 25 8 13 7 7
25 21 16 9 11 19 6 10 22 16 11 6 21 15 15 20 19 9 19 17 19 22 17 23 8 6 23 5 12 14 5 14 12 23 24 20 10 10 17 14
19 9 5 19 18 25 12 17 23 12 11 21 23 20 16 24 10 8 15 23 19 14 9 5 7 10 25 14 23 7 22 18 18 18 8 14 7 10 11 19
22 12 7 9 8 24 7 12 21 12 10 20 7 22 21 18 8 24 16 14 12 14 18 21 6 25 18 19 5 5 15 13 22 24 19 24 14 5 11 17
16 17 24 6 11 14 7 9 11 13 24 22 17 8 7 21 9 24 21 21 5 16 14 9 7 15 23 8 18 6 13 5 8 13 12 9 23 23 22 20
7 23 16 22 11 18 23 19 6 20 8 9 16 15 5 18 18 25 22 6 13 21 7 10 7 22 21 18 6 7 23 11 25 6 11 17 7 21 18 15
16 11 20 15 23 12 11 10 9 21 5 24 8 13 12 22 18 15 22 25 7 23 17 5 5 9 11 16 10 8 17 13 9 25 17 8 5 24 20 19
72 72 72 72 72 72 72 72 72 72
