10
40
21 30 35 37 32 40 22 27 19 35 23 38 41 37 17 35 46 37 42 21 11 36 41 32 30 33 37 50 41 18 35 18 36 37 16 13 17 24 42 29
36 19 12 12 11 41 43 14 43 14 46 45 36 15 13 35 10 32 21 16 10 40 47 22 23 10 29 31 27 36 32 17 33 36 50 43 28 20 16 19
29 10 46 39 38 37 36 42 10 24 18 20 40 12 39 36 24 22 10 21 27 32 38 43 34 10 40 29 40 12 30 13 33 14 21 46 18 17 44 15
29 33 38 37 39 12 31 47 14 45 35 32 11 47 34 43 20 41 25 25 37 40 27 34 44 31 25 33 44 10 9 28 40 27 30 44 26 34 18 25
28 40 35 23 37 31 44 45 18 43 10 12 22 28 10 45 28 10 16 10 14 16 46 12 23 48 31 23 9 13 45 39 19 19 23 17 13 37 23 30
33 16 22 15 48 35 28 10 38 40 37 34 28 10 37 41 15 22 46 34 29 25 11 38 15 27 37 17 24 10 28 25 33 34 9 12 30 31 32 13
32 29 27 30 10 39 45 13 29 38 16 29 45 9 23 45 26 12 36 48 33 9 43 21 41 12 26 33 38 46 11 27 10 41 19 27 41 13 19 13
38 28 19 34 47 43 45 15 25 16 37 40 39 30 17 46 15 42 10 30 26 17 15 25 28 32 11 42 37 16 34 15 45 40 18 33 50 43 14 19
12 27 39 23 28 16 45 12 9 36 30 27 44 14 28 16 28 15 19 12 12 35 32 34 47 20 28 25 26 37 35 12 23 23 32 13 23 40 21 39
39 18 20 27 18 13 45 26 21 40 37 47 34 10 35 9 31 17 10 48 20 29 28 33 48 33 35 42 38 17 28 12 30 25 29 24 33 22 26 27
22 33 39 46 38 47 25 31 20 39 24 43 43 41 19 40 49 43 50 26 12 39 44 37 33 34 42 54 47 20 37 21 41 39 19 14 20 25 46 34
44 19 12 13 12 44 48 15 45 15 50 52 40 17 14 42 12 36 22 17 13 45 50 24 25 13 31 37 32 45 35 18 35 41 54 47 29 20 19 22
31 12 49 43 40 41 44 51 10 26 18 20 44 14 44 41 26 26 10 25 30 36 44 45 35 11 42 31 44 15 34 15 40 16 22 48 20 20 45 18
36 36 44 37 45 13 36 51 16 50 37 36 11 55 38 47 25 44 28 26 39 43 29 40 48 35 28 35 46 12 11 35 43 29 35 48 27 35 23 27
30 43 37 26 41 37 46 48 21 51 11 15 22 29 12 50 31 11 19 11 15 16 50 13 28 52 33 23 10 15 52 45 23 21 24 18 14 40 25 36
37 17 23 16 48 38 33 10 40 43 42 35 32 12 44 49 16 27 50 38 32 26 12 44 15 30 40 20 25 13 32 27 36 37 11 13 32 34 34 15
36 32 31 34 12 46 51 16 34 40 18 32 49 11 26 53 28 13 39 53 38 12 46 22 45 14 28 38 47 49 12 29 11 44 20 32 47 16 19 16
41 30 20 35 51 49 48 18 28 17 46 45 44 34 18 47 17 48 10 31 28 18 16 27 29 35 12 46 37 16 38 17 49 46 18 36 53 45 15 21
14 32 42 25 31 17 47 15 12 41 34 32 45 14 31 18 30 18 21 14 14 38 36 40 51 23 31 29 27 43 38 14 27 26 37 15 27 43 25 48
41 23 21 32 18 15 48 26 25 44 38 53 37 10 39 10 34 18 12 51 23 31 35 39 51 36 42 47 38 18 31 14 30 27 29 27 34 22 31 28
19 19 8 13 7 13 15 5 25 17 6 17 9 18 25 7 16 25 10 5 21 16 25 6 16 21 18 20 11 5 6 12 8 12 15 24 10 9 22 22
14 7 7 17 10 7 16 10 14 11 8 17 24 13 12 23 14 20 17 5 19 19 22 14 11 12 19 20 19 16 18 8 13 11 11 7 18 14 14 14
17 8 17 6 24 14 8 9 11 13 19 13 24 11 12 5 13 24 23 8 24 23 25 9 17 16 23 22 13 17 8 12 16 17 11 23 5 14 20 18
10 22 20 14 7 8 11 10 15 25 16 17 5 10 10 7 13 21 12 11 15 25 14 18 21 8 15 13 10 22 16 25 7 23 25 23 24 25 16 14
11 22 14 14 5 13 9 8 7 17 16 10 17 18 11 7 15 7 15 6 17 14 17 24 18 21 23 13 5 5 11 21 16 13 18 9 20 15 25 19
23 25 19 14 8 9 9 16 20 8 7 14 19 21 5 13 9 14 9 23 20 10 8 19 18 11 16 14 20 10 23 5 15 18 9 20 16 22 22 24
13 16 12 7 7 25 13 11 9 11 9 6 13 6 24 18 23 16 23 21 15 7 16 17 21 21 23 25 22 9 8 8 6 8 17 19 7 16 15 18
21 11 9 24 25 14 20 6 11 20 17 24 9 22 5 25 9 8 21 7 5 18 15 11 11 13 15 25 24 19 16 12 21 6 25 14 12 5 8 16
21 7 6 18 24 25 18 20 8 8 12 8 23 25 16 12 13 10 6 18 14 8 25 18 6 19 18 19 8 23 24 18 6 14 23 19 17 15 24 14
20 19 11 10 23 17 8 17 13 10 17 18 15 11 16 17 6 21 16 21 23 19 7 7 19 6 7 24 21 5 24 22 24 8 18 14 15 15 19 7
75 75 75 75 75 75 75 75 75 75
