10
40
7 31 23 18 36 39 27 30 28 32 18 28 25 11 35 30 32 22 7 13 47 16 11 19 22 25 41 30 32 19 24 22 21 12 8 25 12 12 27 13
33 21 12 9 17 15 33 16 41 22 25 10 36 9 9 18 12 27 17 32 19 16 20 20 22 9 38 11 25 9 12 18 25 19 34 18 34 16 30 17
19 21 20 9 13 33 41 18 8 43 20 16 14 15 5 27 43 18 27 25 21 32 20 19 29 11 14 47 9 39 19 30 31 21 6 22 15 20 11 7
15 18 20 26 38 9 38 8 24 12 6 35 18 29 26 31 9 30 33 24 9 19 19 32 15 27 44 42 42 17 10 17 37 7 32 10 12 35 35 30
7 14 17 10 5 25 27 31 20 18 24 23 33 35 20 30 6 33 19 17 14 18 35 41 26 17 24 34 13 10 21 15 10 16 22 34 36 19 26 36
27 30 11 16 32 24 9 19 22 13 16 14 18 29 29 14 18 14 37 47 35 25 18 35 21 22 26 29 11 22 31 8 34 44 21 40 43 15 36 32
8 25 26 8 18 11 22 17 15 25 30 24 7 10 22 33 28 27 16 22 20 18 46 24 21 20 14 10 31 10 28 17 24 37 17 40 27 41 24 35
36 37 15 7 21 23 34 22 14 29 31 35 12 23 15 8 10 27 35 17 17 10 8 35 21 17 24 13 33 10 24 19 40 31 43 27 29 21 36 5
39 14 32 12 19 30 7 35 38 26 13 42 20 28 49 14 18 22 17 22 13 27 39 16 11 18 20 31 26 35 10 10 30 25 22 41 31 35 11 41
8 28 18 6 11 17 23 18 13 32 20 23 7 28 33 23 20 7 18 11 14 17 24 9 14 10 22 6 13 21 26 13 30 8 28 27 34 32 14 26
17 65 55 33 46 57 43 51 39 41 22 57 32 18 50 55 49 37 15 13 61 20 21 36 40 56 47 53 53 38 44 41 25 22 18 53 24 20 48 26
55 43 17 15 35 26 39 18 58 47 61 13 52 14 22 37 16 43 20 55 42 26 40 32 33 19 54 26 49 11 31 36 38 32 44 31 52 19 53 24
28 27 41 12 30 45 57 33 20 56 45 19 18 16 15 59 49 45 51 43 26 54 41 22 39 18 25 49 15 58 28 30 39 33 15 56 24 49 23 20
29 25 28 68 46 14 51 14 26 18 19 43 41 45 43 51 10 32 43 50 21 39 39 35 21 65 64 71 52 44 26 28 53 18 44 24 23 62 41 52
13 38 38 20 13 40 45 56 42 48 49 36 49 54 44 71 18 52 36 42 18 33 52 56 45 21 33 53 14 14 35 35 16 35 35 70 51 52 48 72
53 52 31 29 44 47 27 25 43 14 28 25 44 53 59 24 32 19 52 71 46 49 23 70 29 64 43 59 18 40 39 18 69 72 44 69 59 36 75 36
16 63 52 11 51 16 42 27 17 54 42 67 16 25 58 55 31 47 40 55 35 27 53 44 26 33 17 18 44 12 44 38 60 59 27 50 51 61 39 42
62 65 21 11 33 47 56 39 27 59 48 53 31 28 42 18 11 49 53 26 35 19 22 45 50 31 40 19 61 13 43 30 54 45 55 38 32 50 54 16
47 21 54 18 45 31 15 53 44 41 21 51 40 43 71 31 24 50 26 34 16 44 44 36 25 44 38 40 64 55 13 17 44 30 24 58 61 43 20 50
16 46 40 14 16 24 39 26 26 45 29 30 16 44 49 57 23 18 19 18 24 27 36 24 29 13 55 13 18 57 31 22 42 17 53 34 56 42 26 57
6 8 11 6 13 6 5 21 10 10 21 6 19 12 7 24 9 18 20 9 17 14 13 22 8 18 25 8 21 8 21 23 17 11 13 9 16 11 21 14
13 23 9 23 10 7 25 5 16 14 19 25 6 11 17 10 14 8 23 23 15 22 16 11 17 6 18 9 23 20 19 20 8 22 5 13 18 10 6 7
25 17 22 25 22 6 22 14 5 18 15 18 9 5 24 14 17 20 25 23 7 24 18 11 14 20 10 22 7 19 18 12 15 8 22 8 16 17 8 19
7 10 16 17 8 25 10 5 24 9 19 8 20 5 23 23 6 15 10 10 25 5 12 6 20 22 16 15 15 11 5 9 6 24 5 5 15 16 12 22
19 25 11 7 5 21 24 11 18 21 18 6 8 10 25 17 12 21 9 25 5 9 7 13 20 25 9 8 8 5 10 20 22 25 22 21 6 12 18 15
16 18 14 16 16 7 21 10 18 23 13 19 5 23 14 18 5 11 21 13 21 13 9 19 8 22 12 10 23 20 11 12 5 24 23 5 19 21 10 17
21 13 5 22 13 12 12 14 15 14 19 8 24 9 5 18 10 18 13 20 7 8 11 23 5 22 18 6 6 6 9 6 21 12 8 17 21 13 16 12
18 13 7 24 25 14 16 19 14 8 23 14 13 19 15 8 14 8 16 6 25 11 21 11 12 7 12 9 18 8 24 25 18 23 18 9 6 21 7 23
25 17 22 20 5 21 25 11 24 13 22 19 13 13 13 24 9 21 12 7 9 15 20 23 18 25 8 19 9 13 12 14 22 22 22 25 8 16 9 16
25 14 5 16 10 23 23 18 19 25 12 19 17 20 18 23 13 15 23 25 7 6 8 18 23 8 15 17 23 18 23 8 22 23 25 11 10 19 9 10
71 71 71 71 71 71 71 71 71 71
