5
40
38 12 41 42 10 37 28 10 39 11 18 24 24 39 22 41 45 32 40 11 28 11 42 33 40 50 30 45 16 39 19 23 14 47 34 28 9 23 26 22
21 15 35 31 24 14 25 26 17 20 16 36 18 35 21 28 21 18 44 23 30 22 25 30 20 12 20 42 9 37 34 11 34 29 21 23 12 35 31 39
32 21 12 35 29 9 46 25 19 46 26 22 34 45 45 18 39 24 20 13 40 34 10 18 9 14 29 26 16 46 43 12 11 23 29 7 11 43 22 19
23 46 20 28 30 30 34 14 37 37 30 43 27 9 39 39 44 42 26 38 41 11 46 40 21 15 25 10 49 22 13 17 21 31 26 19 20 25 20 46
36 8 26 15 30 36 18 36 29 14 24 32 13 19 24 27 19 23 27 12 39 11 39 48 9 26 42 29 37 30 43 31 31 20 33 35 20 15 29 33
47 19 48 44 15 53 38 16 55 13 24 28 31 47 35 51 52 47 51 13 47 14 54 48 51 52 41 61 18 47 26 29 20 52 48 29 14 33 31 32
28 21 43 49 37 15 35 31 25 25 19 54 18 47 36 35 28 29 52 26 34 31 30 44 28 17 29 53 11 42 40 11 37 38 29 29 15 51 47 49
39 26 14 42 41 10 53 33 23 50 32 36 39 57 56 25 43 26 27 18 55 46 14 28 13 16 36 27 19 57 54 12 13 31 33 12 11 47 28 31
28 48 25 32 43 42 46 14 58 44 43 48 33 12 41 42 57 57 35 44 55 15 59 52 30 20 29 12 61 25 14 23 28 39 43 26 29 31 29 51
54 11 42 18 30 61 25 43 33 16 29 44 15 25 27 38 28 23 33 17 50 12 53 51 12 30 54 35 44 37 57 49 45 28 49 41 25 23 38 42
15 13 16 8 20 11 10 21 24 6 5 23 13 13 23 17 5 10 24 20 7 22 16 18 10 8 24 14 20 12 15 24 14 23 17 16 20 6 16 23
11 9 24 12 15 23 8 13 23 7 18 18 23 15 19 22 11 24 8 14 9 15 21 18 21 11 17 5 15 16 5 21 24 6 8 9 16 9 25 21
7 16 20 25 22 16 11 25 16 21 14 5 10 16 11 18 20 21 9 10 12 8 13 25 14 22 16 13 19 6 12 22 14 11 15 12 11 16 11 25
6 21 10 9 22 14 10 12 14 23 14 23 17 20 18 24 12 10 7 23 22 22 17 15 12 24 18 16 14 19 21 23 23 13 12 23 23 23 6 12
20 23 18 18 10 20 7 9 6 20 11 19 21 10 12 23 7 12 8 10 9 19 10 22 18 22 20 8 5 22 17 10 12 14 13 12 9 9 13 15
103 103 103 103 103
