5
80
9 36 37 24 31 36 29 33 31 33 16 38 21 9 34 40 31 33 11 11 42 16 12 24 30 40 35 39 45 21 34 25 23 14 14 32 17 19 31 18 44 30 12 9 26 18 38 14 32 35 42 8 36 11 17 33 9 32 12 38 23 20 27 27 23 13 30 17 29 10 15 27 33 19 33 22 42 17 39 14
22 19 25 7 18 32 44 24 12 45 29 18 12 11 8 48 38 26 36 38 22 42 30 17 27 12 18 44 9 35 19 29 26 23 8 37 16 32 16 13 20 22 19 47 39 10 40 9 24 10 9 35 24 38 28 36 9 24 28 31 17 29 30 24 17 43 39 40 43 23 17 25 31 13 36 14 22 38 36 39
9 22 27 15 10 27 28 47 26 31 37 21 36 35 27 45 10 32 27 23 13 28 36 45 32 19 26 36 14 10 24 20 10 18 26 42 33 33 33 43 38 37 22 21 37 35 15 18 27 9 16 17 23 46 45 13 20 15 36 47 27 29 15 46 16 38 22 34 12 30 26 14 40 44 31 41 46 19 40 25
14 38 49 9 30 16 32 16 13 39 32 37 9 18 38 46 25 25 28 35 28 24 47 40 21 25 13 17 27 11 34 22 34 35 27 43 31 32 27 34 41 49 17 9 19 28 36 23 18 31 35 41 19 26 29 13 9 32 31 17 26 16 12 28 32 28 23 13 45 12 30 22 35 29 43 25 29 36 31 10
46 17 28 10 32 25 13 36 31 33 15 38 27 38 43 19 19 31 17 29 10 37 39 24 21 27 25 36 43 33 7 12 29 23 18 39 44 34 17 44 11 34 26 9 10 15 30 19 17 28 24 18 14 26 40 39 16 12 19 14 13 22 24 16 21 8 38 11 11 31 24 17 28 12 41 28 38 37 15 40
13 48 43 24 42 50 31 41 44 47 26 46 28 12 50 48 38 35 12 13 53 19 14 31 35 47 54 49 56 30 51 39 25 16 16 45 18 23 40 25 57 34 19 11 40 22 40 18 47 37 44 11 52 15 19 39 16 46 20 42 36 26 31 35 29 16 38 25 45 12 26 31 35 24 45 27 50 17 47 21
26 24 35 11 23 33 47 27 17 52 36 19 20 16 12 61 48 34 47 41 31 48 37 23 40 17 23 48 12 47 24 37 34 31 13 49 21 37 19 15 22 28 29 55 50 11 50 12 25 12 16 45 34 46 31 41 11 36 39 42 20 37 35 35 22 48 46 61 52 32 23 26 44 16 45 20 25 46 45 46
14 33 37 22 12 40 37 49 33 32 51 26 54 45 38 52 12 44 36 35 18 35 48 53 44 19 36 44 14 16 29 26 14 27 30 48 39 36 33 56 45 49 25 32 45 52 20 28 42 14 22 19 32 56 54 19 27 15 50 57 42 39 21 53 26 51 34 48 13 50 36 19 50 53 50 54 59 27 52 36
16 58 58 12 35 17 42 21 16 56 46 59 12 21 42 49 36 32 34 43 35 29 55 44 28 27 16 17 32 11 43 30 51 46 32 51 43 43 35 42 47 62 18 11 28 42 55 32 24 45 41 47 26 27 30 18 11 39 42 26 35 16 20 39 42 28 29 15 48 12 35 31 44 37 61 32 31 50 51 13
49 25 38 13 37 37 15 38 42 34 17 48 36 42 60 22 22 37 23 30 14 53 41 31 26 41 30 39 59 50 10 17 39 25 27 45 51 47 25 55 14 48 35 12 15 21 46 23 25 32 28 30 17 35 47 45 25 14 21 19 19 27 24 17 26 11 42 12 13 48 35 22 37 16 42 31 47 42 21 43
6 8 11 6 13 6 5 21 10 10 21 6 19 12 7 24 9 18 20 9 17 14 13 22 8 18 25 8 21 8 21 23 17 11 13 9 16 11 21 14 13 23 9 23 10 7 25 5 16 14 19 25 6 11 17 10 14 8 23 23 15 22 16 11 17 6 18 9 23 20 19 20 8 22 5 13 18 10 6 7
25 17 22 25 22 6 22 14 5 18 15 18 9 5 24 14 17 20 25 23 7 24 18 11 14 20 10 22 7 19 18 12 15 8 22 8 16 17 8 19 7 10 16 17 8 25 10 5 24 9 19 8 20 5 23 23 6 15 10 10 25 5 12 6 20 22 16 15 15 11 5 9 6 24 5 5 15 16 12 22
19 25 11 7 5 21 24 11 18 21 18 6 8 10 25 17 12 21 9 25 5 9 7 13 20 25 9 8 8 5 10 20 22 25 22 21 6 12 18 15 16 18 14 16 16 7 21 10 18 23 13 19 5 23 14 18 5 11 21 13 21 13 9 19 8 22 12 10 23 20 11 12 5 24 23 5 19 21 10 17
21 13 5 22 13 12 12 14 15 14 19 8 24 9 5 18 10 18 13 20 7 8 11 23 5 22 18 6 6 6 9 6 21 12 8 17 21 13 16 12 18 13 7 24 25 14 16 19 14 8 23 14 13 19 15 8 14 8 16 6 25 11 21 11 12 7 12 9 18 8 24 25 18 23 18 9 6 21 7 23
25 17 22 20 5 21 25 11 24 13 22 19 13 13 13 24 9 21 12 7 9 15 20 23 18 25 8 19 9 13 12 14 22 22 22 25 8 16 9 16 25 14 5 16 10 23 23 18 19 25 12 19 17 20 18 23 13 15 23 25 7 6 8 18 23 8 15 17 23 18 23 8 22 23 25 11 10 19 9 10
197 197 197 197 197
