5
80
12 9 28 20 43 13 19 37 35 30 23 17 14 9 24 16 11 12 22 26 21 48 16 26 32 23 45 30 8 34 15 29 25 22 34 47 28 36 31 40 42 24 33 11 33 21 38 25 13 16 45 21 17 19 49 13 22 28 25 10 36 31 20 30 20 24 42 39 33 26 34 24 49 46 28 8 18 22 41 35
40 20 36 40 14 18 31 27 28 32 40 36 25 27 32 39 9 15 34 41 34 10 31 49 9 42 34 31 34 42 8 30 15 16 26 13 30 30 26 14 39 41 20 33 19 7 37 21 21 19 30 13 18 29 17 33 11 15 33 42 27 12 21 22 11 35 10 14 24 34 23 14 31 34 18 26 48 8 16 33
32 10 32 43 43 30 30 15 38 27 8 24 35 12 24 44 21 21 32 15 27 26 38 31 19 30 38 18 14 32 9 13 35 25 26 43 31 27 43 33 15 31 33 37 19 18 34 33 34 19 36 15 11 22 12 13 27 19 32 36 23 34 34 23 13 38 28 42 11 33 11 41 22 18 33 9 22 34 15 29
24 19 10 28 16 36 46 10 32 43 40 18 29 37 26 11 16 16 29 32 37 27 36 29 29 30 39 43 26 19 17 37 29 25 11 27 34 7 32 25 9 29 14 35 23 27 36 41 40 40 28 46 38 35 32 46 43 36 40 12 13 33 19 16 21 33 35 34 12 29 24 25 12 25 22 15 15 17 18 14
19 24 22 39 27 35 36 15 26 36 11 17 24 20 22 47 22 36 28 17 42 20 15 28 16 12 24 35 37 17 16 35 46 39 37 10 32 19 29 31 35 41 45 46 36 36 40 8 32 38 39 37 37 22 8 37 26 25 19 19 33 12 47 10 32 13 39 43 39 15 41 35 10 10 17 14 32 29 15 50
16 11 32 29 57 15 23 50 46 45 33 23 20 12 25 19 13 14 29 43 30 62 20 34 43 36 58 39 13 36 25 32 39 33 42 58 37 58 39 56 48 33 52 12 44 35 56 32 20 19 53 32 19 19 51 19 26 30 37 16 48 43 25 38 23 39 55 50 47 34 36 33 56 59 46 11 22 33 46 41
47 25 45 54 17 20 38 35 34 40 45 43 33 34 49 48 13 18 43 53 50 12 35 61 11 43 54 42 49 58 11 40 21 20 35 17 35 43 29 17 51 52 25 36 24 11 43 23 30 29 35 20 24 35 19 43 13 22 45 52 31 18 31 29 15 38 11 21 24 50 34 18 40 52 28 27 53 12 22 37
34 13 43 45 58 41 36 20 49 33 12 36 48 17 28 54 29 23 39 15 40 39 44 33 21 38 51 22 17 45 13 16 45 32 29 60 43 33 51 43 19 40 36 43 28 27 42 47 50 25 40 19 16 24 12 14 41 28 44 49 24 54 40 33 14 45 40 49 17 47 13 60 23 19 36 12 33 54 20 32
31 20 15 38 25 51 53 14 45 50 43 28 41 51 30 16 20 20 44 45 45 40 47 37 36 37 44 52 31 23 20 50 39 37 12 37 39 10 39 34 15 41 18 42 29 31 47 47 47 51 36 58 53 41 39 57 53 49 43 17 19 46 24 22 23 51 52 44 17 33 28 35 20 33 28 19 15 21 25 16
23 28 36 57 32 40 52 16 33 48 13 22 30 28 36 49 33 39 37 27 56 24 20 38 22 19 28 55 48 25 19 49 54 49 44 15 32 24 34 46 37 55 50 56 46 60 53 12 38 61 56 54 49 30 12 51 34 34 21 24 42 17 54 12 34 20 53 53 42 18 53 38 11 12 25 17 34 37 15 56
16 8 18 15 13 18 20 13 15 5 20 23 16 22 25 15 20 18 18 17 11 24 6 18 15 18 16 6 13 22 25 19 15 5 10 8 21 10 8 25 24 14 12 21 7 19 6 6 9 5 20 21 14 20 21 24 16 11 16 16 25 20 21 15 8 13 8 11 10 19 17 9 8 18 17 6 18 8 18 25
17 6 24 15 22 25 18 10 17 19 10 13 19 12 19 16 6 14 21 6 17 11 14 8 9 23 5 9 17 6 16 22 21 19 12 25 7 11 11 8 6 23 5 7 25 21 20 24 18 23 6 19 11 5 16 22 5 5 17 21 7 20 24 7 18 12 16 15 21 24 21 9 8 14 12 10 25 16 8 20
5 23 5 15 22 12 6 12 7 14 16 11 13 7 8 17 20 6 11 11 6 18 11 8 5 18 8 13 17 24 17 8 11 12 9 23 11 13 12 25 5 8 12 13 9 17 7 23 15 15 19 25 5 22 14 18 14 7 16 10 19 18 23 14 11 18 11 10 19 22 10 23 5 18 23 21 12 9 20 22
9 20 9 22 18 14 8 14 8 10 7 16 22 5 12 22 17 19 14 7 21 23 20 14 9 5 11 10 10 18 15 9 22 17 15 14 16 24 18 15 18 24 18 6 14 24 14 21 18 5 6 5 10 9 9 6 14 24 6 18 10 5 6 24 10 11 18 13 11 11 13 18 9 15 10 18 20 21 7 18
20 20 20 18 15 9 11 7 15 17 25 21 15 5 14 25 8 20 5 13 9 10 10 23 25 5 12 8 21 18 14 25 24 13 17 16 21 21 7 8 22 20 7 18 23 25 25 12 5 12 11 7 14 25 13 10 23 5 20 20 12 5 24 11 8 10 24 18 6 12 22 21 22 20 23 10 9 19 10 7
195 195 195 195 195
