5
80
20 7 11 8 18 22 27 19 39 22 14 37 28 21 17 7 14 7 10 47 10 41 10 25 32 21 23 41 42 19 12 26 34 11 22 8 19 10 24 47 16 22 25 23 18 12 21 30 40 7 14 21 15 28 40 20 30 8 36 20 15 20 20 8 21 23 33 12 14 12 36 35 10 21 34 16 12 34 15 41
24 15 42 15 11 18 13 29 23 14 22 13 22 29 8 19 12 8 9 49 26 13 6 12 22 17 11 9 23 37 21 30 9 49 20 8 34 32 11 34 30 29 9 38 32 25 33 6 18 31 39 15 27 15 24 27 35 16 30 10 17 29 47 34 31 19 23 27 45 29 21 15 38 29 13 16 19 17 31 27
21 10 24 16 38 27 31 39 21 43 23 31 12 14 17 23 13 14 34 13 35 35 15 34 14 11 11 8 37 28 9 12 36 12 17 9 28 17 47 13 41 23 20 28 32 12 42 15 24 22 31 14 15 17 35 18 34 12 9 34 10 15 17 28 24 40 23 20 12 21 36 6 17 12 14 32 10 30 35 29
23 24 20 43 15 40 31 44 30 37 14 11 23 10 36 42 17 15 23 31 28 13 30 18 40 15 26 26 40 25 33 22 35 10 27 24 29 10 35 32 38 25 7 43 33 8 19 12 28 39 40 19 22 28 16 21 17 13 10 29 23 24 33 20 9 35 24 21 19 9 20 27 21 11 14 14 37 46 35 13
20 12 14 29 37 20 19 41 20 12 10 16 13 27 14 14 23 15 13 21 20 31 8 43 8 34 15 18 7 17 19 36 10 18 16 20 28 35 47 26 29 21 6 17 26 25 12 13 26 28 27 45 32 7 39 33 17 37 11 21 12 23 28 22 7 25 16 11 47 34 10 9 16 29 17 8 25 42 29 29
41 16 30 22 19 50 35 31 60 38 36 45 65 31 43 10 28 17 11 72 14 53 18 48 41 53 35 50 64 42 15 48 41 23 58 18 44 12 61 47 33 62 32 57 39 16 57 37 63 19 26 31 36 42 54 23 52 16 64 32 23 60 36 13 30 47 62 18 27 36 53 46 20 30 50 47 19 52 25 62
58 19 53 27 16 21 16 60 37 26 30 33 31 43 19 34 20 14 23 66 43 16 11 30 40 41 20 19 24 46 40 39 24 70 43 14 54 62 12 52 61 40 17 50 59 40 53 14 30 36 62 15 65 30 35 50 64 28 34 16 29 63 57 48 71 26 59 42 55 61 38 21 52 44 21 29 42 18 61 44
34 17 37 27 56 60 38 64 37 52 33 49 29 23 19 30 19 17 53 29 50 49 21 56 21 17 25 11 54 54 19 18 36 23 36 11 38 37 52 20 57 46 44 33 68 20 45 42 46 26 67 18 25 32 51 22 59 21 23 60 17 24 28 54 43 45 48 21 20 28 40 15 22 14 17 67 10 57 41 68
40 68 39 58 28 58 51 54 42 53 31 27 68 13 52 44 26 27 51 52 44 36 58 24 69 44 39 49 62 61 50 24 56 13 51 27 35 27 54 47 47 36 10 50 45 17 27 29 49 49 63 44 25 49 22 39 20 24 18 52 58 32 59 39 12 52 52 43 41 13 29 30 30 22 29 20 60 65 42 29
35 23 35 34 39 42 25 48 39 30 25 33 17 40 17 21 28 23 17 25 52 53 12 50 14 40 15 29 15 43 45 52 15 44 28 53 63 68 57 35 45 53 10 29 29 49 12 20 36 50 55 62 55 14 51 49 25 62 25 40 25 39 44 37 16 43 31 17 72 44 14 19 31 47 21 15 51 58 49 47
9 9 14 24 11 16 8 19 20 14 14 11 14 24 5 12 11 15 13 10 17 9 13 20 24 13 8 18 8 24 5 10 16 14 23 7 24 9 12 18 20 25 22 23 24 14 17 22 19 20 10 15 13 6 24 5 15 7 7 12 17 18 20 11 20 12 10 8 23 9 17 9 5 24 14 23 7 24 25 15
9 9 11 13 12 25 16 16 19 20 23 10 18 14 20 20 17 7 22 22 9 5 7 23 23 18 19 12 22 9 19 13 9 5 14 22 13 17 22 14 8 13 14 14 5 14 22 7 22 14 10 23 22 18 18 12 15 5 11 12 17 21 21 21 20 18 6 17 12 10 14 21 16 21 9 25 8 13 7 7
25 21 16 9 11 19 6 10 22 16 11 6 21 15 15 20 19 9 19 17 19 22 17 23 8 6 23 5 12 14 5 14 12 23 24 20 10 10 17 14 19 9 5 19 18 25 12 17 23 12 11 21 23 20 16 24 10 8 15 23 19 14 9 5 7 10 25 14 23 7 22 18 18 18 8 14 7 10 11 19
22 12 7 9 8 24 7 12 21 12 10 20 7 22 21 18 8 24 16 14 12 14 18 21 6 25 18 19 5 5 15 13 22 24 19 24 14 5 11 17 16 17 24 6 11 14 7 9 11 13 24 22 17 8 7 21 9 24 21 21 5 16 14 9 7 15 23 8 18 6 13 5 8 13 12 9 23 23 22 20
7 23 16 22 11 18 23 19 6 20 8 9 16 15 5 18 18 25 22 6 13 21 7 10 7 22 21 18 6 7 23 11 25 6 11 17 7 21 18 15 16 11 20 15 23 12 11 10 9 21 5 24 8 13 12 22 18 15 22 25 7 23 17 5 5 9 11 16 10 8 17 13 9 25 17 8 5 24 20 19
184 184 184 184 184
