5
40
35 11 7 34 26 25 20 21 36 12 20 35 32 23 30 31 15 13 15 36 31 27 18 6 10 13 43 25 41 7 30 25 17 29 11 20 9 20 17 34
35 16 11 16 15 29 9 18 31 22 19 40 7 31 38 34 14 29 27 26 14 14 28 38 6 40 36 37 8 11 15 25 34 32 19 45 14 9 20 31
20 29 33 7 13 28 14 15 13 21 34 42 17 16 7 24 16 29 21 32 11 30 20 11 15 27 28 10 37 13 24 5 11 27 16 13 26 24 23 23
14 26 16 25 14 31 37 18 6 31 15 12 22 20 9 34 26 33 32 8 17 27 12 17 10 38 28 37 12 12 42 18 29 9 23 28 13 30 29 25
20 12 21 16 31 20 19 17 16 38 10 42 12 18 22 35 21 29 23 46 7 26 28 9 9 11 11 32 21 9 21 20 13 34 24 8 8 40 21 32
39 24 11 45 47 54 28 49 48 35 25 57 51 56 39 70 28 17 31 49 39 28 27 11 17 28 49 41 56 18 63 40 36 47 22 41 19 22 27 48
58 33 19 22 23 61 16 33 60 32 22 55 17 58 50 38 22 68 40 32 25 30 44 59 12 71 52 45 15 14 32 35 50 53 54 62 35 14 26 40
33 38 49 12 30 42 14 23 31 29 66 53 37 18 18 46 22 63 44 49 12 45 30 25 22 43 53 16 48 18 35 13 17 38 36 27 52 53 51 61
20 63 34 45 32 37 61 48 16 56 17 21 43 35 11 36 46 67 51 12 30 54 15 24 20 48 51 53 14 21 67 24 57 15 32 48 14 44 38 33
36 23 39 37 48 28 30 22 21 50 13 55 22 35 24 58 54 43 58 65 18 66 51 12 13 20 29 41 22 18 41 31 22 50 38 23 12 57 55 43
9 9 14 24 11 16 8 19 20 14 14 11 14 24 5 12 11 15 13 10 17 9 13 20 24 13 8 18 8 24 5 10 16 14 23 7 24 9 12 18
20 25 22 23 24 14 17 22 19 20 10 15 13 6 24 5 15 7 7 12 17 18 20 11 20 12 10 8 23 9 17 9 5 24 14 23 7 24 25 15
9 9 11 13 12 25 16 16 19 20 23 10 18 14 20 20 17 7 22 22 9 5 7 23 23 18 19 12 22 9 19 13 9 5 14 22 13 17 22 14
8 13 14 14 5 14 22 7 22 14 10 23 22 18 18 12 15 5 11 12 17 21 21 21 20 18 6 17 12 10 14 21 16 21 9 25 8 13 7 7
25 21 16 9 11 19 6 10 22 16 11 6 21 15 15 20 19 9 19 17 19 22 17 23 8 6 23 5 12 14 5 14 12 23 24 20 10 10 17 14
90 90 90 90 90
