5
40
35 29 36 12 10 35 16 11 27 14 31 45 36 40 19 32 9 24 31 44 22 40 18 43 38 20 42 8 16 25 32 24 42 24 12 12 33 20 16 20
37 16 7 23 19 34 31 32 29 29 22 18 14 38 15 36 13 29 25 12 32 28 24 25 31 32 16 37 14 40 25 13 28 39 17 27 33 32 33 39
46 28 39 34 13 37 15 36 27 43 31 32 37 42 12 24 33 31 13 32 29 30 17 19 19 34 38 14 33 40 12 29 11 17 30 12 14 26 14 45
45 30 38 42 18 28 21 29 12 42 20 10 25 11 12 19 26 19 35 43 15 44 19 27 11 21 33 36 29 32 31 32 34 42 26 15 21 32 15 20
35 12 28 34 23 30 19 9 24 16 10 13 16 43 13 29 35 37 29 10 17 23 36 44 41 24 42 37 27 20 16 40 33 14 26 33 26 10 33 15
41 37 39 14 15 38 21 15 34 18 36 54 36 48 27 34 12 31 39 60 29 57 25 50 45 24 44 13 19 30 44 33 53 35 13 16 55 20 21 24
45 23 10 32 28 42 49 48 38 32 24 23 15 57 17 41 14 36 33 18 50 33 37 28 40 40 19 53 15 50 29 18 33 55 18 35 46 34 48 53
57 35 44 43 18 44 20 58 35 46 47 43 56 48 14 30 49 47 21 33 33 37 24 25 22 45 49 14 53 49 14 37 13 19 35 20 19 38 22 53
50 39 55 51 18 36 27 39 12 45 27 13 37 12 20 22 32 21 39 51 18 48 28 38 15 27 44 52 32 44 41 44 39 54 40 20 23 39 20 26
40 13 35 46 38 40 25 10 34 19 13 16 22 59 17 38 46 40 37 12 23 27 46 46 59 33 47 50 39 29 25 48 51 18 29 36 33 15 41 19
19 20 10 14 12 13 20 19 11 22 6 25 15 24 16 20 19 24 8 25 8 24 14 21 12 21 6 20 8 11 20 10 12 9 18 8 7 15 5 25
13 11 20 24 17 19 16 15 14 12 11 8 5 9 24 6 12 16 19 7 8 24 6 8 7 18 11 11 20 12 14 24 21 25 12 19 12 15 12 16
12 16 23 13 15 13 22 22 9 18 9 12 8 20 14 6 11 17 13 9 9 13 18 13 12 16 6 24 14 7 24 7 11 23 18 9 17 9 24 11
9 18 13 7 23 17 25 20 10 9 10 12 15 17 15 7 19 11 14 13 16 22 16 15 22 11 20 5 7 20 9 22 14 17 16 10 22 10 24 25
24 10 20 11 10 12 10 24 13 9 10 22 5 16 19 5 15 13 14 13 18 23 8 20 22 7 25 17 11 21 6 20 9 25 21 18 6 21 12 20
103 103 103 103 103
