5
40
10 15 17 26 16 28 11 44 29 25 37 49 11 34 25 27 28 12 31 15 30 36 44 26 20 29 20 16 36 42 20 46 10 27 33 41 24 19 34 39
13 38 16 42 36 26 16 26 16 21 13 31 39 10 21 44 26 29 26 10 41 40 40 26 17 11 15 15 19 34 23 15 37 31 26 25 30 38 31 27
27 39 33 8 27 45 27 35 29 10 10 8 15 13 14 11 20 45 10 27 19 7 10 36 20 22 33 25 18 23 26 32 17 24 17 31 31 35 12 30
32 34 33 35 28 18 23 13 24 30 45 32 25 8 22 38 14 39 11 21 17 15 19 35 49 10 24 15 40 29 27 37 38 19 34 32 41 34 14 15
39 35 12 31 40 48 37 17 9 20 22 15 27 41 26 19 39 9 39 31 21 7 39 18 14 15 38 34 13 21 36 35 36 37 38 20 13 36 19 14
12 17 27 32 21 33 17 55 30 35 41 49 12 54 32 43 30 16 34 21 45 41 46 31 25 43 23 22 43 48 25 49 10 45 53 43 27 23 48 53
17 46 20 44 40 27 18 35 18 21 15 37 47 12 28 52 39 39 29 14 52 47 43 34 21 12 22 20 23 44 32 21 43 40 32 28 40 48 43 36
44 52 40 13 34 58 33 52 39 11 13 12 25 19 22 14 28 59 12 43 20 10 14 50 23 25 38 28 22 25 27 41 19 35 20 36 43 48 17 42
45 44 46 35 34 20 25 16 31 36 53 51 30 11 33 49 17 44 12 31 21 22 23 58 55 10 26 17 51 43 30 61 55 31 40 41 42 46 14 20
54 44 17 42 52 55 59 23 13 26 25 18 35 61 28 23 47 10 44 46 27 11 51 24 17 22 60 43 16 29 49 44 53 47 52 25 19 43 22 17
16 8 18 15 13 18 20 13 15 5 20 23 16 22 25 15 20 18 18 17 11 24 6 18 15 18 16 6 13 22 25 19 15 5 10 8 21 10 8 25
24 14 12 21 7 19 6 6 9 5 20 21 14 20 21 24 16 11 16 16 25 20 21 15 8 13 8 11 10 19 17 9 8 18 17 6 18 8 18 25
17 6 24 15 22 25 18 10 17 19 10 13 19 12 19 16 6 14 21 6 17 11 14 8 9 23 5 9 17 6 16 22 21 19 12 25 7 11 11 8
6 23 5 7 25 21 20 24 18 23 6 19 11 5 16 22 5 5 17 21 7 20 24 7 18 12 16 15 21 24 21 9 8 14 12 10 25 16 8 20
5 23 5 15 22 12 6 12 7 14 16 11 13 7 8 17 20 6 11 11 6 18 11 8 5 18 8 13 17 24 17 8 11 12 9 23 11 13 12 25
91 91 91 91 91
