5
80
13 10 26 21 50 12 21 42 35 32 27 22 16 12 22 16 11 12 24 32 22 48 15 28 37 27 47 36 11 33 19 27 34 27 40 43 28 47 32 42 43 29 40 10 37 27 45 24 16 16 46 26 17 17 46 17 21 30 28 11 36 34 20 31 22 28 44 37 34 27 34 26 44 47 36 11 17 27 41 34
43 24 37 44 14 16 29 28 25 37 38 35 25 27 40 37 12 13 40 41 40 10 28 46 9 37 41 30 40 44 9 38 17 18 28 15 28 33 25 15 37 41 23 32 20 10 38 19 23 23 29 14 19 29 16 39 10 20 40 48 24 14 25 26 15 34 9 17 24 42 27 18 34 39 22 26 46 9 19 31
28 10 40 38 48 38 30 17 47 26 10 29 40 13 27 44 27 20 33 15 36 33 42 30 20 33 46 20 14 35 9 15 39 30 26 50 33 30 48 36 16 39 33 39 22 20 36 40 40 18 33 15 12 23 10 13 34 22 39 40 23 41 34 29 13 40 29 40 14 39 11 45 20 17 30 10 29 41 15 27
26 18 12 32 22 49 45 12 37 40 38 22 38 36 27 15 19 15 34 37 39 31 46 27 31 29 39 44 28 18 17 42 29 31 11 35 32 10 34 26 12 33 15 33 21 27 36 40 39 44 32 45 45 37 35 48 49 39 41 14 14 43 21 21 22 44 42 38 15 33 26 30 16 28 23 17 14 19 22 12
22 23 29 45 27 39 45 15 28 44 10 16 23 20 27 42 25 39 29 20 47 19 18 31 19 16 22 42 37 20 17 45 43 43 37 13 30 24 31 37 35 50 47 47 38 44 46 9 31 46 45 39 38 22 9 40 30 30 17 20 41 13 45 9 31 18 45 49 39 15 47 34 9 9 18 14 31 33 15 50
15 11 30 25 55 13 22 48 37 38 29 25 18 13 26 19 12 13 26 36 25 50 17 34 38 30 50 40 12 36 21 30 34 27 46 52 34 52 38 46 47 33 49 12 40 29 49 28 17 16 46 26 18 19 50 18 23 30 31 13 39 39 21 35 25 33 48 44 39 29 35 31 49 52 37 11 19 30 47 39
47 25 42 51 17 19 31 31 30 40 41 39 29 30 45 40 12 16 40 44 46 10 32 55 11 43 50 35 43 50 11 39 17 19 30 16 31 40 28 18 45 46 27 37 22 11 41 22 24 25 31 16 21 36 17 44 13 22 42 54 29 16 27 30 16 40 12 18 24 49 30 19 38 44 25 28 49 11 22 37
33 12 46 45 50 40 35 17 49 28 12 34 43 15 28 46 30 23 36 15 39 37 46 34 21 35 51 21 16 41 11 17 43 33 26 55 37 36 50 43 18 40 33 42 24 23 38 47 40 22 39 18 14 23 13 14 39 25 43 42 25 44 39 30 13 41 34 49 16 43 13 51 25 19 36 12 33 47 17 30
26 21 14 34 22 53 50 12 41 47 47 24 39 43 29 16 21 17 41 42 43 35 50 33 34 34 39 50 28 23 17 51 35 31 12 38 37 10 35 30 13 36 16 38 25 29 39 44 48 48 39 48 45 40 37 50 52 44 47 16 17 45 24 24 24 49 48 41 15 33 30 32 17 35 26 19 16 19 22 14
25 27 31 50 32 42 49 16 29 49 11 18 26 25 30 50 29 42 33 23 51 23 20 36 22 17 27 46 46 23 20 47 47 50 39 14 35 25 36 42 38 50 48 52 39 53 49 11 36 52 47 48 42 25 11 44 33 34 20 22 45 16 50 11 34 19 55 53 43 17 48 37 10 11 21 15 33 40 16 54
16 8 18 15 13 18 20 13 15 5 20 23 16 22 25 15 20 18 18 17 11 24 6 18 15 18 16 6 13 22 25 19 15 5 10 8 21 10 8 25 24 14 12 21 7 19 6 6 9 5 20 21 14 20 21 24 16 11 16 16 25 20 21 15 8 13 8 11 10 19 17 9 8 18 17 6 18 8 18 25
17 6 24 15 22 25 18 10 17 19 10 13 19 12 19 16 6 14 21 6 17 11 14 8 9 23 5 9 17 6 16 22 21 19 12 25 7 11 11 8 6 23 5 7 25 21 20 24 18 23 6 19 11 5 16 22 5 5 17 21 7 20 24 7 18 12 16 15 21 24 21 9 8 14 12 10 25 16 8 20
5 23 5 15 22 12 6 12 7 14 16 11 13 7 8 17 20 6 11 11 6 18 11 8 5 18 8 13 17 24 17 8 11 12 9 23 11 13 12 25 5 8 12 13 9 17 7 23 15 15 19 25 5 22 14 18 14 7 16 10 19 18 23 14 11 18 11 10 19 22 10 23 5 18 23 21 12 9 20 22
9 20 9 22 18 14 8 14 8 10 7 16 22 5 12 22 17 19 14 7 21 23 20 14 9 5 11 10 10 18 15 9 22 17 15 14 16 24 18 15 18 24 18 6 14 24 14 21 18 5 6 5 10 9 9 6 14 24 6 18 10 5 6 24 10 11 18 13 11 11 13 18 9 15 10 18 20 21 7 18
20 20 20 18 15 9 11 7 15 17 25 21 15 5 14 25 8 20 5 13 9 10 10 23 25 5 12 8 21 18 14 25 24 13 17 16 21 21 7 8 22 20 7 18 23 25 25 12 5 12 11 7 14 25 13 10 23 5 20 20 12 5 24 11 8 10 24 18 6 12 22 21 22 20 23 10 9 19 10 7
195 195 195 195 195
