5
40
33 27 28 10 12 22 16 12 16 9 27 31 30 30 22 27 10 16 18 44 20 28 21 24 26 21 37 6 17 16 32 28 29 31 7 8 44 11 12 21
35 10 8 22 20 20 31 36 29 19 23 11 11 30 8 27 6 17 13 12 23 17 22 19 27 20 19 42 10 33 25 14 25 36 17 20 21 27 27 35
29 16 34 38 10 36 11 45 18 28 35 37 45 21 12 18 38 28 9 17 20 28 22 19 10 30 32 14 33 35 9 29 8 11 24 8 12 26 16 24
35 17 43 30 9 17 13 22 9 31 24 7 27 9 11 13 26 11 30 47 12 31 24 16 8 15 22 30 25 34 34 37 32 37 17 16 14 32 12 24
31 11 24 33 22 26 16 7 21 18 6 8 15 37 8 26 20 30 25 8 15 12 33 24 49 15 25 32 31 24 16 32 41 11 14 17 29 6 17 11
52 42 39 14 14 51 20 16 31 18 33 75 49 58 27 49 14 38 47 67 38 49 30 65 47 31 49 12 18 35 46 41 47 33 13 21 50 30 22 24
55 26 10 39 34 43 45 42 40 46 26 22 21 48 17 49 18 35 33 23 53 41 39 36 38 37 28 58 15 47 34 20 47 59 18 37 53 51 55 66
63 33 60 44 22 51 18 52 35 64 52 43 59 43 15 33 53 56 22 48 42 38 33 24 28 52 40 18 50 44 13 34 13 28 38 19 22 50 24 53
74 37 51 52 23 37 24 49 13 54 26 16 48 12 21 24 40 23 35 69 17 56 38 42 16 30 40 59 33 38 34 43 41 54 35 22 25 47 22 24
38 14 36 53 44 46 32 13 42 22 17 20 22 53 18 34 56 57 41 15 26 33 65 59 57 44 57 55 38 30 23 50 45 22 37 43 43 15 49 23
19 20 10 14 12 13 20 19 11 22 6 25 15 24 16 20 19 24 8 25 8 24 14 21 12 21 6 20 8 11 20 10 12 9 18 8 7 15 5 25
13 11 20 24 17 19 16 15 14 12 11 8 5 9 24 6 12 16 19 7 8 24 6 8 7 18 11 11 20 12 14 24 21 25 12 19 12 15 12 16
12 16 23 13 15 13 22 22 9 18 9 12 8 20 14 6 11 17 13 9 9 13 18 13 12 16 6 24 14 7 24 7 11 23 18 9 17 9 24 11
9 18 13 7 23 17 25 20 10 9 10 12 15 17 15 7 19 11 14 13 16 22 16 15 22 11 20 5 7 20 9 22 14 17 16 10 22 10 24 25
24 10 20 11 10 12 10 24 13 9 10 22 5 16 19 5 15 13 14 13 18 23 8 20 22 7 25 17 11 21 6 20 9 25 21 18 6 21 12 20
103 103 103 103 103
