5
40
10 15 20 26 17 30 13 46 29 26 38 49 10 43 27 33 27 15 30 19 35 36 43 26 21 32 21 18 37 43 18 42 9 36 45 41 22 17 40 38
17 40 16 43 32 25 15 29 16 20 15 30 42 10 21 43 32 34 27 13 39 41 36 26 17 11 19 18 19 33 30 18 39 33 27 27 32 47 35 28
34 45 33 11 25 44 27 39 33 9 10 10 20 17 16 10 26 46 10 31 19 9 11 48 18 21 32 25 21 20 25 34 17 30 18 31 37 38 13 34
39 39 38 35 29 16 22 14 28 30 45 38 28 9 28 49 16 37 10 26 19 19 20 47 48 9 21 17 37 32 27 49 44 25 34 30 40 40 12 15
41 39 12 34 43 44 46 22 10 21 21 15 27 48 27 20 46 9 40 39 22 9 46 22 14 19 46 35 12 21 40 37 44 38 42 19 18 36 19 13
11 18 25 27 19 33 14 50 32 31 40 49 12 44 29 35 29 15 34 22 41 37 50 28 22 36 25 21 40 47 21 49 11 37 48 46 24 19 43 46
18 42 18 46 39 28 18 31 16 21 16 32 47 11 23 45 35 41 29 15 44 48 43 29 17 11 22 21 21 38 31 19 46 37 33 29 36 47 39 33
36 47 37 11 28 52 29 43 36 12 12 11 20 18 19 12 29 52 12 35 20 11 13 50 22 22 36 29 24 23 27 37 18 30 20 37 41 45 14 39
40 42 43 37 31 19 23 15 29 35 51 45 31 12 30 51 17 43 11 28 19 22 23 49 51 11 26 18 43 38 28 52 52 28 36 35 44 45 14 17
45 40 15 39 46 51 51 25 12 25 23 15 31 53 29 22 49 11 44 44 24 11 49 22 16 22 50 36 13 24 44 43 47 44 45 22 19 40 22 15
16 8 18 15 13 18 20 13 15 5 20 23 16 22 25 15 20 18 18 17 11 24 6 18 15 18 16 6 13 22 25 19 15 5 10 8 21 10 8 25
24 14 12 21 7 19 6 6 9 5 20 21 14 20 21 24 16 11 16 16 25 20 21 15 8 13 8 11 10 19 17 9 8 18 17 6 18 8 18 25
17 6 24 15 22 25 18 10 17 19 10 13 19 12 19 16 6 14 21 6 17 11 14 8 9 23 5 9 17 6 16 22 21 19 12 25 7 11 11 8
6 23 5 7 25 21 20 24 18 23 6 19 11 5 16 22 5 5 17 21 7 20 24 7 18 12 16 15 21 24 21 9 8 14 12 10 25 16 8 20
5 23 5 15 22 12 6 12 7 14 16 11 13 7 8 17 20 6 11 11 6 18 11 8 5 18 8 13 17 24 17 8 11 12 9 23 11 13 12 25
91 91 91 91 91
