5
40
39 32 36 11 12 33 17 14 28 14 28 45 36 44 20 29 9 31 28 45 26 46 23 48 36 20 40 10 17 27 37 31 43 32 10 14 43 20 19 20
43 17 9 25 23 35 37 36 32 30 23 21 14 43 17 33 13 33 27 15 42 28 28 23 32 31 17 48 13 41 22 15 32 43 18 31 36 30 40 46
45 28 38 38 15 35 15 43 26 43 34 42 46 38 12 23 42 37 17 28 28 29 20 20 18 37 37 12 38 44 11 34 12 18 29 16 16 33 16 47
45 29 46 45 18 27 21 30 10 42 23 11 32 11 14 20 26 18 33 45 15 46 26 30 12 19 33 43 29 34 33 41 30 45 35 16 22 30 19 21
33 11 28 34 27 32 20 9 27 16 10 14 17 45 14 29 37 37 27 11 20 24 46 45 45 29 38 36 32 23 18 44 42 18 24 31 29 13 32 17
41 37 37 13 15 39 17 15 30 17 34 55 37 45 25 36 12 31 33 51 27 49 27 50 41 22 42 11 19 29 41 33 43 34 13 16 48 20 22 24
47 20 11 29 25 36 44 45 35 32 23 24 15 49 18 38 14 35 28 16 45 33 33 25 38 36 20 52 14 46 25 16 33 47 19 34 42 35 47 47
51 30 41 38 17 38 17 49 28 44 38 44 51 46 14 25 47 44 19 34 33 32 22 21 20 42 42 15 46 45 13 34 13 19 30 17 17 37 19 51
53 33 49 49 18 32 22 35 13 49 25 12 35 11 16 24 31 20 38 55 15 46 28 33 13 23 38 49 30 39 37 47 36 51 35 17 24 36 20 25
36 12 29 39 34 37 24 11 31 18 12 14 20 49 16 33 41 40 34 12 21 25 47 47 54 34 44 41 34 25 21 48 44 18 27 34 33 13 37 18
19 20 10 14 12 13 20 19 11 22 6 25 15 24 16 20 19 24 8 25 8 24 14 21 12 21 6 20 8 11 20 10 12 9 18 8 7 15 5 25
13 11 20 24 17 19 16 15 14 12 11 8 5 9 24 6 12 16 19 7 8 24 6 8 7 18 11 11 20 12 14 24 21 25 12 19 12 15 12 16
12 16 23 13 15 13 22 22 9 18 9 12 8 20 14 6 11 17 13 9 9 13 18 13 12 16 6 24 14 7 24 7 11 23 18 9 17 9 24 11
9 18 13 7 23 17 25 20 10 9 10 12 15 17 15 7 19 11 14 13 16 22 16 15 22 11 20 5 7 20 9 22 14 17 16 10 22 10 24 25
24 10 20 11 10 12 10 24 13 9 10 22 5 16 19 5 15 13 14 13 18 23 8 20 22 7 25 17 11 21 6 20 9 25 21 18 6 21 12 20
103 103 103 103 103
