5
40
36 15 43 40 12 41 31 12 41 13 20 24 25 47 28 47 46 37 39 13 34 11 44 38 38 50 39 47 16 39 25 27 16 49 39 29 12 25 29 25
26 19 37 41 28 13 28 28 20 21 17 45 17 40 27 29 23 24 47 20 27 26 24 36 23 15 24 44 9 37 38 10 35 32 23 25 13 44 34 41
32 23 10 39 35 9 45 26 17 47 26 29 33 45 42 24 42 24 20 16 44 34 11 22 11 15 29 25 18 45 40 11 12 25 30 10 10 41 24 26
20 47 21 27 36 35 43 12 44 38 36 43 30 9 36 40 43 44 29 39 46 15 47 44 27 17 24 9 44 24 12 19 23 36 35 23 27 24 24 43
43 9 31 15 27 46 21 35 26 14 24 38 13 22 25 29 24 23 27 14 48 10 40 50 12 26 46 26 37 29 47 36 39 24 38 33 21 20 34 34
40 16 47 43 12 44 36 15 46 13 24 26 27 49 30 53 52 38 45 14 38 14 49 41 45 51 41 49 16 41 26 27 18 51 41 31 13 28 30 27
29 21 41 43 35 16 28 32 20 22 19 48 19 49 30 33 26 26 51 23 34 26 26 45 25 16 25 47 12 42 40 12 40 33 27 28 13 44 38 43
38 26 12 42 39 10 49 29 19 52 29 31 37 54 50 27 46 27 23 18 48 37 13 26 12 16 29 28 18 54 49 13 14 27 34 11 11 44 26 26
23 48 24 30 37 41 44 15 50 41 40 43 32 10 42 40 49 47 31 45 48 16 52 47 31 18 28 10 52 25 14 19 28 38 37 25 28 27 26 49
48 11 35 16 33 52 25 40 31 16 27 40 15 25 26 32 28 25 29 16 53 12 49 50 12 30 52 30 43 31 49 43 40 26 42 35 21 22 35 36
15 13 16 8 20 11 10 21 24 6 5 23 13 13 23 17 5 10 24 20 7 22 16 18 10 8 24 14 20 12 15 24 14 23 17 16 20 6 16 23
11 9 24 12 15 23 8 13 23 7 18 18 23 15 19 22 11 24 8 14 9 15 21 18 21 11 17 5 15 16 5 21 24 6 8 9 16 9 25 21
7 16 20 25 22 16 11 25 16 21 14 5 10 16 11 18 20 21 9 10 12 8 13 25 14 22 16 13 19 6 12 22 14 11 15 12 11 16 11 25
6 21 10 9 22 14 10 12 14 23 14 23 17 20 18 24 12 10 7 23 22 22 17 15 12 24 18 16 14 19 21 23 23 13 12 23 23 23 6 12
20 23 18 18 10 20 7 9 6 20 11 19 21 10 12 23 7 12 8 10 9 19 10 22 18 22 20 8 5 22 17 10 12 14 13 12 9 9 13 15
103 103 103 103 103
