5
80
22 11 18 12 13 33 23 28 32 29 18 33 44 15 24 7 20 12 11 40 10 33 9 33 31 40 20 37 43 31 12 37 30 16 33 9 29 10 45 46 18 34 28 34 22 9 37 30 35 12 15 20 25 22 42 17 36 14 36 23 18 32 21 8 23 30 42 16 17 19 35 42 10 30 33 32 13 27 18 39
47 15 42 16 13 17 12 40 18 15 20 22 25 33 16 30 19 9 14 50 37 15 10 15 27 24 14 13 19 38 28 34 18 41 34 12 33 36 10 34 41 36 13 28 45 32 48 10 22 28 46 14 42 25 21 43 44 20 25 14 24 50 39 38 36 22 40 25 35 41 20 12 35 36 13 21 33 14 42 25
17 12 21 19 35 43 32 37 24 35 27 26 21 19 13 24 15 13 37 19 38 38 16 33 13 10 17 11 39 33 11 14 27 18 23 10 25 27 42 20 43 31 33 28 47 13 37 22 31 19 33 14 14 27 31 18 38 10 17 45 11 23 24 40 34 38 33 19 15 21 29 9 16 11 13 39 9 31 29 41
25 45 23 36 14 38 33 37 24 35 21 19 44 13 41 43 21 18 36 41 36 21 32 24 43 31 23 41 37 36 43 21 32 10 33 25 24 17 29 35 32 21 10 42 39 12 21 15 37 39 40 30 22 33 14 27 15 20 13 28 42 27 35 24 10 36 35 28 32 12 22 24 22 16 22 11 31 34 31 25
22 14 27 25 30 24 18 32 22 17 14 19 12 34 13 12 21 13 12 23 27 46 9 34 11 34 15 15 10 30 38 29 14 24 24 31 39 46 39 29 27 32 7 18 28 34 10 16 33 36 44 39 41 11 35 27 15 38 15 36 22 29 36 21 14 39 26 11 40 34 11 14 24 41 16 7 36 33 32 36
35 11 24 17 22 41 30 35 44 36 28 43 54 26 39 10 25 15 11 56 11 54 16 35 34 50 30 53 52 47 15 40 41 26 44 13 37 13 50 58 29 53 33 43 28 16 42 41 47 14 20 26 25 34 50 28 50 18 58 28 22 41 28 12 23 43 46 17 20 24 43 50 14 30 55 41 14 37 23 53
51 22 50 20 14 22 14 56 30 23 29 27 31 41 20 36 21 15 18 57 52 15 11 25 33 38 16 15 25 45 46 39 19 54 43 13 45 48 14 42 51 44 18 39 57 40 51 10 30 34 52 18 46 29 30 56 58 23 34 14 30 50 54 52 56 32 52 38 56 53 27 17 45 43 17 25 47 17 48 41
27 18 34 23 42 51 38 55 30 53 30 41 28 21 21 28 17 19 47 27 43 51 23 46 18 14 25 11 50 47 16 17 44 20 30 11 37 36 51 20 61 48 38 30 51 16 45 29 46 26 51 17 19 37 43 20 55 17 18 58 13 24 32 48 39 42 44 25 23 23 43 12 26 16 18 46 10 50 40 58
30 53 32 50 21 50 38 52 34 50 30 20 47 14 51 44 22 24 40 49 38 24 43 24 53 35 29 45 46 51 54 25 52 12 43 28 32 23 45 46 39 33 12 53 41 14 24 22 44 53 49 40 30 43 16 33 25 25 16 38 53 36 47 31 11 43 42 33 38 13 24 35 28 21 25 18 47 48 37 33
28 23 30 32 42 31 24 42 34 22 20 28 16 43 21 18 24 20 14 29 38 54 15 46 14 39 15 25 11 37 40 40 17 34 33 39 56 54 49 32 39 51 11 25 34 54 15 21 35 39 53 51 50 15 47 40 17 48 23 38 25 43 45 33 17 48 29 14 60 36 12 17 33 45 19 10 39 51 48 39
9 9 14 24 11 16 8 19 20 14 14 11 14 24 5 12 11 15 13 10 17 9 13 20 24 13 8 18 8 24 5 10 16 14 23 7 24 9 12 18 20 25 22 23 24 14 17 22 19 20 10 15 13 6 24 5 15 7 7 12 17 18 20 11 20 12 10 8 23 9 17 9 5 24 14 23 7 24 25 15
9 9 11 13 12 25 16 16 19 20 23 10 18 14 20 20 17 7 22 22 9 5 7 23 23 18 19 12 22 9 19 13 9 5 14 22 13 17 22 14 8 13 14 14 5 14 22 7 22 14 10 23 22 18 18 12 15 5 11 12 17 21 21 21 20 18 6 17 12 10 14 21 16 21 9 25 8 13 7 7
25 21 16 9 11 19 6 10 22 16 11 6 21 15 15 20 19 9 19 17 19 22 17 23 8 6 23 5 12 14 5 14 12 23 24 20 10 10 17 14 19 9 5 19 18 25 12 17 23 12 11 21 23 20 16 24 10 8 15 23 19 14 9 5 7 10 25 14 23 7 22 18 18 18 8 14 7 10 11 19
22 12 7 9 8 24 7 12 21 12 10 20 7 22 21 18 8 24 16 14 12 14 18 21 6 25 18 19 5 5 15 13 22 24 19 24 14 5 11 17 16 17 24 6 11 14 7 9 11 13 24 22 17 8 7 21 9 24 21 21 5 16 14 9 7 15 23 8 18 6 13 5 8 13 12 9 23 23 22 20
7 23 16 22 11 18 23 19 6 20 8 9 16 15 5 18 18 25 22 6 13 21 7 10 7 22 21 18 6 7 23 11 25 6 11 17 7 21 18 15 16 11 20 15 23 12 11 10 9 21 5 24 8 13 12 22 18 15 22 25 7 23 17 5 5 9 11 16 10 8 17 13 9 25 17 8 5 24 20 19
184 184 184 184 184
