5
40
33 18 11 37 33 47 25 30 45 24 22 38 47 35 29 48 18 14 29 41 35 28 19 11 11 18 46 26 47 13 39 36 32 33 15 25 13 18 20 36
38 23 14 16 14 44 14 24 40 22 20 39 14 38 41 36 14 44 28 27 23 29 34 39 10 46 36 38 10 10 29 23 43 46 38 45 25 9 21 33
29 33 46 11 20 26 13 16 20 25 46 42 34 15 14 37 17 44 37 39 11 29 29 18 13 31 43 14 37 13 26 9 15 25 22 16 43 40 42 40
13 45 33 39 23 35 41 34 12 39 16 18 31 30 9 33 35 48 40 11 27 42 13 17 13 42 37 37 11 13 44 22 45 11 22 31 13 40 32 31
28 21 35 28 43 21 19 18 17 40 11 46 16 25 24 44 36 27 40 49 15 43 31 9 11 16 21 30 20 16 32 26 17 49 33 14 9 43 39 37
39 20 11 38 37 50 26 37 49 24 23 43 49 39 35 51 20 17 30 47 41 28 19 12 13 21 52 29 49 15 46 39 36 38 16 29 14 21 22 39
46 26 16 17 17 50 15 27 44 26 23 40 14 43 43 39 17 49 33 29 27 30 36 45 13 53 39 38 10 12 33 27 47 48 40 51 30 10 24 35
34 37 49 12 23 30 15 18 24 26 48 45 36 18 15 46 18 51 43 43 11 33 29 19 15 31 48 16 38 13 27 10 18 27 26 18 46 45 46 45
14 47 33 44 23 37 49 39 13 42 17 19 32 31 11 35 39 50 43 13 29 43 14 20 16 48 42 38 14 16 48 24 53 14 23 37 15 46 39 31
31 22 39 29 46 25 23 19 20 44 12 52 17 28 26 46 38 30 48 55 16 46 36 11 11 18 24 34 21 18 33 27 19 55 37 17 10 50 40 41
9 9 14 24 11 16 8 19 20 14 14 11 14 24 5 12 11 15 13 10 17 9 13 20 24 13 8 18 8 24 5 10 16 14 23 7 24 9 12 18
20 25 22 23 24 14 17 22 19 20 10 15 13 6 24 5 15 7 7 12 17 18 20 11 20 12 10 8 23 9 17 9 5 24 14 23 7 24 25 15
9 9 11 13 12 25 16 16 19 20 23 10 18 14 20 20 17 7 22 22 9 5 7 23 23 18 19 12 22 9 19 13 9 5 14 22 13 17 22 14
8 13 14 14 5 14 22 7 22 14 10 23 22 18 18 12 15 5 11 12 17 21 21 21 20 18 6 17 12 10 14 21 16 21 9 25 8 13 7 7
25 21 16 9 11 19 6 10 22 16 11 6 21 15 15 20 19 9 19 17 19 22 17 23 8 6 23 5 12 14 5 14 12 23 24 20 10 10 17 14
90 90 90 90 90
