5
80
17 20 35 34 28 27 18 20 17 31 11 40 31 35 10 19 25 34 28 24 11 21 28 22 23 21 37 32 33 18 22 12 35 19 12 8 14 21 22 31 23 15 8 7 10 37 45 12 22 9 42 36 24 16 12 29 12 31 14 13 8 39 38 22 18 7 17 31 30 35 23 16 29 32 35 39 22 18 17 12
20 12 46 21 31 30 26 24 10 25 16 12 28 10 29 23 18 12 8 24 29 32 35 30 33 7 31 24 26 8 31 14 37 13 15 43 11 12 37 9 30 25 39 25 29 6 31 28 13 26 23 24 9 29 25 40 22 20 21 24 23 42 21 32 30 21 27 30 36 6 7 30 22 20 31 32 14 31 10 22
18 28 28 20 27 29 40 47 13 27 7 9 11 16 10 29 29 9 14 6 11 9 36 7 23 27 25 20 10 11 38 37 21 15 23 17 13 37 24 24 29 10 11 7 33 20 17 8 20 22 31 19 28 6 29 34 11 19 46 35 25 17 12 22 9 24 32 18 23 8 26 19 33 21 11 12 23 31 22 12
27 28 23 17 6 25 37 8 21 33 12 24 24 9 20 32 15 10 24 48 28 5 43 21 30 7 28 31 27 31 11 15 8 41 14 19 30 13 16 14 21 23 15 33 39 46 23 17 18 15 41 38 25 30 13 35 10 39 10 26 15 9 13 14 25 28 8 29 25 16 36 14 41 41 11 25 50 41 11 16
8 15 39 19 31 16 37 8 9 27 17 15 24 7 27 18 25 14 19 8 9 35 21 26 30 17 16 27 13 23 18 13 15 13 25 13 17 33 22 33 39 13 10 25 12 8 24 19 19 36 35 35 32 5 36 5 19 11 8 32 20 18 21 26 34 31 25 35 33 10 25 13 26 17 14 23 28 20 25 28
23 40 37 55 36 54 24 37 23 51 31 64 64 43 18 45 61 46 59 26 16 37 53 53 40 34 41 66 55 26 55 27 55 56 23 14 24 37 44 34 53 26 18 13 14 52 57 21 48 16 66 56 43 21 15 54 17 50 28 16 17 49 58 33 30 18 42 48 42 41 49 21 44 54 63 65 34 21 22 23
40 14 53 43 40 45 40 59 13 28 27 20 49 19 56 42 36 31 13 25 44 41 40 50 42 16 63 35 66 21 32 19 41 19 23 65 22 27 52 18 34 37 54 38 44 14 49 63 19 65 37 48 12 61 38 53 27 45 32 29 54 60 36 51 66 49 36 38 57 14 10 48 40 43 35 58 28 52 25 40
41 61 52 32 44 38 48 69 29 53 16 19 29 32 15 47 32 16 27 16 20 24 54 15 33 71 41 23 10 19 56 62 29 20 30 19 13 52 28 47 46 24 33 19 60 45 46 13 51 49 52 43 30 18 58 59 24 36 59 54 39 30 15 46 19 43 49 23 25 16 44 28 48 41 13 18 45 43 39 19
43 46 35 38 12 61 61 20 36 53 24 45 69 12 36 72 27 13 41 67 48 12 64 28 48 18 28 38 47 63 15 38 15 46 26 40 53 22 25 20 57 30 22 41 52 59 53 18 31 18 46 54 45 46 23 49 23 62 13 43 32 22 21 35 41 44 15 60 47 17 39 21 61 53 27 46 50 58 20 20
17 37 58 27 41 21 55 16 16 50 42 37 57 18 43 21 39 25 26 20 14 41 39 53 53 27 45 31 26 51 53 17 35 29 48 15 33 61 25 47 51 30 20 44 22 19 54 26 29 65 52 68 50 11 47 14 47 21 14 53 31 35 32 52 58 37 48 54 44 20 31 18 45 27 33 32 33 33 30 29
19 19 8 13 7 13 15 5 25 17 6 17 9 18 25 7 16 25 10 5 21 16 25 6 16 21 18 20 11 5 6 12 8 12 15 24 10 9 22 22 14 7 7 17 10 7 16 10 14 11 8 17 24 13 12 23 14 20 17 5 19 19 22 14 11 12 19 20 19 16 18 8 13 11 11 7 18 14 14 14
17 8 17 6 24 14 8 9 11 13 19 13 24 11 12 5 13 24 23 8 24 23 25 9 17 16 23 22 13 17 8 12 16 17 11 23 5 14 20 18 10 22 20 14 7 8 11 10 15 25 16 17 5 10 10 7 13 21 12 11 15 25 14 18 21 8 15 13 10 22 16 25 7 23 25 23 24 25 16 14
11 22 14 14 5 13 9 8 7 17 16 10 17 18 11 7 15 7 15 6 17 14 17 24 18 21 23 13 5 5 11 21 16 13 18 9 20 15 25 19 23 25 19 14 8 9 9 16 20 8 7 14 19 21 5 13 9 14 9 23 20 10 8 19 18 11 16 14 20 10 23 5 15 18 9 20 16 22 22 24
13 16 12 7 7 25 13 11 9 11 9 6 13 6 24 18 23 16 23 21 15 7 16 17 21 21 23 25 22 9 8 8 6 8 17 19 7 16 15 18 21 11 9 24 25 14 20 6 11 20 17 24 9 22 5 25 9 8 21 7 5 18 15 11 11 13 15 25 24 19 16 12 21 6 25 14 12 5 8 16
21 7 6 18 24 25 18 20 8 8 12 8 23 25 16 12 13 10 6 18 14 8 25 18 6 19 18 19 8 23 24 18 6 14 23 19 17 15 24 14 20 19 11 10 23 17 8 17 13 10 17 18 15 11 16 17 6 21 16 21 23 19 7 7 19 6 7 24 21 5 24 22 24 8 18 14 15 15 19 7
187 187 187 187 187
