5
80
25 9 21 13 16 38 27 28 37 32 24 37 48 19 31 9 24 12 11 45 9 42 11 35 33 36 24 46 43 37 12 37 36 21 37 12 32 9 43 46 21 38 29 39 26 13 34 29 40 14 17 22 24 27 43 22 48 13 43 23 17 40 26 9 20 37 41 15 16 23 36 42 13 27 41 33 11 34 18 50
47 19 48 17 14 18 14 45 25 18 23 23 24 35 16 30 18 12 16 49 42 15 9 19 31 27 12 11 23 37 35 36 18 47 35 11 40 45 11 35 37 38 16 38 41 32 44 10 24 34 46 13 39 26 26 44 47 22 30 12 24 45 44 45 45 26 42 31 45 44 27 15 42 38 13 20 35 16 40 30
21 15 26 17 34 44 35 47 25 46 26 30 24 18 15 22 16 14 42 21 37 46 17 37 14 12 21 10 40 43 14 13 32 18 23 10 27 29 44 19 49 41 35 30 48 14 42 29 41 24 44 15 17 31 36 17 49 14 16 49 10 21 25 39 35 41 35 21 20 18 39 9 19 13 14 46 9 39 35 42
28 45 25 41 19 41 34 49 29 39 24 19 41 11 39 41 19 18 35 42 35 21 38 22 47 31 25 40 41 37 41 20 37 12 34 22 30 21 36 43 35 26 9 43 37 13 21 18 33 40 48 30 24 34 15 31 20 20 12 34 44 30 40 29 11 34 35 27 31 11 22 27 22 16 24 14 40 43 37 26
26 18 25 27 35 30 21 39 30 22 18 23 12 36 16 16 23 18 13 25 32 45 11 40 11 33 15 21 11 28 36 34 13 33 28 36 41 47 44 30 33 41 10 23 28 40 11 19 33 36 44 47 40 13 37 36 15 39 19 34 19 36 32 25 12 39 27 13 48 34 11 13 26 40 17 10 38 41 38 36
29 12 24 16 18 38 27 33 43 36 24 43 53 22 32 11 26 14 12 50 12 44 14 35 35 43 28 48 47 40 13 39 40 23 41 12 34 11 49 47 25 46 30 40 27 14 39 34 45 15 19 27 27 28 48 25 49 16 50 26 19 40 27 10 23 39 46 17 18 26 42 49 14 32 47 33 14 38 20 51
47 19 50 18 14 20 14 46 26 19 26 24 29 37 16 32 20 13 17 54 45 16 11 22 33 34 14 14 23 46 39 37 18 52 37 12 44 51 12 41 45 40 17 40 49 33 52 10 24 37 51 15 44 27 28 49 51 23 33 15 27 53 53 50 49 27 49 33 48 48 27 16 44 41 15 21 41 18 47 35
25 17 29 19 39 47 40 51 29 47 28 33 25 22 18 24 16 17 46 24 41 49 20 46 15 13 24 11 45 43 16 16 38 20 25 12 31 34 50 22 50 45 36 32 51 15 46 29 44 26 49 17 17 34 40 18 50 15 18 52 12 25 28 47 37 44 38 22 22 23 39 10 22 14 17 50 10 43 38 50
31 50 28 48 19 44 36 49 33 42 27 20 50 13 42 44 23 22 37 44 40 26 42 25 49 33 28 45 46 44 45 24 43 12 35 26 31 22 42 44 42 29 10 47 42 15 23 20 37 46 51 37 24 36 16 33 21 24 15 35 47 32 46 31 12 37 38 31 33 13 24 30 25 17 27 16 42 49 39 29
27 19 30 33 39 32 22 46 31 23 18 24 15 43 18 16 25 19 13 26 35 49 13 47 13 37 15 23 11 32 41 40 15 36 30 37 50 53 51 31 38 43 11 24 29 47 13 22 35 41 47 53 44 14 39 38 17 45 22 36 24 39 37 28 14 42 27 14 52 37 12 15 29 45 18 10 39 42 45 37
9 9 14 24 11 16 8 19 20 14 14 11 14 24 5 12 11 15 13 10 17 9 13 20 24 13 8 18 8 24 5 10 16 14 23 7 24 9 12 18 20 25 22 23 24 14 17 22 19 20 10 15 13 6 24 5 15 7 7 12 17 18 20 11 20 12 10 8 23 9 17 9 5 24 14 23 7 24 25 15
9 9 11 13 12 25 16 16 19 20 23 10 18 14 20 20 17 7 22 22 9 5 7 23 23 18 19 12 22 9 19 13 9 5 14 22 13 17 22 14 8 13 14 14 5 14 22 7 22 14 10 23 22 18 18 12 15 5 11 12 17 21 21 21 20 18 6 17 12 10 14 21 16 21 9 25 8 13 7 7
25 21 16 9 11 19 6 10 22 16 11 6 21 15 15 20 19 9 19 17 19 22 17 23 8 6 23 5 12 14 5 14 12 23 24 20 10 10 17 14 19 9 5 19 18 25 12 17 23 12 11 21 23 20 16 24 10 8 15 23 19 14 9 5 7 10 25 14 23 7 22 18 18 18 8 14 7 10 11 19
22 12 7 9 8 24 7 12 21 12 10 20 7 22 21 18 8 24 16 14 12 14 18 21 6 25 18 19 5 5 15 13 22 24 19 24 14 5 11 17 16 17 24 6 11 14 7 9 11 13 24 22 17 8 7 21 9 24 21 21 5 16 14 9 7 15 23 8 18 6 13 5 8 13 12 9 23 23 22 20
7 23 16 22 11 18 23 19 6 20 8 9 16 15 5 18 18 25 22 6 13 21 7 10 7 22 21 18 6 7 23 11 25 6 11 17 7 21 18 15 16 11 20 15 23 12 11 10 9 21 5 24 8 13 12 22 18 15 22 25 7 23 17 5 5 9 11 16 10 8 17 13 9 25 17 8 5 24 20 19
184 184 184 184 184
