5
40
32 9 42 33 12 25 30 12 34 8 13 22 25 44 14 46 47 28 32 11 27 10 40 21 42 33 22 38 16 31 26 25 14 45 35 14 11 17 19 23
28 18 20 28 25 12 22 25 16 10 13 38 11 34 14 20 12 22 44 11 15 15 23 22 17 11 17 36 10 35 21 9 20 26 13 24 8 22 30 24
33 13 12 38 28 8 48 14 14 30 26 24 21 42 29 17 33 22 17 8 23 33 8 13 10 12 16 18 15 43 36 8 6 20 18 8 8 29 20 25
16 36 20 26 30 38 23 14 39 34 33 24 17 10 37 28 45 40 19 32 30 14 50 31 20 16 22 6 45 14 7 15 17 38 25 15 21 14 24 25
43 9 31 14 23 41 22 22 23 8 24 22 14 21 14 22 16 14 20 13 39 10 35 25 6 15 38 27 32 15 28 38 32 16 36 20 13 15 26 23
57 18 49 44 13 51 36 14 53 14 31 29 32 51 31 66 65 55 54 18 52 13 72 57 58 70 54 71 18 55 30 39 27 68 45 34 18 36 32 35
28 29 52 46 39 17 38 33 25 24 26 62 18 58 36 38 27 34 53 25 40 38 26 60 28 18 34 61 11 45 56 15 39 32 38 30 19 54 44 57
41 31 15 43 38 13 71 39 27 74 33 32 47 67 64 32 52 30 33 19 69 50 16 35 12 24 38 38 23 66 60 17 15 37 36 10 15 51 34 31
25 56 25 33 46 44 46 15 66 46 39 49 39 11 50 44 60 64 44 53 62 19 59 57 34 20 38 13 69 27 17 26 38 48 40 32 27 27 26 46
51 15 46 24 45 65 28 39 29 18 33 51 14 28 34 45 30 29 33 23 62 16 59 54 15 36 59 35 60 31 52 54 44 31 53 51 23 26 51 40
15 13 16 8 20 11 10 21 24 6 5 23 13 13 23 17 5 10 24 20 7 22 16 18 10 8 24 14 20 12 15 24 14 23 17 16 20 6 16 23
11 9 24 12 15 23 8 13 23 7 18 18 23 15 19 22 11 24 8 14 9 15 21 18 21 11 17 5 15 16 5 21 24 6 8 9 16 9 25 21
7 16 20 25 22 16 11 25 16 21 14 5 10 16 11 18 20 21 9 10 12 8 13 25 14 22 16 13 19 6 12 22 14 11 15 12 11 16 11 25
6 21 10 9 22 14 10 12 14 23 14 23 17 20 18 24 12 10 7 23 22 22 17 15 12 24 18 16 14 19 21 23 23 13 12 23 23 23 6 12
20 23 18 18 10 20 7 9 6 20 11 19 21 10 12 23 7 12 8 10 9 19 10 22 18 22 20 8 5 22 17 10 12 14 13 12 9 9 13 15
103 103 103 103 103
