5
40
8 10 17 26 17 24 11 42 19 22 28 49 7 37 16 32 24 11 23 17 31 26 36 27 21 32 12 15 32 26 12 45 9 32 44 24 19 11 24 42
14 37 16 26 31 22 13 24 10 19 9 31 33 8 17 31 22 32 19 14 38 22 21 22 17 11 11 10 11 18 21 9 32 22 30 18 19 27 26 28
35 29 27 11 15 31 16 28 21 5 8 9 10 11 16 11 24 43 7 31 11 10 12 39 18 15 24 18 13 20 19 31 12 23 19 21 25 30 14 23
38 33 31 31 24 17 12 10 23 33 45 23 17 8 15 29 16 24 11 22 16 14 13 46 49 5 19 11 33 27 13 39 37 19 34 26 23 33 14 11
31 39 9 32 41 41 29 18 10 18 21 10 29 43 19 21 37 10 21 27 17 7 46 12 12 12 34 18 13 22 22 31 30 29 32 13 11 23 11 12
10 25 31 35 21 44 14 58 34 41 50 63 13 47 28 35 42 16 46 26 53 37 64 36 24 53 34 20 52 54 22 46 11 51 66 49 30 22 51 62
19 40 20 57 41 27 24 30 24 26 18 43 59 16 26 51 49 49 32 21 48 65 42 42 23 14 29 22 27 40 37 20 48 35 33 32 44 59 47 40
42 64 46 16 35 66 34 54 39 15 15 15 20 26 27 18 31 54 14 41 27 12 18 52 30 27 37 39 28 29 38 48 19 33 19 47 45 47 20 46
54 55 48 37 40 24 24 16 33 33 64 54 44 12 37 59 16 53 12 35 19 24 25 70 65 10 36 25 43 47 29 57 53 28 51 34 49 45 16 25
47 50 21 44 47 64 67 29 14 25 22 21 41 50 28 25 68 11 42 55 35 11 55 26 19 29 53 47 18 28 62 45 61 40 51 23 22 56 24 21
16 8 18 15 13 18 20 13 15 5 20 23 16 22 25 15 20 18 18 17 11 24 6 18 15 18 16 6 13 22 25 19 15 5 10 8 21 10 8 25
24 14 12 21 7 19 6 6 9 5 20 21 14 20 21 24 16 11 16 16 25 20 21 15 8 13 8 11 10 19 17 9 8 18 17 6 18 8 18 25
17 6 24 15 22 25 18 10 17 19 10 13 19 12 19 16 6 14 21 6 17 11 14 8 9 23 5 9 17 6 16 22 21 19 12 25 7 11 11 8
6 23 5 7 25 21 20 24 18 23 6 19 11 5 16 22 5 5 17 21 7 20 24 7 18 12 16 15 21 24 21 9 8 14 12 10 25 16 8 20
5 23 5 15 22 12 6 12 7 14 16 11 13 7 8 17 20 6 11 11 6 18 11 8 5 18 8 13 17 24 17 8 11 12 9 23 11 13 12 25
91 91 91 91 91
