5
80
25 24 18 13 16 25 40 28 18 22 12 28 22 43 19 34 25 41 13 29 12 33 19 25 16 21 7 40 8 13 38 13 21 14 25 10 11 16 8 33 19 17 33 28 31 34 21 24 18 22 18 9 9 18 31 10 12 29 27 14 13 41 11 14 12 20 11 16 33 15 22 25 24 35 17 21 15 29 20 21
15 28 36 19 19 15 31 37 15 34 9 20 15 32 15 10 13 18 24 11 10 14 32 17 11 19 11 43 15 13 47 15 18 39 36 13 34 14 28 20 14 26 13 8 27 32 41 35 11 16 19 12 30 24 23 12 37 20 27 24 19 36 21 21 29 16 27 5 12 34 11 42 26 18 17 21 26 19 47 42
39 12 35 21 11 22 14 31 13 16 21 21 5 19 23 10 28 26 20 26 22 41 10 37 36 7 29 22 13 26 9 23 12 37 22 33 9 24 13 27 40 25 24 11 10 30 10 7 26 16 20 43 35 22 12 23 8 19 19 41 21 42 25 43 40 14 29 7 18 20 24 31 24 17 7 14 34 12 10 23
23 18 8 27 12 17 32 30 31 30 14 19 12 36 8 36 8 18 13 14 22 29 21 17 35 24 18 47 11 41 24 8 24 34 13 24 24 34 31 25 29 15 26 22 8 27 13 41 26 31 38 36 35 40 10 22 27 23 10 22 15 19 20 16 10 39 40 9 28 27 9 18 8 19 20 17 13 31 18 37
38 28 42 28 18 30 21 25 10 37 25 8 20 9 12 18 29 11 30 36 10 24 26 33 13 17 28 31 23 33 18 35 24 41 29 8 14 19 12 22 25 11 27 37 27 25 18 6 29 11 6 12 9 24 9 28 19 29 23 5 16 23 27 45 37 31 37 39 17 20 14 43 37 15 22 19 27 6 20 11
51 42 30 32 32 32 45 48 27 52 17 52 43 52 45 53 42 68 23 70 19 51 32 56 31 53 18 51 19 26 55 26 27 19 52 21 16 34 13 71 36 33 41 54 47 40 40 39 32 34 31 19 13 18 65 17 25 37 56 17 17 53 13 19 14 45 25 26 49 24 37 69 54 54 35 57 23 35 28 40
35 37 53 40 45 37 49 51 24 40 24 33 18 47 41 12 22 37 27 24 20 31 39 30 23 46 13 50 36 18 55 15 28 45 51 22 46 19 56 22 25 46 35 16 61 50 69 56 27 23 21 31 42 46 42 21 44 34 40 35 36 59 35 41 48 27 50 15 16 53 19 61 36 33 33 25 45 29 70 71
65 25 42 29 25 29 25 66 38 27 21 50 13 35 55 10 31 32 29 37 43 45 18 41 51 16 63 35 27 60 15 59 22 60 43 44 16 41 33 45 44 52 48 13 15 40 17 16 36 24 44 56 53 47 29 49 12 43 35 65 27 58 31 71 46 27 51 14 18 29 59 46 50 44 17 22 50 29 28 24
60 25 10 41 25 40 42 51 47 41 25 30 16 69 24 42 17 44 29 19 44 34 30 30 52 42 28 62 16 48 35 17 42 63 20 34 55 51 58 68 49 28 40 49 18 41 19 52 28 58 49 53 55 48 15 36 57 51 19 44 40 41 25 23 26 53 45 14 53 57 17 37 18 25 38 21 19 41 21 60
52 44 52 64 21 46 30 35 12 52 34 18 39 11 17 24 37 19 39 59 22 62 35 33 18 23 43 64 41 37 46 57 49 64 43 18 31 41 19 28 41 13 31 49 35 51 34 12 35 25 14 14 24 59 21 33 51 49 36 15 26 29 58 64 56 35 58 42 45 32 29 50 50 25 29 37 34 16 39 20
15 13 16 8 20 11 10 21 24 6 5 23 13 13 23 17 5 10 24 20 7 22 16 18 10 8 24 14 20 12 15 24 14 23 17 16 20 6 16 23 11 9 24 12 15 23 8 13 23 7 18 18 23 15 19 22 11 24 8 14 9 15 21 18 21 11 17 5 15 16 5 21 24 6 8 9 16 9 25 21
7 16 20 25 22 16 11 25 16 21 14 5 10 16 11 18 20 21 9 10 12 8 13 25 14 22 16 13 19 6 12 22 14 11 15 12 11 16 11 25 6 21 10 9 22 14 10 12 14 23 14 23 17 20 18 24 12 10 7 23 22 22 17 15 12 24 18 16 14 19 21 23 23 13 12 23 23 23 6 12
20 23 18 18 10 20 7 9 6 20 11 19 21 10 12 23 7 12 8 10 9 19 10 22 18 22 20 8 5 22 17 10 12 14 13 12 9 9 13 15 19 8 22 22 6 22 17 7 22 6 11 12 13 24 14 25 25 19 21 6 19 6 24 20 21 25 20 25 8 20 13 13 9 25 20 15 6 14 15 13
14 10 21 21 16 7 14 15 10 11 9 23 9 23 14 16 12 12 24 11 15 13 13 21 13 8 12 22 5 19 19 5 18 16 13 14 6 22 19 21 17 13 6 20 19 5 24 14 9 25 14 14 18 25 24 12 22 13 12 8 23 19 6 12 5 8 14 14 9 25 22 6 6 13 16 5 5 22 12 13
11 24 11 14 18 19 22 7 24 21 18 22 15 5 21 20 24 23 15 22 24 7 25 22 15 9 13 5 25 12 7 10 13 19 18 13 14 13 12 23 23 5 17 8 15 25 12 19 14 7 13 20 7 12 13 16 13 11 15 8 25 5 23 25 6 14 25 14 20 15 25 21 20 13 21 17 11 10 18 18
196 196 196 196 196
