5
80
35 37 15 23 18 27 31 32 18 35 13 49 21 47 26 29 32 47 12 45 16 37 28 40 18 37 11 39 13 15 29 18 19 19 33 16 14 25 10 41 24 20 35 44 35 31 25 24 27 23 20 12 9 14 38 12 21 30 32 10 15 39 9 14 13 35 16 21 35 20 22 37 32 44 18 29 21 23 23 24
20 28 37 22 23 22 35 43 16 33 16 22 13 29 24 9 17 31 25 16 17 21 28 25 21 24 9 40 24 11 46 15 20 44 29 13 33 13 37 17 17 32 20 14 36 35 47 39 17 15 17 19 28 34 26 12 37 20 24 24 24 36 26 22 34 19 30 8 13 34 16 34 23 26 31 19 38 18 41 40
40 18 36 20 18 20 14 37 22 18 21 36 9 28 35 7 27 24 22 24 27 38 13 31 41 14 46 29 20 32 10 37 16 43 36 29 12 36 21 32 38 29 27 9 14 28 15 14 23 15 29 40 28 37 18 28 9 30 32 45 20 39 22 43 38 16 41 10 14 22 37 28 42 26 9 11 34 15 17 21
38 19 10 26 22 27 42 37 27 31 20 21 12 38 13 29 11 33 23 12 35 25 27 25 35 25 17 44 14 38 22 14 24 37 18 25 39 25 33 35 44 22 37 36 16 32 15 41 22 33 34 41 36 39 10 18 35 30 14 26 25 27 22 19 18 34 35 13 35 38 12 31 12 18 23 13 13 28 18 42
47 31 36 34 14 29 17 33 9 42 19 11 32 10 13 21 29 17 27 42 14 44 21 31 9 17 34 37 24 35 27 38 26 42 32 13 19 33 16 18 33 11 21 33 24 34 19 7 31 17 9 11 18 46 14 29 30 37 27 11 18 19 36 34 39 29 38 39 25 25 19 42 36 16 25 25 27 12 34 16
47 44 25 30 25 28 42 43 25 46 14 54 35 51 33 44 42 51 17 50 20 49 31 41 25 48 15 48 19 23 41 24 28 23 43 17 15 36 10 53 26 25 43 51 43 45 36 37 29 29 24 20 13 22 49 12 27 40 46 15 20 51 15 20 17 43 23 25 44 27 32 60 47 59 27 39 23 37 27 41
29 31 47 29 37 32 55 43 19 38 22 28 21 40 33 13 22 34 26 18 19 31 42 31 27 37 16 48 30 17 48 15 23 49 42 18 41 21 52 23 20 39 27 15 49 35 52 40 19 21 23 26 35 38 32 16 42 25 30 28 38 44 33 31 53 24 45 11 15 44 20 52 36 39 37 26 44 25 54 57
57 23 48 23 26 24 20 54 31 19 25 53 12 34 37 12 31 29 29 28 41 52 19 50 52 16 60 40 24 47 13 47 19 61 45 46 12 46 31 46 47 42 42 13 15 37 17 15 36 19 34 55 40 52 27 35 12 34 40 55 32 48 27 53 51 26 49 13 19 28 45 33 43 37 12 18 46 21 20 25
55 21 12 30 27 43 49 44 35 35 25 26 15 48 21 40 16 38 30 17 44 31 32 25 41 34 20 58 17 45 29 17 40 53 22 34 51 42 49 54 55 32 50 45 21 40 20 57 31 47 42 52 55 44 16 26 48 47 18 34 37 35 23 23 21 47 46 15 48 51 12 40 14 22 36 17 18 41 22 56
50 39 46 54 19 36 25 35 15 51 30 13 34 13 19 23 34 23 42 55 18 52 27 37 14 22 43 48 35 46 39 51 42 57 39 18 23 38 23 25 41 14 31 43 34 36 24 12 36 18 13 16 19 49 18 41 41 43 31 13 25 25 57 48 56 36 48 47 37 26 23 55 44 18 30 41 37 13 35 17
15 13 16 8 20 11 10 21 24 6 5 23 13 13 23 17 5 10 24 20 7 22 16 18 10 8 24 14 20 12 15 24 14 23 17 16 20 6 16 23 11 9 24 12 15 23 8 13 23 7 18 18 23 15 19 22 11 24 8 14 9 15 21 18 21 11 17 5 15 16 5 21 24 6 8 9 16 9 25 21
7 16 20 25 22 16 11 25 16 21 14 5 10 16 11 18 20 21 9 10 12 8 13 25 14 22 16 13 19 6 12 22 14 11 15 12 11 16 11 25 6 21 10 9 22 14 10 12 14 23 14 23 17 20 18 24 12 10 7 23 22 22 17 15 12 24 18 16 14 19 21 23 23 13 12 23 23 23 6 12
20 23 18 18 10 20 7 9 6 20 11 19 21 10 12 23 7 12 8 10 9 19 10 22 18 22 20 8 5 22 17 10 12 14 13 12 9 9 13 15 19 8 22 22 6 22 17 7 22 6 11 12 13 24 14 25 25 19 21 6 19 6 24 20 21 25 20 25 8 20 13 13 9 25 20 15 6 14 15 13
14 10 21 21 16 7 14 15 10 11 9 23 9 23 14 16 12 12 24 11 15 13 13 21 13 8 12 22 5 19 19 5 18 16 13 14 6 22 19 21 17 13 6 20 19 5 24 14 9 25 14 14 18 25 24 12 22 13 12 8 23 19 6 12 5 8 14 14 9 25 22 6 6 13 16 5 5 22 12 13
11 24 11 14 18 19 22 7 24 21 18 22 15 5 21 20 24 23 15 22 24 7 25 22 15 9 13 5 25 12 7 10 13 19 18 13 14 13 12 23 23 5 17 8 15 25 12 19 14 7 13 20 7 12 13 16 13 11 15 8 25 5 23 25 6 14 25 14 20 15 25 21 20 13 21 17 11 10 18 18
196 196 196 196 196
