5
80
11 42 35 21 35 41 29 37 36 38 20 41 27 10 37 41 37 34 11 12 47 17 13 24 28 40 43 38 47 26 41 29 22 15 13 36 17 17 32 20 48 31 15 9 32 21 35 14 42 36 41 10 45 12 17 33 12 37 17 37 30 22 25 27 24 12 37 19 34 9 18 27 32 21 34 24 42 17 43 18
23 21 27 10 19 31 44 24 14 47 35 18 15 13 10 49 45 30 39 34 23 42 29 21 32 14 18 48 9 36 20 28 30 22 10 37 20 33 14 13 18 23 22 48 42 10 43 12 24 11 12 40 27 39 27 36 9 29 31 32 16 29 33 29 19 43 42 47 46 31 18 23 40 15 36 16 19 40 34 39
10 28 30 19 11 34 31 43 30 29 43 24 47 35 32 47 11 37 36 27 15 27 45 43 37 17 30 37 13 12 24 22 12 24 26 42 38 32 33 48 36 49 20 28 42 44 17 25 31 13 19 18 30 49 45 17 23 14 40 48 31 36 18 47 21 39 29 40 12 40 33 15 44 48 37 50 47 24 45 32
13 45 50 10 30 14 35 18 14 43 36 49 10 16 40 45 27 32 25 36 30 24 47 41 23 27 14 16 27 9 33 23 38 36 25 49 34 39 30 32 44 50 16 9 24 36 40 25 18 39 35 40 25 23 27 13 10 35 37 20 27 16 16 34 34 25 25 12 44 10 27 25 38 35 50 26 30 40 37 10
45 20 34 13 29 30 13 35 39 32 16 41 28 34 45 18 19 35 18 29 14 39 39 26 18 33 27 35 43 37 9 12 33 23 20 37 47 39 18 40 13 39 27 10 12 17 34 19 20 31 24 23 14 31 38 40 19 12 19 14 16 27 22 16 19 9 41 10 11 39 27 18 31 15 40 26 38 35 20 40
12 47 38 26 40 45 33 41 38 41 24 43 29 12 44 43 40 36 11 13 49 18 14 25 34 43 49 42 49 29 44 34 24 15 15 41 19 19 32 25 53 33 17 10 37 22 42 16 42 38 44 10 51 14 20 36 14 39 18 42 30 25 28 29 28 14 38 22 39 12 22 32 36 24 40 26 44 18 45 19
27 24 30 11 23 36 49 26 17 53 38 18 16 16 11 54 52 35 44 39 25 44 35 22 38 15 20 48 11 44 23 30 33 25 11 41 23 34 17 16 21 24 24 54 46 11 46 12 27 13 14 41 33 44 31 44 10 32 38 34 18 32 38 35 20 51 49 49 50 33 22 26 41 16 44 16 24 48 38 43
13 30 32 19 11 37 35 48 32 35 47 28 53 41 34 49 12 39 38 31 15 30 49 46 46 20 35 41 14 15 25 25 13 25 29 51 41 38 34 50 40 51 25 30 43 50 18 27 35 14 21 18 32 51 47 19 23 15 42 49 37 40 19 55 24 45 29 42 13 40 36 16 47 51 41 53 52 27 54 34
15 50 54 11 36 16 37 18 17 47 42 52 12 18 44 48 33 35 29 38 32 24 51 45 24 27 15 18 32 12 38 27 44 41 28 50 41 43 31 36 46 51 17 12 26 40 49 29 22 43 39 43 27 28 31 15 12 38 41 23 29 16 17 37 36 28 30 13 48 12 31 26 43 40 55 29 33 44 45 11
48 21 38 14 34 33 16 39 41 35 17 43 31 38 52 22 20 40 22 31 15 48 42 28 22 37 29 41 52 42 10 15 37 25 25 45 47 41 21 46 13 41 28 10 14 17 38 23 23 34 27 25 14 33 44 44 20 15 19 17 19 28 24 18 22 11 44 12 14 41 31 19 32 17 46 29 39 39 23 40
6 8 11 6 13 6 5 21 10 10 21 6 19 12 7 24 9 18 20 9 17 14 13 22 8 18 25 8 21 8 21 23 17 11 13 9 16 11 21 14 13 23 9 23 10 7 25 5 16 14 19 25 6 11 17 10 14 8 23 23 15 22 16 11 17 6 18 9 23 20 19 20 8 22 5 13 18 10 6 7
25 17 22 25 22 6 22 14 5 18 15 18 9 5 24 14 17 20 25 23 7 24 18 11 14 20 10 22 7 19 18 12 15 8 22 8 16 17 8 19 7 10 16 17 8 25 10 5 24 9 19 8 20 5 23 23 6 15 10 10 25 5 12 6 20 22 16 15 15 11 5 9 6 24 5 5 15 16 12 22
19 25 11 7 5 21 24 11 18 21 18 6 8 10 25 17 12 21 9 25 5 9 7 13 20 25 9 8 8 5 10 20 22 25 22 21 6 12 18 15 16 18 14 16 16 7 21 10 18 23 13 19 5 23 14 18 5 11 21 13 21 13 9 19 8 22 12 10 23 20 11 12 5 24 23 5 19 21 10 17
21 13 5 22 13 12 12 14 15 14 19 8 24 9 5 18 10 18 13 20 7 8 11 23 5 22 18 6 6 6 9 6 21 12 8 17 21 13 16 12 18 13 7 24 25 14 16 19 14 8 23 14 13 19 15 8 14 8 16 6 25 11 21 11 12 7 12 9 18 8 24 25 18 23 18 9 6 21 7 23
25 17 22 20 5 21 25 11 24 13 22 19 13 13 13 24 9 21 12 7 9 15 20 23 18 25 8 19 9 13 12 14 22 22 22 25 8 16 9 16 25 14 5 16 10 23 23 18 19 25 12 19 17 20 18 23 13 15 23 25 7 6 8 18 23 8 15 17 23 18 23 8 22 23 25 11 10 19 9 10
197 197 197 197 197
