5
80
18 30 34 40 34 45 21 29 19 35 23 40 43 35 16 34 45 37 41 24 9 36 38 33 30 33 37 45 43 17 37 20 35 36 16 13 17 23 38 28 40 17 12 11 9 38 43 13 44 13 42 48 36 14 12 37 12 31 22 14 11 41 48 23 23 12 26 30 27 36 31 17 31 36 49 43 26 18 17 21
30 10 44 40 40 38 39 44 10 22 16 19 41 11 36 37 23 21 10 21 27 32 36 40 30 9 40 26 39 12 27 15 35 14 20 43 19 19 43 16 32 33 39 33 38 11 30 42 14 47 37 33 9 48 31 45 21 41 24 24 33 39 29 36 43 33 24 31 41 11 9 32 39 28 31 42 24 33 20 27
28 41 32 26 37 31 44 46 18 48 9 14 20 27 11 46 28 11 17 10 13 15 44 11 26 45 32 20 10 12 44 39 22 18 23 15 12 36 24 33 35 17 20 14 47 35 32 9 38 39 37 31 29 12 39 44 15 24 48 34 28 26 12 41 14 28 34 17 23 12 30 24 31 32 9 12 28 31 30 14
34 28 29 30 12 44 44 14 29 38 18 28 47 10 22 46 25 13 33 49 31 9 43 18 41 12 25 35 43 45 10 27 10 40 18 30 44 14 19 15 37 30 19 32 46 44 42 17 23 15 41 43 37 30 16 42 14 43 9 27 28 16 16 22 26 31 9 44 36 14 33 17 47 41 16 32 47 42 12 18
12 29 38 21 29 16 43 12 11 38 30 28 39 14 28 18 30 17 19 14 13 37 31 34 47 19 29 26 26 37 36 11 23 22 35 14 24 38 22 44 37 19 20 29 18 15 45 25 23 39 38 45 31 9 37 9 30 16 10 48 23 29 30 35 48 35 36 41 38 16 27 11 28 25 26 24 29 20 27 28
22 33 37 42 37 46 26 31 21 42 23 44 44 40 19 40 48 44 47 25 12 39 45 38 31 34 43 52 49 20 38 21 41 42 18 14 20 26 44 34 42 19 12 13 12 44 48 15 48 14 48 49 40 17 14 40 13 37 23 16 12 45 48 24 23 13 30 37 31 41 34 18 34 39 50 48 30 22 19 22
34 12 50 42 42 40 40 48 11 27 19 20 46 14 42 41 26 25 10 24 31 35 40 44 36 11 42 29 48 15 34 16 40 17 23 50 19 20 47 18 36 36 41 40 44 12 34 51 16 50 39 36 11 50 38 49 24 42 26 26 37 46 30 37 46 37 27 34 46 13 10 34 44 29 35 48 28 37 23 28
31 41 36 28 40 35 47 52 23 52 12 14 22 30 12 48 30 12 19 12 16 17 52 12 27 48 34 23 11 15 49 45 22 21 25 18 13 39 27 35 38 18 23 15 48 38 35 10 44 44 42 37 33 13 43 46 17 26 52 39 33 27 13 42 16 31 37 20 24 13 33 29 34 36 12 13 31 34 34 14
35 33 30 35 13 45 52 16 33 41 18 32 51 10 26 52 29 13 39 52 38 11 46 23 44 14 30 35 45 52 12 28 10 47 20 31 46 16 20 15 40 30 22 34 51 49 50 18 28 17 46 44 45 37 17 46 16 46 11 31 29 17 17 27 30 34 11 46 39 17 36 17 49 46 19 38 53 46 14 20
15 32 42 24 31 17 47 14 12 45 33 31 46 15 30 18 33 18 21 15 15 38 36 37 51 24 33 27 26 41 37 14 26 25 37 15 25 44 26 46 43 23 20 30 18 15 48 26 24 45 38 49 38 11 39 11 34 19 11 52 25 32 35 39 52 36 40 48 41 18 31 13 30 27 31 27 33 23 30 30
19 19 8 13 7 13 15 5 25 17 6 17 9 18 25 7 16 25 10 5 21 16 25 6 16 21 18 20 11 5 6 12 8 12 15 24 10 9 22 22 14 7 7 17 10 7 16 10 14 11 8 17 24 13 12 23 14 20 17 5 19 19 22 14 11 12 19 20 19 16 18 8 13 11 11 7 18 14 14 14
17 8 17 6 24 14 8 9 11 13 19 13 24 11 12 5 13 24 23 8 24 23 25 9 17 16 23 22 13 17 8 12 16 17 11 23 5 14 20 18 10 22 20 14 7 8 11 10 15 25 16 17 5 10 10 7 13 21 12 11 15 25 14 18 21 8 15 13 10 22 16 25 7 23 25 23 24 25 16 14
11 22 14 14 5 13 9 8 7 17 16 10 17 18 11 7 15 7 15 6 17 14 17 24 18 21 23 13 5 5 11 21 16 13 18 9 20 15 25 19 23 25 19 14 8 9 9 16 20 8 7 14 19 21 5 13 9 14 9 23 20 10 8 19 18 11 16 14 20 10 23 5 15 18 9 20 16 22 22 24
13 16 12 7 7 25 13 11 9 11 9 6 13 6 24 18 23 16 23 21 15 7 16 17 21 21 23 25 22 9 8 8 6 8 17 19 7 16 15 18 21 11 9 24 25 14 20 6 11 20 17 24 9 22 5 25 9 8 21 7 5 18 15 11 11 13 15 25 24 19 16 12 21 6 25 14 12 5 8 16
21 7 6 18 24 25 18 20 8 8 12 8 23 25 16 12 13 10 6 18 14 8 25 18 6 19 18 19 8 23 24 18 6 14 23 19 17 15 24 14 20 19 11 10 23 17 8 17 13 10 17 18 15 11 16 17 6 21 16 21 23 19 7 7 19 6 7 24 21 5 24 22 24 8 18 14 15 15 19 7
187 187 187 187 187
