5
80
38 40 19 24 24 24 38 39 19 38 12 47 26 44 32 35 33 46 16 44 16 43 27 41 24 39 11 39 15 21 35 20 24 19 33 16 14 27 10 45 25 22 40 43 32 35 31 31 26 23 19 14 11 18 44 11 24 31 37 13 16 47 11 14 14 32 22 20 38 22 28 45 37 45 21 35 23 30 21 32
24 29 46 26 29 26 42 43 17 33 16 23 16 39 29 11 19 33 23 17 17 26 36 26 20 27 13 47 27 13 48 15 21 44 34 18 30 18 45 20 19 34 25 14 41 34 48 37 19 17 18 22 30 34 28 13 36 22 27 23 31 43 30 28 45 20 38 11 14 38 19 41 28 30 28 19 41 20 43 46
45 18 39 23 20 21 17 42 24 18 19 43 10 28 33 9 27 23 25 24 33 45 15 37 39 15 46 31 21 39 10 38 17 50 36 34 12 41 24 38 36 35 33 13 13 37 15 14 26 15 28 45 34 41 21 32 10 27 30 47 24 47 24 48 36 21 39 10 18 25 37 28 39 29 12 15 44 18 20 20
43 17 10 25 23 31 41 37 34 29 22 21 13 43 16 36 12 32 25 15 38 29 27 25 31 29 17 47 14 42 25 15 30 40 18 32 40 32 41 41 44 26 37 37 15 34 16 47 27 39 34 39 46 41 12 24 42 38 16 31 29 29 20 18 20 40 37 14 41 41 12 33 12 18 30 16 17 31 18 43
46 30 42 45 16 30 20 34 12 40 22 12 30 9 14 20 29 17 34 49 13 46 25 32 13 20 32 45 28 36 32 40 33 46 31 15 19 32 19 21 36 11 28 35 27 31 22 10 28 18 11 14 19 47 14 33 35 35 28 11 19 25 45 43 49 27 41 38 33 22 19 45 42 16 26 31 28 13 31 16
40 41 23 29 25 27 40 39 22 43 14 49 30 52 34 41 38 52 16 52 16 49 28 42 25 43 13 43 16 21 39 21 25 19 37 17 15 29 11 52 28 24 43 50 35 40 33 33 30 25 23 16 11 19 50 12 26 34 41 15 17 49 13 17 15 36 23 21 41 26 28 51 44 53 24 39 24 30 26 36
27 32 47 28 32 28 48 44 20 37 19 24 18 41 31 13 22 34 27 18 20 27 37 28 24 33 13 51 30 15 51 16 24 48 37 19 37 19 48 22 19 37 27 15 50 38 53 40 20 19 21 25 33 37 32 15 42 24 29 25 34 47 34 30 45 23 41 12 14 41 19 44 30 33 31 21 43 20 48 53
47 20 41 24 21 24 20 49 28 19 22 43 11 32 37 11 31 27 28 27 39 47 17 42 44 16 50 34 21 41 12 42 19 53 45 37 13 42 27 43 43 38 39 13 14 40 18 14 29 17 33 53 37 47 23 35 11 31 32 49 27 50 25 49 45 22 42 12 19 28 40 33 46 34 13 15 47 21 22 23
46 20 10 28 24 37 44 44 36 32 24 23 15 49 17 40 14 35 29 16 43 34 31 26 35 36 20 52 14 46 26 16 34 46 19 35 45 34 44 49 47 28 44 39 17 40 16 51 29 47 38 47 49 42 14 25 47 44 18 35 31 32 22 22 20 40 40 15 44 47 12 35 13 20 31 18 17 36 19 47
54 33 50 47 19 33 23 37 12 46 27 12 33 11 16 23 31 19 36 54 15 48 26 34 14 22 39 48 29 38 34 47 36 47 37 17 23 34 20 24 39 13 28 40 32 36 25 11 32 19 12 14 19 48 16 36 38 41 32 11 20 26 46 50 51 32 46 41 36 26 21 50 44 19 27 34 32 13 36 18
15 13 16 8 20 11 10 21 24 6 5 23 13 13 23 17 5 10 24 20 7 22 16 18 10 8 24 14 20 12 15 24 14 23 17 16 20 6 16 23 11 9 24 12 15 23 8 13 23 7 18 18 23 15 19 22 11 24 8 14 9 15 21 18 21 11 17 5 15 16 5 21 24 6 8 9 16 9 25 21
7 16 20 25 22 16 11 25 16 21 14 5 10 16 11 18 20 21 9 10 12 8 13 25 14 22 16 13 19 6 12 22 14 11 15 12 11 16 11 25 6 21 10 9 22 14 10 12 14 23 14 23 17 20 18 24 12 10 7 23 22 22 17 15 12 24 18 16 14 19 21 23 23 13 12 23 23 23 6 12
20 23 18 18 10 20 7 9 6 20 11 19 21 10 12 23 7 12 8 10 9 19 10 22 18 22 20 8 5 22 17 10 12 14 13 12 9 9 13 15 19 8 22 22 6 22 17 7 22 6 11 12 13 24 14 25 25 19 21 6 19 6 24 20 21 25 20 25 8 20 13 13 9 25 20 15 6 14 15 13
14 10 21 21 16 7 14 15 10 11 9 23 9 23 14 16 12 12 24 11 15 13 13 21 13 8 12 22 5 19 19 5 18 16 13 14 6 22 19 21 17 13 6 20 19 5 24 14 9 25 14 14 18 25 24 12 22 13 12 8 23 19 6 12 5 8 14 14 9 25 22 6 6 13 16 5 5 22 12 13
11 24 11 14 18 19 22 7 24 21 18 22 15 5 21 20 24 23 15 22 24 7 25 22 15 9 13 5 25 12 7 10 13 19 18 13 14 13 12 23 23 5 17 8 15 25 12 19 14 7 13 20 7 12 13 16 13 11 15 8 25 5 23 25 6 14 25 14 20 15 25 21 20 13 21 17 11 10 18 18
196 196 196 196 196
