5
40
36 18 9 30 26 46 23 27 39 24 16 40 39 36 26 40 16 13 21 35 34 22 16 10 11 20 36 28 45 12 35 30 32 33 12 27 12 18 22 28
41 18 14 14 16 38 13 19 38 23 16 35 10 39 39 36 12 35 26 22 22 21 31 42 9 46 31 31 8 9 22 26 33 46 30 37 25 7 20 31
25 26 46 12 22 21 13 15 22 20 41 44 32 13 12 37 13 47 41 42 11 25 28 14 14 31 38 13 29 13 23 8 12 24 20 18 45 39 39 39
14 40 28 38 20 28 36 33 12 33 13 18 32 22 10 27 30 36 33 9 22 39 14 18 14 41 38 29 9 11 41 22 49 11 20 34 11 42 29 27
25 20 29 26 38 19 16 14 16 34 11 45 12 19 18 40 29 30 37 42 15 42 28 8 11 16 19 27 17 16 27 25 14 38 26 13 10 44 29 35
46 23 11 43 35 50 25 36 46 28 25 44 55 44 35 54 22 19 29 48 44 35 19 13 15 25 55 35 51 16 45 37 42 41 20 28 14 24 26 39
49 26 17 17 19 52 18 26 51 26 26 45 16 48 43 38 16 55 35 29 27 30 41 46 15 51 43 41 10 13 32 31 50 58 40 59 33 12 22 39
31 40 47 13 23 30 15 18 25 26 47 50 34 18 15 44 17 57 47 49 11 38 31 20 15 35 46 18 45 15 27 10 18 33 24 22 53 49 51 45
17 52 33 53 25 39 51 39 13 48 17 20 32 30 10 36 41 53 45 13 27 49 16 23 16 55 48 46 13 15 46 27 56 16 26 40 17 52 40 38
32 25 48 33 54 27 24 20 21 49 11 53 18 27 29 45 43 31 49 54 17 49 40 12 12 20 26 40 25 18 38 28 19 61 41 18 10 49 44 46
9 9 14 24 11 16 8 19 20 14 14 11 14 24 5 12 11 15 13 10 17 9 13 20 24 13 8 18 8 24 5 10 16 14 23 7 24 9 12 18
20 25 22 23 24 14 17 22 19 20 10 15 13 6 24 5 15 7 7 12 17 18 20 11 20 12 10 8 23 9 17 9 5 24 14 23 7 24 25 15
9 9 11 13 12 25 16 16 19 20 23 10 18 14 20 20 17 7 22 22 9 5 7 23 23 18 19 12 22 9 19 13 9 5 14 22 13 17 22 14
8 13 14 14 5 14 22 7 22 14 10 23 22 18 18 12 15 5 11 12 17 21 21 21 20 18 6 17 12 10 14 21 16 21 9 25 8 13 7 7
25 21 16 9 11 19 6 10 22 16 11 6 21 15 15 20 19 9 19 17 19 22 17 23 8 6 23 5 12 14 5 14 12 23 24 20 10 10 17 14
90 90 90 90 90
