5
40
15 36 33 37 20 22 36 43 36 21 34 16 12 21 11 13 33 20 39 41 20 44 37 29 13 38 30 41 14 40 11 50 21 18 33 9 28 43 17 29
26 19 12 33 20 46 44 10 38 44 43 23 36 38 25 14 19 17 36 37 37 29 42 27 33 30 37 47 28 18 16 42 32 31 10 34 33 9 30 27
10 33 14 32 24 25 36 36 39 42 36 45 45 38 32 49 50 40 39 13 15 42 22 19 20 45 47 40 15 31 25 30 16 32 24 18 15 19 20 13
20 25 29 47 28 36 45 13 25 45 10 16 24 21 26 45 28 37 29 20 48 19 17 29 20 15 25 41 38 18 19 42 44 43 38 11 31 22 33 37
33 48 46 45 37 48 44 10 30 47 46 42 42 23 10 43 30 31 17 22 37 14 44 11 34 16 50 49 37 17 43 31 9 10 20 15 29 36 14 48
17 41 36 40 24 22 40 45 42 23 39 18 15 23 13 15 40 24 44 41 23 44 40 29 13 42 34 46 15 45 14 52 25 20 34 12 32 44 17 30
28 20 15 35 23 51 50 12 39 45 44 24 39 41 30 16 21 18 40 44 45 32 46 31 35 34 42 53 28 23 17 48 33 32 11 37 37 11 36 30
12 35 17 39 26 29 40 44 45 45 37 52 46 42 38 54 50 44 44 16 17 48 24 24 24 48 47 44 15 36 28 35 16 34 28 20 16 20 22 14
23 26 30 47 31 41 50 15 28 49 11 18 24 24 29 49 29 42 30 24 48 21 20 33 21 17 27 48 44 23 20 49 50 49 42 14 33 26 35 42
35 54 47 49 38 51 51 11 37 55 49 46 46 26 10 44 32 35 19 22 42 16 48 12 34 19 53 54 41 17 49 38 10 11 20 16 34 38 16 52
7 6 14 12 25 6 10 23 19 18 14 11 8 6 12 9 6 6 12 17 12 25 8 16 19 15 25 19 5 17 10 14 17 13 21 24 15 25 18 23
24 16 23 5 19 14 23 13 9 8 23 13 9 9 25 9 11 15 15 6 19 19 10 17 12 16 24 21 19 14 17 14 25 25 19 5 9 14 22 18
22 13 20 24 8 9 16 14 14 20 20 18 14 14 21 20 6 7 20 22 23 5 16 25 5 21 23 17 22 23 5 19 8 9 14 8 15 19 13 8
21 21 12 18 10 5 20 11 12 12 16 8 11 17 8 20 6 11 21 25 13 7 14 14 7 19 5 8 12 23 14 9 18 22 12 13 25 5 11 17
16 6 21 22 24 20 16 8 24 14 5 16 20 7 14 22 14 11 17 7 18 18 22 16 10 17 25 10 8 19 5 8 21 16 13 25 19 16 25 20
93 93 93 93 93
