5
80
12 35 33 18 26 31 29 36 24 31 20 30 22 11 24 35 37 28 5 8 26 18 12 21 26 39 45 27 26 17 27 29 18 10 11 26 10 13 18 23 37 17 17 7 27 21 19 12 22 31 23 8 43 11 14 26 10 35 13 42 21 25 27 24 19 6 37 10 34 11 16 24 29 19 24 23 33 12 27 19
20 21 23 10 20 22 27 16 14 28 31 15 8 12 8 39 47 17 40 36 21 35 18 15 25 10 15 36 10 20 11 30 30 14 5 22 15 16 16 10 13 13 15 39 24 9 38 8 12 10 12 31 17 27 25 37 6 15 31 30 11 27 25 25 17 24 34 35 40 19 12 25 32 9 29 9 21 36 21 21
8 20 25 16 5 21 17 43 18 27 34 23 24 24 17 36 11 32 28 26 15 19 30 41 38 17 25 21 14 8 14 12 10 18 29 46 29 21 22 49 31 30 22 26 26 24 10 18 18 12 17 11 22 36 27 12 16 11 22 27 32 20 9 47 12 33 19 31 9 26 22 16 41 39 22 39 45 22 41 22
13 38 25 6 30 15 23 15 10 37 30 27 7 18 32 47 16 21 27 34 32 22 31 24 20 20 10 14 29 6 25 18 41 35 20 26 23 23 15 20 34 29 15 7 15 21 37 27 13 25 24 32 13 19 16 15 11 33 36 21 27 12 11 25 20 25 18 13 24 9 29 19 34 24 48 19 27 41 42 7
43 16 34 7 19 16 12 22 38 26 14 26 24 23 49 13 15 29 10 24 12 27 26 20 11 30 17 33 43 33 5 11 30 15 12 22 26 25 16 32 11 24 27 10 9 11 30 19 15 18 14 23 7 31 21 20 16 9 19 15 10 15 23 9 10 10 32 10 8 24 20 18 29 8 38 14 27 30 21 24
14 47 54 29 38 45 36 58 54 51 32 54 35 15 55 55 53 42 11 17 49 21 16 36 44 46 53 53 62 38 52 45 24 19 16 46 21 22 47 34 52 39 17 15 34 30 41 24 58 53 48 15 52 15 21 49 17 46 23 53 43 30 30 40 26 15 42 21 53 16 31 46 44 33 42 26 54 18 61 20
25 36 32 10 24 34 47 30 16 55 43 19 18 17 15 66 63 36 58 39 37 61 44 25 40 21 25 62 16 58 26 37 45 33 15 42 22 42 22 17 29 25 34 66 61 10 66 15 35 13 19 60 33 45 29 46 13 34 43 39 21 35 45 48 22 62 68 50 48 43 27 26 51 16 51 22 32 46 55 48
14 37 36 27 14 43 47 54 36 45 58 38 72 50 41 59 13 40 54 38 19 32 67 65 55 20 40 43 14 21 25 26 15 24 30 49 39 36 45 69 49 68 30 31 44 50 20 25 51 13 30 25 46 70 51 26 25 19 51 53 44 57 19 66 33 43 33 48 14 49 44 18 68 71 57 53 54 31 57 43
17 54 67 13 35 18 46 27 16 51 42 49 18 20 59 57 45 48 39 41 34 28 53 50 35 27 18 25 46 13 47 29 48 49 36 66 42 53 31 40 52 55 24 12 38 52 53 39 21 55 43 60 34 38 40 22 16 42 47 24 31 19 19 42 37 28 41 16 46 13 38 28 53 47 55 40 41 62 44 16
49 30 42 15 47 42 19 52 43 43 18 47 40 50 71 30 25 42 24 33 16 44 59 32 21 42 40 45 71 44 12 14 41 33 31 50 48 50 28 64 18 43 29 13 21 24 43 25 31 43 40 37 19 43 44 57 25 14 24 21 20 39 34 24 30 11 45 12 19 42 33 25 37 23 59 34 43 38 25 56
6 8 11 6 13 6 5 21 10 10 21 6 19 12 7 24 9 18 20 9 17 14 13 22 8 18 25 8 21 8 21 23 17 11 13 9 16 11 21 14 13 23 9 23 10 7 25 5 16 14 19 25 6 11 17 10 14 8 23 23 15 22 16 11 17 6 18 9 23 20 19 20 8 22 5 13 18 10 6 7
25 17 22 25 22 6 22 14 5 18 15 18 9 5 24 14 17 20 25 23 7 24 18 11 14 20 10 22 7 19 18 12 15 8 22 8 16 17 8 19 7 10 16 17 8 25 10 5 24 9 19 8 20 5 23 23 6 15 10 10 25 5 12 6 20 22 16 15 15 11 5 9 6 24 5 5 15 16 12 22
19 25 11 7 5 21 24 11 18 21 18 6 8 10 25 17 12 21 9 25 5 9 7 13 20 25 9 8 8 5 10 20 22 25 22 21 6 12 18 15 16 18 14 16 16 7 21 10 18 23 13 19 5 23 14 18 5 11 21 13 21 13 9 19 8 22 12 10 23 20 11 12 5 24 23 5 19 21 10 17
21 13 5 22 13 12 12 14 15 14 19 8 24 9 5 18 10 18 13 20 7 8 11 23 5 22 18 6 6 6 9 6 21 12 8 17 21 13 16 12 18 13 7 24 25 14 16 19 14 8 23 14 13 19 15 8 14 8 16 6 25 11 21 11 12 7 12 9 18 8 24 25 18 23 18 9 6 21 7 23
25 17 22 20 5 21 25 11 24 13 22 19 13 13 13 24 9 21 12 7 9 15 20 23 18 25 8 19 9 13 12 14 22 22 22 25 8 16 9 16 25 14 5 16 10 23 23 18 19 25 12 19 17 20 18 23 13 15 23 25 7 6 8 18 23 8 15 17 23 18 23 8 22 23 25 11 10 19 9 10
197 197 197 197 197
