5
80
18 25 27 35 31 33 20 22 19 36 22 37 39 32 13 30 42 38 35 18 10 32 41 35 26 25 41 50 41 18 30 19 38 35 14 12 18 23 36 27 39 16 10 12 8 35 43 14 44 14 39 47 31 12 10 39 9 31 22 13 9 38 39 17 22 11 21 33 25 39 28 15 28 34 46 39 28 20 14 17
26 9 36 33 36 35 31 40 7 23 15 16 34 10 38 34 19 23 8 20 28 26 39 42 25 11 37 27 37 14 23 15 36 16 16 35 17 19 39 12 24 32 31 31 35 11 34 41 13 48 28 31 9 46 29 40 18 33 24 21 29 33 21 29 42 27 25 24 41 11 8 28 36 23 27 41 25 26 21 20
26 33 27 23 37 32 38 44 19 45 9 10 19 27 12 44 22 10 13 11 12 14 41 11 23 48 31 22 7 10 40 42 16 19 22 17 13 37 19 30 37 14 16 11 42 35 29 8 35 30 40 30 22 12 39 40 12 20 45 34 24 25 10 39 12 26 28 18 23 11 24 27 30 31 8 9 23 27 26 14
31 26 23 25 9 40 47 15 28 29 17 28 47 9 24 45 22 13 33 41 26 9 32 19 38 13 27 35 37 36 10 24 8 39 16 28 44 13 18 15 36 25 17 25 41 41 35 14 22 15 33 35 30 32 12 35 13 34 9 27 27 15 13 21 22 30 10 36 31 15 34 17 39 41 17 26 50 33 10 20
11 27 30 23 25 14 37 12 8 39 27 23 38 11 30 17 29 17 19 13 13 31 33 32 37 18 25 26 25 33 27 13 26 23 28 14 23 39 19 42 37 17 15 28 15 12 41 19 20 43 30 38 28 7 37 7 26 16 10 42 20 22 28 34 46 27 33 39 33 17 29 9 27 20 29 21 28 22 21 24
24 35 36 42 35 56 30 32 20 44 26 51 43 40 21 37 49 48 52 28 12 46 42 38 30 39 51 53 49 22 45 22 45 41 18 14 20 26 51 34 42 21 14 13 12 50 50 14 50 15 51 56 44 20 16 39 12 43 27 16 12 48 54 23 26 13 29 38 31 44 37 19 40 43 53 54 29 23 19 22
35 13 49 48 46 48 43 53 10 30 22 25 50 14 48 46 31 27 11 25 30 40 44 51 39 11 48 30 48 15 34 18 37 20 27 55 19 19 48 19 33 36 41 39 49 12 40 47 15 55 43 36 12 57 37 50 26 45 32 31 46 52 31 43 48 38 28 34 55 14 10 33 49 36 40 45 28 37 21 29
33 50 38 27 45 38 53 49 24 49 12 16 23 34 13 50 29 11 18 13 15 20 54 15 32 60 40 28 12 15 49 45 25 25 25 18 13 41 25 35 38 21 22 15 54 35 36 12 42 46 40 41 34 12 45 51 17 26 58 43 36 30 14 50 15 34 42 21 30 12 35 27 34 39 13 14 32 38 40 17
41 39 30 34 14 51 51 16 36 46 19 31 49 12 24 49 33 13 46 61 40 12 44 26 50 15 29 40 50 58 12 28 12 45 22 35 50 16 22 18 50 32 25 42 60 52 48 18 30 17 50 52 49 39 21 55 17 48 12 35 33 18 18 27 34 34 13 55 41 20 45 18 52 48 19 42 55 49 14 25
16 36 50 28 36 17 55 17 11 45 37 32 53 14 36 20 31 20 25 17 17 42 41 39 58 26 35 30 29 44 45 13 30 31 38 16 25 50 24 48 50 24 24 37 19 17 46 27 30 46 39 59 37 10 40 10 36 21 13 50 23 35 40 40 52 42 43 54 42 21 29 13 31 29 29 30 34 26 29 34
19 19 8 13 7 13 15 5 25 17 6 17 9 18 25 7 16 25 10 5 21 16 25 6 16 21 18 20 11 5 6 12 8 12 15 24 10 9 22 22 14 7 7 17 10 7 16 10 14 11 8 17 24 13 12 23 14 20 17 5 19 19 22 14 11 12 19 20 19 16 18 8 13 11 11 7 18 14 14 14
17 8 17 6 24 14 8 9 11 13 19 13 24 11 12 5 13 24 23 8 24 23 25 9 17 16 23 22 13 17 8 12 16 17 11 23 5 14 20 18 10 22 20 14 7 8 11 10 15 25 16 17 5 10 10 7 13 21 12 11 15 25 14 18 21 8 15 13 10 22 16 25 7 23 25 23 24 25 16 14
11 22 14 14 5 13 9 8 7 17 16 10 17 18 11 7 15 7 15 6 17 14 17 24 18 21 23 13 5 5 11 21 16 13 18 9 20 15 25 19 23 25 19 14 8 9 9 16 20 8 7 14 19 21 5 13 9 14 9 23 20 10 8 19 18 11 16 14 20 10 23 5 15 18 9 20 16 22 22 24
13 16 12 7 7 25 13 11 9 11 9 6 13 6 24 18 23 16 23 21 15 7 16 17 21 21 23 25 22 9 8 8 6 8 17 19 7 16 15 18 21 11 9 24 25 14 20 6 11 20 17 24 9 22 5 25 9 8 21 7 5 18 15 11 11 13 15 25 24 19 16 12 21 6 25 14 12 5 8 16
21 7 6 18 24 25 18 20 8 8 12 8 23 25 16 12 13 10 6 18 14 8 25 18 6 19 18 19 8 23 24 18 6 14 23 19 17 15 24 14 20 19 11 10 23 17 8 17 13 10 17 18 15 11 16 17 6 21 16 21 23 19 7 7 19 6 7 24 21 5 24 22 24 8 18 14 15 15 19 7
187 187 187 187 187
