5
40
17 37 25 40 21 21 34 32 37 21 34 16 14 23 12 10 29 17 33 36 20 36 38 26 13 33 27 38 14 41 12 37 20 19 26 8 30 36 13 25
23 15 11 30 17 38 38 11 34 35 32 21 30 31 27 12 15 17 29 34 38 29 35 23 24 24 33 36 21 16 15 44 26 30 8 34 25 9 32 29
11 32 15 30 24 20 39 41 41 34 32 45 39 30 27 43 41 37 33 11 15 33 20 20 18 41 43 37 14 27 28 30 15 27 25 18 12 18 17 11
23 22 27 40 27 37 43 11 28 41 8 18 24 19 29 44 28 39 29 18 47 21 16 26 15 14 25 35 42 17 18 40 43 40 37 12 30 21 32 38
34 37 40 47 29 42 40 9 27 40 38 40 33 22 7 41 25 32 17 17 34 15 42 11 29 15 50 45 37 17 35 34 9 10 19 12 31 31 15 43
20 45 40 46 26 25 41 45 48 24 40 18 15 25 15 14 42 28 43 41 24 44 41 36 13 47 39 56 17 51 15 55 25 20 41 12 36 46 17 32
30 25 17 34 26 61 49 14 46 45 53 27 38 50 32 17 25 18 44 45 50 40 46 33 40 38 41 52 30 25 17 57 34 38 12 39 41 10 39 30
15 43 20 43 26 27 47 44 51 55 37 52 46 48 39 57 52 49 52 17 19 47 22 25 27 45 50 50 18 41 30 35 16 32 28 21 17 22 25 16
27 27 33 52 32 44 52 18 34 52 13 20 26 25 35 49 30 40 34 26 56 25 21 37 25 20 28 48 50 23 23 53 49 56 45 14 33 24 41 43
42 59 52 48 44 58 55 11 39 52 49 54 49 27 11 43 36 34 19 25 50 16 52 13 37 21 58 55 40 20 47 40 11 10 22 18 34 39 17 51
7 6 14 12 25 6 10 23 19 18 14 11 8 6 12 9 6 6 12 17 12 25 8 16 19 15 25 19 5 17 10 14 17 13 21 24 15 25 18 23
24 16 23 5 19 14 23 13 9 8 23 13 9 9 25 9 11 15 15 6 19 19 10 17 12 16 24 21 19 14 17 14 25 25 19 5 9 14 22 18
22 13 20 24 8 9 16 14 14 20 20 18 14 14 21 20 6 7 20 22 23 5 16 25 5 21 23 17 22 23 5 19 8 9 14 8 15 19 13 8
21 21 12 18 10 5 20 11 12 12 16 8 11 17 8 20 6 11 21 25 13 7 14 14 7 19 5 8 12 23 14 9 18 22 12 13 25 5 11 17
16 6 21 22 24 20 16 8 24 14 5 16 20 7 14 22 14 11 17 7 18 18 22 16 10 17 25 10 8 19 5 8 21 16 13 25 19 16 25 20
93 93 93 93 93
