10
40
12 8 26 22 46 9 17 41 31 34 21 23 13 11 21 14 10 11 19 35 23 47 16 26 34 26 39 32 11 30 17 22 32 25 37 46 31 44 30 39
46 29 45 11 33 27 35 27 16 16 41 19 15 17 38 13 19 29 25 13 34 29 16 33 21 24 39 42 28 23 27 21 44 45 35 8 18 24 39 31
37 23 31 37 12 15 31 24 21 33 37 32 28 24 38 35 9 13 39 42 41 10 26 49 9 33 46 32 32 43 8 29 15 17 26 16 30 29 23 15
31 31 19 31 15 9 32 21 21 20 24 15 16 30 12 37 9 15 40 49 20 13 20 23 14 31 9 12 19 38 21 18 35 37 20 26 41 9 19 34
29 10 35 36 38 39 30 17 35 26 9 28 31 12 25 40 28 21 28 14 32 31 37 30 16 26 36 19 16 28 10 13 32 32 23 43 34 28 46 34
13 39 24 35 17 17 32 33 32 16 33 13 13 21 11 14 27 22 34 38 21 38 37 25 10 38 30 39 13 31 10 49 20 16 32 11 27 33 16 24
26 20 11 29 16 44 41 10 35 38 32 19 35 38 21 15 15 13 38 40 30 29 38 25 31 25 34 36 25 17 12 46 25 23 10 32 25 10 34 26
12 33 16 30 21 25 38 37 39 41 35 36 44 34 31 42 47 39 40 12 15 44 18 17 21 33 41 40 13 29 21 24 12 32 22 15 13 14 19 10
22 21 26 47 27 36 35 15 21 36 11 17 24 22 28 40 24 38 30 18 38 19 15 33 15 15 18 45 33 15 19 45 39 35 37 9 27 24 26 30
31 48 37 43 37 42 45 7 28 45 37 36 34 21 9 42 28 28 18 19 39 12 38 10 25 16 40 37 31 12 43 29 8 8 19 11 27 33 14 41
15 13 36 27 51 16 22 50 43 44 32 23 21 15 27 21 13 14 25 37 28 52 18 32 39 33 56 39 12 40 24 31 38 31 46 51 36 51 44 53
48 40 45 11 39 36 46 32 21 17 48 27 21 19 57 17 27 34 31 15 42 45 25 34 28 35 57 52 46 32 35 30 58 55 42 13 23 29 52 39
44 30 41 51 18 21 38 36 35 42 42 37 35 31 43 49 14 18 43 50 53 12 34 55 10 45 51 41 51 49 12 41 17 19 31 17 34 37 26 20
45 51 31 38 21 12 50 26 25 26 36 18 22 34 19 44 14 24 42 51 27 15 31 28 18 40 12 20 24 56 29 18 43 51 24 27 57 12 24 40
34 14 49 52 48 40 33 20 53 30 11 34 42 16 33 49 34 26 34 18 43 38 47 33 24 36 51 26 16 45 12 17 43 39 26 59 44 36 59 41
20 44 38 48 24 27 43 49 40 26 46 21 15 24 13 16 41 25 45 49 25 45 38 31 14 51 37 52 15 45 15 55 28 22 36 13 31 54 19 32
29 24 16 35 27 60 58 15 48 52 46 26 46 48 31 16 23 17 41 48 48 34 54 33 35 33 42 54 31 21 19 47 41 36 12 38 35 10 42 34
13 41 17 40 25 30 40 46 51 46 45 52 48 49 41 56 62 49 51 18 18 56 22 27 25 54 53 43 17 40 31 35 18 39 31 23 18 23 24 17
26 29 31 48 34 45 47 18 29 56 13 18 28 26 36 52 31 42 30 22 48 22 22 39 20 17 29 52 52 25 19 53 57 56 40 16 38 28 38 44
41 56 58 58 45 49 53 12 36 60 53 52 45 27 12 48 31 41 19 22 51 18 55 11 35 20 56 54 45 21 47 35 12 10 20 18 33 41 16 56
16 8 18 15 13 18 20 13 15 5 20 23 16 22 25 15 20 18 18 17 11 24 6 18 15 18 16 6 13 22 25 19 15 5 10 8 21 10 8 25
24 14 12 21 7 19 6 6 9 5 20 21 14 20 21 24 16 11 16 16 25 20 21 15 8 13 8 11 10 19 17 9 8 18 17 6 18 8 18 25
17 6 24 15 22 25 18 10 17 19 10 13 19 12 19 16 6 14 21 6 17 11 14 8 9 23 5 9 17 6 16 22 21 19 12 25 7 11 11 8
6 23 5 7 25 21 20 24 18 23 6 19 11 5 16 22 5 5 17 21 7 20 24 7 18 12 16 15 21 24 21 9 8 14 12 10 25 16 8 20
5 23 5 15 22 12 6 12 7 14 16 11 13 7 8 17 20 6 11 11 6 18 11 8 5 18 8 13 17 24 17 8 11 12 9 23 11 13 12 25
5 8 12 13 9 17 7 23 15 15 19 25 5 22 14 18 14 7 16 10 19 18 23 14 11 18 11 10 19 22 10 23 5 18 23 21 12 9 20 22
9 20 9 22 18 14 8 14 8 10 7 16 22 5 12 22 17 19 14 7 21 23 20 14 9 5 11 10 10 18 15 9 22 17 15 14 16 24 18 15
18 24 18 6 14 24 14 21 18 5 6 5 10 9 9 6 14 24 6 18 10 5 6 24 10 11 18 13 11 11 13 18 9 15 10 18 20 21 7 18
20 20 20 18 15 9 11 7 15 17 25 21 15 5 14 25 8 20 5 13 9 10 10 23 25 5 12 8 21 18 14 25 24 13 17 16 21 21 7 8
22 20 7 18 23 25 25 12 5 12 11 7 14 25 13 10 23 5 20 20 12 5 24 11 8 10 24 18 6 12 22 21 22 20 23 10 9 19 10 7
58 58 58 58 58 58 58 58 58 58
