10
80
15 40 16 23 21 33 27 37 13 39 30 25 41 18 28 11 40 26 30 33 33 7 12 10 35 29 30 25 25 28 12 20 14 30 37 10 43 14 16 14 36 10 24 22 19 43 25 28 9 41 10 33 35 32 12 13 12 38 32 16 38 38 36 23 33 16 30 29 13 18 43 19 39 19 24 37 25 32 43 47
44 11 34 26 40 28 45 26 19 26 12 26 15 37 22 12 14 9 27 18 32 34 42 39 36 28 41 40 12 31 8 26 20 37 21 21 39 10 33 33 32 41 12 33 36 19 38 10 10 18 21 11 33 18 14 28 38 27 21 16 46 32 34 9 47 21 41 9 21 33 46 42 10 35 20 15 8 32 11 29
16 26 17 25 39 17 21 21 33 19 15 34 13 41 10 31 18 37 19 18 39 32 13 17 35 38 19 28 20 21 37 17 34 35 26 14 31 22 15 21 49 12 34 30 21 16 44 12 31 44 9 34 34 44 8 30 19 16 16 8 25 30 25 33 15 47 28 18 25 26 34 31 22 41 39 31 15 14 12 44
13 9 17 21 11 21 22 31 13 32 26 32 39 12 22 30 10 23 21 20 32 25 24 26 12 18 18 24 11 29 14 12 37 27 29 9 23 47 17 41 8 22 30 26 12 11 14 29 38 11 28 25 10 22 17 24 48 11 24 45 9 14 22 14 10 37 10 39 19 16 9 40 35 19 31 15 41 23 19 31
21 16 20 29 26 32 44 8 26 34 12 15 21 38 32 11 27 15 29 25 34 13 24 19 27 25 12 26 25 17 30 31 36 9 33 44 26 42 11 21 43 34 15 35 26 18 16 30 43 26 12 25 31 17 28 15 20 11 19 14 18 36 7 19 37 44 9 20 30 38 12 27 37 34 12 17 26 35 30 39
37 15 16 26 15 27 37 9 20 32 30 24 40 21 34 35 24 12 30 12 48 37 20 16 38 47 16 40 27 14 45 29 38 11 16 15 37 38 26 26 18 8 34 34 36 10 41 10 21 26 23 26 45 34 41 39 41 16 27 36 37 25 41 23 17 31 29 32 42 30 37 17 15 40 34 47 17 28 31 18
9 39 32 46 38 13 25 17 37 43 18 19 22 11 40 39 40 42 40 17 47 10 16 43 25 33 8 20 38 9 38 28 31 29 23 38 36 18 28 31 17 43 10 20 25 10 9 26 15 30 29 22 41 42 8 39 41 41 14 29 42 16 19 20 36 27 48 17 46 25 15 28 12 37 27 16 23 30 15 25
25 34 47 22 34 16 14 27 39 29 23 35 26 27 19 40 22 43 45 37 10 24 22 10 22 33 10 20 9 24 40 25 23 48 32 11 42 15 42 15 39 19 44 21 17 28 15 17 29 22 41 29 28 26 17 30 28 24 7 34 17 32 28 12 20 36 36 34 11 36 33 14 38 37 23 12 28 15 46 15
40 30 34 22 17 49 28 38 29 49 13 43 25 28 20 34 24 45 29 25 41 17 21 12 13 29 27 20 9 14 37 12 13 37 13 26 11 10 26 38 31 16 26 14 30 12 31 13 33 46 13 24 46 7 23 14 14 11 10 34 42 45 45 27 20 26 30 29 14 41 12 20 40 20 34 31 23 40 14 28
9 36 9 41 29 13 34 27 28 14 45 19 32 41 27 36 16 47 43 22 21 36 14 12 13 23 21 40 18 39 32 40 31 27 27 12 29 10 24 18 35 39 26 25 10 25 21 18 18 17 29 28 28 15 22 32 30 41 21 25 34 36 31 31 35 11 29 27 15 25 28 32 16 41 38 10 42 13 11 10
18 50 21 29 26 49 39 50 18 52 39 32 50 20 42 14 49 38 38 38 44 10 15 12 42 41 43 30 30 35 14 23 17 35 55 12 50 23 24 17 38 15 37 32 26 51 30 28 13 48 13 51 53 37 17 18 17 54 42 22 45 54 52 27 45 19 41 35 19 26 53 24 48 27 36 56 40 35 58 54
57 13 42 38 45 40 51 28 27 37 13 34 20 43 36 19 20 15 42 23 36 55 54 62 42 30 54 47 17 33 12 34 26 37 33 30 49 14 55 45 41 43 17 52 49 22 53 13 13 25 35 11 50 19 18 36 51 30 26 21 57 34 38 12 58 33 43 15 33 45 49 54 12 43 27 21 12 39 15 41
22 29 22 33 43 21 29 30 54 22 21 43 15 53 12 36 28 50 29 22 44 50 14 26 39 50 23 41 24 27 43 20 47 46 27 22 41 23 17 24 50 16 48 36 23 20 53 13 47 50 13 42 40 52 12 47 20 22 23 11 32 45 33 36 16 54 34 25 31 33 46 45 32 61 51 50 19 23 18 58
20 15 25 26 14 22 25 37 18 38 29 42 56 17 29 32 12 28 27 24 42 36 35 39 16 22 21 32 13 38 18 18 50 29 39 14 36 55 22 45 10 29 36 35 17 15 16 38 47 13 31 34 11 26 27 30 52 13 30 56 14 23 26 16 11 49 15 44 23 22 15 52 53 19 37 16 54 28 21 45
25 19 26 40 33 42 58 11 27 46 17 24 22 47 42 17 41 19 42 33 45 17 37 23 36 29 14 32 28 23 46 34 46 10 47 47 36 57 18 31 55 46 25 56 36 24 24 34 47 35 16 31 40 22 45 18 25 17 29 19 23 45 12 21 52 54 16 22 43 49 18 35 39 47 15 23 34 43 48 51
50 20 26 34 21 35 49 12 23 42 31 32 48 23 40 41 26 18 42 13 59 44 30 21 42 60 20 41 30 15 45 35 46 15 23 18 50 61 34 38 20 10 45 55 50 12 49 12 23 30 32 34 53 42 44 47 53 21 36 47 49 35 42 28 19 43 38 40 59 37 60 22 26 55 42 57 23 37 50 22
12 52 43 51 44 15 31 21 62 44 24 20 34 13 56 53 57 50 50 20 61 15 24 48 37 36 11 30 56 11 57 37 45 35 35 47 47 21 39 46 25 50 15 31 32 16 12 38 23 37 37 23 51 58 11 57 50 43 17 42 52 20 32 29 52 35 53 17 54 37 25 39 13 43 41 19 35 44 21 32
27 38 47 34 38 17 19 34 42 47 38 50 36 30 25 49 28 52 51 50 12 29 27 16 35 50 15 23 12 32 51 27 30 52 36 16 48 20 46 20 51 23 52 25 23 40 18 23 41 27 51 36 37 26 23 45 29 31 10 42 24 34 38 15 22 41 43 56 17 52 40 14 48 55 28 18 35 19 53 20
43 38 45 33 23 51 42 41 44 60 20 51 36 38 27 46 39 52 44 26 50 18 34 13 20 44 37 23 14 14 41 14 16 44 16 42 16 11 32 46 40 20 38 21 35 17 48 14 41 58 17 34 54 10 27 21 17 12 14 42 55 60 47 29 26 30 42 37 20 61 13 23 42 26 50 36 25 49 23 29
14 40 10 46 41 20 41 39 35 16 54 26 49 44 31 57 23 49 54 25 32 46 14 15 16 36 29 50 20 58 40 57 44 43 42 18 32 11 38 28 50 39 41 25 11 33 23 20 25 19 48 38 33 21 29 48 44 47 30 39 48 40 35 37 36 15 43 37 20 27 42 46 22 51 50 10 50 15 15 12
20 9 15 12 14 14 15 18 19 19 5 24 9 11 12 8 18 24 20 15 23 11 15 25 13 10 18 7 22 6 11 22 19 23 5 5 15 14 7 14 6 15 18 18 7 7 5 12 21 7 7 16 5 14 9 25 8 23 8 17 19 16 11 9 6 12 9 20 24 19 7 7 18 5 25 17 7 23 18 15
11 24 6 17 24 18 6 16 6 21 18 9 8 9 13 24 25 7 17 16 25 24 7 13 24 20 21 6 8 19 7 5 19 15 20 20 21 23 21 8 5 10 13 9 7 14 19 20 12 7 6 14 21 14 25 9 14 22 5 12 6 9 18 11 13 19 20 6 18 19 14 7 24 11 5 5 11 10 14 18
5 24 23 17 10 5 23 16 11 5 24 24 15 20 20 20 15 22 23 20 11 10 11 23 13 12 15 5 9 5 14 18 14 20 15 9 8 6 10 12 17 17 7 7 23 24 9 24 5 22 12 25 14 9 6 7 22 15 5 20 9 23 16 21 8 9 21 15 5 17 5 19 7 13 15 16 14 9 9 13
21 9 17 5 15 21 19 10 15 13 8 18 15 14 8 7 10 17 23 21 9 5 8 20 16 21 11 20 11 15 8 22 12 25 15 10 20 20 13 7 14 8 23 12 5 24 21 24 21 20 9 14 24 16 10 19 12 21 5 11 10 9 22 23 8 20 7 6 10 15 23 11 16 17 10 17 16 5 13 12
16 5 17 24 7 19 24 20 21 22 17 5 7 13 11 13 14 18 22 24 25 25 24 19 15 25 23 7 18 7 9 21 9 13 5 19 18 20 10 10 25 7 6 17 10 20 24 9 9 14 14 13 16 19 21 7 20 8 14 17 22 5 20 16 9 12 25 11 5 13 19 18 21 9 25 23 7 10 14 7
12 14 5 5 16 17 25 13 19 17 9 5 9 10 22 5 21 25 7 14 21 6 21 11 25 12 5 20 20 20 22 9 16 15 23 14 9 12 13 18 12 11 16 9 24 20 19 21 6 24 14 20 7 18 18 20 5 12 14 8 6 15 13 13 10 25 18 13 22 8 7 22 20 21 9 10 20 6 21 12
23 12 11 25 6 15 14 15 11 15 15 8 24 12 22 22 21 24 13 19 9 20 18 5 17 9 10 6 12 13 24 11 25 5 12 24 15 20 25 11 24 20 5 21 22 19 5 18 9 22 12 8 10 13 19 14 13 9 6 23 10 12 8 13 22 11 16 15 7 23 5 21 24 14 24 8 8 15 10 6
14 21 8 19 14 25 13 10 18 6 12 21 19 10 24 11 22 5 7 17 13 7 23 19 6 21 19 16 7 11 7 11 10 16 21 10 9 23 9 22 13 17 7 6 21 24 24 23 5 19 18 10 17 7 7 22 23 10 23 7 19 10 14 20 9 9 12 23 21 8 20 14 20 8 17 25 14 19 10 24
13 10 6 15 24 8 17 8 22 25 15 11 19 24 15 21 17 19 15 19 8 11 6 16 14 19 15 23 12 15 9 14 20 12 16 15 9 6 14 16 6 21 21 14 21 18 19 23 18 11 6 21 9 14 15 17 8 18 20 9 7 22 15 12 16 6 17 13 9 10 10 5 19 22 13 25 13 6 24 16
10 24 10 13 15 11 19 7 10 7 16 14 5 22 7 20 11 7 6 14 16 19 21 18 15 25 9 14 22 17 11 11 11 6 14 23 16 5 18 21 6 20 16 7 11 6 10 20 9 20 7 25 15 22 6 16 8 19 13 13 5 8 11 24 13 21 16 14 17 15 17 8 17 18 15 23 22 20 18 15
110 110 110 110 110 110 110 110 110 110
