10
40
34 39 13 18 21 17 34 20 11 22 13 28 26 24 27 38 18 32 14 30 16 37 18 21 16 27 8 21 11 16 31 12 16 16 26 10 11 23 10 27
23 21 27 45 34 21 25 17 20 16 18 9 6 9 42 6 18 25 22 13 11 41 7 15 7 28 20 19 28 23 19 25 39 37 16 21 11 16 14 16
12 19 40 22 29 14 38 22 10 34 10 17 8 19 15 8 13 25 25 16 19 24 30 14 12 26 6 37 25 13 46 11 14 25 23 10 29 12 31 21
13 33 26 12 41 22 38 24 9 14 19 22 28 27 22 11 30 13 26 25 25 28 24 23 28 15 28 11 14 23 15 21 24 28 25 15 30 16 38 39
47 10 24 20 15 16 10 37 17 10 16 31 10 29 19 9 17 18 25 23 23 39 15 37 44 7 30 30 19 34 10 27 9 35 22 21 7 26 17 36
37 17 33 7 13 32 16 14 21 10 28 45 19 36 15 26 5 16 30 31 20 26 25 30 31 16 33 11 14 27 25 31 30 27 12 10 37 16 16 16
44 17 5 14 17 33 24 40 28 26 22 12 12 39 15 34 9 19 26 15 38 19 21 24 29 32 15 37 7 34 13 9 26 28 11 32 33 32 34 43
45 27 28 19 12 36 12 31 18 31 37 27 28 22 8 12 39 36 9 29 20 25 14 15 18 35 39 14 41 40 8 32 7 17 20 14 9 32 16 37
50 31 36 23 11 20 19 21 7 43 13 12 32 10 12 15 27 16 31 37 12 27 15 23 12 17 36 44 28 21 27 34 27 35 29 12 17 27 14 16
34 6 27 34 19 26 23 10 28 16 11 11 10 46 8 24 35 26 25 9 13 23 46 35 28 16 21 40 24 24 11 30 42 12 16 19 15 12 33 15
40 40 30 36 33 28 43 50 30 51 14 72 39 68 49 55 41 71 24 64 24 59 42 46 34 54 18 40 22 29 58 28 36 23 52 20 19 43 13 50
33 24 53 54 35 42 45 37 34 33 33 18 14 24 67 16 27 35 44 15 16 49 16 21 17 48 22 31 41 33 32 50 49 68 30 46 25 39 33 35
28 37 50 36 30 28 52 46 19 45 24 29 18 49 32 18 25 45 33 24 27 32 46 38 23 37 16 55 37 21 66 21 27 49 38 20 42 18 54 25
27 36 36 22 51 38 55 52 21 26 28 36 37 45 30 19 58 24 35 35 31 50 45 43 57 33 53 16 20 46 21 43 29 47 36 22 45 23 66 51
55 22 51 28 26 25 24 52 33 21 30 58 15 32 53 13 40 37 33 27 48 51 17 49 55 20 73 39 29 41 13 57 24 54 60 46 15 51 31 55
52 46 50 17 14 52 22 21 43 19 36 51 45 53 34 42 11 38 37 68 38 57 28 52 44 24 51 14 22 36 46 46 52 32 14 19 48 29 27 23
61 25 10 30 25 36 47 52 36 37 32 23 16 53 19 55 15 45 37 19 46 32 45 30 49 38 27 68 20 45 35 23 38 57 24 49 55 38 65 68
49 35 53 43 20 46 19 60 36 58 51 50 53 59 13 32 57 57 23 39 42 41 28 20 20 42 54 19 62 56 14 42 18 24 39 19 18 46 21 56
74 44 67 51 20 33 27 41 17 67 36 17 35 13 23 33 31 25 35 51 16 51 26 38 15 31 37 51 36 55 42 48 51 51 52 17 31 34 28 26
41 12 28 52 31 52 25 10 36 22 14 15 22 54 18 36 53 50 44 15 28 27 55 59 52 42 52 58 41 30 28 59 42 19 33 45 36 13 34 25
15 13 16 8 20 11 10 21 24 6 5 23 13 13 23 17 5 10 24 20 7 22 16 18 10 8 24 14 20 12 15 24 14 23 17 16 20 6 16 23
11 9 24 12 15 23 8 13 23 7 18 18 23 15 19 22 11 24 8 14 9 15 21 18 21 11 17 5 15 16 5 21 24 6 8 9 16 9 25 21
7 16 20 25 22 16 11 25 16 21 14 5 10 16 11 18 20 21 9 10 12 8 13 25 14 22 16 13 19 6 12 22 14 11 15 12 11 16 11 25
6 21 10 9 22 14 10 12 14 23 14 23 17 20 18 24 12 10 7 23 22 22 17 15 12 24 18 16 14 19 21 23 23 13 12 23 23 23 6 12
20 23 18 18 10 20 7 9 6 20 11 19 21 10 12 23 7 12 8 10 9 19 10 22 18 22 20 8 5 22 17 10 12 14 13 12 9 9 13 15
19 8 22 22 6 22 17 7 22 6 11 12 13 24 14 25 25 19 21 6 19 6 24 20 21 25 20 25 8 20 13 13 9 25 20 15 6 14 15 13
14 10 21 21 16 7 14 15 10 11 9 23 9 23 14 16 12 12 24 11 15 13 13 21 13 8 12 22 5 19 19 5 18 16 13 14 6 22 19 21
17 13 6 20 19 5 24 14 9 25 14 14 18 25 24 12 22 13 12 8 23 19 6 12 5 8 14 14 9 25 22 6 6 13 16 5 5 22 12 13
11 24 11 14 18 19 22 7 24 21 18 22 15 5 21 20 24 23 15 22 24 7 25 22 15 9 13 5 25 12 7 10 13 19 18 13 14 13 12 23
23 5 17 8 15 25 12 19 14 7 13 20 7 12 13 16 13 11 15 8 25 5 23 25 6 14 25 14 20 15 25 21 20 13 21 17 11 10 18 18
56 56 56 56 56 56 56 56 56 56
