10
80
23 20 15 13 7 24 16 8 44 33 8 32 13 24 41 15 27 46 11 7 29 20 44 10 16 32 30 29 19 11 7 12 13 16 25 28 11 14 38 38 19 8 12 26 20 8 19 11 17 12 14 18 45 15 12 43 26 21 21 5 27 37 25 26 11 15 20 35 28 15 25 10 16 19 12 8 20 17 19 17
22 16 28 9 44 22 14 10 17 16 37 16 47 15 22 5 18 39 26 12 26 26 36 9 22 24 40 24 20 32 13 15 19 29 12 25 8 14 35 34 15 42 31 20 13 10 21 19 15 34 26 34 10 14 19 12 18 31 20 19 19 38 15 30 38 16 25 23 14 28 26 42 12 44 41 31 36 24 24 14
15 22 23 24 7 26 15 11 9 24 17 14 17 34 22 8 18 14 27 13 26 24 28 43 21 22 24 19 8 7 18 31 29 14 24 11 21 28 35 23 31 33 30 28 10 15 18 17 30 9 11 26 38 32 9 22 18 28 9 39 40 17 11 28 26 15 24 20 22 13 34 10 22 33 16 36 22 36 22 40
24 17 24 11 13 37 24 20 19 22 17 7 14 7 34 22 22 25 36 42 20 10 31 25 36 36 40 48 26 14 8 14 8 10 28 22 7 20 23 23 28 21 9 47 40 20 24 6 15 37 31 34 13 33 8 33 10 13 31 8 10 33 24 15 18 23 23 45 45 25 18 18 37 6 29 21 21 8 16 29
33 12 9 23 39 32 18 34 15 11 23 16 45 48 24 25 25 10 7 23 29 11 43 24 10 19 22 29 16 42 36 35 7 16 38 23 28 22 37 21 31 25 12 16 36 24 17 24 15 10 28 23 29 12 32 30 12 42 26 22 31 34 9 13 22 10 6 43 35 10 38 36 39 13 33 22 15 16 33 9
13 18 31 40 27 40 15 16 11 23 20 35 43 22 15 31 32 26 34 15 7 33 41 21 20 23 35 30 45 14 37 12 37 34 18 13 15 15 36 18 34 11 7 8 6 25 46 9 39 9 45 40 22 13 12 27 11 31 11 13 8 33 28 13 23 7 22 18 17 32 18 15 25 23 25 40 26 13 14 12
27 10 42 23 29 24 32 32 10 24 10 10 28 13 22 32 16 20 5 15 21 18 31 32 21 6 39 23 41 14 15 13 29 16 16 45 15 14 36 13 27 16 40 34 31 9 28 42 11 48 21 24 8 41 21 25 19 33 14 20 18 21 24 36 35 21 14 22 44 11 9 23 27 16 25 41 27 22 10 21
15 40 32 25 31 29 31 42 17 39 9 7 18 22 8 33 28 7 13 11 14 11 36 8 24 42 25 12 5 7 49 36 19 13 21 11 13 35 18 26 24 12 11 15 43 22 32 7 36 24 38 17 15 11 34 31 15 20 38 32 30 24 11 30 7 30 22 11 15 9 24 20 27 36 11 9 17 27 27 14
26 23 20 28 7 33 37 8 21 28 12 27 24 6 12 48 21 11 24 45 27 5 32 18 40 12 17 26 37 29 8 14 5 22 15 23 36 13 9 13 39 15 11 28 41 48 41 8 18 14 23 42 24 34 10 42 13 38 6 24 26 10 15 21 24 16 7 44 31 8 33 9 23 25 13 31 40 22 11 19
14 15 28 12 30 8 36 8 5 24 16 21 39 9 16 17 18 17 12 7 12 23 24 20 48 19 19 18 23 24 20 12 23 20 20 7 24 31 18 37 30 11 17 16 9 12 30 14 12 28 34 45 24 7 21 8 17 14 6 38 23 29 18 25 41 18 23 26 29 14 27 12 23 26 27 23 21 19 15 27
42 49 16 30 16 27 36 11 62 34 18 47 24 40 66 15 39 68 23 13 55 34 65 17 35 57 42 57 32 16 16 30 21 26 29 67 26 23 62 57 29 20 19 49 20 14 48 28 31 33 22 38 57 28 29 46 30 57 51 10 51 50 58 29 22 29 39 56 47 37 52 20 34 31 23 15 39 36 38 33
45 23 48 18 48 37 24 23 28 25 55 30 53 23 36 15 32 58 53 17 51 66 49 24 36 49 64 58 30 42 22 31 48 44 25 66 11 29 43 43 25 61 55 39 21 19 29 28 31 55 40 49 13 22 29 22 36 58 24 31 34 59 34 39 60 17 40 36 23 58 41 73 22 66 54 69 49 71 47 29
29 46 33 38 11 37 27 17 18 35 40 28 46 45 24 13 45 17 38 19 40 40 41 60 49 48 53 28 15 13 27 51 34 30 38 21 45 33 69 41 49 60 38 35 20 25 19 48 45 19 20 30 49 43 15 37 20 29 23 52 41 29 20 48 44 33 36 28 59 29 57 11 36 49 18 40 40 51 47 55
36 47 32 20 15 70 35 29 25 28 24 15 37 15 53 44 65 46 62 60 37 16 41 39 51 63 49 72 62 17 23 16 15 22 51 51 22 31 43 40 43 29 24 62 52 31 40 18 22 58 37 66 26 62 16 61 27 18 52 19 13 38 38 30 29 27 31 62 54 42 46 27 46 15 72 43 34 13 17 42
47 21 14 37 70 56 45 49 20 22 34 22 56 58 46 37 36 22 16 45 39 17 65 50 11 47 37 46 23 56 51 51 18 33 66 47 49 35 55 28 43 38 31 26 63 41 21 43 36 26 41 42 32 29 38 40 14 56 43 46 68 43 18 19 55 16 14 64 42 13 59 62 62 17 49 36 37 33 45 19
29 38 44 43 42 52 32 43 26 43 29 57 53 41 24 38 46 47 53 31 11 52 52 53 36 47 48 59 68 21 51 30 57 40 21 17 28 35 59 41 51 22 14 18 14 49 64 14 54 20 69 54 44 19 18 53 12 50 23 17 17 62 63 32 28 18 36 39 37 46 45 19 35 43 62 45 29 30 27 28
38 12 69 43 58 55 53 48 13 32 24 21 43 14 50 57 39 33 12 36 34 35 56 46 42 15 54 29 55 18 38 20 45 20 28 57 28 24 63 19 43 42 58 50 57 17 48 68 15 57 41 41 11 70 43 53 27 51 36 32 46 52 34 41 59 45 39 34 59 17 11 43 50 31 40 64 33 48 23 40
45 41 39 26 52 49 51 64 22 64 12 18 30 32 14 69 43 14 24 12 16 19 57 17 37 63 39 34 10 17 58 49 32 22 29 21 19 48 35 38 45 17 22 18 66 45 36 13 45 49 47 37 36 14 43 61 18 36 57 55 46 36 16 58 15 39 45 27 30 16 37 35 35 51 11 14 45 45 44 17
49 38 30 39 14 58 69 21 39 58 19 35 56 10 31 71 32 19 52 64 36 13 43 26 60 16 31 52 59 56 14 42 15 60 19 32 60 22 28 15 46 36 24 37 68 71 67 19 28 23 48 56 46 37 24 52 24 60 11 40 38 25 17 26 40 37 11 63 53 22 41 25 57 45 20 37 61 50 17 27
17 35 58 32 41 16 64 16 13 47 45 45 57 14 43 20 43 25 28 17 16 40 35 42 71 26 34 39 34 53 38 14 38 33 38 22 30 46 25 51 48 28 21 32 26 19 63 26 24 46 49 73 47 11 40 14 39 20 11 53 27 41 33 43 65 47 47 64 50 24 35 18 43 29 34 32 36 22 39 41
9 9 14 24 11 16 8 19 20 14 14 11 14 24 5 12 11 15 13 10 17 9 13 20 24 13 8 18 8 24 5 10 16 14 23 7 24 9 12 18 20 25 22 23 24 14 17 22 19 20 10 15 13 6 24 5 15 7 7 12 17 18 20 11 20 12 10 8 23 9 17 9 5 24 14 23 7 24 25 15
9 9 11 13 12 25 16 16 19 20 23 10 18 14 20 20 17 7 22 22 9 5 7 23 23 18 19 12 22 9 19 13 9 5 14 22 13 17 22 14 8 13 14 14 5 14 22 7 22 14 10 23 22 18 18 12 15 5 11 12 17 21 21 21 20 18 6 17 12 10 14 21 16 21 9 25 8 13 7 7
25 21 16 9 11 19 6 10 22 16 11 6 21 15 15 20 19 9 19 17 19 22 17 23 8 6 23 5 12 14 5 14 12 23 24 20 10 10 17 14 19 9 5 19 18 25 12 17 23 12 11 21 23 20 16 24 10 8 15 23 19 14 9 5 7 10 25 14 23 7 22 18 18 18 8 14 7 10 11 19
22 12 7 9 8 24 7 12 21 12 10 20 7 22 21 18 8 24 16 14 12 14 18 21 6 25 18 19 5 5 15 13 22 24 19 24 14 5 11 17 16 17 24 6 11 14 7 9 11 13 24 22 17 8 7 21 9 24 21 21 5 16 14 9 7 15 23 8 18 6 13 5 8 13 12 9 23 23 22 20
7 23 16 22 11 18 23 19 6 20 8 9 16 15 5 18 18 25 22 6 13 21 7 10 7 22 21 18 6 7 23 11 25 6 11 17 7 21 18 15 16 11 20 15 23 12 11 10 9 21 5 24 8 13 12 22 18 15 22 25 7 23 17 5 5 9 11 16 10 8 17 13 9 25 17 8 5 24 20 19
14 5 11 7 9 19 14 15 20 17 12 21 25 10 16 5 12 6 5 25 5 22 6 17 17 20 13 23 24 19 6 19 20 10 21 6 17 5 24 24 12 21 15 20 14 6 19 17 21 7 9 12 13 14 23 11 25 7 24 12 9 20 14 5 11 20 22 8 9 12 20 23 7 15 22 17 6 18 9 25
24 10 24 9 7 9 7 23 13 9 12 12 13 18 8 15 10 6 9 25 21 7 5 10 16 16 7 6 11 21 19 18 9 25 17 6 21 24 6 19 21 19 8 19 23 16 25 5 12 17 24 7 22 13 13 25 24 11 15 7 13 25 25 24 24 13 24 15 24 22 13 8 22 19 7 10 19 8 22 16
11 8 14 10 19 22 18 24 14 23 13 17 12 10 8 12 8 8 23 11 19 23 9 21 7 6 11 5 22 22 7 8 18 10 12 5 16 16 24 10 25 21 18 15 25 7 22 15 21 13 23 8 8 16 20 9 25 7 8 25 6 11 14 22 17 20 18 10 10 10 20 5 10 6 8 23 5 20 19 24
15 24 14 23 9 22 17 25 15 20 13 9 23 6 21 21 11 10 18 22 19 12 21 12 24 15 14 23 23 21 23 11 21 6 18 12 16 11 20 22 19 13 5 23 20 7 11 10 19 23 24 17 12 18 8 16 10 11 7 17 23 15 21 15 5 19 18 16 16 6 12 15 12 8 12 7 21 23 18 14
14 9 14 15 19 15 11 21 15 11 9 12 7 20 8 8 11 9 6 12 18 24 6 22 6 17 7 10 5 16 20 19 7 17 14 19 23 25 24 16 17 22 5 12 14 23 6 10 18 19 23 25 22 6 20 19 8 22 10 18 11 20 18 14 7 19 13 7 25 18 5 7 14 21 8 5 19 21 21 18
102 102 102 102 102 102 102 102 102 102
