10
40
26 10 21 14 16 36 27 28 37 30 21 39 46 19 28 10 25 13 9 49 10 43 13 31 34 36 25 46 42 37 13 34 39 18 37 12 29 11 47 44
22 39 29 40 27 12 38 33 40 12 16 24 23 26 46 22 49 15 45 21 16 38 26 9 21 38 41 16 17 22 36 41 14 29 39 30 12 33 19 50
46 19 45 17 14 19 14 46 24 17 22 24 25 33 16 30 18 12 15 46 37 13 9 18 28 28 13 13 20 38 35 33 16 47 32 12 41 45 12 35
38 35 16 35 44 28 49 10 23 31 49 15 40 26 23 49 48 22 27 14 26 46 45 46 46 26 45 28 43 39 25 16 42 38 13 21 36 16 39 33
21 17 25 17 38 41 37 46 25 45 24 32 24 18 17 21 14 14 46 20 34 43 18 41 15 11 23 10 43 38 14 13 35 18 23 10 29 31 44 18
48 40 32 30 46 13 40 28 41 23 42 15 17 30 39 18 45 14 15 49 12 21 26 42 32 36 36 19 19 21 36 9 20 11 15 45 9 38 34 45
27 48 26 45 18 41 30 46 28 36 25 19 43 12 37 43 21 18 32 40 36 21 39 24 46 30 26 45 43 38 42 21 42 11 32 24 29 19 38 40
35 26 10 42 36 14 19 19 35 40 46 33 23 34 16 29 19 20 12 34 45 29 37 26 10 34 32 28 32 13 23 28 22 17 24 13 38 46 34 24
27 17 26 27 34 28 22 39 28 19 17 22 13 38 15 15 20 17 12 24 33 45 10 43 12 31 15 21 9 28 35 38 13 30 25 37 46 48 47 27
35 41 9 24 27 40 11 20 34 35 40 44 43 11 35 34 16 43 19 33 22 35 34 25 14 37 25 14 46 32 11 15 27 38 15 10 36 38 38 36
28 11 22 15 18 41 27 32 40 36 25 46 52 23 33 10 27 13 11 54 12 45 14 35 35 40 27 46 51 38 13 41 40 22 45 13 35 11 49 51
26 46 33 40 27 13 40 34 44 15 19 27 27 30 47 24 52 16 51 26 18 42 28 10 24 39 44 18 18 25 41 48 14 32 48 36 14 39 20 52
49 19 51 18 14 20 14 46 25 20 26 26 28 38 16 30 20 13 17 53 45 15 12 20 32 33 15 14 24 44 40 39 19 55 35 12 46 49 13 38
44 39 17 41 50 33 53 10 26 35 50 15 44 27 26 50 51 24 33 14 26 54 50 50 50 27 51 32 51 48 29 16 47 39 16 21 42 18 45 35
25 18 28 19 41 47 40 49 29 49 27 33 25 21 18 26 17 17 49 24 38 48 20 46 15 12 23 11 45 43 15 16 39 22 25 11 33 34 52 21
50 42 35 33 54 15 43 29 45 26 47 17 18 32 40 18 52 14 17 54 13 25 28 48 35 43 39 21 21 21 41 11 23 14 17 47 10 40 40 47
31 50 30 46 20 43 34 53 32 44 26 20 50 14 43 45 22 21 38 43 37 24 45 25 48 34 28 49 47 44 48 24 42 12 35 27 31 23 39 46
41 28 11 48 39 14 24 21 40 47 50 35 24 37 16 33 21 25 14 36 47 33 42 31 11 38 38 33 35 13 25 31 26 17 26 15 42 46 40 27
29 19 28 32 41 33 23 43 30 24 18 25 15 42 17 17 25 19 13 25 38 51 12 43 12 34 15 22 11 33 40 40 16 33 30 39 50 51 51 32
38 47 10 24 28 45 13 20 38 41 47 50 46 14 39 39 18 45 23 38 22 41 39 30 14 42 27 14 50 38 11 15 29 43 18 11 38 44 44 36
9 9 14 24 11 16 8 19 20 14 14 11 14 24 5 12 11 15 13 10 17 9 13 20 24 13 8 18 8 24 5 10 16 14 23 7 24 9 12 18
20 25 22 23 24 14 17 22 19 20 10 15 13 6 24 5 15 7 7 12 17 18 20 11 20 12 10 8 23 9 17 9 5 24 14 23 7 24 25 15
9 9 11 13 12 25 16 16 19 20 23 10 18 14 20 20 17 7 22 22 9 5 7 23 23 18 19 12 22 9 19 13 9 5 14 22 13 17 22 14
8 13 14 14 5 14 22 7 22 14 10 23 22 18 18 12 15 5 11 12 17 21 21 21 20 18 6 17 12 10 14 21 16 21 9 25 8 13 7 7
25 21 16 9 11 19 6 10 22 16 11 6 21 15 15 20 19 9 19 17 19 22 17 23 8 6 23 5 12 14 5 14 12 23 24 20 10 10 17 14
19 9 5 19 18 25 12 17 23 12 11 21 23 20 16 24 10 8 15 23 19 14 9 5 7 10 25 14 23 7 22 18 18 18 8 14 7 10 11 19
22 12 7 9 8 24 7 12 21 12 10 20 7 22 21 18 8 24 16 14 12 14 18 21 6 25 18 19 5 5 15 13 22 24 19 24 14 5 11 17
16 17 24 6 11 14 7 9 11 13 24 22 17 8 7 21 9 24 21 21 5 16 14 9 7 15 23 8 18 6 13 5 8 13 12 9 23 23 22 20
7 23 16 22 11 18 23 19 6 20 8 9 16 15 5 18 18 25 22 6 13 21 7 10 7 22 21 18 6 7 23 11 25 6 11 17 7 21 18 15
16 11 20 15 23 12 11 10 9 21 5 24 8 13 12 22 18 15 22 25 7 23 17 5 5 9 11 16 10 8 17 13 9 25 17 8 5 24 20 19
50 50 50 50 50 50 50 50 50 50
