10
40
24 9 21 13 17 30 27 24 30 24 19 38 39 19 32 10 21 12 9 43 8 35 12 32 25 38 22 42 43 30 12 28 31 16 39 9 30 8 36 38
23 35 25 30 23 11 33 26 41 13 18 18 23 25 35 23 44 12 48 22 15 39 25 9 17 33 32 15 13 23 39 41 11 22 41 25 12 32 17 41
41 16 41 14 13 18 14 41 25 15 19 18 24 34 12 29 18 10 13 43 42 13 11 20 25 26 13 9 22 37 28 29 17 39 35 11 35 45 12 32
36 36 13 32 35 25 44 8 18 25 46 12 41 23 21 46 45 20 24 13 20 50 42 36 43 22 44 25 44 38 24 15 35 36 11 20 39 12 34 33
17 12 28 16 32 44 34 44 28 42 26 29 23 18 12 18 14 15 46 20 34 35 14 41 14 11 21 8 34 33 12 12 27 18 19 8 29 28 41 18
39 30 29 25 41 12 36 24 31 24 40 15 17 31 37 17 37 14 14 37 9 22 26 34 27 30 33 18 20 21 39 9 18 10 15 39 9 32 31 38
29 41 24 40 16 35 30 46 28 36 20 15 46 11 36 35 22 17 29 33 29 21 34 21 35 23 24 36 44 34 39 22 31 9 34 20 31 20 39 34
29 26 10 33 36 14 22 17 37 34 38 32 20 33 12 26 18 17 14 27 43 24 39 29 10 28 32 24 28 13 22 26 20 14 25 12 36 34 30 24
22 19 21 26 36 30 21 36 26 16 13 21 14 32 16 15 17 17 9 25 28 36 9 32 11 27 15 17 10 27 38 38 14 27 27 27 43 48 46 26
31 36 8 21 28 44 11 17 32 35 37 36 40 10 31 35 14 39 16 32 21 30 30 26 11 37 24 13 44 30 9 14 20 34 14 7 28 42 34 31
29 11 24 17 20 43 33 33 46 39 26 52 61 21 32 11 27 15 11 56 13 52 13 42 39 44 32 47 47 45 16 41 45 25 47 12 34 12 50 58
26 47 36 46 28 16 40 41 45 17 20 30 31 32 51 28 59 16 51 24 18 44 31 12 28 40 46 21 22 27 43 51 17 33 45 39 14 45 21 62
47 19 55 21 15 22 14 55 26 19 26 27 27 39 17 31 23 12 21 54 44 18 11 23 33 37 14 14 24 47 41 45 21 60 40 13 50 53 15 44
43 39 17 46 50 36 61 11 28 37 51 16 55 30 32 50 58 24 34 14 28 55 57 54 50 29 54 35 55 49 28 19 52 42 18 23 40 18 44 36
25 17 31 22 42 50 45 51 32 57 28 40 28 23 20 29 16 18 52 26 45 57 23 52 16 13 23 11 52 45 15 17 44 20 25 11 34 36 58 23
59 41 43 30 53 18 53 35 42 32 56 17 20 32 47 19 49 14 19 51 15 25 34 49 39 44 40 23 22 24 44 12 21 14 20 53 10 46 45 47
34 48 34 48 21 50 39 52 36 43 29 21 53 15 48 51 27 25 36 49 38 30 43 29 57 36 32 48 47 46 48 26 52 13 39 31 35 26 40 43
44 28 11 46 45 16 26 22 37 47 51 39 24 41 17 32 24 24 17 36 52 35 42 34 11 39 39 37 34 14 28 35 28 21 29 16 51 50 43 31
29 20 31 32 47 33 25 49 33 24 20 25 17 45 17 16 23 18 16 29 35 51 14 52 15 42 17 22 13 39 43 47 17 40 35 38 51 57 54 35
38 48 12 29 30 45 13 20 42 39 54 52 52 15 43 37 20 48 22 38 24 43 40 29 15 42 27 15 49 38 13 18 30 51 21 11 47 43 51 41
9 9 14 24 11 16 8 19 20 14 14 11 14 24 5 12 11 15 13 10 17 9 13 20 24 13 8 18 8 24 5 10 16 14 23 7 24 9 12 18
20 25 22 23 24 14 17 22 19 20 10 15 13 6 24 5 15 7 7 12 17 18 20 11 20 12 10 8 23 9 17 9 5 24 14 23 7 24 25 15
9 9 11 13 12 25 16 16 19 20 23 10 18 14 20 20 17 7 22 22 9 5 7 23 23 18 19 12 22 9 19 13 9 5 14 22 13 17 22 14
8 13 14 14 5 14 22 7 22 14 10 23 22 18 18 12 15 5 11 12 17 21 21 21 20 18 6 17 12 10 14 21 16 21 9 25 8 13 7 7
25 21 16 9 11 19 6 10 22 16 11 6 21 15 15 20 19 9 19 17 19 22 17 23 8 6 23 5 12 14 5 14 12 23 24 20 10 10 17 14
19 9 5 19 18 25 12 17 23 12 11 21 23 20 16 24 10 8 15 23 19 14 9 5 7 10 25 14 23 7 22 18 18 18 8 14 7 10 11 19
22 12 7 9 8 24 7 12 21 12 10 20 7 22 21 18 8 24 16 14 12 14 18 21 6 25 18 19 5 5 15 13 22 24 19 24 14 5 11 17
16 17 24 6 11 14 7 9 11 13 24 22 17 8 7 21 9 24 21 21 5 16 14 9 7 15 23 8 18 6 13 5 8 13 12 9 23 23 22 20
7 23 16 22 11 18 23 19 6 20 8 9 16 15 5 18 18 25 22 6 13 21 7 10 7 22 21 18 6 7 23 11 25 6 11 17 7 21 18 15
16 11 20 15 23 12 11 10 9 21 5 24 8 13 12 22 18 15 22 25 7 23 17 5 5 9 11 16 10 8 17 13 9 25 17 8 5 24 20 19
50 50 50 50 50 50 50 50 50 50
