10
40
20 29 33 41 32 44 21 27 20 35 23 39 40 37 16 33 46 38 46 22 11 33 37 34 28 33 40 45 42 17 33 18 37 37 18 11 18 24 37 28
37 17 10 10 11 39 41 13 42 13 44 48 36 14 13 37 12 34 19 15 12 45 46 20 23 12 28 32 27 40 34 18 33 36 46 44 28 19 16 18
30 11 47 40 36 36 38 47 9 25 17 18 40 12 39 37 23 21 10 23 27 31 38 38 34 9 41 28 44 13 30 14 36 15 20 46 19 18 42 15
29 29 41 34 38 12 32 44 13 47 37 33 10 45 31 41 23 37 23 24 37 38 29 36 45 33 25 30 44 12 9 30 36 27 31 41 27 35 20 25
27 41 34 24 37 35 39 47 19 44 10 13 22 27 12 45 26 11 18 11 14 15 44 12 23 47 31 20 9 13 44 39 22 18 21 16 13 39 25 31
34 15 19 14 48 35 31 9 39 36 40 31 27 12 40 44 14 24 45 34 30 23 10 38 14 30 33 18 21 10 27 27 29 35 9 11 30 28 29 12
32 29 28 34 11 42 46 13 31 37 18 30 48 9 21 48 24 12 37 49 34 9 39 20 42 12 28 33 40 49 11 28 10 41 19 30 45 14 17 13
37 27 18 34 47 46 43 15 25 17 39 42 39 33 17 43 16 45 10 27 25 15 14 24 29 29 11 39 34 14 36 17 42 41 18 32 46 39 14 20
14 29 39 22 30 15 45 12 9 39 29 29 40 13 28 17 27 17 20 12 12 35 31 35 45 21 29 27 26 37 33 13 26 22 31 15 25 38 21 44
37 21 20 28 18 15 41 24 23 43 34 47 35 9 36 10 32 16 10 47 23 29 31 33 48 35 38 44 34 17 29 12 28 25 28 25 29 21 29 28
22 33 38 43 35 45 25 29 21 42 24 45 47 38 18 37 49 43 48 26 12 40 41 37 33 36 44 55 47 20 38 22 40 41 19 13 19 27 46 34
44 20 12 13 11 44 50 15 44 15 47 49 38 17 14 42 12 37 23 17 12 48 49 25 23 13 29 35 33 45 35 19 37 40 50 46 31 20 19 21
33 12 50 42 41 40 43 49 11 25 18 21 47 14 41 42 27 25 10 26 31 36 41 43 34 12 42 30 45 15 32 15 39 16 22 46 19 19 48 17
35 35 45 38 46 13 37 51 16 48 40 33 12 50 37 48 23 44 27 27 37 47 30 38 46 35 27 36 47 12 11 35 44 31 34 47 29 38 23 27
32 42 37 26 41 37 45 51 21 52 12 15 22 28 12 51 29 11 18 11 15 17 52 12 26 51 33 23 11 15 50 47 24 21 25 17 13 41 26 34
38 17 23 15 49 35 34 11 44 41 41 35 30 13 43 47 16 25 52 40 35 27 13 41 16 32 38 20 26 12 32 27 35 36 12 14 33 32 33 15
35 33 29 35 13 48 51 16 34 42 18 34 51 11 24 49 27 14 37 52 36 12 47 21 47 15 30 35 46 51 12 29 10 47 19 32 48 15 20 16
44 32 22 34 51 50 47 18 26 18 43 46 43 36 17 50 16 49 11 32 29 18 16 27 30 32 12 46 38 16 36 17 48 44 18 37 51 47 14 21
14 33 41 26 32 16 49 15 12 44 35 30 48 14 32 18 31 18 21 15 14 37 34 40 52 22 32 28 26 41 37 14 26 27 38 15 27 47 24 44
41 22 21 32 19 15 49 27 26 46 39 53 37 11 38 11 33 19 12 49 23 30 33 36 51 38 39 47 41 18 30 14 32 28 29 26 33 24 31 29
19 19 8 13 7 13 15 5 25 17 6 17 9 18 25 7 16 25 10 5 21 16 25 6 16 21 18 20 11 5 6 12 8 12 15 24 10 9 22 22
14 7 7 17 10 7 16 10 14 11 8 17 24 13 12 23 14 20 17 5 19 19 22 14 11 12 19 20 19 16 18 8 13 11 11 7 18 14 14 14
17 8 17 6 24 14 8 9 11 13 19 13 24 11 12 5 13 24 23 8 24 23 25 9 17 16 23 22 13 17 8 12 16 17 11 23 5 14 20 18
10 22 20 14 7 8 11 10 15 25 16 17 5 10 10 7 13 21 12 11 15 25 14 18 21 8 15 13 10 22 16 25 7 23 25 23 24 25 16 14
11 22 14 14 5 13 9 8 7 17 16 10 17 18 11 7 15 7 15 6 17 14 17 24 18 21 23 13 5 5 11 21 16 13 18 9 20 15 25 19
23 25 19 14 8 9 9 16 20 8 7 14 19 21 5 13 9 14 9 23 20 10 8 19 18 11 16 14 20 10 23 5 15 18 9 20 16 22 22 24
13 16 12 7 7 25 13 11 9 11 9 6 13 6 24 18 23 16 23 21 15 7 16 17 21 21 23 25 22 9 8 8 6 8 17 19 7 16 15 18
21 11 9 24 25 14 20 6 11 20 17 24 9 22 5 25 9 8 21 7 5 18 15 11 11 13 15 25 24 19 16 12 21 6 25 14 12 5 8 16
21 7 6 18 24 25 18 20 8 8 12 8 23 25 16 12 13 10 6 18 14 8 25 18 6 19 18 19 8 23 24 18 6 14 23 19 17 15 24 14
20 19 11 10 23 17 8 17 13 10 17 18 15 11 16 17 6 21 16 21 23 19 7 7 19 6 7 24 21 5 24 22 24 8 18 14 15 15 19 7
52 52 52 52 52 52 52 52 52 52
