10
80
29 13 32 30 27 36 37 24 28 10 39 42 30 38 47 29 39 35 32 33 20 43 13 32 29 34 28 11 25 40 46 37 30 9 21 16 41 19 16 45 47 28 24 39 15 34 12 11 19 10 35 37 24 39 36 47 31 21 27 31 49 38 39 29 16 23 14 20 18 34 29 17 16 35 33 10 33 15 34 45
32 11 44 29 40 45 35 18 31 35 21 26 34 23 37 32 11 26 40 13 34 18 24 14 18 42 10 19 31 11 28 42 39 35 23 46 12 19 19 14 11 45 10 15 45 38 40 47 32 40 11 37 20 10 32 41 10 10 34 37 14 41 45 14 34 22 30 26 39 44 40 18 15 26 21 18 45 30 15 36
9 42 11 27 39 22 10 21 13 29 31 20 22 12 17 31 36 11 20 23 10 35 18 14 9 32 14 24 31 45 29 16 22 24 17 42 20 26 23 49 9 16 23 26 17 31 14 45 28 27 37 46 10 39 26 35 28 14 30 20 38 33 45 27 20 34 23 20 35 43 20 45 10 34 44 41 21 17 37 41
17 40 17 43 33 24 16 27 14 18 13 32 43 10 23 42 29 37 26 13 39 45 40 26 15 10 21 20 20 33 28 17 41 32 27 24 30 45 35 30 33 44 32 11 25 46 28 39 36 11 11 9 19 17 16 11 27 47 10 35 19 9 10 47 19 22 35 26 19 21 26 36 17 27 17 35 38 39 14 36
37 37 38 31 28 16 23 13 28 33 49 39 28 10 26 44 14 37 10 24 18 20 19 43 48 10 23 15 36 34 27 50 43 25 35 33 37 39 14 15 40 39 12 36 42 46 46 22 9 22 22 13 28 47 27 18 42 10 39 39 24 9 46 20 16 20 43 31 13 22 41 37 40 40 44 20 16 38 18 14
14 9 29 24 49 12 20 41 36 35 26 20 17 10 22 17 11 11 22 34 23 47 15 32 34 28 50 36 11 34 20 26 31 25 37 48 27 48 32 44 45 29 40 9 39 28 44 26 15 15 46 23 17 19 45 16 19 27 28 13 38 34 19 31 20 29 42 39 34 29 31 29 48 49 33 9 17 27 42 34
43 24 35 42 16 17 30 27 26 39 37 37 25 28 37 38 10 15 37 40 42 9 28 50 10 40 46 33 42 44 11 36 16 17 26 15 30 35 25 16 37 39 24 33 18 10 39 21 22 21 27 15 19 30 17 40 11 20 39 47 25 13 27 26 14 35 11 17 24 44 28 18 34 42 22 25 46 9 22 32
28 11 38 41 43 37 32 17 46 26 11 33 38 12 25 41 28 21 30 13 33 31 42 30 20 30 48 20 16 35 10 15 41 31 26 45 36 30 44 40 17 37 31 39 22 19 34 39 39 18 35 17 14 21 11 12 34 21 43 36 22 43 37 26 12 38 32 44 14 41 11 47 21 18 30 10 28 40 16 26
25 18 12 33 19 44 49 10 38 41 43 24 38 41 27 15 20 15 35 38 36 31 41 28 32 29 36 47 26 21 15 44 33 28 11 33 31 10 30 26 11 34 14 34 23 26 36 36 44 42 36 48 42 36 33 50 45 42 43 15 16 43 22 19 20 42 43 36 15 31 25 30 16 29 23 19 14 19 20 13
21 22 30 43 27 39 45 14 25 43 9 18 21 22 27 44 26 37 30 20 43 21 19 33 20 14 23 45 39 21 17 44 41 46 37 13 32 24 30 38 33 46 43 48 34 49 44 10 34 48 43 39 41 22 10 40 29 31 17 22 41 13 45 10 34 17 45 48 36 16 46 33 9 10 18 15 32 37 14 49
32 16 39 30 28 39 41 29 32 11 42 48 33 43 51 33 44 39 36 35 23 50 13 39 32 36 34 13 26 46 50 42 31 10 22 18 45 22 18 52 47 30 26 45 16 41 12 13 19 12 39 46 29 44 44 51 34 24 32 33 50 41 44 33 16 28 16 24 21 38 36 19 17 36 35 13 36 17 38 52
36 13 51 34 45 54 35 20 35 38 23 27 38 26 40 36 13 29 46 13 37 22 28 16 19 48 10 19 35 14 34 43 44 39 24 51 15 24 22 16 12 47 12 16 55 44 40 49 35 46 13 40 23 10 33 45 10 10 34 46 16 41 47 15 38 25 34 31 43 49 41 20 18 31 25 22 51 33 16 43
11 49 11 34 47 24 12 25 14 29 32 21 25 14 18 35 40 12 22 23 13 37 23 16 11 37 16 29 34 48 36 17 23 24 19 46 21 28 26 53 10 17 25 28 19 35 14 47 31 31 39 52 11 45 30 36 30 16 33 22 38 38 49 28 23 37 25 21 40 46 22 47 10 38 47 42 25 20 40 45
18 41 17 46 36 28 18 29 17 22 16 32 45 11 24 44 33 39 30 14 42 49 42 29 17 11 22 20 22 39 32 18 46 34 30 28 35 48 38 33 36 47 37 12 29 52 29 46 39 11 13 11 20 19 18 13 28 48 13 37 20 11 12 51 21 24 38 29 23 23 27 40 19 31 19 35 42 44 15 40
41 41 44 38 31 18 23 15 29 34 49 43 30 12 29 51 16 43 12 27 20 21 23 48 51 10 24 18 43 39 29 51 52 28 37 36 42 45 15 18 44 39 14 36 48 49 53 23 12 23 22 16 29 53 28 23 47 11 44 43 26 10 48 23 17 22 48 37 13 25 48 42 48 42 45 22 18 41 20 14
16 11 30 26 50 14 21 49 37 38 28 23 17 13 26 19 12 13 27 37 26 54 17 34 38 30 52 39 11 37 23 29 34 27 46 49 34 51 37 49 51 33 47 11 41 31 50 28 17 16 49 28 18 19 51 17 24 31 31 14 41 39 20 33 23 35 49 43 41 31 34 31 50 52 38 12 19 30 48 38
45 25 39 50 17 19 33 31 29 41 41 39 30 29 41 42 12 15 43 45 46 10 35 55 10 44 49 36 43 49 12 40 18 19 31 17 31 38 27 18 42 44 25 36 20 10 42 23 24 26 31 16 23 34 17 41 13 23 46 53 29 16 29 28 16 38 12 17 26 46 30 19 35 44 25 27 51 10 22 38
35 12 43 44 48 42 33 17 49 28 12 34 42 15 27 46 28 25 34 16 36 38 44 33 20 37 53 23 17 39 11 16 44 33 28 54 40 36 52 41 18 43 33 44 25 22 38 43 41 23 38 18 14 25 13 14 38 25 47 42 24 44 41 31 13 43 33 49 16 45 14 55 24 19 36 12 31 46 18 29
28 21 15 36 24 52 49 13 41 46 44 25 39 43 30 15 20 18 39 41 42 33 47 33 34 32 40 52 28 23 17 49 35 33 12 39 35 10 34 31 13 38 17 36 26 28 39 45 47 49 39 48 47 42 38 54 53 47 47 15 16 48 23 22 23 49 49 41 16 35 29 32 16 32 26 19 15 19 22 15
24 25 31 51 32 41 50 15 29 46 11 18 25 25 30 49 30 40 30 22 50 22 20 34 21 17 27 47 44 22 20 47 49 49 41 14 33 24 34 42 38 54 48 52 38 51 49 11 34 54 48 44 45 25 10 46 31 36 20 22 45 16 47 11 35 19 53 52 43 18 51 36 11 10 22 15 34 38 15 53
15 13 16 8 20 11 10 21 24 6 5 23 13 13 23 17 5 10 24 20 7 22 16 18 10 8 24 14 20 12 15 24 14 23 17 16 20 6 16 23 11 9 24 12 15 23 8 13 23 7 18 18 23 15 19 22 11 24 8 14 9 15 21 18 21 11 17 5 15 16 5 21 24 6 8 9 16 9 25 21
7 16 20 25 22 16 11 25 16 21 14 5 10 16 11 18 20 21 9 10 12 8 13 25 14 22 16 13 19 6 12 22 14 11 15 12 11 16 11 25 6 21 10 9 22 14 10 12 14 23 14 23 17 20 18 24 12 10 7 23 22 22 17 15 12 24 18 16 14 19 21 23 23 13 12 23 23 23 6 12
20 23 18 18 10 20 7 9 6 20 11 19 21 10 12 23 7 12 8 10 9 19 10 22 18 22 20 8 5 22 17 10 12 14 13 12 9 9 13 15 19 8 22 22 6 22 17 7 22 6 11 12 13 24 14 25 25 19 21 6 19 6 24 20 21 25 20 25 8 20 13 13 9 25 20 15 6 14 15 13
14 10 21 21 16 7 14 15 10 11 9 23 9 23 14 16 12 12 24 11 15 13 13 21 13 8 12 22 5 19 19 5 18 16 13 14 6 22 19 21 17 13 6 20 19 5 24 14 9 25 14 14 18 25 24 12 22 13 12 8 23 19 6 12 5 8 14 14 9 25 22 6 6 13 16 5 5 22 12 13
11 24 11 14 18 19 22 7 24 21 18 22 15 5 21 20 24 23 15 22 24 7 25 22 15 9 13 5 25 12 7 10 13 19 18 13 14 13 12 23 23 5 17 8 15 25 12 19 14 7 13 20 7 12 13 16 13 11 15 8 25 5 23 25 6 14 25 14 20 15 25 21 20 13 21 17 11 10 18 18
19 20 10 14 12 13 20 19 11 22 6 25 15 24 16 20 19 24 8 25 8 24 14 21 12 21 6 20 8 11 20 10 12 9 18 8 7 15 5 25 13 11 20 24 17 19 16 15 14 12 11 8 5 9 24 6 12 16 19 7 8 24 6 8 7 18 11 11 20 12 14 24 21 25 12 19 12 15 12 16
12 16 23 13 15 13 22 22 9 18 9 12 8 20 14 6 11 17 13 9 9 13 18 13 12 16 6 24 14 7 24 7 11 23 18 9 17 9 24 11 9 18 13 7 23 17 25 20 10 9 10 12 15 17 15 7 19 11 14 13 16 22 16 15 22 11 20 5 7 20 9 22 14 17 16 10 22 10 24 25
24 10 20 11 10 12 10 24 13 9 10 22 5 16 19 5 15 13 14 13 18 23 8 20 22 7 25 17 11 21 6 20 9 25 21 18 6 21 12 20 20 18 19 6 7 19 9 7 14 8 16 25 18 23 12 17 5 16 16 24 13 23 12 25 20 11 21 5 9 14 20 16 22 16 6 8 22 10 10 11
23 10 5 14 12 18 21 20 18 15 11 11 7 24 9 19 6 17 14 8 22 16 15 13 17 16 9 24 7 22 12 8 16 22 9 16 21 17 22 23 24 14 20 19 9 19 8 24 14 22 19 22 24 21 6 12 22 21 9 16 15 15 11 10 10 20 20 7 22 22 6 17 6 9 15 8 8 18 9 24
25 16 23 23 9 15 11 17 6 22 13 6 16 5 8 11 14 9 17 25 7 23 13 17 6 11 18 23 14 19 17 21 17 24 17 8 11 17 9 12 18 6 14 18 15 18 12 5 15 9 6 7 10 24 7 17 19 20 15 5 10 12 23 23 25 15 21 20 17 13 10 24 21 9 13 16 15 6 17 8
106 106 106 106 106 106 106 106 106 106
