10
40
15 11 29 21 50 13 18 44 33 34 28 22 15 12 23 16 10 12 24 33 21 48 16 30 36 27 49 37 11 35 18 26 31 25 41 47 29 48 35 45
42 32 40 11 39 27 42 25 17 14 42 23 18 19 48 16 22 30 27 12 36 35 19 32 21 29 42 41 37 28 30 26 47 47 34 10 17 26 42 34
40 24 38 42 16 16 31 28 27 37 36 37 28 25 41 37 11 14 39 41 44 9 28 50 9 39 42 30 43 47 9 39 15 17 29 16 27 36 23 15
41 40 24 36 18 10 37 20 23 23 28 14 18 32 17 39 11 18 37 48 27 14 25 27 13 35 9 17 21 42 28 16 31 44 21 26 47 9 19 32
30 12 41 40 44 38 31 15 42 27 10 32 36 12 26 41 26 22 33 14 36 33 44 29 19 30 48 19 16 38 11 14 37 30 23 46 37 31 44 37
17 40 29 38 21 22 35 41 39 18 35 17 13 21 11 12 34 21 43 41 23 39 34 26 11 41 31 41 15 39 12 45 21 18 34 9 28 44 17 26
26 18 12 31 19 45 49 12 39 40 42 22 37 41 27 14 20 16 38 38 40 29 42 28 33 30 37 47 27 19 16 47 29 29 9 35 34 10 33 26
12 34 16 32 24 25 35 39 41 44 35 43 43 36 31 47 46 44 38 15 14 43 21 21 21 45 45 40 14 29 27 32 15 29 25 18 13 18 21 12
23 24 30 45 27 38 46 15 25 45 11 18 22 22 27 47 27 39 30 19 47 20 17 30 20 15 22 42 42 20 17 46 42 47 36 13 28 21 29 35
32 50 47 46 38 44 46 9 34 50 41 42 41 22 9 41 27 34 17 19 37 14 43 11 33 16 47 45 39 15 43 34 9 9 20 15 30 33 15 49
15 12 31 25 51 14 22 45 39 39 30 25 18 13 25 19 13 13 27 38 25 50 16 33 39 32 50 40 12 37 21 31 36 28 46 49 33 53 36 48
49 35 46 12 42 30 50 27 18 17 48 26 19 19 53 17 23 30 30 13 39 41 21 36 25 32 48 44 39 30 36 30 51 55 39 12 20 31 48 39
44 27 42 51 17 19 31 30 29 42 41 38 29 30 44 43 12 16 42 44 48 11 32 55 11 46 46 34 45 47 11 41 18 20 29 17 30 40 27 17
43 42 27 36 20 11 44 22 24 26 32 17 23 36 18 44 12 23 44 53 27 15 29 29 15 38 12 18 25 46 30 18 35 46 25 26 49 11 22 38
32 13 46 46 50 42 34 17 47 28 11 35 40 15 29 47 30 25 34 15 39 37 45 31 20 37 49 23 17 41 11 17 44 35 28 50 40 36 49 44
17 41 36 44 25 24 39 46 43 23 38 17 14 24 13 14 40 24 47 44 25 46 38 30 14 41 32 49 16 44 14 52 23 20 34 12 33 48 17 31
26 20 14 36 24 50 52 12 41 48 46 25 40 45 30 16 22 17 40 41 43 35 48 33 35 34 39 51 30 21 17 50 33 34 12 36 34 10 35 29
13 36 17 36 24 27 40 42 45 47 38 51 49 41 36 55 54 46 47 16 17 45 22 22 24 48 50 44 16 35 30 32 17 34 27 20 16 19 24 14
23 26 31 51 31 39 46 15 30 48 11 19 26 24 30 51 29 40 33 24 51 23 19 33 22 17 26 48 43 21 20 47 46 48 42 13 33 24 35 41
36 53 47 49 38 50 50 11 36 55 48 46 46 26 11 46 32 37 19 24 46 15 47 12 34 19 55 55 40 17 47 36 10 11 22 16 33 38 16 50
16 8 18 15 13 18 20 13 15 5 20 23 16 22 25 15 20 18 18 17 11 24 6 18 15 18 16 6 13 22 25 19 15 5 10 8 21 10 8 25
24 14 12 21 7 19 6 6 9 5 20 21 14 20 21 24 16 11 16 16 25 20 21 15 8 13 8 11 10 19 17 9 8 18 17 6 18 8 18 25
17 6 24 15 22 25 18 10 17 19 10 13 19 12 19 16 6 14 21 6 17 11 14 8 9 23 5 9 17 6 16 22 21 19 12 25 7 11 11 8
6 23 5 7 25 21 20 24 18 23 6 19 11 5 16 22 5 5 17 21 7 20 24 7 18 12 16 15 21 24 21 9 8 14 12 10 25 16 8 20
5 23 5 15 22 12 6 12 7 14 16 11 13 7 8 17 20 6 11 11 6 18 11 8 5 18 8 13 17 24 17 8 11 12 9 23 11 13 12 25
5 8 12 13 9 17 7 23 15 15 19 25 5 22 14 18 14 7 16 10 19 18 23 14 11 18 11 10 19 22 10 23 5 18 23 21 12 9 20 22
9 20 9 22 18 14 8 14 8 10 7 16 22 5 12 22 17 19 14 7 21 23 20 14 9 5 11 10 10 18 15 9 22 17 15 14 16 24 18 15
18 24 18 6 14 24 14 21 18 5 6 5 10 9 9 6 14 24 6 18 10 5 6 24 10 11 18 13 11 11 13 18 9 15 10 18 20 21 7 18
20 20 20 18 15 9 11 7 15 17 25 21 15 5 14 25 8 20 5 13 9 10 10 23 25 5 12 8 21 18 14 25 24 13 17 16 21 21 7 8
22 20 7 18 23 25 25 12 5 12 11 7 14 25 13 10 23 5 20 20 12 5 24 11 8 10 24 18 6 12 22 21 22 20 23 10 9 19 10 7
58 58 58 58 58 58 58 58 58 58
