10
40
10 44 19 16 32 29 31 20 38 19 21 32 27 12 26 38 35 29 7 12 39 14 7 24 28 31 43 42 47 20 23 20 17 10 10 27 18 18 24 21
40 17 16 8 34 10 19 16 40 23 25 10 48 12 19 35 11 37 17 23 29 18 13 21 13 12 25 20 36 11 12 18 20 12 37 26 26 10 26 18
21 18 20 5 20 20 43 18 11 28 27 13 15 15 8 43 45 22 30 23 19 27 27 12 25 10 18 36 5 33 23 16 25 23 10 27 16 23 10 7
14 22 14 33 43 5 27 8 22 8 6 25 23 25 29 21 9 20 21 28 14 24 23 22 14 34 34 34 44 30 14 26 32 13 40 16 22 39 20 38
10 16 26 11 7 18 26 27 26 27 34 19 48 32 24 41 7 30 28 26 10 23 29 22 30 19 30 40 8 7 12 21 8 13 27 34 28 32 31 39
31 35 17 24 38 37 12 20 33 7 17 18 21 31 25 18 14 13 28 37 31 32 11 28 17 38 14 31 6 21 16 16 36 28 35 32 42 15 30 22
12 48 49 5 24 12 22 13 16 45 23 48 10 14 25 29 23 29 25 34 19 16 35 21 19 13 12 9 31 11 35 18 34 34 16 46 30 33 25 28
29 30 8 8 17 29 27 22 15 32 32 37 15 25 16 9 6 34 33 23 26 8 9 32 21 18 19 11 26 7 15 22 42 21 36 24 23 28 24 8
34 11 27 9 30 18 11 28 33 29 13 32 22 30 24 16 18 37 14 24 12 43 26 26 16 30 22 19 48 35 8 9 30 23 11 37 35 23 12 42
10 21 23 6 11 13 28 20 13 26 25 20 12 26 29 34 14 10 13 11 15 16 22 12 18 8 39 12 11 28 22 13 25 11 35 24 32 35 12 36
15 64 51 27 49 54 36 44 55 52 31 62 31 17 43 55 51 43 14 15 56 27 17 29 45 46 55 51 47 42 53 35 32 20 16 43 21 20 48 31
73 40 21 10 42 28 41 17 62 52 42 13 51 16 22 52 13 39 20 47 34 37 37 38 35 13 46 27 48 16 24 44 34 32 40 38 54 18 57 20
26 27 35 11 28 45 58 31 20 53 52 18 19 20 15 62 55 43 52 39 36 53 40 33 38 17 22 56 12 50 31 36 36 36 11 42 24 42 24 20
29 25 28 68 59 13 68 15 30 18 15 47 40 51 42 52 11 30 42 43 26 37 43 42 23 61 46 64 65 45 30 27 48 21 51 23 25 52 46 56
17 32 38 19 16 36 49 61 32 43 67 31 53 57 40 72 15 50 41 34 15 29 61 58 52 19 41 48 17 14 25 29 14 30 39 58 52 42 43 63
38 56 28 31 59 58 24 28 34 16 27 20 37 63 50 23 27 19 57 51 49 53 24 61 24 44 32 56 14 59 40 21 68 53 41 63 54 27 61 38
22 52 57 14 43 24 45 23 17 52 53 52 17 19 44 60 38 38 31 49 43 34 70 41 31 28 15 20 44 16 46 36 50 53 35 55 57 47 32 51
46 56 18 16 35 50 57 34 29 51 40 45 30 29 36 19 11 42 57 32 37 21 21 47 51 38 34 18 47 14 45 36 62 52 73 41 32 48 53 12
64 28 54 16 46 37 16 37 53 41 24 46 31 46 61 26 19 49 23 40 19 61 58 37 28 47 32 56 70 61 13 14 47 27 25 61 56 49 24 50
14 41 40 14 16 21 47 26 32 46 34 27 16 42 57 41 29 14 28 17 19 40 26 25 22 14 54 12 19 50 35 26 36 16 51 40 54 42 23 52
6 8 11 6 13 6 5 21 10 10 21 6 19 12 7 24 9 18 20 9 17 14 13 22 8 18 25 8 21 8 21 23 17 11 13 9 16 11 21 14
13 23 9 23 10 7 25 5 16 14 19 25 6 11 17 10 14 8 23 23 15 22 16 11 17 6 18 9 23 20 19 20 8 22 5 13 18 10 6 7
25 17 22 25 22 6 22 14 5 18 15 18 9 5 24 14 17 20 25 23 7 24 18 11 14 20 10 22 7 19 18 12 15 8 22 8 16 17 8 19
7 10 16 17 8 25 10 5 24 9 19 8 20 5 23 23 6 15 10 10 25 5 12 6 20 22 16 15 15 11 5 9 6 24 5 5 15 16 12 22
19 25 11 7 5 21 24 11 18 21 18 6 8 10 25 17 12 21 9 25 5 9 7 13 20 25 9 8 8 5 10 20 22 25 22 21 6 12 18 15
16 18 14 16 16 7 21 10 18 23 13 19 5 23 14 18 5 11 21 13 21 13 9 19 8 22 12 10 23 20 11 12 5 24 23 5 19 21 10 17
21 13 5 22 13 12 12 14 15 14 19 8 24 9 5 18 10 18 13 20 7 8 11 23 5 22 18 6 6 6 9 6 21 12 8 17 21 13 16 12
18 13 7 24 25 14 16 19 14 8 23 14 13 19 15 8 14 8 16 6 25 11 21 11 12 7 12 9 18 8 24 25 18 23 18 9 6 21 7 23
25 17 22 20 5 21 25 11 24 13 22 19 13 13 13 24 9 21 12 7 9 15 20 23 18 25 8 19 9 13 12 14 22 22 22 25 8 16 9 16
25 14 5 16 10 23 23 18 19 25 12 19 17 20 18 23 13 15 23 25 7 6 8 18 23 8 15 17 23 18 23 8 22 23 25 11 10 19 9 10
50 50 50 50 50 50 50 50 50 50
