10
80
15 39 17 25 23 40 34 49 15 44 30 29 46 18 31 11 42 35 31 31 39 10 15 11 35 32 38 25 26 29 13 20 14 31 47 10 46 18 19 14 34 12 33 23 23 43 22 26 11 40 12 40 47 31 16 16 14 48 31 20 42 44 42 26 33 17 36 26 16 24 44 21 44 26 26 48 31 30 44 47
46 12 36 30 36 33 44 25 22 27 11 31 18 37 27 16 17 10 33 20 33 46 47 46 36 29 42 43 12 31 10 29 21 33 27 26 42 12 45 37 30 39 13 44 48 17 40 12 11 20 27 10 37 17 15 29 43 30 22 16 49 31 32 10 50 29 39 10 27 40 44 50 10 37 20 18 9 33 13 33
18 23 20 26 38 16 27 24 43 21 19 39 14 41 10 30 22 45 21 18 40 38 13 21 35 41 23 32 22 22 39 17 38 39 25 18 36 21 15 20 46 14 37 33 21 20 42 11 38 44 12 36 36 43 10 39 17 17 17 10 27 36 28 34 14 47 29 20 31 28 39 37 24 45 36 38 15 18 15 43
16 11 20 25 12 22 25 28 16 35 26 34 48 15 26 30 11 24 27 24 40 28 26 31 16 19 17 28 11 36 13 16 40 28 34 12 30 47 19 42 10 26 31 30 12 14 16 34 38 11 30 29 9 21 21 23 43 11 26 44 10 17 23 12 9 38 12 40 18 17 10 49 40 19 33 14 48 21 18 32
21 17 21 31 32 33 45 10 23 41 15 19 20 43 33 13 31 17 34 28 35 13 30 19 33 28 11 32 25 19 35 32 40 10 43 39 26 41 15 23 41 42 20 45 29 21 18 27 39 30 15 22 35 17 36 14 19 14 23 17 18 37 10 18 50 49 13 20 37 39 15 26 35 44 12 19 25 41 37 45
44 18 21 28 18 32 42 12 22 33 27 28 43 21 36 37 23 17 39 12 49 35 25 18 39 46 17 36 25 12 41 33 38 13 19 15 42 48 32 32 20 10 38 44 42 10 46 10 21 25 28 30 45 36 40 42 44 16 30 41 39 32 36 24 19 35 30 34 49 28 45 19 19 47 31 48 20 29 42 21
11 43 34 48 37 13 25 19 49 38 23 17 30 12 42 39 43 44 43 18 46 10 19 39 30 35 11 23 48 9 45 35 34 28 31 36 40 16 36 36 20 44 12 26 31 11 9 30 19 28 32 20 44 47 9 47 36 40 15 36 40 19 24 25 40 31 44 16 42 29 20 30 12 39 31 18 27 38 16 29
24 33 46 26 30 16 16 27 37 37 28 36 29 29 18 40 24 44 45 45 9 24 24 14 28 43 12 22 10 27 38 23 27 46 33 12 39 16 45 19 47 20 43 18 21 35 15 20 31 21 47 28 35 26 17 32 26 27 10 34 22 30 32 15 22 40 37 43 15 46 34 12 39 45 24 13 25 17 42 16
42 36 35 27 21 46 31 36 33 50 15 44 30 36 27 37 28 44 37 26 36 17 28 13 16 35 31 21 11 13 33 12 12 35 15 31 13 9 27 38 36 17 34 19 32 12 40 13 35 47 13 27 46 9 21 18 16 11 10 32 44 47 44 25 23 28 35 34 18 47 12 20 37 24 36 30 24 36 19 28
11 33 10 39 31 16 41 29 30 16 44 22 42 40 25 46 19 42 42 24 27 41 13 12 13 27 23 45 18 45 38 43 36 37 34 17 29 9 29 22 39 35 35 24 9 25 21 16 18 17 36 30 27 18 27 41 35 44 26 33 37 36 28 32 35 12 36 34 17 25 38 37 18 48 39 10 48 13 12 10
18 43 17 27 23 45 39 54 15 47 37 29 52 20 35 13 48 36 37 36 41 10 16 11 41 36 41 25 31 36 14 24 16 37 51 12 49 20 21 15 41 14 34 26 23 45 26 28 12 47 14 43 51 32 16 17 15 53 35 22 45 50 46 28 37 20 37 29 17 24 51 25 49 28 31 50 34 34 50 54
50 12 38 32 43 33 50 28 23 31 12 31 18 38 31 18 17 12 36 23 35 47 50 53 45 31 45 48 15 35 10 32 25 37 29 26 43 15 47 41 33 45 15 48 52 20 45 14 12 22 28 12 40 19 18 33 46 31 25 18 51 36 35 11 50 31 43 13 29 45 49 50 12 40 22 19 11 37 15 33
20 28 23 28 43 18 30 28 44 23 19 43 16 44 11 34 26 48 24 21 42 46 15 22 38 41 23 36 24 26 42 19 39 41 28 20 42 22 16 25 50 16 46 36 25 22 49 13 43 49 14 45 42 46 10 42 20 19 20 10 31 38 29 38 16 51 29 21 33 34 46 44 28 54 43 46 17 20 16 48
19 13 25 26 15 24 27 34 18 38 26 38 52 18 29 34 12 29 27 26 42 31 29 35 17 21 19 29 11 38 15 17 41 28 38 14 31 51 20 48 10 29 35 34 14 16 17 34 41 12 31 29 11 23 25 25 50 12 30 49 13 19 23 15 11 43 13 42 22 20 12 53 45 19 40 15 48 24 19 39
24 20 25 36 33 40 49 10 28 48 16 20 22 48 36 15 36 18 40 31 41 15 32 22 37 29 12 33 27 22 40 32 48 10 45 47 29 50 15 27 50 46 22 50 32 24 21 33 44 34 17 25 41 20 37 16 22 15 26 17 20 40 10 20 51 53 14 23 38 44 15 30 40 47 14 22 28 45 44 48
48 21 21 31 18 35 44 13 24 34 31 29 48 22 43 42 24 18 42 13 55 40 29 22 40 52 20 43 28 14 48 36 40 16 20 17 43 51 34 34 22 10 42 46 46 11 51 12 23 27 32 32 47 38 45 45 50 18 34 46 44 34 44 27 20 39 32 36 50 34 53 21 21 51 36 52 20 32 46 24
12 48 36 52 42 15 26 19 54 47 24 20 33 13 49 43 48 52 50 19 51 12 21 47 33 38 12 27 50 11 50 39 37 31 34 39 42 18 36 44 21 47 12 27 31 14 10 36 20 32 37 23 50 51 11 50 44 46 17 39 48 19 27 28 49 31 50 18 49 35 22 35 12 43 35 18 34 41 17 33
26 35 51 29 35 17 16 32 42 41 31 43 29 29 23 44 25 50 49 51 10 24 25 15 32 43 14 23 10 28 45 25 31 51 35 13 48 16 46 22 53 22 48 23 23 38 18 21 34 24 53 29 37 26 20 36 28 29 11 34 23 32 34 15 23 43 45 49 16 51 39 14 40 53 29 16 28 18 48 17
44 38 39 33 23 55 34 40 38 55 17 51 34 37 28 39 32 50 41 27 43 18 29 13 17 41 33 21 13 15 40 13 14 39 17 37 15 10 28 40 36 18 37 20 38 14 43 14 40 48 16 29 52 10 25 18 16 11 12 39 49 51 49 28 26 31 40 38 19 51 12 25 44 25 42 32 24 40 20 29
12 36 11 43 34 19 42 34 34 17 51 22 42 47 27 49 20 47 49 25 31 45 14 14 13 31 24 53 20 52 42 47 43 40 39 18 31 11 32 25 42 40 35 25 11 28 25 19 23 20 41 34 34 19 29 45 41 49 27 34 40 39 32 36 37 14 37 38 17 27 40 42 20 50 44 10 49 14 12 12
20 9 15 12 14 14 15 18 19 19 5 24 9 11 12 8 18 24 20 15 23 11 15 25 13 10 18 7 22 6 11 22 19 23 5 5 15 14 7 14 6 15 18 18 7 7 5 12 21 7 7 16 5 14 9 25 8 23 8 17 19 16 11 9 6 12 9 20 24 19 7 7 18 5 25 17 7 23 18 15
11 24 6 17 24 18 6 16 6 21 18 9 8 9 13 24 25 7 17 16 25 24 7 13 24 20 21 6 8 19 7 5 19 15 20 20 21 23 21 8 5 10 13 9 7 14 19 20 12 7 6 14 21 14 25 9 14 22 5 12 6 9 18 11 13 19 20 6 18 19 14 7 24 11 5 5 11 10 14 18
5 24 23 17 10 5 23 16 11 5 24 24 15 20 20 20 15 22 23 20 11 10 11 23 13 12 15 5 9 5 14 18 14 20 15 9 8 6 10 12 17 17 7 7 23 24 9 24 5 22 12 25 14 9 6 7 22 15 5 20 9 23 16 21 8 9 21 15 5 17 5 19 7 13 15 16 14 9 9 13
21 9 17 5 15 21 19 10 15 13 8 18 15 14 8 7 10 17 23 21 9 5 8 20 16 21 11 20 11 15 8 22 12 25 15 10 20 20 13 7 14 8 23 12 5 24 21 24 21 20 9 14 24 16 10 19 12 21 5 11 10 9 22 23 8 20 7 6 10 15 23 11 16 17 10 17 16 5 13 12
16 5 17 24 7 19 24 20 21 22 17 5 7 13 11 13 14 18 22 24 25 25 24 19 15 25 23 7 18 7 9 21 9 13 5 19 18 20 10 10 25 7 6 17 10 20 24 9 9 14 14 13 16 19 21 7 20 8 14 17 22 5 20 16 9 12 25 11 5 13 19 18 21 9 25 23 7 10 14 7
12 14 5 5 16 17 25 13 19 17 9 5 9 10 22 5 21 25 7 14 21 6 21 11 25 12 5 20 20 20 22 9 16 15 23 14 9 12 13 18 12 11 16 9 24 20 19 21 6 24 14 20 7 18 18 20 5 12 14 8 6 15 13 13 10 25 18 13 22 8 7 22 20 21 9 10 20 6 21 12
23 12 11 25 6 15 14 15 11 15 15 8 24 12 22 22 21 24 13 19 9 20 18 5 17 9 10 6 12 13 24 11 25 5 12 24 15 20 25 11 24 20 5 21 22 19 5 18 9 22 12 8 10 13 19 14 13 9 6 23 10 12 8 13 22 11 16 15 7 23 5 21 24 14 24 8 8 15 10 6
14 21 8 19 14 25 13 10 18 6 12 21 19 10 24 11 22 5 7 17 13 7 23 19 6 21 19 16 7 11 7 11 10 16 21 10 9 23 9 22 13 17 7 6 21 24 24 23 5 19 18 10 17 7 7 22 23 10 23 7 19 10 14 20 9 9 12 23 21 8 20 14 20 8 17 25 14 19 10 24
13 10 6 15 24 8 17 8 22 25 15 11 19 24 15 21 17 19 15 19 8 11 6 16 14 19 15 23 12 15 9 14 20 12 16 15 9 6 14 16 6 21 21 14 21 18 19 23 18 11 6 21 9 14 15 17 8 18 20 9 7 22 15 12 16 6 17 13 9 10 10 5 19 22 13 25 13 6 24 16
10 24 10 13 15 11 19 7 10 7 16 14 5 22 7 20 11 7 6 14 16 19 21 18 15 25 9 14 22 17 11 11 11 6 14 23 16 5 18 21 6 20 16 7 11 6 10 20 9 20 7 25 15 22 6 16 8 19 13 13 5 8 11 24 13 21 16 14 17 15 17 8 17 18 15 23 22 20 18 15
110 110 110 110 110 110 110 110 110 110
