10
80
16 40 29 8 25 10 19 27 29 36 16 20 30 9 31 28 40 22 30 9 16 28 26 22 19 29 27 33 22 40 8 36 13 23 14 18 26 6 36 24 28 32 19 39 30 21 9 42 27 20 16 34 30 28 24 42 14 30 17 18 15 20 27 15 9 39 27 21 16 22 8 26 24 6 32 17 17 16 40 33
19 39 18 33 9 28 8 22 46 6 17 47 32 17 43 6 47 34 19 20 9 27 12 17 16 22 34 21 24 37 9 12 16 12 12 22 14 15 31 15 18 12 24 17 43 37 14 27 17 29 32 36 19 18 13 18 40 31 38 5 37 16 14 25 25 37 9 21 32 6 10 10 10 22 6 16 8 39 25 21
16 18 7 13 12 17 36 34 48 43 8 31 30 35 14 15 14 25 25 21 38 26 15 11 19 15 25 33 13 9 37 10 46 8 8 27 33 23 14 21 25 8 32 25 14 11 28 17 8 8 35 17 10 13 39 12 8 20 25 21 22 40 19 13 29 19 22 39 41 23 29 6 12 21 28 33 22 33 41 22
31 33 18 27 34 19 36 6 19 21 33 22 21 8 29 19 29 26 21 41 9 17 6 16 13 47 41 32 36 15 35 34 30 12 19 18 24 7 42 24 16 32 31 19 30 16 24 15 23 26 25 28 19 31 21 36 36 25 34 11 21 12 12 17 21 15 18 18 5 7 28 9 13 39 9 21 24 10 6 36
32 10 24 46 26 9 38 25 30 20 17 38 27 21 15 29 34 21 25 26 15 15 28 31 17 34 32 32 14 47 13 12 24 5 36 40 20 5 6 26 24 33 24 6 7 25 29 36 8 24 36 29 17 19 26 17 35 37 11 18 8 17 27 30 9 19 10 20 35 10 44 19 20 19 36 6 20 14 31 42
9 10 45 5 22 11 24 18 21 33 19 21 28 24 38 44 29 21 38 28 13 37 10 36 37 19 32 7 37 15 34 7 13 30 40 25 11 19 29 33 30 45 37 29 41 26 34 37 35 32 12 26 47 19 15 30 24 20 17 25 30 9 25 18 25 23 24 25 23 5 16 39 5 25 37 46 9 39 26 18
11 13 27 30 26 14 17 13 19 13 14 9 37 30 26 34 7 43 28 36 27 25 33 23 45 12 7 28 20 8 13 14 29 39 31 19 22 16 25 26 24 23 16 13 21 16 16 17 23 9 24 16 36 34 11 26 21 31 32 21 42 22 16 15 17 26 39 12 46 24 24 35 15 12 40 17 20 46 28 26
36 18 20 22 21 33 33 35 10 14 10 40 18 31 28 44 26 13 35 32 33 13 14 24 44 20 24 47 27 39 25 11 9 34 10 39 13 25 15 42 17 40 42 17 42 29 24 20 8 36 33 32 19 37 12 26 21 5 32 5 44 18 44 25 29 9 10 42 34 29 13 9 43 38 16 11 7 6 21 34
6 19 7 17 15 22 20 27 23 31 41 19 6 42 20 10 15 10 40 30 10 27 18 19 22 15 15 21 11 28 27 22 35 9 9 19 35 28 12 25 29 31 25 24 18 18 29 7 22 10 15 24 12 16 10 21 9 19 30 33 12 13 30 10 7 30 26 31 21 34 17 6 35 16 11 28 38 17 10 18
10 10 45 29 9 39 5 7 7 25 17 25 36 14 25 25 24 11 17 30 10 15 38 18 10 15 16 17 15 12 7 37 23 9 9 23 10 7 19 20 11 10 23 31 14 32 13 31 28 19 24 29 17 25 9 43 30 20 23 14 9 32 9 19 15 33 27 21 10 26 23 16 18 11 6 20 20 39 31 28
24 55 48 13 29 19 36 32 38 71 22 32 34 12 69 61 45 46 32 25 33 46 57 28 25 32 49 40 33 58 13 51 15 42 27 41 34 12 37 46 70 40 33 55 51 42 20 57 56 41 39 42 42 50 39 70 39 59 20 28 17 47 37 34 15 60 37 44 36 29 11 38 59 15 47 34 38 46 56 56
46 47 34 52 19 55 18 56 66 14 31 68 65 29 58 16 59 60 28 42 18 45 24 24 32 50 44 31 37 59 21 23 34 23 21 56 33 21 37 33 24 35 47 24 56 51 17 68 21 39 56 64 46 37 35 22 58 46 51 14 64 17 30 31 40 67 24 35 53 10 17 16 20 51 14 31 15 61 56 43
42 52 16 27 25 35 44 73 69 56 15 63 43 40 23 17 31 43 43 30 50 46 23 32 53 30 43 44 21 18 52 17 58 13 13 57 34 56 22 42 38 14 49 41 34 12 39 17 12 14 49 22 24 30 56 33 18 38 46 38 27 50 30 29 40 31 62 57 66 31 34 16 23 29 41 59 38 47 54 51
55 42 38 50 40 50 48 11 34 43 45 58 54 21 43 34 50 61 36 47 17 51 12 46 17 54 65 56 58 22 58 47 65 25 49 36 27 14 60 46 23 60 40 24 37 33 65 34 41 29 54 41 30 39 39 66 41 59 50 30 29 17 19 26 35 31 35 39 15 14 46 20 22 59 16 26 38 28 10 52
49 20 66 62 52 18 43 48 45 31 27 57 61 43 25 68 41 41 33 42 20 26 33 60 45 64 70 71 15 64 28 29 30 11 56 47 51 12 16 38 53 43 30 16 18 64 65 53 11 62 56 41 32 29 54 21 49 46 31 35 14 25 51 42 19 41 22 34 48 20 64 41 51 26 67 15 52 23 41 49
16 10 46 15 43 28 42 25 38 49 35 27 33 45 60 54 47 34 67 41 18 56 24 46 59 34 57 16 37 22 48 15 20 41 47 41 17 34 62 58 57 58 50 53 62 63 55 68 45 56 19 51 67 46 22 35 31 51 35 43 35 14 61 38 40 48 48 26 42 13 22 56 11 40 54 71 26 59 37 41
13 28 40 34 53 18 36 30 31 26 37 23 49 48 46 59 17 66 44 48 48 56 54 33 47 23 16 58 41 18 29 14 59 47 50 57 26 35 44 59 64 28 41 19 50 35 37 37 37 16 60 24 62 48 18 51 40 63 46 36 46 53 31 34 27 43 66 32 46 54 55 51 21 15 68 22 31 56 38 40
59 40 43 52 39 54 56 43 13 29 19 62 29 39 36 50 37 38 57 48 45 39 33 63 58 43 36 57 36 57 34 21 14 63 14 57 37 31 17 53 31 55 43 37 57 38 35 35 21 42 56 56 41 60 25 33 34 11 51 15 53 34 57 26 43 17 20 52 62 34 26 16 45 46 20 18 14 15 27 53
12 32 17 43 28 33 30 69 47 57 53 21 15 48 45 14 39 14 66 45 24 31 45 32 34 27 15 37 19 60 58 29 44 22 15 39 54 51 28 41 41 38 32 41 33 52 54 10 34 20 39 54 25 30 16 23 11 36 43 49 24 22 58 15 15 62 46 42 26 45 38 12 46 36 19 51 57 23 19 28
21 14 67 31 22 66 14 16 17 41 30 34 40 36 38 55 38 24 39 38 17 30 64 45 16 32 23 41 41 14 11 44 38 22 13 53 18 21 34 48 31 13 43 37 25 66 19 42 64 28 35 49 27 49 18 67 46 37 49 21 21 70 17 51 20 51 54 37 16 44 36 25 39 14 11 37 36 51 43 63
6 8 11 6 13 6 5 21 10 10 21 6 19 12 7 24 9 18 20 9 17 14 13 22 8 18 25 8 21 8 21 23 17 11 13 9 16 11 21 14 13 23 9 23 10 7 25 5 16 14 19 25 6 11 17 10 14 8 23 23 15 22 16 11 17 6 18 9 23 20 19 20 8 22 5 13 18 10 6 7
25 17 22 25 22 6 22 14 5 18 15 18 9 5 24 14 17 20 25 23 7 24 18 11 14 20 10 22 7 19 18 12 15 8 22 8 16 17 8 19 7 10 16 17 8 25 10 5 24 9 19 8 20 5 23 23 6 15 10 10 25 5 12 6 20 22 16 15 15 11 5 9 6 24 5 5 15 16 12 22
19 25 11 7 5 21 24 11 18 21 18 6 8 10 25 17 12 21 9 25 5 9 7 13 20 25 9 8 8 5 10 20 22 25 22 21 6 12 18 15 16 18 14 16 16 7 21 10 18 23 13 19 5 23 14 18 5 11 21 13 21 13 9 19 8 22 12 10 23 20 11 12 5 24 23 5 19 21 10 17
21 13 5 22 13 12 12 14 15 14 19 8 24 9 5 18 10 18 13 20 7 8 11 23 5 22 18 6 6 6 9 6 21 12 8 17 21 13 16 12 18 13 7 24 25 14 16 19 14 8 23 14 13 19 15 8 14 8 16 6 25 11 21 11 12 7 12 9 18 8 24 25 18 23 18 9 6 21 7 23
25 17 22 20 5 21 25 11 24 13 22 19 13 13 13 24 9 21 12 7 9 15 20 23 18 25 8 19 9 13 12 14 22 22 22 25 8 16 9 16 25 14 5 16 10 23 23 18 19 25 12 19 17 20 18 23 13 15 23 25 7 6 8 18 23 8 15 17 23 18 23 8 22 23 25 11 10 19 9 10
6 23 19 12 19 22 16 20 19 20 11 22 14 6 21 21 19 17 6 7 24 9 7 13 16 20 23 21 24 14 22 16 12 7 7 19 9 9 16 11 25 15 8 5 17 11 20 8 21 18 21 5 24 6 9 18 7 19 8 21 15 12 13 15 13 6 19 10 18 5 11 15 17 11 19 13 21 8 22 9
13 12 14 5 11 17 24 13 8 25 18 9 8 7 5 25 24 17 21 19 13 21 16 11 18 7 10 24 5 20 11 15 16 12 5 20 11 16 8 7 10 12 12 25 22 5 23 6 12 6 6 21 15 20 15 20 5 15 17 17 9 16 18 16 9 23 23 25 24 16 10 13 20 7 20 8 11 23 19 22
6 14 16 9 5 17 16 24 16 16 22 13 25 19 16 24 6 19 18 15 7 14 23 23 21 10 16 20 7 7 12 13 6 12 14 24 19 18 16 25 19 25 12 15 21 23 9 12 17 6 10 9 15 25 24 9 11 8 21 25 18 20 9 25 11 22 14 20 6 20 16 8 24 25 20 25 24 13 25 17
7 24 25 5 17 8 17 9 8 23 20 25 6 9 20 23 16 16 14 19 16 12 25 21 12 14 7 8 16 5 18 13 21 20 13 25 19 21 16 18 22 25 8 5 13 19 23 14 10 21 19 21 13 13 15 7 5 18 19 11 14 8 8 18 17 14 14 6 23 6 15 13 22 19 25 15 15 21 21 5
24 10 19 6 16 15 7 18 20 17 8 21 15 19 25 11 9 19 10 15 7 22 21 14 10 17 14 19 24 21 5 7 17 13 12 21 23 20 10 22 6 20 14 5 7 9 19 11 11 16 13 12 7 16 21 21 10 7 9 8 9 14 12 8 11 5 21 6 6 20 15 9 15 8 21 14 19 19 11 20
91 91 91 91 91 91 91 91 91 91
