10
80
14 33 28 9 25 12 23 27 27 41 13 22 26 9 40 38 34 31 24 16 23 32 35 25 21 25 35 30 26 32 10 34 11 26 19 33 25 9 32 35 37 33 24 41 36 33 18 39 32 25 26 34 24 36 26 40 22 35 16 19 17 41 36 20 10 34 26 33 20 19 9 26 40 8 41 17 20 30 44 38
24 35 26 34 16 39 13 37 41 8 19 40 33 19 44 12 38 41 24 36 11 40 18 20 24 36 34 28 29 34 15 22 28 14 13 40 22 15 28 23 17 18 29 20 42 33 14 41 18 26 38 40 23 35 21 16 31 36 38 11 43 16 19 26 25 49 14 22 39 10 14 12 13 28 10 21 7 34 39 24
30 30 11 16 15 25 35 41 38 43 11 38 41 35 15 14 25 28 34 22 42 30 18 18 37 25 30 42 14 14 33 14 44 11 11 41 31 33 14 33 33 10 28 30 22 9 29 15 8 11 37 20 13 25 35 23 14 27 27 30 26 41 22 17 39 23 32 42 36 19 29 9 17 18 28 42 25 33 44 30
34 26 29 34 30 34 40 10 23 34 35 30 29 15 37 27 33 46 28 43 12 32 10 31 17 44 40 43 45 15 30 37 39 13 32 23 23 14 39 25 19 35 28 21 29 20 48 22 27 24 37 30 21 38 26 39 32 40 37 20 15 11 12 22 34 25 26 27 10 11 31 12 13 40 11 21 32 19 7 40
34 12 48 42 45 13 33 32 26 25 14 37 47 29 18 47 34 26 30 24 19 25 32 42 33 35 49 44 12 37 20 17 30 10 43 38 31 11 11 33 27 30 21 13 14 42 39 33 9 39 36 40 20 27 28 15 34 31 22 25 13 17 30 37 14 21 14 20 35 16 45 32 25 18 45 9 30 14 27 39
9 10 38 8 34 17 31 21 21 36 27 23 25 26 44 46 37 24 45 34 10 35 18 31 35 24 36 10 33 12 34 8 16 29 37 30 9 22 33 33 29 36 41 27 38 44 28 45 44 37 12 32 36 29 22 28 23 35 24 28 25 13 43 28 29 41 31 19 25 9 17 37 10 36 37 49 15 33 28 34
11 18 26 25 37 16 24 16 21 25 22 17 35 39 27 40 12 43 26 43 30 35 33 22 36 16 9 32 25 12 21 12 37 31 35 29 19 26 27 44 38 22 28 12 28 18 24 25 33 10 49 13 40 31 9 35 30 40 29 22 42 32 27 23 15 25 39 20 40 30 38 40 11 13 44 14 20 46 27 22
34 30 41 30 20 39 30 36 11 20 10 37 21 33 25 41 23 27 37 35 26 20 24 37 44 26 21 36 27 45 31 14 9 33 9 32 26 28 13 35 17 39 35 27 39 34 23 35 13 41 30 35 27 42 19 24 17 8 27 11 42 21 34 22 30 10 16 36 37 29 22 13 35 40 15 14 11 11 22 44
12 26 11 27 24 29 23 45 24 44 35 19 12 36 38 11 20 10 39 37 15 23 31 18 23 16 15 25 9 38 41 21 35 16 12 29 34 47 18 28 30 28 25 26 18 27 36 10 25 10 19 33 15 19 13 20 10 29 32 37 20 16 44 8 11 36 30 33 19 30 23 11 37 27 13 34 35 15 12 18
19 9 45 26 14 46 10 12 11 29 18 19 35 26 26 29 28 16 26 31 12 23 45 26 11 24 15 28 26 11 10 34 20 18 10 39 12 15 22 30 21 13 29 32 17 40 14 34 37 23 18 40 14 34 10 37 28 22 38 16 13 44 14 39 12 33 41 26 10 43 24 22 29 13 9 26 22 43 37 42
19 40 43 10 28 15 28 30 40 50 19 27 33 14 49 49 52 46 36 20 32 43 45 27 26 36 41 46 26 50 16 41 16 33 21 45 34 12 41 39 53 37 31 45 61 38 21 49 49 30 27 35 35 44 34 61 29 45 18 26 21 50 45 31 16 45 32 46 30 31 11 34 41 12 42 25 33 34 55 42
40 55 33 36 19 50 17 47 53 11 28 50 45 25 50 13 48 43 29 42 14 47 23 24 25 43 45 29 38 44 19 27 31 16 18 40 26 15 36 37 23 27 45 28 52 45 18 55 20 40 45 53 37 45 31 24 49 47 47 12 54 17 25 35 29 59 21 30 50 10 17 15 17 37 12 27 12 53 52 36
31 36 13 19 19 34 45 54 49 51 15 43 45 40 18 17 31 46 38 28 54 35 22 24 45 27 37 42 18 20 46 14 61 11 15 49 38 46 18 44 42 15 42 46 27 11 37 21 11 12 47 24 21 26 45 23 16 36 33 40 29 43 27 25 42 27 44 53 48 24 34 13 22 30 32 45 28 40 50 41
42 36 36 42 46 44 49 12 30 37 56 42 45 16 51 34 40 58 39 50 20 42 13 37 18 50 55 53 54 18 46 46 56 17 40 28 29 16 56 41 22 53 37 24 41 28 49 34 28 33 48 34 24 47 34 44 44 53 52 24 24 18 19 31 40 33 27 32 12 12 47 18 20 49 14 23 41 21 11 52
35 15 56 52 58 16 42 38 34 29 23 51 48 36 23 51 49 35 38 36 20 28 36 52 40 47 60 62 16 51 25 23 30 12 50 48 37 11 12 41 45 40 24 16 16 46 53 45 13 57 50 45 26 35 40 20 42 47 24 40 14 24 37 44 19 32 20 32 39 16 49 43 36 23 56 12 44 20 38 60
14 11 54 12 42 21 45 30 34 42 30 27 34 40 58 56 50 32 57 42 17 42 21 45 43 27 48 16 39 19 44 13 17 33 52 40 16 32 44 44 41 48 50 44 62 57 42 58 55 45 18 38 55 42 27 33 31 39 31 44 40 14 47 34 33 51 37 32 32 10 20 62 11 47 44 59 20 43 31 42
15 21 30 32 50 21 35 23 32 29 25 19 46 44 42 43 14 48 33 46 37 40 37 28 50 19 15 42 34 16 23 16 48 47 43 47 25 27 35 50 50 26 37 19 47 25 29 41 41 16 59 19 48 43 15 45 38 58 42 32 46 39 33 30 23 35 52 24 48 41 46 49 15 16 59 19 22 54 29 33
53 35 48 45 31 47 41 46 14 21 15 47 30 36 30 51 28 31 42 54 41 26 28 45 53 31 33 49 27 56 39 14 15 44 11 41 28 36 17 53 26 40 47 31 57 42 25 43 16 43 43 50 34 56 22 35 25 13 42 11 50 30 56 30 39 15 19 50 50 34 26 17 45 46 19 17 14 11 26 51
15 31 15 32 33 35 31 57 34 47 52 26 13 54 42 11 26 13 52 47 22 33 34 28 24 21 18 35 13 48 54 23 45 23 18 38 51 58 23 42 36 39 27 32 28 42 52 10 26 16 29 43 19 29 15 22 12 31 39 40 24 21 48 13 17 58 43 48 27 43 34 11 49 38 16 40 54 22 17 25
23 11 52 36 20 46 11 16 15 33 24 31 48 34 30 47 36 25 36 40 20 29 61 40 18 31 17 33 35 16 13 52 30 18 13 55 18 15 24 41 26 16 44 36 19 59 19 43 54 30 24 51 21 35 14 58 41 33 49 23 16 61 15 41 16 43 51 35 17 43 41 25 38 16 12 34 30 59 49 60
6 8 11 6 13 6 5 21 10 10 21 6 19 12 7 24 9 18 20 9 17 14 13 22 8 18 25 8 21 8 21 23 17 11 13 9 16 11 21 14 13 23 9 23 10 7 25 5 16 14 19 25 6 11 17 10 14 8 23 23 15 22 16 11 17 6 18 9 23 20 19 20 8 22 5 13 18 10 6 7
25 17 22 25 22 6 22 14 5 18 15 18 9 5 24 14 17 20 25 23 7 24 18 11 14 20 10 22 7 19 18 12 15 8 22 8 16 17 8 19 7 10 16 17 8 25 10 5 24 9 19 8 20 5 23 23 6 15 10 10 25 5 12 6 20 22 16 15 15 11 5 9 6 24 5 5 15 16 12 22
19 25 11 7 5 21 24 11 18 21 18 6 8 10 25 17 12 21 9 25 5 9 7 13 20 25 9 8 8 5 10 20 22 25 22 21 6 12 18 15 16 18 14 16 16 7 21 10 18 23 13 19 5 23 14 18 5 11 21 13 21 13 9 19 8 22 12 10 23 20 11 12 5 24 23 5 19 21 10 17
21 13 5 22 13 12 12 14 15 14 19 8 24 9 5 18 10 18 13 20 7 8 11 23 5 22 18 6 6 6 9 6 21 12 8 17 21 13 16 12 18 13 7 24 25 14 16 19 14 8 23 14 13 19 15 8 14 8 16 6 25 11 21 11 12 7 12 9 18 8 24 25 18 23 18 9 6 21 7 23
25 17 22 20 5 21 25 11 24 13 22 19 13 13 13 24 9 21 12 7 9 15 20 23 18 25 8 19 9 13 12 14 22 22 22 25 8 16 9 16 25 14 5 16 10 23 23 18 19 25 12 19 17 20 18 23 13 15 23 25 7 6 8 18 23 8 15 17 23 18 23 8 22 23 25 11 10 19 9 10
6 23 19 12 19 22 16 20 19 20 11 22 14 6 21 21 19 17 6 7 24 9 7 13 16 20 23 21 24 14 22 16 12 7 7 19 9 9 16 11 25 15 8 5 17 11 20 8 21 18 21 5 24 6 9 18 7 19 8 21 15 12 13 15 13 6 19 10 18 5 11 15 17 11 19 13 21 8 22 9
13 12 14 5 11 17 24 13 8 25 18 9 8 7 5 25 24 17 21 19 13 21 16 11 18 7 10 24 5 20 11 15 16 12 5 20 11 16 8 7 10 12 12 25 22 5 23 6 12 6 6 21 15 20 15 20 5 15 17 17 9 16 18 16 9 23 23 25 24 16 10 13 20 7 20 8 11 23 19 22
6 14 16 9 5 17 16 24 16 16 22 13 25 19 16 24 6 19 18 15 7 14 23 23 21 10 16 20 7 7 12 13 6 12 14 24 19 18 16 25 19 25 12 15 21 23 9 12 17 6 10 9 15 25 24 9 11 8 21 25 18 20 9 25 11 22 14 20 6 20 16 8 24 25 20 25 24 13 25 17
7 24 25 5 17 8 17 9 8 23 20 25 6 9 20 23 16 16 14 19 16 12 25 21 12 14 7 8 16 5 18 13 21 20 13 25 19 21 16 18 22 25 8 5 13 19 23 14 10 21 19 21 13 13 15 7 5 18 19 11 14 8 8 18 17 14 14 6 23 6 15 13 22 19 25 15 15 21 21 5
24 10 19 6 16 15 7 18 20 17 8 21 15 19 25 11 9 19 10 15 7 22 21 14 10 17 14 19 24 21 5 7 17 13 12 21 23 20 10 22 6 20 14 5 7 9 19 11 11 16 13 12 7 16 21 21 10 7 9 8 9 14 12 8 11 5 21 6 6 20 15 9 15 8 21 14 19 19 11 20
91 91 91 91 91 91 91 91 91 91
