10
40
12 42 33 22 38 41 31 39 37 36 19 39 27 12 39 39 34 30 10 13 44 18 13 24 30 40 42 38 47 26 42 30 23 13 13 36 16 19 29 20
47 31 15 9 31 19 37 14 42 33 41 10 45 12 17 35 11 37 16 38 29 24 24 27 23 13 35 20 37 11 19 30 34 23 35 23 41 16 44 18
25 23 25 10 19 29 43 25 14 45 31 18 15 13 9 46 47 33 39 36 22 43 28 21 35 15 19 45 10 38 23 27 33 25 10 37 20 32 14 13
18 22 24 45 39 10 43 12 24 10 12 41 30 37 27 36 9 27 34 32 16 32 32 28 17 42 42 49 43 31 19 26 36 15 39 15 21 40 34 41
11 27 28 18 9 34 32 44 30 28 45 23 46 35 29 46 11 34 33 29 13 25 44 45 38 17 29 36 12 13 24 24 10 21 27 46 36 35 33 45
38 44 23 27 37 43 18 25 31 13 20 16 27 47 44 18 23 14 36 48 33 39 17 48 22 39 26 39 11 37 33 14 43 46 40 46 44 23 46 33
13 44 47 11 33 16 32 18 14 43 41 45 11 16 39 42 28 29 28 37 28 24 49 36 21 27 13 15 29 10 32 25 42 37 25 47 36 40 28 32
40 46 17 10 23 35 41 27 18 36 34 40 22 24 28 15 9 36 37 21 28 16 15 34 31 25 28 11 44 10 29 23 38 36 47 26 27 43 38 9
42 19 38 13 31 27 13 36 39 34 14 38 28 38 45 18 18 33 20 29 14 39 41 27 19 32 28 36 43 37 10 12 33 24 21 39 44 35 20 40
12 38 28 10 13 16 33 19 20 29 25 25 14 31 41 40 18 12 18 16 16 24 24 15 19 9 40 10 11 38 28 18 29 14 42 27 35 38 18 40
13 49 37 24 38 47 32 42 39 41 24 46 30 13 41 45 39 35 11 13 50 18 15 25 32 40 49 45 49 29 45 34 26 15 14 40 18 20 34 23
51 34 18 11 37 23 41 16 44 37 43 10 52 14 20 38 13 41 17 42 33 27 29 29 28 14 41 21 40 12 22 32 37 24 41 27 46 17 47 20
25 24 30 11 22 36 48 27 16 54 36 18 17 16 11 55 51 35 46 39 26 44 34 22 35 16 22 49 11 41 25 31 34 27 11 40 21 34 16 15
22 23 25 55 48 10 50 12 26 12 14 44 31 44 30 41 10 32 36 37 18 32 35 35 20 51 48 52 51 31 23 28 41 15 45 17 22 48 38 47
13 30 35 19 11 37 34 51 33 32 46 27 52 39 32 52 13 40 36 31 15 29 49 48 44 20 35 42 15 14 27 26 13 25 29 51 39 39 35 53
39 49 24 31 44 46 18 26 36 13 21 18 32 50 47 18 23 16 41 53 35 40 18 52 22 45 29 43 12 40 35 17 47 51 42 51 51 28 55 37
16 49 52 12 37 17 36 19 16 45 43 52 12 19 41 49 32 32 30 41 33 25 53 43 25 27 14 18 32 11 36 26 44 41 27 52 41 44 34 35
46 55 18 12 27 39 48 28 22 45 41 41 27 28 30 15 11 38 38 25 29 17 17 38 36 29 30 13 48 12 31 28 46 40 51 31 30 43 42 11
47 20 41 14 32 32 15 37 40 37 17 44 31 41 53 22 19 37 23 31 15 48 43 30 22 37 29 40 48 44 11 15 34 26 25 45 48 42 21 48
14 40 28 10 15 17 39 22 23 34 28 26 14 34 45 44 22 15 20 16 19 29 26 17 22 12 44 13 14 43 31 19 34 17 45 28 40 40 22 42
6 8 11 6 13 6 5 21 10 10 21 6 19 12 7 24 9 18 20 9 17 14 13 22 8 18 25 8 21 8 21 23 17 11 13 9 16 11 21 14
13 23 9 23 10 7 25 5 16 14 19 25 6 11 17 10 14 8 23 23 15 22 16 11 17 6 18 9 23 20 19 20 8 22 5 13 18 10 6 7
25 17 22 25 22 6 22 14 5 18 15 18 9 5 24 14 17 20 25 23 7 24 18 11 14 20 10 22 7 19 18 12 15 8 22 8 16 17 8 19
7 10 16 17 8 25 10 5 24 9 19 8 20 5 23 23 6 15 10 10 25 5 12 6 20 22 16 15 15 11 5 9 6 24 5 5 15 16 12 22
19 25 11 7 5 21 24 11 18 21 18 6 8 10 25 17 12 21 9 25 5 9 7 13 20 25 9 8 8 5 10 20 22 25 22 21 6 12 18 15
16 18 14 16 16 7 21 10 18 23 13 19 5 23 14 18 5 11 21 13 21 13 9 19 8 22 12 10 23 20 11 12 5 24 23 5 19 21 10 17
21 13 5 22 13 12 12 14 15 14 19 8 24 9 5 18 10 18 13 20 7 8 11 23 5 22 18 6 6 6 9 6 21 12 8 17 21 13 16 12
18 13 7 24 25 14 16 19 14 8 23 14 13 19 15 8 14 8 16 6 25 11 21 11 12 7 12 9 18 8 24 25 18 23 18 9 6 21 7 23
25 17 22 20 5 21 25 11 24 13 22 19 13 13 13 24 9 21 12 7 9 15 20 23 18 25 8 19 9 13 12 14 22 22 22 25 8 16 9 16
25 14 5 16 10 23 23 18 19 25 12 19 17 20 18 23 13 15 23 25 7 6 8 18 23 8 15 17 23 18 23 8 22 23 25 11 10 19 9 10
50 50 50 50 50 50 50 50 50 50
