10
80
41 21 23 34 31 27 30 37 21 35 39 14 16 19 49 8 13 21 35 31 31 27 21 23 36 10 16 23 19 37 15 40 38 29 14 28 11 26 24 10 42 33 19 37 19 26 25 10 17 24 42 8 34 31 23 19 46 27 12 12 44 14 9 29 10 14 48 12 9 20 28 49 38 7 8 18 35 41 21 28
50 25 26 14 36 40 49 26 29 38 27 29 43 37 16 9 34 31 9 27 42 24 37 12 14 44 7 45 12 25 38 31 13 20 50 37 10 12 24 15 29 21 18 49 16 36 9 35 9 20 34 33 35 41 33 48 27 30 34 11 16 22 39 25 34 24 29 34 26 22 18 13 11 37 34 37 35 34 24 16
15 10 29 35 16 8 47 20 12 11 38 38 26 40 15 13 14 9 18 22 34 8 21 40 12 23 32 35 37 23 31 16 43 43 24 17 12 13 12 33 41 33 30 12 31 12 14 34 18 24 39 24 27 32 25 20 23 19 15 33 32 20 36 27 26 42 36 16 11 28 33 36 23 27 13 26 37 20 12 20
26 20 21 15 10 29 11 42 14 40 13 37 27 12 37 35 16 23 25 24 19 30 9 38 20 15 10 38 39 10 13 36 41 30 38 49 29 19 9 38 10 42 38 23 16 13 29 9 33 26 34 20 31 17 18 18 26 34 21 33 26 32 20 19 24 30 11 44 20 45 18 35 19 24 16 43 31 21 27 10
10 41 13 38 32 29 24 13 25 11 28 26 29 19 22 10 22 14 26 43 11 34 20 10 15 21 39 45 45 17 16 49 35 22 18 15 20 32 44 31 31 22 13 28 23 36 33 44 29 23 39 27 18 23 32 21 20 22 36 29 31 37 43 37 9 11 34 26 36 39 35 26 44 21 33 22 15 34 10 16
10 10 11 30 32 17 9 39 32 13 21 31 12 9 28 29 20 38 38 19 14 11 44 17 36 24 45 34 20 32 22 36 25 35 14 39 12 33 13 34 45 36 34 34 10 41 10 24 23 32 41 38 30 22 34 33 33 38 13 10 20 21 26 25 42 15 21 32 9 29 19 24 18 16 26 21 26 42 12 35
14 12 43 31 10 12 23 26 43 41 13 15 40 38 39 32 43 35 49 19 17 24 30 39 41 33 37 24 30 26 14 47 25 38 33 9 23 38 26 32 30 27 11 34 40 22 17 21 18 9 31 25 23 12 43 46 44 10 34 37 20 37 30 12 24 31 43 29 22 36 22 35 38 35 23 28 17 25 33 23
13 20 31 31 11 22 14 16 38 31 26 41 36 10 12 33 28 12 38 12 16 11 14 11 41 27 10 36 24 33 20 40 39 23 16 32 31 10 44 10 39 37 18 11 35 15 10 28 35 26 48 16 23 11 27 11 36 30 9 14 41 23 22 40 13 37 10 37 11 11 27 16 38 25 46 16 9 8 8 32
10 25 20 35 26 18 33 27 25 28 37 29 44 21 18 21 15 24 13 27 24 24 16 10 18 23 24 17 31 23 28 20 9 17 36 14 47 42 23 13 19 19 46 23 44 11 15 16 14 36 34 8 30 17 42 31 11 44 25 27 32 17 42 33 18 38 8 31 15 19 30 19 16 41 34 27 8 25 19 16
37 11 19 28 7 22 33 45 20 19 21 36 43 34 26 22 12 14 30 9 23 29 39 37 12 38 9 25 34 40 10 17 17 47 12 36 12 21 35 30 31 24 17 37 36 21 8 32 33 31 31 21 25 45 10 33 16 15 10 13 40 34 34 30 35 35 13 19 9 15 19 33 32 39 22 20 44 13 29 19
46 26 30 43 37 33 36 49 28 49 51 23 19 30 54 12 17 31 36 41 44 30 30 32 53 12 24 30 29 47 19 46 41 41 14 38 14 32 31 10 53 37 27 57 27 35 31 15 21 35 55 12 42 36 24 26 50 31 17 19 51 17 10 36 12 18 54 14 11 30 36 52 44 11 12 20 44 45 25 39
57 30 33 20 44 45 60 41 38 41 41 40 46 53 16 13 49 41 10 33 47 35 57 14 14 51 12 57 14 30 50 43 15 26 55 49 16 19 34 21 40 31 28 54 26 44 12 40 12 29 42 51 46 52 46 58 37 42 42 16 17 24 58 32 52 29 35 41 31 36 26 20 11 42 35 56 47 43 35 19
18 13 34 46 22 11 49 24 13 13 60 47 34 52 22 16 21 13 22 30 43 10 21 49 18 25 36 50 58 36 34 20 55 51 38 25 19 16 15 37 43 46 40 16 47 13 16 35 22 31 53 26 32 42 28 23 32 31 16 41 50 27 44 35 31 49 60 20 16 29 42 52 25 41 16 32 45 31 14 29
35 25 34 21 10 39 16 50 14 46 18 49 38 14 39 49 19 28 32 32 26 47 12 43 29 19 15 44 48 13 15 44 51 43 57 55 42 23 12 47 14 49 50 26 22 16 29 12 51 40 46 30 44 20 20 19 30 55 29 46 35 37 26 19 31 32 12 44 28 53 24 43 21 40 19 51 39 23 32 13
16 51 19 54 35 38 30 16 34 16 43 36 34 22 27 15 26 20 38 51 13 44 23 16 15 27 42 51 51 23 20 54 47 29 25 19 26 42 47 34 43 25 15 38 27 51 49 54 39 37 47 32 26 29 40 24 25 25 54 43 45 60 51 43 11 12 49 42 46 55 39 31 50 27 51 33 19 41 12 22
17 10 13 42 36 18 14 59 53 16 28 41 14 14 38 35 21 48 47 31 17 16 55 21 39 31 60 40 22 41 28 56 31 43 18 48 14 49 18 52 53 46 52 40 14 49 14 30 24 46 51 58 36 24 55 49 38 54 16 15 21 27 36 25 56 24 24 38 11 37 22 40 28 22 33 28 29 45 17 45
22 17 56 38 12 15 29 31 48 51 14 15 52 51 42 33 47 50 54 25 19 38 38 54 51 45 48 31 45 36 16 52 27 51 47 10 30 44 31 40 39 41 13 45 45 27 21 24 24 13 41 30 32 16 56 47 49 14 51 42 26 45 37 18 30 31 45 42 32 55 32 46 51 50 29 40 24 35 52 27
16 21 42 40 13 30 15 23 57 48 34 47 41 11 13 51 30 21 53 20 24 17 16 11 49 32 16 44 24 50 28 58 57 26 23 41 34 13 54 13 50 40 26 14 39 20 14 38 40 33 52 23 28 14 33 17 49 47 13 18 57 33 24 46 21 49 15 51 15 17 31 24 42 33 54 22 13 12 10 51
13 38 30 43 42 28 37 43 34 40 45 44 59 30 26 24 25 25 14 32 30 33 19 13 23 30 36 22 40 32 41 24 14 21 40 20 58 48 29 16 26 22 55 28 49 16 18 27 18 49 41 11 36 21 50 38 11 55 29 32 44 20 62 35 27 42 11 42 16 25 49 21 24 51 34 38 12 30 23 20
54 17 26 32 10 32 44 54 27 28 25 48 54 41 34 29 18 16 34 15 37 39 46 50 13 44 16 31 43 62 16 19 24 51 17 60 16 28 46 36 38 37 21 43 49 35 12 50 46 43 44 33 30 47 12 43 24 20 13 17 46 55 36 44 47 44 19 30 13 18 23 51 40 49 31 26 49 17 34 30
22 12 14 12 23 10 13 7 11 20 10 18 25 16 9 23 14 18 24 6 7 18 19 5 9 18 12 14 18 16 11 9 25 19 20 18 22 18 15 23 15 16 17 13 5 16 18 6 22 14 20 16 14 22 8 17 18 9 21 25 6 8 6 17 20 11 12 14 14 18 16 25 19 15 12 9 18 13 5 15
5 12 17 7 10 15 10 23 11 16 17 25 23 24 21 7 21 20 16 24 20 7 22 13 7 10 22 12 14 11 23 20 10 20 13 25 12 20 9 11 23 9 20 22 19 11 7 21 21 7 23 11 14 13 20 7 21 7 18 13 24 7 5 9 14 14 11 10 13 9 19 13 20 8 15 6 21 13 25 18
6 9 7 21 5 15 8 8 16 25 18 22 11 6 16 16 15 5 22 12 21 9 18 22 8 6 14 9 12 22 19 21 23 8 14 19 24 24 8 20 5 8 6 9 19 7 24 13 24 15 19 16 22 14 13 9 9 8 13 22 12 21 22 12 8 23 10 12 11 21 8 25 19 19 15 8 24 20 25 15
8 14 6 10 18 13 15 10 20 7 17 19 18 25 12 19 21 20 13 11 7 18 25 7 23 5 19 14 19 25 19 16 15 6 12 24 6 23 23 21 14 10 15 14 19 21 14 6 13 18 23 25 8 21 17 17 18 11 23 20 16 13 14 13 23 5 10 7 22 14 19 17 22 14 25 23 25 5 20 21
14 8 8 25 7 23 13 19 22 8 15 24 20 9 5 25 9 19 24 13 14 7 16 19 9 8 7 24 20 8 25 12 8 12 23 22 13 13 6 22 10 22 12 24 14 6 12 10 9 24 17 14 10 15 8 25 18 12 11 14 5 9 12 9 18 21 6 11 8 7 17 17 13 6 16 17 17 11 21 9
11 6 5 24 13 22 22 15 8 17 13 14 18 20 12 24 21 20 6 8 16 16 11 16 17 9 13 5 25 20 24 24 21 7 8 19 22 20 23 12 14 5 13 24 9 22 21 7 10 24 16 8 12 19 21 10 25 8 20 10 6 22 21 18 20 19 11 16 12 17 8 20 6 10 19 6 11 9 19 14
17 20 13 9 11 7 5 15 16 13 16 15 11 15 16 14 7 21 6 13 15 10 20 22 13 17 24 5 8 8 17 19 6 25 25 10 23 25 8 24 6 24 8 22 24 10 22 18 19 7 13 9 19 8 5 25 18 22 9 25 23 14 7 17 24 7 20 10 13 25 23 14 8 12 9 17 22 10 15 18
24 24 15 5 7 9 19 15 21 12 20 10 12 14 12 6 5 8 18 10 24 13 24 24 8 21 21 7 24 8 20 20 9 5 24 24 22 6 22 21 18 6 9 10 11 7 17 6 8 20 24 14 13 6 16 10 12 5 5 21 21 7 6 14 20 19 16 6 18 21 19 11 21 14 15 11 11 25 17 16
24 23 6 25 17 13 10 16 20 10 17 5 23 25 12 11 13 24 15 19 9 6 5 18 20 17 24 25 20 6 11 16 18 13 23 7 5 10 21 20 8 12 12 12 15 6 18 23 7 8 11 5 25 6 19 13 18 7 5 21 18 5 25 8 17 15 15 8 5 10 11 5 10 20 17 13 17 11 14 21
13 14 21 14 9 19 5 8 18 9 19 11 6 5 9 18 20 25 13 14 23 14 10 18 15 11 22 20 8 8 15 20 20 12 25 12 5 10 17 21 17 17 5 10 21 23 25 8 24 10 13 14 15 15 11 21 8 19 23 6 22 18 23 16 11 7 12 9 10 19 11 24 7 17 18 11 14 21 13 6
106 106 106 106 106 106 106 106 106 106
