10
80
38 34 14 26 13 24 27 10 45 33 12 33 18 34 49 14 30 45 18 9 36 33 45 11 29 36 33 37 20 11 11 24 14 22 29 47 17 18 45 41 24 13 13 30 19 13 32 21 25 21 15 31 44 27 21 41 27 37 33 10 37 36 40 28 21 23 35 39 38 27 34 16 25 23 19 15 33 26 26 28
32 14 30 13 48 26 17 16 20 25 38 22 43 22 25 11 24 45 45 16 47 40 47 17 30 32 41 40 26 32 15 21 30 30 22 42 9 26 35 32 18 39 39 27 12 15 21 20 27 47 29 33 9 18 18 15 24 42 21 21 31 49 24 33 38 16 28 26 20 38 33 48 13 41 47 41 47 48 32 27
22 42 25 26 11 24 19 15 13 32 30 19 32 36 22 13 29 13 27 12 33 26 30 46 35 38 40 24 9 11 20 41 28 27 33 17 39 28 50 33 42 47 37 27 16 16 19 29 36 16 14 25 37 37 9 24 17 27 18 41 37 18 15 36 32 21 32 27 36 18 43 9 30 34 17 36 28 42 41 46
22 31 23 14 12 48 25 21 17 19 17 10 23 11 45 33 43 27 41 37 29 12 30 31 39 41 45 46 41 16 15 14 13 16 33 35 13 28 30 33 40 20 17 44 50 28 40 12 21 38 33 45 18 43 9 45 18 16 38 12 10 35 27 19 23 24 28 47 45 37 31 23 40 10 49 27 21 10 14 27
38 14 9 35 48 45 32 39 14 17 24 16 45 44 32 23 25 18 12 36 26 17 45 35 11 36 35 37 16 41 47 35 11 28 41 37 30 27 43 25 38 38 20 17 44 31 15 31 26 20 33 31 30 18 30 32 11 43 29 38 46 35 14 15 33 11 12 45 40 9 46 40 45 14 35 26 27 27 34 15
21 30 35 40 34 41 21 28 18 37 20 39 41 38 16 34 42 38 44 21 10 36 40 35 27 33 38 46 43 17 36 20 39 35 17 11 18 23 40 32 36 18 11 12 10 41 44 14 39 12 42 48 33 15 13 35 12 34 22 16 10 40 46 21 20 11 27 32 29 38 32 17 30 35 46 40 27 20 18 21
30 11 47 39 37 39 39 45 10 23 17 18 41 12 37 37 24 22 9 24 27 30 39 38 31 10 41 27 40 13 29 13 37 14 19 44 17 18 43 15 31 32 37 33 41 11 34 45 14 45 33 30 10 47 31 46 22 41 25 25 37 42 29 37 42 31 24 30 43 12 10 28 37 29 34 44 26 33 19 27
29 41 35 24 36 32 43 43 18 45 9 12 19 27 12 44 26 11 18 11 15 16 44 12 25 48 31 23 9 12 48 41 22 20 24 15 11 38 23 33 35 15 19 13 45 34 32 10 38 40 38 31 27 11 39 42 16 22 46 33 30 23 12 41 15 30 36 18 24 11 28 27 33 33 10 13 30 32 32 12
33 31 28 31 12 43 45 14 28 37 18 31 45 9 22 46 26 12 34 47 31 11 38 19 43 14 28 33 42 47 9 27 10 44 18 30 40 13 19 13 39 27 18 30 45 43 44 16 26 17 39 42 39 31 17 43 14 44 10 29 25 15 14 25 26 32 9 40 35 14 32 17 46 42 18 34 49 38 14 18
14 27 36 22 27 14 45 14 10 39 33 29 41 13 30 18 29 16 20 12 13 36 31 36 44 20 27 26 23 38 34 12 23 24 31 13 22 41 22 43 36 18 20 30 17 14 44 26 23 42 34 46 32 9 37 10 29 16 9 43 20 28 28 32 47 35 39 44 38 17 29 11 27 25 29 24 33 21 27 28
40 38 17 29 16 26 31 10 53 36 12 36 19 39 52 16 34 52 22 10 44 33 49 13 33 44 37 40 23 11 12 25 15 25 31 50 20 19 48 43 28 16 14 33 21 15 34 21 30 24 16 36 48 28 25 48 29 44 34 11 38 39 45 30 22 23 41 40 41 33 36 17 27 23 22 16 36 29 28 31
36 17 33 13 50 29 17 17 25 26 40 26 50 23 26 12 27 51 50 17 49 49 51 20 36 34 49 47 29 34 17 25 35 33 25 46 12 30 40 39 23 45 41 30 15 16 23 23 29 51 35 36 11 21 21 16 27 44 24 22 33 52 29 39 42 17 33 28 21 43 35 51 15 50 49 48 50 51 32 28
23 45 29 30 12 27 19 17 16 33 35 22 36 38 24 14 33 16 30 13 34 28 34 52 38 42 47 28 10 11 23 46 35 29 39 19 41 31 53 37 46 53 40 30 17 19 19 33 40 17 14 28 41 42 11 28 18 29 19 49 45 22 17 41 37 24 34 30 41 21 48 10 33 36 19 40 31 43 47 50
25 33 25 14 14 52 28 23 20 24 18 12 28 13 50 38 48 33 47 44 30 14 32 36 46 42 48 53 47 18 17 16 13 17 36 41 15 34 33 38 42 23 18 52 51 30 42 13 21 40 36 51 18 46 12 51 18 17 43 15 11 36 33 21 23 25 30 53 50 38 34 25 46 13 51 31 26 12 17 31
44 16 11 35 50 50 35 39 17 18 26 16 48 53 32 27 28 19 12 39 30 17 52 38 12 38 37 41 17 46 48 38 13 30 48 37 37 33 50 29 41 41 23 19 46 34 18 36 27 20 33 36 31 22 33 35 12 46 31 45 49 39 15 15 38 11 13 49 45 11 51 47 48 17 38 29 30 31 39 15
22 34 38 46 38 48 26 31 22 42 25 44 43 39 19 37 46 42 48 24 12 37 43 36 31 34 42 51 46 19 38 21 42 41 18 13 20 25 44 32 42 20 12 13 12 44 46 14 47 14 47 50 40 17 13 41 13 35 23 17 13 46 48 25 25 12 30 35 33 43 35 19 35 41 55 45 29 20 19 23
34 13 50 41 42 39 43 49 10 25 18 22 46 13 42 39 26 26 11 25 31 35 42 43 37 11 43 30 48 14 32 15 38 17 23 48 20 20 49 17 33 36 41 40 45 12 36 48 16 48 37 35 11 52 35 47 23 41 28 27 40 44 30 38 49 35 27 35 47 12 10 33 40 31 37 45 29 35 22 28
30 41 36 26 44 38 46 48 23 49 12 15 23 29 12 48 30 11 18 12 15 17 51 12 26 48 36 24 10 15 50 47 24 22 26 17 14 39 25 34 38 18 23 15 48 37 33 10 42 42 41 36 33 13 41 47 16 25 49 40 32 27 12 45 15 31 37 19 25 13 33 27 34 39 11 14 33 34 34 14
36 35 31 35 13 46 53 15 34 41 18 34 50 11 26 49 27 14 37 49 36 11 46 22 45 14 28 37 43 49 11 30 11 46 20 31 49 16 20 16 43 32 20 35 50 49 50 17 27 18 44 45 43 36 18 47 16 48 11 32 29 17 16 25 30 33 12 48 40 17 36 18 47 47 19 38 55 44 14 20
14 31 44 24 31 16 49 15 11 44 35 30 44 15 33 19 30 17 21 14 15 40 33 38 51 22 34 27 26 44 39 14 28 26 36 15 27 44 26 44 44 22 21 33 19 15 45 28 26 48 40 53 36 10 41 11 35 18 12 52 24 32 35 39 50 38 41 48 38 18 31 13 31 27 31 26 33 22 31 29
9 9 14 24 11 16 8 19 20 14 14 11 14 24 5 12 11 15 13 10 17 9 13 20 24 13 8 18 8 24 5 10 16 14 23 7 24 9 12 18 20 25 22 23 24 14 17 22 19 20 10 15 13 6 24 5 15 7 7 12 17 18 20 11 20 12 10 8 23 9 17 9 5 24 14 23 7 24 25 15
9 9 11 13 12 25 16 16 19 20 23 10 18 14 20 20 17 7 22 22 9 5 7 23 23 18 19 12 22 9 19 13 9 5 14 22 13 17 22 14 8 13 14 14 5 14 22 7 22 14 10 23 22 18 18 12 15 5 11 12 17 21 21 21 20 18 6 17 12 10 14 21 16 21 9 25 8 13 7 7
25 21 16 9 11 19 6 10 22 16 11 6 21 15 15 20 19 9 19 17 19 22 17 23 8 6 23 5 12 14 5 14 12 23 24 20 10 10 17 14 19 9 5 19 18 25 12 17 23 12 11 21 23 20 16 24 10 8 15 23 19 14 9 5 7 10 25 14 23 7 22 18 18 18 8 14 7 10 11 19
22 12 7 9 8 24 7 12 21 12 10 20 7 22 21 18 8 24 16 14 12 14 18 21 6 25 18 19 5 5 15 13 22 24 19 24 14 5 11 17 16 17 24 6 11 14 7 9 11 13 24 22 17 8 7 21 9 24 21 21 5 16 14 9 7 15 23 8 18 6 13 5 8 13 12 9 23 23 22 20
7 23 16 22 11 18 23 19 6 20 8 9 16 15 5 18 18 25 22 6 13 21 7 10 7 22 21 18 6 7 23 11 25 6 11 17 7 21 18 15 16 11 20 15 23 12 11 10 9 21 5 24 8 13 12 22 18 15 22 25 7 23 17 5 5 9 11 16 10 8 17 13 9 25 17 8 5 24 20 19
14 5 11 7 9 19 14 15 20 17 12 21 25 10 16 5 12 6 5 25 5 22 6 17 17 20 13 23 24 19 6 19 20 10 21 6 17 5 24 24 12 21 15 20 14 6 19 17 21 7 9 12 13 14 23 11 25 7 24 12 9 20 14 5 11 20 22 8 9 12 20 23 7 15 22 17 6 18 9 25
24 10 24 9 7 9 7 23 13 9 12 12 13 18 8 15 10 6 9 25 21 7 5 10 16 16 7 6 11 21 19 18 9 25 17 6 21 24 6 19 21 19 8 19 23 16 25 5 12 17 24 7 22 13 13 25 24 11 15 7 13 25 25 24 24 13 24 15 24 22 13 8 22 19 7 10 19 8 22 16
11 8 14 10 19 22 18 24 14 23 13 17 12 10 8 12 8 8 23 11 19 23 9 21 7 6 11 5 22 22 7 8 18 10 12 5 16 16 24 10 25 21 18 15 25 7 22 15 21 13 23 8 8 16 20 9 25 7 8 25 6 11 14 22 17 20 18 10 10 10 20 5 10 6 8 23 5 20 19 24
15 24 14 23 9 22 17 25 15 20 13 9 23 6 21 21 11 10 18 22 19 12 21 12 24 15 14 23 23 21 23 11 21 6 18 12 16 11 20 22 19 13 5 23 20 7 11 10 19 23 24 17 12 18 8 16 10 11 7 17 23 15 21 15 5 19 18 16 16 6 12 15 12 8 12 7 21 23 18 14
14 9 14 15 19 15 11 21 15 11 9 12 7 20 8 8 11 9 6 12 18 24 6 22 6 17 7 10 5 16 20 19 7 17 14 19 23 25 24 16 17 22 5 12 14 23 6 10 18 19 23 25 22 6 20 19 8 22 10 18 11 20 18 14 7 19 13 7 25 18 5 7 14 21 8 5 19 21 21 18
102 102 102 102 102 102 102 102 102 102
