10
40
30 35 16 27 20 25 31 33 19 36 10 36 23 36 26 38 34 48 14 43 13 41 27 31 19 39 9 35 13 20 35 18 18 18 30 16 13 27 7 47
26 20 31 42 30 29 27 30 22 18 21 15 11 13 41 12 19 26 31 12 15 49 9 15 10 31 21 17 36 22 23 36 31 49 19 30 18 23 24 30
20 28 42 21 23 24 38 40 19 29 14 19 15 39 25 9 21 32 19 15 16 22 35 21 21 24 12 40 21 14 38 11 17 41 33 18 28 17 38 15
17 34 26 12 42 35 41 34 14 14 16 23 23 34 23 14 39 23 27 18 27 33 30 23 33 17 29 11 13 32 19 40 27 30 24 21 35 16 37 39
44 16 33 19 16 23 16 39 20 15 19 32 7 32 27 10 28 20 28 23 33 44 16 40 36 15 41 30 21 30 9 36 13 44 37 29 10 33 25 31
40 28 37 11 14 35 16 11 28 15 23 46 29 45 18 26 10 25 29 38 24 39 20 44 38 15 41 8 14 28 36 31 40 32 9 14 36 20 15 19
44 15 8 22 19 27 36 31 26 23 19 19 11 37 12 28 10 25 21 13 39 23 26 24 28 30 18 36 14 38 22 14 32 34 13 33 31 28 39 46
43 28 39 32 12 32 16 44 26 43 31 32 47 34 10 19 43 31 14 28 23 25 17 16 15 36 37 11 37 39 10 33 9 15 22 13 13 32 13 41
37 25 46 39 13 31 22 25 10 35 25 12 27 8 12 19 26 15 31 40 14 43 24 31 11 22 30 39 23 36 25 41 34 38 34 12 20 29 16 19
32 11 22 36 23 30 21 9 27 14 12 12 18 41 11 27 34 34 23 8 18 20 38 35 48 24 38 36 29 20 18 44 40 15 25 26 22 9 32 15
41 46 21 30 30 32 50 48 23 44 16 49 31 51 40 45 39 55 17 61 20 52 29 46 29 46 15 42 18 23 40 22 31 22 37 19 15 36 12 61
29 26 45 49 40 42 32 34 34 29 25 19 11 19 51 12 27 34 42 15 20 50 13 18 15 44 24 23 45 28 28 54 50 57 25 42 24 32 29 40
30 32 55 31 34 32 46 48 21 43 21 25 19 45 29 15 25 33 27 22 20 33 42 27 25 35 13 54 33 15 57 15 23 49 41 20 35 21 47 24
21 38 30 17 51 39 53 41 22 19 25 30 37 40 32 17 43 24 28 26 35 45 36 35 48 25 45 13 16 48 23 50 35 35 34 23 50 22 52 53
55 21 44 24 23 30 23 53 32 20 22 53 10 38 44 12 31 26 33 27 36 53 20 41 52 16 57 39 24 50 15 45 21 59 48 43 14 45 28 47
41 40 42 13 16 42 20 14 32 20 31 62 36 55 26 39 13 34 39 49 30 52 28 56 44 24 47 11 20 28 46 36 45 34 15 17 48 20 25 24
54 21 10 33 27 39 52 46 35 31 23 25 18 53 20 39 13 34 29 18 44 37 37 26 38 38 21 53 17 53 29 18 40 54 22 37 44 42 48 55
55 29 43 42 18 38 16 51 28 44 42 48 54 50 14 25 44 48 19 33 31 33 22 24 22 46 44 14 43 52 13 38 15 21 32 21 19 39 19 57
54 33 46 53 20 35 23 34 12 50 28 13 34 11 19 25 36 19 36 60 15 55 27 36 13 25 36 48 32 40 42 48 35 50 36 21 25 35 21 27
42 15 28 39 38 42 23 11 36 19 12 14 19 57 17 34 39 46 32 12 21 30 56 46 50 31 52 46 42 30 21 51 46 20 29 34 34 13 42 17
15 13 16 8 20 11 10 21 24 6 5 23 13 13 23 17 5 10 24 20 7 22 16 18 10 8 24 14 20 12 15 24 14 23 17 16 20 6 16 23
11 9 24 12 15 23 8 13 23 7 18 18 23 15 19 22 11 24 8 14 9 15 21 18 21 11 17 5 15 16 5 21 24 6 8 9 16 9 25 21
7 16 20 25 22 16 11 25 16 21 14 5 10 16 11 18 20 21 9 10 12 8 13 25 14 22 16 13 19 6 12 22 14 11 15 12 11 16 11 25
6 21 10 9 22 14 10 12 14 23 14 23 17 20 18 24 12 10 7 23 22 22 17 15 12 24 18 16 14 19 21 23 23 13 12 23 23 23 6 12
20 23 18 18 10 20 7 9 6 20 11 19 21 10 12 23 7 12 8 10 9 19 10 22 18 22 20 8 5 22 17 10 12 14 13 12 9 9 13 15
19 8 22 22 6 22 17 7 22 6 11 12 13 24 14 25 25 19 21 6 19 6 24 20 21 25 20 25 8 20 13 13 9 25 20 15 6 14 15 13
14 10 21 21 16 7 14 15 10 11 9 23 9 23 14 16 12 12 24 11 15 13 13 21 13 8 12 22 5 19 19 5 18 16 13 14 6 22 19 21
17 13 6 20 19 5 24 14 9 25 14 14 18 25 24 12 22 13 12 8 23 19 6 12 5 8 14 14 9 25 22 6 6 13 16 5 5 22 12 13
11 24 11 14 18 19 22 7 24 21 18 22 15 5 21 20 24 23 15 22 24 7 25 22 15 9 13 5 25 12 7 10 13 19 18 13 14 13 12 23
23 5 17 8 15 25 12 19 14 7 13 20 7 12 13 16 13 11 15 8 25 5 23 25 6 14 25 14 20 15 25 21 20 13 21 17 11 10 18 18
56 56 56 56 56 56 56 56 56 56
