10
40
10 7 23 14 42 13 10 37 32 25 26 13 11 6 15 17 12 7 23 25 23 41 9 28 30 27 27 30 11 19 18 29 20 13 35 39 29 28 28 26
40 19 29 10 28 18 27 13 16 14 24 21 13 13 38 17 16 16 15 9 32 27 20 26 15 28 26 25 28 22 25 23 40 46 18 9 17 14 26 21
37 13 29 34 14 14 21 26 24 27 31 36 19 27 29 22 6 9 37 22 28 6 30 26 5 25 28 31 30 25 8 39 12 18 25 11 20 22 15 16
23 34 16 19 20 10 39 21 23 14 18 15 11 28 10 31 9 14 23 38 26 13 18 27 8 25 7 10 17 33 17 12 33 27 13 16 41 9 22 33
23 7 24 28 37 37 21 8 23 21 9 32 34 12 16 43 20 11 30 13 21 33 40 22 16 19 29 11 15 21 10 9 35 25 17 47 18 29 38 35
9 36 21 35 16 18 29 42 21 14 35 9 9 13 8 13 33 18 22 20 11 33 32 16 12 31 24 24 9 32 11 49 19 16 30 9 15 39 15 15
24 11 7 32 19 31 40 11 39 41 24 24 30 21 24 12 12 10 26 36 28 23 41 30 20 21 39 49 28 11 11 40 23 19 11 22 29 7 22 21
11 27 10 24 23 23 19 33 35 24 22 38 42 23 17 50 42 40 25 9 11 22 16 11 15 43 28 26 13 30 18 19 10 31 21 11 9 12 17 7
18 21 26 45 25 27 34 7 15 26 11 9 21 13 15 39 15 36 17 19 30 10 15 21 10 12 23 40 30 13 16 34 36 42 29 8 30 23 18 26
26 42 30 44 20 48 40 10 19 46 31 34 28 18 7 25 17 34 14 12 25 8 28 11 23 16 45 29 40 9 34 19 8 9 12 13 26 23 14 48
22 13 35 35 71 15 29 62 49 49 39 25 19 17 29 25 12 16 30 43 27 71 23 38 39 44 67 56 15 43 30 36 47 32 62 52 36 61 45 59
56 33 52 11 50 29 64 34 24 22 69 39 18 27 73 23 31 37 34 14 39 47 28 36 30 35 51 58 43 43 50 32 54 54 44 11 21 30 48 42
60 30 49 57 22 22 34 43 31 52 54 38 37 29 56 45 14 16 41 54 66 10 40 52 14 59 57 45 64 64 13 46 18 20 40 18 41 44 32 22
51 46 25 47 29 13 44 22 36 27 40 16 28 39 18 49 16 31 46 51 38 15 30 36 19 40 11 19 25 54 42 27 50 63 31 28 72 10 32 36
32 18 48 63 52 48 33 25 66 35 15 38 56 20 34 65 42 31 37 20 41 37 60 45 29 46 70 28 24 48 11 18 51 33 27 71 46 38 51 50
21 45 44 43 27 26 48 45 57 21 48 22 20 29 18 15 48 32 51 46 30 60 40 38 14 49 38 65 21 57 14 73 31 21 42 11 45 53 17 31
31 29 14 38 26 60 66 16 45 52 62 28 43 53 32 15 30 20 46 52 50 37 67 32 36 34 48 71 39 30 24 68 38 40 14 44 42 13 35 41
14 38 16 38 33 27 54 45 65 66 50 65 66 59 42 72 56 54 60 20 21 63 33 31 23 66 66 42 19 47 31 38 16 36 27 25 18 23 22 15
32 27 32 59 31 49 69 16 41 62 11 20 28 33 31 69 42 39 31 24 50 31 28 37 28 17 36 65 56 21 20 50 46 65 52 14 36 29 46 42
46 65 58 65 44 64 62 13 47 65 61 57 56 24 11 44 40 49 28 32 52 17 48 13 38 24 71 51 51 25 52 48 15 11 25 22 40 53 21 68
16 8 18 15 13 18 20 13 15 5 20 23 16 22 25 15 20 18 18 17 11 24 6 18 15 18 16 6 13 22 25 19 15 5 10 8 21 10 8 25
24 14 12 21 7 19 6 6 9 5 20 21 14 20 21 24 16 11 16 16 25 20 21 15 8 13 8 11 10 19 17 9 8 18 17 6 18 8 18 25
17 6 24 15 22 25 18 10 17 19 10 13 19 12 19 16 6 14 21 6 17 11 14 8 9 23 5 9 17 6 16 22 21 19 12 25 7 11 11 8
6 23 5 7 25 21 20 24 18 23 6 19 11 5 16 22 5 5 17 21 7 20 24 7 18 12 16 15 21 24 21 9 8 14 12 10 25 16 8 20
5 23 5 15 22 12 6 12 7 14 16 11 13 7 8 17 20 6 11 11 6 18 11 8 5 18 8 13 17 24 17 8 11 12 9 23 11 13 12 25
5 8 12 13 9 17 7 23 15 15 19 25 5 22 14 18 14 7 16 10 19 18 23 14 11 18 11 10 19 22 10 23 5 18 23 21 12 9 20 22
9 20 9 22 18 14 8 14 8 10 7 16 22 5 12 22 17 19 14 7 21 23 20 14 9 5 11 10 10 18 15 9 22 17 15 14 16 24 18 15
18 24 18 6 14 24 14 21 18 5 6 5 10 9 9 6 14 24 6 18 10 5 6 24 10 11 18 13 11 11 13 18 9 15 10 18 20 21 7 18
20 20 20 18 15 9 11 7 15 17 25 21 15 5 14 25 8 20 5 13 9 10 10 23 25 5 12 8 21 18 14 25 24 13 17 16 21 21 7 8
22 20 7 18 23 25 25 12 5 12 11 7 14 25 13 10 23 5 20 20 12 5 24 11 8 10 24 18 6 12 22 21 22 20 23 10 9 19 10 7
58 58 58 58 58 58 58 58 58 58
