10
80
18 40 36 9 26 13 24 27 31 48 16 21 29 12 44 45 42 35 29 17 27 39 43 23 20 27 38 35 25 43 13 39 13 28 20 37 27 9 36 31 43 33 30 42 48 32 16 41 36 29 23 35 28 40 30 46 26 41 17 21 17 40 34 23 14 40 28 36 23 25 10 28 38 10 39 20 24 31 47 36
29 44 28 35 16 44 12 40 41 11 21 46 44 21 44 10 46 39 21 34 12 45 19 18 22 35 42 26 33 40 16 19 26 14 14 37 23 14 31 30 20 22 35 22 45 36 14 46 17 30 36 48 29 35 23 21 37 37 39 10 47 14 24 28 27 46 15 27 36 9 13 11 13 36 9 23 9 44 42 28
29 36 10 17 15 30 40 46 49 39 15 43 41 33 16 13 26 33 33 26 46 32 17 23 37 22 28 40 15 18 40 13 44 9 12 46 33 39 15 38 34 11 35 38 21 9 32 17 11 12 40 18 18 23 35 22 13 27 28 31 24 37 21 18 38 23 43 44 41 21 26 12 19 25 29 41 27 31 45 38
38 31 29 35 38 32 42 11 26 35 43 38 35 16 39 28 34 46 29 41 14 33 11 32 15 45 46 48 44 16 37 38 43 15 31 27 22 14 42 33 19 40 30 21 31 23 47 27 27 26 47 30 22 34 30 39 35 39 45 19 19 15 15 23 34 27 25 25 10 10 42 14 15 40 11 22 33 17 9 38
33 14 48 45 50 14 39 33 27 23 19 45 47 31 20 49 37 26 32 30 17 23 29 47 34 40 47 49 14 45 22 22 29 10 41 42 35 10 11 30 36 34 23 13 13 43 42 37 10 47 46 37 21 26 36 17 34 35 19 30 11 19 33 39 17 28 17 24 35 14 47 32 32 21 45 9 39 16 29 47
12 10 45 10 35 21 34 24 27 40 24 21 29 33 49 49 37 27 45 31 12 38 18 34 39 24 42 11 35 15 39 10 15 29 40 29 12 24 39 42 36 44 42 34 48 46 35 48 44 37 13 32 47 34 22 29 23 34 29 36 29 13 40 30 27 41 32 23 28 9 18 50 10 36 36 46 16 41 29 33
10 17 25 29 39 17 25 19 26 22 23 15 40 38 34 38 11 44 31 42 31 37 35 27 45 16 13 35 25 15 19 14 37 39 37 34 22 25 30 50 38 26 27 17 35 25 23 33 32 12 49 16 43 36 11 38 31 50 32 28 41 37 27 27 17 30 48 22 43 41 34 36 13 14 46 18 19 44 27 26
38 30 40 32 26 40 35 35 11 18 14 43 27 31 27 41 23 26 36 46 33 26 24 40 44 26 24 44 24 44 30 13 10 40 10 41 26 29 15 46 18 39 42 28 49 30 24 31 15 40 36 43 29 41 20 27 21 9 32 9 41 26 41 22 31 11 18 47 37 31 25 14 43 38 17 13 10 10 19 47
11 29 11 31 27 30 25 48 33 42 38 18 11 45 40 9 25 12 47 37 17 30 28 21 23 16 15 29 12 38 41 20 36 18 15 35 42 49 18 36 27 32 22 29 23 34 41 9 26 14 23 36 18 24 12 20 10 28 36 33 21 18 40 9 14 43 32 40 26 35 25 11 45 28 13 31 40 19 16 18
19 9 44 27 16 44 9 11 10 29 18 22 36 25 25 34 31 18 32 33 16 22 45 31 13 24 16 29 28 13 11 41 23 18 9 40 14 14 23 36 23 12 38 31 18 49 16 39 42 27 21 42 16 31 12 47 34 25 42 21 14 44 14 37 16 33 46 34 13 40 32 20 33 11 11 28 23 47 38 46
18 42 41 11 29 14 25 29 34 51 17 25 32 13 52 49 43 42 34 19 31 47 46 27 24 29 42 37 27 43 14 39 16 34 20 37 30 11 39 36 51 38 30 46 51 35 19 46 41 30 28 36 32 41 32 51 31 44 18 22 17 41 39 26 15 43 34 43 27 28 11 29 45 11 41 23 28 34 49 40
35 48 30 36 18 45 14 43 47 11 26 48 46 21 51 13 50 47 25 41 14 47 20 21 25 41 43 30 35 48 18 24 29 17 15 44 26 15 35 31 23 24 39 25 54 38 17 49 20 37 39 53 34 40 25 24 44 44 45 11 48 17 25 31 27 51 18 31 41 10 15 12 15 37 11 24 10 48 47 32
30 37 13 19 17 32 42 52 52 45 15 46 44 40 16 16 26 38 39 29 51 35 18 24 41 26 31 45 16 18 48 14 51 12 13 52 35 41 17 44 36 14 39 41 25 11 32 17 11 12 48 21 18 25 39 24 16 32 32 36 27 44 22 20 42 26 44 48 49 24 31 13 19 27 33 44 30 35 49 39
44 34 32 40 41 37 43 12 27 39 49 40 38 17 42 33 36 52 34 45 17 36 12 33 17 54 55 50 50 16 41 40 47 18 35 29 25 14 47 36 19 49 35 23 36 27 50 31 28 28 49 35 23 41 31 44 38 48 50 22 23 15 16 26 36 29 28 28 12 12 43 15 18 47 13 23 39 19 11 45
37 16 51 47 51 16 40 36 32 28 20 47 49 32 25 50 41 30 33 35 19 26 33 47 35 48 51 53 15 48 23 24 31 10 46 50 38 11 12 36 40 40 26 14 14 46 48 42 12 50 49 40 24 29 36 19 40 40 22 34 14 20 35 43 19 29 18 27 37 16 51 38 36 23 46 12 44 16 36 49
12 11 46 11 38 22 40 26 29 42 27 24 29 36 53 54 41 31 49 37 15 44 23 38 43 26 45 14 39 18 44 12 17 31 45 34 14 28 44 43 39 51 47 37 50 55 39 49 46 41 16 35 47 36 23 33 25 36 29 40 34 14 45 32 30 45 37 28 35 10 19 50 12 42 39 52 18 44 30 38
13 19 30 35 45 17 30 21 29 25 25 17 44 41 37 47 12 45 31 46 36 40 37 29 51 18 13 41 28 16 24 15 45 45 40 41 24 27 35 52 45 26 32 17 38 25 27 36 35 13 52 17 46 41 12 43 34 50 37 31 47 41 27 30 19 35 50 24 50 45 39 45 15 15 53 18 22 49 28 30
47 33 44 37 26 44 39 42 12 20 15 46 30 37 31 49 26 28 41 50 36 28 24 47 47 30 28 50 28 49 36 15 13 46 11 45 28 29 18 48 21 41 43 29 51 34 25 38 16 42 38 43 31 49 21 29 23 12 39 11 45 27 50 25 36 14 18 52 42 31 25 16 49 41 18 14 12 12 23 53
13 32 13 33 27 32 28 49 33 48 45 23 13 49 44 11 28 14 50 42 20 33 32 23 24 19 15 35 14 44 48 24 39 20 15 38 48 51 22 38 31 36 25 33 26 38 43 10 26 14 26 37 19 28 15 22 12 30 38 37 23 20 48 11 14 51 36 42 26 35 30 12 47 33 16 35 49 22 16 22
19 11 49 31 16 49 10 13 13 34 22 26 40 29 28 41 35 20 36 36 16 26 53 34 16 26 18 32 33 13 11 46 28 19 12 47 15 16 23 41 25 13 40 35 19 52 17 41 46 28 25 46 18 35 14 48 39 30 49 21 14 51 16 42 16 38 50 34 14 47 33 24 33 13 12 33 26 51 43 48
6 8 11 6 13 6 5 21 10 10 21 6 19 12 7 24 9 18 20 9 17 14 13 22 8 18 25 8 21 8 21 23 17 11 13 9 16 11 21 14 13 23 9 23 10 7 25 5 16 14 19 25 6 11 17 10 14 8 23 23 15 22 16 11 17 6 18 9 23 20 19 20 8 22 5 13 18 10 6 7
25 17 22 25 22 6 22 14 5 18 15 18 9 5 24 14 17 20 25 23 7 24 18 11 14 20 10 22 7 19 18 12 15 8 22 8 16 17 8 19 7 10 16 17 8 25 10 5 24 9 19 8 20 5 23 23 6 15 10 10 25 5 12 6 20 22 16 15 15 11 5 9 6 24 5 5 15 16 12 22
19 25 11 7 5 21 24 11 18 21 18 6 8 10 25 17 12 21 9 25 5 9 7 13 20 25 9 8 8 5 10 20 22 25 22 21 6 12 18 15 16 18 14 16 16 7 21 10 18 23 13 19 5 23 14 18 5 11 21 13 21 13 9 19 8 22 12 10 23 20 11 12 5 24 23 5 19 21 10 17
21 13 5 22 13 12 12 14 15 14 19 8 24 9 5 18 10 18 13 20 7 8 11 23 5 22 18 6 6 6 9 6 21 12 8 17 21 13 16 12 18 13 7 24 25 14 16 19 14 8 23 14 13 19 15 8 14 8 16 6 25 11 21 11 12 7 12 9 18 8 24 25 18 23 18 9 6 21 7 23
25 17 22 20 5 21 25 11 24 13 22 19 13 13 13 24 9 21 12 7 9 15 20 23 18 25 8 19 9 13 12 14 22 22 22 25 8 16 9 16 25 14 5 16 10 23 23 18 19 25 12 19 17 20 18 23 13 15 23 25 7 6 8 18 23 8 15 17 23 18 23 8 22 23 25 11 10 19 9 10
6 23 19 12 19 22 16 20 19 20 11 22 14 6 21 21 19 17 6 7 24 9 7 13 16 20 23 21 24 14 22 16 12 7 7 19 9 9 16 11 25 15 8 5 17 11 20 8 21 18 21 5 24 6 9 18 7 19 8 21 15 12 13 15 13 6 19 10 18 5 11 15 17 11 19 13 21 8 22 9
13 12 14 5 11 17 24 13 8 25 18 9 8 7 5 25 24 17 21 19 13 21 16 11 18 7 10 24 5 20 11 15 16 12 5 20 11 16 8 7 10 12 12 25 22 5 23 6 12 6 6 21 15 20 15 20 5 15 17 17 9 16 18 16 9 23 23 25 24 16 10 13 20 7 20 8 11 23 19 22
6 14 16 9 5 17 16 24 16 16 22 13 25 19 16 24 6 19 18 15 7 14 23 23 21 10 16 20 7 7 12 13 6 12 14 24 19 18 16 25 19 25 12 15 21 23 9 12 17 6 10 9 15 25 24 9 11 8 21 25 18 20 9 25 11 22 14 20 6 20 16 8 24 25 20 25 24 13 25 17
7 24 25 5 17 8 17 9 8 23 20 25 6 9 20 23 16 16 14 19 16 12 25 21 12 14 7 8 16 5 18 13 21 20 13 25 19 21 16 18 22 25 8 5 13 19 23 14 10 21 19 21 13 13 15 7 5 18 19 11 14 8 8 18 17 14 14 6 23 6 15 13 22 19 25 15 15 21 21 5
24 10 19 6 16 15 7 18 20 17 8 21 15 19 25 11 9 19 10 15 7 22 21 14 10 17 14 19 24 21 5 7 17 13 12 21 23 20 10 22 6 20 14 5 7 9 19 11 11 16 13 12 7 16 21 21 10 7 9 8 9 14 12 8 11 5 21 6 6 20 15 9 15 8 21 14 19 19 11 20
91 91 91 91 91 91 91 91 91 91
