10
80
36 19 30 36 35 29 31 37 22 43 44 18 14 24 48 10 15 24 32 32 37 25 23 27 40 12 19 22 24 40 14 39 39 33 13 37 11 25 27 9 46 31 21 44 23 29 25 13 15 31 46 9 40 32 21 26 47 26 14 17 44 12 9 29 12 14 44 11 11 26 32 47 37 9 10 18 36 41 22 36
47 22 28 16 43 40 49 32 30 36 31 35 40 46 16 10 45 36 9 30 46 28 46 13 14 44 9 42 11 24 49 38 13 22 50 41 14 15 27 16 37 27 25 45 21 39 11 38 10 26 33 43 34 49 42 48 30 36 36 11 16 20 44 31 43 24 31 31 27 27 22 16 10 38 32 45 43 37 29 19
16 10 28 40 17 9 44 19 12 11 43 37 31 45 19 12 17 9 19 28 37 10 20 39 15 20 31 40 45 27 30 17 47 44 28 19 16 13 14 35 37 35 30 14 40 10 14 31 20 25 48 23 26 33 23 20 28 26 15 31 41 20 36 29 31 46 44 15 14 26 34 42 21 29 11 25 41 26 12 26
31 19 28 16 9 37 13 43 13 39 13 38 33 11 37 42 15 25 25 27 21 36 9 38 25 18 11 42 39 11 14 43 44 35 44 47 34 21 11 41 13 46 43 26 20 12 29 9 41 30 39 23 42 17 17 17 23 39 28 35 26 29 24 19 24 29 12 41 23 47 23 39 19 29 16 48 30 22 27 10
13 44 16 42 32 35 24 12 29 13 35 26 29 18 22 11 22 15 33 45 12 38 22 13 13 22 41 41 44 20 18 45 39 29 20 17 25 33 43 28 37 23 12 30 23 38 41 46 34 31 40 26 22 26 31 20 20 23 46 31 35 47 40 39 9 12 40 30 41 46 37 27 46 23 43 25 17 37 12 19
13 9 11 35 28 16 13 46 41 12 21 34 13 13 33 28 19 43 43 22 13 15 42 17 38 29 45 39 20 36 25 41 24 36 16 45 13 40 15 40 43 38 40 35 11 37 13 26 21 36 50 44 29 20 39 39 34 39 14 10 20 26 33 24 45 18 24 35 9 33 20 31 21 20 27 23 24 44 17 44
17 13 47 31 11 13 21 28 42 42 12 15 47 39 36 31 44 41 47 23 16 32 27 49 44 36 42 26 37 28 15 48 26 40 36 10 28 37 25 33 33 30 9 35 40 24 18 21 21 9 38 27 26 16 48 45 46 11 42 36 25 41 28 14 25 29 44 36 23 47 26 37 36 37 28 35 21 30 42 26
11 20 34 35 11 28 15 18 46 38 28 47 38 10 13 44 28 17 43 17 18 15 13 9 45 31 13 42 21 39 24 48 42 24 19 29 30 12 44 9 43 36 21 12 35 19 13 30 39 25 50 18 21 11 27 15 38 39 12 14 49 25 23 40 17 37 10 45 11 15 27 19 38 29 45 16 9 9 10 38
10 29 24 33 35 22 33 35 29 36 39 34 49 24 20 18 18 22 12 27 27 26 14 11 19 25 28 20 33 24 34 21 11 18 40 14 50 44 25 13 23 17 46 27 40 13 16 19 17 42 35 10 34 19 43 28 9 48 26 24 41 19 50 33 22 37 11 32 13 19 38 19 21 46 32 33 10 26 20 18
45 13 24 30 9 24 33 46 25 25 20 41 42 35 30 28 15 13 29 12 30 35 39 44 12 38 12 28 35 49 13 15 22 45 13 45 14 23 42 32 32 31 18 36 45 26 10 39 39 36 39 24 30 45 9 41 21 17 11 15 38 44 34 36 36 33 16 24 13 15 21 37 28 38 23 23 48 12 27 24
41 22 33 39 37 36 34 45 25 49 49 19 17 26 51 11 16 27 39 36 38 28 26 30 43 12 23 24 25 43 17 44 41 35 14 40 13 27 31 11 51 34 24 50 26 32 28 14 18 32 48 11 42 38 24 27 51 29 16 18 44 15 11 35 13 17 49 12 11 29 36 49 40 11 11 19 41 42 23 37
52 27 29 17 48 47 53 35 35 41 33 39 47 50 17 11 46 42 11 32 51 29 48 14 14 51 11 51 12 29 52 43 14 24 55 43 15 18 31 18 40 29 26 51 22 42 12 41 10 29 37 48 38 50 48 51 33 39 45 14 16 24 51 33 46 25 32 36 31 30 26 17 11 40 35 52 44 40 31 20
17 12 31 45 18 11 51 22 13 14 48 45 36 50 20 13 19 12 24 30 39 11 21 45 18 23 37 45 51 29 35 19 49 47 34 22 17 16 15 39 45 42 36 16 43 13 15 37 22 30 54 25 28 35 26 22 29 26 15 38 44 25 40 31 33 50 51 16 15 28 38 46 24 35 13 28 44 29 14 27
38 22 28 17 10 40 13 45 15 45 16 41 39 13 38 44 16 29 28 34 22 42 11 45 28 20 12 47 42 11 15 45 49 41 52 52 38 24 13 47 14 50 48 26 24 14 31 10 43 34 40 26 44 18 20 19 28 46 30 42 29 33 25 20 25 34 12 45 27 54 25 43 19 34 17 53 33 23 29 13
13 48 17 46 36 38 24 14 31 15 35 30 32 19 24 13 22 18 35 47 13 44 24 15 16 25 44 46 46 21 20 53 41 29 20 19 26 37 50 34 39 25 14 32 25 45 48 50 36 33 41 28 22 30 33 21 20 23 51 36 40 52 48 39 12 12 45 36 43 49 41 34 50 24 45 29 20 38 12 22
14 11 11 38 34 17 13 50 45 14 26 38 14 14 38 31 22 48 47 26 15 16 48 19 41 33 52 42 21 41 26 46 26 42 17 52 14 43 15 47 46 45 45 39 12 45 14 28 26 42 53 49 34 22 45 43 35 45 15 12 21 27 37 27 47 21 26 40 11 35 24 35 24 21 31 26 27 48 17 45
18 14 50 38 12 14 25 30 49 44 13 16 49 46 44 34 49 44 49 25 18 32 32 53 46 38 50 29 42 32 15 50 27 49 40 11 29 42 29 40 37 34 12 42 48 29 22 22 22 11 40 31 28 16 48 47 50 12 46 39 27 43 33 16 28 34 47 40 27 49 28 38 41 45 28 36 21 32 47 29
13 22 39 40 13 28 16 20 46 41 32 47 41 11 13 44 31 17 49 17 22 15 16 12 53 32 13 45 24 43 27 48 49 25 22 36 35 13 50 12 45 40 24 14 39 20 15 32 43 28 52 21 24 13 27 15 41 43 12 16 53 30 24 48 18 43 12 49 12 15 27 22 38 33 51 18 11 11 10 47
12 34 27 39 38 26 40 35 34 38 43 40 53 28 21 21 22 25 13 27 31 29 16 11 20 27 35 22 35 28 37 23 12 19 43 16 55 50 28 14 25 19 48 29 46 14 16 22 19 44 36 11 35 20 45 34 11 52 29 27 42 19 55 36 23 44 11 38 15 21 44 23 23 48 37 36 10 30 22 18
53 14 25 33 10 26 36 50 27 26 24 47 45 37 33 29 16 16 30 13 33 42 41 46 12 39 13 30 39 54 14 18 23 51 15 52 15 26 50 34 36 32 19 41 52 30 11 46 40 42 41 28 32 46 10 45 23 18 13 15 43 45 38 37 39 38 16 25 14 16 23 44 32 45 28 28 52 15 30 26
22 12 14 12 23 10 13 7 11 20 10 18 25 16 9 23 14 18 24 6 7 18 19 5 9 18 12 14 18 16 11 9 25 19 20 18 22 18 15 23 15 16 17 13 5 16 18 6 22 14 20 16 14 22 8 17 18 9 21 25 6 8 6 17 20 11 12 14 14 18 16 25 19 15 12 9 18 13 5 15
5 12 17 7 10 15 10 23 11 16 17 25 23 24 21 7 21 20 16 24 20 7 22 13 7 10 22 12 14 11 23 20 10 20 13 25 12 20 9 11 23 9 20 22 19 11 7 21 21 7 23 11 14 13 20 7 21 7 18 13 24 7 5 9 14 14 11 10 13 9 19 13 20 8 15 6 21 13 25 18
6 9 7 21 5 15 8 8 16 25 18 22 11 6 16 16 15 5 22 12 21 9 18 22 8 6 14 9 12 22 19 21 23 8 14 19 24 24 8 20 5 8 6 9 19 7 24 13 24 15 19 16 22 14 13 9 9 8 13 22 12 21 22 12 8 23 10 12 11 21 8 25 19 19 15 8 24 20 25 15
8 14 6 10 18 13 15 10 20 7 17 19 18 25 12 19 21 20 13 11 7 18 25 7 23 5 19 14 19 25 19 16 15 6 12 24 6 23 23 21 14 10 15 14 19 21 14 6 13 18 23 25 8 21 17 17 18 11 23 20 16 13 14 13 23 5 10 7 22 14 19 17 22 14 25 23 25 5 20 21
14 8 8 25 7 23 13 19 22 8 15 24 20 9 5 25 9 19 24 13 14 7 16 19 9 8 7 24 20 8 25 12 8 12 23 22 13 13 6 22 10 22 12 24 14 6 12 10 9 24 17 14 10 15 8 25 18 12 11 14 5 9 12 9 18 21 6 11 8 7 17 17 13 6 16 17 17 11 21 9
11 6 5 24 13 22 22 15 8 17 13 14 18 20 12 24 21 20 6 8 16 16 11 16 17 9 13 5 25 20 24 24 21 7 8 19 22 20 23 12 14 5 13 24 9 22 21 7 10 24 16 8 12 19 21 10 25 8 20 10 6 22 21 18 20 19 11 16 12 17 8 20 6 10 19 6 11 9 19 14
17 20 13 9 11 7 5 15 16 13 16 15 11 15 16 14 7 21 6 13 15 10 20 22 13 17 24 5 8 8 17 19 6 25 25 10 23 25 8 24 6 24 8 22 24 10 22 18 19 7 13 9 19 8 5 25 18 22 9 25 23 14 7 17 24 7 20 10 13 25 23 14 8 12 9 17 22 10 15 18
24 24 15 5 7 9 19 15 21 12 20 10 12 14 12 6 5 8 18 10 24 13 24 24 8 21 21 7 24 8 20 20 9 5 24 24 22 6 22 21 18 6 9 10 11 7 17 6 8 20 24 14 13 6 16 10 12 5 5 21 21 7 6 14 20 19 16 6 18 21 19 11 21 14 15 11 11 25 17 16
24 23 6 25 17 13 10 16 20 10 17 5 23 25 12 11 13 24 15 19 9 6 5 18 20 17 24 25 20 6 11 16 18 13 23 7 5 10 21 20 8 12 12 12 15 6 18 23 7 8 11 5 25 6 19 13 18 7 5 21 18 5 25 8 17 15 15 8 5 10 11 5 10 20 17 13 17 11 14 21
13 14 21 14 9 19 5 8 18 9 19 11 6 5 9 18 20 25 13 14 23 14 10 18 15 11 22 20 8 8 15 20 20 12 25 12 5 10 17 21 17 17 5 10 21 23 25 8 24 10 13 14 15 15 11 21 8 19 23 6 22 18 23 16 11 7 12 9 10 19 11 24 7 17 18 11 14 21 13 6
106 106 106 106 106 106 106 106 106 106
