10
80
28 12 25 16 13 20 29 14 23 8 40 30 26 32 38 26 39 30 29 18 12 48 12 25 27 24 30 11 22 40 47 38 23 9 12 12 39 16 17 38 27 20 22 24 8 38 10 11 16 6 24 23 18 32 24 31 30 13 18 20 27 20 31 16 8 18 12 18 10 24 31 15 14 33 24 11 23 11 18 50
25 7 43 30 30 36 26 16 21 31 15 22 32 19 32 29 10 27 38 11 34 18 20 10 15 23 8 14 21 9 31 25 22 37 15 39 13 13 18 11 8 24 7 10 27 30 24 40 34 24 10 24 22 8 19 28 10 5 33 32 9 41 40 15 21 23 16 20 22 31 39 17 9 21 18 17 26 28 14 36
8 24 9 16 33 20 9 14 12 14 17 18 18 13 16 24 28 8 15 14 6 20 20 12 6 22 9 17 17 34 30 11 11 12 16 27 20 19 18 41 9 14 21 25 15 21 13 33 22 22 29 36 9 22 17 24 18 9 29 15 22 22 30 15 15 20 12 14 25 41 13 24 5 31 31 38 24 18 23 27
9 32 11 28 34 15 10 19 10 12 8 18 38 8 23 31 22 37 27 9 38 24 25 27 10 8 11 13 19 18 17 10 33 23 16 22 27 42 36 29 33 29 31 6 26 42 14 27 19 7 11 9 17 15 15 7 19 37 9 19 13 9 10 32 14 20 30 24 15 18 13 25 12 16 10 27 20 35 9 22
23 19 41 32 17 12 14 14 25 32 35 35 29 7 25 31 12 25 8 19 13 19 19 30 25 9 15 14 33 34 25 33 29 20 29 27 32 22 14 12 26 38 10 18 34 38 34 14 5 14 20 14 15 33 18 15 26 7 38 24 23 8 39 20 15 14 32 22 6 20 37 38 37 23 33 14 18 27 20 7
15 5 24 14 37 8 12 38 34 25 27 12 14 9 19 9 11 10 21 28 15 33 9 28 32 28 48 28 8 23 12 28 24 24 37 46 24 49 18 32 40 29 42 9 24 19 29 21 14 11 39 24 18 17 39 16 22 18 22 11 24 26 14 26 13 27 28 34 27 28 21 15 48 25 24 5 13 22 30 25
37 20 39 44 15 9 20 28 22 25 38 31 27 16 20 28 9 14 30 27 41 10 29 49 5 32 24 33 41 31 8 36 10 18 26 16 26 25 19 16 26 41 20 25 14 8 36 13 20 22 30 11 21 29 11 22 7 12 38 40 24 12 15 16 13 24 9 11 13 41 28 9 22 25 20 24 44 7 15 25
27 6 25 29 36 29 30 16 40 20 5 33 29 12 13 39 24 17 30 10 28 27 28 26 16 25 34 18 16 33 10 15 30 31 14 28 35 22 49 27 15 21 22 28 20 22 38 34 33 13 26 14 13 11 11 10 27 21 21 35 20 38 32 21 9 20 29 43 13 29 13 28 15 9 28 10 16 39 13 25
14 11 11 24 19 45 34 8 30 30 21 20 19 39 14 11 17 13 36 33 36 19 30 21 16 28 31 27 20 15 10 28 29 22 5 36 18 5 21 14 9 34 14 23 20 20 37 32 33 25 23 26 39 33 22 32 49 22 21 10 14 31 21 13 12 27 35 36 13 21 21 20 13 23 24 18 7 17 22 14
21 13 26 44 30 29 27 9 22 29 9 11 14 23 20 30 15 23 29 18 42 18 11 21 13 14 24 34 37 18 15 23 46 47 23 11 22 19 22 22 19 48 36 31 32 44 29 6 18 49 29 27 37 24 6 25 30 21 17 14 38 7 41 11 20 15 48 34 36 14 42 18 8 10 19 12 19 25 8 38
41 22 36 34 30 37 49 40 35 12 50 60 34 46 74 40 49 53 53 37 23 70 18 48 33 39 39 16 27 49 52 55 43 13 27 19 57 26 22 59 54 36 30 58 22 51 17 12 24 16 58 60 39 42 50 64 46 23 42 32 60 47 45 30 18 37 18 23 26 51 46 25 20 51 34 12 44 18 36 54
39 16 61 41 44 60 36 21 47 52 29 37 45 37 45 39 16 36 54 14 48 23 40 20 25 60 11 26 33 18 42 52 44 44 30 58 15 24 32 23 17 66 15 21 57 58 45 53 46 58 13 40 34 12 36 56 11 13 34 50 21 55 59 21 52 25 38 37 60 49 41 22 22 41 26 24 61 36 18 46
11 52 12 38 65 28 17 28 19 36 39 27 33 14 17 45 48 14 30 31 14 50 28 24 15 49 17 36 37 66 49 24 31 29 26 50 23 37 36 50 12 18 26 29 26 41 18 60 37 31 52 68 13 63 39 43 34 15 44 21 39 36 56 28 27 42 34 22 41 66 27 63 15 47 46 50 35 27 55 43
17 54 21 49 40 37 19 36 18 26 21 42 58 12 24 48 37 49 30 20 45 51 44 31 24 15 25 25 21 47 38 22 46 35 37 27 36 59 51 30 37 49 37 11 35 56 28 48 39 14 15 11 28 22 22 15 28 49 12 35 23 10 16 63 25 29 42 28 32 23 28 41 19 31 23 39 42 59 20 45
40 45 48 42 41 21 27 15 41 49 54 50 40 16 39 59 16 56 14 32 24 21 23 68 65 15 31 25 55 42 31 68 60 29 44 35 45 60 21 23 61 47 17 52 66 59 72 25 15 27 31 18 35 59 36 25 57 13 48 47 27 14 63 29 18 30 51 36 15 32 58 53 57 43 64 27 23 49 20 17
21 13 37 28 51 15 28 61 51 52 38 26 17 14 37 18 17 15 36 41 26 74 23 38 48 30 55 39 13 35 27 37 40 38 56 50 43 49 48 45 57 33 66 15 47 39 59 40 23 23 49 26 20 26 52 18 33 33 37 17 49 41 20 47 25 40 70 46 50 36 35 32 52 64 54 12 21 40 66 47
59 35 55 53 20 24 40 41 34 48 57 44 40 29 41 40 12 21 42 54 56 14 44 72 11 43 57 41 53 62 12 43 25 25 41 17 38 44 39 25 43 54 32 46 28 10 49 28 27 24 37 23 22 40 20 44 14 22 56 51 34 18 32 36 18 45 13 24 26 64 39 22 35 51 27 32 63 10 27 35
37 12 45 55 57 57 37 22 69 32 14 38 55 18 30 59 39 33 38 19 52 39 55 32 29 41 68 30 18 46 12 18 58 34 36 63 40 42 59 50 25 60 44 56 25 24 45 55 52 24 45 17 14 33 13 20 54 29 51 52 29 63 38 40 18 48 47 63 18 56 14 68 25 21 42 15 37 64 22 32
32 24 21 49 24 61 65 14 51 56 52 24 39 43 41 17 21 23 57 53 58 35 63 31 44 46 46 60 29 26 20 58 47 45 13 45 35 14 51 43 16 38 19 53 35 31 39 49 48 47 50 59 60 54 47 62 50 54 58 22 16 52 30 22 34 54 56 45 20 35 31 36 24 38 31 24 18 26 33 16
26 25 38 52 38 56 47 22 37 61 11 26 25 32 40 61 36 52 30 28 54 25 22 48 26 20 35 52 54 30 22 49 68 48 56 14 43 30 46 40 46 61 54 66 45 69 70 11 40 53 53 55 47 32 11 54 30 41 19 33 52 22 69 13 39 24 67 62 59 21 62 42 10 14 23 16 38 38 20 60
15 13 16 8 20 11 10 21 24 6 5 23 13 13 23 17 5 10 24 20 7 22 16 18 10 8 24 14 20 12 15 24 14 23 17 16 20 6 16 23 11 9 24 12 15 23 8 13 23 7 18 18 23 15 19 22 11 24 8 14 9 15 21 18 21 11 17 5 15 16 5 21 24 6 8 9 16 9 25 21
7 16 20 25 22 16 11 25 16 21 14 5 10 16 11 18 20 21 9 10 12 8 13 25 14 22 16 13 19 6 12 22 14 11 15 12 11 16 11 25 6 21 10 9 22 14 10 12 14 23 14 23 17 20 18 24 12 10 7 23 22 22 17 15 12 24 18 16 14 19 21 23 23 13 12 23 23 23 6 12
20 23 18 18 10 20 7 9 6 20 11 19 21 10 12 23 7 12 8 10 9 19 10 22 18 22 20 8 5 22 17 10 12 14 13 12 9 9 13 15 19 8 22 22 6 22 17 7 22 6 11 12 13 24 14 25 25 19 21 6 19 6 24 20 21 25 20 25 8 20 13 13 9 25 20 15 6 14 15 13
14 10 21 21 16 7 14 15 10 11 9 23 9 23 14 16 12 12 24 11 15 13 13 21 13 8 12 22 5 19 19 5 18 16 13 14 6 22 19 21 17 13 6 20 19 5 24 14 9 25 14 14 18 25 24 12 22 13 12 8 23 19 6 12 5 8 14 14 9 25 22 6 6 13 16 5 5 22 12 13
11 24 11 14 18 19 22 7 24 21 18 22 15 5 21 20 24 23 15 22 24 7 25 22 15 9 13 5 25 12 7 10 13 19 18 13 14 13 12 23 23 5 17 8 15 25 12 19 14 7 13 20 7 12 13 16 13 11 15 8 25 5 23 25 6 14 25 14 20 15 25 21 20 13 21 17 11 10 18 18
19 20 10 14 12 13 20 19 11 22 6 25 15 24 16 20 19 24 8 25 8 24 14 21 12 21 6 20 8 11 20 10 12 9 18 8 7 15 5 25 13 11 20 24 17 19 16 15 14 12 11 8 5 9 24 6 12 16 19 7 8 24 6 8 7 18 11 11 20 12 14 24 21 25 12 19 12 15 12 16
12 16 23 13 15 13 22 22 9 18 9 12 8 20 14 6 11 17 13 9 9 13 18 13 12 16 6 24 14 7 24 7 11 23 18 9 17 9 24 11 9 18 13 7 23 17 25 20 10 9 10 12 15 17 15 7 19 11 14 13 16 22 16 15 22 11 20 5 7 20 9 22 14 17 16 10 22 10 24 25
24 10 20 11 10 12 10 24 13 9 10 22 5 16 19 5 15 13 14 13 18 23 8 20 22 7 25 17 11 21 6 20 9 25 21 18 6 21 12 20 20 18 19 6 7 19 9 7 14 8 16 25 18 23 12 17 5 16 16 24 13 23 12 25 20 11 21 5 9 14 20 16 22 16 6 8 22 10 10 11
23 10 5 14 12 18 21 20 18 15 11 11 7 24 9 19 6 17 14 8 22 16 15 13 17 16 9 24 7 22 12 8 16 22 9 16 21 17 22 23 24 14 20 19 9 19 8 24 14 22 19 22 24 21 6 12 22 21 9 16 15 15 11 10 10 20 20 7 22 22 6 17 6 9 15 8 8 18 9 24
25 16 23 23 9 15 11 17 6 22 13 6 16 5 8 11 14 9 17 25 7 23 13 17 6 11 18 23 14 19 17 21 17 24 17 8 11 17 9 12 18 6 14 18 15 18 12 5 15 9 6 7 10 24 7 17 19 20 15 5 10 12 23 23 25 15 21 20 17 13 10 24 21 9 13 16 15 6 17 8
106 106 106 106 106 106 106 106 106 106
