10
80
23 17 29 38 32 26 22 36 17 32 35 18 9 21 34 8 11 16 24 17 32 28 20 17 28 8 17 18 12 22 9 20 35 28 13 21 12 13 14 10 35 21 18 37 18 19 14 8 14 21 35 8 24 35 15 21 23 20 15 11 29 14 7 17 7 12 45 7 9 13 22 37 34 10 8 14 39 30 15 25
45 14 25 14 38 38 33 28 32 31 24 24 41 41 16 7 40 38 9 32 26 20 36 10 14 32 10 47 11 22 44 21 12 11 32 39 12 17 23 13 30 15 13 36 18 35 10 39 9 18 22 25 36 46 38 34 23 22 31 6 8 22 29 16 41 18 24 19 25 14 15 9 11 28 31 31 29 30 20 16
16 10 19 35 18 7 40 19 8 7 27 37 30 40 10 9 16 11 12 25 25 5 19 21 12 20 30 37 42 23 28 9 24 30 15 18 13 7 13 23 36 26 28 14 23 7 10 24 20 20 33 18 18 21 24 19 16 17 13 32 24 17 29 19 30 35 28 11 14 27 31 27 16 19 9 18 27 24 8 27
29 18 19 12 6 23 12 34 12 38 12 23 25 6 22 42 13 19 26 25 19 29 6 22 18 11 10 22 21 10 7 29 32 34 37 50 19 19 12 27 11 40 44 14 19 7 26 7 28 29 38 16 22 18 12 11 18 44 16 32 21 21 16 15 17 27 6 27 18 39 15 27 12 26 8 46 24 22 24 7
13 24 17 32 25 19 22 14 28 10 23 24 17 18 23 12 17 13 29 44 12 25 21 9 14 24 41 43 30 18 14 40 26 21 12 17 22 25 33 22 31 20 12 16 20 36 28 30 31 22 40 21 13 23 24 15 20 16 49 33 27 34 39 37 8 10 26 30 37 36 23 17 35 18 39 22 12 37 8 12
13 8 5 33 24 14 9 49 38 7 17 25 7 11 21 18 12 35 35 14 10 13 30 9 31 16 47 30 13 36 16 24 21 27 11 40 12 29 9 22 34 37 36 20 6 26 6 16 23 20 30 23 18 14 31 39 30 32 7 9 11 25 26 20 28 16 24 34 5 16 22 30 23 20 23 19 18 32 17 31
16 12 38 32 8 9 16 22 32 35 6 9 39 36 32 17 32 39 47 16 15 27 18 46 32 19 26 19 21 31 10 26 24 24 25 8 18 20 26 28 27 22 7 28 30 26 16 11 21 11 36 27 14 13 34 25 33 7 43 35 16 37 28 7 26 21 31 20 20 31 14 36 29 30 22 35 18 18 36 23
10 12 36 30 10 27 7 15 37 28 19 40 31 9 11 27 21 15 39 15 20 9 8 9 28 25 10 36 15 40 14 32 28 18 12 17 26 12 36 8 22 21 22 9 18 16 10 18 36 22 26 17 23 11 24 10 25 25 11 13 41 21 12 42 15 21 9 35 11 11 25 16 38 28 30 14 9 8 6 26
10 20 24 24 25 22 23 28 17 31 35 37 31 22 13 17 15 13 12 16 22 15 13 10 13 25 31 20 21 24 18 21 9 12 36 14 42 24 14 14 22 13 33 14 44 8 9 12 14 25 27 6 25 12 27 19 9 30 21 21 38 13 25 27 12 26 10 27 14 11 39 21 11 31 17 32 10 25 10 14
33 8 23 26 5 16 23 41 22 17 13 36 42 31 22 16 10 8 27 7 24 22 35 34 10 38 10 26 35 33 9 16 18 28 9 41 14 14 35 25 30 21 14 29 26 25 9 27 27 34 24 27 19 44 6 30 15 17 11 10 39 23 24 23 31 32 13 17 10 8 17 24 20 28 20 14 24 14 23 22
48 23 32 45 54 46 48 60 24 54 51 21 23 33 62 12 18 27 40 33 48 29 30 36 52 17 27 33 37 55 17 52 58 49 14 39 17 32 29 15 64 42 32 50 37 34 39 17 21 45 67 12 58 41 27 37 54 34 16 25 48 17 15 33 14 18 70 16 13 33 41 50 54 13 13 24 41 48 30 52
51 34 34 18 50 58 69 52 40 48 42 58 61 59 22 11 52 53 10 38 57 41 50 18 14 64 11 47 13 39 51 51 16 30 72 55 14 18 43 19 52 29 28 54 22 50 17 55 11 27 42 62 37 57 47 63 40 39 44 15 21 29 48 46 60 29 36 35 29 32 29 18 13 46 38 55 45 49 38 20
25 15 32 60 25 11 64 26 14 17 67 46 36 52 23 14 20 12 23 40 50 13 27 42 23 23 38 51 47 39 48 23 65 61 41 24 19 16 21 38 48 39 47 23 43 12 15 45 27 33 52 37 28 44 25 22 31 36 20 49 61 25 42 35 35 52 64 21 14 28 46 61 36 44 18 37 52 38 18 38
51 29 33 22 12 39 15 54 18 55 19 40 38 15 40 47 20 42 38 45 29 41 11 52 27 19 14 51 44 12 18 59 48 54 55 75 52 24 14 62 21 52 71 27 30 17 42 13 52 42 53 35 57 25 20 18 34 59 30 44 41 43 35 23 33 37 16 50 37 50 36 55 25 43 24 54 46 31 36 14
19 59 23 60 43 39 33 16 30 18 49 33 43 23 26 17 23 22 39 49 12 64 33 21 16 26 48 69 67 20 22 67 56 40 20 20 27 51 56 35 50 25 17 38 27 56 52 58 35 38 50 39 24 31 38 21 20 24 59 41 47 61 56 57 12 14 58 46 60 50 57 45 69 29 59 39 28 47 16 28
16 13 16 52 36 22 19 59 46 16 35 51 14 15 39 45 30 59 45 32 14 15 64 20 43 35 64 43 20 42 31 65 27 56 18 50 17 43 21 48 65 55 62 44 15 46 17 28 34 45 59 54 31 27 48 55 48 54 16 15 21 28 48 25 70 27 25 54 11 41 30 39 24 24 33 35 33 56 17 59
23 20 53 43 13 14 24 37 58 66 19 21 70 57 59 45 54 42 50 29 18 44 40 70 52 56 52 35 52 35 16 48 33 53 42 13 33 49 30 55 37 50 16 46 48 39 26 31 22 11 50 37 32 19 70 69 56 18 56 38 39 56 30 21 37 32 46 46 26 71 36 39 55 54 33 54 27 35 49 38
15 25 38 50 16 40 20 30 66 49 37 48 42 14 13 65 31 17 63 23 26 20 16 12 50 41 13 64 34 60 27 64 65 34 22 49 42 17 47 14 63 57 29 15 40 24 20 35 49 38 51 29 27 17 39 22 50 53 17 17 64 41 25 50 17 59 13 64 12 22 36 28 41 36 69 18 15 12 15 49
16 32 37 51 49 34 47 51 43 47 48 49 72 32 31 27 20 29 19 31 40 30 18 12 23 34 43 25 47 33 43 27 13 27 59 23 62 62 37 14 29 28 59 31 48 16 19 29 22 56 36 14 44 19 55 37 15 62 29 39 52 24 59 39 24 44 13 36 20 31 40 26 25 49 43 40 15 31 28 21
51 18 29 44 13 34 41 52 36 36 30 58 49 41 45 39 23 18 33 15 40 53 41 62 17 47 19 31 36 57 17 18 32 61 20 66 18 29 47 49 49 37 24 44 70 37 15 63 58 51 59 39 36 54 11 48 23 26 13 17 56 54 50 38 47 38 16 31 16 24 22 58 32 61 35 29 58 18 39 34
22 12 14 12 23 10 13 7 11 20 10 18 25 16 9 23 14 18 24 6 7 18 19 5 9 18 12 14 18 16 11 9 25 19 20 18 22 18 15 23 15 16 17 13 5 16 18 6 22 14 20 16 14 22 8 17 18 9 21 25 6 8 6 17 20 11 12 14 14 18 16 25 19 15 12 9 18 13 5 15
5 12 17 7 10 15 10 23 11 16 17 25 23 24 21 7 21 20 16 24 20 7 22 13 7 10 22 12 14 11 23 20 10 20 13 25 12 20 9 11 23 9 20 22 19 11 7 21 21 7 23 11 14 13 20 7 21 7 18 13 24 7 5 9 14 14 11 10 13 9 19 13 20 8 15 6 21 13 25 18
6 9 7 21 5 15 8 8 16 25 18 22 11 6 16 16 15 5 22 12 21 9 18 22 8 6 14 9 12 22 19 21 23 8 14 19 24 24 8 20 5 8 6 9 19 7 24 13 24 15 19 16 22 14 13 9 9 8 13 22 12 21 22 12 8 23 10 12 11 21 8 25 19 19 15 8 24 20 25 15
8 14 6 10 18 13 15 10 20 7 17 19 18 25 12 19 21 20 13 11 7 18 25 7 23 5 19 14 19 25 19 16 15 6 12 24 6 23 23 21 14 10 15 14 19 21 14 6 13 18 23 25 8 21 17 17 18 11 23 20 16 13 14 13 23 5 10 7 22 14 19 17 22 14 25 23 25 5 20 21
14 8 8 25 7 23 13 19 22 8 15 24 20 9 5 25 9 19 24 13 14 7 16 19 9 8 7 24 20 8 25 12 8 12 23 22 13 13 6 22 10 22 12 24 14 6 12 10 9 24 17 14 10 15 8 25 18 12 11 14 5 9 12 9 18 21 6 11 8 7 17 17 13 6 16 17 17 11 21 9
11 6 5 24 13 22 22 15 8 17 13 14 18 20 12 24 21 20 6 8 16 16 11 16 17 9 13 5 25 20 24 24 21 7 8 19 22 20 23 12 14 5 13 24 9 22 21 7 10 24 16 8 12 19 21 10 25 8 20 10 6 22 21 18 20 19 11 16 12 17 8 20 6 10 19 6 11 9 19 14
17 20 13 9 11 7 5 15 16 13 16 15 11 15 16 14 7 21 6 13 15 10 20 22 13 17 24 5 8 8 17 19 6 25 25 10 23 25 8 24 6 24 8 22 24 10 22 18 19 7 13 9 19 8 5 25 18 22 9 25 23 14 7 17 24 7 20 10 13 25 23 14 8 12 9 17 22 10 15 18
24 24 15 5 7 9 19 15 21 12 20 10 12 14 12 6 5 8 18 10 24 13 24 24 8 21 21 7 24 8 20 20 9 5 24 24 22 6 22 21 18 6 9 10 11 7 17 6 8 20 24 14 13 6 16 10 12 5 5 21 21 7 6 14 20 19 16 6 18 21 19 11 21 14 15 11 11 25 17 16
24 23 6 25 17 13 10 16 20 10 17 5 23 25 12 11 13 24 15 19 9 6 5 18 20 17 24 25 20 6 11 16 18 13 23 7 5 10 21 20 8 12 12 12 15 6 18 23 7 8 11 5 25 6 19 13 18 7 5 21 18 5 25 8 17 15 15 8 5 10 11 5 10 20 17 13 17 11 14 21
13 14 21 14 9 19 5 8 18 9 19 11 6 5 9 18 20 25 13 14 23 14 10 18 15 11 22 20 8 8 15 20 20 12 25 12 5 10 17 21 17 17 5 10 21 23 25 8 24 10 13 14 15 15 11 21 8 19 23 6 22 18 23 16 11 7 12 9 10 19 11 24 7 17 18 11 14 21 13 6
106 106 106 106 106 106 106 106 106 106
