10
80
38 38 16 21 14 21 27 7 46 30 12 27 19 30 39 15 27 37 20 9 37 26 42 11 28 31 29 31 17 11 11 22 11 18 24 46 14 18 43 41 23 13 13 32 16 13 29 18 27 18 13 30 46 27 24 34 26 32 34 7 34 37 36 26 21 20 28 39 33 29 33 15 23 19 22 11 35 23 25 23
26 13 25 10 44 27 15 17 20 18 31 19 46 16 25 9 22 43 42 17 42 39 43 18 30 29 34 44 25 29 16 20 25 27 20 39 11 24 31 36 16 35 40 27 11 13 22 15 28 38 24 26 8 16 19 14 19 37 18 17 27 43 25 32 30 13 27 26 15 39 31 43 11 43 48 44 42 45 29 22
18 36 28 26 9 26 17 12 13 28 28 18 28 28 22 9 24 15 22 11 30 26 28 42 30 34 40 24 8 8 19 36 29 24 33 18 39 30 46 32 44 49 35 25 13 17 14 25 34 12 13 27 36 37 10 24 14 25 18 43 31 18 12 37 30 17 26 23 32 17 43 7 27 27 16 38 27 32 39 45
18 32 19 13 14 44 22 18 17 22 15 11 26 10 44 31 36 30 43 32 23 13 24 30 38 32 37 46 43 15 16 15 11 15 25 35 13 29 29 34 40 16 18 48 40 27 30 10 15 32 29 46 14 33 10 50 15 13 41 13 9 34 28 20 18 22 24 36 46 34 32 20 39 10 48 24 19 10 16 26
40 14 10 30 40 47 28 29 12 16 20 14 34 46 30 19 22 14 12 34 28 17 41 29 8 31 28 33 13 42 44 32 13 23 40 30 34 31 40 21 35 35 16 19 41 28 13 28 24 19 25 33 27 20 29 26 10 35 30 31 46 36 11 11 29 11 9 46 32 8 44 42 37 13 32 27 28 28 37 12
16 30 30 31 35 34 18 28 15 34 22 41 42 36 13 31 39 31 36 23 8 33 33 34 28 30 37 50 42 18 35 19 39 31 14 13 14 20 32 31 33 15 9 11 11 37 37 13 38 12 37 48 33 12 10 36 12 34 21 16 9 42 40 17 20 11 26 27 24 33 30 18 26 28 47 44 22 19 17 17
29 9 48 32 32 37 39 39 8 18 15 17 34 13 34 30 25 18 10 18 30 31 30 36 31 10 37 26 35 11 26 13 29 12 17 38 16 17 33 15 33 30 34 29 37 9 32 38 11 48 34 27 11 41 31 38 19 37 25 19 35 35 21 28 37 30 20 29 33 10 7 30 32 24 25 39 24 28 19 26
23 32 33 24 39 34 34 40 19 36 11 13 16 25 9 42 29 9 13 11 13 16 46 10 26 48 24 23 7 10 46 40 17 20 22 13 13 39 23 28 33 13 21 13 40 31 28 10 34 31 38 28 23 11 31 37 13 25 38 36 24 19 10 39 12 23 30 14 24 10 25 26 28 36 11 11 23 30 27 14
32 27 24 33 11 38 42 14 25 33 13 31 40 8 23 38 27 13 27 39 28 9 36 18 38 13 27 30 38 42 8 24 9 40 19 28 42 11 14 12 37 26 16 33 44 46 37 13 19 15 35 36 34 30 15 38 14 41 8 29 28 17 13 21 27 30 10 41 36 12 35 13 45 41 13 31 40 43 11 16
11 29 32 19 26 16 38 13 11 30 32 25 40 12 23 15 26 12 19 14 14 32 29 32 44 18 31 25 25 39 32 9 24 19 28 15 23 39 22 36 31 19 17 22 13 12 33 25 19 40 32 48 32 7 33 10 25 17 9 46 19 24 30 32 43 26 29 41 28 14 28 9 29 19 22 26 26 21 28 21
40 38 19 32 15 31 36 11 60 40 12 35 21 40 60 18 41 57 25 11 51 36 61 12 40 46 36 46 27 11 13 30 16 25 31 51 19 22 50 52 32 17 14 40 20 15 39 22 35 27 17 39 57 33 25 52 33 42 34 10 46 42 45 30 27 27 43 40 42 34 38 20 30 23 25 15 40 35 34 34
33 20 36 16 53 35 21 20 23 25 45 28 51 25 28 12 31 57 50 19 50 50 49 22 38 33 47 50 32 33 19 29 34 36 27 54 12 30 42 38 26 45 42 34 16 19 23 24 31 59 38 36 11 24 24 18 32 43 29 27 32 57 29 42 46 21 36 30 24 44 35 57 17 52 53 57 48 59 32 29
24 48 31 32 13 29 20 18 17 36 41 23 34 42 27 13 37 17 35 13 34 29 37 50 43 42 51 32 12 13 24 51 38 27 42 19 45 37 62 43 56 51 42 34 19 19 22 33 46 17 17 35 44 45 11 28 19 30 20 46 50 25 16 43 40 25 32 33 46 22 45 10 32 42 19 46 32 46 44 48
27 33 28 15 16 61 28 27 19 27 18 14 32 16 49 38 45 36 50 42 36 16 34 34 42 51 55 50 46 21 19 17 15 17 42 41 15 33 36 40 47 26 22 49 53 34 45 12 25 47 38 58 18 44 11 53 18 21 44 17 11 40 37 24 24 28 33 56 57 39 34 28 44 13 57 34 28 13 16 37
50 17 12 35 58 51 37 44 16 17 30 20 46 60 37 26 26 23 13 38 32 18 57 38 13 43 45 46 20 51 47 42 13 34 47 43 34 32 55 29 42 40 23 22 56 40 20 38 26 23 34 35 30 21 32 39 13 45 31 47 56 42 16 15 43 13 16 48 50 12 58 46 50 16 41 34 32 34 40 17
22 31 37 42 42 56 30 29 20 39 26 53 51 39 22 39 53 47 47 28 11 43 44 38 36 40 42 53 46 20 44 23 42 40 21 14 21 31 48 38 46 22 15 12 13 48 54 14 54 17 46 59 46 18 13 45 13 35 24 19 13 53 49 27 27 12 32 42 35 43 40 18 42 47 55 50 34 20 22 26
31 15 50 49 43 45 48 49 11 26 21 21 52 15 42 45 30 27 12 30 32 40 49 44 37 11 44 30 45 17 33 17 37 20 23 49 20 22 54 21 37 33 48 44 50 14 40 53 17 51 38 34 11 61 37 55 23 51 31 28 43 46 33 39 47 35 28 37 44 12 12 35 50 29 42 50 29 40 22 29
37 42 40 31 40 38 47 54 25 55 12 14 26 28 13 57 36 13 21 11 15 16 57 14 30 51 35 28 12 14 60 52 24 23 27 20 14 47 27 40 37 20 25 15 49 40 39 10 44 47 42 36 34 13 49 56 17 31 48 42 34 31 15 47 16 30 37 23 30 13 31 30 35 44 12 15 30 34 37 17
38 38 29 39 14 49 58 16 36 40 22 36 51 10 25 55 28 13 40 49 40 13 43 26 48 14 30 36 43 53 13 30 10 55 21 31 45 15 22 17 46 33 20 35 57 52 52 17 29 17 50 51 43 38 19 52 20 46 12 33 32 20 20 29 35 36 11 51 45 17 39 19 47 51 22 40 55 52 17 24
16 31 49 30 36 16 47 15 13 51 36 31 48 16 34 20 35 19 21 15 15 38 41 42 49 25 32 33 27 44 42 13 31 25 39 18 27 46 25 47 46 24 22 30 22 18 53 28 26 50 43 55 42 12 40 10 37 22 13 52 25 32 38 37 52 41 46 54 42 19 31 14 30 32 31 28 40 23 35 35
9 9 14 24 11 16 8 19 20 14 14 11 14 24 5 12 11 15 13 10 17 9 13 20 24 13 8 18 8 24 5 10 16 14 23 7 24 9 12 18 20 25 22 23 24 14 17 22 19 20 10 15 13 6 24 5 15 7 7 12 17 18 20 11 20 12 10 8 23 9 17 9 5 24 14 23 7 24 25 15
9 9 11 13 12 25 16 16 19 20 23 10 18 14 20 20 17 7 22 22 9 5 7 23 23 18 19 12 22 9 19 13 9 5 14 22 13 17 22 14 8 13 14 14 5 14 22 7 22 14 10 23 22 18 18 12 15 5 11 12 17 21 21 21 20 18 6 17 12 10 14 21 16 21 9 25 8 13 7 7
25 21 16 9 11 19 6 10 22 16 11 6 21 15 15 20 19 9 19 17 19 22 17 23 8 6 23 5 12 14 5 14 12 23 24 20 10 10 17 14 19 9 5 19 18 25 12 17 23 12 11 21 23 20 16 24 10 8 15 23 19 14 9 5 7 10 25 14 23 7 22 18 18 18 8 14 7 10 11 19
22 12 7 9 8 24 7 12 21 12 10 20 7 22 21 18 8 24 16 14 12 14 18 21 6 25 18 19 5 5 15 13 22 24 19 24 14 5 11 17 16 17 24 6 11 14 7 9 11 13 24 22 17 8 7 21 9 24 21 21 5 16 14 9 7 15 23 8 18 6 13 5 8 13 12 9 23 23 22 20
7 23 16 22 11 18 23 19 6 20 8 9 16 15 5 18 18 25 22 6 13 21 7 10 7 22 21 18 6 7 23 11 25 6 11 17 7 21 18 15 16 11 20 15 23 12 11 10 9 21 5 24 8 13 12 22 18 15 22 25 7 23 17 5 5 9 11 16 10 8 17 13 9 25 17 8 5 24 20 19
14 5 11 7 9 19 14 15 20 17 12 21 25 10 16 5 12 6 5 25 5 22 6 17 17 20 13 23 24 19 6 19 20 10 21 6 17 5 24 24 12 21 15 20 14 6 19 17 21 7 9 12 13 14 23 11 25 7 24 12 9 20 14 5 11 20 22 8 9 12 20 23 7 15 22 17 6 18 9 25
24 10 24 9 7 9 7 23 13 9 12 12 13 18 8 15 10 6 9 25 21 7 5 10 16 16 7 6 11 21 19 18 9 25 17 6 21 24 6 19 21 19 8 19 23 16 25 5 12 17 24 7 22 13 13 25 24 11 15 7 13 25 25 24 24 13 24 15 24 22 13 8 22 19 7 10 19 8 22 16
11 8 14 10 19 22 18 24 14 23 13 17 12 10 8 12 8 8 23 11 19 23 9 21 7 6 11 5 22 22 7 8 18 10 12 5 16 16 24 10 25 21 18 15 25 7 22 15 21 13 23 8 8 16 20 9 25 7 8 25 6 11 14 22 17 20 18 10 10 10 20 5 10 6 8 23 5 20 19 24
15 24 14 23 9 22 17 25 15 20 13 9 23 6 21 21 11 10 18 22 19 12 21 12 24 15 14 23 23 21 23 11 21 6 18 12 16 11 20 22 19 13 5 23 20 7 11 10 19 23 24 17 12 18 8 16 10 11 7 17 23 15 21 15 5 19 18 16 16 6 12 15 12 8 12 7 21 23 18 14
14 9 14 15 19 15 11 21 15 11 9 12 7 20 8 8 11 9 6 12 18 24 6 22 6 17 7 10 5 16 20 19 7 17 14 19 23 25 24 16 17 22 5 12 14 23 6 10 18 19 23 25 22 6 20 19 8 22 10 18 11 20 18 14 7 19 13 7 25 18 5 7 14 21 8 5 19 21 21 18
102 102 102 102 102 102 102 102 102 102
