10
40
38 37 21 27 24 26 39 38 22 42 12 48 29 44 33 36 33 47 14 47 15 44 25 40 23 40 10 40 14 19 38 18 24 19 36 16 13 29 9 48
25 19 38 48 32 34 27 31 26 23 21 15 11 18 44 12 22 29 34 14 14 46 13 16 13 34 21 21 38 22 26 46 37 49 23 36 22 27 24 31
24 28 43 24 30 26 43 42 19 32 18 23 15 39 27 10 20 31 23 18 17 25 32 23 21 29 12 47 28 12 45 14 21 45 36 17 34 16 44 20
17 35 24 13 45 31 45 38 17 18 21 23 28 31 27 14 39 20 26 22 27 41 28 29 40 21 37 11 14 40 18 38 29 30 30 20 41 20 44 46
44 17 37 20 19 23 17 44 26 17 18 41 10 30 37 9 29 23 28 23 36 40 16 37 44 14 48 30 18 36 12 39 16 45 38 35 12 41 23 40
36 32 37 11 13 35 17 13 27 15 31 45 32 45 23 31 11 27 32 43 23 44 25 46 39 21 42 11 17 28 39 29 40 32 10 15 40 20 18 21
42 18 10 28 21 35 41 40 35 28 22 20 14 46 16 33 11 30 25 14 41 31 30 25 32 31 17 46 13 39 24 16 31 41 18 33 39 31 44 45
44 27 38 37 17 35 15 43 28 42 36 38 45 38 11 23 42 40 16 28 31 29 21 20 20 39 36 12 42 39 11 30 11 19 30 16 16 35 16 46
45 32 44 43 16 31 22 31 12 43 22 11 30 10 16 20 28 17 32 47 14 45 24 32 13 19 32 43 26 36 34 40 33 46 33 15 20 33 19 23
33 11 26 36 29 32 20 9 31 16 10 14 18 46 13 33 36 37 27 10 18 22 46 42 50 29 37 40 30 23 20 45 39 16 23 30 30 12 31 17
41 41 23 27 24 27 41 42 24 46 14 50 31 50 34 40 37 52 16 49 16 51 30 45 24 45 13 44 16 23 39 20 26 19 36 17 15 31 10 53
28 24 42 50 38 39 32 32 28 26 22 17 12 19 47 12 27 35 38 15 17 52 14 16 14 36 23 23 40 25 29 50 42 52 26 40 24 31 26 36
26 32 47 27 31 27 44 44 19 37 19 25 18 42 31 13 22 36 27 19 19 28 38 26 25 34 14 49 29 14 52 15 23 45 40 18 35 18 51 21
19 37 28 16 47 37 53 41 20 19 22 27 30 34 33 15 41 24 28 26 34 45 33 30 49 23 39 11 15 41 19 46 30 36 31 21 46 20 49 51
47 19 41 25 22 25 19 48 28 19 22 44 11 34 37 10 30 26 28 27 38 49 17 43 47 16 49 35 22 43 12 43 18 51 43 39 13 41 25 43
41 35 40 14 14 39 17 15 31 16 32 50 39 47 23 36 11 34 32 50 27 47 26 49 42 23 43 11 19 29 40 35 45 34 13 16 48 20 22 24
46 19 10 30 23 37 46 42 35 34 23 24 16 52 18 39 13 33 29 16 47 33 30 27 35 33 19 53 15 47 25 17 34 44 19 33 43 34 46 49
49 29 43 40 18 38 17 50 28 43 41 47 50 43 13 24 46 42 19 32 33 33 24 22 22 44 40 15 45 47 12 37 14 20 30 18 18 36 18 48
55 33 47 45 19 34 22 35 12 47 27 12 34 11 16 23 29 20 38 52 16 47 28 35 13 23 39 46 29 39 34 46 37 50 38 18 22 33 20 26
38 12 28 40 31 37 24 10 32 19 12 14 20 49 15 35 40 40 33 11 20 25 46 47 51 32 43 44 35 27 21 50 45 19 26 34 32 14 35 17
15 13 16 8 20 11 10 21 24 6 5 23 13 13 23 17 5 10 24 20 7 22 16 18 10 8 24 14 20 12 15 24 14 23 17 16 20 6 16 23
11 9 24 12 15 23 8 13 23 7 18 18 23 15 19 22 11 24 8 14 9 15 21 18 21 11 17 5 15 16 5 21 24 6 8 9 16 9 25 21
7 16 20 25 22 16 11 25 16 21 14 5 10 16 11 18 20 21 9 10 12 8 13 25 14 22 16 13 19 6 12 22 14 11 15 12 11 16 11 25
6 21 10 9 22 14 10 12 14 23 14 23 17 20 18 24 12 10 7 23 22 22 17 15 12 24 18 16 14 19 21 23 23 13 12 23 23 23 6 12
20 23 18 18 10 20 7 9 6 20 11 19 21 10 12 23 7 12 8 10 9 19 10 22 18 22 20 8 5 22 17 10 12 14 13 12 9 9 13 15
19 8 22 22 6 22 17 7 22 6 11 12 13 24 14 25 25 19 21 6 19 6 24 20 21 25 20 25 8 20 13 13 9 25 20 15 6 14 15 13
14 10 21 21 16 7 14 15 10 11 9 23 9 23 14 16 12 12 24 11 15 13 13 21 13 8 12 22 5 19 19 5 18 16 13 14 6 22 19 21
17 13 6 20 19 5 24 14 9 25 14 14 18 25 24 12 22 13 12 8 23 19 6 12 5 8 14 14 9 25 22 6 6 13 16 5 5 22 12 13
11 24 11 14 18 19 22 7 24 21 18 22 15 5 21 20 24 23 15 22 24 7 25 22 15 9 13 5 25 12 7 10 13 19 18 13 14 13 12 23
23 5 17 8 15 25 12 19 14 7 13 20 7 12 13 16 13 11 15 8 25 5 23 25 6 14 25 14 20 15 25 21 20 13 21 17 11 10 18 18
56 56 56 56 56 56 56 56 56 56
