10
40
9 34 31 21 38 41 24 32 38 37 18 41 28 11 39 34 29 33 9 11 40 13 10 18 25 40 36 38 38 21 34 26 22 11 13 29 17 14 27 20
41 26 13 10 26 21 36 16 39 32 36 10 48 10 17 28 11 31 14 32 24 23 22 27 19 12 35 16 37 8 17 23 30 23 33 22 36 16 39 19
21 22 22 10 16 25 45 23 14 47 31 17 12 11 9 50 40 28 32 31 24 35 28 16 29 15 17 39 8 33 18 29 29 23 10 33 20 25 14 14
18 20 24 50 43 9 38 11 22 12 12 37 25 34 24 31 8 27 27 32 16 29 35 24 19 40 38 48 44 26 19 21 31 12 38 15 19 38 36 35
9 24 24 16 8 31 28 39 25 31 44 19 46 32 29 41 10 36 34 26 11 23 44 42 34 17 24 40 14 11 22 19 9 23 26 39 29 29 29 49
33 44 23 25 35 35 15 20 33 12 19 16 23 40 41 13 17 12 37 38 35 29 13 45 22 42 25 30 12 30 31 14 39 41 34 42 38 21 37 32
11 40 48 10 34 15 27 18 16 38 30 40 12 13 37 46 30 28 23 29 26 21 37 32 18 22 12 13 24 10 26 19 39 34 21 41 34 33 30 33
38 45 13 11 24 35 39 21 20 32 30 33 20 19 24 11 8 31 38 22 29 12 14 27 30 25 21 12 34 10 29 22 40 29 48 21 29 40 37 10
36 17 38 12 32 24 14 31 30 30 12 41 28 30 47 19 14 32 19 24 13 36 38 25 16 32 29 34 41 37 8 11 28 23 19 35 44 32 16 34
12 33 22 9 14 14 34 20 22 26 20 18 13 27 31 35 20 14 19 16 13 20 24 16 18 8 35 12 11 37 23 16 30 16 34 26 31 29 21 31
15 50 38 27 39 43 33 46 44 43 22 45 34 12 49 46 38 34 12 13 53 22 17 30 32 46 50 51 54 32 48 35 27 15 15 45 19 19 40 28
60 37 21 10 34 24 47 18 48 38 52 12 54 13 20 38 13 40 18 44 30 26 28 34 27 15 39 21 41 13 22 33 36 26 46 32 48 20 47 22
29 24 31 11 23 33 58 26 18 61 40 20 16 17 10 51 51 41 46 41 25 52 33 25 40 16 20 57 11 46 28 35 38 31 13 49 21 38 18 17
21 23 24 50 47 12 51 12 29 15 14 43 36 45 29 44 10 35 37 36 18 39 36 34 23 48 53 58 59 33 21 28 44 17 46 18 24 55 46 53
15 28 35 20 13 39 35 50 36 39 45 27 51 46 38 60 14 39 43 32 18 28 56 45 46 22 38 41 14 15 26 25 14 29 35 58 44 43 38 49
46 54 24 34 52 51 22 29 34 16 25 18 35 52 47 18 28 18 41 61 39 46 20 59 22 48 29 43 14 47 38 17 49 53 44 61 48 32 61 35
15 53 58 12 41 16 36 20 20 46 47 54 14 19 49 50 31 36 28 47 40 28 57 46 25 33 15 20 36 11 36 28 45 44 28 55 45 43 37 36
55 58 18 11 27 44 49 28 21 45 46 44 28 26 30 15 12 36 39 28 34 17 19 40 40 33 30 15 49 12 37 30 50 37 50 35 31 47 42 11
55 23 44 13 39 33 15 46 39 40 20 49 37 38 52 22 19 46 25 32 14 48 43 31 23 41 33 45 60 52 11 16 35 31 23 41 53 47 23 51
16 43 32 12 14 19 46 25 22 32 33 31 16 36 45 41 22 15 19 17 18 27 24 21 23 13 52 13 16 47 29 22 38 16 43 34 47 40 25 42
6 8 11 6 13 6 5 21 10 10 21 6 19 12 7 24 9 18 20 9 17 14 13 22 8 18 25 8 21 8 21 23 17 11 13 9 16 11 21 14
13 23 9 23 10 7 25 5 16 14 19 25 6 11 17 10 14 8 23 23 15 22 16 11 17 6 18 9 23 20 19 20 8 22 5 13 18 10 6 7
25 17 22 25 22 6 22 14 5 18 15 18 9 5 24 14 17 20 25 23 7 24 18 11 14 20 10 22 7 19 18 12 15 8 22 8 16 17 8 19
7 10 16 17 8 25 10 5 24 9 19 8 20 5 23 23 6 15 10 10 25 5 12 6 20 22 16 15 15 11 5 9 6 24 5 5 15 16 12 22
19 25 11 7 5 21 24 11 18 21 18 6 8 10 25 17 12 21 9 25 5 9 7 13 20 25 9 8 8 5 10 20 22 25 22 21 6 12 18 15
16 18 14 16 16 7 21 10 18 23 13 19 5 23 14 18 5 11 21 13 21 13 9 19 8 22 12 10 23 20 11 12 5 24 23 5 19 21 10 17
21 13 5 22 13 12 12 14 15 14 19 8 24 9 5 18 10 18 13 20 7 8 11 23 5 22 18 6 6 6 9 6 21 12 8 17 21 13 16 12
18 13 7 24 25 14 16 19 14 8 23 14 13 19 15 8 14 8 16 6 25 11 21 11 12 7 12 9 18 8 24 25 18 23 18 9 6 21 7 23
25 17 22 20 5 21 25 11 24 13 22 19 13 13 13 24 9 21 12 7 9 15 20 23 18 25 8 19 9 13 12 14 22 22 22 25 8 16 9 16
25 14 5 16 10 23 23 18 19 25 12 19 17 20 18 23 13 15 23 25 7 6 8 18 23 8 15 17 23 18 23 8 22 23 25 11 10 19 9 10
50 50 50 50 50 50 50 50 50 50
