10
80
27 14 30 29 27 28 30 23 25 11 35 45 24 33 40 24 34 30 35 30 19 45 12 34 26 31 27 12 25 42 49 33 25 8 19 16 31 16 15 46 41 22 22 34 14 34 9 11 18 11 35 34 21 32 34 42 30 21 30 31 49 38 31 22 14 23 16 20 20 37 29 14 13 28 31 11 28 15 29 42
30 11 38 25 43 44 34 16 25 36 16 20 32 25 33 28 12 22 41 13 30 20 25 14 14 42 9 16 28 10 32 32 40 38 23 46 14 18 21 12 9 44 10 15 37 33 34 37 34 33 10 30 18 9 28 33 8 7 27 34 11 39 41 12 34 18 27 22 33 40 33 15 16 29 21 18 43 29 16 38
8 42 8 28 44 22 11 23 14 23 25 19 24 11 14 31 34 10 18 21 11 27 18 15 7 30 14 25 27 48 33 14 19 19 17 35 15 27 22 37 7 12 19 26 19 29 10 35 29 24 33 45 8 42 27 34 27 11 31 18 33 34 34 20 16 31 22 15 30 45 18 44 9 28 45 41 20 16 40 37
13 33 15 41 36 26 13 22 16 21 14 30 39 9 18 34 26 37 24 14 38 43 32 28 17 11 18 16 19 34 24 13 33 27 29 26 25 44 32 30 29 44 29 9 25 36 23 41 33 11 9 11 15 15 18 9 24 46 11 33 19 9 9 43 18 19 34 23 20 18 20 33 15 25 18 26 30 35 12 34
39 31 41 28 27 13 21 15 24 25 40 37 25 8 22 45 16 37 11 23 14 18 15 46 48 10 21 14 35 36 22 39 41 26 32 27 35 38 13 13 44 36 10 28 36 36 44 18 9 20 17 13 29 49 20 18 44 8 40 39 24 9 40 20 16 16 38 26 11 20 44 39 33 36 33 20 15 28 18 14
15 10 25 22 45 10 18 37 34 29 26 20 15 10 24 13 12 9 21 26 24 50 14 29 34 27 45 31 8 33 21 24 31 27 35 44 25 43 32 44 36 28 43 9 33 25 44 27 17 13 41 26 16 14 48 12 16 25 27 9 34 35 20 33 23 28 46 35 32 28 30 27 44 46 30 10 16 23 37 27
44 23 38 44 16 13 27 23 22 35 39 29 28 27 41 31 9 12 32 42 33 8 25 38 10 31 43 31 36 46 11 33 15 16 27 12 25 27 23 12 36 35 18 28 15 8 37 15 20 21 28 16 19 24 14 32 12 19 35 37 22 11 27 22 15 31 8 17 20 38 25 13 32 37 18 21 38 8 21 29
30 10 36 41 36 38 28 14 39 26 9 29 37 10 26 41 23 23 29 12 27 28 43 24 17 31 42 20 16 33 9 13 38 29 23 37 27 28 42 38 15 32 29 33 19 17 38 38 34 19 31 15 10 19 9 12 32 20 38 40 21 36 34 29 13 33 31 42 13 38 10 38 22 14 32 8 29 40 13 26
22 19 12 32 17 39 45 12 34 42 42 22 35 36 27 11 15 16 35 33 36 27 37 28 29 28 31 40 28 17 16 44 25 25 9 32 32 8 30 24 11 31 16 30 21 26 29 37 42 43 36 42 35 36 29 41 41 40 34 12 16 45 20 22 23 36 41 33 12 24 24 25 15 27 21 18 15 18 21 10
19 18 23 35 29 31 41 15 25 43 8 13 22 19 25 43 24 39 22 19 37 15 16 25 20 15 24 35 31 21 16 35 41 38 31 9 31 18 33 33 33 38 43 47 31 41 35 8 25 47 38 37 33 22 9 33 25 27 15 18 36 11 45 8 26 16 37 42 32 13 38 32 10 9 18 15 31 29 13 43
32 17 41 31 31 40 44 28 31 11 43 51 36 52 62 36 42 40 43 39 24 55 16 36 33 42 39 13 32 51 49 46 30 10 25 21 45 23 19 60 54 29 24 45 17 38 12 12 23 11 46 46 31 43 50 52 33 22 35 40 49 47 44 32 16 29 18 25 20 43 38 20 19 42 38 13 44 20 44 56
38 14 50 32 48 51 40 23 36 45 22 28 38 27 40 37 12 29 43 16 38 23 27 20 20 52 11 20 33 15 36 53 43 38 30 60 16 26 23 16 12 47 12 15 54 49 40 52 40 45 14 48 24 10 37 49 12 10 34 51 17 41 48 15 41 26 35 35 43 58 41 20 17 30 28 23 50 41 20 40
11 47 11 33 51 24 14 26 14 30 36 26 26 17 18 42 45 12 23 27 13 42 26 17 11 40 17 28 38 53 41 20 25 26 21 57 26 32 30 55 10 21 28 29 20 33 15 54 34 35 47 57 11 50 32 37 33 16 34 23 40 44 56 28 24 40 25 23 41 52 24 56 11 38 47 52 25 23 41 48
20 46 17 52 39 30 18 29 17 24 15 40 54 12 28 48 35 39 36 17 51 49 40 30 21 11 26 20 23 39 37 19 47 37 36 29 34 52 37 31 40 48 37 12 35 56 34 48 42 11 13 11 25 20 22 14 32 50 14 41 23 10 14 58 23 23 38 27 24 27 27 38 19 35 21 36 49 46 16 37
47 42 41 35 36 20 27 15 32 41 56 45 36 12 35 52 16 46 12 27 23 22 21 47 54 11 30 17 49 38 29 61 53 31 41 40 47 42 14 20 52 43 16 41 55 60 50 27 12 23 25 18 35 60 30 24 51 12 40 49 29 12 50 27 20 24 57 43 16 27 52 42 47 44 45 25 19 39 21 15
18 11 35 27 61 14 24 49 37 36 33 24 17 13 27 18 14 14 30 35 30 59 18 32 43 36 51 45 13 43 26 30 37 28 45 49 38 56 39 55 56 34 53 13 48 32 52 30 17 18 49 31 20 21 51 19 27 36 36 13 45 43 20 33 26 37 53 42 38 30 39 31 60 53 37 13 20 29 46 41
44 29 40 54 18 18 35 31 29 44 41 38 30 29 41 44 12 16 48 46 49 11 38 58 11 46 57 35 43 49 13 45 17 22 31 18 32 45 31 20 46 46 25 39 24 12 42 23 24 30 38 18 21 39 20 45 13 25 50 60 31 18 29 32 17 45 11 20 26 51 33 22 35 50 29 29 55 11 26 36
39 12 48 47 58 39 35 20 48 32 13 41 42 16 27 51 30 25 36 15 45 43 46 31 23 40 53 22 17 40 11 17 51 35 32 56 38 39 59 50 17 46 41 48 23 23 40 52 46 25 37 18 14 23 15 15 43 27 49 41 24 46 43 33 13 41 32 46 15 46 14 57 26 22 42 12 35 48 19 32
26 21 14 41 22 53 56 13 44 48 50 26 42 48 32 18 22 17 47 43 45 33 57 36 35 32 43 49 31 26 20 50 39 35 12 36 38 10 35 36 12 39 20 38 26 27 41 41 51 55 45 57 56 48 37 59 55 55 43 15 18 47 26 23 23 54 54 46 18 39 29 40 19 33 26 19 15 20 24 14
24 31 36 49 31 40 49 18 28 52 13 20 27 25 33 51 29 39 35 24 52 24 22 39 20 20 28 56 52 21 19 55 52 55 46 16 40 25 39 43 42 56 54 60 42 54 57 11 35 51 55 48 42 25 10 53 30 37 20 24 47 16 56 11 38 19 50 54 50 17 50 35 11 10 25 16 41 46 15 57
15 13 16 8 20 11 10 21 24 6 5 23 13 13 23 17 5 10 24 20 7 22 16 18 10 8 24 14 20 12 15 24 14 23 17 16 20 6 16 23 11 9 24 12 15 23 8 13 23 7 18 18 23 15 19 22 11 24 8 14 9 15 21 18 21 11 17 5 15 16 5 21 24 6 8 9 16 9 25 21
7 16 20 25 22 16 11 25 16 21 14 5 10 16 11 18 20 21 9 10 12 8 13 25 14 22 16 13 19 6 12 22 14 11 15 12 11 16 11 25 6 21 10 9 22 14 10 12 14 23 14 23 17 20 18 24 12 10 7 23 22 22 17 15 12 24 18 16 14 19 21 23 23 13 12 23 23 23 6 12
20 23 18 18 10 20 7 9 6 20 11 19 21 10 12 23 7 12 8 10 9 19 10 22 18 22 20 8 5 22 17 10 12 14 13 12 9 9 13 15 19 8 22 22 6 22 17 7 22 6 11 12 13 24 14 25 25 19 21 6 19 6 24 20 21 25 20 25 8 20 13 13 9 25 20 15 6 14 15 13
14 10 21 21 16 7 14 15 10 11 9 23 9 23 14 16 12 12 24 11 15 13 13 21 13 8 12 22 5 19 19 5 18 16 13 14 6 22 19 21 17 13 6 20 19 5 24 14 9 25 14 14 18 25 24 12 22 13 12 8 23 19 6 12 5 8 14 14 9 25 22 6 6 13 16 5 5 22 12 13
11 24 11 14 18 19 22 7 24 21 18 22 15 5 21 20 24 23 15 22 24 7 25 22 15 9 13 5 25 12 7 10 13 19 18 13 14 13 12 23 23 5 17 8 15 25 12 19 14 7 13 20 7 12 13 16 13 11 15 8 25 5 23 25 6 14 25 14 20 15 25 21 20 13 21 17 11 10 18 18
19 20 10 14 12 13 20 19 11 22 6 25 15 24 16 20 19 24 8 25 8 24 14 21 12 21 6 20 8 11 20 10 12 9 18 8 7 15 5 25 13 11 20 24 17 19 16 15 14 12 11 8 5 9 24 6 12 16 19 7 8 24 6 8 7 18 11 11 20 12 14 24 21 25 12 19 12 15 12 16
12 16 23 13 15 13 22 22 9 18 9 12 8 20 14 6 11 17 13 9 9 13 18 13 12 16 6 24 14 7 24 7 11 23 18 9 17 9 24 11 9 18 13 7 23 17 25 20 10 9 10 12 15 17 15 7 19 11 14 13 16 22 16 15 22 11 20 5 7 20 9 22 14 17 16 10 22 10 24 25
24 10 20 11 10 12 10 24 13 9 10 22 5 16 19 5 15 13 14 13 18 23 8 20 22 7 25 17 11 21 6 20 9 25 21 18 6 21 12 20 20 18 19 6 7 19 9 7 14 8 16 25 18 23 12 17 5 16 16 24 13 23 12 25 20 11 21 5 9 14 20 16 22 16 6 8 22 10 10 11
23 10 5 14 12 18 21 20 18 15 11 11 7 24 9 19 6 17 14 8 22 16 15 13 17 16 9 24 7 22 12 8 16 22 9 16 21 17 22 23 24 14 20 19 9 19 8 24 14 22 19 22 24 21 6 12 22 21 9 16 15 15 11 10 10 20 20 7 22 22 6 17 6 9 15 8 8 18 9 24
25 16 23 23 9 15 11 17 6 22 13 6 16 5 8 11 14 9 17 25 7 23 13 17 6 11 18 23 14 19 17 21 17 24 17 8 11 17 9 12 18 6 14 18 15 18 12 5 15 9 6 7 10 24 7 17 19 20 15 5 10 12 23 23 25 15 21 20 17 13 10 24 21 9 13 16 15 6 17 8
106 106 106 106 106 106 106 106 106 106
