10
80
11 32 13 15 16 30 30 49 14 24 18 22 49 20 24 8 39 24 20 25 28 6 7 11 27 21 35 12 27 16 12 19 10 32 30 7 46 19 12 15 35 8 22 18 19 42 14 16 9 26 12 31 47 20 11 12 11 37 26 22 39 46 34 23 21 15 18 22 13 21 40 13 28 17 24 33 21 16 36 48
45 11 37 15 31 23 29 25 17 23 10 28 11 29 30 15 8 9 24 12 23 31 26 36 41 20 37 47 7 22 7 25 19 23 17 25 32 14 28 24 24 41 10 35 25 12 44 11 9 17 17 11 26 16 16 27 28 16 13 11 41 26 34 7 33 25 41 7 23 21 24 48 6 37 18 18 5 31 7 20
19 22 17 24 22 16 22 25 37 11 11 21 10 24 7 19 18 25 21 10 22 42 14 14 35 28 15 27 11 18 33 12 23 25 14 11 22 21 8 23 48 11 27 19 17 13 39 10 24 35 10 32 22 36 8 27 17 17 19 6 17 28 17 24 9 45 22 11 21 22 21 37 21 30 27 38 16 15 16 45
13 7 14 26 13 14 19 18 14 34 24 18 42 15 28 23 7 19 20 23 24 18 14 22 9 20 14 17 8 27 11 11 23 18 34 13 29 41 14 36 6 27 19 22 9 15 14 26 31 10 20 14 8 15 21 23 31 10 20 28 9 9 12 8 5 31 10 25 15 9 9 37 31 9 27 13 25 16 10 24
14 12 23 19 19 18 39 5 21 26 7 19 19 38 25 14 31 13 37 26 21 11 27 18 18 20 8 18 24 15 39 21 39 5 37 35 28 43 15 19 26 34 18 23 21 23 14 20 32 27 16 17 38 9 19 8 12 8 23 12 13 23 10 16 34 29 9 11 30 37 12 28 33 35 10 17 21 31 30 27
30 11 16 29 11 22 23 6 15 17 23 27 32 10 38 36 15 16 35 13 25 23 15 18 23 34 12 22 25 14 38 22 27 13 9 15 32 27 33 22 20 6 28 31 43 8 47 9 14 25 16 17 46 23 41 26 42 9 19 37 30 19 40 19 12 27 19 19 50 21 24 20 21 27 35 32 11 18 31 16
7 27 33 47 23 11 24 11 50 29 22 11 16 8 40 42 38 30 46 18 31 9 16 43 26 31 8 19 30 8 49 18 28 15 30 32 33 16 32 33 11 42 10 27 18 7 6 16 17 23 18 23 45 41 7 27 25 29 15 31 36 13 16 22 41 17 35 15 33 18 19 29 11 29 31 17 15 20 13 22
13 26 24 19 32 14 9 19 33 27 19 20 20 17 17 41 16 45 42 42 9 16 21 13 16 33 12 21 6 28 31 23 18 30 29 8 40 15 24 20 48 21 30 10 16 20 12 14 34 12 29 21 30 19 10 21 15 21 5 22 21 23 31 8 12 20 41 33 9 38 35 13 31 47 14 15 23 16 25 16
42 26 24 29 20 42 21 27 21 34 15 41 20 27 19 25 20 34 35 13 24 9 28 10 9 32 21 17 10 12 31 12 11 34 14 17 9 7 22 31 35 15 30 11 19 7 33 14 21 44 10 26 42 5 14 18 12 8 8 29 49 26 39 24 22 21 34 27 15 38 6 23 21 21 24 27 19 20 10 25
10 35 9 34 24 16 30 29 21 12 40 17 38 24 15 36 15 31 33 18 16 30 12 8 8 14 20 32 16 38 40 44 36 28 36 17 14 9 23 12 32 30 26 12 10 18 22 10 16 11 30 25 23 19 22 26 35 34 26 20 20 32 29 23 20 10 21 34 13 15 24 29 11 26 32 5 44 10 7 11
24 48 25 27 32 58 54 63 20 64 46 43 54 23 38 15 50 50 49 39 54 14 22 16 49 38 50 31 43 38 13 27 16 36 52 16 63 19 26 15 40 14 33 38 30 50 34 40 14 46 18 56 58 37 24 22 18 51 45 22 42 63 57 35 40 28 39 40 23 29 56 25 52 28 32 56 39 37 53 51
62 12 49 45 49 38 53 36 27 46 16 45 21 44 37 23 24 15 51 31 48 50 58 57 41 35 58 55 14 43 14 36 34 39 41 27 64 16 52 48 37 53 15 58 58 23 63 15 14 28 36 15 60 23 19 34 56 34 27 23 49 38 45 13 64 31 56 18 34 58 65 59 15 44 30 27 13 52 14 40
23 26 28 38 61 23 36 28 53 23 24 57 21 65 13 36 28 48 28 20 47 59 16 26 47 50 25 44 24 26 55 19 56 57 36 23 44 31 18 25 58 20 45 49 33 21 64 13 45 64 17 57 56 54 11 58 25 21 19 10 37 45 36 39 17 69 36 23 36 31 44 54 40 57 49 48 21 25 16 69
22 12 27 37 21 29 30 33 26 56 28 37 56 20 37 38 14 28 28 35 53 37 37 46 17 24 24 37 15 46 21 21 58 40 47 14 44 62 26 45 10 33 44 36 17 19 19 44 40 12 40 41 12 27 26 25 58 15 37 47 17 24 24 16 15 45 12 51 26 28 18 63 52 25 50 22 57 27 23 43
28 26 28 45 41 47 62 12 26 53 16 21 22 52 42 14 49 27 45 31 51 16 37 28 50 39 12 47 37 23 47 39 52 12 58 45 37 46 19 38 49 66 21 53 41 30 31 36 62 45 16 27 43 28 40 21 28 19 30 18 22 45 14 23 63 49 17 24 48 58 15 30 49 64 13 28 39 44 45 62
57 30 30 35 19 51 62 16 32 46 30 38 72 30 48 47 27 18 44 16 61 55 30 24 47 60 22 48 34 21 65 44 50 18 28 24 53 53 40 35 23 14 40 61 50 10 54 15 22 39 33 36 67 47 45 57 61 21 35 61 60 43 49 29 22 45 41 51 65 45 63 26 31 56 43 63 27 32 42 26
17 60 47 68 45 20 28 26 63 59 32 27 30 15 56 43 47 65 72 23 57 14 22 65 36 53 16 30 62 15 65 38 50 32 33 50 45 19 54 41 21 67 14 37 31 14 13 47 25 36 47 25 62 66 11 67 58 47 16 48 65 28 35 35 65 42 58 23 60 35 30 46 14 51 48 21 45 45 17 31
32 48 49 39 45 21 18 44 59 39 46 50 42 32 28 52 26 54 55 53 15 28 26 19 32 56 19 23 15 31 45 29 40 54 41 19 47 22 48 30 66 28 51 23 29 37 17 24 34 26 73 32 42 35 26 48 33 36 12 46 25 34 36 19 26 52 56 63 20 71 46 20 43 57 31 21 30 18 48 24
43 49 53 35 22 51 34 43 40 71 20 56 37 53 39 41 46 57 53 38 50 18 41 18 23 40 43 24 13 15 41 17 15 42 16 39 17 12 36 51 36 18 44 19 35 20 54 15 51 69 16 35 68 12 29 26 22 16 13 50 55 67 63 37 34 38 54 43 20 73 15 23 48 32 43 44 30 53 25 31
12 51 14 44 48 20 56 33 31 17 57 25 44 45 28 49 21 69 66 26 35 53 18 15 14 36 34 65 21 71 46 58 45 39 37 24 39 16 39 33 42 43 47 32 11 35 32 20 28 21 46 42 44 24 43 51 43 51 31 50 54 49 40 40 44 20 39 44 23 37 57 47 25 52 47 12 69 17 16 11
20 9 15 12 14 14 15 18 19 19 5 24 9 11 12 8 18 24 20 15 23 11 15 25 13 10 18 7 22 6 11 22 19 23 5 5 15 14 7 14 6 15 18 18 7 7 5 12 21 7 7 16 5 14 9 25 8 23 8 17 19 16 11 9 6 12 9 20 24 19 7 7 18 5 25 17 7 23 18 15
11 24 6 17 24 18 6 16 6 21 18 9 8 9 13 24 25 7 17 16 25 24 7 13 24 20 21 6 8 19 7 5 19 15 20 20 21 23 21 8 5 10 13 9 7 14 19 20 12 7 6 14 21 14 25 9 14 22 5 12 6 9 18 11 13 19 20 6 18 19 14 7 24 11 5 5 11 10 14 18
5 24 23 17 10 5 23 16 11 5 24 24 15 20 20 20 15 22 23 20 11 10 11 23 13 12 15 5 9 5 14 18 14 20 15 9 8 6 10 12 17 17 7 7 23 24 9 24 5 22 12 25 14 9 6 7 22 15 5 20 9 23 16 21 8 9 21 15 5 17 5 19 7 13 15 16 14 9 9 13
21 9 17 5 15 21 19 10 15 13 8 18 15 14 8 7 10 17 23 21 9 5 8 20 16 21 11 20 11 15 8 22 12 25 15 10 20 20 13 7 14 8 23 12 5 24 21 24 21 20 9 14 24 16 10 19 12 21 5 11 10 9 22 23 8 20 7 6 10 15 23 11 16 17 10 17 16 5 13 12
16 5 17 24 7 19 24 20 21 22 17 5 7 13 11 13 14 18 22 24 25 25 24 19 15 25 23 7 18 7 9 21 9 13 5 19 18 20 10 10 25 7 6 17 10 20 24 9 9 14 14 13 16 19 21 7 20 8 14 17 22 5 20 16 9 12 25 11 5 13 19 18 21 9 25 23 7 10 14 7
12 14 5 5 16 17 25 13 19 17 9 5 9 10 22 5 21 25 7 14 21 6 21 11 25 12 5 20 20 20 22 9 16 15 23 14 9 12 13 18 12 11 16 9 24 20 19 21 6 24 14 20 7 18 18 20 5 12 14 8 6 15 13 13 10 25 18 13 22 8 7 22 20 21 9 10 20 6 21 12
23 12 11 25 6 15 14 15 11 15 15 8 24 12 22 22 21 24 13 19 9 20 18 5 17 9 10 6 12 13 24 11 25 5 12 24 15 20 25 11 24 20 5 21 22 19 5 18 9 22 12 8 10 13 19 14 13 9 6 23 10 12 8 13 22 11 16 15 7 23 5 21 24 14 24 8 8 15 10 6
14 21 8 19 14 25 13 10 18 6 12 21 19 10 24 11 22 5 7 17 13 7 23 19 6 21 19 16 7 11 7 11 10 16 21 10 9 23 9 22 13 17 7 6 21 24 24 23 5 19 18 10 17 7 7 22 23 10 23 7 19 10 14 20 9 9 12 23 21 8 20 14 20 8 17 25 14 19 10 24
13 10 6 15 24 8 17 8 22 25 15 11 19 24 15 21 17 19 15 19 8 11 6 16 14 19 15 23 12 15 9 14 20 12 16 15 9 6 14 16 6 21 21 14 21 18 19 23 18 11 6 21 9 14 15 17 8 18 20 9 7 22 15 12 16 6 17 13 9 10 10 5 19 22 13 25 13 6 24 16
10 24 10 13 15 11 19 7 10 7 16 14 5 22 7 20 11 7 6 14 16 19 21 18 15 25 9 14 22 17 11 11 11 6 14 23 16 5 18 21 6 20 16 7 11 6 10 20 9 20 7 25 15 22 6 16 8 19 13 13 5 8 11 24 13 21 16 14 17 15 17 8 17 18 15 23 22 20 18 15
110 110 110 110 110 110 110 110 110 110
