10
40
12 22 22 23 17 34 24 25 12 33 15 28 35 23 12 31 29 40 43 12 7 18 37 27 21 29 22 34 23 11 21 16 28 31 14 6 11 23 35 21
36 12 7 6 11 26 38 11 27 12 42 33 37 9 9 26 8 26 18 15 7 24 45 20 22 12 18 25 20 33 26 11 34 34 35 25 23 11 10 11
18 9 47 32 24 37 31 27 5 13 9 10 30 7 20 26 18 24 6 20 25 34 22 31 23 5 26 23 34 10 23 8 23 10 16 28 9 18 32 16
27 27 41 18 37 11 26 29 15 44 21 31 7 28 30 46 23 28 24 16 22 42 16 33 45 20 25 19 24 10 10 26 31 27 30 41 23 25 12 21
22 33 33 24 39 27 25 33 20 27 6 12 12 22 7 43 28 11 10 7 10 13 48 9 15 48 20 16 7 10 45 43 15 17 19 13 7 27 24 27
36 8 20 8 33 24 17 10 31 35 31 26 22 9 39 22 13 18 43 23 19 18 6 33 14 18 30 14 12 12 20 25 19 31 10 7 28 18 17 14
27 18 17 27 9 35 43 10 20 19 9 20 38 10 24 38 24 10 30 36 33 10 33 15 27 11 25 27 21 46 6 16 10 27 12 27 23 12 15 13
31 20 18 18 36 47 45 11 19 17 24 34 38 23 17 40 13 32 5 29 16 15 14 25 23 23 8 31 28 10 28 12 43 28 18 21 43 26 8 20
7 21 40 19 17 15 36 10 11 28 27 18 27 11 29 12 25 15 14 13 11 19 18 33 30 13 20 17 17 28 28 12 16 23 32 11 25 34 18 39
20 18 20 22 12 10 33 22 14 41 22 37 17 9 32 8 16 15 11 40 23 23 25 21 39 30 25 43 36 15 29 8 16 24 22 14 32 15 29 18
23 39 36 46 48 48 32 40 22 57 26 62 45 53 19 54 64 45 68 26 15 48 52 54 39 37 44 61 52 21 41 20 53 50 20 18 23 25 55 36
49 20 16 15 11 58 64 17 63 19 50 59 38 23 19 58 13 44 26 24 18 64 57 25 29 15 30 46 45 46 43 26 35 48 51 45 36 24 26 24
35 18 62 47 49 57 60 47 13 34 20 24 55 16 52 42 39 27 10 34 39 36 52 44 50 12 51 31 52 16 44 22 49 20 31 59 21 21 64 23
39 45 57 43 51 18 36 53 17 50 55 41 13 50 40 51 31 47 29 39 42 45 38 37 57 47 33 44 54 18 11 41 58 40 37 66 29 37 31 27
30 49 50 39 51 48 59 58 23 51 16 14 24 38 14 56 32 16 24 15 15 20 56 15 32 67 48 30 15 18 71 55 32 30 34 19 16 58 27 48
42 19 29 19 49 48 42 13 42 41 49 51 39 14 56 58 21 32 71 47 46 38 18 54 19 39 47 28 28 12 34 34 45 49 15 15 39 47 45 18
42 40 42 39 12 45 55 19 39 50 21 39 51 15 29 68 35 17 50 50 48 16 54 26 48 20 40 38 52 52 15 41 12 59 23 43 61 21 25 15
57 41 20 42 53 67 59 25 37 19 63 43 47 38 18 55 22 52 14 36 31 24 22 33 36 32 16 64 37 19 43 24 50 59 23 41 51 57 19 20
16 31 59 33 32 19 57 17 14 48 40 32 54 19 44 18 32 23 28 21 18 42 33 43 56 25 40 32 39 58 37 19 33 29 41 21 36 58 36 45
44 24 24 33 23 15 46 35 27 65 42 58 41 11 49 13 32 27 13 60 24 37 38 47 72 36 41 63 57 22 43 17 37 34 39 28 47 29 41 36
19 19 8 13 7 13 15 5 25 17 6 17 9 18 25 7 16 25 10 5 21 16 25 6 16 21 18 20 11 5 6 12 8 12 15 24 10 9 22 22
14 7 7 17 10 7 16 10 14 11 8 17 24 13 12 23 14 20 17 5 19 19 22 14 11 12 19 20 19 16 18 8 13 11 11 7 18 14 14 14
17 8 17 6 24 14 8 9 11 13 19 13 24 11 12 5 13 24 23 8 24 23 25 9 17 16 23 22 13 17 8 12 16 17 11 23 5 14 20 18
10 22 20 14 7 8 11 10 15 25 16 17 5 10 10 7 13 21 12 11 15 25 14 18 21 8 15 13 10 22 16 25 7 23 25 23 24 25 16 14
11 22 14 14 5 13 9 8 7 17 16 10 17 18 11 7 15 7 15 6 17 14 17 24 18 21 23 13 5 5 11 21 16 13 18 9 20 15 25 19
23 25 19 14 8 9 9 16 20 8 7 14 19 21 5 13 9 14 9 23 20 10 8 19 18 11 16 14 20 10 23 5 15 18 9 20 16 22 22 24
13 16 12 7 7 25 13 11 9 11 9 6 13 6 24 18 23 16 23 21 15 7 16 17 21 21 23 25 22 9 8 8 6 8 17 19 7 16 15 18
21 11 9 24 25 14 20 6 11 20 17 24 9 22 5 25 9 8 21 7 5 18 15 11 11 13 15 25 24 19 16 12 21 6 25 14 12 5 8 16
21 7 6 18 24 25 18 20 8 8 12 8 23 25 16 12 13 10 6 18 14 8 25 18 6 19 18 19 8 23 24 18 6 14 23 19 17 15 24 14
20 19 11 10 23 17 8 17 13 10 17 18 15 11 16 17 6 21 16 21 23 19 7 7 19 6 7 24 21 5 24 22 24 8 18 14 15 15 19 7
52 52 52 52 52 52 52 52 52 52
