10
40
16 29 28 39 29 41 21 27 18 29 21 39 38 29 14 37 36 36 36 18 8 36 39 33 22 32 36 46 35 17 27 19 33 34 16 12 18 24 40 26
39 19 11 12 10 37 36 13 44 13 37 41 29 15 12 33 9 31 22 13 9 37 43 17 20 11 21 25 23 30 25 18 26 31 40 38 22 16 14 21
23 11 44 35 35 34 40 39 10 20 15 20 37 11 36 38 21 22 7 23 24 25 30 33 34 11 36 21 42 10 24 14 27 14 18 46 19 15 43 13
29 25 32 27 39 9 29 44 13 37 33 31 9 47 29 39 21 32 23 26 29 33 23 29 41 31 25 24 39 11 9 29 38 27 26 45 20 32 18 24
24 30 32 22 32 26 43 37 17 38 10 10 21 26 11 46 29 8 16 10 14 12 39 10 21 41 32 20 10 11 36 43 20 17 24 15 13 39 20 29
28 12 18 11 47 29 27 9 39 36 31 25 22 10 37 33 12 22 36 37 28 23 9 40 15 24 28 15 18 9 25 23 33 28 11 9 30 24 26 12
30 28 23 25 9 33 44 15 23 39 13 25 38 10 24 36 24 12 27 47 31 11 35 21 34 10 21 27 33 41 11 21 7 36 19 23 43 15 18 13
33 23 16 34 39 36 46 17 19 15 39 35 37 29 16 42 14 36 7 25 21 16 14 18 22 30 11 42 34 15 28 17 44 34 14 31 42 40 12 16
12 29 32 18 23 14 43 14 10 32 26 23 37 11 28 18 23 17 15 12 13 29 33 32 41 17 26 24 24 34 35 10 21 24 32 14 25 42 24 40
31 20 20 22 16 14 43 20 21 43 37 38 27 7 29 7 31 18 8 39 22 22 25 28 48 26 39 42 33 14 26 13 26 26 26 25 31 16 24 24
22 38 39 45 39 47 25 35 21 42 26 50 45 45 19 43 49 43 51 30 13 46 41 45 30 34 41 60 48 19 45 24 45 43 22 13 21 27 51 32
42 22 12 15 11 49 53 15 47 17 54 51 46 16 14 39 14 38 22 18 13 46 60 26 26 12 32 38 36 41 35 18 35 45 61 50 35 23 21 25
34 14 56 49 47 41 41 47 11 31 20 23 53 15 40 48 28 25 11 29 33 34 46 45 36 13 50 34 54 15 37 18 38 18 24 51 21 23 51 20
39 34 49 39 49 15 42 52 17 52 44 41 11 59 35 56 24 42 26 29 40 46 31 38 54 34 28 37 52 13 10 33 47 36 35 49 33 35 22 31
33 44 40 30 48 39 54 59 22 60 13 14 25 33 13 48 33 12 21 11 16 18 49 14 29 55 39 24 12 14 56 53 26 20 24 19 16 45 26 37
43 21 23 17 48 40 38 12 48 42 44 40 33 15 51 52 16 29 56 44 38 28 13 42 17 37 44 21 28 13 34 29 41 39 11 14 37 32 40 17
39 38 36 34 15 45 54 15 36 48 18 34 54 12 30 60 32 15 41 51 43 13 46 23 51 16 29 38 47 57 13 30 12 51 20 32 51 18 19 15
41 32 23 42 56 51 58 18 31 17 52 50 51 36 21 51 20 46 12 31 32 17 18 26 35 40 13 51 45 19 40 17 56 50 21 36 52 43 15 23
16 38 49 25 35 16 45 15 11 46 33 31 47 16 34 18 30 21 24 17 16 44 41 43 49 25 35 33 28 45 40 14 30 27 42 18 26 48 27 52
49 21 25 33 21 18 48 29 25 48 41 49 37 11 42 12 34 22 13 60 25 33 33 37 51 43 48 53 46 19 32 14 37 28 32 30 36 23 32 35
19 19 8 13 7 13 15 5 25 17 6 17 9 18 25 7 16 25 10 5 21 16 25 6 16 21 18 20 11 5 6 12 8 12 15 24 10 9 22 22
14 7 7 17 10 7 16 10 14 11 8 17 24 13 12 23 14 20 17 5 19 19 22 14 11 12 19 20 19 16 18 8 13 11 11 7 18 14 14 14
17 8 17 6 24 14 8 9 11 13 19 13 24 11 12 5 13 24 23 8 24 23 25 9 17 16 23 22 13 17 8 12 16 17 11 23 5 14 20 18
10 22 20 14 7 8 11 10 15 25 16 17 5 10 10 7 13 21 12 11 15 25 14 18 21 8 15 13 10 22 16 25 7 23 25 23 24 25 16 14
11 22 14 14 5 13 9 8 7 17 16 10 17 18 11 7 15 7 15 6 17 14 17 24 18 21 23 13 5 5 11 21 16 13 18 9 20 15 25 19
23 25 19 14 8 9 9 16 20 8 7 14 19 21 5 13 9 14 9 23 20 10 8 19 18 11 16 14 20 10 23 5 15 18 9 20 16 22 22 24
13 16 12 7 7 25 13 11 9 11 9 6 13 6 24 18 23 16 23 21 15 7 16 17 21 21 23 25 22 9 8 8 6 8 17 19 7 16 15 18
21 11 9 24 25 14 20 6 11 20 17 24 9 22 5 25 9 8 21 7 5 18 15 11 11 13 15 25 24 19 16 12 21 6 25 14 12 5 8 16
21 7 6 18 24 25 18 20 8 8 12 8 23 25 16 12 13 10 6 18 14 8 25 18 6 19 18 19 8 23 24 18 6 14 23 19 17 15 24 14
20 19 11 10 23 17 8 17 13 10 17 18 15 11 16 17 6 21 16 21 23 19 7 7 19 6 7 24 21 5 24 22 24 8 18 14 15 15 19 7
52 52 52 52 52 52 52 52 52 52
