10
40
14 10 13 13 14 20 25 20 21 19 18 21 46 11 32 10 25 9 9 25 6 30 12 17 17 40 19 35 31 37 11 35 39 15 25 12 28 5 28 41
21 39 19 27 13 11 19 24 31 12 14 12 17 19 29 17 32 14 44 15 9 23 27 10 11 21 28 13 13 22 28 25 7 25 39 22 13 29 15 28
33 10 38 18 10 9 7 30 22 12 23 16 20 32 12 26 13 10 10 45 38 10 7 11 25 30 13 10 18 38 21 24 11 44 28 11 36 45 9 33
21 22 16 21 43 26 39 7 19 31 41 9 34 16 19 24 35 21 26 11 17 46 38 36 45 13 34 26 40 22 14 12 32 32 10 10 32 11 34 25
12 9 28 18 32 28 34 36 22 34 18 19 23 17 17 22 8 14 46 17 23 24 16 28 15 11 16 10 30 27 15 12 36 14 22 5 23 32 44 15
27 24 18 18 28 9 21 25 26 25 39 15 14 25 22 15 27 8 13 29 12 15 15 39 17 36 27 13 11 21 27 9 10 10 10 44 10 39 29 41
22 43 18 36 17 35 29 32 23 20 16 18 45 12 34 41 12 10 18 29 24 18 37 15 26 21 25 43 23 34 30 12 37 11 31 20 25 19 23 22
21 20 7 34 36 13 18 20 32 32 47 26 19 33 14 31 12 14 8 27 36 20 21 26 6 34 23 17 27 7 15 26 16 17 14 13 26 28 27 27
17 12 25 29 23 18 13 21 24 22 12 15 14 26 15 11 16 9 7 19 17 35 8 23 10 34 10 11 10 29 26 32 10 19 23 19 26 32 46 15
26 37 8 17 26 29 6 19 30 29 22 30 34 6 35 30 16 24 11 36 11 34 22 14 9 19 13 13 33 33 6 10 22 41 11 5 22 23 34 25
36 16 23 21 20 55 35 30 59 38 28 47 60 24 47 13 31 19 13 64 12 57 17 40 41 52 29 57 60 57 18 48 60 25 42 13 48 11 48 52
24 52 34 56 37 17 40 44 48 16 19 32 33 31 48 33 73 16 57 29 23 60 29 14 34 51 46 21 22 36 46 62 14 30 66 39 18 51 21 62
47 22 67 20 18 24 17 52 28 25 28 31 39 42 19 36 19 18 17 73 53 18 13 27 47 37 14 14 29 48 40 37 24 75 42 17 47 70 18 51
52 54 21 52 60 43 52 12 29 47 55 17 51 31 35 60 68 24 31 15 37 73 73 70 67 34 51 45 52 52 34 18 57 43 17 23 40 23 44 36
29 24 33 25 51 57 44 48 29 56 30 40 24 27 21 35 20 16 66 27 45 59 26 56 22 14 28 14 51 61 17 19 42 29 28 14 32 36 59 25
57 41 41 43 74 19 49 31 45 29 46 17 23 44 58 21 60 17 24 72 17 29 32 44 44 44 48 29 30 27 57 10 26 13 18 50 10 54 42 66
45 51 37 57 27 48 43 54 30 52 37 26 60 13 53 47 28 21 47 49 51 31 56 30 57 31 29 59 57 63 60 33 57 18 36 30 45 25 54 54
47 33 13 65 44 19 33 20 52 66 51 36 31 52 20 43 20 27 17 45 58 42 53 37 12 42 44 31 48 14 29 35 34 23 35 17 48 48 53 32
35 20 37 32 40 33 28 50 42 33 24 25 18 45 18 19 32 26 15 28 42 49 18 56 12 37 20 29 13 44 43 54 15 40 33 51 63 64 63 31
37 49 15 36 41 61 18 25 41 39 58 63 56 15 51 53 22 56 27 47 26 52 38 40 20 51 36 15 65 54 12 20 34 50 18 15 52 61 43 48
9 9 14 24 11 16 8 19 20 14 14 11 14 24 5 12 11 15 13 10 17 9 13 20 24 13 8 18 8 24 5 10 16 14 23 7 24 9 12 18
20 25 22 23 24 14 17 22 19 20 10 15 13 6 24 5 15 7 7 12 17 18 20 11 20 12 10 8 23 9 17 9 5 24 14 23 7 24 25 15
9 9 11 13 12 25 16 16 19 20 23 10 18 14 20 20 17 7 22 22 9 5 7 23 23 18 19 12 22 9 19 13 9 5 14 22 13 17 22 14
8 13 14 14 5 14 22 7 22 14 10 23 22 18 18 12 15 5 11 12 17 21 21 21 20 18 6 17 12 10 14 21 16 21 9 25 8 13 7 7
25 21 16 9 11 19 6 10 22 16 11 6 21 15 15 20 19 9 19 17 19 22 17 23 8 6 23 5 12 14 5 14 12 23 24 20 10 10 17 14
19 9 5 19 18 25 12 17 23 12 11 21 23 20 16 24 10 8 15 23 19 14 9 5 7 10 25 14 23 7 22 18 18 18 8 14 7 10 11 19
22 12 7 9 8 24 7 12 21 12 10 20 7 22 21 18 8 24 16 14 12 14 18 21 6 25 18 19 5 5 15 13 22 24 19 24 14 5 11 17
16 17 24 6 11 14 7 9 11 13 24 22 17 8 7 21 9 24 21 21 5 16 14 9 7 15 23 8 18 6 13 5 8 13 12 9 23 23 22 20
7 23 16 22 11 18 23 19 6 20 8 9 16 15 5 18 18 25 22 6 13 21 7 10 7 22 21 18 6 7 23 11 25 6 11 17 7 21 18 15
16 11 20 15 23 12 11 10 9 21 5 24 8 13 12 22 18 15 22 25 7 23 17 5 5 9 11 16 10 8 17 13 9 25 17 8 5 24 20 19
50 50 50 50 50 50 50 50 50 50
