5
80
12 10 27 23 45 9 19 30 25 22 17 22 15 12 25 9 6 10 22 25 23 42 8 18 21 27 45 19 7 21 18 19 32 15 22 43 27 30 35 31 39 16 33 6 36 20 35 27 13 14 35 26 15 18 28 14 14 21 30 12 23 33 16 25 17 22 34 30 27 28 25 25 38 33 36 9 11 18 35 26
33 25 30 36 13 17 20 26 14 20 31 18 24 15 31 21 6 11 34 32 37 5 27 48 8 21 37 33 31 32 11 26 14 11 18 9 20 19 15 13 41 37 12 24 16 7 32 10 19 23 18 9 11 17 8 36 10 13 32 43 13 9 21 27 15 34 5 11 18 27 15 9 21 27 20 20 45 10 21 22
26 12 28 29 39 36 27 15 35 17 6 23 40 10 22 28 16 22 20 14 32 28 44 30 12 20 47 10 10 24 7 8 28 22 18 31 19 27 49 39 13 36 28 31 11 18 28 24 39 13 21 16 7 18 10 13 27 21 40 41 19 33 33 25 10 38 30 33 12 31 11 26 12 19 32 11 21 34 10 26
14 14 9 18 16 45 43 6 37 40 30 16 21 40 15 12 10 8 25 40 29 32 38 15 19 16 36 47 22 15 11 45 22 21 8 30 34 6 24 24 10 17 14 35 16 22 23 39 35 24 21 30 36 29 26 29 30 44 28 7 12 35 12 18 23 41 45 32 11 24 20 30 12 21 18 17 13 18 15 10
15 16 27 39 15 33 30 13 17 31 7 13 12 12 16 35 25 29 24 14 37 16 19 30 11 15 13 28 40 13 14 46 40 40 39 9 32 22 33 22 32 32 35 37 32 30 43 5 26 29 23 31 35 22 10 31 24 30 10 22 37 14 43 6 19 16 37 31 28 15 26 25 6 9 13 11 17 29 9 36
18 12 35 36 56 13 26 65 51 44 42 25 17 17 33 19 16 15 30 38 34 69 19 32 55 31 53 50 12 52 31 31 47 33 57 66 40 59 41 66 48 42 56 12 44 38 67 39 21 19 49 34 22 28 56 22 22 35 30 15 58 47 30 41 34 33 51 46 45 43 45 29 71 58 55 12 27 33 53 46
62 26 57 68 22 26 44 34 40 51 58 52 33 36 58 45 15 20 51 62 66 14 42 62 12 47 60 44 52 59 15 47 21 22 35 22 33 52 26 24 52 47 35 36 21 13 41 31 25 28 38 20 27 48 23 48 16 26 58 71 33 22 34 29 18 55 16 17 35 48 42 19 37 47 35 38 55 12 27 49
45 14 58 48 65 47 36 25 54 35 15 49 54 21 39 44 29 31 41 17 48 36 52 46 23 51 67 27 22 44 13 20 55 33 38 68 38 37 72 59 21 44 45 54 25 33 42 43 53 27 48 22 16 30 12 14 40 24 44 49 30 52 57 30 14 43 33 64 20 50 16 51 30 26 43 13 41 53 23 39
36 23 20 36 25 53 73 16 39 65 59 29 54 58 40 21 20 18 53 40 50 37 47 46 42 44 49 50 42 22 24 55 33 33 14 50 41 14 42 34 16 49 22 46 35 30 41 61 58 54 40 69 57 54 50 64 69 46 45 18 19 56 26 30 30 65 61 50 17 38 35 37 16 37 26 19 21 20 27 15
33 32 31 47 38 40 54 22 28 68 12 26 26 24 30 61 30 46 36 22 51 21 21 41 27 18 34 48 45 22 21 57 53 58 55 15 38 33 46 44 43 57 49 52 45 51 69 15 40 64 61 51 42 31 12 45 40 44 24 30 45 20 66 12 45 26 52 70 42 19 49 51 12 11 26 21 40 50 19 57
16 8 18 15 13 18 20 13 15 5 20 23 16 22 25 15 20 18 18 17 11 24 6 18 15 18 16 6 13 22 25 19 15 5 10 8 21 10 8 25 24 14 12 21 7 19 6 6 9 5 20 21 14 20 21 24 16 11 16 16 25 20 21 15 8 13 8 11 10 19 17 9 8 18 17 6 18 8 18 25
17 6 24 15 22 25 18 10 17 19 10 13 19 12 19 16 6 14 21 6 17 11 14 8 9 23 5 9 17 6 16 22 21 19 12 25 7 11 11 8 6 23 5 7 25 21 20 24 18 23 6 19 11 5 16 22 5 5 17 21 7 20 24 7 18 12 16 15 21 24 21 9 8 14 12 10 25 16 8 20
5 23 5 15 22 12 6 12 7 14 16 11 13 7 8 17 20 6 11 11 6 18 11 8 5 18 8 13 17 24 17 8 11 12 9 23 11 13 12 25 5 8 12 13 9 17 7 23 15 15 19 25 5 22 14 18 14 7 16 10 19 18 23 14 11 18 11 10 19 22 10 23 5 18 23 21 12 9 20 22
9 20 9 22 18 14 8 14 8 10 7 16 22 5 12 22 17 19 14 7 21 23 20 14 9 5 11 10 10 18 15 9 22 17 15 14 16 24 18 15 18 24 18 6 14 24 14 21 18 5 6 5 10 9 9 6 14 24 6 18 10 5 6 24 10 11 18 13 11 11 13 18 9 15 10 18 20 21 7 18
20 20 20 18 15 9 11 7 15 17 25 21 15 5 14 25 8 20 5 13 9 10 10 23 25 5 12 8 21 18 14 25 24 13 17 16 21 21 7 8 22 20 7 18 23 25 25 12 5 12 11 7 14 25 13 10 23 5 20 20 12 5 24 11 8 10 24 18 6 12 22 21 22 20 23 10 9 19 10 7
196 189 177 178 195
