5
40
12 27 24 16 15 32 34 32 18 15 23 22 36 26 40 36 17 37 10 29 12 20 38 37 32 32 11 34 23 35 17 12 35 36 21 32 11 15 39 18
23 11 28 22 27 5 34 26 45 17 29 34 35 25 24 27 28 14 46 11 11 27 16 46 24 29 20 20 24 12 8 9 23 18 17 22 46 39 39 13
31 39 20 13 18 36 24 36 20 7 31 9 43 16 15 18 14 21 8 19 16 40 13 17 30 28 48 6 26 21 37 14 27 26 27 17 19 26 12 19
27 27 36 10 9 26 21 28 28 35 13 14 14 8 23 20 11 27 37 19 15 46 15 20 16 10 9 14 15 14 12 12 31 28 13 41 21 22 14 30
10 29 40 9 29 29 38 37 10 7 20 28 31 9 15 10 16 15 46 6 31 17 19 21 36 31 21 26 7 27 17 30 31 16 11 28 11 45 39 19
20 54 35 20 17 44 38 45 52 18 36 49 45 39 72 62 26 49 14 48 13 23 52 62 68 40 15 63 49 42 34 21 69 59 62 55 25 28 59 50
36 30 51 37 53 10 55 32 61 26 49 36 49 48 53 49 56 22 49 13 22 28 44 64 48 54 31 31 48 25 14 20 34 41 38 37 66 57 63 22
60 52 23 38 32 66 26 49 53 15 46 14 72 30 18 52 35 36 17 19 20 69 19 32 38 64 65 10 35 36 44 18 35 42 49 28 43 30 27 25
61 35 59 11 22 37 51 44 45 49 26 26 31 17 39 54 13 61 49 27 40 54 21 55 45 12 15 25 25 24 21 26 50 71 35 53 57 34 24 53
15 44 58 17 39 35 53 53 18 11 27 59 47 14 31 13 21 35 62 14 47 42 31 30 48 36 35 49 11 51 25 43 56 19 21 53 13 66 43 36
19 9 20 20 25 18 22 20 8 11 22 16 25 22 7 25 8 22 18 10 9 21 16 25 9 17 16 12 22 5 22 11 14 18 14 24 19 5 10 8
24 19 12 7 22 21 12 24 10 11 10 11 7 8 25 14 10 7 10 13 13 22 16 11 12 6 8 9 17 11 20 20 20 8 24 12 8 13 25 5
5 17 21 7 24 15 22 7 5 19 9 21 5 18 5 19 6 17 15 8 25 15 7 6 7 20 10 11 15 19 9 18 13 23 15 17 21 13 6 17
14 13 19 23 23 7 13 21 24 18 9 5 21 20 11 19 10 16 5 21 21 5 9 5 25 20 16 16 10 22 18 10 22 18 23 24 23 11 24 17
18 24 7 5 13 20 13 22 22 10 7 10 17 5 9 7 23 7 13 14 18 25 17 12 10 7 9 23 10 15 24 6 19 16 6 6 23 12 12 19
103 89 88 104 88
