5
40
31 47 20 23 19 10 21 31 31 41 17 38 26 23 45 11 40 24 12 22 29 15 20 10 5 40 27 35 22 35 10 9 16 7 22 30 35 41 19 12
24 31 41 18 18 24 33 34 25 15 17 13 17 24 6 25 16 48 31 25 32 22 18 33 11 15 41 13 39 20 35 31 32 25 18 18 22 33 15 26
38 19 18 36 6 38 20 7 10 33 42 46 10 21 19 37 20 24 32 10 19 33 31 21 10 18 16 13 31 25 16 16 9 24 27 7 39 12 14 23
9 22 23 40 28 37 9 40 11 25 24 14 15 23 22 21 23 17 9 16 31 45 37 13 14 30 14 17 26 15 18 20 19 21 22 30 12 19 23 21
16 18 33 41 18 14 15 18 37 45 14 11 9 32 7 16 29 9 8 26 35 18 18 37 23 36 18 11 18 16 25 25 14 20 26 15 24 21 25 32
50 66 34 40 39 15 41 61 45 54 25 54 39 50 62 26 58 45 17 27 66 37 32 17 11 49 41 51 29 51 19 22 34 17 40 59 57 53 34 22
28 38 52 41 31 52 52 44 43 20 33 19 30 42 14 46 22 49 36 29 70 43 36 54 13 29 51 30 52 28 62 41 57 31 34 35 46 46 33 33
58 26 31 48 16 65 24 13 17 47 73 57 20 52 20 62 32 50 39 14 41 60 58 44 21 29 31 23 43 54 20 33 19 54 39 11 56 31 24 46
15 38 33 52 49 52 12 57 26 47 43 20 40 41 59 34 58 34 12 26 45 71 64 25 21 37 21 31 40 34 48 28 36 30 28 55 22 32 38 51
40 21 58 50 47 23 16 44 70 71 20 14 17 52 16 36 64 16 14 64 41 28 28 52 41 45 49 27 38 33 51 29 23 41 36 41 38 27 59 59
21 16 16 18 19 5 21 16 25 20 17 10 15 9 22 6 16 12 12 20 15 6 16 16 12 15 9 12 17 23 7 23 9 14 13 8 20 19 14 25
25 20 7 13 18 14 9 12 10 22 22 22 10 19 16 15 9 19 8 19 7 7 22 24 24 21 17 17 7 5 19 10 9 6 22 21 14 10 9 20
21 22 25 19 23 8 19 13 18 5 13 17 8 24 9 21 18 12 17 22 21 9 19 7 12 14 10 22 6 24 13 15 8 13 22 19 7 11 10 23
15 12 6 25 17 8 20 18 20 12 5 21 10 19 21 24 19 22 6 22 5 25 11 22 5 22 17 6 8 9 17 10 12 20 11 14 21 7 5 17
6 9 14 25 15 11 10 5 25 14 23 21 17 11 15 20 17 19 11 21 24 13 25 20 11 17 10 15 20 10 19 15 8 18 19 22 8 8 16 15
97 96 99 93 99
