5
80
24 6 16 7 11 37 15 21 26 23 14 25 30 20 24 5 16 7 11 45 5 32 13 31 22 37 13 28 44 29 6 25 39 15 32 11 26 9 23 47 14 39 26 36 20 6 29 33 35 13 11 23 19 20 40 11 31 10 36 14 12 30 23 5 14 37 21 14 9 24 35 29 14 30 32 31 13 20 11 30
23 13 31 13 9 13 8 37 24 17 20 16 21 29 9 21 14 11 13 42 31 12 6 10 31 29 10 11 14 27 25 25 12 28 26 9 39 40 9 20 41 21 11 20 29 22 37 8 20 23 32 15 42 21 20 42 36 14 26 12 17 41 26 23 36 17 46 15 47 41 14 11 24 30 13 13 34 8 44 28
20 11 18 12 29 27 28 37 26 32 15 25 20 20 9 14 15 13 44 20 24 24 10 21 9 12 18 10 31 37 11 14 35 17 14 8 15 22 24 10 41 27 28 23 35 10 32 14 32 21 25 15 10 18 20 18 25 10 11 33 9 12 26 34 34 25 20 12 10 14 33 5 14 12 16 24 5 27 29 27
21 48 21 34 18 24 17 34 27 27 18 10 43 7 26 25 14 15 24 25 26 18 32 15 38 16 13 43 33 21 25 19 39 12 31 22 27 12 31 35 37 17 6 27 23 12 17 11 27 39 35 24 13 34 14 30 14 21 8 35 44 31 24 27 8 37 19 20 31 10 18 28 24 8 20 8 29 43 35 14
24 19 17 29 25 29 13 37 25 12 13 24 8 30 11 15 22 12 13 24 18 39 7 26 8 28 12 21 7 27 21 38 12 33 22 23 44 32 28 23 31 31 5 22 23 29 12 18 23 34 43 36 37 13 25 26 16 31 16 34 17 22 35 17 8 26 26 8 30 32 7 15 17 43 13 9 33 34 34 23
42 16 31 16 21 49 27 40 47 48 33 51 71 21 43 10 27 19 15 52 16 45 16 51 40 57 28 49 68 39 13 53 41 27 46 18 48 14 69 67 25 62 35 49 28 18 57 47 59 20 21 34 36 35 64 32 70 19 63 28 22 40 33 12 30 56 46 20 22 28 49 49 18 38 52 43 17 47 20 69
69 27 53 21 14 28 14 57 35 27 25 27 37 47 23 30 28 15 17 62 49 17 14 30 40 39 17 15 28 54 39 50 19 55 37 17 63 53 12 45 51 46 22 56 58 38 67 11 25 40 55 17 65 29 34 49 68 29 30 15 30 52 73 64 64 38 61 36 57 55 33 24 62 48 15 23 53 19 51 34
34 17 28 23 45 45 37 69 30 64 38 42 31 27 20 24 16 23 61 29 38 66 28 50 19 12 27 13 62 50 18 16 45 22 28 14 38 47 72 27 49 58 45 43 58 20 49 39 56 28 49 16 23 44 49 23 62 17 20 57 16 29 40 46 50 46 50 23 24 25 41 12 31 19 24 67 14 52 51 52
41 57 34 49 25 53 51 57 42 52 35 28 60 18 58 46 24 20 45 60 48 25 41 27 52 31 38 56 61 51 53 24 47 15 47 26 43 28 40 57 47 33 15 52 44 19 22 26 53 62 70 47 26 47 17 44 26 30 18 42 53 42 56 39 14 55 44 45 41 15 26 43 32 17 35 16 50 66 55 35
28 23 42 39 45 37 25 48 36 24 27 27 19 60 25 22 30 21 16 28 36 52 16 64 16 50 17 28 14 48 49 40 18 36 31 54 53 56 57 39 49 47 15 26 35 52 18 25 42 49 56 54 65 18 45 45 21 64 30 40 31 42 45 30 14 51 29 16 54 45 15 16 31 48 23 15 56 42 55 51
9 9 14 24 11 16 8 19 20 14 14 11 14 24 5 12 11 15 13 10 17 9 13 20 24 13 8 18 8 24 5 10 16 14 23 7 24 9 12 18 20 25 22 23 24 14 17 22 19 20 10 15 13 6 24 5 15 7 7 12 17 18 20 11 20 12 10 8 23 9 17 9 5 24 14 23 7 24 25 15
9 9 11 13 12 25 16 16 19 20 23 10 18 14 20 20 17 7 22 22 9 5 7 23 23 18 19 12 22 9 19 13 9 5 14 22 13 17 22 14 8 13 14 14 5 14 22 7 22 14 10 23 22 18 18 12 15 5 11 12 17 21 21 21 20 18 6 17 12 10 14 21 16 21 9 25 8 13 7 7
25 21 16 9 11 19 6 10 22 16 11 6 21 15 15 20 19 9 19 17 19 22 17 23 8 6 23 5 12 14 5 14 12 23 24 20 10 10 17 14 19 9 5 19 18 25 12 17 23 12 11 21 23 20 16 24 10 8 15 23 19 14 9 5 7 10 25 14 23 7 22 18 18 18 8 14 7 10 11 19
22 12 7 9 8 24 7 12 21 12 10 20 7 22 21 18 8 24 16 14 12 14 18 21 6 25 18 19 5 5 15 13 22 24 19 24 14 5 11 17 16 17 24 6 11 14 7 9 11 13 24 22 17 8 7 21 9 24 21 21 5 16 14 9 7 15 23 8 18 6 13 5 8 13 12 9 23 23 22 20
7 23 16 22 11 18 23 19 6 20 8 9 16 15 5 18 18 25 22 6 13 21 7 10 7 22 21 18 6 7 23 11 25 6 11 17 7 21 18 15 16 11 20 15 23 12 11 10 9 21 5 24 8 13 12 22 18 15 22 25 7 23 17 5 5 9 11 16 10 8 17 13 9 25 17 8 5 24 20 19
191 192 194 187 187
