5
40
28 29 22 38 19 11 45 38 38 32 36 29 29 22 46 33 41 19 39 46 19 43 46 15 18 10 9 17 39 42 14 45 22 46 38 24 35 43 20 18
12 22 25 34 50 23 23 38 26 18 33 37 11 10 38 34 16 31 46 29 13 20 26 45 32 47 26 25 44 39 24 45 27 36 29 28 31 11 44 13
38 46 15 22 28 27 26 11 10 19 20 23 21 38 11 49 45 42 29 33 45 19 10 14 17 21 44 38 38 22 46 15 44 9 18 14 42 14 44 27
13 49 31 40 26 20 31 38 43 33 28 37 36 14 15 42 40 23 28 10 14 33 14 22 26 15 44 21 21 35 14 45 29 46 16 11 11 31 34 25
15 47 46 21 9 29 37 18 38 49 25 9 18 30 21 34 26 36 15 39 21 36 44 27 37 32 38 47 29 17 47 13 19 17 22 36 22 39 37 43
32 32 22 44 20 13 54 41 41 38 44 29 31 25 50 36 41 20 42 55 22 48 51 17 21 11 11 18 43 47 15 51 23 49 46 27 36 44 22 19
13 25 26 40 54 28 26 39 27 18 36 41 14 11 43 39 18 31 49 35 15 21 31 49 33 49 26 26 51 40 25 48 33 38 32 30 38 12 48 13
45 52 15 24 31 29 28 11 11 19 21 26 23 46 12 49 51 51 31 36 51 20 10 15 18 25 48 42 39 24 50 17 50 10 22 17 47 16 47 29
15 50 35 47 27 20 35 41 47 33 30 42 40 15 16 46 46 25 32 13 16 35 14 25 28 17 47 26 24 35 15 54 31 48 19 13 14 35 34 28
16 50 51 25 11 33 42 20 41 52 30 10 22 30 21 39 30 39 15 46 24 38 49 29 43 35 45 49 31 19 50 14 20 19 27 41 23 48 43 48
22 18 7 20 19 7 18 13 20 10 22 7 13 23 23 22 24 24 23 5 14 22 25 9 23 18 24 5 12 24 16 6 22 14 14 11 21 17 13 10
22 6 10 12 10 6 13 14 15 25 14 8 18 24 17 16 22 15 16 9 9 24 11 17 12 10 5 8 25 7 21 8 15 23 21 17 24 8 7 14
25 6 12 22 5 22 24 5 25 16 18 16 23 24 7 20 24 19 21 25 13 8 5 21 8 8 15 21 20 20 12 9 10 25 7 5 15 22 10 11
5 13 21 14 14 8 16 21 17 20 22 6 20 16 11 20 21 20 12 21 16 20 19 25 17 22 11 14 18 11 20 22 9 6 16 8 14 11 6 24
25 19 10 19 11 14 5 11 23 20 16 11 20 12 19 23 24 8 18 22 14 7 22 24 12 22 18 19 8 8 11 8 11 7 9 21 22 11 14 20
105 92 99 100 98
