5
80
11 9 23 24 39 11 16 38 37 28 24 19 13 11 18 14 10 12 20 29 21 49 16 26 29 22 47 30 9 29 20 21 29 20 33 48 29 48 33 37 47 31 41 11 36 22 41 26 12 12 42 22 18 19 43 16 17 25 27 10 30 36 19 30 21 24 39 42 36 24 25 26 41 37 36 8 15 22 34 35
35 21 36 47 16 18 25 25 22 33 40 27 26 21 37 31 10 12 39 37 36 9 27 45 8 35 38 26 32 38 10 29 13 15 29 12 27 36 24 16 32 31 19 33 16 8 40 19 21 19 30 14 21 31 16 40 10 20 37 46 23 12 22 21 15 33 11 12 20 44 23 18 31 38 19 26 45 7 20 35
25 9 34 34 42 33 26 17 40 21 8 31 33 13 24 42 25 22 33 11 28 30 44 31 16 31 42 19 14 29 9 14 37 32 26 42 37 33 39 33 17 40 32 34 23 19 38 34 34 17 32 14 13 20 10 13 28 23 41 41 20 39 35 27 11 30 24 44 13 31 12 47 19 15 31 9 26 36 17 23
19 15 11 29 18 36 36 9 34 36 43 18 29 38 22 15 20 13 36 34 32 26 46 31 28 30 39 41 22 21 16 40 30 30 11 34 32 8 27 23 9 34 12 27 21 27 33 34 44 42 36 41 38 40 26 37 44 38 32 15 16 34 18 16 19 38 45 37 13 26 26 30 15 30 21 14 15 17 18 14
22 23 27 38 29 35 42 15 26 41 11 17 24 22 25 40 24 31 23 17 38 17 17 24 20 12 21 41 40 16 18 42 46 38 30 9 32 19 25 31 27 49 47 48 36 46 42 9 30 44 40 36 33 19 9 35 28 32 17 20 42 12 41 11 26 17 50 42 35 15 40 30 8 7 19 12 32 28 11 40
16 11 34 25 52 15 21 53 46 42 29 23 17 12 30 18 15 14 25 38 29 52 16 34 39 32 54 43 12 41 24 34 36 29 51 50 35 58 42 51 54 34 46 12 42 33 48 32 21 19 54 29 21 20 51 21 26 37 32 16 40 39 25 34 23 40 54 43 42 36 37 33 57 59 43 11 19 34 51 37
53 28 44 57 19 20 35 33 33 40 50 45 34 34 45 48 13 16 49 49 56 10 34 55 12 52 47 39 51 56 13 41 18 19 30 17 31 45 29 20 42 52 25 40 22 11 40 24 30 30 36 19 24 36 18 42 12 23 51 53 30 16 27 33 17 37 12 18 25 53 30 21 43 47 26 30 60 10 25 35
32 15 42 48 53 47 36 17 57 33 11 40 48 15 32 52 28 25 35 15 40 35 51 31 22 38 59 24 18 39 12 17 49 38 32 57 42 33 53 44 19 43 36 46 25 27 44 44 41 22 37 19 14 23 14 14 46 27 50 48 27 54 45 35 15 51 37 49 17 44 13 59 27 21 36 12 37 46 19 32
29 21 17 41 27 60 56 15 43 49 47 29 43 49 33 16 23 21 38 42 50 39 53 37 33 34 41 59 34 25 21 54 41 38 12 38 38 12 40 31 14 39 19 36 29 30 45 43 46 55 41 53 46 41 42 60 61 44 51 15 16 52 24 25 26 45 56 48 17 36 30 36 16 37 30 22 17 23 27 16
23 29 31 50 31 39 55 18 32 46 13 21 29 23 31 56 30 44 33 26 51 21 22 41 22 16 27 54 52 26 19 48 52 51 47 15 40 27 36 42 40 59 56 55 43 49 52 10 41 54 55 44 50 30 11 47 34 34 23 24 44 18 49 12 39 20 52 50 42 18 52 41 11 11 22 16 39 40 16 53
16 8 18 15 13 18 20 13 15 5 20 23 16 22 25 15 20 18 18 17 11 24 6 18 15 18 16 6 13 22 25 19 15 5 10 8 21 10 8 25 24 14 12 21 7 19 6 6 9 5 20 21 14 20 21 24 16 11 16 16 25 20 21 15 8 13 8 11 10 19 17 9 8 18 17 6 18 8 18 25
17 6 24 15 22 25 18 10 17 19 10 13 19 12 19 16 6 14 21 6 17 11 14 8 9 23 5 9 17 6 16 22 21 19 12 25 7 11 11 8 6 23 5 7 25 21 20 24 18 23 6 19 11 5 16 22 5 5 17 21 7 20 24 7 18 12 16 15 21 24 21 9 8 14 12 10 25 16 8 20
5 23 5 15 22 12 6 12 7 14 16 11 13 7 8 17 20 6 11 11 6 18 11 8 5 18 8 13 17 24 17 8 11 12 9 23 11 13 12 25 5 8 12 13 9 17 7 23 15 15 19 25 5 22 14 18 14 7 16 10 19 18 23 14 11 18 11 10 19 22 10 23 5 18 23 21 12 9 20 22
9 20 9 22 18 14 8 14 8 10 7 16 22 5 12 22 17 19 14 7 21 23 20 14 9 5 11 10 10 18 15 9 22 17 15 14 16 24 18 15 18 24 18 6 14 24 14 21 18 5 6 5 10 9 9 6 14 24 6 18 10 5 6 24 10 11 18 13 11 11 13 18 9 15 10 18 20 21 7 18
20 20 20 18 15 9 11 7 15 17 25 21 15 5 14 25 8 20 5 13 9 10 10 23 25 5 12 8 21 18 14 25 24 13 17 16 21 21 7 8 22 20 7 18 23 25 25 12 5 12 11 7 14 25 13 10 23 5 20 20 12 5 24 11 8 10 24 18 6 12 22 21 22 20 23 10 9 19 10 7
196 189 177 178 195
