5
80
11 18 34 25 20 38 19 15 19 24 23 26 31 38 18 26 29 23 39 16 5 25 34 18 22 27 22 41 25 12 33 17 36 39 16 8 15 21 25 27 23 19 8 11 11 25 32 9 23 11 45 27 37 9 7 35 6 26 14 13 7 27 43 22 15 8 15 20 22 35 29 15 20 38 33 27 29 17 11 18
30 7 37 33 26 37 23 31 8 16 14 16 22 8 32 33 19 21 8 12 27 22 22 39 17 7 33 29 23 14 28 10 26 8 15 38 13 15 41 14 25 29 32 32 24 7 33 40 8 29 22 23 9 26 31 46 22 20 23 16 19 27 22 20 37 31 24 29 32 9 8 20 20 16 26 36 24 26 10 15
18 21 35 17 25 20 37 42 21 47 6 8 13 16 9 41 27 6 13 7 11 8 26 6 26 26 26 21 9 10 27 39 17 14 19 11 11 27 14 28 26 8 16 11 45 31 18 6 20 30 27 18 16 10 36 35 12 13 43 20 30 22 11 31 11 26 18 10 22 10 24 21 28 23 8 6 18 31 23 9
23 16 14 19 6 24 41 13 22 33 11 17 31 9 18 26 26 6 27 49 30 9 27 13 41 10 25 23 41 47 6 14 10 35 19 26 23 10 15 10 32 27 20 28 34 41 45 12 16 15 30 22 33 28 8 30 11 42 6 16 26 11 8 19 15 18 9 22 30 9 30 9 42 28 11 28 47 39 14 18
13 31 20 16 15 13 35 8 6 23 31 23 30 8 26 17 23 8 13 14 11 33 29 36 29 21 29 18 24 33 25 7 17 16 28 8 20 36 14 33 40 10 20 19 17 7 31 15 21 22 23 34 31 7 34 7 22 16 7 24 15 23 21 22 29 32 38 26 34 12 14 13 23 18 24 17 32 11 17 15
26 40 52 59 37 50 30 32 23 45 27 61 44 39 24 45 66 62 50 24 13 46 59 43 41 44 52 57 63 23 48 28 53 48 23 19 25 34 60 44 49 24 12 16 15 52 61 14 66 14 56 68 53 24 14 51 12 43 26 24 17 46 60 27 32 18 35 39 32 56 45 24 44 38 53 54 32 22 21 27
38 16 68 50 46 55 43 66 10 32 22 30 62 13 44 42 27 25 14 30 42 43 50 48 43 11 61 31 66 17 40 15 44 24 32 57 27 23 51 20 39 34 56 54 44 16 43 48 21 72 39 48 12 69 50 61 25 47 36 31 47 62 29 52 45 38 32 39 56 16 13 39 54 35 42 58 39 36 25 35
34 44 37 28 46 42 53 68 23 59 14 18 25 38 17 53 34 14 27 12 20 22 72 16 35 49 44 25 13 14 72 43 29 28 35 17 17 45 37 35 51 21 29 15 48 38 46 13 55 52 51 46 39 16 60 58 18 32 52 48 42 32 12 50 20 37 46 19 27 18 37 28 48 41 13 17 41 39 38 17
36 36 34 46 18 58 69 20 36 58 26 32 49 14 34 55 40 14 49 71 36 14 47 22 58 21 30 48 45 66 13 42 15 61 23 32 64 17 26 21 47 39 29 49 57 52 51 22 31 19 61 58 42 41 22 49 20 56 12 35 42 22 23 25 42 35 16 66 38 17 38 25 59 50 25 50 51 49 16 23
15 31 55 35 33 17 56 17 15 61 43 38 58 17 38 27 41 21 24 18 17 48 44 50 48 28 31 30 26 42 53 15 36 27 51 21 34 58 35 44 48 27 27 41 21 19 46 37 36 64 42 53 39 13 45 11 43 22 13 67 26 30 34 49 68 50 56 51 42 19 38 19 41 28 37 32 36 22 40 31
19 19 8 13 7 13 15 5 25 17 6 17 9 18 25 7 16 25 10 5 21 16 25 6 16 21 18 20 11 5 6 12 8 12 15 24 10 9 22 22 14 7 7 17 10 7 16 10 14 11 8 17 24 13 12 23 14 20 17 5 19 19 22 14 11 12 19 20 19 16 18 8 13 11 11 7 18 14 14 14
17 8 17 6 24 14 8 9 11 13 19 13 24 11 12 5 13 24 23 8 24 23 25 9 17 16 23 22 13 17 8 12 16 17 11 23 5 14 20 18 10 22 20 14 7 8 11 10 15 25 16 17 5 10 10 7 13 21 12 11 15 25 14 18 21 8 15 13 10 22 16 25 7 23 25 23 24 25 16 14
11 22 14 14 5 13 9 8 7 17 16 10 17 18 11 7 15 7 15 6 17 14 17 24 18 21 23 13 5 5 11 21 16 13 18 9 20 15 25 19 23 25 19 14 8 9 9 16 20 8 7 14 19 21 5 13 9 14 9 23 20 10 8 19 18 11 16 14 20 10 23 5 15 18 9 20 16 22 22 24
13 16 12 7 7 25 13 11 9 11 9 6 13 6 24 18 23 16 23 21 15 7 16 17 21 21 23 25 22 9 8 8 6 8 17 19 7 16 15 18 21 11 9 24 25 14 20 6 11 20 17 24 9 22 5 25 9 8 21 7 5 18 15 11 11 13 15 25 24 19 16 12 21 6 25 14 12 5 8 16
21 7 6 18 24 25 18 20 8 8 12 8 23 25 16 12 13 10 6 18 14 8 25 18 6 19 18 19 8 23 24 18 6 14 23 19 17 15 24 14 20 19 11 10 23 17 8 17 13 10 17 18 15 11 16 17 6 21 16 21 23 19 7 7 19 6 7 24 21 5 24 22 24 8 18 14 15 15 19 7
182 197 187 188 198
