5
40
10 11 46 36 41 32 28 21 8 10 15 26 12 41 36 34 35 11 13 12 40 18 16 22 18 47 35 25 42 19 11 28 35 24 28 13 13 41 23 13
43 21 47 39 12 40 45 35 14 31 44 23 44 19 11 10 40 35 40 19 39 20 10 12 11 14 33 45 21 17 8 29 33 8 19 37 15 44 39 9
7 16 35 33 11 9 10 15 8 39 42 11 20 39 35 47 29 11 23 22 34 41 37 31 21 11 12 38 33 30 13 40 15 13 21 14 26 12 27 17
15 47 39 42 24 18 37 21 47 38 30 34 35 15 9 32 40 34 33 27 12 32 31 39 17 27 16 12 26 29 26 16 19 10 14 9 28 24 30 33
26 13 40 41 26 19 32 30 15 29 12 33 19 36 10 44 18 18 20 14 38 21 16 42 34 12 29 16 39 38 25 36 31 18 14 8 40 18 13 25
13 12 51 41 50 40 32 23 10 12 19 35 15 46 53 36 44 13 19 19 53 22 21 31 27 55 49 35 52 29 18 30 41 28 38 18 14 61 31 18
53 23 58 60 20 51 56 50 22 41 60 32 55 25 14 11 55 43 49 22 44 23 11 17 12 17 38 50 29 23 12 33 40 10 22 49 18 52 56 12
11 18 40 55 13 11 13 19 11 57 58 15 30 52 45 60 40 11 31 28 38 51 47 37 29 11 17 39 40 42 16 51 20 14 27 22 29 14 44 18
21 54 58 42 30 23 58 31 55 54 39 42 35 26 12 43 45 39 42 39 21 38 41 51 20 36 20 17 27 45 33 16 24 13 19 12 46 40 45 47
34 16 52 48 31 31 44 39 18 37 13 38 27 57 15 54 23 23 25 16 47 30 19 60 44 14 38 19 48 48 32 50 47 19 16 13 49 29 17 32
12 15 25 13 15 6 14 9 22 24 16 18 10 14 9 23 11 19 9 18 14 23 10 15 18 8 24 20 20 19 16 24 18 19 5 12 22 20 25 13
10 22 11 12 13 13 24 25 10 21 16 17 10 20 23 6 6 25 7 17 24 17 5 15 25 10 23 17 13 10 10 10 6 23 13 21 25 15 20 15
18 24 12 22 16 8 9 15 5 10 7 17 9 5 21 8 18 8 19 10 19 25 8 17 18 20 6 14 19 25 19 23 5 10 12 21 20 8 6 15
6 24 17 18 5 7 7 14 20 19 19 10 22 14 18 25 21 17 15 20 20 18 25 14 21 9 11 22 18 5 14 15 11 8 13 17 14 9 6 14
19 11 8 10 16 18 17 21 24 21 25 22 5 13 22 10 18 14 25 7 21 10 12 22 14 17 11 25 5 24 25 9 19 5 12 24 24 21 5 11
103 100 91 96 102
