5
80
6 40 29 14 20 33 21 29 20 34 12 21 21 10 28 30 38 33 11 12 24 12 9 22 26 22 31 32 47 18 38 24 22 14 11 22 13 12 31 16 25 30 13 10 18 15 20 10 42 35 30 10 24 10 17 23 13 24 9 34 24 16 23 22 14 10 19 14 36 5 16 19 21 12 24 16 22 13 40 17
16 20 20 10 15 29 36 23 11 42 21 14 14 7 7 34 48 17 30 19 17 33 27 13 17 13 17 37 5 25 13 20 17 15 7 38 15 16 9 11 14 14 20 29 35 10 45 7 23 8 7 37 25 30 22 22 5 30 28 26 11 24 26 29 15 32 24 49 36 24 10 19 20 12 21 13 14 23 28 36
11 18 17 13 8 18 23 43 29 26 43 23 47 32 22 39 8 29 35 18 13 19 39 31 34 12 20 31 9 8 21 18 10 17 19 34 29 18 22 30 22 42 13 24 29 38 17 22 32 11 20 14 20 32 39 10 13 8 24 39 29 23 13 25 19 33 27 36 8 31 33 15 28 40 35 33 28 23 39 18
12 33 38 8 33 11 30 13 16 38 25 40 9 12 26 41 22 26 27 22 30 24 48 29 17 18 9 13 29 11 20 23 40 27 16 44 36 27 30 31 23 40 13 8 14 30 25 20 19 28 26 34 19 16 29 7 5 25 22 17 14 10 9 19 18 21 24 10 36 8 21 15 31 31 42 20 20 24 21 11
26 13 32 12 25 30 14 26 32 32 10 38 25 27 47 18 9 20 21 21 7 26 37 27 14 29 25 31 37 33 5 7 17 13 23 23 46 27 11 25 6 28 14 6 12 10 30 19 20 32 18 18 12 20 39 21 15 9 14 12 13 18 18 14 21 10 35 8 7 21 21 16 25 15 23 17 28 25 13 29
13 48 45 32 56 55 33 58 49 54 25 43 38 14 48 51 47 51 16 17 53 24 15 26 37 57 63 58 64 28 52 44 35 21 17 53 22 21 39 24 60 39 24 11 50 27 50 20 50 39 42 14 54 19 25 41 18 39 18 53 36 34 38 41 35 17 52 21 40 13 30 44 41 23 41 35 47 24 61 24
25 36 30 12 29 39 51 39 16 75 35 27 24 21 12 68 68 41 49 42 33 60 45 32 41 19 22 57 13 52 32 42 38 27 12 51 27 48 16 17 23 28 30 64 49 11 57 13 37 15 18 54 32 52 36 55 15 38 52 35 23 33 37 37 25 65 58 56 64 34 26 31 41 18 57 22 33 63 41 64
12 41 37 24 16 35 49 60 46 42 64 38 65 56 38 52 16 44 52 42 19 37 49 59 55 22 42 47 14 16 27 28 16 24 31 68 42 54 44 56 56 67 25 34 58 53 21 31 50 17 22 21 40 72 56 22 28 18 53 71 40 39 22 54 29 63 33 58 15 45 45 21 50 64 42 55 48 34 57 45
19 65 58 12 42 21 40 21 17 61 45 67 15 27 47 58 37 38 28 51 32 31 63 61 34 37 21 18 40 12 41 28 43 59 36 59 38 50 42 50 60 75 22 13 27 56 60 41 26 61 49 56 37 38 33 22 11 42 42 25 42 23 19 46 50 36 40 13 54 17 34 29 59 39 61 38 30 43 48 15
55 21 57 19 32 45 20 55 42 36 16 52 41 50 66 24 27 55 22 38 18 46 46 30 27 44 41 55 70 60 10 17 35 30 24 41 56 55 27 64 14 58 30 13 15 17 48 29 33 34 27 34 19 40 48 52 24 15 25 16 23 31 34 22 22 16 50 16 13 57 30 19 39 16 50 39 54 49 26 49
6 8 11 6 13 6 5 21 10 10 21 6 19 12 7 24 9 18 20 9 17 14 13 22 8 18 25 8 21 8 21 23 17 11 13 9 16 11 21 14 13 23 9 23 10 7 25 5 16 14 19 25 6 11 17 10 14 8 23 23 15 22 16 11 17 6 18 9 23 20 19 20 8 22 5 13 18 10 6 7
25 17 22 25 22 6 22 14 5 18 15 18 9 5 24 14 17 20 25 23 7 24 18 11 14 20 10 22 7 19 18 12 15 8 22 8 16 17 8 19 7 10 16 17 8 25 10 5 24 9 19 8 20 5 23 23 6 15 10 10 25 5 12 6 20 22 16 15 15 11 5 9 6 24 5 5 15 16 12 22
19 25 11 7 5 21 24 11 18 21 18 6 8 10 25 17 12 21 9 25 5 9 7 13 20 25 9 8 8 5 10 20 22 25 22 21 6 12 18 15 16 18 14 16 16 7 21 10 18 23 13 19 5 23 14 18 5 11 21 13 21 13 9 19 8 22 12 10 23 20 11 12 5 24 23 5 19 21 10 17
21 13 5 22 13 12 12 14 15 14 19 8 24 9 5 18 10 18 13 20 7 8 11 23 5 22 18 6 6 6 9 6 21 12 8 17 21 13 16 12 18 13 7 24 25 14 16 19 14 8 23 14 13 19 15 8 14 8 16 6 25 11 21 11 12 7 12 9 18 8 24 25 18 23 18 9 6 21 7 23
25 17 22 20 5 21 25 11 24 13 22 19 13 13 13 24 9 21 12 7 9 15 20 23 18 25 8 19 9 13 12 14 22 22 22 25 8 16 9 16 25 14 5 16 10 23 23 18 19 25 12 19 17 20 18 23 13 15 23 25 7 6 8 18 23 8 15 17 23 18 23 8 22 23 25 11 10 19 9 10
181 188 191 181 212
