5
40
13 11 42 36 42 33 31 18 9 9 17 33 12 41 42 35 43 13 14 17 44 17 16 28 21 46 37 29 44 23 15 27 37 26 29 16 12 47 27 15
42 23 45 46 14 42 47 40 16 36 46 28 39 23 12 9 40 34 39 18 36 21 10 13 11 15 30 46 24 19 11 30 34 9 20 46 14 41 45 9
10 16 35 41 13 10 11 14 9 47 50 11 24 40 45 46 39 11 25 21 35 44 36 32 26 10 13 37 36 35 12 45 17 13 24 17 27 11 36 16
16 44 47 39 24 19 46 24 47 44 32 33 32 18 9 37 41 36 33 32 16 34 35 39 19 33 15 15 24 38 29 15 21 11 17 9 35 29 36 35
26 15 45 42 25 23 33 35 15 34 11 36 23 43 11 46 21 19 21 14 42 28 15 47 44 12 35 17 46 35 28 48 38 19 13 10 38 25 15 23
14 13 48 38 47 36 35 22 11 12 20 35 13 42 46 35 43 14 16 18 49 19 18 30 23 51 45 33 50 25 15 28 40 28 34 18 14 49 29 17
48 23 51 54 16 45 51 43 18 44 52 31 46 26 12 11 46 37 43 19 41 24 11 15 12 17 33 51 26 21 11 32 35 10 21 50 16 44 50 10
10 18 39 46 14 12 12 17 10 49 51 12 28 46 45 49 42 12 26 23 39 49 41 36 27 11 16 38 39 42 14 48 17 13 25 19 28 12 39 17
18 49 51 43 27 22 54 26 49 48 37 36 38 21 12 40 45 38 39 37 17 37 40 45 20 39 18 16 27 39 30 16 24 11 19 11 37 34 40 40
30 15 51 48 26 27 36 39 17 37 12 38 24 47 13 51 22 21 23 15 45 30 17 52 48 13 36 17 48 42 29 51 44 20 14 12 44 27 17 27
12 15 25 13 15 6 14 9 22 24 16 18 10 14 9 23 11 19 9 18 14 23 10 15 18 8 24 20 20 19 16 24 18 19 5 12 22 20 25 13
10 22 11 12 13 13 24 25 10 21 16 17 10 20 23 6 6 25 7 17 24 17 5 15 25 10 23 17 13 10 10 10 6 23 13 21 25 15 20 15
18 24 12 22 16 8 9 15 5 10 7 17 9 5 21 8 18 8 19 10 19 25 8 17 18 20 6 14 19 25 19 23 5 10 12 21 20 8 6 15
6 24 17 18 5 7 7 14 20 19 19 10 22 14 18 25 21 17 15 20 20 18 25 14 21 9 11 22 18 5 14 15 11 8 13 17 14 9 6 14
19 11 8 10 16 18 17 21 24 21 25 22 5 13 22 10 18 14 25 7 21 10 12 22 14 17 11 25 5 24 25 9 19 5 12 24 24 21 5 11
103 100 91 96 102
