5
80
10 33 28 24 38 38 28 35 31 32 17 32 25 11 40 31 33 33 9 12 44 13 12 21 32 40 46 31 43 26 40 30 21 12 12 36 15 14 30 19 45 23 14 8 33 17 39 16 33 31 40 8 48 10 19 28 10 29 13 37 22 19 25 25 24 11 29 16 36 10 20 24 28 20 30 20 31 16 36 19
21 18 21 9 19 32 37 23 15 48 30 15 12 11 7 44 38 29 37 36 24 37 24 18 29 12 17 43 11 35 17 29 27 24 8 35 19 30 13 15 19 23 18 50 43 9 37 10 19 11 10 36 28 35 28 30 9 27 28 26 18 27 30 27 16 38 43 36 43 31 20 25 33 12 41 13 18 34 32 35
11 22 32 19 10 28 26 41 24 31 44 26 47 29 30 37 11 28 33 23 14 24 46 44 36 19 27 37 13 11 22 22 11 20 24 44 37 28 29 48 38 49 17 24 31 42 16 19 25 9 18 17 25 47 44 17 19 15 36 41 30 33 17 38 18 36 21 33 11 33 25 12 44 47 38 48 41 22 40 27
14 45 41 9 31 12 29 13 16 41 32 49 12 15 38 46 31 29 26 38 32 23 45 41 20 23 13 12 30 9 30 24 32 40 21 43 34 41 26 35 36 45 16 8 20 38 42 24 20 35 29 41 20 24 28 11 9 34 37 21 22 16 12 36 30 26 24 10 37 9 25 22 35 29 41 24 27 42 40 11
37 20 37 11 25 22 12 32 38 25 12 36 27 35 42 19 14 37 18 25 13 41 34 24 15 26 21 28 42 33 9 14 26 24 17 35 36 35 20 44 9 32 27 7 11 16 30 22 17 30 24 24 13 29 38 40 17 13 15 16 14 22 18 15 21 8 36 12 9 30 28 15 27 14 33 26 28 36 18 31
12 49 37 30 46 44 32 49 41 45 26 45 30 13 47 51 42 38 13 14 56 20 14 29 38 44 54 52 48 34 53 36 30 15 16 40 18 23 37 23 52 34 17 12 37 21 45 20 43 39 45 11 56 14 19 36 14 42 18 44 30 28 30 31 32 13 47 20 44 13 22 33 39 23 40 26 45 18 50 19
27 29 28 12 23 36 54 28 18 58 38 18 20 18 12 55 54 41 52 44 25 52 36 26 36 17 23 59 11 40 24 36 39 26 12 42 24 35 16 15 21 25 28 59 55 12 51 13 27 14 15 43 36 40 34 40 11 30 38 34 21 33 42 39 23 47 52 51 51 37 25 26 46 18 51 20 27 50 40 53
14 34 37 19 12 37 34 53 31 33 45 30 60 41 33 54 14 42 44 34 18 28 54 46 44 21 35 50 15 16 25 25 12 30 32 54 38 45 36 61 42 57 24 31 48 46 21 25 42 16 25 19 37 61 48 21 28 16 44 61 42 39 19 59 24 51 36 41 13 42 39 19 56 62 46 60 53 31 61 40
16 58 57 12 39 20 40 20 20 52 45 58 15 21 48 54 34 35 31 46 32 26 59 47 24 31 14 20 35 11 40 26 52 43 32 58 41 46 36 35 46 53 21 12 30 45 53 32 24 46 44 50 31 29 36 15 11 39 43 23 35 20 18 36 34 29 31 13 56 13 37 32 52 43 55 30 35 46 45 11
53 22 42 13 33 30 18 40 44 42 16 44 30 45 50 25 23 39 21 36 15 48 49 34 25 38 29 38 55 46 10 15 37 25 27 48 52 45 25 51 16 50 31 11 16 17 41 24 22 34 29 27 16 32 52 50 20 17 23 17 21 33 24 20 25 12 49 13 13 49 29 18 34 18 45 31 42 44 26 46
6 8 11 6 13 6 5 21 10 10 21 6 19 12 7 24 9 18 20 9 17 14 13 22 8 18 25 8 21 8 21 23 17 11 13 9 16 11 21 14 13 23 9 23 10 7 25 5 16 14 19 25 6 11 17 10 14 8 23 23 15 22 16 11 17 6 18 9 23 20 19 20 8 22 5 13 18 10 6 7
25 17 22 25 22 6 22 14 5 18 15 18 9 5 24 14 17 20 25 23 7 24 18 11 14 20 10 22 7 19 18 12 15 8 22 8 16 17 8 19 7 10 16 17 8 25 10 5 24 9 19 8 20 5 23 23 6 15 10 10 25 5 12 6 20 22 16 15 15 11 5 9 6 24 5 5 15 16 12 22
19 25 11 7 5 21 24 11 18 21 18 6 8 10 25 17 12 21 9 25 5 9 7 13 20 25 9 8 8 5 10 20 22 25 22 21 6 12 18 15 16 18 14 16 16 7 21 10 18 23 13 19 5 23 14 18 5 11 21 13 21 13 9 19 8 22 12 10 23 20 11 12 5 24 23 5 19 21 10 17
21 13 5 22 13 12 12 14 15 14 19 8 24 9 5 18 10 18 13 20 7 8 11 23 5 22 18 6 6 6 9 6 21 12 8 17 21 13 16 12 18 13 7 24 25 14 16 19 14 8 23 14 13 19 15 8 14 8 16 6 25 11 21 11 12 7 12 9 18 8 24 25 18 23 18 9 6 21 7 23
25 17 22 20 5 21 25 11 24 13 22 19 13 13 13 24 9 21 12 7 9 15 20 23 18 25 8 19 9 13 12 14 22 22 22 25 8 16 9 16 25 14 5 16 10 23 23 18 19 25 12 19 17 20 18 23 13 15 23 25 7 6 8 18 23 8 15 17 23 18 23 8 22 23 25 11 10 19 9 10
181 188 191 181 212
