5
40
12 34 6 7 8 31 38 11 36 12 15 36 14 21 14 22 38 27 48 14 41 20 28 12 25 24 15 28 19 22 16 7 34 11 24 18 42 26 42 9
31 13 25 11 18 14 12 16 46 40 24 29 19 26 32 14 20 29 17 23 14 22 11 36 16 11 15 19 44 25 6 17 6 34 27 12 28 44 40 13
7 10 22 17 25 15 33 28 24 36 22 10 20 13 24 29 30 13 12 19 23 15 28 34 10 9 29 21 17 8 18 33 17 21 30 15 35 18 12 34
14 38 32 12 12 31 11 20 35 22 29 14 19 15 9 49 15 11 38 25 9 19 32 14 21 21 19 12 11 18 44 25 8 33 22 36 33 33 14 23
25 49 38 12 29 39 22 20 14 16 19 9 33 31 9 22 47 15 48 40 33 36 34 20 37 19 11 13 19 17 24 28 31 25 31 34 25 28 9 20
22 46 12 18 15 35 57 31 42 14 38 52 26 27 25 30 43 65 54 26 51 30 66 21 35 62 30 45 47 38 25 14 45 22 37 35 65 34 53 15
68 18 38 26 34 36 16 25 65 46 44 49 31 56 57 24 23 69 21 27 25 26 17 62 23 19 20 45 61 37 12 24 19 64 44 14 49 68 43 15
17 16 38 22 70 21 50 61 49 41 43 21 41 13 38 65 53 31 16 27 36 19 46 52 25 13 41 37 19 16 33 39 39 63 71 20 56 23 17 54
34 44 50 23 34 47 19 33 59 43 33 25 24 27 12 65 18 17 50 29 21 23 45 18 42 54 34 28 24 21 54 30 18 69 39 45 36 56 26 40
37 68 59 20 55 48 29 54 25 28 42 16 40 49 24 39 68 32 65 68 45 51 56 35 42 44 29 17 23 40 45 47 51 61 39 47 38 44 21 40
10 6 5 16 20 5 10 7 16 14 23 17 5 13 24 20 13 20 18 6 7 11 13 22 11 25 7 20 5 14 24 22 23 14 11 9 7 21 7 19
17 19 13 16 12 13 8 18 24 24 9 14 12 14 17 16 22 21 24 10 21 19 22 5 7 12 23 22 10 24 12 12 14 10 24 21 10 21 25 7
17 5 17 8 10 23 13 15 11 5 5 5 12 7 24 16 15 8 16 13 24 8 15 23 18 12 11 23 16 14 9 17 7 17 8 19 11 5 14 12
16 25 21 22 12 8 6 19 9 17 10 22 11 16 9 21 8 15 14 6 19 14 18 11 6 14 12 11 19 17 11 15 22 13 19 15 25 17 7 17
25 17 24 20 12 13 5 13 17 16 12 14 18 10 9 10 13 21 17 6 23 17 19 9 7 10 9 16 6 16 7 8 7 15 16 18 14 14 21 22
89 103 84 94 90
