5
40
17 35 9 11 10 30 47 23 34 10 29 40 19 23 22 27 40 42 46 20 44 25 47 17 27 48 19 41 30 37 16 10 34 19 31 31 45 29 41 13
46 12 34 23 23 29 13 19 44 39 30 38 25 48 43 21 23 47 17 24 18 23 11 43 17 15 19 31 49 28 11 17 12 45 38 10 38 48 38 13
14 11 33 16 45 15 41 39 40 32 31 18 36 11 26 41 39 25 12 24 29 15 37 41 16 10 34 23 15 9 22 34 24 40 46 13 38 20 13 40
22 34 32 18 23 43 12 23 44 26 33 16 21 27 12 47 15 14 46 25 13 21 42 13 34 33 28 20 20 17 47 29 15 44 35 34 34 37 17 36
26 47 42 14 35 38 25 37 18 19 32 10 31 36 16 34 46 28 46 50 33 37 37 31 38 31 19 12 18 27 38 34 45 45 33 41 31 32 13 34
18 40 12 12 11 37 48 23 39 13 33 46 19 24 24 31 45 46 50 20 50 30 52 20 29 52 20 44 37 37 17 12 38 23 38 32 47 33 48 16
55 13 39 23 26 30 13 20 48 46 33 46 25 50 48 24 25 49 19 29 21 25 13 48 19 17 19 35 51 32 12 17 13 50 45 12 41 50 45 15
14 13 38 17 52 15 44 42 45 39 35 21 39 13 27 45 48 29 15 24 32 16 41 42 18 11 35 27 17 11 23 37 27 43 52 16 44 24 13 44
26 40 37 19 24 43 15 25 51 30 35 18 21 27 13 50 16 16 49 26 14 24 44 15 35 40 29 21 20 18 49 31 15 53 41 41 36 44 18 37
29 52 48 15 40 42 28 37 21 19 35 13 33 42 17 37 51 29 51 53 39 40 44 37 42 37 20 15 21 31 44 38 51 54 35 43 35 37 14 39
10 6 5 16 20 5 10 7 16 14 23 17 5 13 24 20 13 20 18 6 7 11 13 22 11 25 7 20 5 14 24 22 23 14 11 9 7 21 7 19
17 19 13 16 12 13 8 18 24 24 9 14 12 14 17 16 22 21 24 10 21 19 22 5 7 12 23 22 10 24 12 12 14 10 24 21 10 21 25 7
17 5 17 8 10 23 13 15 11 5 5 5 12 7 24 16 15 8 16 13 24 8 15 23 18 12 11 23 16 14 9 17 7 17 8 19 11 5 14 12
16 25 21 22 12 8 6 19 9 17 10 22 11 16 9 21 8 15 14 6 19 14 18 11 6 14 12 11 19 17 11 15 22 13 19 15 25 17 7 17
25 17 24 20 12 13 5 13 17 16 12 14 18 10 9 10 13 21 17 6 23 17 19 9 7 10 9 16 6 16 7 8 7 15 16 18 14 14 21 22
89 103 84 94 90
