5
80
20 28 36 37 35 42 21 26 18 36 20 40 43 34 17 37 46 38 42 22 11 37 40 36 29 33 39 46 41 18 37 18 38 37 16 13 17 25 39 30 36 19 10 11 10 38 45 14 44 13 44 44 36 14 11 38 12 35 20 15 12 41 47 22 20 11 29 31 30 41 30 18 31 36 47 43 27 20 18 20
31 12 47 36 37 36 38 47 10 22 17 20 39 11 37 35 25 22 9 23 27 33 39 43 32 11 42 29 41 13 27 13 33 15 19 41 17 18 44 17 33 30 38 35 41 12 30 45 14 47 34 30 11 47 35 46 21 40 25 24 37 43 28 37 44 31 25 32 41 12 10 31 40 27 32 42 27 33 18 27
28 41 32 24 37 34 42 44 20 45 10 13 20 28 11 44 27 11 17 9 14 14 46 10 25 45 29 22 10 13 45 43 22 20 24 16 13 39 22 33 34 15 21 13 45 33 30 9 37 40 39 31 29 10 36 42 15 24 45 36 30 25 12 37 15 30 37 17 22 11 29 26 33 35 9 13 28 30 31 14
31 29 26 32 12 42 49 15 31 36 16 27 44 10 24 47 25 12 34 44 31 9 41 19 40 13 28 35 43 44 9 26 10 40 17 29 41 15 17 15 36 28 18 31 43 43 47 17 23 15 39 42 37 30 17 45 14 44 10 29 26 16 15 22 27 30 9 44 37 15 35 17 47 42 16 35 47 39 14 20
14 31 36 24 28 16 44 13 10 38 29 27 44 14 27 16 29 15 20 12 14 33 32 35 46 20 30 24 24 38 34 13 25 24 34 13 22 43 24 42 37 19 20 29 17 15 40 24 22 39 38 49 33 10 36 10 30 18 10 48 20 28 29 36 48 33 38 43 35 16 27 12 29 25 26 24 30 20 26 27
21 33 36 42 37 47 24 30 21 41 24 44 43 41 18 37 50 42 47 24 11 37 41 38 30 35 41 51 49 19 40 21 41 40 18 14 20 27 44 35 41 20 13 12 12 45 48 14 45 15 49 52 38 17 14 40 13 36 22 16 13 49 48 25 24 13 30 37 32 43 36 18 35 41 51 45 31 22 19 21
31 13 48 43 41 39 40 51 11 26 18 20 47 13 41 42 26 24 11 24 30 37 40 43 36 12 45 30 44 15 33 15 40 17 23 48 20 20 48 17 35 33 42 39 42 12 37 50 15 50 40 33 11 51 37 47 23 41 28 26 40 43 30 39 47 36 29 33 44 13 10 34 41 31 34 48 29 37 23 28
31 42 38 26 40 37 47 52 23 50 12 15 24 28 13 47 30 12 18 11 16 16 49 13 28 52 36 24 10 15 53 43 23 20 24 17 14 39 25 35 38 18 24 16 49 37 34 11 42 42 40 37 30 12 44 48 16 25 50 38 35 27 13 44 15 33 38 19 26 12 30 29 35 37 11 13 32 35 34 15
37 32 29 35 13 47 50 16 31 42 18 33 52 10 24 51 27 13 39 53 38 12 47 21 46 14 28 35 43 53 11 30 11 45 20 34 49 15 20 16 44 32 20 36 49 51 47 17 26 18 44 43 45 37 18 48 17 45 10 33 30 18 17 26 31 32 11 45 37 16 36 18 49 43 18 36 54 47 14 21
14 31 42 24 32 17 48 14 12 45 34 31 47 15 33 19 31 18 21 15 15 37 35 38 48 23 34 28 27 44 37 13 28 26 35 15 26 43 25 48 45 22 22 32 19 15 46 28 25 46 40 50 38 10 40 10 35 19 12 52 25 31 32 37 50 35 40 46 38 17 29 13 30 28 30 28 35 24 31 30
19 19 8 13 7 13 15 5 25 17 6 17 9 18 25 7 16 25 10 5 21 16 25 6 16 21 18 20 11 5 6 12 8 12 15 24 10 9 22 22 14 7 7 17 10 7 16 10 14 11 8 17 24 13 12 23 14 20 17 5 19 19 22 14 11 12 19 20 19 16 18 8 13 11 11 7 18 14 14 14
17 8 17 6 24 14 8 9 11 13 19 13 24 11 12 5 13 24 23 8 24 23 25 9 17 16 23 22 13 17 8 12 16 17 11 23 5 14 20 18 10 22 20 14 7 8 11 10 15 25 16 17 5 10 10 7 13 21 12 11 15 25 14 18 21 8 15 13 10 22 16 25 7 23 25 23 24 25 16 14
11 22 14 14 5 13 9 8 7 17 16 10 17 18 11 7 15 7 15 6 17 14 17 24 18 21 23 13 5 5 11 21 16 13 18 9 20 15 25 19 23 25 19 14 8 9 9 16 20 8 7 14 19 21 5 13 9 14 9 23 20 10 8 19 18 11 16 14 20 10 23 5 15 18 9 20 16 22 22 24
13 16 12 7 7 25 13 11 9 11 9 6 13 6 24 18 23 16 23 21 15 7 16 17 21 21 23 25 22 9 8 8 6 8 17 19 7 16 15 18 21 11 9 24 25 14 20 6 11 20 17 24 9 22 5 25 9 8 21 7 5 18 15 11 11 13 15 25 24 19 16 12 21 6 25 14 12 5 8 16
21 7 6 18 24 25 18 20 8 8 12 8 23 25 16 12 13 10 6 18 14 8 25 18 6 19 18 19 8 23 24 18 6 14 23 19 17 15 24 14 20 19 11 10 23 17 8 17 13 10 17 18 15 11 16 17 6 21 16 21 23 19 7 7 19 6 7 24 21 5 24 22 24 8 18 14 15 15 19 7
182 197 187 188 198
