5
40
34 47 24 32 26 10 36 45 32 41 22 39 34 32 41 19 47 38 17 24 44 26 26 12 9 38 26 31 27 33 13 14 26 14 28 43 42 43 30 13
24 33 44 27 28 47 43 34 31 16 27 17 28 39 11 38 19 46 30 22 47 28 29 40 11 18 46 22 38 20 45 35 36 27 27 29 40 38 23 28
39 22 25 43 10 44 19 9 11 41 48 46 15 42 17 45 28 46 33 10 36 40 38 36 17 23 20 15 31 41 15 20 11 40 28 9 43 23 16 44
13 30 33 48 40 46 10 37 17 44 31 15 25 27 41 24 36 22 9 24 38 50 39 19 21 33 14 20 33 25 29 19 36 19 27 46 19 28 34 35
31 19 38 37 33 22 13 28 47 48 16 12 15 36 15 24 41 13 12 47 34 26 28 45 31 38 33 16 29 26 40 23 18 31 23 26 27 19 41 42
35 52 29 36 29 13 41 49 37 47 24 39 41 35 48 20 53 41 17 27 48 27 28 13 11 41 30 35 27 37 15 17 30 16 31 47 45 45 34 16
25 38 47 32 30 50 44 38 34 18 28 18 30 42 12 45 22 48 36 27 55 30 30 45 12 21 48 22 46 24 53 37 42 30 27 35 41 40 27 33
45 23 27 44 11 47 24 11 12 46 50 49 16 47 19 47 30 47 36 10 38 41 41 41 18 24 22 16 37 41 16 22 14 44 29 11 45 25 17 47
13 32 34 49 44 51 11 42 19 47 33 18 28 31 44 26 43 24 12 25 40 54 45 19 23 37 17 23 37 28 33 22 37 23 28 49 19 29 37 38
35 21 42 41 38 24 15 35 50 51 17 14 17 43 15 26 46 14 13 50 41 29 28 52 35 43 35 19 35 30 40 25 20 34 26 30 33 22 43 43
21 16 16 18 19 5 21 16 25 20 17 10 15 9 22 6 16 12 12 20 15 6 16 16 12 15 9 12 17 23 7 23 9 14 13 8 20 19 14 25
25 20 7 13 18 14 9 12 10 22 22 22 10 19 16 15 9 19 8 19 7 7 22 24 24 21 17 17 7 5 19 10 9 6 22 21 14 10 9 20
21 22 25 19 23 8 19 13 18 5 13 17 8 24 9 21 18 12 17 22 21 9 19 7 12 14 10 22 6 24 13 15 8 13 22 19 7 11 10 23
15 12 6 25 17 8 20 18 20 12 5 21 10 19 21 24 19 22 6 22 5 25 11 22 5 22 17 6 8 9 17 10 12 20 11 14 21 7 5 17
6 9 14 25 15 11 10 5 25 14 23 21 17 11 15 20 17 19 11 21 24 13 25 20 11 17 10 15 20 10 19 15 8 18 19 22 8 8 16 15
97 96 99 93 99
