5
40
25 42 21 24 20 12 33 44 33 38 21 35 33 27 43 17 47 38 13 18 47 27 21 12 10 31 21 32 25 34 14 15 22 13 25 37 39 41 27 15
21 29 38 27 23 47 41 35 30 16 24 16 28 39 9 37 18 44 28 25 46 23 26 35 9 19 37 21 42 21 47 29 34 30 20 25 35 40 23 23
38 20 19 39 10 41 21 8 11 35 36 43 13 34 16 35 25 41 29 8 27 35 37 29 16 21 17 16 29 37 13 17 9 35 21 8 35 19 12 42
10 29 28 40 36 44 9 37 17 36 26 12 23 28 42 22 32 22 8 22 29 39 41 19 16 29 12 15 31 25 29 15 33 16 20 39 19 27 31 26
24 17 40 40 36 17 12 25 46 42 12 11 15 34 13 19 37 9 11 41 30 20 21 43 31 34 34 16 29 21 37 25 16 28 21 26 22 22 37 36
39 58 33 34 32 13 46 51 37 53 23 46 42 36 52 23 57 41 21 28 48 32 32 13 13 43 28 43 33 42 16 17 31 16 36 49 54 43 36 15
24 37 58 32 29 56 54 37 33 20 28 19 30 46 12 45 25 49 37 28 62 37 36 47 14 25 47 27 46 24 50 37 48 35 28 39 42 49 26 33
51 26 27 43 12 51 22 12 12 46 56 50 17 48 22 51 34 52 41 12 45 50 48 42 22 24 22 16 37 47 20 27 13 51 35 10 52 29 18 56
16 38 35 50 43 47 11 46 19 51 37 18 27 36 49 30 43 26 13 30 43 62 43 22 22 42 19 26 37 30 35 24 43 23 32 55 21 31 43 38
41 24 46 46 42 23 18 34 58 50 16 16 19 42 18 29 48 16 13 51 43 30 32 57 35 46 41 20 32 31 46 31 22 38 32 35 35 24 49 44
21 16 16 18 19 5 21 16 25 20 17 10 15 9 22 6 16 12 12 20 15 6 16 16 12 15 9 12 17 23 7 23 9 14 13 8 20 19 14 25
25 20 7 13 18 14 9 12 10 22 22 22 10 19 16 15 9 19 8 19 7 7 22 24 24 21 17 17 7 5 19 10 9 6 22 21 14 10 9 20
21 22 25 19 23 8 19 13 18 5 13 17 8 24 9 21 18 12 17 22 21 9 19 7 12 14 10 22 6 24 13 15 8 13 22 19 7 11 10 23
15 12 6 25 17 8 20 18 20 12 5 21 10 19 21 24 19 22 6 22 5 25 11 22 5 22 17 6 8 9 17 10 12 20 11 14 21 7 5 17
6 9 14 25 15 11 10 5 25 14 23 21 17 11 15 20 17 19 11 21 24 13 25 20 11 17 10 15 20 10 19 15 8 18 19 22 8 8 16 15
97 96 99 93 99
