5
80
15 9 27 24 47 12 21 42 35 33 28 22 15 12 23 18 12 11 23 33 23 47 14 29 34 29 45 34 11 32 20 29 30 25 41 43 29 46 32 43 46 32 41 9 35 27 43 25 17 14 42 25 17 17 49 15 20 27 28 13 36 34 19 33 20 30 44 41 34 28 33 27 48 46 34 10 17 26 44 36
41 23 35 44 15 18 28 28 28 40 38 37 26 26 38 40 11 14 39 41 40 9 31 46 10 38 42 30 40 46 11 37 16 19 26 15 30 34 26 17 40 39 24 35 20 9 40 18 24 23 28 16 21 32 15 38 12 19 42 48 27 15 25 27 14 36 10 17 21 45 26 18 33 41 22 25 47 9 19 31
31 11 42 39 46 37 30 16 46 25 9 32 38 12 27 44 28 20 31 14 32 33 39 31 19 30 49 19 16 36 10 14 41 29 26 46 35 30 46 38 15 37 29 36 21 22 38 40 38 20 33 16 12 20 11 14 34 21 43 38 22 41 36 26 13 36 31 41 13 37 13 47 20 17 33 9 29 44 15 29
25 20 14 34 22 49 45 11 38 43 42 23 35 36 28 15 19 15 37 38 36 31 41 27 29 29 39 49 25 21 16 43 33 29 10 33 33 9 31 29 10 32 15 33 22 26 37 40 39 44 32 44 40 38 31 46 50 44 43 15 15 43 20 19 21 43 45 36 14 31 28 31 15 28 23 19 14 17 22 14
22 22 27 47 27 35 45 13 26 45 10 18 23 20 29 43 26 36 29 20 43 18 19 30 18 16 24 43 40 21 19 47 44 42 36 13 32 24 30 36 32 50 46 47 36 46 42 10 34 45 43 41 39 21 9 43 27 31 18 20 40 15 46 10 33 16 47 48 40 17 46 35 10 10 20 13 30 33 13 46
15 12 30 26 54 14 21 45 37 37 30 23 17 13 27 19 12 12 26 35 26 55 17 32 41 33 53 41 12 38 21 31 36 28 46 51 31 49 36 49 47 32 47 12 39 30 46 27 18 16 47 26 18 19 50 18 24 32 30 13 40 41 21 35 23 35 50 43 41 30 35 29 53 51 37 11 19 30 45 38
47 27 40 47 17 19 31 30 29 44 44 40 29 30 44 43 12 16 44 47 49 10 33 55 11 44 46 36 44 47 12 42 18 19 30 17 32 39 26 18 41 46 26 39 20 10 44 21 25 26 33 16 23 36 17 43 13 22 46 55 28 15 29 29 15 38 11 17 26 47 29 18 36 46 24 28 49 10 23 38
33 12 46 45 48 41 35 18 47 30 11 33 40 14 28 47 28 23 34 16 37 37 46 31 21 37 51 21 17 38 11 17 42 33 28 51 39 33 50 42 18 41 36 42 24 24 40 43 41 23 38 18 15 25 13 15 40 24 45 42 23 45 39 30 13 42 32 45 16 42 14 51 24 20 35 12 30 45 18 31
27 22 14 36 24 49 52 13 41 47 47 26 41 43 30 16 20 18 38 43 43 34 50 32 36 34 41 50 29 23 18 50 35 34 12 39 34 10 34 31 13 36 17 37 25 27 39 41 46 47 36 52 47 43 36 55 50 48 47 15 16 48 22 23 24 48 50 42 15 35 28 32 16 33 28 20 16 19 23 15
25 25 32 48 30 41 50 15 29 48 12 19 26 23 29 48 29 40 33 22 48 23 19 33 20 16 27 49 45 22 20 49 48 51 42 14 35 24 33 42 38 51 50 51 40 53 49 10 36 55 49 46 44 25 11 47 30 35 20 22 44 16 49 12 35 18 54 55 43 18 48 38 10 10 21 15 35 39 16 53
16 8 18 15 13 18 20 13 15 5 20 23 16 22 25 15 20 18 18 17 11 24 6 18 15 18 16 6 13 22 25 19 15 5 10 8 21 10 8 25 24 14 12 21 7 19 6 6 9 5 20 21 14 20 21 24 16 11 16 16 25 20 21 15 8 13 8 11 10 19 17 9 8 18 17 6 18 8 18 25
17 6 24 15 22 25 18 10 17 19 10 13 19 12 19 16 6 14 21 6 17 11 14 8 9 23 5 9 17 6 16 22 21 19 12 25 7 11 11 8 6 23 5 7 25 21 20 24 18 23 6 19 11 5 16 22 5 5 17 21 7 20 24 7 18 12 16 15 21 24 21 9 8 14 12 10 25 16 8 20
5 23 5 15 22 12 6 12 7 14 16 11 13 7 8 17 20 6 11 11 6 18 11 8 5 18 8 13 17 24 17 8 11 12 9 23 11 13 12 25 5 8 12 13 9 17 7 23 15 15 19 25 5 22 14 18 14 7 16 10 19 18 23 14 11 18 11 10 19 22 10 23 5 18 23 21 12 9 20 22
9 20 9 22 18 14 8 14 8 10 7 16 22 5 12 22 17 19 14 7 21 23 20 14 9 5 11 10 10 18 15 9 22 17 15 14 16 24 18 15 18 24 18 6 14 24 14 21 18 5 6 5 10 9 9 6 14 24 6 18 10 5 6 24 10 11 18 13 11 11 13 18 9 15 10 18 20 21 7 18
20 20 20 18 15 9 11 7 15 17 25 21 15 5 14 25 8 20 5 13 9 10 10 23 25 5 12 8 21 18 14 25 24 13 17 16 21 21 7 8 22 20 7 18 23 25 25 12 5 12 11 7 14 25 13 10 23 5 20 20 12 5 24 11 8 10 24 18 6 12 22 21 22 20 23 10 9 19 10 7
196 189 177 178 195
