5
80
33 34 15 27 18 23 35 39 16 35 12 48 29 47 28 32 31 41 13 37 15 39 24 39 22 36 12 38 13 17 33 19 18 17 33 14 13 23 10 49 23 20 32 46 27 29 28 24 27 20 20 13 8 13 35 9 21 26 35 13 15 46 9 13 13 32 18 21 33 20 23 39 36 41 24 36 17 30 19 31
25 28 36 21 24 21 38 32 17 32 17 17 13 39 26 9 18 31 24 17 14 23 34 22 19 26 13 40 27 11 39 14 18 34 34 17 31 14 38 20 16 32 22 11 38 29 47 39 14 18 15 24 25 27 24 12 31 22 21 19 30 34 24 29 41 23 30 10 14 39 16 40 22 31 28 18 37 16 35 44
47 17 32 22 15 23 19 47 24 13 21 32 9 24 31 9 26 22 24 20 32 44 16 39 40 13 44 30 21 35 10 33 16 47 35 34 9 37 22 38 39 29 35 13 12 33 12 11 21 13 26 50 27 34 21 26 8 29 32 40 26 35 23 40 35 16 37 9 13 25 38 25 39 32 10 12 37 20 15 23
41 18 9 23 19 34 37 36 32 23 18 17 12 43 14 36 12 33 20 13 43 23 30 18 30 27 15 38 10 36 22 14 31 35 13 27 39 25 38 43 46 21 30 32 17 31 12 47 24 33 29 43 45 33 13 21 36 31 17 29 30 25 22 17 16 32 39 11 33 41 9 29 13 17 22 15 13 35 18 38
48 33 45 45 14 29 18 27 10 36 18 11 25 10 13 21 26 19 28 48 12 46 19 25 12 16 29 38 25 32 33 37 31 46 29 15 22 32 15 23 28 12 23 36 26 26 21 9 29 16 11 13 14 44 15 24 35 39 24 10 20 18 39 40 39 24 36 37 30 19 20 37 34 15 25 24 28 9 27 14
43 48 24 33 26 32 44 39 22 51 13 49 36 59 33 40 38 59 17 61 19 60 30 48 27 49 12 42 17 25 45 23 27 21 37 19 15 33 11 58 27 22 44 50 43 38 36 37 34 30 26 20 12 19 48 12 28 40 45 14 19 50 16 16 17 42 23 23 46 24 33 50 48 61 29 43 28 33 27 34
29 34 54 31 35 32 54 49 21 43 21 23 20 44 33 13 22 40 31 18 21 30 38 30 24 34 15 60 33 15 60 15 25 48 45 20 37 21 57 22 20 35 32 17 47 35 58 47 23 19 22 26 32 41 33 16 46 24 31 31 34 53 32 34 54 26 41 11 15 49 22 49 34 35 36 22 47 22 48 51
54 23 40 23 22 26 19 56 26 20 26 53 12 35 41 10 34 27 31 29 43 55 17 48 54 15 54 42 21 46 12 42 18 50 48 43 12 41 25 50 47 35 39 15 16 45 19 16 32 20 33 55 38 47 24 40 12 32 32 57 30 53 31 59 50 25 46 11 21 32 48 35 49 35 15 16 50 24 24 24
56 19 11 34 24 42 52 51 43 36 25 26 16 53 18 40 14 38 27 17 48 36 33 30 37 39 22 58 15 52 26 18 38 46 20 37 51 34 51 57 52 35 49 42 21 47 20 58 35 47 47 49 56 46 13 25 44 44 21 33 38 33 23 24 21 43 50 15 46 44 15 35 13 19 31 20 19 42 22 52
53 33 50 53 22 35 27 37 12 46 31 12 32 11 17 22 34 23 37 50 17 55 31 35 14 23 42 53 32 41 42 43 42 58 43 21 26 40 23 29 43 14 28 42 31 41 26 10 36 19 12 16 23 53 17 40 39 42 32 12 21 28 53 57 57 34 48 43 39 25 20 52 43 18 27 40 32 15 40 21
15 13 16 8 20 11 10 21 24 6 5 23 13 13 23 17 5 10 24 20 7 22 16 18 10 8 24 14 20 12 15 24 14 23 17 16 20 6 16 23 11 9 24 12 15 23 8 13 23 7 18 18 23 15 19 22 11 24 8 14 9 15 21 18 21 11 17 5 15 16 5 21 24 6 8 9 16 9 25 21
7 16 20 25 22 16 11 25 16 21 14 5 10 16 11 18 20 21 9 10 12 8 13 25 14 22 16 13 19 6 12 22 14 11 15 12 11 16 11 25 6 21 10 9 22 14 10 12 14 23 14 23 17 20 18 24 12 10 7 23 22 22 17 15 12 24 18 16 14 19 21 23 23 13 12 23 23 23 6 12
20 23 18 18 10 20 7 9 6 20 11 19 21 10 12 23 7 12 8 10 9 19 10 22 18 22 20 8 5 22 17 10 12 14 13 12 9 9 13 15 19 8 22 22 6 22 17 7 22 6 11 12 13 24 14 25 25 19 21 6 19 6 24 20 21 25 20 25 8 20 13 13 9 25 20 15 6 14 15 13
14 10 21 21 16 7 14 15 10 11 9 23 9 23 14 16 12 12 24 11 15 13 13 21 13 8 12 22 5 19 19 5 18 16 13 14 6 22 19 21 17 13 6 20 19 5 24 14 9 25 14 14 18 25 24 12 22 13 12 8 23 19 6 12 5 8 14 14 9 25 22 6 6 13 16 5 5 22 12 13
11 24 11 14 18 19 22 7 24 21 18 22 15 5 21 20 24 23 15 22 24 7 25 22 15 9 13 5 25 12 7 10 13 19 18 13 14 13 12 23 23 5 17 8 15 25 12 19 14 7 13 20 7 12 13 16 13 11 15 8 25 5 23 25 6 14 25 14 20 15 25 21 20 13 21 17 11 10 18 18
196 204 194 184 203
