5
80
26 8 17 13 15 28 24 27 32 25 18 36 46 21 27 10 18 13 8 49 10 40 10 31 32 32 25 41 42 29 12 34 30 18 30 12 32 11 35 41 22 36 24 30 23 9 31 25 35 14 14 20 21 25 39 19 46 15 44 23 18 36 22 10 20 39 40 16 13 18 29 38 10 29 44 32 13 33 14 49
35 19 48 17 14 15 10 36 25 18 19 21 27 30 12 28 16 10 12 49 38 14 9 17 26 28 13 10 17 41 31 34 14 45 35 11 35 41 12 30 40 30 16 37 45 29 37 8 20 29 39 13 44 22 21 36 37 23 28 14 19 50 48 41 48 26 36 26 43 33 24 12 34 28 15 18 39 12 44 30
17 14 25 14 38 37 32 38 21 36 23 31 22 19 13 18 14 16 36 18 31 44 14 37 14 10 23 11 36 38 14 15 32 18 21 10 28 25 45 17 40 37 32 22 40 15 43 28 38 24 40 15 17 28 40 18 49 14 13 44 12 20 25 37 35 36 32 17 16 18 36 7 19 10 12 41 9 33 31 40
29 39 26 44 17 33 26 42 23 31 23 15 42 10 39 42 19 15 36 37 30 24 33 18 47 28 23 34 34 40 42 22 31 12 26 20 30 19 34 34 36 24 7 42 36 11 18 17 32 33 40 28 18 26 15 31 20 21 14 34 45 30 41 25 11 33 28 23 30 9 19 23 24 16 22 11 40 42 35 20
24 19 25 26 32 26 21 40 27 19 14 22 11 39 13 15 23 13 9 22 26 45 10 35 10 27 14 18 11 29 30 35 11 24 27 35 41 43 45 27 35 34 9 23 21 42 11 19 34 28 38 46 35 9 38 27 13 37 21 30 20 29 29 28 13 34 22 12 45 36 9 12 20 43 15 8 34 40 38 36
28 11 22 18 18 41 30 30 48 38 29 44 57 23 38 11 28 15 12 50 12 49 15 36 36 46 27 57 52 47 13 46 42 21 48 15 38 11 48 51 24 48 31 43 28 14 46 34 46 16 22 30 27 32 51 25 59 15 50 24 19 43 32 10 24 43 47 18 19 26 40 48 14 33 46 38 13 39 22 59
53 21 54 22 15 22 16 51 27 21 27 24 30 37 17 33 22 12 19 60 46 15 12 25 36 38 14 15 25 52 41 37 18 58 41 15 50 47 15 45 46 45 21 43 53 38 59 11 29 36 50 15 47 31 26 56 59 25 30 16 26 59 58 55 56 32 50 35 51 46 33 16 50 46 17 25 42 20 54 35
24 18 31 19 47 46 38 54 35 47 27 35 30 21 18 25 19 19 50 25 45 52 22 49 17 15 26 12 53 52 18 15 39 20 24 13 34 34 50 23 60 44 40 37 62 15 44 29 42 31 50 16 21 35 46 20 61 14 19 54 14 27 35 52 37 51 40 24 23 22 48 10 22 13 20 51 12 40 47 48
34 50 34 49 23 43 36 57 36 45 28 21 55 13 48 44 24 25 41 46 38 29 42 26 58 32 27 52 52 45 52 25 51 14 36 26 35 26 48 44 46 32 11 54 46 14 23 22 46 46 55 42 30 36 19 33 24 27 15 37 52 34 45 32 13 44 38 35 37 14 29 34 26 20 31 16 41 50 42 32
29 23 29 38 41 31 27 50 37 25 18 30 17 44 18 17 23 18 13 30 43 53 14 52 12 41 16 24 13 39 47 47 16 37 35 39 49 52 56 33 37 48 11 29 35 49 12 20 36 38 54 59 44 16 42 44 19 48 25 43 27 45 39 35 15 41 33 17 53 44 13 15 29 44 18 11 44 50 52 41
9 9 14 24 11 16 8 19 20 14 14 11 14 24 5 12 11 15 13 10 17 9 13 20 24 13 8 18 8 24 5 10 16 14 23 7 24 9 12 18 20 25 22 23 24 14 17 22 19 20 10 15 13 6 24 5 15 7 7 12 17 18 20 11 20 12 10 8 23 9 17 9 5 24 14 23 7 24 25 15
9 9 11 13 12 25 16 16 19 20 23 10 18 14 20 20 17 7 22 22 9 5 7 23 23 18 19 12 22 9 19 13 9 5 14 22 13 17 22 14 8 13 14 14 5 14 22 7 22 14 10 23 22 18 18 12 15 5 11 12 17 21 21 21 20 18 6 17 12 10 14 21 16 21 9 25 8 13 7 7
25 21 16 9 11 19 6 10 22 16 11 6 21 15 15 20 19 9 19 17 19 22 17 23 8 6 23 5 12 14 5 14 12 23 24 20 10 10 17 14 19 9 5 19 18 25 12 17 23 12 11 21 23 20 16 24 10 8 15 23 19 14 9 5 7 10 25 14 23 7 22 18 18 18 8 14 7 10 11 19
22 12 7 9 8 24 7 12 21 12 10 20 7 22 21 18 8 24 16 14 12 14 18 21 6 25 18 19 5 5 15 13 22 24 19 24 14 5 11 17 16 17 24 6 11 14 7 9 11 13 24 22 17 8 7 21 9 24 21 21 5 16 14 9 7 15 23 8 18 6 13 5 8 13 12 9 23 23 22 20
7 23 16 22 11 18 23 19 6 20 8 9 16 15 5 18 18 25 22 6 13 21 7 10 7 22 21 18 6 7 23 11 25 6 11 17 7 21 18 15 16 11 20 15 23 12 11 10 9 21 5 24 8 13 12 22 18 15 22 25 7 23 17 5 5 9 11 16 10 8 17 13 9 25 17 8 5 24 20 19
191 192 194 187 187
