5
40
23 18 11 32 9 6 37 30 38 20 26 28 30 13 45 23 33 16 27 31 20 30 39 10 13 7 10 8 41 25 15 43 20 38 31 14 20 38 20 12
7 12 24 36 39 14 22 35 25 12 34 27 7 10 20 26 11 24 40 28 7 14 25 38 29 36 17 24 27 37 16 32 19 20 30 18 35 5 34 11
29 43 13 14 17 16 14 7 6 17 19 18 22 28 9 28 42 46 24 21 37 15 9 9 10 17 43 28 37 11 28 16 46 5 20 16 37 12 45 25
15 33 30 36 23 18 27 26 41 26 18 36 28 7 9 27 42 18 16 12 12 33 13 15 18 12 30 24 17 31 7 36 24 42 9 10 9 32 24 20
12 26 44 23 5 25 27 10 36 32 20 10 20 28 10 22 14 30 11 40 20 19 40 18 22 23 23 38 26 17 40 10 19 15 18 24 22 38 41 36
32 37 32 40 19 17 52 39 48 48 41 31 35 32 47 36 61 28 54 63 22 48 54 18 30 13 10 17 56 50 21 62 33 64 50 28 52 52 21 20
14 23 34 50 72 29 38 54 36 24 46 50 19 13 40 38 20 31 50 45 18 26 31 50 49 52 29 28 62 49 24 70 34 49 37 42 50 12 51 16
43 51 19 23 34 33 31 11 14 24 26 24 29 53 16 66 71 67 32 38 60 25 13 21 25 31 56 50 42 29 57 20 61 14 28 16 59 17 62 32
19 75 48 44 38 27 44 57 47 40 37 42 41 21 20 61 64 31 37 13 20 42 17 26 37 24 64 34 28 38 20 53 39 55 23 12 13 46 36 36
18 66 56 35 11 38 49 27 46 54 32 13 20 37 28 50 39 44 17 56 29 36 66 42 61 35 55 49 42 27 65 16 23 19 37 45 24 59 53 58
22 18 7 20 19 7 18 13 20 10 22 7 13 23 23 22 24 24 23 5 14 22 25 9 23 18 24 5 12 24 16 6 22 14 14 11 21 17 13 10
22 6 10 12 10 6 13 14 15 25 14 8 18 24 17 16 22 15 16 9 9 24 11 17 12 10 5 8 25 7 21 8 15 23 21 17 24 8 7 14
25 6 12 22 5 22 24 5 25 16 18 16 23 24 7 20 24 19 21 25 13 8 5 21 8 8 15 21 20 20 12 9 10 25 7 5 15 22 10 11
5 13 21 14 14 8 16 21 17 20 22 6 20 16 11 20 21 20 12 21 16 20 19 25 17 22 11 14 18 11 20 22 9 6 16 8 14 11 6 24
25 19 10 19 11 14 5 11 23 20 16 11 20 12 19 23 24 8 18 22 14 7 22 24 12 22 18 19 8 8 11 8 11 7 9 21 22 11 14 20
105 92 99 100 98
