5
80
38 36 19 25 22 27 36 38 19 42 12 46 26 44 31 38 35 45 14 47 15 44 27 39 21 37 12 40 16 19 37 19 23 19 32 15 13 28 9 46 26 19 37 43 31 34 31 31 27 24 20 15 11 18 47 10 24 29 37 13 15 47 11 15 12 33 19 18 40 23 27 46 41 48 24 39 23 28 24 30
23 31 45 26 30 27 39 38 17 35 17 22 16 36 26 11 21 31 23 17 19 24 34 25 20 27 13 48 27 13 45 14 19 42 34 16 30 18 43 19 17 32 24 15 41 33 44 37 19 16 21 24 29 30 30 12 37 21 28 23 28 42 31 27 42 22 36 9 14 36 19 42 27 31 30 18 43 19 44 45
43 18 35 22 18 22 19 43 24 18 20 42 10 32 36 10 30 24 25 26 35 41 16 40 43 15 48 32 18 37 10 39 17 50 39 33 11 36 25 40 36 35 36 11 14 33 15 14 28 16 28 48 36 42 23 32 11 31 32 45 25 42 23 49 40 21 39 9 17 25 37 31 41 30 12 13 43 20 18 23
43 18 9 28 20 32 42 39 34 28 20 21 14 48 15 34 13 30 24 15 41 31 30 22 34 31 17 44 14 42 23 15 29 42 17 30 41 33 39 45 42 28 36 36 15 37 15 44 28 40 36 39 46 37 13 24 44 40 18 31 28 29 19 19 19 40 36 14 40 39 12 34 13 19 27 16 15 31 16 44
46 30 43 43 18 28 21 33 11 45 22 11 30 11 15 20 29 19 33 45 13 45 25 29 11 20 32 44 27 35 32 40 32 44 34 16 22 30 18 22 32 10 27 34 31 31 21 9 29 17 12 12 17 46 14 32 38 35 28 10 18 25 45 41 47 31 38 36 33 23 18 46 39 16 23 29 28 12 31 16
40 41 23 28 25 28 41 42 22 44 13 53 29 52 35 42 37 52 16 52 17 52 29 42 25 44 12 43 17 22 41 21 26 20 38 17 16 29 10 49 26 22 41 51 38 39 31 31 28 25 22 16 11 18 51 12 27 35 38 15 16 50 14 16 15 39 23 21 40 24 29 50 42 52 24 41 23 32 25 36
27 31 48 27 32 27 44 45 20 39 18 23 18 40 29 13 22 33 25 19 19 28 36 26 25 33 14 48 28 15 51 16 23 45 39 19 36 18 49 21 20 35 27 16 47 38 50 41 19 18 21 26 33 35 32 15 39 23 29 25 33 46 35 31 46 23 41 12 14 42 20 43 30 34 33 21 46 22 51 53
50 19 42 23 21 25 19 50 28 18 22 47 11 34 40 11 33 26 29 26 37 46 16 45 45 15 49 35 23 45 12 40 19 50 43 37 12 42 27 43 40 36 40 13 14 37 18 14 30 17 34 52 38 47 25 35 11 34 33 51 27 49 25 49 42 23 45 11 18 29 41 32 44 34 12 15 46 21 22 25
45 19 11 29 24 35 45 41 38 33 24 23 16 48 18 39 14 34 29 17 46 31 32 25 38 33 19 52 15 46 26 17 34 46 18 36 43 35 46 46 48 29 41 39 17 39 16 52 30 46 38 46 49 45 14 25 44 45 18 34 34 32 22 21 21 41 44 15 45 45 12 37 13 19 33 17 18 37 18 50
50 33 47 48 19 31 22 34 13 46 26 13 33 11 17 24 31 19 37 54 16 49 27 36 13 24 37 48 31 37 34 45 36 49 35 17 23 35 20 26 39 13 30 37 32 36 23 10 34 19 13 15 20 49 16 35 41 39 32 12 21 26 49 48 50 32 42 44 36 25 20 48 46 18 28 34 32 13 36 18
15 13 16 8 20 11 10 21 24 6 5 23 13 13 23 17 5 10 24 20 7 22 16 18 10 8 24 14 20 12 15 24 14 23 17 16 20 6 16 23 11 9 24 12 15 23 8 13 23 7 18 18 23 15 19 22 11 24 8 14 9 15 21 18 21 11 17 5 15 16 5 21 24 6 8 9 16 9 25 21
7 16 20 25 22 16 11 25 16 21 14 5 10 16 11 18 20 21 9 10 12 8 13 25 14 22 16 13 19 6 12 22 14 11 15 12 11 16 11 25 6 21 10 9 22 14 10 12 14 23 14 23 17 20 18 24 12 10 7 23 22 22 17 15 12 24 18 16 14 19 21 23 23 13 12 23 23 23 6 12
20 23 18 18 10 20 7 9 6 20 11 19 21 10 12 23 7 12 8 10 9 19 10 22 18 22 20 8 5 22 17 10 12 14 13 12 9 9 13 15 19 8 22 22 6 22 17 7 22 6 11 12 13 24 14 25 25 19 21 6 19 6 24 20 21 25 20 25 8 20 13 13 9 25 20 15 6 14 15 13
14 10 21 21 16 7 14 15 10 11 9 23 9 23 14 16 12 12 24 11 15 13 13 21 13 8 12 22 5 19 19 5 18 16 13 14 6 22 19 21 17 13 6 20 19 5 24 14 9 25 14 14 18 25 24 12 22 13 12 8 23 19 6 12 5 8 14 14 9 25 22 6 6 13 16 5 5 22 12 13
11 24 11 14 18 19 22 7 24 21 18 22 15 5 21 20 24 23 15 22 24 7 25 22 15 9 13 5 25 12 7 10 13 19 18 13 14 13 12 23 23 5 17 8 15 25 12 19 14 7 13 20 7 12 13 16 13 11 15 8 25 5 23 25 6 14 25 14 20 15 25 21 20 13 21 17 11 10 18 18
196 204 194 184 203
