5
80
21 24 28 40 32 36 24 21 16 38 17 43 43 29 18 28 45 39 45 23 11 32 33 31 24 34 38 46 34 19 29 20 39 29 13 13 17 24 34 26 30 14 9 11 8 38 43 12 39 13 39 39 28 13 12 31 12 31 21 16 9 37 42 21 17 11 21 26 26 34 34 14 34 29 40 43 28 15 17 17
28 9 36 37 35 38 39 36 10 24 18 17 43 13 32 38 26 23 9 24 24 29 33 36 32 8 31 26 39 12 27 12 31 15 20 35 19 15 44 14 25 28 40 28 36 10 31 39 11 39 29 29 9 44 28 39 21 33 24 26 36 40 28 30 41 30 25 30 44 9 7 31 30 23 28 34 21 32 21 23
23 33 30 20 36 31 36 46 21 44 11 12 21 21 12 47 22 11 18 8 11 14 42 11 19 48 29 23 7 14 49 40 18 15 23 12 10 31 19 32 32 17 20 15 40 27 25 10 37 37 35 29 28 9 41 42 15 20 39 36 29 26 12 33 11 24 32 19 21 9 27 21 30 33 8 11 27 28 24 10
35 29 28 30 12 41 46 12 23 31 15 26 48 8 19 36 22 12 34 36 26 9 38 17 38 11 28 31 32 49 10 24 10 44 18 29 33 11 17 13 35 28 15 30 43 45 47 17 24 16 32 36 33 31 12 45 12 36 9 26 23 17 15 22 23 25 10 44 37 13 32 13 37 32 13 31 47 43 14 15
14 27 38 24 30 16 40 14 11 37 29 22 38 13 30 18 26 12 21 11 11 35 29 37 45 22 25 27 24 39 33 12 22 23 30 11 19 32 23 43 40 21 16 29 16 15 34 22 24 44 28 40 26 7 31 7 24 13 11 46 22 22 31 32 37 29 33 34 28 16 22 11 22 25 21 21 27 22 24 22
22 31 45 44 35 47 27 32 24 39 26 45 43 38 20 40 47 48 48 24 11 37 48 36 35 38 48 53 48 20 37 22 47 47 21 16 23 31 50 34 50 21 13 14 11 46 56 14 55 16 47 48 42 20 14 41 13 41 27 18 15 51 50 28 24 14 33 35 31 50 41 18 41 44 52 49 35 22 19 23
38 15 48 49 45 47 44 49 11 27 21 20 46 16 40 40 28 25 12 26 30 42 40 48 41 13 47 36 51 17 35 17 41 20 24 46 21 21 54 17 33 35 47 45 43 14 36 50 15 49 40 40 11 50 40 52 28 45 31 28 39 46 36 44 53 42 32 38 47 14 11 35 45 35 38 51 33 40 26 28
32 46 36 31 43 43 52 53 23 49 13 15 26 30 12 48 35 11 20 13 16 17 59 15 27 48 40 25 10 15 58 51 26 20 27 20 13 43 25 38 42 18 22 15 54 37 34 12 42 40 45 39 30 13 44 46 16 30 49 39 38 27 15 45 18 30 46 19 28 15 30 32 40 38 11 13 33 37 33 15
36 40 33 34 12 49 55 17 38 44 20 34 57 11 24 57 33 16 40 51 41 13 52 24 52 14 35 40 51 53 13 34 12 44 22 34 45 17 21 15 49 34 20 36 59 59 50 18 26 20 48 53 43 42 18 55 16 54 10 35 28 21 17 31 33 36 13 44 40 19 37 19 47 50 21 39 61 43 16 22
16 32 45 28 32 16 46 14 12 42 40 35 51 15 32 22 34 17 21 15 14 43 34 44 55 27 33 30 26 44 43 15 26 30 35 16 31 46 30 50 42 26 21 35 18 17 56 30 30 50 47 61 37 12 46 10 40 20 11 58 26 32 38 44 49 35 39 50 47 19 30 14 37 26 35 30 38 24 29 33
19 19 8 13 7 13 15 5 25 17 6 17 9 18 25 7 16 25 10 5 21 16 25 6 16 21 18 20 11 5 6 12 8 12 15 24 10 9 22 22 14 7 7 17 10 7 16 10 14 11 8 17 24 13 12 23 14 20 17 5 19 19 22 14 11 12 19 20 19 16 18 8 13 11 11 7 18 14 14 14
17 8 17 6 24 14 8 9 11 13 19 13 24 11 12 5 13 24 23 8 24 23 25 9 17 16 23 22 13 17 8 12 16 17 11 23 5 14 20 18 10 22 20 14 7 8 11 10 15 25 16 17 5 10 10 7 13 21 12 11 15 25 14 18 21 8 15 13 10 22 16 25 7 23 25 23 24 25 16 14
11 22 14 14 5 13 9 8 7 17 16 10 17 18 11 7 15 7 15 6 17 14 17 24 18 21 23 13 5 5 11 21 16 13 18 9 20 15 25 19 23 25 19 14 8 9 9 16 20 8 7 14 19 21 5 13 9 14 9 23 20 10 8 19 18 11 16 14 20 10 23 5 15 18 9 20 16 22 22 24
13 16 12 7 7 25 13 11 9 11 9 6 13 6 24 18 23 16 23 21 15 7 16 17 21 21 23 25 22 9 8 8 6 8 17 19 7 16 15 18 21 11 9 24 25 14 20 6 11 20 17 24 9 22 5 25 9 8 21 7 5 18 15 11 11 13 15 25 24 19 16 12 21 6 25 14 12 5 8 16
21 7 6 18 24 25 18 20 8 8 12 8 23 25 16 12 13 10 6 18 14 8 25 18 6 19 18 19 8 23 24 18 6 14 23 19 17 15 24 14 20 19 11 10 23 17 8 17 13 10 17 18 15 11 16 17 6 21 16 21 23 19 7 7 19 6 7 24 21 5 24 22 24 8 18 14 15 15 19 7
182 197 187 188 198
