5
40
14 33 11 12 7 26 40 18 28 11 25 34 18 18 23 22 33 33 46 17 35 21 38 18 27 40 15 35 26 35 12 11 28 21 34 32 46 28 37 11
47 9 36 19 25 27 10 15 43 39 25 41 18 37 33 17 22 41 15 21 16 20 10 41 18 14 19 24 50 23 11 14 13 42 34 11 36 38 30 13
13 12 27 14 45 12 35 41 37 31 25 17 34 11 22 38 35 26 14 22 28 14 36 39 17 11 35 20 16 8 20 37 26 36 50 11 31 18 13 42
19 36 28 15 18 43 14 25 43 24 33 16 18 22 12 40 11 13 35 21 10 17 32 10 32 28 24 17 16 17 44 24 15 42 31 30 34 33 16 29
24 44 37 13 34 36 21 32 17 16 28 12 24 36 12 32 42 22 39 42 32 31 31 31 33 27 20 14 21 30 32 30 42 42 26 35 31 31 12 32
20 38 11 14 12 36 54 26 45 12 34 52 19 24 27 35 53 46 48 25 54 35 56 20 33 55 23 44 42 40 20 14 37 21 41 40 46 40 47 18
50 14 41 23 29 36 16 24 50 43 35 45 29 55 55 27 25 48 22 28 24 28 16 50 19 20 22 39 52 31 15 19 13 52 53 15 43 50 45 15
14 15 37 18 54 15 45 47 48 36 33 26 41 15 32 44 48 31 16 27 34 18 46 47 18 11 40 30 20 12 24 38 30 44 51 15 43 24 16 46
31 39 38 19 30 48 14 31 48 32 38 22 21 29 14 60 18 18 58 32 17 26 47 16 40 38 29 23 23 18 49 33 15 56 46 42 42 42 20 40
31 60 56 14 39 44 31 46 24 19 39 14 41 45 21 39 59 36 49 55 36 42 43 39 41 38 20 14 26 30 48 39 58 58 38 46 36 38 15 38
10 6 5 16 20 5 10 7 16 14 23 17 5 13 24 20 13 20 18 6 7 11 13 22 11 25 7 20 5 14 24 22 23 14 11 9 7 21 7 19
17 19 13 16 12 13 8 18 24 24 9 14 12 14 17 16 22 21 24 10 21 19 22 5 7 12 23 22 10 24 12 12 14 10 24 21 10 21 25 7
17 5 17 8 10 23 13 15 11 5 5 5 12 7 24 16 15 8 16 13 24 8 15 23 18 12 11 23 16 14 9 17 7 17 8 19 11 5 14 12
16 25 21 22 12 8 6 19 9 17 10 22 11 16 9 21 8 15 14 6 19 14 18 11 6 14 12 11 19 17 11 15 22 13 19 15 25 17 7 17
25 17 24 20 12 13 5 13 17 16 12 14 18 10 9 10 13 21 17 6 23 17 19 9 7 10 9 16 6 16 7 8 7 15 16 18 14 14 21 22
89 103 84 94 90
