5
40
11 27 22 16 12 30 33 41 27 14 24 37 31 24 39 36 21 45 12 26 10 18 29 45 43 34 9 43 35 30 22 13 44 38 35 42 16 19 38 34
28 23 36 24 33 8 50 31 47 16 42 31 30 36 31 31 43 20 38 13 15 21 27 46 34 27 23 17 47 24 9 10 23 30 30 32 37 45 41 13
46 40 19 20 20 43 23 42 34 12 34 11 41 17 15 28 20 27 10 15 16 41 14 26 34 33 42 9 25 30 41 14 27 28 32 17 22 22 20 22
37 20 40 11 13 24 32 27 22 35 13 22 19 12 23 41 9 40 30 21 24 49 13 38 27 10 15 15 19 22 15 21 32 40 25 43 38 23 16 49
12 32 42 15 22 29 43 44 11 8 21 37 30 10 19 11 16 21 45 11 34 30 21 22 32 25 21 29 8 37 20 33 37 14 15 38 10 38 34 28
15 37 30 24 19 38 41 46 42 18 30 41 47 28 59 46 26 54 13 39 15 23 45 50 50 49 13 49 49 45 27 18 52 61 48 49 21 21 48 35
34 25 53 30 48 10 61 33 48 23 57 35 49 46 43 43 49 21 58 13 21 34 40 50 41 46 25 24 49 30 16 15 32 32 37 40 58 48 46 19
60 45 23 32 25 50 28 50 38 14 46 16 51 25 19 37 32 39 14 23 21 51 17 35 45 56 51 10 29 40 42 20 39 38 44 25 30 34 24 24
51 31 49 13 18 31 42 37 35 42 18 30 28 16 32 48 11 42 41 28 33 57 17 46 33 10 15 21 30 25 18 22 38 56 25 59 46 30 18 60
14 47 50 17 34 37 46 48 14 11 29 55 35 11 26 13 21 30 50 13 44 38 30 30 49 37 30 39 10 50 24 51 53 17 21 51 15 61 43 32
19 9 20 20 25 18 22 20 8 11 22 16 25 22 7 25 8 22 18 10 9 21 16 25 9 17 16 12 22 5 22 11 14 18 14 24 19 5 10 8
24 19 12 7 22 21 12 24 10 11 10 11 7 8 25 14 10 7 10 13 13 22 16 11 12 6 8 9 17 11 20 20 20 8 24 12 8 13 25 5
5 17 21 7 24 15 22 7 5 19 9 21 5 18 5 19 6 17 15 8 25 15 7 6 7 20 10 11 15 19 9 18 13 23 15 17 21 13 6 17
14 13 19 23 23 7 13 21 24 18 9 5 21 20 11 19 10 16 5 21 21 5 9 5 25 20 16 16 10 22 18 10 22 18 23 24 23 11 24 17
18 24 7 5 13 20 13 22 22 10 7 10 17 5 9 7 23 7 13 14 18 25 17 12 10 7 9 23 10 15 24 6 19 16 6 6 23 12 12 19
103 89 88 104 88
