5
40
13 8 26 21 27 34 32 18 9 8 16 22 7 33 28 23 24 12 14 8 39 14 13 21 15 34 27 18 41 23 8 18 29 20 22 11 14 49 28 13
42 23 40 45 12 32 35 40 15 28 24 22 24 16 11 9 36 32 32 17 20 18 10 14 6 17 29 32 12 14 11 17 34 10 15 27 15 38 26 5
8 11 19 29 10 8 9 10 8 48 31 7 24 33 33 36 37 7 14 20 24 40 30 36 22 6 11 29 27 32 14 33 17 12 19 17 23 6 22 16
16 44 26 31 17 15 31 25 30 40 21 21 29 14 8 24 32 26 31 22 13 20 29 33 12 24 16 12 14 31 15 12 22 5 19 10 33 25 31 19
26 14 40 43 26 24 28 26 14 18 12 35 18 33 11 41 21 17 12 13 43 24 11 37 30 9 34 11 33 28 16 45 28 16 12 6 32 14 10 19
18 13 52 44 43 48 38 27 13 15 27 43 15 48 55 43 54 18 22 21 66 22 22 36 25 50 48 31 59 27 20 38 40 36 47 24 15 66 38 21
60 32 75 52 19 60 70 42 26 54 55 37 50 35 16 13 52 50 51 25 44 29 15 19 18 22 42 54 28 28 14 45 41 12 29 62 18 47 56 15
15 22 39 60 15 11 12 16 11 70 71 16 32 44 51 68 49 15 34 23 50 63 56 46 30 12 19 49 56 42 16 69 23 15 26 18 32 17 51 21
20 67 57 44 37 26 71 29 60 56 39 52 51 27 13 40 50 56 50 46 20 37 44 54 28 50 18 19 35 49 34 22 32 15 24 15 49 46 46 46
37 20 56 65 38 25 41 53 17 51 13 43 25 55 19 64 22 23 25 15 52 31 23 75 65 17 39 21 61 58 40 68 60 24 21 11 42 28 25 29
12 15 25 13 15 6 14 9 22 24 16 18 10 14 9 23 11 19 9 18 14 23 10 15 18 8 24 20 20 19 16 24 18 19 5 12 22 20 25 13
10 22 11 12 13 13 24 25 10 21 16 17 10 20 23 6 6 25 7 17 24 17 5 15 25 10 23 17 13 10 10 10 6 23 13 21 25 15 20 15
18 24 12 22 16 8 9 15 5 10 7 17 9 5 21 8 18 8 19 10 19 25 8 17 18 20 6 14 19 25 19 23 5 10 12 21 20 8 6 15
6 24 17 18 5 7 7 14 20 19 19 10 22 14 18 25 21 17 15 20 20 18 25 14 21 9 11 22 18 5 14 15 11 8 13 17 14 9 6 14
19 11 8 10 16 18 17 21 24 21 25 22 5 13 22 10 18 14 25 7 21 10 12 22 14 17 11 25 5 24 25 9 19 5 12 24 24 21 5 11
103 100 91 96 102
