5
80
31 37 17 27 15 19 21 35 18 40 8 49 17 40 21 32 35 47 9 26 15 46 21 20 22 28 8 32 11 16 31 18 23 18 18 8 8 28 9 30 26 15 26 32 33 20 23 18 26 20 21 14 9 12 43 12 21 29 33 9 8 30 8 10 10 24 15 16 40 14 27 33 33 48 16 31 17 26 20 29
24 16 23 27 20 14 40 24 18 34 15 11 10 21 26 11 18 31 12 9 14 21 30 20 19 20 11 31 17 9 28 14 17 30 26 18 34 11 36 21 19 31 13 11 43 35 47 26 10 17 10 18 29 25 29 10 37 14 17 21 31 36 24 21 27 18 34 7 13 25 14 21 18 21 29 16 34 15 42 27
29 11 31 22 16 16 18 27 18 9 11 33 5 19 36 7 21 13 17 23 28 31 10 32 35 9 41 18 11 37 6 39 18 39 27 33 10 35 15 30 37 27 23 9 12 31 12 11 17 12 15 43 26 30 12 29 8 23 30 27 21 33 21 35 39 11 29 10 14 26 37 21 37 31 12 7 25 17 11 19
39 19 7 20 17 31 36 30 33 17 16 18 8 29 16 24 12 23 14 12 35 26 16 14 20 21 16 45 10 39 21 13 21 23 11 22 22 26 28 44 38 27 40 19 9 36 13 47 14 24 26 32 31 24 11 23 37 21 9 29 15 15 20 17 16 28 29 11 41 40 7 31 13 9 25 10 16 26 10 36
25 32 31 37 16 22 19 31 7 44 18 12 23 7 13 11 29 18 28 25 14 23 18 33 13 11 19 30 15 24 21 24 34 44 17 16 13 27 15 15 29 10 15 21 25 20 19 8 19 9 9 10 14 46 8 26 37 35 24 7 10 12 26 27 41 24 24 32 26 22 13 43 28 16 19 27 26 13 22 15
46 58 28 31 29 28 55 42 27 55 16 53 37 56 36 39 37 67 21 64 17 59 36 58 30 52 13 59 24 28 54 30 29 28 39 17 21 37 14 65 37 23 59 53 46 45 36 40 34 30 33 16 16 26 61 15 33 42 43 19 20 53 19 16 15 45 24 21 49 26 28 56 57 57 32 52 28 35 31 36
30 36 66 32 31 27 62 54 28 52 21 25 20 47 39 18 28 48 28 24 27 39 38 36 29 40 17 63 38 18 63 17 26 60 52 24 42 18 66 22 20 36 31 18 54 48 49 56 24 22 25 29 41 48 30 20 55 31 38 29 37 63 37 34 45 24 48 16 20 43 26 53 36 36 43 22 50 20 48 73
53 26 39 34 31 36 22 59 36 19 21 46 15 37 48 13 41 27 32 34 47 63 20 54 65 19 73 37 23 52 18 59 22 55 46 42 18 60 34 40 59 46 42 13 17 52 23 15 37 20 42 62 43 58 27 45 15 41 43 70 32 67 27 69 54 30 60 12 26 41 51 32 53 33 14 22 63 25 26 29
57 22 10 39 29 41 61 51 51 32 31 32 22 50 20 41 13 36 38 19 61 34 42 30 38 45 24 70 19 46 25 18 42 54 25 44 47 46 57 65 56 29 48 40 21 45 21 48 40 62 50 62 61 52 15 35 51 43 22 48 38 40 29 26 27 45 59 14 55 58 15 48 18 23 40 17 22 48 26 64
70 46 63 47 18 44 23 37 13 52 30 18 45 14 24 22 30 27 48 53 20 54 39 49 16 30 43 68 39 54 34 49 37 50 52 25 27 46 20 30 47 12 39 41 43 40 34 11 34 26 16 14 28 71 20 45 51 54 43 11 27 35 56 48 66 37 55 55 46 33 30 69 50 23 38 43 38 14 47 17
15 13 16 8 20 11 10 21 24 6 5 23 13 13 23 17 5 10 24 20 7 22 16 18 10 8 24 14 20 12 15 24 14 23 17 16 20 6 16 23 11 9 24 12 15 23 8 13 23 7 18 18 23 15 19 22 11 24 8 14 9 15 21 18 21 11 17 5 15 16 5 21 24 6 8 9 16 9 25 21
7 16 20 25 22 16 11 25 16 21 14 5 10 16 11 18 20 21 9 10 12 8 13 25 14 22 16 13 19 6 12 22 14 11 15 12 11 16 11 25 6 21 10 9 22 14 10 12 14 23 14 23 17 20 18 24 12 10 7 23 22 22 17 15 12 24 18 16 14 19 21 23 23 13 12 23 23 23 6 12
20 23 18 18 10 20 7 9 6 20 11 19 21 10 12 23 7 12 8 10 9 19 10 22 18 22 20 8 5 22 17 10 12 14 13 12 9 9 13 15 19 8 22 22 6 22 17 7 22 6 11 12 13 24 14 25 25 19 21 6 19 6 24 20 21 25 20 25 8 20 13 13 9 25 20 15 6 14 15 13
14 10 21 21 16 7 14 15 10 11 9 23 9 23 14 16 12 12 24 11 15 13 13 21 13 8 12 22 5 19 19 5 18 16 13 14 6 22 19 21 17 13 6 20 19 5 24 14 9 25 14 14 18 25 24 12 22 13 12 8 23 19 6 12 5 8 14 14 9 25 22 6 6 13 16 5 5 22 12 13
11 24 11 14 18 19 22 7 24 21 18 22 15 5 21 20 24 23 15 22 24 7 25 22 15 9 13 5 25 12 7 10 13 19 18 13 14 13 12 23 23 5 17 8 15 25 12 19 14 7 13 20 7 12 13 16 13 11 15 8 25 5 23 25 6 14 25 14 20 15 25 21 20 13 21 17 11 10 18 18
196 204 194 184 203
