5
40
13 34 23 18 15 34 33 37 35 13 21 33 36 25 50 43 21 44 12 30 11 22 35 43 45 38 10 43 42 38 22 14 48 47 40 43 18 19 36 32
31 23 46 25 44 10 45 29 47 20 44 33 37 37 38 39 44 20 43 11 20 28 29 45 36 37 23 20 47 22 12 14 30 29 33 29 47 45 43 17
45 41 20 23 20 42 25 40 34 12 42 11 48 19 17 31 26 30 13 17 16 42 15 28 34 44 47 10 26 35 36 14 29 37 38 19 28 28 21 22
40 27 47 10 17 27 33 32 30 36 17 22 25 13 27 36 11 41 33 20 28 49 13 41 31 10 14 16 24 23 14 20 35 48 22 46 40 24 15 49
11 36 41 17 29 27 38 42 11 10 25 47 31 10 23 12 17 23 47 13 39 33 29 23 38 31 23 37 10 36 20 42 38 16 17 48 10 45 39 31
14 36 27 22 17 39 34 43 38 16 24 40 40 27 53 46 23 50 13 33 13 22 38 52 49 40 12 50 42 43 26 16 50 49 47 49 18 22 44 37
36 23 46 25 45 11 54 35 51 20 50 34 43 41 38 40 48 22 49 14 22 28 33 51 41 38 26 24 48 27 14 15 31 31 36 34 50 48 44 17
51 49 21 27 23 49 27 43 39 12 47 13 53 24 19 36 26 35 15 20 18 49 16 30 40 48 48 11 31 38 45 16 32 41 47 22 30 29 23 23
46 27 49 12 17 31 36 36 31 41 19 25 26 16 34 43 12 44 40 24 29 52 15 45 33 11 15 17 25 25 16 21 38 49 25 49 41 24 18 52
13 39 47 18 31 32 47 50 12 11 29 53 35 11 27 13 20 28 52 13 40 37 31 27 44 36 26 41 10 44 24 44 43 16 20 49 12 51 44 35
19 9 20 20 25 18 22 20 8 11 22 16 25 22 7 25 8 22 18 10 9 21 16 25 9 17 16 12 22 5 22 11 14 18 14 24 19 5 10 8
24 19 12 7 22 21 12 24 10 11 10 11 7 8 25 14 10 7 10 13 13 22 16 11 12 6 8 9 17 11 20 20 20 8 24 12 8 13 25 5
5 17 21 7 24 15 22 7 5 19 9 21 5 18 5 19 6 17 15 8 25 15 7 6 7 20 10 11 15 19 9 18 13 23 15 17 21 13 6 17
14 13 19 23 23 7 13 21 24 18 9 5 21 20 11 19 10 16 5 21 21 5 9 5 25 20 16 16 10 22 18 10 22 18 23 24 23 11 24 17
18 24 7 5 13 20 13 22 22 10 7 10 17 5 9 7 23 7 13 14 18 25 17 12 10 7 9 23 10 15 24 6 19 16 6 6 23 12 12 19
103 89 88 104 88
