5
80
10 45 35 21 37 38 28 37 37 39 19 39 28 11 38 41 37 34 9 13 43 16 13 25 28 37 42 37 44 27 41 30 24 13 12 36 18 18 32 21 48 27 16 10 34 19 35 16 39 32 38 9 44 12 18 35 13 38 17 38 28 22 26 29 25 13 35 18 33 10 21 27 32 20 35 23 42 16 41 19
24 24 26 9 19 33 46 26 15 50 33 18 15 15 10 50 48 30 39 35 24 39 29 21 34 15 20 45 11 39 22 30 32 23 10 38 19 32 16 14 19 23 24 49 42 10 42 12 22 11 11 40 28 38 28 37 9 29 34 32 16 32 35 28 17 47 42 48 46 27 19 26 41 14 38 15 21 40 37 42
10 28 31 19 11 30 33 46 30 29 40 23 45 35 30 46 12 34 32 30 14 28 41 43 40 18 29 38 14 12 24 25 11 22 29 46 35 34 30 45 38 44 21 26 39 45 17 22 31 13 20 16 29 47 43 18 23 15 39 48 33 38 17 49 20 40 28 39 11 36 29 14 46 49 38 48 46 23 48 32
15 47 48 9 33 16 32 18 15 40 38 44 12 18 36 43 27 29 28 34 30 21 47 41 23 25 14 17 28 10 34 26 40 38 27 45 34 38 27 33 41 47 16 10 25 35 40 28 18 36 37 37 22 23 28 13 11 34 37 23 27 14 16 34 31 27 25 13 42 12 27 24 43 37 50 29 28 40 38 9
46 20 38 12 32 27 15 37 38 33 14 39 30 35 44 20 17 36 18 27 14 44 41 27 20 31 27 36 43 42 10 12 31 24 23 40 45 38 20 43 13 39 26 9 12 15 35 20 21 29 24 22 12 32 42 41 18 12 18 15 16 27 23 16 18 11 40 10 12 38 29 18 31 14 38 26 36 36 20 40
13 46 40 24 40 44 34 44 39 42 22 44 28 12 44 43 38 34 11 14 52 18 15 25 35 40 48 46 47 30 45 36 24 15 15 40 19 19 35 23 54 31 18 11 36 22 42 16 44 39 42 11 51 14 19 36 13 38 17 43 32 25 29 31 26 13 40 21 37 11 23 33 34 24 41 26 46 18 45 20
25 25 30 11 24 36 49 28 17 51 35 19 16 15 11 50 51 35 44 41 27 44 32 23 35 15 22 50 11 43 25 30 34 25 11 41 21 36 17 16 22 25 24 53 48 11 47 12 26 13 14 43 33 43 29 44 10 30 36 37 19 34 37 35 19 51 50 50 48 32 22 28 45 15 44 17 22 47 38 44
13 30 34 20 12 36 34 50 31 34 48 26 49 41 32 51 13 41 39 33 16 29 50 46 42 20 32 42 14 15 26 26 13 25 30 51 40 39 36 50 38 52 24 30 45 50 19 26 34 13 21 19 31 50 50 18 25 15 42 52 35 39 18 51 22 46 30 42 13 43 34 17 49 51 43 54 50 28 53 35
15 50 50 11 37 17 38 18 16 47 45 50 13 18 41 48 34 34 30 38 32 26 52 41 24 29 14 18 31 11 36 27 43 44 28 53 39 44 32 37 44 52 17 11 27 40 45 28 22 44 40 45 26 27 30 16 11 36 39 24 29 17 16 39 35 29 29 14 48 13 33 28 45 37 55 29 33 44 45 12
51 22 40 13 32 33 15 38 40 37 16 44 32 40 52 21 19 40 23 31 15 47 41 30 23 37 30 38 52 45 10 14 34 25 25 45 48 39 20 45 14 40 28 10 14 17 37 22 23 35 29 27 15 34 43 42 22 15 20 16 18 27 26 18 22 11 44 12 13 44 31 18 34 16 44 30 39 41 23 41
6 8 11 6 13 6 5 21 10 10 21 6 19 12 7 24 9 18 20 9 17 14 13 22 8 18 25 8 21 8 21 23 17 11 13 9 16 11 21 14 13 23 9 23 10 7 25 5 16 14 19 25 6 11 17 10 14 8 23 23 15 22 16 11 17 6 18 9 23 20 19 20 8 22 5 13 18 10 6 7
25 17 22 25 22 6 22 14 5 18 15 18 9 5 24 14 17 20 25 23 7 24 18 11 14 20 10 22 7 19 18 12 15 8 22 8 16 17 8 19 7 10 16 17 8 25 10 5 24 9 19 8 20 5 23 23 6 15 10 10 25 5 12 6 20 22 16 15 15 11 5 9 6 24 5 5 15 16 12 22
19 25 11 7 5 21 24 11 18 21 18 6 8 10 25 17 12 21 9 25 5 9 7 13 20 25 9 8 8 5 10 20 22 25 22 21 6 12 18 15 16 18 14 16 16 7 21 10 18 23 13 19 5 23 14 18 5 11 21 13 21 13 9 19 8 22 12 10 23 20 11 12 5 24 23 5 19 21 10 17
21 13 5 22 13 12 12 14 15 14 19 8 24 9 5 18 10 18 13 20 7 8 11 23 5 22 18 6 6 6 9 6 21 12 8 17 21 13 16 12 18 13 7 24 25 14 16 19 14 8 23 14 13 19 15 8 14 8 16 6 25 11 21 11 12 7 12 9 18 8 24 25 18 23 18 9 6 21 7 23
25 17 22 20 5 21 25 11 24 13 22 19 13 13 13 24 9 21 12 7 9 15 20 23 18 25 8 19 9 13 12 14 22 22 22 25 8 16 9 16 25 14 5 16 10 23 23 18 19 25 12 19 17 20 18 23 13 15 23 25 7 6 8 18 23 8 15 17 23 18 23 8 22 23 25 11 10 19 9 10
181 188 191 181 212
