5
40
24 28 17 34 17 12 48 38 32 30 38 21 26 23 43 27 31 18 39 44 18 36 42 13 19 8 7 12 41 41 11 38 21 38 40 24 31 39 16 14
11 17 26 32 40 26 21 33 23 15 30 31 9 11 38 31 18 25 40 27 11 20 26 34 28 46 19 19 41 33 24 41 29 29 30 27 26 10 36 9
42 39 13 17 26 26 27 11 8 16 15 23 19 41 9 44 49 41 26 33 46 14 7 11 12 21 36 37 33 19 39 17 46 7 16 14 39 15 41 23
12 43 29 40 21 17 27 39 38 31 29 34 28 15 15 42 44 22 30 9 12 24 14 17 25 16 38 23 17 32 12 41 25 38 18 11 13 34 30 22
14 41 37 19 8 31 33 16 30 50 28 7 17 30 20 33 25 30 15 37 23 32 47 23 37 27 40 47 23 16 38 13 17 17 19 40 22 36 35 41
31 33 22 45 22 16 56 42 48 37 48 34 31 25 52 40 49 23 41 54 20 57 60 20 20 12 12 19 44 51 17 57 24 53 44 30 36 46 23 19
14 28 32 38 58 27 30 42 28 19 34 40 15 12 47 44 21 38 58 36 18 23 33 48 36 54 31 31 60 39 27 52 31 37 30 36 39 13 49 15
43 57 16 24 33 27 31 13 12 23 25 26 23 52 15 60 57 49 35 36 51 23 12 17 17 23 56 43 42 26 51 19 55 11 25 20 49 18 47 34
17 57 34 51 28 23 35 46 45 38 35 41 46 18 16 46 55 27 34 14 17 33 15 27 33 21 48 29 24 35 15 59 34 56 19 14 14 36 36 33
15 50 51 28 11 33 42 24 45 50 32 12 20 35 21 44 33 40 18 44 25 41 53 32 48 39 51 50 37 20 49 15 24 23 29 41 28 44 44 55
22 18 7 20 19 7 18 13 20 10 22 7 13 23 23 22 24 24 23 5 14 22 25 9 23 18 24 5 12 24 16 6 22 14 14 11 21 17 13 10
22 6 10 12 10 6 13 14 15 25 14 8 18 24 17 16 22 15 16 9 9 24 11 17 12 10 5 8 25 7 21 8 15 23 21 17 24 8 7 14
25 6 12 22 5 22 24 5 25 16 18 16 23 24 7 20 24 19 21 25 13 8 5 21 8 8 15 21 20 20 12 9 10 25 7 5 15 22 10 11
5 13 21 14 14 8 16 21 17 20 22 6 20 16 11 20 21 20 12 21 16 20 19 25 17 22 11 14 18 11 20 22 9 6 16 8 14 11 6 24
25 19 10 19 11 14 5 11 23 20 16 11 20 12 19 23 24 8 18 22 14 7 22 24 12 22 18 19 8 8 11 8 11 7 9 21 22 11 14 20
105 92 99 100 98
