10
40
27 9 20 14 18 37 24 28 36 30 23 37 45 20 31 10 22 12 10 49 10 42 11 33 30 39 23 46 47 34 11 34 39 21 36 11 32 9 43 42
22 42 28 38 24 13 37 32 42 12 17 22 22 27 43 22 44 15 44 22 18 38 26 10 21 38 42 15 17 24 39 42 12 27 43 33 11 32 19 46
47 19 46 18 13 17 12 44 23 18 23 23 27 36 15 29 17 11 15 46 42 13 9 19 28 30 13 13 23 39 35 33 17 47 35 12 39 47 12 35
38 37 17 34 44 29 45 9 21 33 49 13 41 27 26 44 48 23 27 14 25 45 46 43 48 23 43 28 43 42 25 15 41 35 14 18 35 15 41 32
21 17 28 17 35 39 33 43 27 45 27 31 24 19 17 24 15 14 43 22 37 44 17 39 14 12 20 9 41 39 15 15 35 18 23 9 30 28 43 19
44 37 31 29 50 13 39 26 39 25 42 15 16 28 37 18 46 12 15 45 10 20 25 44 34 37 33 18 20 21 39 9 21 13 16 41 10 39 35 47
28 48 25 45 19 39 31 44 29 36 23 17 45 11 36 43 21 18 34 41 33 21 41 23 44 31 24 41 44 39 43 23 38 10 32 22 31 19 37 43
35 26 9 44 37 14 20 18 36 45 43 32 24 35 16 27 18 21 12 33 45 29 42 28 11 33 36 30 28 13 22 28 21 15 23 13 39 44 33 25
24 19 25 29 35 28 20 41 28 20 18 23 13 37 16 16 23 17 11 22 32 45 11 43 11 32 14 20 11 30 36 34 13 33 25 33 46 47 46 27
32 39 9 23 27 40 10 19 31 37 44 45 39 13 38 35 16 42 20 33 20 39 35 27 12 38 27 12 44 34 9 15 26 43 17 9 38 41 41 34
30 11 22 16 18 38 27 32 41 35 25 42 53 22 35 10 27 13 12 53 12 48 14 35 34 43 26 50 51 39 13 39 41 21 45 12 33 11 47 49
24 46 30 42 29 13 38 34 43 15 19 26 25 30 49 25 49 16 48 25 18 42 29 11 24 41 46 18 18 25 40 48 15 32 48 34 14 37 19 50
47 20 51 18 15 19 15 46 26 19 25 26 28 39 17 32 19 13 17 55 46 16 12 20 33 32 14 13 25 44 40 37 19 50 36 12 45 50 12 39
42 38 17 39 49 33 50 10 26 37 53 16 44 27 28 51 49 25 32 14 28 51 52 47 49 26 50 33 48 48 28 16 47 38 16 21 39 18 47 33
25 18 29 20 38 46 37 52 29 47 27 36 25 21 17 24 17 16 49 23 38 49 20 45 16 12 23 11 47 44 15 16 38 21 25 11 31 33 48 20
50 43 35 31 53 15 43 31 43 26 46 17 17 34 42 19 52 15 17 52 13 23 28 45 37 43 39 23 22 21 39 11 22 14 16 47 10 43 40 51
31 52 30 49 19 44 35 51 31 40 27 19 50 14 43 46 22 22 38 43 39 25 42 26 49 31 27 46 49 46 48 24 45 13 38 26 32 23 41 45
42 27 10 49 39 14 24 22 38 45 49 35 24 36 16 34 21 23 15 35 49 33 45 29 11 38 38 31 34 13 25 30 25 17 26 15 45 50 39 27
29 19 28 32 41 32 22 42 33 22 19 26 15 40 18 17 23 18 14 27 36 51 12 46 12 34 15 23 12 33 40 38 16 34 28 37 48 53 51 32
37 46 10 26 29 45 13 22 38 39 48 53 48 14 40 40 17 47 22 37 22 39 38 30 14 40 29 14 53 39 11 15 28 46 17 10 38 43 46 36
9 9 14 24 11 16 8 19 20 14 14 11 14 24 5 12 11 15 13 10 17 9 13 20 24 13 8 18 8 24 5 10 16 14 23 7 24 9 12 18
20 25 22 23 24 14 17 22 19 20 10 15 13 6 24 5 15 7 7 12 17 18 20 11 20 12 10 8 23 9 17 9 5 24 14 23 7 24 25 15
9 9 11 13 12 25 16 16 19 20 23 10 18 14 20 20 17 7 22 22 9 5 7 23 23 18 19 12 22 9 19 13 9 5 14 22 13 17 22 14
8 13 14 14 5 14 22 7 22 14 10 23 22 18 18 12 15 5 11 12 17 21 21 21 20 18 6 17 12 10 14 21 16 21 9 25 8 13 7 7
25 21 16 9 11 19 6 10 22 16 11 6 21 15 15 20 19 9 19 17 19 22 17 23 8 6 23 5 12 14 5 14 12 23 24 20 10 10 17 14
19 9 5 19 18 25 12 17 23 12 11 21 23 20 16 24 10 8 15 23 19 14 9 5 7 10 25 14 23 7 22 18 18 18 8 14 7 10 11 19
22 12 7 9 8 24 7 12 21 12 10 20 7 22 21 18 8 24 16 14 12 14 18 21 6 25 18 19 5 5 15 13 22 24 19 24 14 5 11 17
16 17 24 6 11 14 7 9 11 13 24 22 17 8 7 21 9 24 21 21 5 16 14 9 7 15 23 8 18 6 13 5 8 13 12 9 23 23 22 20
7 23 16 22 11 18 23 19 6 20 8 9 16 15 5 18 18 25 22 6 13 21 7 10 7 22 21 18 6 7 23 11 25 6 11 17 7 21 18 15
16 11 20 15 23 12 11 10 9 21 5 24 8 13 12 22 18 15 22 25 7 23 17 5 5 9 11 16 10 8 17 13 9 25 17 8 5 24 20 19
45 50 49 46 48 48 48 45 47 46
