10
40
12 7 27 20 32 8 21 25 18 28 28 19 17 8 14 9 11 10 19 27 17 29 9 27 21 26 29 38 11 26 21 25 19 14 36 29 22 36 31 24
41 31 38 9 23 16 29 22 17 9 26 18 11 17 27 11 21 20 28 12 25 30 16 17 21 21 35 32 29 16 27 16 48 26 20 6 12 17 37 26
27 20 28 36 16 12 20 22 28 28 39 18 28 17 40 25 11 12 37 44 44 6 25 39 6 25 40 29 42 27 11 23 10 15 14 15 23 18 17 9
32 35 14 36 20 5 23 19 13 15 21 9 14 19 13 27 6 17 28 50 17 11 18 20 15 27 8 16 18 37 19 17 21 25 15 15 34 5 11 18
23 10 23 32 29 33 25 11 25 19 10 17 34 11 16 27 27 13 23 14 25 34 33 29 10 20 45 13 11 20 6 16 40 17 21 35 25 33 48 30
10 35 17 27 19 16 35 21 22 13 27 9 8 15 6 9 23 18 37 40 16 34 32 24 9 39 22 36 7 21 8 28 19 10 29 7 17 28 11 24
22 19 12 29 11 29 24 8 36 22 29 14 23 23 14 9 19 10 32 36 23 25 28 20 20 27 24 27 17 18 8 33 24 15 10 22 20 10 34 14
10 32 11 33 12 14 35 38 38 29 32 32 36 33 29 40 30 36 21 10 13 31 21 13 22 36 39 20 12 26 21 16 14 31 26 12 7 11 13 14
15 19 25 32 20 37 25 9 27 34 8 17 23 15 15 39 18 37 21 14 48 17 9 26 15 15 17 41 21 20 17 24 32 43 24 8 29 13 23 20
33 26 27 37 33 47 25 8 20 43 29 32 37 23 6 26 30 26 10 15 22 11 38 7 18 15 41 32 32 14 39 22 8 9 18 11 23 23 7 32
17 15 41 33 62 14 24 65 43 40 41 32 25 15 36 18 17 15 29 47 26 63 23 42 47 40 65 46 14 49 30 34 40 38 51 48 38 49 54 64
47 33 59 13 41 41 58 37 25 23 46 26 22 22 63 17 27 44 37 13 52 51 30 46 34 39 52 48 52 41 37 29 55 74 54 12 25 32 59 49
44 35 42 54 22 26 41 30 30 59 55 53 33 35 49 50 16 22 59 65 55 10 35 69 10 56 64 51 56 59 15 47 25 25 39 23 41 51 26 17
50 45 36 40 24 13 41 29 29 28 36 17 28 35 23 52 17 31 58 50 40 22 27 35 22 40 12 25 32 67 40 22 49 57 34 32 53 15 29 50
40 12 43 61 71 42 35 25 59 39 15 48 60 15 31 47 29 34 45 19 39 38 47 46 28 49 64 22 20 46 13 21 43 38 27 62 41 37 63 53
17 44 33 44 30 25 42 47 51 30 52 19 20 29 14 21 49 32 51 51 33 66 55 37 14 50 43 60 17 52 19 60 33 25 37 16 39 50 25 30
35 25 20 50 33 69 50 18 45 47 51 30 39 48 30 21 23 25 46 48 49 33 48 31 34 45 47 51 32 25 22 59 36 37 15 45 43 10 35 43
16 41 16 50 33 34 58 45 47 49 49 51 61 45 46 70 52 49 51 19 19 60 28 31 26 66 63 48 17 44 32 38 20 34 29 25 16 28 30 18
29 27 33 59 39 44 67 18 34 61 15 18 33 24 31 67 38 55 34 26 65 27 24 44 21 22 37 55 63 28 25 67 62 61 43 14 44 24 41 47
44 63 61 48 44 73 66 12 49 69 64 52 44 30 11 60 32 40 25 30 44 21 66 14 48 27 75 63 59 19 47 48 14 12 28 18 36 50 17 64
16 8 18 15 13 18 20 13 15 5 20 23 16 22 25 15 20 18 18 17 11 24 6 18 15 18 16 6 13 22 25 19 15 5 10 8 21 10 8 25
24 14 12 21 7 19 6 6 9 5 20 21 14 20 21 24 16 11 16 16 25 20 21 15 8 13 8 11 10 19 17 9 8 18 17 6 18 8 18 25
17 6 24 15 22 25 18 10 17 19 10 13 19 12 19 16 6 14 21 6 17 11 14 8 9 23 5 9 17 6 16 22 21 19 12 25 7 11 11 8
6 23 5 7 25 21 20 24 18 23 6 19 11 5 16 22 5 5 17 21 7 20 24 7 18 12 16 15 21 24 21 9 8 14 12 10 25 16 8 20
5 23 5 15 22 12 6 12 7 14 16 11 13 7 8 17 20 6 11 11 6 18 11 8 5 18 8 13 17 24 17 8 11 12 9 23 11 13 12 25
5 8 12 13 9 17 7 23 15 15 19 25 5 22 14 18 14 7 16 10 19 18 23 14 11 18 11 10 19 22 10 23 5 18 23 21 12 9 20 22
9 20 9 22 18 14 8 14 8 10 7 16 22 5 12 22 17 19 14 7 21 23 20 14 9 5 11 10 10 18 15 9 22 17 15 14 16 24 18 15
18 24 18 6 14 24 14 21 18 5 6 5 10 9 9 6 14 24 6 18 10 5 6 24 10 11 18 13 11 11 13 18 9 15 10 18 20 21 7 18
20 20 20 18 15 9 11 7 15 17 25 21 15 5 14 25 8 20 5 13 9 10 10 23 25 5 12 8 21 18 14 25 24 13 17 16 21 21 7 8
22 20 7 18 23 25 25 12 5 12 11 7 14 25 13 10 23 5 20 20 12 5 24 11 8 10 24 18 6 12 22 21 22 20 23 10 9 19 10 7
50 47 46 48 40 48 46 42 48 48
