10
40
15 28 34 34 26 37 22 29 15 32 17 37 40 30 14 37 41 38 35 21 9 33 41 30 24 32 41 46 35 14 29 20 33 36 16 12 17 20 33 32
36 19 12 9 8 36 40 13 44 11 41 48 30 16 9 34 10 35 20 15 11 40 45 17 22 10 25 33 29 30 26 15 25 35 48 38 22 20 13 16
28 12 44 34 32 33 30 42 10 25 16 20 36 11 36 35 24 24 10 20 25 27 33 37 32 9 37 25 34 10 30 14 34 16 16 40 14 14 33 15
33 27 41 29 33 11 27 45 15 42 31 31 8 49 32 46 22 34 25 26 28 39 24 33 33 28 25 33 43 10 9 32 39 28 32 43 25 29 19 23
27 39 35 21 33 28 43 44 19 44 11 11 16 24 12 41 27 10 18 9 14 16 42 11 19 48 33 20 7 13 45 32 17 20 22 17 9 33 23 25
37 12 20 15 40 34 24 10 32 30 36 30 27 9 30 38 15 18 47 28 26 23 10 31 12 22 32 15 23 12 29 27 33 36 10 9 26 30 33 10
35 30 27 34 12 37 41 14 30 32 13 27 45 8 19 42 24 9 37 41 34 8 39 19 33 14 23 26 32 48 11 27 10 40 18 30 36 14 18 11
31 28 15 34 45 47 46 15 20 16 36 41 40 32 17 45 15 45 9 28 25 14 13 19 26 28 10 42 34 13 29 12 40 42 16 32 47 37 14 16
14 31 38 22 25 16 43 11 8 40 32 29 41 11 23 16 22 17 18 11 11 35 24 29 37 21 26 22 22 31 29 13 21 22 33 11 23 32 18 44
31 18 18 26 15 13 42 19 18 35 34 49 32 7 37 8 27 16 8 41 22 28 30 36 41 34 32 41 32 15 25 9 29 24 24 24 27 18 28 28
21 33 39 51 38 48 29 34 20 47 25 47 50 38 19 39 48 43 48 25 11 45 46 41 35 41 50 51 48 22 38 24 46 42 20 14 22 25 42 37
50 21 12 12 13 42 47 15 54 16 49 60 43 16 13 40 14 35 26 18 15 56 53 28 25 12 31 40 33 42 38 18 41 43 57 48 33 22 21 26
35 13 60 42 48 42 50 57 11 25 21 24 46 14 48 43 32 28 11 25 34 41 50 48 34 11 50 32 45 14 38 16 46 16 27 46 20 20 48 18
41 38 46 40 51 14 37 49 16 50 38 37 12 62 42 53 25 48 31 30 46 49 32 42 56 41 29 41 44 13 11 38 42 29 38 50 30 36 23 33
30 46 36 27 45 39 46 60 24 49 11 17 26 28 14 48 33 13 21 12 17 20 55 13 31 56 33 28 10 17 49 48 22 23 29 17 14 41 25 38
43 20 26 17 53 43 33 10 50 48 48 37 35 15 49 45 20 27 57 39 37 30 12 50 17 36 41 21 30 12 32 30 36 45 11 13 32 32 40 16
38 32 34 42 14 52 55 17 37 44 18 33 49 12 27 60 29 13 46 52 37 12 46 22 47 15 29 35 46 56 13 29 11 48 23 37 48 16 22 18
47 35 22 36 52 58 55 17 27 19 50 52 46 40 18 56 18 55 11 31 33 18 18 25 34 34 11 48 44 20 37 18 57 47 19 42 56 52 14 21
15 37 47 28 36 16 54 15 13 42 33 32 50 16 33 19 31 17 22 14 14 45 35 38 60 24 31 30 27 47 42 14 30 28 41 15 28 49 24 44
43 22 23 36 20 18 49 31 27 44 38 61 35 12 47 11 40 21 11 48 25 32 38 40 51 42 48 45 43 19 30 13 34 30 32 29 38 25 31 30
19 19 8 13 7 13 15 5 25 17 6 17 9 18 25 7 16 25 10 5 21 16 25 6 16 21 18 20 11 5 6 12 8 12 15 24 10 9 22 22
14 7 7 17 10 7 16 10 14 11 8 17 24 13 12 23 14 20 17 5 19 19 22 14 11 12 19 20 19 16 18 8 13 11 11 7 18 14 14 14
17 8 17 6 24 14 8 9 11 13 19 13 24 11 12 5 13 24 23 8 24 23 25 9 17 16 23 22 13 17 8 12 16 17 11 23 5 14 20 18
10 22 20 14 7 8 11 10 15 25 16 17 5 10 10 7 13 21 12 11 15 25 14 18 21 8 15 13 10 22 16 25 7 23 25 23 24 25 16 14
11 22 14 14 5 13 9 8 7 17 16 10 17 18 11 7 15 7 15 6 17 14 17 24 18 21 23 13 5 5 11 21 16 13 18 9 20 15 25 19
23 25 19 14 8 9 9 16 20 8 7 14 19 21 5 13 9 14 9 23 20 10 8 19 18 11 16 14 20 10 23 5 15 18 9 20 16 22 22 24
13 16 12 7 7 25 13 11 9 11 9 6 13 6 24 18 23 16 23 21 15 7 16 17 21 21 23 25 22 9 8 8 6 8 17 19 7 16 15 18
21 11 9 24 25 14 20 6 11 20 17 24 9 22 5 25 9 8 21 7 5 18 15 11 11 13 15 25 24 19 16 12 21 6 25 14 12 5 8 16
21 7 6 18 24 25 18 20 8 8 12 8 23 25 16 12 13 10 6 18 14 8 25 18 6 19 18 19 8 23 24 18 6 14 23 19 17 15 24 14
20 19 11 10 23 17 8 17 13 10 17 18 15 11 16 17 6 21 16 21 23 19 7 7 19 6 7 24 21 5 24 22 24 8 18 14 15 15 19 7
46 45 48 49 45 48 46 47 50 48
