10
80
30 19 28 36 35 25 31 33 24 37 38 14 14 25 49 8 16 25 32 32 32 27 22 24 37 12 21 21 22 36 12 33 38 31 14 32 10 23 22 8 43 33 22 49 21 28 21 9 15 24 36 9 31 26 22 24 45 24 15 17 40 11 10 26 10 14 47 12 11 24 30 47 32 9 7 14 39 40 21 33
50 20 23 13 37 40 47 32 25 38 30 36 43 44 15 8 36 33 9 32 42 23 39 12 10 42 10 42 12 23 36 33 13 17 45 36 10 16 28 13 35 27 22 39 16 39 9 35 7 21 32 33 34 47 41 48 23 29 40 9 16 23 39 25 40 18 24 25 29 21 18 12 11 33 25 40 35 36 23 18
12 9 30 32 18 10 47 19 11 11 40 31 29 45 16 13 19 9 22 23 30 7 21 33 15 19 32 38 39 24 30 19 40 36 24 16 15 11 13 29 41 29 29 14 32 12 13 29 15 28 44 19 20 27 19 19 22 24 15 28 38 22 30 21 27 41 44 15 10 27 30 42 22 28 10 20 40 20 11 27
32 19 25 12 7 30 10 33 14 37 11 35 34 10 36 36 13 21 22 28 18 31 10 34 24 16 9 34 39 10 11 32 41 32 49 41 27 18 10 40 12 39 37 23 20 10 21 10 36 26 37 25 36 14 18 15 24 38 24 38 23 29 22 18 20 30 10 36 20 48 22 33 16 31 14 44 27 21 26 11
12 43 15 42 32 34 24 12 23 14 35 22 28 16 21 10 17 12 32 41 9 32 20 13 12 18 40 46 40 19 19 44 33 26 18 14 23 34 37 28 31 19 10 27 20 43 41 37 33 29 34 27 16 28 26 18 18 19 41 32 37 47 35 34 11 10 37 29 31 47 38 30 40 23 33 21 18 27 9 21
12 9 9 32 26 15 12 45 38 13 19 35 10 9 26 27 19 36 42 23 12 15 40 13 33 26 43 34 20 37 26 40 21 32 15 46 13 31 12 38 42 32 38 34 9 37 11 26 20 32 45 47 29 21 36 35 27 38 12 11 17 22 26 24 37 16 23 29 10 30 20 25 17 20 23 26 23 42 16 43
17 13 44 26 12 13 22 27 35 34 10 15 44 38 34 24 40 32 46 21 16 26 23 36 36 37 40 22 33 30 12 47 19 42 36 9 28 38 24 33 34 28 11 34 37 25 16 16 22 8 37 25 23 14 44 44 36 9 45 35 20 33 29 12 21 30 38 30 19 42 21 37 33 34 23 33 18 26 34 20
10 17 38 32 9 24 14 19 44 33 31 46 32 11 13 40 28 15 42 14 17 13 12 8 39 31 11 33 20 33 24 48 45 21 18 32 24 9 40 8 36 38 22 12 31 18 13 28 33 21 50 20 22 10 27 14 40 38 9 15 37 24 19 36 12 38 11 36 10 12 21 19 36 31 48 15 9 9 9 41
9 27 23 28 29 18 36 35 23 36 31 33 40 20 17 16 20 20 9 20 25 21 16 11 19 22 27 16 26 21 28 15 10 15 34 14 47 38 26 10 24 18 42 25 33 13 15 20 17 39 29 7 33 19 42 31 9 40 25 21 37 19 46 27 22 36 9 28 14 19 31 16 22 39 27 35 7 21 15 13
49 13 19 30 10 26 33 44 27 21 19 38 45 27 31 28 13 14 29 9 28 33 34 35 10 36 9 26 28 48 14 12 21 41 12 37 13 22 46 25 30 30 15 34 45 22 11 32 36 37 31 20 28 34 9 34 19 15 10 13 41 38 31 30 35 29 14 21 12 13 19 41 25 38 20 19 45 12 30 24
49 23 32 40 42 38 38 49 27 48 46 23 19 30 58 11 19 29 42 36 43 35 31 32 48 15 25 29 27 46 19 40 48 38 14 39 13 28 35 12 57 34 25 56 31 34 33 15 17 38 48 12 47 39 26 31 55 31 17 17 50 14 10 35 15 20 59 15 11 33 38 49 45 11 11 18 46 48 24 41
55 31 29 19 50 43 55 42 39 43 33 46 56 50 16 12 52 44 12 39 55 31 49 15 16 51 12 49 13 29 53 49 15 27 54 50 17 18 34 21 39 33 26 58 23 46 13 45 12 29 38 51 43 53 53 60 37 43 50 14 20 28 56 40 46 29 31 40 33 35 29 21 11 49 38 59 51 39 30 21
19 13 33 52 18 10 52 22 14 16 57 44 37 55 21 16 20 11 26 33 39 10 24 50 17 26 40 44 49 35 34 21 50 53 34 21 19 18 15 44 50 44 41 18 42 12 15 40 23 34 56 29 27 40 27 23 34 26 15 35 42 23 42 34 36 57 50 19 14 33 41 56 24 33 16 30 51 29 16 31
40 21 33 19 11 42 15 47 14 50 17 42 44 16 47 43 20 31 26 37 22 41 11 51 33 19 14 47 42 13 18 50 52 38 55 54 44 23 13 46 15 57 52 26 22 17 35 12 51 36 40 28 42 19 20 21 31 46 36 41 32 36 26 19 28 37 15 45 30 52 29 52 20 38 19 59 38 27 30 14
14 56 18 50 41 47 25 15 34 17 37 33 36 21 24 14 25 21 39 57 15 51 23 15 16 28 48 51 56 25 23 59 43 31 21 19 31 36 50 37 43 25 16 39 25 53 48 55 35 38 50 31 22 28 39 22 24 26 61 36 42 50 46 42 11 14 42 37 52 53 40 35 47 28 45 31 20 44 15 22
17 11 12 36 33 18 15 61 52 16 28 42 13 16 42 33 22 50 51 29 15 18 51 22 39 35 61 45 24 39 31 45 27 40 18 60 14 45 16 52 52 43 51 47 15 44 16 32 25 44 52 58 38 25 44 41 36 48 15 12 20 27 39 26 53 21 27 46 12 37 26 37 23 21 34 26 26 53 19 45
22 15 55 42 14 16 28 32 47 49 14 16 54 46 45 38 55 47 51 28 22 32 38 50 45 42 56 32 46 38 15 56 32 47 43 12 31 41 33 44 38 38 13 46 46 28 21 24 24 12 48 33 29 18 48 46 52 13 51 43 29 43 30 18 33 34 48 44 32 57 31 40 51 46 33 37 24 36 50 33
14 25 47 39 12 33 16 24 50 42 33 54 45 13 14 45 34 18 54 20 21 16 17 11 58 34 13 53 25 49 28 59 51 25 24 40 38 14 58 13 49 46 25 16 37 23 14 39 49 33 51 22 25 14 32 15 45 40 15 15 62 33 26 50 18 43 12 49 13 17 32 23 47 37 60 18 12 11 12 53
12 36 30 42 38 28 38 41 31 46 43 40 51 30 23 25 25 24 14 28 33 27 18 12 22 26 37 25 37 29 37 24 13 21 40 16 60 56 34 14 26 22 55 29 50 14 19 22 22 44 37 11 34 19 48 38 12 60 35 27 50 21 53 40 27 50 12 42 16 24 48 25 24 49 37 43 11 31 22 19
54 16 27 31 11 31 41 57 32 29 26 45 54 41 34 32 20 18 33 16 34 47 39 57 13 40 16 35 42 52 16 20 22 56 15 59 16 31 56 33 38 38 20 49 59 33 11 44 45 41 44 32 35 45 10 45 25 18 14 18 49 50 38 42 40 41 20 30 16 20 25 44 32 45 31 32 50 15 35 30
22 12 14 12 23 10 13 7 11 20 10 18 25 16 9 23 14 18 24 6 7 18 19 5 9 18 12 14 18 16 11 9 25 19 20 18 22 18 15 23 15 16 17 13 5 16 18 6 22 14 20 16 14 22 8 17 18 9 21 25 6 8 6 17 20 11 12 14 14 18 16 25 19 15 12 9 18 13 5 15
5 12 17 7 10 15 10 23 11 16 17 25 23 24 21 7 21 20 16 24 20 7 22 13 7 10 22 12 14 11 23 20 10 20 13 25 12 20 9 11 23 9 20 22 19 11 7 21 21 7 23 11 14 13 20 7 21 7 18 13 24 7 5 9 14 14 11 10 13 9 19 13 20 8 15 6 21 13 25 18
6 9 7 21 5 15 8 8 16 25 18 22 11 6 16 16 15 5 22 12 21 9 18 22 8 6 14 9 12 22 19 21 23 8 14 19 24 24 8 20 5 8 6 9 19 7 24 13 24 15 19 16 22 14 13 9 9 8 13 22 12 21 22 12 8 23 10 12 11 21 8 25 19 19 15 8 24 20 25 15
8 14 6 10 18 13 15 10 20 7 17 19 18 25 12 19 21 20 13 11 7 18 25 7 23 5 19 14 19 25 19 16 15 6 12 24 6 23 23 21 14 10 15 14 19 21 14 6 13 18 23 25 8 21 17 17 18 11 23 20 16 13 14 13 23 5 10 7 22 14 19 17 22 14 25 23 25 5 20 21
14 8 8 25 7 23 13 19 22 8 15 24 20 9 5 25 9 19 24 13 14 7 16 19 9 8 7 24 20 8 25 12 8 12 23 22 13 13 6 22 10 22 12 24 14 6 12 10 9 24 17 14 10 15 8 25 18 12 11 14 5 9 12 9 18 21 6 11 8 7 17 17 13 6 16 17 17 11 21 9
11 6 5 24 13 22 22 15 8 17 13 14 18 20 12 24 21 20 6 8 16 16 11 16 17 9 13 5 25 20 24 24 21 7 8 19 22 20 23 12 14 5 13 24 9 22 21 7 10 24 16 8 12 19 21 10 25 8 20 10 6 22 21 18 20 19 11 16 12 17 8 20 6 10 19 6 11 9 19 14
17 20 13 9 11 7 5 15 16 13 16 15 11 15 16 14 7 21 6 13 15 10 20 22 13 17 24 5 8 8 17 19 6 25 25 10 23 25 8 24 6 24 8 22 24 10 22 18 19 7 13 9 19 8 5 25 18 22 9 25 23 14 7 17 24 7 20 10 13 25 23 14 8 12 9 17 22 10 15 18
24 24 15 5 7 9 19 15 21 12 20 10 12 14 12 6 5 8 18 10 24 13 24 24 8 21 21 7 24 8 20 20 9 5 24 24 22 6 22 21 18 6 9 10 11 7 17 6 8 20 24 14 13 6 16 10 12 5 5 21 21 7 6 14 20 19 16 6 18 21 19 11 21 14 15 11 11 25 17 16
24 23 6 25 17 13 10 16 20 10 17 5 23 25 12 11 13 24 15 19 9 6 5 18 20 17 24 25 20 6 11 16 18 13 23 7 5 10 21 20 8 12 12 12 15 6 18 23 7 8 11 5 25 6 19 13 18 7 5 21 18 5 25 8 17 15 15 8 5 10 11 5 10 20 17 13 17 11 14 21
13 14 21 14 9 19 5 8 18 9 19 11 6 5 9 18 20 25 13 14 23 14 10 18 15 11 22 20 8 8 15 20 20 12 25 12 5 10 17 21 17 17 5 10 21 23 25 8 24 10 13 14 15 15 11 21 8 19 23 6 22 18 23 16 11 7 12 9 10 19 11 24 7 17 18 11 14 21 13 6
96 96 95 102 90 96 96 92 91 93
