10
80
39 31 16 18 9 19 27 7 38 18 8 33 10 23 45 8 16 49 13 10 31 21 39 11 25 21 24 34 18 11 11 25 10 17 29 44 13 16 43 34 27 8 14 31 10 13 23 14 19 11 10 16 32 13 20 36 20 32 19 10 20 29 26 16 17 23 34 25 23 16 20 15 13 19 20 14 35 24 21 19
26 15 18 11 45 28 14 11 16 20 35 24 30 12 21 6 24 29 28 10 26 27 31 17 30 32 39 37 22 25 12 21 29 32 11 34 9 20 34 30 16 32 31 27 8 13 22 11 28 41 17 30 6 16 16 13 19 30 21 20 31 43 22 28 36 8 24 22 17 38 26 41 11 41 37 36 42 36 21 26
13 43 27 21 10 18 12 8 13 21 29 19 22 27 19 13 15 8 25 9 24 19 17 33 26 26 38 21 10 9 16 30 16 15 34 17 35 21 35 29 30 31 31 17 9 11 18 20 24 10 12 20 21 40 11 23 17 17 14 41 39 11 10 23 30 18 18 17 30 12 30 7 16 28 18 23 28 34 28 33
12 21 22 7 13 40 14 16 11 17 13 7 15 6 45 35 22 31 33 21 21 8 20 33 38 26 38 40 36 15 8 10 11 8 27 19 7 20 25 33 21 11 14 26 27 15 33 12 20 30 29 29 18 43 9 43 16 9 27 13 9 33 24 17 19 23 16 27 43 35 22 12 27 8 31 26 14 8 8 21
22 9 6 27 45 34 28 20 9 9 14 15 32 43 28 15 23 17 11 34 18 8 50 35 5 36 26 24 13 41 32 24 12 20 35 23 21 26 26 25 31 28 11 15 42 33 8 34 25 10 33 20 29 13 27 24 8 36 15 21 34 27 9 10 21 9 10 39 32 11 46 43 30 10 33 27 24 26 26 12
10 30 30 25 17 43 19 26 18 23 19 40 26 36 18 30 29 40 42 17 5 24 29 31 16 29 37 48 37 19 19 12 30 37 18 12 14 25 32 30 31 19 6 10 9 34 40 12 28 10 40 42 33 16 10 33 12 17 11 14 12 31 44 22 11 9 28 30 21 22 24 14 29 28 37 41 23 13 12 21
26 7 44 26 28 35 34 34 8 23 14 12 36 13 40 24 13 15 5 19 21 25 34 35 30 5 31 14 23 10 19 10 37 9 12 33 17 12 40 9 18 31 33 29 25 10 30 40 14 43 36 23 8 31 23 46 11 21 22 20 30 41 15 22 26 33 13 33 26 6 8 28 35 15 26 45 25 30 16 22
23 39 19 19 36 25 32 35 13 42 6 9 16 22 10 45 22 5 12 10 10 13 25 12 25 32 16 23 8 8 27 22 22 17 14 8 9 24 16 25 25 16 19 13 36 18 31 5 33 24 31 23 26 10 23 37 15 13 47 34 32 16 10 29 13 15 23 15 15 11 16 21 16 21 11 10 17 18 27 8
31 28 16 25 12 27 24 9 31 27 17 16 44 6 18 33 25 13 29 43 17 11 26 12 36 13 18 18 41 35 9 14 6 23 16 19 27 8 16 8 23 28 12 29 24 42 33 14 26 15 29 23 34 21 9 41 8 24 9 26 15 16 16 25 27 19 8 41 20 14 23 16 28 35 17 31 29 32 9 19
14 15 41 12 28 15 44 9 5 39 25 29 35 11 24 15 28 14 12 11 13 21 25 37 46 20 22 17 24 37 30 6 22 15 24 10 24 30 14 39 35 18 15 16 10 14 28 24 17 44 20 26 23 9 23 7 32 10 5 40 16 18 27 22 35 32 30 24 37 12 25 6 17 18 25 22 24 12 25 25
58 42 20 29 19 26 35 15 62 48 15 42 28 54 66 16 44 51 24 15 58 34 63 15 43 49 50 51 31 15 14 35 17 29 32 49 22 26 60 46 37 18 20 36 25 16 46 23 36 31 22 35 63 31 31 49 37 52 47 15 46 43 53 41 29 29 44 48 50 40 38 22 31 26 31 19 42 36 37 36
42 22 44 13 71 42 25 18 25 36 48 28 72 30 36 13 27 72 61 23 47 63 60 22 47 38 54 59 36 46 20 33 43 49 32 61 11 31 43 38 30 56 60 31 18 24 27 23 29 50 33 36 11 29 25 17 35 46 31 22 45 57 35 43 60 25 45 39 21 49 42 67 19 47 52 59 63 65 46 35
24 45 31 36 11 28 23 23 22 49 34 30 35 52 31 14 44 15 35 19 40 34 45 67 40 44 56 35 11 11 30 43 42 30 45 18 47 38 61 43 64 71 48 40 24 24 19 49 47 16 14 35 58 45 16 28 21 40 27 50 45 28 23 56 37 32 46 41 45 29 67 15 45 54 22 49 44 50 54 50
36 34 25 15 14 54 36 26 27 22 21 13 34 19 54 39 52 45 59 44 42 16 47 45 57 43 62 64 47 22 23 16 17 16 49 39 22 38 41 37 58 26 21 60 64 34 43 14 27 59 47 72 22 57 15 50 20 20 54 17 16 46 35 29 29 35 30 56 57 52 45 24 52 17 75 33 28 12 19 33
43 15 12 43 52 72 52 56 17 18 27 18 53 52 38 25 35 23 15 54 36 17 54 44 13 43 43 54 17 52 69 37 15 42 57 52 37 37 63 38 58 41 23 28 60 36 17 44 37 23 42 38 30 28 43 40 14 62 45 46 46 54 21 22 37 11 14 57 44 14 51 57 59 16 41 37 35 44 50 16
24 41 46 57 48 62 26 30 24 51 32 43 44 49 21 38 48 53 46 32 16 52 45 45 38 43 46 64 67 28 54 22 45 48 23 16 19 33 51 40 55 23 15 16 14 61 47 16 60 20 53 56 48 24 13 46 16 39 22 19 16 54 68 30 23 12 36 44 42 47 37 22 36 48 75 54 29 25 26 24
31 18 52 47 45 51 59 48 15 31 19 29 56 19 58 58 30 35 10 30 39 35 45 44 36 14 57 32 58 14 40 20 49 20 23 51 21 23 64 20 34 49 61 48 48 13 43 53 21 64 52 40 11 62 42 56 26 57 38 26 38 64 42 45 66 41 31 37 44 15 14 32 56 39 45 52 35 37 30 35
38 56 40 39 54 45 63 62 30 58 13 21 27 31 13 54 29 15 26 16 18 20 60 17 36 54 33 24 13 18 70 59 31 20 30 25 15 41 29 44 54 22 30 22 66 36 41 13 50 45 53 40 30 13 50 60 23 33 67 38 38 30 13 57 19 42 53 28 24 16 40 34 38 36 13 19 36 46 37 21
50 44 42 34 15 59 58 21 45 49 25 35 69 14 35 68 32 17 55 55 43 11 63 22 51 18 40 51 60 64 13 33 14 59 26 31 64 21 22 22 60 36 28 42 69 52 56 21 29 24 47 62 54 36 20 46 24 54 12 44 37 24 18 32 33 47 11 47 42 22 51 21 59 50 26 37 58 64 21 28
17 39 58 30 46 20 61 20 13 60 37 35 47 18 33 26 32 25 27 18 17 54 38 46 72 31 43 33 29 51 41 18 38 26 35 15 36 59 24 49 61 27 23 36 22 19 55 32 33 56 47 60 42 11 45 11 40 24 11 59 34 40 45 44 67 46 52 50 38 19 35 17 34 30 42 29 41 30 42 28
9 9 14 24 11 16 8 19 20 14 14 11 14 24 5 12 11 15 13 10 17 9 13 20 24 13 8 18 8 24 5 10 16 14 23 7 24 9 12 18 20 25 22 23 24 14 17 22 19 20 10 15 13 6 24 5 15 7 7 12 17 18 20 11 20 12 10 8 23 9 17 9 5 24 14 23 7 24 25 15
9 9 11 13 12 25 16 16 19 20 23 10 18 14 20 20 17 7 22 22 9 5 7 23 23 18 19 12 22 9 19 13 9 5 14 22 13 17 22 14 8 13 14 14 5 14 22 7 22 14 10 23 22 18 18 12 15 5 11 12 17 21 21 21 20 18 6 17 12 10 14 21 16 21 9 25 8 13 7 7
25 21 16 9 11 19 6 10 22 16 11 6 21 15 15 20 19 9 19 17 19 22 17 23 8 6 23 5 12 14 5 14 12 23 24 20 10 10 17 14 19 9 5 19 18 25 12 17 23 12 11 21 23 20 16 24 10 8 15 23 19 14 9 5 7 10 25 14 23 7 22 18 18 18 8 14 7 10 11 19
22 12 7 9 8 24 7 12 21 12 10 20 7 22 21 18 8 24 16 14 12 14 18 21 6 25 18 19 5 5 15 13 22 24 19 24 14 5 11 17 16 17 24 6 11 14 7 9 11 13 24 22 17 8 7 21 9 24 21 21 5 16 14 9 7 15 23 8 18 6 13 5 8 13 12 9 23 23 22 20
7 23 16 22 11 18 23 19 6 20 8 9 16 15 5 18 18 25 22 6 13 21 7 10 7 22 21 18 6 7 23 11 25 6 11 17 7 21 18 15 16 11 20 15 23 12 11 10 9 21 5 24 8 13 12 22 18 15 22 25 7 23 17 5 5 9 11 16 10 8 17 13 9 25 17 8 5 24 20 19
14 5 11 7 9 19 14 15 20 17 12 21 25 10 16 5 12 6 5 25 5 22 6 17 17 20 13 23 24 19 6 19 20 10 21 6 17 5 24 24 12 21 15 20 14 6 19 17 21 7 9 12 13 14 23 11 25 7 24 12 9 20 14 5 11 20 22 8 9 12 20 23 7 15 22 17 6 18 9 25
24 10 24 9 7 9 7 23 13 9 12 12 13 18 8 15 10 6 9 25 21 7 5 10 16 16 7 6 11 21 19 18 9 25 17 6 21 24 6 19 21 19 8 19 23 16 25 5 12 17 24 7 22 13 13 25 24 11 15 7 13 25 25 24 24 13 24 15 24 22 13 8 22 19 7 10 19 8 22 16
11 8 14 10 19 22 18 24 14 23 13 17 12 10 8 12 8 8 23 11 19 23 9 21 7 6 11 5 22 22 7 8 18 10 12 5 16 16 24 10 25 21 18 15 25 7 22 15 21 13 23 8 8 16 20 9 25 7 8 25 6 11 14 22 17 20 18 10 10 10 20 5 10 6 8 23 5 20 19 24
15 24 14 23 9 22 17 25 15 20 13 9 23 6 21 21 11 10 18 22 19 12 21 12 24 15 14 23 23 21 23 11 21 6 18 12 16 11 20 22 19 13 5 23 20 7 11 10 19 23 24 17 12 18 8 16 10 11 7 17 23 15 21 15 5 19 18 16 16 6 12 15 12 8 12 7 21 23 18 14
14 9 14 15 19 15 11 21 15 11 9 12 7 20 8 8 11 9 6 12 18 24 6 22 6 17 7 10 5 16 20 19 7 17 14 19 23 25 24 16 17 22 5 12 14 23 6 10 18 19 23 25 22 6 20 19 8 22 10 18 11 20 18 14 7 19 13 7 25 18 5 7 14 21 8 5 19 21 21 18
95 96 97 93 93 94 98 93 101 93
