10
80
24 12 36 28 20 35 38 20 28 10 39 42 23 35 39 26 34 29 29 26 20 43 11 36 23 33 30 13 24 36 41 37 23 8 19 16 36 15 12 42 41 21 18 34 15 36 10 10 14 9 30 36 27 30 30 36 32 18 31 27 42 33 37 27 13 21 15 22 18 32 29 17 14 28 24 11 35 13 27 38
26 10 36 24 42 46 35 18 32 36 17 25 38 21 34 31 10 21 32 10 25 18 25 12 17 36 9 19 24 10 28 42 34 30 18 41 11 16 17 13 12 46 9 12 44 36 35 40 33 34 9 33 20 10 27 43 8 7 25 33 15 35 38 12 31 20 32 25 32 38 36 19 14 24 18 15 40 29 12 35
9 44 11 23 35 20 9 23 10 22 23 15 23 13 17 28 38 12 16 23 9 34 19 12 7 35 14 25 26 41 26 13 18 19 13 39 20 24 19 45 7 12 22 24 14 25 11 45 27 29 35 49 11 43 22 27 23 11 28 16 33 30 36 25 16 33 20 15 36 36 17 42 10 34 45 40 18 15 37 38
12 35 17 43 31 23 15 21 13 18 12 32 39 11 19 35 31 29 27 13 38 43 35 27 14 11 20 20 17 36 23 15 40 30 29 25 25 39 32 30 27 38 33 8 28 38 24 32 30 8 12 10 20 14 14 10 24 36 10 26 20 7 12 42 19 20 32 25 21 21 24 30 15 24 19 30 33 38 10 35
37 32 39 33 27 14 17 14 25 32 43 32 29 8 21 49 14 30 11 24 15 21 17 47 45 8 24 15 32 27 23 39 41 22 30 30 38 32 14 12 43 31 14 32 37 48 44 18 10 20 19 13 28 45 27 20 39 10 30 36 22 10 43 22 13 18 46 26 10 22 37 36 35 34 42 18 14 35 18 10
14 10 28 24 40 11 21 44 28 31 23 22 14 9 18 17 11 9 25 30 20 48 12 30 31 30 37 29 10 31 19 25 25 21 33 38 30 39 36 44 37 27 36 11 34 27 43 20 16 15 46 26 14 16 49 15 17 30 22 9 33 33 20 25 22 31 44 33 29 26 25 24 39 48 31 9 18 29 38 29
35 24 30 47 12 16 28 21 24 31 40 34 23 28 38 36 10 12 38 43 43 8 30 42 7 36 34 27 39 47 11 31 14 14 26 14 23 32 24 17 33 35 19 31 18 9 39 19 19 20 26 15 16 32 14 38 10 17 31 40 25 15 25 23 15 31 11 13 19 44 27 18 28 42 23 22 45 8 17 33
29 10 42 33 41 30 26 16 47 27 9 24 35 14 20 44 23 21 27 13 31 30 35 30 17 30 44 21 14 38 10 12 37 31 24 39 34 32 46 32 15 32 32 34 22 19 31 36 32 18 32 13 11 20 9 12 35 18 39 34 19 35 29 21 13 39 28 39 15 41 9 42 18 15 25 10 29 43 17 28
19 17 11 30 22 39 44 9 35 42 39 23 32 30 23 12 17 15 36 36 41 28 39 23 31 31 35 40 22 19 16 37 30 27 10 31 26 10 28 22 9 29 15 36 20 23 38 37 37 43 28 36 43 36 28 40 44 39 35 14 16 35 22 19 19 45 43 34 14 27 24 26 16 31 25 16 13 16 21 11
21 18 27 45 30 38 46 11 27 40 9 14 21 22 27 44 21 30 24 16 48 20 15 29 15 15 24 37 39 17 15 46 41 36 34 10 24 23 27 37 31 49 47 41 29 42 41 8 31 37 39 44 42 18 8 41 24 31 19 20 37 12 43 9 26 16 45 41 38 16 46 29 8 10 18 12 29 31 14 46
40 16 45 34 33 38 49 33 34 13 42 52 32 52 59 33 41 39 37 36 24 50 16 43 32 41 34 14 28 46 55 39 31 10 25 18 44 25 19 61 50 29 24 51 16 41 13 12 22 11 42 47 31 48 48 55 33 26 34 35 57 42 45 34 16 27 20 28 22 45 41 23 17 42 37 12 43 18 36 57
35 14 58 34 50 57 37 25 37 46 25 29 42 25 42 34 14 36 45 14 40 25 30 17 21 49 10 21 34 15 39 53 42 45 28 53 16 24 26 18 15 48 13 15 51 50 47 49 39 50 13 45 26 12 40 53 10 10 34 49 16 43 53 16 40 26 39 31 51 57 43 21 20 32 24 25 61 39 20 43
12 51 12 32 46 29 13 27 15 31 33 21 30 15 17 40 39 14 22 24 15 41 21 16 10 37 15 32 40 55 41 17 28 26 18 55 23 31 28 49 11 18 25 29 19 39 16 51 34 30 39 51 13 49 29 41 28 15 37 21 39 41 52 31 26 36 24 21 39 48 22 48 10 39 52 49 29 19 41 45
20 47 18 43 36 32 21 36 16 24 15 37 55 12 26 55 34 42 36 14 42 48 41 34 17 13 26 24 23 38 37 19 52 40 34 28 33 50 41 32 43 56 39 12 28 54 30 42 43 12 13 12 24 22 21 13 29 60 14 41 23 10 12 52 21 23 40 33 24 27 26 41 18 32 20 43 40 45 14 42
42 42 49 36 31 20 25 16 34 36 58 46 36 12 33 49 16 48 11 28 23 26 24 57 57 12 24 21 42 39 28 52 50 27 39 37 43 41 17 18 54 47 15 40 51 50 60 26 12 25 26 17 36 53 31 22 49 12 41 41 28 10 54 27 16 23 60 35 15 28 54 52 44 48 46 24 18 47 25 14
16 11 36 28 55 13 21 54 45 41 30 28 19 12 26 20 13 15 31 35 27 56 17 39 45 30 50 44 11 35 22 33 36 27 44 58 36 54 38 56 55 38 47 12 45 33 46 29 17 16 53 30 18 22 52 20 25 34 33 13 46 42 21 39 25 34 50 51 39 36 36 32 52 50 39 11 19 30 52 37
49 27 45 54 19 21 36 32 30 46 46 43 30 29 44 46 12 18 47 54 49 12 32 56 11 42 47 36 53 51 11 47 17 23 34 16 35 37 31 19 43 49 27 41 22 10 45 26 24 25 36 20 25 37 18 50 12 23 45 58 33 17 32 30 15 44 13 18 27 56 34 21 36 44 30 32 60 10 24 35
37 12 48 53 52 44 38 19 58 30 11 34 47 15 32 53 31 24 39 17 41 35 52 31 23 37 57 24 19 39 11 18 43 38 27 60 39 37 53 44 18 43 38 46 23 23 41 49 43 21 39 20 16 27 12 15 45 28 49 41 24 52 47 31 15 44 33 55 17 51 14 55 27 23 38 12 37 48 21 32
26 21 14 39 25 55 49 15 46 47 43 25 42 44 30 17 25 21 42 46 48 38 49 36 34 36 39 52 31 25 19 57 38 35 13 43 36 12 36 36 15 41 20 44 25 32 48 49 51 47 36 53 52 46 40 53 61 47 43 18 19 49 27 24 27 48 50 46 17 41 33 33 16 32 27 22 16 23 27 16
28 25 33 48 34 43 51 18 30 50 12 18 30 24 31 57 29 43 31 26 56 26 22 35 22 19 28 52 46 23 20 56 49 57 44 13 39 29 34 46 35 54 53 55 45 52 53 10 36 61 56 51 45 28 12 43 32 36 20 23 43 15 53 12 35 22 57 62 50 20 52 43 12 12 21 18 39 43 18 51
15 13 16 8 20 11 10 21 24 6 5 23 13 13 23 17 5 10 24 20 7 22 16 18 10 8 24 14 20 12 15 24 14 23 17 16 20 6 16 23 11 9 24 12 15 23 8 13 23 7 18 18 23 15 19 22 11 24 8 14 9 15 21 18 21 11 17 5 15 16 5 21 24 6 8 9 16 9 25 21
7 16 20 25 22 16 11 25 16 21 14 5 10 16 11 18 20 21 9 10 12 8 13 25 14 22 16 13 19 6 12 22 14 11 15 12 11 16 11 25 6 21 10 9 22 14 10 12 14 23 14 23 17 20 18 24 12 10 7 23 22 22 17 15 12 24 18 16 14 19 21 23 23 13 12 23 23 23 6 12
20 23 18 18 10 20 7 9 6 20 11 19 21 10 12 23 7 12 8 10 9 19 10 22 18 22 20 8 5 22 17 10 12 14 13 12 9 9 13 15 19 8 22 22 6 22 17 7 22 6 11 12 13 24 14 25 25 19 21 6 19 6 24 20 21 25 20 25 8 20 13 13 9 25 20 15 6 14 15 13
14 10 21 21 16 7 14 15 10 11 9 23 9 23 14 16 12 12 24 11 15 13 13 21 13 8 12 22 5 19 19 5 18 16 13 14 6 22 19 21 17 13 6 20 19 5 24 14 9 25 14 14 18 25 24 12 22 13 12 8 23 19 6 12 5 8 14 14 9 25 22 6 6 13 16 5 5 22 12 13
11 24 11 14 18 19 22 7 24 21 18 22 15 5 21 20 24 23 15 22 24 7 25 22 15 9 13 5 25 12 7 10 13 19 18 13 14 13 12 23 23 5 17 8 15 25 12 19 14 7 13 20 7 12 13 16 13 11 15 8 25 5 23 25 6 14 25 14 20 15 25 21 20 13 21 17 11 10 18 18
19 20 10 14 12 13 20 19 11 22 6 25 15 24 16 20 19 24 8 25 8 24 14 21 12 21 6 20 8 11 20 10 12 9 18 8 7 15 5 25 13 11 20 24 17 19 16 15 14 12 11 8 5 9 24 6 12 16 19 7 8 24 6 8 7 18 11 11 20 12 14 24 21 25 12 19 12 15 12 16
12 16 23 13 15 13 22 22 9 18 9 12 8 20 14 6 11 17 13 9 9 13 18 13 12 16 6 24 14 7 24 7 11 23 18 9 17 9 24 11 9 18 13 7 23 17 25 20 10 9 10 12 15 17 15 7 19 11 14 13 16 22 16 15 22 11 20 5 7 20 9 22 14 17 16 10 22 10 24 25
24 10 20 11 10 12 10 24 13 9 10 22 5 16 19 5 15 13 14 13 18 23 8 20 22 7 25 17 11 21 6 20 9 25 21 18 6 21 12 20 20 18 19 6 7 19 9 7 14 8 16 25 18 23 12 17 5 16 16 24 13 23 12 25 20 11 21 5 9 14 20 16 22 16 6 8 22 10 10 11
23 10 5 14 12 18 21 20 18 15 11 11 7 24 9 19 6 17 14 8 22 16 15 13 17 16 9 24 7 22 12 8 16 22 9 16 21 17 22 23 24 14 20 19 9 19 8 24 14 22 19 22 24 21 6 12 22 21 9 16 15 15 11 10 10 20 20 7 22 22 6 17 6 9 15 8 8 18 9 24
25 16 23 23 9 15 11 17 6 22 13 6 16 5 8 11 14 9 17 25 7 23 13 17 6 11 18 23 14 19 17 21 17 24 17 8 11 17 9 12 18 6 14 18 15 18 12 5 15 9 6 7 10 24 7 17 19 20 15 5 10 12 23 23 25 15 21 20 17 13 10 24 21 9 13 16 15 6 17 8
98 102 97 92 101 95 93 95 98 93
