10
40
27 24 19 17 19 21 21 22 13 23 11 25 15 24 16 33 30 44 9 39 13 29 26 28 14 24 9 31 11 20 36 20 17 9 20 9 12 28 9 41
13 19 21 46 35 36 31 20 26 12 11 16 10 18 35 7 14 19 33 13 11 29 11 11 12 21 17 18 22 19 22 48 27 49 24 33 13 25 21 23
18 26 25 13 20 14 33 24 19 28 14 17 11 20 20 12 21 29 22 12 18 13 28 16 14 17 11 37 25 13 24 10 11 29 36 13 32 18 31 21
16 17 24 7 24 23 44 34 16 12 10 19 28 33 25 7 24 17 15 23 23 38 16 21 41 12 35 6 8 37 18 39 26 21 20 13 39 20 25 40
35 16 32 18 10 18 19 26 19 13 21 22 6 26 31 5 17 15 20 14 26 36 11 26 29 13 35 33 14 30 8 37 14 45 25 30 10 41 22 33
22 21 21 10 12 33 9 12 15 13 25 27 29 34 16 17 8 16 23 39 22 46 18 43 40 14 22 9 17 21 26 29 24 25 12 10 39 14 20 15
23 13 7 14 18 20 38 26 34 21 16 12 11 32 13 21 13 25 13 11 34 15 22 14 33 25 9 43 8 25 21 10 32 34 18 20 20 21 23 45
41 28 29 32 13 35 15 29 28 30 36 31 47 36 6 14 42 32 17 23 22 29 12 10 17 31 31 9 32 31 8 31 11 16 27 11 15 28 17 33
31 27 23 41 14 20 16 33 9 30 24 9 27 11 13 16 18 15 35 50 10 37 14 19 9 21 25 33 26 36 20 41 22 35 25 12 20 20 9 18
20 6 20 32 17 29 15 5 15 16 12 13 16 31 10 24 24 26 15 6 16 14 30 46 27 25 37 33 23 16 12 24 42 15 20 16 21 6 20 17
46 46 27 39 31 36 45 55 29 57 15 66 30 66 33 56 39 51 24 51 20 56 28 49 31 46 13 53 22 31 41 21 37 26 40 24 15 34 13 57
35 32 48 70 49 40 38 35 33 24 22 16 16 22 54 15 28 32 39 21 16 61 19 16 15 39 30 24 46 28 32 55 43 64 32 40 24 37 36 37
28 35 58 35 33 28 64 60 21 44 18 30 25 52 43 18 31 46 30 24 22 33 49 28 23 39 17 60 37 20 66 19 32 61 55 22 37 22 48 23
21 42 27 18 50 36 64 56 28 21 21 36 33 44 43 19 53 29 28 29 44 58 33 37 49 26 53 15 20 48 22 50 35 46 35 24 56 25 70 54
52 26 57 26 21 30 23 62 27 27 25 43 14 36 42 14 30 39 29 34 48 47 18 41 57 15 69 38 22 47 15 42 26 58 52 37 12 51 31 55
54 42 47 16 20 54 21 18 29 16 37 56 39 60 28 41 15 38 36 61 31 50 27 66 52 23 52 14 20 33 47 44 61 32 16 16 46 26 25 25
63 27 11 32 31 51 49 42 47 40 28 22 21 64 20 41 13 36 39 23 58 43 34 30 36 36 25 67 19 55 32 16 39 44 23 38 43 36 56 63
62 29 60 52 19 52 17 50 37 46 49 55 55 60 14 29 44 50 24 40 41 41 25 25 24 43 56 19 56 45 17 45 18 20 33 23 25 51 22 70
54 45 57 49 21 37 31 42 18 63 29 18 46 16 23 32 33 26 46 67 21 59 30 48 16 26 49 56 35 53 38 49 34 58 45 25 24 49 26 30
39 12 38 40 34 37 33 12 34 26 13 16 25 56 15 46 53 54 35 13 28 30 48 61 66 39 61 51 37 27 26 50 57 18 30 39 44 14 49 25
15 13 16 8 20 11 10 21 24 6 5 23 13 13 23 17 5 10 24 20 7 22 16 18 10 8 24 14 20 12 15 24 14 23 17 16 20 6 16 23
11 9 24 12 15 23 8 13 23 7 18 18 23 15 19 22 11 24 8 14 9 15 21 18 21 11 17 5 15 16 5 21 24 6 8 9 16 9 25 21
7 16 20 25 22 16 11 25 16 21 14 5 10 16 11 18 20 21 9 10 12 8 13 25 14 22 16 13 19 6 12 22 14 11 15 12 11 16 11 25
6 21 10 9 22 14 10 12 14 23 14 23 17 20 18 24 12 10 7 23 22 22 17 15 12 24 18 16 14 19 21 23 23 13 12 23 23 23 6 12
20 23 18 18 10 20 7 9 6 20 11 19 21 10 12 23 7 12 8 10 9 19 10 22 18 22 20 8 5 22 17 10 12 14 13 12 9 9 13 15
19 8 22 22 6 22 17 7 22 6 11 12 13 24 14 25 25 19 21 6 19 6 24 20 21 25 20 25 8 20 13 13 9 25 20 15 6 14 15 13
14 10 21 21 16 7 14 15 10 11 9 23 9 23 14 16 12 12 24 11 15 13 13 21 13 8 12 22 5 19 19 5 18 16 13 14 6 22 19 21
17 13 6 20 19 5 24 14 9 25 14 14 18 25 24 12 22 13 12 8 23 19 6 12 5 8 14 14 9 25 22 6 6 13 16 5 5 22 12 13
11 24 11 14 18 19 22 7 24 21 18 22 15 5 21 20 24 23 15 22 24 7 25 22 15 9 13 5 25 12 7 10 13 19 18 13 14 13 12 23
23 5 17 8 15 25 12 19 14 7 13 20 7 12 13 16 13 11 15 8 25 5 23 25 6 14 25 14 20 15 25 21 20 13 21 17 11 10 18 18
49 48 48 53 45 52 46 45 52 49
