10
80
12 22 8 15 20 25 23 30 11 31 34 27 46 17 19 12 40 26 31 24 34 8 11 6 20 28 25 22 24 28 6 18 11 28 38 9 32 13 13 12 20 8 19 13 12 39 14 16 11 26 13 22 36 16 15 9 12 25 27 21 28 38 35 19 18 15 26 28 12 23 24 14 30 14 24 44 24 28 28 46
30 9 19 21 25 24 33 23 12 18 10 22 10 20 29 9 13 6 34 16 28 41 44 27 35 16 42 33 12 16 8 21 16 19 20 24 41 8 33 37 18 26 9 37 38 15 32 9 11 16 22 10 31 17 17 31 28 25 13 8 48 21 21 10 50 19 34 7 19 28 27 45 8 23 20 11 9 33 14 22
16 21 15 22 26 18 17 18 29 17 17 27 11 24 6 26 22 35 15 14 22 21 13 22 28 37 22 25 12 13 25 15 32 32 22 12 25 14 13 21 37 8 31 17 13 12 37 7 25 29 11 26 22 45 5 39 13 19 9 9 27 23 29 33 13 30 19 18 31 30 23 25 22 34 36 42 15 11 14 31
15 10 16 25 11 21 21 22 18 31 21 29 31 16 23 22 8 14 19 14 21 16 25 31 11 15 16 27 10 38 13 14 29 15 33 12 27 34 20 34 10 25 21 30 12 11 12 29 36 5 15 24 7 11 23 12 36 8 21 24 10 17 15 10 6 23 6 28 19 12 6 48 23 13 34 9 28 13 18 20
15 18 21 18 30 27 24 8 17 34 7 11 21 36 35 11 23 14 19 28 21 15 20 19 29 29 12 23 26 16 23 22 31 9 39 44 23 29 15 16 39 42 12 37 25 17 13 29 34 30 10 15 19 11 27 7 11 8 19 16 9 37 8 19 41 31 12 11 26 30 10 20 24 27 7 12 18 25 34 36
39 14 17 23 10 26 42 9 11 19 16 19 34 12 26 24 18 10 37 12 40 25 19 10 37 43 18 29 14 10 28 31 22 10 12 10 33 26 22 21 17 10 28 23 41 10 35 8 17 20 24 18 41 31 22 24 40 8 30 40 31 32 21 15 10 31 31 35 37 20 30 19 17 48 30 43 12 15 38 12
9 42 22 33 27 14 14 19 37 29 17 9 23 11 32 32 39 26 27 15 48 6 14 25 20 29 8 12 44 9 48 27 26 18 20 22 32 10 28 40 10 37 7 16 16 9 5 19 9 26 28 21 29 46 8 26 30 22 12 30 32 15 14 17 29 15 36 12 40 23 18 29 11 25 34 9 18 24 11 26
19 26 40 16 32 8 16 21 25 39 27 33 17 22 12 23 25 33 26 38 8 17 24 7 16 34 7 18 5 19 42 17 14 26 19 7 29 15 43 18 36 13 24 20 16 33 11 19 34 22 26 20 23 14 19 30 22 24 5 17 12 24 17 14 21 34 30 35 14 29 33 7 26 31 26 10 25 10 23 13
21 36 35 22 21 50 24 38 33 47 9 46 30 21 27 25 29 40 36 24 39 16 25 9 14 29 20 18 10 12 34 7 11 27 12 28 9 5 23 34 19 14 33 18 35 10 39 13 29 39 13 23 38 8 21 10 13 5 9 33 33 28 23 17 19 30 34 20 18 29 8 18 33 23 38 22 21 21 14 23
7 29 5 24 25 18 40 18 18 12 39 17 32 24 16 30 14 23 27 14 26 23 9 11 6 24 21 45 10 29 36 34 38 21 34 9 19 10 15 20 24 27 17 19 7 25 11 18 17 12 28 34 26 16 28 34 31 31 14 26 20 19 20 18 33 8 29 36 17 16 21 23 18 34 20 10 31 8 8 11
20 59 18 34 33 44 44 61 20 66 41 34 59 22 48 13 52 42 43 43 61 15 21 16 55 51 58 34 43 49 14 31 18 46 54 14 56 21 24 19 50 18 42 33 29 57 37 34 16 57 18 58 50 47 19 23 16 52 46 27 62 71 56 27 38 28 46 38 16 24 54 31 56 29 29 69 42 43 51 67
50 17 55 40 50 39 55 37 29 32 17 35 23 50 39 18 17 14 49 30 35 50 69 60 61 38 61 63 18 37 11 37 32 53 29 36 43 20 48 46 44 61 15 60 56 21 55 19 15 26 29 15 43 24 20 39 65 36 35 22 65 36 51 13 57 35 54 13 35 55 54 73 15 42 33 20 11 36 14 47
27 31 22 31 52 25 41 36 65 27 25 49 21 58 10 32 35 58 35 28 42 52 18 24 49 56 24 39 25 32 51 21 44 49 36 25 50 23 20 30 73 22 53 44 24 28 66 14 60 66 18 48 43 50 14 43 20 21 25 11 43 42 34 41 19 71 38 22 35 40 63 50 30 63 50 59 19 20 17 61
23 18 24 38 21 25 36 45 20 53 31 44 75 23 31 38 16 35 38 34 57 30 39 47 23 23 24 37 16 43 20 21 48 34 52 19 40 54 23 58 15 36 43 48 15 18 23 48 58 16 38 34 12 22 31 24 58 12 31 66 12 26 26 18 12 60 15 58 21 27 18 66 63 28 44 20 63 26 22 39
25 28 28 44 37 52 65 11 26 44 18 30 33 59 54 15 37 21 45 37 48 20 34 25 38 33 15 45 27 28 51 36 57 14 55 49 40 48 21 32 67 56 20 58 37 35 24 41 55 39 21 35 48 28 36 16 23 19 33 18 21 58 10 25 64 67 15 22 51 53 17 43 54 50 13 30 35 61 57 45
67 27 28 40 26 37 56 14 27 36 32 43 63 27 43 45 34 22 40 13 59 48 28 28 47 74 21 60 30 19 60 37 43 19 23 23 59 59 46 48 26 12 59 52 47 14 49 14 26 30 31 34 61 40 63 59 54 19 43 60 43 34 55 33 25 46 41 49 53 46 64 21 21 57 36 66 30 37 44 32
16 50 46 53 48 21 38 24 71 61 29 22 35 18 58 50 65 65 72 21 53 17 30 51 32 48 15 36 52 14 73 51 43 45 35 52 48 22 36 47 28 48 15 40 37 19 11 37 28 44 43 23 62 59 15 67 58 46 20 40 60 27 26 32 59 46 50 18 48 34 24 49 15 64 49 27 31 40 25 33
35 50 59 34 42 19 22 45 47 41 43 54 33 32 29 48 36 65 66 60 10 32 30 14 33 64 14 32 14 38 61 34 43 57 47 13 58 18 60 25 53 24 57 21 25 51 19 24 43 26 50 41 54 38 22 54 28 36 15 38 27 36 39 22 33 59 61 53 18 51 45 17 43 52 31 17 35 23 50 17
64 42 41 30 22 53 49 53 38 71 20 66 34 42 40 52 41 56 49 37 57 22 35 16 17 44 46 24 15 16 47 15 14 38 21 47 22 15 32 40 38 18 37 28 38 16 43 15 39 52 22 38 69 12 24 23 20 15 16 48 50 57 63 36 35 45 50 53 20 52 16 28 47 35 56 43 26 50 19 30
17 46 10 58 37 27 50 42 41 20 61 26 55 57 30 48 26 70 67 27 42 46 16 16 16 33 29 69 22 48 54 47 50 49 40 25 34 16 39 27 42 56 46 33 11 39 25 22 25 23 43 35 37 26 39 50 42 50 28 35 44 57 35 39 48 15 50 39 17 26 40 52 22 55 58 14 57 17 13 13
20 9 15 12 14 14 15 18 19 19 5 24 9 11 12 8 18 24 20 15 23 11 15 25 13 10 18 7 22 6 11 22 19 23 5 5 15 14 7 14 6 15 18 18 7 7 5 12 21 7 7 16 5 14 9 25 8 23 8 17 19 16 11 9 6 12 9 20 24 19 7 7 18 5 25 17 7 23 18 15
11 24 6 17 24 18 6 16 6 21 18 9 8 9 13 24 25 7 17 16 25 24 7 13 24 20 21 6 8 19 7 5 19 15 20 20 21 23 21 8 5 10 13 9 7 14 19 20 12 7 6 14 21 14 25 9 14 22 5 12 6 9 18 11 13 19 20 6 18 19 14 7 24 11 5 5 11 10 14 18
5 24 23 17 10 5 23 16 11 5 24 24 15 20 20 20 15 22 23 20 11 10 11 23 13 12 15 5 9 5 14 18 14 20 15 9 8 6 10 12 17 17 7 7 23 24 9 24 5 22 12 25 14 9 6 7 22 15 5 20 9 23 16 21 8 9 21 15 5 17 5 19 7 13 15 16 14 9 9 13
21 9 17 5 15 21 19 10 15 13 8 18 15 14 8 7 10 17 23 21 9 5 8 20 16 21 11 20 11 15 8 22 12 25 15 10 20 20 13 7 14 8 23 12 5 24 21 24 21 20 9 14 24 16 10 19 12 21 5 11 10 9 22 23 8 20 7 6 10 15 23 11 16 17 10 17 16 5 13 12
16 5 17 24 7 19 24 20 21 22 17 5 7 13 11 13 14 18 22 24 25 25 24 19 15 25 23 7 18 7 9 21 9 13 5 19 18 20 10 10 25 7 6 17 10 20 24 9 9 14 14 13 16 19 21 7 20 8 14 17 22 5 20 16 9 12 25 11 5 13 19 18 21 9 25 23 7 10 14 7
12 14 5 5 16 17 25 13 19 17 9 5 9 10 22 5 21 25 7 14 21 6 21 11 25 12 5 20 20 20 22 9 16 15 23 14 9 12 13 18 12 11 16 9 24 20 19 21 6 24 14 20 7 18 18 20 5 12 14 8 6 15 13 13 10 25 18 13 22 8 7 22 20 21 9 10 20 6 21 12
23 12 11 25 6 15 14 15 11 15 15 8 24 12 22 22 21 24 13 19 9 20 18 5 17 9 10 6 12 13 24 11 25 5 12 24 15 20 25 11 24 20 5 21 22 19 5 18 9 22 12 8 10 13 19 14 13 9 6 23 10 12 8 13 22 11 16 15 7 23 5 21 24 14 24 8 8 15 10 6
14 21 8 19 14 25 13 10 18 6 12 21 19 10 24 11 22 5 7 17 13 7 23 19 6 21 19 16 7 11 7 11 10 16 21 10 9 23 9 22 13 17 7 6 21 24 24 23 5 19 18 10 17 7 7 22 23 10 23 7 19 10 14 20 9 9 12 23 21 8 20 14 20 8 17 25 14 19 10 24
13 10 6 15 24 8 17 8 22 25 15 11 19 24 15 21 17 19 15 19 8 11 6 16 14 19 15 23 12 15 9 14 20 12 16 15 9 6 14 16 6 21 21 14 21 18 19 23 18 11 6 21 9 14 15 17 8 18 20 9 7 22 15 12 16 6 17 13 9 10 10 5 19 22 13 25 13 6 24 16
10 24 10 13 15 11 19 7 10 7 16 14 5 22 7 20 11 7 6 14 16 19 21 18 15 25 9 14 22 17 11 11 11 6 14 23 16 5 18 21 6 20 16 7 11 6 10 20 9 20 7 25 15 22 6 16 8 19 13 13 5 8 11 24 13 21 16 14 17 15 17 8 17 18 15 23 22 20 18 15
89 90 90 92 97 93 94 95 94 91
