10
80
36 36 16 24 13 23 26 10 48 33 11 33 19 32 48 15 29 47 21 9 41 31 46 12 30 37 34 40 20 10 12 22 15 24 28 46 17 16 43 38 25 15 13 32 18 14 29 18 26 22 15 29 45 27 22 42 28 36 31 10 37 34 39 26 20 21 38 40 36 28 35 15 26 21 20 15 34 26 26 27
33 14 30 13 48 26 16 16 23 25 38 23 47 21 22 11 24 46 44 17 46 44 49 18 33 33 45 44 26 29 14 21 30 32 23 46 9 26 35 35 19 41 37 25 14 14 22 21 28 45 32 34 10 18 20 13 23 38 21 22 28 45 24 33 41 15 30 26 20 42 31 48 15 43 45 42 45 45 31 24
20 39 27 26 9 25 17 17 14 32 30 18 30 32 20 13 27 13 27 13 32 27 33 48 32 40 42 24 10 10 20 42 30 25 33 17 35 29 46 33 43 49 38 27 14 17 17 33 36 14 13 25 35 41 10 25 16 28 18 43 41 20 15 39 33 20 31 26 40 19 41 10 27 35 16 39 28 38 43 45
24 29 22 13 12 44 25 23 19 21 16 10 25 11 43 32 42 27 44 40 28 12 31 33 37 37 45 47 42 17 14 14 12 14 30 36 13 30 27 35 37 21 18 48 47 27 40 11 19 39 31 46 17 41 10 45 18 15 40 13 11 34 27 21 20 23 29 49 48 35 33 24 37 11 47 26 24 11 15 29
40 13 11 32 47 48 32 35 15 17 24 15 40 46 29 25 26 17 12 33 29 17 47 33 10 35 32 35 16 42 43 35 12 27 45 35 34 29 46 24 37 34 21 18 46 30 15 31 26 18 31 34 30 18 28 33 12 38 27 40 44 37 13 15 36 11 11 44 40 10 44 41 44 15 35 27 29 27 34 14
19 30 32 38 34 41 21 28 19 39 20 42 42 34 18 34 42 37 42 23 11 36 40 33 27 30 39 50 42 17 34 19 39 38 18 12 18 22 41 30 38 19 12 11 10 41 46 13 43 13 45 43 35 15 11 39 11 34 19 14 12 42 43 21 21 12 26 33 27 36 32 18 31 34 47 44 28 18 18 20
30 10 44 36 38 38 36 43 9 24 16 19 41 11 38 37 26 21 10 24 28 33 37 43 30 11 37 27 41 14 30 14 36 15 20 44 17 17 41 15 32 30 36 33 38 12 32 42 14 44 33 32 10 47 33 43 23 36 23 25 34 42 26 36 45 33 27 31 39 12 10 30 39 28 30 42 24 33 19 27
28 36 33 26 37 34 44 48 20 45 11 12 19 27 10 47 29 10 18 11 15 14 44 10 23 46 32 22 9 12 46 38 22 19 22 15 11 35 25 29 36 17 22 13 45 31 29 9 39 38 36 33 28 10 36 40 14 25 48 36 32 25 11 38 13 29 37 19 23 11 28 26 32 34 10 11 27 29 30 12
33 32 27 30 11 43 47 13 29 35 16 31 46 9 24 46 26 11 36 45 33 10 38 18 41 13 27 31 43 44 9 26 10 39 19 28 43 13 18 13 38 28 19 30 44 46 42 17 23 16 38 39 37 32 15 41 14 42 10 30 25 17 14 23 26 28 11 40 37 14 35 16 43 41 17 35 45 42 13 19
14 27 39 22 31 14 45 14 10 36 30 28 43 14 28 16 29 15 21 13 13 35 33 33 46 21 27 25 24 37 33 11 26 23 34 13 23 43 24 44 39 20 20 28 18 15 40 26 24 39 38 45 32 9 36 9 30 16 9 45 20 27 31 33 48 33 35 44 34 16 28 13 28 25 28 23 30 21 26 26
40 40 16 28 16 26 29 10 53 35 13 34 20 37 51 16 34 52 23 11 45 34 49 12 33 45 36 44 23 12 12 26 15 24 30 50 19 18 46 45 28 16 14 36 21 14 32 23 28 23 16 35 51 28 26 50 28 41 36 11 38 39 45 29 24 23 38 44 39 34 37 17 28 25 24 15 39 29 30 31
36 16 35 13 50 29 17 18 23 25 40 27 51 23 25 11 29 49 48 18 49 49 53 19 35 35 46 44 29 35 17 25 34 34 24 49 11 30 41 38 23 48 42 28 15 16 22 21 31 53 34 37 11 23 22 16 27 45 26 22 34 53 29 39 42 17 32 28 21 44 34 49 16 48 49 46 49 52 35 27
24 45 30 29 11 27 20 17 15 36 35 22 37 36 24 13 33 16 33 14 34 29 36 51 38 42 48 27 10 11 24 45 33 28 39 19 39 32 51 40 46 51 38 29 17 19 20 33 44 16 14 28 41 44 12 27 18 30 20 47 45 21 16 40 36 24 35 29 41 21 49 10 32 37 18 41 32 43 45 51
25 32 24 15 15 51 28 23 20 23 18 13 26 14 49 39 47 31 48 45 30 14 32 34 45 42 48 49 46 18 16 16 13 16 35 41 16 31 31 36 41 23 19 49 52 29 40 13 23 44 36 51 18 47 12 53 18 18 42 15 12 36 32 22 25 25 32 50 51 41 36 24 46 13 53 30 26 11 17 33
43 15 11 36 49 52 38 41 16 18 26 16 45 50 35 25 28 20 13 38 30 18 55 37 12 37 36 41 17 45 47 36 14 28 47 40 35 33 52 28 40 39 22 19 48 36 17 36 27 20 35 35 32 22 34 33 12 43 32 45 50 40 15 16 40 11 13 50 44 11 47 44 51 17 39 28 32 32 40 16
21 31 39 43 38 49 24 30 21 42 23 44 43 39 19 38 49 43 47 25 11 40 43 39 33 36 45 50 49 20 38 20 42 42 18 13 20 27 44 33 41 19 13 12 12 41 48 15 44 14 47 52 40 17 14 42 12 36 24 16 12 45 50 23 23 12 31 37 31 45 37 19 37 40 52 46 29 21 18 22
31 12 49 40 43 39 44 50 10 27 18 22 44 13 44 42 26 25 11 25 33 37 42 47 34 11 44 30 48 14 34 15 39 16 23 49 20 20 45 17 33 34 45 37 46 12 34 47 16 52 37 33 11 54 38 49 24 44 28 27 38 47 30 37 47 35 27 33 47 12 10 34 40 31 37 49 28 37 21 29
30 43 38 28 41 37 46 50 22 51 12 14 24 28 13 47 31 12 19 11 16 17 48 12 27 50 36 25 10 14 50 45 24 21 26 18 13 41 25 34 39 17 23 15 52 37 35 10 42 43 44 37 33 12 41 45 16 26 48 37 33 28 12 41 15 30 39 20 25 12 31 28 33 38 12 13 31 32 35 14
37 34 31 37 12 44 51 16 32 39 19 31 52 10 25 50 27 13 40 52 35 11 46 22 46 15 29 38 43 51 11 28 11 46 20 33 45 15 20 16 40 30 20 35 51 49 51 17 27 17 42 47 43 36 17 50 16 47 11 32 28 17 16 25 31 35 11 45 37 17 38 18 51 47 19 37 54 44 15 21
15 33 42 26 33 16 45 15 12 42 36 32 46 14 31 18 33 18 22 15 14 37 35 40 49 23 33 28 26 40 36 13 26 25 35 15 25 44 24 47 44 22 21 31 18 16 45 26 25 47 39 50 38 11 39 10 32 19 11 48 23 33 32 37 48 38 41 44 40 18 30 13 30 28 29 28 35 24 30 30
9 9 14 24 11 16 8 19 20 14 14 11 14 24 5 12 11 15 13 10 17 9 13 20 24 13 8 18 8 24 5 10 16 14 23 7 24 9 12 18 20 25 22 23 24 14 17 22 19 20 10 15 13 6 24 5 15 7 7 12 17 18 20 11 20 12 10 8 23 9 17 9 5 24 14 23 7 24 25 15
9 9 11 13 12 25 16 16 19 20 23 10 18 14 20 20 17 7 22 22 9 5 7 23 23 18 19 12 22 9 19 13 9 5 14 22 13 17 22 14 8 13 14 14 5 14 22 7 22 14 10 23 22 18 18 12 15 5 11 12 17 21 21 21 20 18 6 17 12 10 14 21 16 21 9 25 8 13 7 7
25 21 16 9 11 19 6 10 22 16 11 6 21 15 15 20 19 9 19 17 19 22 17 23 8 6 23 5 12 14 5 14 12 23 24 20 10 10 17 14 19 9 5 19 18 25 12 17 23 12 11 21 23 20 16 24 10 8 15 23 19 14 9 5 7 10 25 14 23 7 22 18 18 18 8 14 7 10 11 19
22 12 7 9 8 24 7 12 21 12 10 20 7 22 21 18 8 24 16 14 12 14 18 21 6 25 18 19 5 5 15 13 22 24 19 24 14 5 11 17 16 17 24 6 11 14 7 9 11 13 24 22 17 8 7 21 9 24 21 21 5 16 14 9 7 15 23 8 18 6 13 5 8 13 12 9 23 23 22 20
7 23 16 22 11 18 23 19 6 20 8 9 16 15 5 18 18 25 22 6 13 21 7 10 7 22 21 18 6 7 23 11 25 6 11 17 7 21 18 15 16 11 20 15 23 12 11 10 9 21 5 24 8 13 12 22 18 15 22 25 7 23 17 5 5 9 11 16 10 8 17 13 9 25 17 8 5 24 20 19
14 5 11 7 9 19 14 15 20 17 12 21 25 10 16 5 12 6 5 25 5 22 6 17 17 20 13 23 24 19 6 19 20 10 21 6 17 5 24 24 12 21 15 20 14 6 19 17 21 7 9 12 13 14 23 11 25 7 24 12 9 20 14 5 11 20 22 8 9 12 20 23 7 15 22 17 6 18 9 25
24 10 24 9 7 9 7 23 13 9 12 12 13 18 8 15 10 6 9 25 21 7 5 10 16 16 7 6 11 21 19 18 9 25 17 6 21 24 6 19 21 19 8 19 23 16 25 5 12 17 24 7 22 13 13 25 24 11 15 7 13 25 25 24 24 13 24 15 24 22 13 8 22 19 7 10 19 8 22 16
11 8 14 10 19 22 18 24 14 23 13 17 12 10 8 12 8 8 23 11 19 23 9 21 7 6 11 5 22 22 7 8 18 10 12 5 16 16 24 10 25 21 18 15 25 7 22 15 21 13 23 8 8 16 20 9 25 7 8 25 6 11 14 22 17 20 18 10 10 10 20 5 10 6 8 23 5 20 19 24
15 24 14 23 9 22 17 25 15 20 13 9 23 6 21 21 11 10 18 22 19 12 21 12 24 15 14 23 23 21 23 11 21 6 18 12 16 11 20 22 19 13 5 23 20 7 11 10 19 23 24 17 12 18 8 16 10 11 7 17 23 15 21 15 5 19 18 16 16 6 12 15 12 8 12 7 21 23 18 14
14 9 14 15 19 15 11 21 15 11 9 12 7 20 8 8 11 9 6 12 18 24 6 22 6 17 7 10 5 16 20 19 7 17 14 19 23 25 24 16 17 22 5 12 14 23 6 10 18 19 23 25 22 6 20 19 8 22 10 18 11 20 18 14 7 19 13 7 25 18 5 7 14 21 8 5 19 21 21 18
95 96 97 93 93 94 98 93 101 93
