10
80
15 38 16 18 20 31 33 41 13 46 25 21 40 15 33 10 35 31 28 26 36 9 12 9 32 26 39 18 25 33 11 20 15 27 37 9 48 19 18 13 30 10 31 24 21 40 18 22 11 35 11 34 38 24 15 15 10 49 31 21 34 40 45 24 32 14 37 29 12 24 45 19 37 19 27 45 25 30 46 38
40 9 36 29 40 29 40 26 17 30 10 30 13 29 22 16 17 11 32 19 33 37 43 49 33 28 37 43 13 33 10 25 17 27 27 19 36 10 37 34 24 38 11 37 37 16 37 9 10 16 22 8 33 15 13 26 44 22 24 16 38 24 27 7 44 23 38 12 26 42 45 45 10 28 21 16 8 32 14 26
17 22 16 20 35 14 24 24 42 21 16 39 14 41 8 30 22 34 22 20 34 43 14 19 36 37 22 31 21 21 39 17 33 33 21 18 40 20 12 20 36 11 35 33 21 19 35 13 31 46 11 32 33 42 9 33 19 14 19 9 25 32 28 29 15 39 25 19 30 30 35 31 26 42 32 31 16 14 14 41
14 10 22 22 14 21 20 30 16 38 24 30 45 17 27 24 11 20 26 23 35 26 29 24 12 18 18 29 8 32 13 12 37 22 37 11 25 46 17 44 8 20 27 31 11 15 12 27 29 9 27 23 8 18 20 24 39 8 24 38 9 15 21 13 8 35 9 33 20 15 12 50 35 14 36 11 39 19 15 31
22 15 20 30 24 29 38 7 25 44 13 19 16 44 33 14 28 16 35 23 35 13 25 15 27 23 10 30 23 15 39 24 44 8 38 38 22 42 15 20 36 44 20 37 32 19 17 23 32 27 15 19 33 15 36 15 17 10 25 16 19 31 9 15 49 49 12 17 35 40 13 24 32 42 11 17 26 35 36 43
34 20 18 31 16 33 39 12 19 28 26 27 39 17 34 36 22 13 33 13 43 34 25 18 36 37 15 40 24 14 36 26 31 13 15 13 35 36 31 28 19 10 33 40 45 9 35 9 20 23 30 30 42 36 39 35 41 15 28 42 34 31 31 24 17 28 30 31 48 28 48 16 18 48 33 44 19 29 33 17
12 35 34 42 32 13 20 14 37 42 19 17 26 10 35 37 43 40 41 16 38 12 18 40 23 31 11 18 45 7 48 29 32 25 27 29 39 14 27 36 18 33 9 25 24 13 10 32 18 27 30 22 44 44 10 50 32 38 14 32 38 15 22 25 44 27 48 13 39 27 19 32 9 39 31 13 27 31 14 26
19 29 35 28 25 16 15 30 40 35 23 36 28 27 15 38 21 46 42 40 7 22 21 13 30 39 10 23 8 24 32 22 21 44 28 10 40 14 38 19 48 16 44 21 21 28 17 17 30 19 38 21 35 25 19 33 24 28 9 31 21 27 31 15 22 35 33 43 14 42 30 12 31 41 24 11 28 13 46 16
38 30 33 22 15 43 31 38 32 39 15 47 24 34 24 37 29 40 37 23 37 15 27 13 15 33 29 18 10 11 35 10 12 37 15 33 11 7 22 38 36 14 29 17 26 12 33 11 39 45 15 24 45 8 19 18 13 9 11 34 42 37 47 20 18 24 31 35 19 49 12 19 32 19 32 26 20 38 15 27
10 34 8 33 31 14 33 29 31 13 47 17 33 39 22 46 15 39 38 18 22 33 13 13 10 25 22 43 15 46 35 46 30 37 31 17 29 11 25 23 34 36 27 20 10 26 21 14 15 15 34 33 24 18 21 34 28 41 20 33 36 36 32 31 29 10 30 33 16 20 34 29 19 45 33 10 41 9 9 9
21 49 18 29 24 51 42 50 18 55 39 29 56 23 40 14 52 40 41 37 49 11 17 13 42 39 39 26 35 33 14 23 17 35 59 13 49 20 23 16 40 16 33 30 25 47 25 32 13 50 15 47 57 36 18 16 14 58 37 25 45 60 51 29 43 23 44 32 19 29 50 28 50 28 31 53 36 39 49 58
57 14 46 38 46 34 46 31 23 37 14 36 22 45 34 20 17 14 34 26 37 51 62 56 46 29 51 56 16 41 12 36 27 39 35 32 49 17 49 47 35 45 15 51 49 21 46 13 12 22 30 13 45 22 19 36 52 33 29 18 61 41 36 10 55 34 44 13 34 46 54 53 14 39 26 20 11 35 15 40
23 32 22 29 50 21 29 33 44 23 21 50 16 44 12 33 28 48 28 23 45 52 15 26 47 45 27 33 24 29 39 19 43 47 27 19 41 27 15 25 57 16 42 33 28 23 46 15 44 51 14 47 46 51 10 44 19 19 23 10 32 41 35 45 17 52 35 24 31 31 48 51 29 54 47 44 20 21 16 48
19 13 25 32 17 24 28 34 18 42 28 45 50 20 36 37 11 29 27 24 52 31 32 40 17 20 18 30 13 40 17 20 46 28 37 15 32 49 22 56 11 29 35 39 16 17 18 39 43 12 35 34 13 25 28 24 59 12 35 55 12 22 23 14 10 51 12 45 23 20 14 61 51 19 44 15 50 30 20 36
27 23 25 38 34 43 58 11 26 54 15 22 24 48 44 15 40 20 41 33 45 18 31 23 41 34 14 38 26 24 42 38 53 11 51 45 36 55 17 27 56 46 21 55 35 24 26 32 44 40 20 29 45 21 40 16 23 16 30 21 22 45 11 25 56 51 13 21 41 51 17 35 38 49 14 20 34 48 42 55
46 20 25 34 19 42 48 15 25 40 33 30 53 22 47 40 28 18 47 13 53 47 31 24 49 54 23 42 32 14 50 39 43 17 23 19 45 61 41 34 22 11 45 51 54 11 52 13 24 33 35 39 57 42 43 47 49 19 37 49 47 36 46 28 22 45 34 36 61 31 53 24 24 61 37 58 24 35 49 26
12 56 41 51 48 16 31 20 59 45 23 21 31 12 56 49 48 60 52 22 51 12 21 55 34 37 13 25 50 12 52 38 44 33 33 47 51 22 37 50 22 55 14 27 31 15 12 37 22 32 34 27 46 55 11 51 41 46 20 41 50 22 27 27 50 33 55 21 53 39 23 41 13 53 35 18 33 39 21 33
30 42 48 31 34 20 20 32 44 39 37 44 32 35 22 55 30 61 58 50 11 30 25 16 36 44 15 25 11 31 49 25 32 52 39 13 50 17 50 24 55 23 53 21 21 41 17 25 35 27 55 31 46 32 22 44 33 32 10 38 27 33 34 15 26 47 45 56 17 53 42 17 45 59 33 15 32 19 52 20
46 38 46 31 25 57 35 42 44 50 19 47 37 45 33 47 35 51 41 27 41 18 30 15 19 45 37 25 15 14 38 14 14 42 20 43 18 11 34 46 43 21 42 21 40 15 45 17 47 50 15 34 51 10 27 21 19 11 12 37 59 57 55 32 27 33 45 43 20 55 15 26 48 26 43 39 25 40 21 28
13 39 12 47 39 21 43 36 34 19 50 27 52 51 28 49 20 58 46 27 35 55 16 15 14 32 26 59 25 50 43 52 43 39 39 21 34 11 31 27 47 47 36 30 10 32 24 21 21 21 41 40 38 21 29 47 38 54 32 36 40 40 39 41 41 15 37 42 17 30 41 45 21 51 41 11 49 15 15 13
20 9 15 12 14 14 15 18 19 19 5 24 9 11 12 8 18 24 20 15 23 11 15 25 13 10 18 7 22 6 11 22 19 23 5 5 15 14 7 14 6 15 18 18 7 7 5 12 21 7 7 16 5 14 9 25 8 23 8 17 19 16 11 9 6 12 9 20 24 19 7 7 18 5 25 17 7 23 18 15
11 24 6 17 24 18 6 16 6 21 18 9 8 9 13 24 25 7 17 16 25 24 7 13 24 20 21 6 8 19 7 5 19 15 20 20 21 23 21 8 5 10 13 9 7 14 19 20 12 7 6 14 21 14 25 9 14 22 5 12 6 9 18 11 13 19 20 6 18 19 14 7 24 11 5 5 11 10 14 18
5 24 23 17 10 5 23 16 11 5 24 24 15 20 20 20 15 22 23 20 11 10 11 23 13 12 15 5 9 5 14 18 14 20 15 9 8 6 10 12 17 17 7 7 23 24 9 24 5 22 12 25 14 9 6 7 22 15 5 20 9 23 16 21 8 9 21 15 5 17 5 19 7 13 15 16 14 9 9 13
21 9 17 5 15 21 19 10 15 13 8 18 15 14 8 7 10 17 23 21 9 5 8 20 16 21 11 20 11 15 8 22 12 25 15 10 20 20 13 7 14 8 23 12 5 24 21 24 21 20 9 14 24 16 10 19 12 21 5 11 10 9 22 23 8 20 7 6 10 15 23 11 16 17 10 17 16 5 13 12
16 5 17 24 7 19 24 20 21 22 17 5 7 13 11 13 14 18 22 24 25 25 24 19 15 25 23 7 18 7 9 21 9 13 5 19 18 20 10 10 25 7 6 17 10 20 24 9 9 14 14 13 16 19 21 7 20 8 14 17 22 5 20 16 9 12 25 11 5 13 19 18 21 9 25 23 7 10 14 7
12 14 5 5 16 17 25 13 19 17 9 5 9 10 22 5 21 25 7 14 21 6 21 11 25 12 5 20 20 20 22 9 16 15 23 14 9 12 13 18 12 11 16 9 24 20 19 21 6 24 14 20 7 18 18 20 5 12 14 8 6 15 13 13 10 25 18 13 22 8 7 22 20 21 9 10 20 6 21 12
23 12 11 25 6 15 14 15 11 15 15 8 24 12 22 22 21 24 13 19 9 20 18 5 17 9 10 6 12 13 24 11 25 5 12 24 15 20 25 11 24 20 5 21 22 19 5 18 9 22 12 8 10 13 19 14 13 9 6 23 10 12 8 13 22 11 16 15 7 23 5 21 24 14 24 8 8 15 10 6
14 21 8 19 14 25 13 10 18 6 12 21 19 10 24 11 22 5 7 17 13 7 23 19 6 21 19 16 7 11 7 11 10 16 21 10 9 23 9 22 13 17 7 6 21 24 24 23 5 19 18 10 17 7 7 22 23 10 23 7 19 10 14 20 9 9 12 23 21 8 20 14 20 8 17 25 14 19 10 24
13 10 6 15 24 8 17 8 22 25 15 11 19 24 15 21 17 19 15 19 8 11 6 16 14 19 15 23 12 15 9 14 20 12 16 15 9 6 14 16 6 21 21 14 21 18 19 23 18 11 6 21 9 14 15 17 8 18 20 9 7 22 15 12 16 6 17 13 9 10 10 5 19 22 13 25 13 6 24 16
10 24 10 13 15 11 19 7 10 7 16 14 5 22 7 20 11 7 6 14 16 19 21 18 15 25 9 14 22 17 11 11 11 6 14 23 16 5 18 21 6 20 16 7 11 6 10 20 9 20 7 25 15 22 6 16 8 19 13 13 5 8 11 24 13 21 16 14 17 15 17 8 17 18 15 23 22 20 18 15
89 90 90 92 97 93 94 95 94 91
