10
80
30 15 33 30 26 32 40 26 28 9 38 45 28 38 50 28 40 35 33 31 21 43 11 34 28 32 32 13 25 38 44 37 29 9 21 16 36 19 17 46 46 28 24 38 15 37 10 11 18 9 38 41 24 39 41 43 31 21 28 28 45 38 41 29 16 23 15 23 18 35 29 17 15 32 30 10 32 17 36 49
30 13 44 31 39 48 35 19 33 34 18 26 36 24 37 33 11 28 42 11 31 21 27 15 18 44 9 18 33 13 29 38 37 38 22 45 12 19 19 16 10 44 11 13 47 36 39 44 32 40 11 37 20 10 28 42 10 10 34 39 14 39 43 15 33 22 29 29 39 43 38 17 17 28 23 21 49 30 16 39
9 45 11 31 43 24 10 24 14 26 28 18 24 12 15 33 39 10 19 23 10 35 19 14 10 34 13 27 34 43 31 14 22 23 17 44 20 24 24 47 9 15 23 23 17 29 14 44 28 26 38 45 9 39 26 31 27 14 30 18 37 33 44 27 18 32 22 18 33 44 18 46 10 35 44 40 21 19 38 43
15 36 16 40 32 25 16 29 15 19 14 28 40 10 20 39 29 38 27 12 41 44 36 26 17 11 18 20 19 35 29 17 43 32 30 24 29 46 35 30 36 46 32 11 25 47 25 38 36 11 11 10 20 18 18 12 27 46 12 34 19 9 12 43 19 19 35 24 19 20 24 33 17 27 17 34 40 41 14 36
40 39 38 33 27 17 21 13 28 30 44 38 29 9 27 48 14 36 11 25 19 20 19 45 49 10 23 16 41 36 26 46 45 24 35 30 39 38 12 16 41 39 13 35 45 44 44 23 9 20 20 15 28 44 24 20 43 10 36 38 21 9 46 20 15 20 47 33 12 23 41 38 41 38 43 19 18 37 20 14
13 11 27 23 49 12 18 42 35 34 27 20 16 12 23 18 11 10 25 35 21 46 14 28 34 29 47 37 10 33 18 28 30 26 41 48 28 44 34 40 45 31 43 11 36 28 45 25 17 15 46 24 17 17 46 17 19 28 27 11 37 34 20 33 22 29 43 38 35 28 33 28 45 46 33 10 19 27 42 34
43 23 39 44 16 18 30 26 27 38 40 34 28 28 41 38 10 15 36 42 44 10 30 46 9 39 42 34 43 43 10 39 15 17 26 14 29 36 24 15 38 40 25 35 19 10 38 19 21 21 27 16 19 33 15 40 10 19 41 46 25 14 24 28 15 34 10 17 22 44 25 17 35 44 23 24 46 9 21 35
31 11 38 43 45 35 28 17 42 25 9 33 38 13 27 40 27 20 31 15 34 33 39 30 19 31 44 18 16 37 11 16 41 31 26 47 37 31 46 38 15 39 30 40 23 19 38 41 37 19 35 15 12 23 11 12 33 23 41 39 23 40 36 27 12 36 28 45 15 41 13 49 23 19 31 10 30 43 16 28
25 18 13 32 20 49 47 11 36 43 38 23 37 38 28 14 20 17 36 36 38 32 41 30 33 27 37 47 28 18 17 42 33 27 9 36 32 9 30 26 10 34 14 35 23 27 39 36 43 40 33 45 41 38 31 49 46 41 42 13 15 45 20 22 20 45 46 36 15 33 27 29 14 32 25 18 14 17 20 14
22 25 28 47 27 38 45 14 27 42 11 16 22 20 28 42 26 36 30 21 43 19 17 31 19 15 22 42 37 20 19 46 46 42 37 11 32 21 30 39 35 48 45 45 37 49 43 10 32 49 43 40 39 22 10 41 30 31 18 21 42 15 43 11 33 17 49 45 40 16 46 34 9 10 18 15 33 36 13 47
33 16 38 30 29 38 45 27 31 12 42 47 32 47 51 31 45 38 37 34 23 49 13 38 32 39 34 14 26 46 50 41 33 10 22 18 43 22 17 54 48 29 25 41 15 39 13 12 20 11 39 43 27 43 44 50 35 22 32 35 51 40 43 30 16 28 16 23 20 40 35 19 16 38 34 12 38 17 37 55
35 14 50 34 46 55 37 21 34 41 21 27 38 26 41 36 13 29 45 14 36 21 29 17 19 47 10 19 34 14 33 44 44 39 25 50 14 22 23 16 13 46 11 15 54 43 41 52 36 45 12 41 24 11 33 43 11 11 35 46 15 42 48 16 35 25 34 31 44 49 41 19 18 31 24 22 49 36 16 44
11 46 11 31 48 25 12 25 14 30 34 23 25 15 17 36 40 12 22 23 12 38 21 16 10 35 16 27 37 51 36 16 24 25 19 47 22 28 26 51 11 17 24 28 20 33 15 46 30 29 39 53 12 47 28 37 30 15 33 23 38 37 47 29 23 37 23 21 40 45 22 48 11 39 47 42 26 20 43 46
18 43 18 47 39 28 18 29 17 22 16 33 47 11 24 48 36 41 30 15 46 45 41 28 17 12 21 22 21 39 31 18 44 35 33 27 36 51 37 33 39 47 38 11 30 49 29 42 36 12 12 11 21 18 19 13 29 52 12 38 20 10 13 48 20 24 36 28 22 23 28 38 18 32 20 36 42 46 14 37
43 40 44 38 31 19 24 16 31 36 53 44 33 12 30 49 17 40 11 27 20 23 22 50 49 11 25 17 45 38 28 53 50 27 37 33 45 42 15 18 46 41 14 38 46 49 50 23 12 23 24 15 30 51 27 23 49 10 40 40 25 10 50 22 17 21 52 35 14 26 45 43 46 43 46 21 19 40 21 14
16 12 29 26 51 13 23 46 39 36 30 25 18 13 26 19 13 13 25 36 24 53 17 35 39 32 55 41 11 36 23 29 34 28 42 48 34 53 39 46 50 35 45 12 39 29 50 28 18 16 49 26 19 19 49 17 24 33 31 13 41 38 20 33 23 35 47 44 40 29 37 31 50 50 40 11 20 29 45 38
44 27 40 51 16 18 31 31 30 40 40 39 29 29 41 41 12 16 40 44 47 10 32 50 10 44 48 36 43 47 11 42 18 20 29 16 30 38 28 17 41 45 25 36 22 11 41 21 24 24 31 16 21 36 17 40 13 22 45 53 28 16 29 28 16 37 12 18 24 49 29 18 38 44 24 26 49 10 23 35
32 13 42 47 52 39 32 17 49 29 12 36 44 15 28 48 28 23 34 15 38 37 48 31 22 36 53 22 16 39 11 16 43 32 27 50 39 35 52 40 17 44 33 43 24 22 38 46 43 23 40 17 14 23 12 15 38 23 43 41 23 47 38 30 13 43 33 47 16 41 13 54 25 20 35 12 31 45 17 31
26 22 15 37 24 50 49 13 39 48 46 26 41 42 28 15 22 18 41 42 43 35 50 33 35 34 39 50 30 22 17 48 36 32 11 36 37 11 35 31 13 36 16 38 25 29 42 43 45 48 38 48 45 40 37 53 51 48 47 16 16 45 24 24 24 47 50 41 16 34 28 34 17 32 26 20 16 19 22 15
24 25 31 51 32 41 49 15 28 49 11 19 24 24 29 50 30 40 30 23 51 21 19 34 22 16 27 47 42 22 19 48 48 51 40 14 34 25 36 42 38 51 51 51 39 50 50 11 37 55 46 48 42 24 11 46 32 35 19 22 42 15 48 12 34 19 53 54 43 17 47 35 10 11 21 16 35 40 16 50
15 13 16 8 20 11 10 21 24 6 5 23 13 13 23 17 5 10 24 20 7 22 16 18 10 8 24 14 20 12 15 24 14 23 17 16 20 6 16 23 11 9 24 12 15 23 8 13 23 7 18 18 23 15 19 22 11 24 8 14 9 15 21 18 21 11 17 5 15 16 5 21 24 6 8 9 16 9 25 21
7 16 20 25 22 16 11 25 16 21 14 5 10 16 11 18 20 21 9 10 12 8 13 25 14 22 16 13 19 6 12 22 14 11 15 12 11 16 11 25 6 21 10 9 22 14 10 12 14 23 14 23 17 20 18 24 12 10 7 23 22 22 17 15 12 24 18 16 14 19 21 23 23 13 12 23 23 23 6 12
20 23 18 18 10 20 7 9 6 20 11 19 21 10 12 23 7 12 8 10 9 19 10 22 18 22 20 8 5 22 17 10 12 14 13 12 9 9 13 15 19 8 22 22 6 22 17 7 22 6 11 12 13 24 14 25 25 19 21 6 19 6 24 20 21 25 20 25 8 20 13 13 9 25 20 15 6 14 15 13
14 10 21 21 16 7 14 15 10 11 9 23 9 23 14 16 12 12 24 11 15 13 13 21 13 8 12 22 5 19 19 5 18 16 13 14 6 22 19 21 17 13 6 20 19 5 24 14 9 25 14 14 18 25 24 12 22 13 12 8 23 19 6 12 5 8 14 14 9 25 22 6 6 13 16 5 5 22 12 13
11 24 11 14 18 19 22 7 24 21 18 22 15 5 21 20 24 23 15 22 24 7 25 22 15 9 13 5 25 12 7 10 13 19 18 13 14 13 12 23 23 5 17 8 15 25 12 19 14 7 13 20 7 12 13 16 13 11 15 8 25 5 23 25 6 14 25 14 20 15 25 21 20 13 21 17 11 10 18 18
19 20 10 14 12 13 20 19 11 22 6 25 15 24 16 20 19 24 8 25 8 24 14 21 12 21 6 20 8 11 20 10 12 9 18 8 7 15 5 25 13 11 20 24 17 19 16 15 14 12 11 8 5 9 24 6 12 16 19 7 8 24 6 8 7 18 11 11 20 12 14 24 21 25 12 19 12 15 12 16
12 16 23 13 15 13 22 22 9 18 9 12 8 20 14 6 11 17 13 9 9 13 18 13 12 16 6 24 14 7 24 7 11 23 18 9 17 9 24 11 9 18 13 7 23 17 25 20 10 9 10 12 15 17 15 7 19 11 14 13 16 22 16 15 22 11 20 5 7 20 9 22 14 17 16 10 22 10 24 25
24 10 20 11 10 12 10 24 13 9 10 22 5 16 19 5 15 13 14 13 18 23 8 20 22 7 25 17 11 21 6 20 9 25 21 18 6 21 12 20 20 18 19 6 7 19 9 7 14 8 16 25 18 23 12 17 5 16 16 24 13 23 12 25 20 11 21 5 9 14 20 16 22 16 6 8 22 10 10 11
23 10 5 14 12 18 21 20 18 15 11 11 7 24 9 19 6 17 14 8 22 16 15 13 17 16 9 24 7 22 12 8 16 22 9 16 21 17 22 23 24 14 20 19 9 19 8 24 14 22 19 22 24 21 6 12 22 21 9 16 15 15 11 10 10 20 20 7 22 22 6 17 6 9 15 8 8 18 9 24
25 16 23 23 9 15 11 17 6 22 13 6 16 5 8 11 14 9 17 25 7 23 13 17 6 11 18 23 14 19 17 21 17 24 17 8 11 17 9 12 18 6 14 18 15 18 12 5 15 9 6 7 10 24 7 17 19 20 15 5 10 12 23 23 25 15 21 20 17 13 10 24 21 9 13 16 15 6 17 8
98 102 97 92 101 95 93 95 98 93
