10
40
7 29 29 20 26 36 24 35 32 28 16 35 20 6 36 30 31 28 9 10 40 15 10 14 27 32 36 28 41 19 29 31 23 13 13 27 13 18 17 13
50 31 10 8 29 13 22 16 23 25 36 5 37 9 9 25 9 27 17 28 30 18 24 19 23 7 37 16 26 7 19 28 17 16 24 21 36 10 27 11
19 14 18 7 18 21 38 20 10 27 31 12 10 7 5 38 45 30 23 35 25 33 27 13 32 15 19 29 6 33 23 30 17 14 10 21 18 18 14 12
15 20 12 34 34 5 28 12 14 7 9 24 24 38 22 25 7 30 32 27 17 21 31 25 11 41 30 38 39 23 21 14 32 10 29 16 11 24 26 35
7 25 23 12 6 21 29 33 20 21 22 13 37 29 22 36 12 19 30 26 11 16 43 34 22 12 30 36 9 14 14 16 11 21 20 31 29 22 33 43
25 38 17 22 36 44 18 22 27 13 15 9 29 42 30 15 12 12 40 26 21 30 10 48 16 35 22 34 6 23 18 14 34 49 28 50 25 21 34 22
7 45 35 6 18 12 21 16 9 42 20 25 6 14 28 43 26 25 16 33 17 12 48 22 14 13 12 12 24 9 17 20 31 20 24 25 38 41 27 31
34 36 17 10 19 28 24 25 19 29 33 26 12 23 29 14 11 22 30 16 19 11 12 30 18 14 22 7 27 10 28 18 21 30 40 25 23 33 35 6
40 10 19 13 18 28 7 35 35 33 16 22 21 29 39 12 12 31 10 21 13 22 24 27 18 23 20 28 36 32 9 7 21 16 15 34 28 19 20 27
12 28 14 9 7 17 20 12 20 26 27 22 10 29 37 31 10 13 12 8 16 18 23 13 15 5 30 12 11 27 22 11 27 13 21 22 32 30 20 21
12 49 42 26 47 63 44 44 46 48 26 43 40 12 60 54 55 44 11 13 55 19 14 32 44 44 61 55 51 31 45 49 24 15 16 53 19 28 34 33
70 45 24 15 47 24 53 17 44 50 42 12 58 16 20 40 18 47 20 60 39 29 38 31 31 16 48 24 54 14 21 39 40 29 49 38 55 22 51 26
27 30 33 15 31 39 65 33 16 57 50 25 16 17 15 54 67 46 45 40 30 62 43 27 36 17 23 54 11 53 24 36 41 30 15 49 28 40 17 16
29 30 30 69 55 13 68 16 29 13 16 58 40 47 34 55 10 32 40 43 20 44 43 40 26 69 58 56 52 44 28 29 58 18 55 20 24 51 40 53
13 32 46 23 11 49 41 54 32 43 62 35 55 50 48 57 15 56 43 42 19 37 56 55 42 27 38 58 21 17 32 37 14 33 32 58 40 42 41 72
50 65 25 36 53 57 19 27 39 16 28 25 42 62 59 19 25 19 59 69 45 44 22 51 33 45 41 46 17 48 37 23 67 57 49 62 56 27 54 45
22 50 62 16 36 19 37 24 19 53 56 50 18 26 48 69 38 48 34 48 41 25 60 45 29 27 17 24 32 14 38 34 56 48 35 61 54 54 46 35
63 73 23 13 39 47 49 30 24 53 40 58 30 31 38 18 15 48 54 27 32 23 20 42 38 34 30 16 56 14 35 27 52 54 70 43 43 50 43 14
69 22 50 18 38 36 22 39 46 36 20 53 30 49 53 27 19 51 28 36 14 62 52 28 26 43 30 53 69 46 12 20 44 28 33 61 51 41 28 58
17 51 30 13 21 25 55 23 32 33 28 28 19 39 60 58 30 18 24 19 18 31 35 24 21 13 53 15 13 48 41 24 40 20 59 31 53 49 24 51
6 8 11 6 13 6 5 21 10 10 21 6 19 12 7 24 9 18 20 9 17 14 13 22 8 18 25 8 21 8 21 23 17 11 13 9 16 11 21 14
13 23 9 23 10 7 25 5 16 14 19 25 6 11 17 10 14 8 23 23 15 22 16 11 17 6 18 9 23 20 19 20 8 22 5 13 18 10 6 7
25 17 22 25 22 6 22 14 5 18 15 18 9 5 24 14 17 20 25 23 7 24 18 11 14 20 10 22 7 19 18 12 15 8 22 8 16 17 8 19
7 10 16 17 8 25 10 5 24 9 19 8 20 5 23 23 6 15 10 10 25 5 12 6 20 22 16 15 15 11 5 9 6 24 5 5 15 16 12 22
19 25 11 7 5 21 24 11 18 21 18 6 8 10 25 17 12 21 9 25 5 9 7 13 20 25 9 8 8 5 10 20 22 25 22 21 6 12 18 15
16 18 14 16 16 7 21 10 18 23 13 19 5 23 14 18 5 11 21 13 21 13 9 19 8 22 12 10 23 20 11 12 5 24 23 5 19 21 10 17
21 13 5 22 13 12 12 14 15 14 19 8 24 9 5 18 10 18 13 20 7 8 11 23 5 22 18 6 6 6 9 6 21 12 8 17 21 13 16 12
18 13 7 24 25 14 16 19 14 8 23 14 13 19 15 8 14 8 16 6 25 11 21 11 12 7 12 9 18 8 24 25 18 23 18 9 6 21 7 23
25 17 22 20 5 21 25 11 24 13 22 19 13 13 13 24 9 21 12 7 9 15 20 23 18 25 8 19 9 13 12 14 22 22 22 25 8 16 9 16
25 14 5 16 10 23 23 18 19 25 12 19 17 20 18 23 13 15 23 25 7 6 8 18 23 8 15 17 23 18 23 8 22 23 25 11 10 19 9 10
44 46 51 42 47 48 42 48 52 53
