10
40
15 11 26 22 50 13 19 42 34 35 26 22 15 12 25 17 12 12 24 34 23 45 16 32 35 29 49 36 11 35 19 28 31 26 38 47 28 44 35 44
47 32 45 11 39 27 43 25 17 15 43 23 16 18 45 15 21 28 30 13 37 35 20 32 23 32 46 41 36 26 30 29 46 50 35 9 17 27 43 36
41 22 36 46 16 17 27 26 25 39 36 36 27 26 41 38 11 13 39 40 41 9 30 49 10 40 43 31 38 43 10 37 15 19 28 15 28 36 26 16
40 41 23 33 20 9 36 19 22 23 31 15 21 33 17 40 10 21 42 45 26 14 24 26 13 35 9 15 23 44 25 16 33 41 24 25 46 10 19 33
28 11 41 39 48 38 32 17 45 28 10 32 38 12 25 39 28 20 30 15 33 33 41 28 20 33 44 20 15 38 9 15 38 29 23 47 37 33 45 37
17 36 32 37 21 19 38 40 40 19 33 17 12 21 11 13 37 21 40 36 22 39 35 26 12 36 28 42 13 40 11 45 23 19 33 11 28 41 16 27
23 18 12 34 21 44 49 11 38 40 41 21 38 36 26 15 18 15 34 36 38 31 45 30 29 31 37 46 27 19 16 47 31 29 10 33 31 10 33 27
10 34 15 33 22 25 35 38 42 43 34 47 43 37 32 49 47 39 39 14 14 43 20 22 22 40 46 39 14 32 28 31 15 28 23 19 13 19 22 13
20 25 27 47 28 39 44 15 26 46 11 17 23 22 26 46 26 36 28 22 45 19 18 30 19 14 25 43 42 20 18 46 42 44 35 11 29 24 30 37
33 48 44 44 38 44 46 10 32 45 42 44 42 24 9 39 28 34 18 20 38 13 44 10 33 16 48 47 39 17 47 33 9 9 19 14 30 36 13 50
16 11 31 24 52 13 22 48 39 39 29 23 17 13 26 18 13 13 27 38 26 52 16 35 40 33 50 39 12 38 21 31 37 28 44 50 31 51 37 49
51 35 48 12 40 30 50 28 17 16 47 27 18 20 51 18 24 30 33 13 39 40 22 36 25 34 47 42 41 31 36 30 50 51 39 12 19 29 45 38
47 25 39 47 17 19 32 30 28 44 42 40 30 30 41 41 13 16 41 45 49 10 33 55 11 42 50 35 47 51 11 40 18 19 29 16 32 39 27 18
41 45 27 39 22 10 41 22 25 24 33 16 22 35 18 44 12 22 46 54 27 16 27 29 15 39 12 17 26 49 28 18 35 48 26 27 49 11 23 37
35 12 45 44 48 39 32 17 47 29 12 34 42 15 28 44 28 24 35 15 36 38 46 33 22 36 49 22 17 39 12 16 44 34 26 51 37 35 53 43
18 44 33 41 24 24 41 45 43 23 38 18 15 25 12 14 39 25 44 44 25 44 39 29 13 43 34 48 16 42 14 51 24 19 36 11 31 46 18 29
28 21 14 34 23 52 50 12 39 45 44 25 39 42 29 15 22 18 38 41 41 35 46 32 33 31 40 53 30 21 18 48 34 34 11 36 34 11 37 30
13 37 16 36 26 28 40 41 46 47 36 51 49 41 35 50 50 47 44 16 16 48 24 22 23 48 48 41 16 33 28 32 17 32 27 20 16 20 22 14
23 25 31 48 31 41 50 15 30 48 11 18 25 23 30 50 28 39 30 22 52 22 20 34 21 17 25 48 42 22 20 50 50 49 41 14 34 26 36 40
36 51 48 50 38 53 50 10 35 50 47 48 42 26 11 46 31 34 20 24 43 15 49 12 34 18 52 50 42 18 51 37 11 11 21 15 33 38 15 54
16 8 18 15 13 18 20 13 15 5 20 23 16 22 25 15 20 18 18 17 11 24 6 18 15 18 16 6 13 22 25 19 15 5 10 8 21 10 8 25
24 14 12 21 7 19 6 6 9 5 20 21 14 20 21 24 16 11 16 16 25 20 21 15 8 13 8 11 10 19 17 9 8 18 17 6 18 8 18 25
17 6 24 15 22 25 18 10 17 19 10 13 19 12 19 16 6 14 21 6 17 11 14 8 9 23 5 9 17 6 16 22 21 19 12 25 7 11 11 8
6 23 5 7 25 21 20 24 18 23 6 19 11 5 16 22 5 5 17 21 7 20 24 7 18 12 16 15 21 24 21 9 8 14 12 10 25 16 8 20
5 23 5 15 22 12 6 12 7 14 16 11 13 7 8 17 20 6 11 11 6 18 11 8 5 18 8 13 17 24 17 8 11 12 9 23 11 13 12 25
5 8 12 13 9 17 7 23 15 15 19 25 5 22 14 18 14 7 16 10 19 18 23 14 11 18 11 10 19 22 10 23 5 18 23 21 12 9 20 22
9 20 9 22 18 14 8 14 8 10 7 16 22 5 12 22 17 19 14 7 21 23 20 14 9 5 11 10 10 18 15 9 22 17 15 14 16 24 18 15
18 24 18 6 14 24 14 21 18 5 6 5 10 9 9 6 14 24 6 18 10 5 6 24 10 11 18 13 11 11 13 18 9 15 10 18 20 21 7 18
20 20 20 18 15 9 11 7 15 17 25 21 15 5 14 25 8 20 5 13 9 10 10 23 25 5 12 8 21 18 14 25 24 13 17 16 21 21 7 8
22 20 7 18 23 25 25 12 5 12 11 7 14 25 13 10 23 5 20 20 12 5 24 11 8 10 24 18 6 12 22 21 22 20 23 10 9 19 10 7
50 47 46 48 40 48 46 42 48 48
