10
40
10 40 37 24 38 38 31 37 37 36 21 39 25 11 36 39 35 31 11 12 43 17 14 23 28 36 43 40 45 27 43 33 22 13 12 36 16 18 31 20
47 28 17 9 33 21 38 15 39 35 42 10 43 13 17 32 13 37 16 39 27 23 26 26 24 13 35 19 36 11 21 27 34 22 36 25 40 16 40 17
23 22 28 9 22 30 47 24 16 46 32 18 15 15 9 49 48 31 38 34 25 43 30 20 31 14 18 48 9 39 23 29 33 24 11 38 19 32 16 15
18 22 22 45 39 9 46 10 25 10 12 40 29 39 27 39 9 28 33 30 16 30 31 28 18 43 42 47 44 29 21 26 37 15 40 16 22 40 34 39
11 28 28 17 9 30 32 45 31 31 43 24 46 36 32 43 12 34 32 30 15 25 46 45 40 19 28 38 14 13 22 24 10 21 29 47 38 34 30 46
37 48 21 29 41 44 18 25 34 12 19 17 30 47 46 16 23 13 40 48 35 37 17 45 20 43 29 36 11 39 33 16 47 47 38 45 43 24 49 30
14 47 46 9 30 16 32 18 16 41 38 49 11 16 40 42 29 31 25 35 30 22 45 37 23 25 14 15 28 9 33 25 42 36 24 49 34 40 30 35
42 45 16 11 24 37 41 28 19 37 35 36 22 25 29 14 9 36 36 22 29 15 16 33 32 26 27 12 45 12 31 25 40 36 49 26 27 40 39 9
43 18 37 11 31 27 14 37 38 33 15 39 30 37 47 21 19 37 18 27 13 42 38 28 20 33 26 38 48 42 9 13 34 24 22 39 45 39 18 39
13 38 26 10 14 16 37 20 20 32 27 24 13 31 39 38 20 13 17 15 16 27 24 15 21 11 40 11 12 38 27 17 27 14 40 28 34 37 18 39
12 47 40 26 39 46 31 42 39 41 24 43 29 13 42 44 39 36 11 13 49 18 14 26 35 42 50 42 47 30 45 36 26 15 14 39 18 20 35 25
53 34 17 11 37 22 41 17 46 36 45 11 49 13 20 36 13 38 18 46 31 26 29 29 26 14 38 21 40 12 21 32 37 24 38 27 43 17 44 19
27 25 28 10 24 35 48 27 17 52 35 18 16 16 10 54 49 34 46 41 27 45 35 24 35 15 22 48 11 40 24 30 36 27 11 44 23 34 17 15
21 24 26 51 44 10 49 12 26 12 13 45 32 43 30 41 10 30 36 34 18 35 35 33 20 47 47 52 48 31 22 27 45 16 42 16 23 45 40 47
12 29 35 20 11 35 35 49 31 34 48 27 50 39 33 50 13 41 38 31 15 30 48 45 44 20 34 44 15 15 27 25 13 25 30 51 39 38 34 50
39 49 25 31 44 46 18 25 35 13 22 19 33 51 50 19 24 16 43 49 37 39 19 55 22 46 31 43 12 42 33 16 51 55 40 50 49 27 51 37
16 51 53 12 36 16 38 18 16 47 41 51 13 19 44 48 33 33 29 41 32 24 53 42 25 27 14 17 34 12 38 27 47 44 29 52 40 41 34 35
44 52 18 12 26 41 48 29 22 43 39 45 27 28 31 16 12 38 40 24 31 16 16 39 36 28 29 14 48 13 33 26 45 37 52 31 33 46 46 11
50 22 41 13 35 32 16 40 42 37 17 43 30 38 51 22 20 40 23 30 14 44 43 29 21 36 30 38 48 45 11 14 34 26 23 45 47 39 20 47
13 41 29 11 14 18 38 23 22 33 29 26 15 34 45 42 20 15 20 17 18 27 24 18 21 11 45 12 13 41 31 19 32 17 43 29 38 38 21 42
6 8 11 6 13 6 5 21 10 10 21 6 19 12 7 24 9 18 20 9 17 14 13 22 8 18 25 8 21 8 21 23 17 11 13 9 16 11 21 14
13 23 9 23 10 7 25 5 16 14 19 25 6 11 17 10 14 8 23 23 15 22 16 11 17 6 18 9 23 20 19 20 8 22 5 13 18 10 6 7
25 17 22 25 22 6 22 14 5 18 15 18 9 5 24 14 17 20 25 23 7 24 18 11 14 20 10 22 7 19 18 12 15 8 22 8 16 17 8 19
7 10 16 17 8 25 10 5 24 9 19 8 20 5 23 23 6 15 10 10 25 5 12 6 20 22 16 15 15 11 5 9 6 24 5 5 15 16 12 22
19 25 11 7 5 21 24 11 18 21 18 6 8 10 25 17 12 21 9 25 5 9 7 13 20 25 9 8 8 5 10 20 22 25 22 21 6 12 18 15
16 18 14 16 16 7 21 10 18 23 13 19 5 23 14 18 5 11 21 13 21 13 9 19 8 22 12 10 23 20 11 12 5 24 23 5 19 21 10 17
21 13 5 22 13 12 12 14 15 14 19 8 24 9 5 18 10 18 13 20 7 8 11 23 5 22 18 6 6 6 9 6 21 12 8 17 21 13 16 12
18 13 7 24 25 14 16 19 14 8 23 14 13 19 15 8 14 8 16 6 25 11 21 11 12 7 12 9 18 8 24 25 18 23 18 9 6 21 7 23
25 17 22 20 5 21 25 11 24 13 22 19 13 13 13 24 9 21 12 7 9 15 20 23 18 25 8 19 9 13 12 14 22 22 22 25 8 16 9 16
25 14 5 16 10 23 23 18 19 25 12 19 17 20 18 23 13 15 23 25 7 6 8 18 23 8 15 17 23 18 23 8 22 23 25 11 10 19 9 10
44 46 51 42 47 48 42 48 52 53
