10
40
20 27 36 42 35 44 22 28 20 38 21 38 39 37 18 33 45 42 41 23 10 33 38 32 28 34 40 47 43 17 34 18 39 36 18 12 19 24 41 31
39 17 12 10 9 41 43 14 43 13 41 46 35 14 12 35 11 33 22 14 10 42 44 22 21 12 28 30 28 41 31 16 32 36 50 43 27 19 16 18
29 12 45 38 40 38 38 44 10 24 18 19 41 11 39 39 26 23 10 24 30 33 38 43 30 10 40 28 43 13 31 14 35 14 19 45 17 17 45 16
33 32 36 37 40 10 34 47 15 45 36 33 9 50 31 43 22 36 25 24 34 40 27 37 43 30 25 30 44 11 10 32 38 27 33 42 27 33 18 25
29 41 32 23 37 32 43 44 21 47 9 14 22 27 11 42 26 9 17 11 13 14 45 10 25 44 30 21 9 14 44 41 21 18 24 17 11 35 25 29
33 17 20 15 48 33 29 10 37 37 36 30 29 12 40 40 15 22 44 34 30 24 12 40 13 30 37 17 22 12 27 27 31 36 9 11 29 29 32 12
32 32 26 33 12 39 45 14 29 35 17 28 44 10 24 48 27 13 37 45 35 9 41 19 43 12 25 34 40 48 9 27 10 42 17 27 43 14 19 14
39 27 19 32 44 47 42 17 24 16 40 41 39 30 15 46 14 45 9 27 28 16 16 22 27 30 11 43 36 16 36 16 43 40 17 33 46 39 13 18
14 30 40 23 27 16 43 12 9 39 29 29 41 12 30 18 28 15 19 12 14 33 30 37 46 20 29 26 25 39 35 12 23 22 31 13 25 43 23 41
37 19 18 30 18 15 44 26 23 41 38 46 32 10 35 9 29 17 10 47 20 28 28 32 48 33 37 44 34 15 29 12 30 25 26 25 29 19 29 28
23 31 39 44 37 46 25 30 20 40 24 46 43 39 18 40 48 45 49 24 11 39 41 37 32 36 45 54 50 20 37 21 42 39 19 13 20 26 42 32
42 20 13 13 12 43 47 14 47 15 50 50 38 16 13 41 12 36 22 16 13 47 49 25 24 12 31 37 31 44 34 19 35 38 50 47 29 22 18 21
34 13 50 42 44 41 41 50 10 27 19 20 43 13 41 41 27 26 10 26 32 34 42 44 36 12 44 29 44 14 34 16 39 17 24 46 20 19 48 18
36 35 44 39 43 12 34 50 16 52 40 35 11 53 36 49 24 41 26 27 37 45 30 38 47 35 27 34 44 12 11 33 42 30 34 47 28 35 21 28
31 42 37 27 40 36 47 52 22 48 12 15 23 29 12 48 31 12 19 11 16 17 49 13 28 48 36 23 10 15 51 44 24 20 24 18 14 42 26 36
38 18 24 16 51 37 34 10 44 40 43 37 31 13 44 45 16 25 50 40 33 27 13 42 16 30 39 20 24 12 33 29 33 37 11 14 32 32 35 14
37 33 30 36 13 46 51 15 33 40 19 31 51 11 24 49 27 14 37 52 35 11 47 22 45 15 29 36 45 52 11 29 11 45 19 31 45 15 20 16
43 30 21 37 49 51 48 17 26 17 45 44 42 36 18 48 17 46 10 33 29 17 16 26 31 33 12 44 38 16 36 18 48 43 18 35 53 45 14 20
14 33 45 25 34 17 49 15 12 45 34 30 46 14 32 19 32 17 22 15 14 39 36 39 49 22 33 29 27 42 39 13 28 25 36 15 27 45 25 44
45 21 22 32 19 16 47 27 24 46 38 53 36 10 39 10 33 18 12 49 24 31 33 39 48 35 42 47 40 18 29 14 33 27 30 27 33 22 29 30
19 19 8 13 7 13 15 5 25 17 6 17 9 18 25 7 16 25 10 5 21 16 25 6 16 21 18 20 11 5 6 12 8 12 15 24 10 9 22 22
14 7 7 17 10 7 16 10 14 11 8 17 24 13 12 23 14 20 17 5 19 19 22 14 11 12 19 20 19 16 18 8 13 11 11 7 18 14 14 14
17 8 17 6 24 14 8 9 11 13 19 13 24 11 12 5 13 24 23 8 24 23 25 9 17 16 23 22 13 17 8 12 16 17 11 23 5 14 20 18
10 22 20 14 7 8 11 10 15 25 16 17 5 10 10 7 13 21 12 11 15 25 14 18 21 8 15 13 10 22 16 25 7 23 25 23 24 25 16 14
11 22 14 14 5 13 9 8 7 17 16 10 17 18 11 7 15 7 15 6 17 14 17 24 18 21 23 13 5 5 11 21 16 13 18 9 20 15 25 19
23 25 19 14 8 9 9 16 20 8 7 14 19 21 5 13 9 14 9 23 20 10 8 19 18 11 16 14 20 10 23 5 15 18 9 20 16 22 22 24
13 16 12 7 7 25 13 11 9 11 9 6 13 6 24 18 23 16 23 21 15 7 16 17 21 21 23 25 22 9 8 8 6 8 17 19 7 16 15 18
21 11 9 24 25 14 20 6 11 20 17 24 9 22 5 25 9 8 21 7 5 18 15 11 11 13 15 25 24 19 16 12 21 6 25 14 12 5 8 16
21 7 6 18 24 25 18 20 8 8 12 8 23 25 16 12 13 10 6 18 14 8 25 18 6 19 18 19 8 23 24 18 6 14 23 19 17 15 24 14
20 19 11 10 23 17 8 17 13 10 17 18 15 11 16 17 6 21 16 21 23 19 7 7 19 6 7 24 21 5 24 22 24 8 18 14 15 15 19 7
46 45 48 49 45 48 46 47 50 48
