10
40
38 37 18 26 22 27 39 37 19 42 12 46 26 47 31 37 36 47 15 47 14 48 28 40 21 36 11 40 15 21 36 18 24 17 34 14 13 29 10 44
26 21 38 48 33 37 29 27 27 21 22 14 11 17 47 11 25 31 34 12 14 49 12 14 13 35 20 19 40 21 26 45 41 44 22 35 23 27 22 30
23 31 43 26 27 25 43 40 18 33 18 22 17 38 28 10 21 31 24 17 17 25 36 23 20 28 13 43 28 13 43 15 20 40 35 17 32 17 44 18
17 32 26 13 41 32 44 39 19 17 21 22 29 30 27 14 37 23 25 24 31 43 32 27 44 21 38 11 13 38 17 39 28 31 27 19 41 18 47 46
43 19 36 23 20 23 17 45 25 17 20 41 10 29 33 10 29 23 28 25 35 41 14 36 43 14 45 30 19 41 10 37 18 45 40 34 12 38 22 36
37 32 33 12 12 33 17 12 29 14 27 46 34 45 22 33 11 31 32 46 23 43 24 45 37 19 37 11 16 27 37 31 39 29 10 14 43 20 18 21
42 18 10 26 23 33 40 38 32 28 23 19 13 43 15 37 13 30 24 14 39 27 29 25 35 33 17 45 14 41 22 14 29 42 18 31 38 31 42 42
46 25 38 38 15 35 14 43 28 40 36 41 42 37 13 22 43 40 16 31 27 28 22 20 20 40 39 14 41 42 11 34 12 18 27 17 16 31 18 44
45 32 42 42 17 30 19 32 11 43 23 10 30 11 16 20 27 18 32 48 15 46 23 30 12 21 36 45 28 34 33 42 30 42 33 16 20 29 17 21
36 12 25 36 29 35 23 10 29 17 12 12 18 43 15 31 35 39 28 11 20 22 46 42 45 28 39 37 34 23 20 47 42 17 23 31 29 13 32 15
39 41 21 28 24 29 42 40 22 43 13 51 30 50 34 42 37 51 17 52 17 52 29 42 25 45 13 41 17 21 42 21 25 20 37 16 15 29 11 51
28 23 44 48 37 38 34 34 30 25 22 17 11 19 51 13 27 33 41 15 16 49 14 17 15 36 22 23 44 25 28 53 46 50 25 40 24 33 24 36
27 32 47 28 31 29 45 43 20 38 19 24 18 40 29 12 24 36 26 18 20 27 37 27 23 31 14 48 30 15 51 15 23 47 37 19 37 19 49 23
20 36 28 16 46 38 51 42 20 18 22 27 30 37 33 14 42 23 29 25 32 44 34 30 47 25 39 11 14 44 20 44 31 34 32 23 46 21 49 50
47 19 42 24 23 24 19 51 27 19 21 46 11 34 40 10 31 26 28 26 38 45 17 44 44 15 53 36 21 43 12 44 18 51 43 39 12 41 26 43
43 36 38 14 14 37 17 14 29 16 34 53 38 47 25 36 11 32 34 48 28 49 27 51 45 22 42 11 18 30 43 33 44 33 13 15 45 22 20 24
45 20 11 28 25 37 46 45 36 34 24 23 16 48 17 39 13 36 28 16 45 33 33 25 35 34 20 49 14 45 25 17 35 47 19 33 42 36 45 50
47 30 40 38 17 39 17 50 30 44 41 46 48 43 13 24 44 42 18 32 31 34 23 21 21 42 42 14 45 46 12 37 13 20 31 17 18 36 18 51
52 36 48 48 18 32 22 37 13 46 27 13 33 11 17 22 30 19 37 52 16 48 28 34 14 24 38 50 30 38 35 46 37 50 37 17 22 34 19 26
39 12 30 38 32 37 24 11 34 19 13 15 19 50 15 34 40 39 34 12 22 27 50 48 52 33 42 40 35 25 21 51 45 18 27 36 32 14 37 18
15 13 16 8 20 11 10 21 24 6 5 23 13 13 23 17 5 10 24 20 7 22 16 18 10 8 24 14 20 12 15 24 14 23 17 16 20 6 16 23
11 9 24 12 15 23 8 13 23 7 18 18 23 15 19 22 11 24 8 14 9 15 21 18 21 11 17 5 15 16 5 21 24 6 8 9 16 9 25 21
7 16 20 25 22 16 11 25 16 21 14 5 10 16 11 18 20 21 9 10 12 8 13 25 14 22 16 13 19 6 12 22 14 11 15 12 11 16 11 25
6 21 10 9 22 14 10 12 14 23 14 23 17 20 18 24 12 10 7 23 22 22 17 15 12 24 18 16 14 19 21 23 23 13 12 23 23 23 6 12
20 23 18 18 10 20 7 9 6 20 11 19 21 10 12 23 7 12 8 10 9 19 10 22 18 22 20 8 5 22 17 10 12 14 13 12 9 9 13 15
19 8 22 22 6 22 17 7 22 6 11 12 13 24 14 25 25 19 21 6 19 6 24 20 21 25 20 25 8 20 13 13 9 25 20 15 6 14 15 13
14 10 21 21 16 7 14 15 10 11 9 23 9 23 14 16 12 12 24 11 15 13 13 21 13 8 12 22 5 19 19 5 18 16 13 14 6 22 19 21
17 13 6 20 19 5 24 14 9 25 14 14 18 25 24 12 22 13 12 8 23 19 6 12 5 8 14 14 9 25 22 6 6 13 16 5 5 22 12 13
11 24 11 14 18 19 22 7 24 21 18 22 15 5 21 20 24 23 15 22 24 7 25 22 15 9 13 5 25 12 7 10 13 19 18 13 14 13 12 23
23 5 17 8 15 25 12 19 14 7 13 20 7 12 13 16 13 11 15 8 25 5 23 25 6 14 25 14 20 15 25 21 20 13 21 17 11 10 18 18
49 48 48 53 45 52 46 45 52 49
