10
80
38 35 12 22 12 19 21 10 43 29 12 33 17 33 44 15 29 49 18 8 39 30 39 10 30 33 26 35 18 11 11 25 14 22 28 40 17 15 43 43 22 13 13 29 17 11 30 20 25 22 14 24 47 25 19 40 22 40 27 8 28 36 38 21 20 19 29 30 32 31 27 12 21 17 22 15 31 21 21 29
31 14 33 10 40 23 12 12 17 25 38 22 43 20 22 9 26 40 44 14 40 42 42 14 31 24 35 33 26 28 15 18 28 27 19 41 10 27 32 35 16 40 38 25 12 15 21 15 27 42 32 33 9 19 16 13 20 41 20 18 26 37 22 30 38 17 22 20 20 37 26 41 12 34 38 38 43 40 30 20
16 42 28 25 9 23 18 13 11 33 24 19 26 28 22 12 23 13 26 10 30 23 25 45 30 41 37 22 9 11 16 38 24 21 28 14 32 30 47 29 37 40 29 21 15 14 19 33 34 16 12 22 38 33 8 24 18 22 15 34 34 19 12 38 32 17 32 27 34 17 42 10 24 31 13 33 27 35 39 46
22 31 18 12 14 37 24 20 14 19 16 10 22 10 38 36 35 23 33 42 26 11 30 33 42 39 38 47 38 14 13 13 12 14 27 37 11 28 24 31 35 18 18 38 45 23 39 12 17 36 28 41 17 41 9 39 14 12 38 10 10 35 28 15 22 25 27 47 46 34 26 23 40 10 46 23 20 10 15 27
36 12 9 26 40 37 29 33 15 15 18 12 34 47 31 19 24 16 10 36 21 15 47 33 8 30 31 35 15 45 40 28 11 27 46 34 33 29 37 25 30 28 16 15 44 31 13 30 21 15 27 26 24 15 27 26 11 34 25 31 38 36 14 11 27 9 12 36 32 8 35 34 39 14 32 24 29 30 34 14
20 23 28 34 34 33 24 23 16 32 17 37 40 33 18 27 34 34 40 19 9 27 37 33 26 30 35 37 38 17 34 16 37 39 15 10 18 21 35 28 37 18 9 9 8 31 46 10 34 13 44 46 33 15 12 38 9 32 21 12 12 38 37 23 17 10 28 25 29 41 28 18 30 37 37 35 24 20 15 16
28 11 37 40 34 35 36 44 7 22 16 15 35 11 39 36 19 23 8 22 22 29 36 39 27 10 37 21 36 14 24 15 33 14 20 39 14 17 36 16 25 28 38 37 39 10 33 45 13 44 33 29 9 37 32 42 18 34 23 23 27 41 28 28 41 31 26 29 37 10 9 24 37 24 29 37 24 31 17 27
26 41 28 23 39 31 34 43 20 47 10 13 21 21 11 44 28 8 17 10 13 13 37 12 24 41 26 23 7 10 44 42 16 19 21 12 12 30 23 30 27 15 22 11 48 33 30 10 32 32 37 28 28 12 30 35 15 21 46 28 26 23 11 33 11 29 31 16 24 11 30 20 28 30 8 10 30 27 24 13
34 27 24 26 12 34 41 15 30 35 16 28 37 10 20 48 23 10 32 40 27 8 41 17 37 13 25 29 33 39 10 24 10 43 16 27 43 15 15 13 40 28 15 31 45 43 41 14 20 14 39 33 33 30 13 39 14 42 10 26 23 16 15 18 22 24 9 34 33 16 32 12 41 36 16 29 37 38 12 19
11 30 40 19 24 13 42 12 10 33 27 27 37 14 26 17 23 17 20 13 10 32 24 31 42 21 30 20 26 32 34 12 23 25 32 12 18 40 20 43 36 17 18 30 17 12 33 26 22 40 29 38 31 10 35 9 26 18 10 39 23 23 32 31 46 27 35 37 30 13 25 11 25 24 22 23 33 17 22 23
40 38 19 31 15 27 33 11 56 39 12 40 21 40 60 18 38 53 25 11 44 40 53 13 35 49 38 45 23 11 15 25 18 27 29 55 21 21 55 51 27 17 16 38 21 16 33 22 30 27 18 34 56 27 29 56 28 48 35 10 43 40 55 30 23 23 44 41 46 37 36 18 33 24 26 16 45 33 35 34
37 16 38 13 56 33 19 20 26 30 43 31 58 25 30 13 30 51 57 17 48 54 50 19 37 35 50 52 28 41 17 25 40 38 23 53 13 33 47 43 22 48 41 35 16 18 24 25 30 54 38 42 12 24 25 16 32 44 24 26 35 61 30 43 51 18 36 32 26 43 36 58 18 51 51 51 53 59 40 27
22 53 31 34 12 33 23 18 16 41 39 24 37 42 24 14 36 15 34 16 40 29 40 57 39 42 47 29 10 11 25 45 34 27 37 22 42 30 51 37 53 55 44 31 18 20 22 35 40 18 16 33 48 48 13 30 22 32 23 45 50 24 18 43 43 22 38 28 44 23 51 10 34 43 18 42 34 45 47 50
29 33 25 17 17 60 30 23 20 22 20 14 31 15 47 42 49 33 48 44 34 16 33 36 52 47 48 51 44 21 17 16 14 18 35 43 17 37 35 36 47 26 21 60 57 30 49 12 23 41 39 49 20 51 12 59 18 20 42 16 12 40 34 21 23 25 32 52 49 41 35 25 50 14 53 32 26 12 17 34
43 18 12 43 58 53 37 47 19 18 25 17 46 54 35 29 26 21 15 45 31 18 57 37 11 39 41 45 20 54 55 38 13 30 54 38 34 32 58 33 43 46 25 21 50 40 20 40 32 23 38 39 31 26 40 41 15 51 38 49 46 38 17 18 43 13 14 54 47 11 54 48 53 20 46 31 31 35 39 17
23 32 36 47 37 48 30 35 20 45 27 47 50 46 20 45 47 49 52 28 12 38 45 36 33 36 44 52 46 20 46 24 45 39 20 14 23 30 51 32 44 19 13 14 13 44 53 16 46 16 52 54 42 18 16 44 14 36 23 18 14 54 49 27 23 15 29 39 30 43 35 20 34 45 62 47 34 23 18 21
38 12 50 43 41 39 41 50 12 29 21 20 45 16 41 43 28 29 12 29 32 42 46 49 42 12 52 34 45 14 32 16 38 19 26 56 20 23 51 20 33 36 48 43 47 14 36 51 17 48 46 33 11 54 37 49 28 51 30 29 43 45 29 44 49 40 29 39 53 15 10 33 46 30 41 55 30 35 25 32
34 46 42 32 43 39 46 48 24 56 13 14 22 30 14 53 35 13 21 12 15 20 49 15 32 52 38 27 12 14 50 43 23 24 30 21 14 40 30 41 42 21 22 15 48 40 33 12 50 41 46 42 30 13 49 56 20 30 50 43 35 26 12 47 18 34 37 19 26 15 34 27 39 36 11 13 36 39 37 16
40 33 29 37 15 50 51 18 31 48 22 33 56 10 30 58 33 13 46 50 35 11 44 23 54 14 29 37 46 49 11 31 11 46 23 34 48 18 21 18 45 32 21 41 53 53 55 21 31 18 46 45 43 34 19 55 18 50 12 32 29 17 19 25 35 34 13 55 44 20 40 18 51 49 21 39 51 52 16 25
16 38 49 24 35 16 46 17 11 41 35 31 49 14 37 20 32 21 23 15 15 44 39 42 49 22 36 31 31 44 37 15 29 30 41 16 27 50 28 51 41 24 22 34 21 16 53 32 27 53 44 56 42 11 46 12 37 20 11 49 23 36 40 39 57 39 43 48 40 18 36 14 34 26 33 27 40 23 29 35
9 9 14 24 11 16 8 19 20 14 14 11 14 24 5 12 11 15 13 10 17 9 13 20 24 13 8 18 8 24 5 10 16 14 23 7 24 9 12 18 20 25 22 23 24 14 17 22 19 20 10 15 13 6 24 5 15 7 7 12 17 18 20 11 20 12 10 8 23 9 17 9 5 24 14 23 7 24 25 15
9 9 11 13 12 25 16 16 19 20 23 10 18 14 20 20 17 7 22 22 9 5 7 23 23 18 19 12 22 9 19 13 9 5 14 22 13 17 22 14 8 13 14 14 5 14 22 7 22 14 10 23 22 18 18 12 15 5 11 12 17 21 21 21 20 18 6 17 12 10 14 21 16 21 9 25 8 13 7 7
25 21 16 9 11 19 6 10 22 16 11 6 21 15 15 20 19 9 19 17 19 22 17 23 8 6 23 5 12 14 5 14 12 23 24 20 10 10 17 14 19 9 5 19 18 25 12 17 23 12 11 21 23 20 16 24 10 8 15 23 19 14 9 5 7 10 25 14 23 7 22 18 18 18 8 14 7 10 11 19
22 12 7 9 8 24 7 12 21 12 10 20 7 22 21 18 8 24 16 14 12 14 18 21 6 25 18 19 5 5 15 13 22 24 19 24 14 5 11 17 16 17 24 6 11 14 7 9 11 13 24 22 17 8 7 21 9 24 21 21 5 16 14 9 7 15 23 8 18 6 13 5 8 13 12 9 23 23 22 20
7 23 16 22 11 18 23 19 6 20 8 9 16 15 5 18 18 25 22 6 13 21 7 10 7 22 21 18 6 7 23 11 25 6 11 17 7 21 18 15 16 11 20 15 23 12 11 10 9 21 5 24 8 13 12 22 18 15 22 25 7 23 17 5 5 9 11 16 10 8 17 13 9 25 17 8 5 24 20 19
14 5 11 7 9 19 14 15 20 17 12 21 25 10 16 5 12 6 5 25 5 22 6 17 17 20 13 23 24 19 6 19 20 10 21 6 17 5 24 24 12 21 15 20 14 6 19 17 21 7 9 12 13 14 23 11 25 7 24 12 9 20 14 5 11 20 22 8 9 12 20 23 7 15 22 17 6 18 9 25
24 10 24 9 7 9 7 23 13 9 12 12 13 18 8 15 10 6 9 25 21 7 5 10 16 16 7 6 11 21 19 18 9 25 17 6 21 24 6 19 21 19 8 19 23 16 25 5 12 17 24 7 22 13 13 25 24 11 15 7 13 25 25 24 24 13 24 15 24 22 13 8 22 19 7 10 19 8 22 16
11 8 14 10 19 22 18 24 14 23 13 17 12 10 8 12 8 8 23 11 19 23 9 21 7 6 11 5 22 22 7 8 18 10 12 5 16 16 24 10 25 21 18 15 25 7 22 15 21 13 23 8 8 16 20 9 25 7 8 25 6 11 14 22 17 20 18 10 10 10 20 5 10 6 8 23 5 20 19 24
15 24 14 23 9 22 17 25 15 20 13 9 23 6 21 21 11 10 18 22 19 12 21 12 24 15 14 23 23 21 23 11 21 6 18 12 16 11 20 22 19 13 5 23 20 7 11 10 19 23 24 17 12 18 8 16 10 11 7 17 23 15 21 15 5 19 18 16 16 6 12 15 12 8 12 7 21 23 18 14
14 9 14 15 19 15 11 21 15 11 9 12 7 20 8 8 11 9 6 12 18 24 6 22 6 17 7 10 5 16 20 19 7 17 14 19 23 25 24 16 17 22 5 12 14 23 6 10 18 19 23 25 22 6 20 19 8 22 10 18 11 20 18 14 7 19 13 7 25 18 5 7 14 21 8 5 19 21 21 18
95 96 97 93 93 94 98 93 101 93
