10
80
12 35 34 6 23 13 17 14 29 31 15 20 17 10 33 43 40 34 28 19 15 26 37 12 18 17 31 18 19 30 11 29 10 21 16 31 15 7 21 17 31 36 25 30 34 23 12 32 30 14 14 29 16 30 27 28 21 36 13 21 12 29 22 20 13 21 21 39 16 19 8 16 39 8 23 23 16 30 27 26
23 43 25 24 9 30 14 30 27 9 16 43 39 17 36 10 38 25 15 36 7 28 9 12 21 21 29 27 19 29 13 17 20 9 13 28 14 7 30 20 17 24 19 20 29 25 16 40 18 19 31 34 19 21 25 22 27 41 39 6 29 12 17 20 22 39 10 21 20 7 7 11 7 20 9 24 6 41 42 27
21 32 9 17 17 23 29 35 32 37 8 25 22 37 15 12 22 35 33 27 45 23 16 17 37 25 16 24 10 13 37 9 38 9 9 35 23 30 11 24 20 6 37 31 19 5 16 17 9 10 35 11 12 25 35 20 13 17 24 18 14 33 22 12 33 16 36 39 36 12 17 10 13 15 21 21 15 28 23 25
32 29 29 24 31 33 27 10 24 25 40 31 25 9 33 15 24 30 17 34 9 23 12 25 17 42 49 33 36 11 33 30 32 12 21 14 18 14 33 33 10 33 33 16 35 25 25 23 21 14 27 27 20 23 17 24 29 36 36 16 15 12 13 26 24 17 21 21 6 12 22 12 11 39 8 18 18 17 10 37
22 10 48 30 32 8 27 19 18 17 14 44 30 30 23 50 37 21 23 22 12 16 28 31 21 36 48 28 10 35 21 22 24 7 27 37 18 11 10 19 30 26 14 13 14 42 34 26 6 41 37 30 19 24 35 11 20 38 15 18 12 12 29 37 12 26 14 16 33 8 39 29 33 13 46 7 28 9 23 34
10 5 23 7 24 20 36 17 21 34 16 18 14 33 46 37 28 27 23 24 11 39 14 21 26 25 38 6 23 14 26 8 12 28 28 22 8 26 21 27 22 44 30 18 45 34 36 47 41 19 11 26 44 22 13 18 23 22 20 23 29 12 28 15 30 23 28 24 21 10 11 49 11 35 31 27 11 27 19 26
12 15 18 32 26 16 28 15 19 15 21 8 33 23 37 23 11 29 19 32 20 30 20 22 33 12 12 26 15 14 17 8 21 29 21 28 21 23 19 50 35 19 19 16 25 17 18 25 28 9 28 8 30 32 9 37 27 50 21 26 31 25 23 20 19 22 35 22 35 29 33 31 13 14 28 10 16 31 25 21
34 25 29 31 20 28 26 32 10 13 9 40 18 28 28 30 18 19 31 29 35 24 19 43 45 15 26 35 25 39 19 7 11 43 5 31 27 16 12 23 14 32 24 17 35 29 13 25 9 29 28 33 19 44 19 28 18 7 18 6 33 15 31 24 18 12 13 38 29 15 14 13 27 40 18 10 6 11 14 44
11 25 6 26 20 16 23 25 17 37 33 17 12 33 26 9 26 6 30 23 14 25 27 17 12 11 12 30 13 29 42 12 21 15 11 29 40 35 14 35 15 30 21 23 22 33 30 7 25 12 20 25 12 21 7 17 8 28 32 20 11 17 25 11 11 42 32 32 17 28 25 10 43 31 8 22 29 13 10 18
9 10 33 22 12 40 10 11 9 19 17 18 39 17 20 35 22 19 25 18 10 16 24 20 15 15 10 17 19 6 10 32 20 18 7 25 12 11 23 25 23 9 23 27 9 31 13 26 45 19 13 41 10 20 9 45 37 24 39 10 7 31 9 26 16 33 23 29 10 28 27 20 29 7 6 26 15 38 29 45
27 47 56 12 32 19 36 40 37 67 21 25 42 13 59 65 47 58 32 19 31 52 45 26 24 40 48 53 32 62 18 40 18 36 27 45 31 12 36 52 53 50 34 64 70 51 26 43 45 42 36 40 37 57 30 52 43 46 24 21 18 43 40 26 16 46 43 49 35 38 14 34 50 13 52 29 32 46 50 46
40 57 41 51 18 52 16 55 66 11 25 61 55 25 71 16 59 50 24 41 16 50 24 21 27 43 55 34 43 52 25 25 28 21 22 59 30 20 51 40 21 25 42 36 72 48 19 50 19 35 58 61 35 45 37 33 54 51 46 16 67 22 25 33 36 59 17 34 41 15 17 17 15 52 14 34 15 45 53 37
35 50 15 18 24 31 57 74 58 62 21 47 57 42 18 19 28 47 43 33 58 39 24 33 39 36 39 61 18 23 50 19 58 14 18 61 42 46 19 59 47 14 40 43 33 14 47 20 16 16 48 20 22 31 50 27 17 40 38 45 36 56 23 25 53 26 64 47 64 27 37 12 21 27 38 47 30 39 66 50
52 47 36 53 46 39 54 16 31 47 45 48 52 16 54 36 45 56 42 49 17 40 17 48 21 66 72 64 67 21 56 46 61 24 40 38 33 15 46 41 21 67 33 23 37 32 63 42 35 34 49 43 24 43 45 44 54 44 65 21 30 17 17 26 41 30 38 33 14 13 56 22 24 49 12 30 40 25 12 49
47 18 63 51 65 22 41 49 33 26 20 64 65 36 25 54 56 42 39 36 24 27 45 69 42 65 65 67 20 59 23 30 33 10 44 47 44 15 13 48 44 48 24 16 20 44 51 55 12 57 66 42 35 42 46 26 55 44 28 34 13 29 52 48 28 30 17 35 45 22 68 44 37 29 63 16 44 17 41 72
16 11 53 11 52 30 43 37 36 48 34 25 29 46 70 53 44 37 57 48 16 51 26 43 46 34 54 19 40 24 50 16 22 36 42 47 19 33 61 47 56 51 57 40 65 67 50 55 61 58 15 46 47 44 25 40 28 45 41 53 42 21 44 36 30 65 43 32 44 11 25 72 12 58 54 71 26 46 44 42
12 21 30 36 60 20 37 22 34 30 27 25 43 41 42 56 14 66 35 63 47 40 45 39 54 19 18 56 31 16 29 19 59 53 54 47 25 38 47 53 43 38 33 22 46 33 34 45 51 16 63 18 54 46 17 63 49 56 48 32 62 49 37 38 24 43 67 29 46 56 50 60 21 14 74 27 31 62 35 32
44 46 58 54 27 57 53 41 13 21 20 59 33 44 36 66 38 29 39 49 39 33 28 63 59 29 40 51 29 71 46 18 15 59 13 49 36 32 17 67 31 47 55 39 65 48 34 43 18 61 51 43 39 52 24 36 26 15 51 13 50 29 46 36 39 17 27 59 49 31 37 21 49 61 26 14 17 16 28 56
17 34 16 37 33 41 28 63 42 57 61 21 14 51 53 11 31 18 71 47 23 44 45 27 34 24 21 45 13 57 62 27 43 20 21 40 58 56 22 40 39 53 37 44 26 42 52 11 26 21 27 48 27 28 17 33 12 36 50 46 22 21 60 11 19 59 44 49 26 37 33 15 64 44 21 51 46 27 24 20
21 14 54 44 21 69 14 17 12 49 25 30 39 33 28 43 36 21 37 43 20 30 63 49 16 26 22 47 33 13 12 59 33 22 14 61 22 16 33 49 24 14 55 40 23 72 19 52 50 32 34 46 26 36 20 52 44 35 50 31 18 70 21 56 21 53 69 37 17 59 49 31 40 16 15 37 31 53 50 50
6 8 11 6 13 6 5 21 10 10 21 6 19 12 7 24 9 18 20 9 17 14 13 22 8 18 25 8 21 8 21 23 17 11 13 9 16 11 21 14 13 23 9 23 10 7 25 5 16 14 19 25 6 11 17 10 14 8 23 23 15 22 16 11 17 6 18 9 23 20 19 20 8 22 5 13 18 10 6 7
25 17 22 25 22 6 22 14 5 18 15 18 9 5 24 14 17 20 25 23 7 24 18 11 14 20 10 22 7 19 18 12 15 8 22 8 16 17 8 19 7 10 16 17 8 25 10 5 24 9 19 8 20 5 23 23 6 15 10 10 25 5 12 6 20 22 16 15 15 11 5 9 6 24 5 5 15 16 12 22
19 25 11 7 5 21 24 11 18 21 18 6 8 10 25 17 12 21 9 25 5 9 7 13 20 25 9 8 8 5 10 20 22 25 22 21 6 12 18 15 16 18 14 16 16 7 21 10 18 23 13 19 5 23 14 18 5 11 21 13 21 13 9 19 8 22 12 10 23 20 11 12 5 24 23 5 19 21 10 17
21 13 5 22 13 12 12 14 15 14 19 8 24 9 5 18 10 18 13 20 7 8 11 23 5 22 18 6 6 6 9 6 21 12 8 17 21 13 16 12 18 13 7 24 25 14 16 19 14 8 23 14 13 19 15 8 14 8 16 6 25 11 21 11 12 7 12 9 18 8 24 25 18 23 18 9 6 21 7 23
25 17 22 20 5 21 25 11 24 13 22 19 13 13 13 24 9 21 12 7 9 15 20 23 18 25 8 19 9 13 12 14 22 22 22 25 8 16 9 16 25 14 5 16 10 23 23 18 19 25 12 19 17 20 18 23 13 15 23 25 7 6 8 18 23 8 15 17 23 18 23 8 22 23 25 11 10 19 9 10
6 23 19 12 19 22 16 20 19 20 11 22 14 6 21 21 19 17 6 7 24 9 7 13 16 20 23 21 24 14 22 16 12 7 7 19 9 9 16 11 25 15 8 5 17 11 20 8 21 18 21 5 24 6 9 18 7 19 8 21 15 12 13 15 13 6 19 10 18 5 11 15 17 11 19 13 21 8 22 9
13 12 14 5 11 17 24 13 8 25 18 9 8 7 5 25 24 17 21 19 13 21 16 11 18 7 10 24 5 20 11 15 16 12 5 20 11 16 8 7 10 12 12 25 22 5 23 6 12 6 6 21 15 20 15 20 5 15 17 17 9 16 18 16 9 23 23 25 24 16 10 13 20 7 20 8 11 23 19 22
6 14 16 9 5 17 16 24 16 16 22 13 25 19 16 24 6 19 18 15 7 14 23 23 21 10 16 20 7 7 12 13 6 12 14 24 19 18 16 25 19 25 12 15 21 23 9 12 17 6 10 9 15 25 24 9 11 8 21 25 18 20 9 25 11 22 14 20 6 20 16 8 24 25 20 25 24 13 25 17
7 24 25 5 17 8 17 9 8 23 20 25 6 9 20 23 16 16 14 19 16 12 25 21 12 14 7 8 16 5 18 13 21 20 13 25 19 21 16 18 22 25 8 5 13 19 23 14 10 21 19 21 13 13 15 7 5 18 19 11 14 8 8 18 17 14 14 6 23 6 15 13 22 19 25 15 15 21 21 5
24 10 19 6 16 15 7 18 20 17 8 21 15 19 25 11 9 19 10 15 7 22 21 14 10 17 14 19 24 21 5 7 17 13 12 21 23 20 10 22 6 20 14 5 7 9 19 11 11 16 13 12 7 16 21 21 10 7 9 8 9 14 12 8 11 5 21 6 6 20 15 9 15 8 21 14 19 19 11 20
90 94 95 90 106 94 94 104 98 90
