10
40
9 43 33 21 36 40 26 31 35 29 16 37 22 12 39 35 35 34 9 12 36 13 10 23 29 38 45 31 44 27 40 24 19 14 11 35 16 18 29 23
43 27 13 7 30 21 31 16 36 29 42 8 42 13 16 29 12 29 12 35 29 18 23 28 25 12 29 19 36 9 16 29 34 19 34 23 33 17 35 15
22 20 24 7 18 24 38 20 13 42 32 16 12 15 8 47 42 32 38 32 20 42 30 16 26 14 17 39 9 32 17 26 29 23 9 38 21 33 13 14
17 23 22 46 38 9 34 10 20 12 10 36 26 37 24 36 9 28 28 34 17 25 29 29 19 37 44 43 44 28 21 25 37 11 33 15 19 39 31 39
12 28 26 18 8 30 24 41 27 31 44 23 49 35 25 45 9 34 34 30 11 22 41 35 31 17 30 33 10 13 21 22 9 20 27 38 31 35 32 47
38 41 23 29 32 34 16 21 26 9 15 18 25 42 40 18 18 12 31 49 29 32 18 48 16 41 23 33 10 38 25 15 47 43 39 44 46 19 37 25
13 47 41 9 26 13 27 16 16 37 38 36 12 13 35 36 31 25 28 29 29 20 36 37 18 22 14 12 28 9 34 25 33 35 27 36 29 35 30 31
33 40 13 11 23 33 45 22 17 36 34 37 22 20 27 14 9 27 36 23 27 15 12 28 33 21 21 11 38 12 26 24 39 34 43 29 28 33 35 10
41 18 35 9 28 28 13 29 30 33 14 39 27 36 43 18 17 34 15 23 11 38 37 25 16 32 26 30 36 40 8 10 27 20 17 38 36 35 17 37
9 38 26 9 12 17 30 16 22 31 24 22 11 24 35 39 18 13 16 15 18 23 24 13 20 9 33 12 13 37 21 13 23 14 31 23 34 33 18 32
12 56 38 30 43 47 31 43 43 47 27 47 31 12 51 49 39 38 11 15 60 20 15 27 40 40 50 49 56 31 50 41 24 18 17 42 22 22 36 26
50 36 19 12 41 25 43 20 51 38 42 10 55 13 23 38 14 40 19 51 30 28 32 34 30 16 44 23 42 12 21 37 35 25 39 26 47 21 47 21
25 30 34 12 22 40 52 28 18 50 38 21 18 18 10 60 52 33 50 38 30 47 37 24 38 15 25 59 13 42 23 33 36 26 11 40 22 36 18 15
21 28 24 59 47 12 57 12 30 15 16 47 36 42 29 44 12 32 43 36 19 38 41 32 22 56 51 52 54 34 24 27 41 15 47 19 22 55 44 46
14 33 35 23 13 40 37 47 31 39 51 31 51 46 33 53 14 43 44 33 17 33 55 55 52 19 34 42 17 17 26 29 14 28 35 47 44 43 41 51
44 57 24 34 47 50 19 29 40 15 23 21 33 51 53 19 26 18 42 55 41 39 20 56 23 51 34 44 15 48 34 16 48 54 40 50 50 32 50 37
18 52 60 11 35 17 37 18 19 51 42 51 14 21 42 54 38 37 35 40 32 30 52 44 28 33 16 18 34 11 40 28 49 48 31 61 45 48 36 36
50 61 20 11 31 38 46 35 23 47 38 41 26 27 34 15 13 36 38 24 32 20 19 43 41 35 28 15 49 12 32 26 51 40 51 32 34 52 45 12
58 24 47 13 35 32 15 42 44 37 20 48 30 41 50 21 22 40 22 35 15 46 46 32 24 43 31 39 55 51 10 15 37 25 28 48 49 44 23 53
15 42 30 10 16 19 44 22 24 40 32 30 15 40 51 41 24 16 22 20 18 31 30 17 26 12 51 15 16 45 32 22 34 18 52 35 45 42 24 43
6 8 11 6 13 6 5 21 10 10 21 6 19 12 7 24 9 18 20 9 17 14 13 22 8 18 25 8 21 8 21 23 17 11 13 9 16 11 21 14
13 23 9 23 10 7 25 5 16 14 19 25 6 11 17 10 14 8 23 23 15 22 16 11 17 6 18 9 23 20 19 20 8 22 5 13 18 10 6 7
25 17 22 25 22 6 22 14 5 18 15 18 9 5 24 14 17 20 25 23 7 24 18 11 14 20 10 22 7 19 18 12 15 8 22 8 16 17 8 19
7 10 16 17 8 25 10 5 24 9 19 8 20 5 23 23 6 15 10 10 25 5 12 6 20 22 16 15 15 11 5 9 6 24 5 5 15 16 12 22
19 25 11 7 5 21 24 11 18 21 18 6 8 10 25 17 12 21 9 25 5 9 7 13 20 25 9 8 8 5 10 20 22 25 22 21 6 12 18 15
16 18 14 16 16 7 21 10 18 23 13 19 5 23 14 18 5 11 21 13 21 13 9 19 8 22 12 10 23 20 11 12 5 24 23 5 19 21 10 17
21 13 5 22 13 12 12 14 15 14 19 8 24 9 5 18 10 18 13 20 7 8 11 23 5 22 18 6 6 6 9 6 21 12 8 17 21 13 16 12
18 13 7 24 25 14 16 19 14 8 23 14 13 19 15 8 14 8 16 6 25 11 21 11 12 7 12 9 18 8 24 25 18 23 18 9 6 21 7 23
25 17 22 20 5 21 25 11 24 13 22 19 13 13 13 24 9 21 12 7 9 15 20 23 18 25 8 19 9 13 12 14 22 22 22 25 8 16 9 16
25 14 5 16 10 23 23 18 19 25 12 19 17 20 18 23 13 15 23 25 7 6 8 18 23 8 15 17 23 18 23 8 22 23 25 11 10 19 9 10
44 46 51 42 47 48 42 48 52 53
