10
40
17 6 18 7 12 20 14 17 23 24 24 26 46 20 25 6 15 13 6 46 10 35 9 35 27 29 15 23 41 23 13 35 35 19 30 7 32 5 33 23
24 31 24 25 16 11 21 20 24 9 10 16 18 23 45 15 41 11 35 20 15 21 24 10 14 33 40 14 9 24 25 31 7 26 25 19 10 26 19 38
28 13 36 18 7 18 7 40 23 19 19 17 13 18 8 23 17 11 11 40 42 13 10 17 20 23 8 9 21 26 28 23 18 26 25 11 26 47 6 24
39 30 9 26 42 22 30 6 19 34 25 11 42 27 15 26 47 20 16 9 22 25 37 32 36 24 23 28 34 34 25 11 39 20 10 18 23 14 33 23
22 15 24 19 27 43 34 35 22 41 13 16 24 15 13 20 16 14 30 21 36 46 10 22 12 9 22 7 26 21 15 15 26 11 24 8 25 30 36 10
29 20 25 21 27 11 27 14 29 15 27 13 16 17 29 18 47 12 9 40 7 11 26 26 29 41 23 12 20 15 25 7 13 12 8 37 7 37 34 40
25 35 28 43 18 35 17 48 25 24 16 15 32 13 41 27 15 11 28 22 32 21 27 16 34 27 25 25 24 30 39 18 23 12 22 23 17 12 32 34
23 14 7 28 33 8 11 17 32 27 36 24 19 18 13 24 20 22 7 19 26 26 29 26 9 19 31 31 20 10 16 26 12 9 18 14 32 41 21 14
20 12 22 27 28 19 20 24 30 19 11 21 14 20 17 15 23 11 12 19 21 43 6 41 12 28 10 12 8 17 22 25 11 18 19 27 35 38 25 18
28 41 9 14 20 41 7 16 21 37 31 43 33 7 30 30 9 37 10 22 14 31 31 24 7 35 23 10 41 30 11 11 23 33 11 8 25 31 23 35
41 13 22 19 26 38 39 38 53 48 31 45 71 27 41 10 32 14 16 62 13 56 18 36 46 48 26 55 63 46 13 54 45 25 51 12 49 11 64 53
36 50 45 52 34 18 55 42 52 20 25 32 31 30 52 26 68 22 62 34 21 48 40 14 30 39 54 19 18 26 49 66 19 43 55 35 19 48 25 73
65 28 58 19 21 19 15 58 25 26 36 35 33 36 17 37 19 15 24 72 48 18 12 30 43 46 18 18 34 61 45 51 20 71 43 18 54 51 14 52
43 56 24 52 51 48 71 13 28 35 50 17 54 34 38 54 66 24 37 14 34 64 67 68 61 33 53 31 50 62 39 24 60 46 18 23 41 20 44 38
27 19 31 27 42 46 47 59 37 52 29 48 34 22 17 32 22 17 59 29 56 48 25 53 22 12 26 12 58 62 20 22 53 23 32 13 33 42 62 21
61 41 48 32 52 15 49 31 63 31 58 20 22 46 44 25 57 16 23 63 16 34 36 52 50 51 43 25 21 22 43 14 28 17 16 69 11 49 39 67
38 61 40 60 21 60 44 58 42 44 32 20 53 16 56 64 26 23 42 44 55 33 49 30 50 43 31 52 64 50 47 29 60 12 52 34 39 24 51 53
55 32 12 56 45 21 27 30 39 58 48 46 30 45 23 38 28 33 17 39 53 34 54 36 13 48 53 41 35 19 34 42 28 19 30 15 51 46 48 34
40 28 39 37 46 31 22 45 30 26 20 25 18 59 20 18 27 24 14 29 36 48 12 45 12 47 20 22 16 39 39 50 20 37 35 40 67 60 54 35
51 63 14 32 39 60 17 21 35 55 57 65 63 13 40 47 19 48 25 41 31 44 41 39 18 55 28 20 52 54 16 18 29 58 24 12 44 53 45 45
9 9 14 24 11 16 8 19 20 14 14 11 14 24 5 12 11 15 13 10 17 9 13 20 24 13 8 18 8 24 5 10 16 14 23 7 24 9 12 18
20 25 22 23 24 14 17 22 19 20 10 15 13 6 24 5 15 7 7 12 17 18 20 11 20 12 10 8 23 9 17 9 5 24 14 23 7 24 25 15
9 9 11 13 12 25 16 16 19 20 23 10 18 14 20 20 17 7 22 22 9 5 7 23 23 18 19 12 22 9 19 13 9 5 14 22 13 17 22 14
8 13 14 14 5 14 22 7 22 14 10 23 22 18 18 12 15 5 11 12 17 21 21 21 20 18 6 17 12 10 14 21 16 21 9 25 8 13 7 7
25 21 16 9 11 19 6 10 22 16 11 6 21 15 15 20 19 9 19 17 19 22 17 23 8 6 23 5 12 14 5 14 12 23 24 20 10 10 17 14
19 9 5 19 18 25 12 17 23 12 11 21 23 20 16 24 10 8 15 23 19 14 9 5 7 10 25 14 23 7 22 18 18 18 8 14 7 10 11 19
22 12 7 9 8 24 7 12 21 12 10 20 7 22 21 18 8 24 16 14 12 14 18 21 6 25 18 19 5 5 15 13 22 24 19 24 14 5 11 17
16 17 24 6 11 14 7 9 11 13 24 22 17 8 7 21 9 24 21 21 5 16 14 9 7 15 23 8 18 6 13 5 8 13 12 9 23 23 22 20
7 23 16 22 11 18 23 19 6 20 8 9 16 15 5 18 18 25 22 6 13 21 7 10 7 22 21 18 6 7 23 11 25 6 11 17 7 21 18 15
16 11 20 15 23 12 11 10 9 21 5 24 8 13 12 22 18 15 22 25 7 23 17 5 5 9 11 16 10 8 17 13 9 25 17 8 5 24 20 19
45 50 49 46 48 48 48 45 47 46
