10
80
15 42 16 24 20 38 35 49 14 41 34 27 47 20 34 10 43 32 35 31 36 10 13 11 39 31 38 24 29 32 12 20 15 35 48 11 45 17 19 14 35 13 33 26 21 42 23 27 11 41 12 42 44 32 14 15 14 49 31 22 37 48 44 26 33 18 37 27 14 22 43 20 48 25 27 48 31 31 43 45
42 10 36 31 38 33 42 25 20 31 10 28 16 34 29 15 16 12 31 21 34 43 49 49 40 26 39 44 12 33 10 27 21 34 26 25 39 13 43 37 32 41 15 40 44 18 43 12 10 18 25 11 39 18 15 31 44 29 23 16 49 30 32 9 48 29 41 11 27 41 43 47 10 35 19 18 11 35 14 30
20 23 19 27 37 16 25 27 40 18 19 37 14 44 10 28 24 43 23 18 37 43 14 20 35 38 21 30 22 24 37 17 35 39 23 18 38 22 14 22 49 14 42 30 21 19 41 12 38 41 11 39 37 45 10 36 17 19 18 10 27 34 29 36 14 43 29 19 31 30 39 37 27 48 40 39 17 17 16 44
17 10 22 24 14 19 25 30 18 38 25 34 47 15 26 28 9 26 24 21 37 28 27 31 15 20 18 29 10 37 15 15 39 25 34 11 28 46 18 44 9 27 30 33 13 15 16 31 35 11 27 27 11 22 22 23 46 11 26 46 12 18 21 13 10 36 10 36 18 19 12 50 41 18 33 15 47 22 17 33
23 18 24 33 32 35 47 9 26 40 13 19 21 41 36 12 29 16 34 28 35 15 29 20 32 26 10 29 24 20 35 32 44 10 38 41 27 43 14 26 45 45 18 44 29 21 20 30 38 31 14 22 37 17 35 13 19 12 23 17 17 36 10 19 46 49 12 20 37 38 14 28 34 43 11 20 26 42 39 44
44 19 19 29 17 31 41 10 20 34 27 29 45 20 40 36 24 16 38 13 47 35 25 18 36 50 18 37 28 12 45 31 38 13 18 17 40 46 30 31 20 10 39 43 45 9 46 9 20 24 30 29 41 34 43 38 47 17 32 43 40 32 41 23 18 37 29 34 46 28 48 20 21 46 32 48 20 27 42 22
10 47 36 46 39 15 24 17 48 43 20 18 27 12 46 43 43 47 44 19 48 11 18 44 29 33 9 23 45 9 48 35 36 28 28 38 40 16 36 39 19 41 11 27 27 11 9 31 19 32 33 20 44 45 10 50 41 42 16 38 44 19 24 25 43 29 43 15 43 28 20 33 11 40 32 16 31 36 16 27
25 33 46 25 32 15 15 31 40 39 30 36 26 27 18 40 24 46 46 45 10 23 22 13 28 39 11 20 10 25 39 22 26 43 32 12 43 16 44 19 47 21 41 19 19 36 15 20 32 22 45 29 37 25 19 35 28 29 9 33 19 29 28 13 21 39 39 44 15 47 36 14 40 46 25 15 26 16 43 15
41 36 38 28 18 50 33 35 36 47 16 43 27 36 26 38 28 45 37 25 37 17 28 13 14 34 33 19 12 12 34 11 12 38 16 33 13 9 26 38 34 15 31 19 31 13 41 13 38 43 14 26 43 10 21 16 14 11 12 32 45 46 46 25 21 29 33 36 18 49 11 23 36 24 37 29 24 38 17 26
12 36 9 39 34 18 37 32 27 15 45 19 37 39 25 47 19 44 45 22 26 39 14 14 11 28 23 46 18 45 39 46 39 37 36 17 26 11 29 21 40 39 31 24 9 28 23 17 21 18 39 32 30 18 28 42 34 42 26 30 38 34 28 32 32 12 33 33 17 25 34 36 20 46 38 10 47 11 12 9
17 43 17 25 25 46 37 52 15 46 34 30 54 21 37 12 47 36 37 36 42 10 15 12 42 37 40 25 29 36 14 24 16 36 55 11 50 19 21 16 40 13 33 28 24 45 26 30 13 43 14 45 48 34 17 17 15 50 38 22 44 52 47 26 36 19 38 30 17 25 51 24 51 26 31 52 34 33 48 54
49 13 41 31 43 34 49 28 24 34 13 34 19 40 30 17 17 13 35 23 38 48 54 53 45 30 46 51 15 36 10 31 23 38 31 26 45 15 48 39 34 43 15 48 51 20 49 13 12 22 29 12 40 19 18 32 49 32 25 17 53 35 35 10 54 29 43 13 29 46 50 55 12 38 24 18 12 38 15 34
21 28 23 29 43 18 30 27 44 23 20 43 15 48 10 32 25 47 26 20 40 44 15 22 39 42 24 33 24 26 42 19 40 39 28 19 44 22 15 23 50 15 44 34 24 20 47 14 40 48 14 43 42 48 11 42 19 20 19 10 30 38 29 39 16 50 31 22 33 33 43 46 28 53 42 45 18 19 17 51
19 13 25 26 15 24 27 33 18 38 26 36 52 18 31 33 11 27 27 25 45 33 29 35 17 22 19 30 12 40 16 17 42 28 37 14 32 48 22 48 11 29 34 34 15 16 16 34 39 12 33 30 12 22 25 26 49 12 29 46 12 19 23 15 10 43 12 45 21 19 12 52 46 19 40 15 50 25 19 38
25 19 24 37 34 40 51 10 26 46 15 22 22 50 38 14 33 19 41 30 39 15 33 21 37 29 13 34 27 20 40 34 47 11 45 46 29 50 16 26 49 45 21 49 34 24 22 31 44 35 16 26 40 20 39 16 21 15 25 17 19 40 10 21 53 52 14 23 40 41 16 31 38 45 14 22 30 44 40 46
46 22 21 32 18 35 46 13 22 35 32 29 52 23 42 41 25 17 40 13 53 39 29 21 40 50 19 42 30 15 46 37 44 16 20 18 46 53 33 34 20 10 41 50 48 11 50 12 23 28 33 34 46 38 47 42 53 17 35 49 44 32 44 26 20 37 33 37 52 33 52 22 23 52 38 53 22 31 42 24
12 50 37 53 41 16 26 20 55 44 24 20 31 13 49 47 51 49 49 19 52 12 22 44 32 38 12 27 49 11 49 39 36 32 33 40 41 19 37 41 21 49 12 28 32 13 10 34 19 32 37 24 48 53 10 52 43 43 16 40 46 19 26 27 45 34 51 17 48 33 22 35 12 47 37 18 31 38 17 31
27 36 48 28 34 18 16 32 42 41 31 43 30 31 23 45 27 53 50 48 10 26 26 15 33 45 13 25 11 29 44 25 29 48 37 13 45 16 47 21 53 24 49 23 21 39 18 21 37 23 52 29 38 27 20 39 28 30 10 37 23 35 32 16 22 43 45 46 15 50 38 14 43 53 27 16 28 18 51 17
46 41 39 30 23 52 35 38 39 52 16 51 33 37 28 39 35 49 42 27 42 17 29 13 17 41 33 21 14 15 38 12 14 38 16 36 15 11 30 40 37 17 35 20 38 15 42 15 39 49 16 28 49 11 26 18 16 12 13 39 52 49 51 29 25 30 40 37 19 51 13 25 44 27 45 35 26 42 20 30
12 37 10 41 37 18 45 32 32 16 52 22 42 43 27 51 19 51 49 24 31 48 14 15 13 30 24 49 21 51 43 46 43 38 39 17 29 12 34 25 42 42 38 25 10 28 25 18 23 19 42 35 33 20 29 43 38 49 26 37 42 39 34 37 36 14 38 36 17 27 38 41 22 51 41 11 52 13 12 11
20 9 15 12 14 14 15 18 19 19 5 24 9 11 12 8 18 24 20 15 23 11 15 25 13 10 18 7 22 6 11 22 19 23 5 5 15 14 7 14 6 15 18 18 7 7 5 12 21 7 7 16 5 14 9 25 8 23 8 17 19 16 11 9 6 12 9 20 24 19 7 7 18 5 25 17 7 23 18 15
11 24 6 17 24 18 6 16 6 21 18 9 8 9 13 24 25 7 17 16 25 24 7 13 24 20 21 6 8 19 7 5 19 15 20 20 21 23 21 8 5 10 13 9 7 14 19 20 12 7 6 14 21 14 25 9 14 22 5 12 6 9 18 11 13 19 20 6 18 19 14 7 24 11 5 5 11 10 14 18
5 24 23 17 10 5 23 16 11 5 24 24 15 20 20 20 15 22 23 20 11 10 11 23 13 12 15 5 9 5 14 18 14 20 15 9 8 6 10 12 17 17 7 7 23 24 9 24 5 22 12 25 14 9 6 7 22 15 5 20 9 23 16 21 8 9 21 15 5 17 5 19 7 13 15 16 14 9 9 13
21 9 17 5 15 21 19 10 15 13 8 18 15 14 8 7 10 17 23 21 9 5 8 20 16 21 11 20 11 15 8 22 12 25 15 10 20 20 13 7 14 8 23 12 5 24 21 24 21 20 9 14 24 16 10 19 12 21 5 11 10 9 22 23 8 20 7 6 10 15 23 11 16 17 10 17 16 5 13 12
16 5 17 24 7 19 24 20 21 22 17 5 7 13 11 13 14 18 22 24 25 25 24 19 15 25 23 7 18 7 9 21 9 13 5 19 18 20 10 10 25 7 6 17 10 20 24 9 9 14 14 13 16 19 21 7 20 8 14 17 22 5 20 16 9 12 25 11 5 13 19 18 21 9 25 23 7 10 14 7
12 14 5 5 16 17 25 13 19 17 9 5 9 10 22 5 21 25 7 14 21 6 21 11 25 12 5 20 20 20 22 9 16 15 23 14 9 12 13 18 12 11 16 9 24 20 19 21 6 24 14 20 7 18 18 20 5 12 14 8 6 15 13 13 10 25 18 13 22 8 7 22 20 21 9 10 20 6 21 12
23 12 11 25 6 15 14 15 11 15 15 8 24 12 22 22 21 24 13 19 9 20 18 5 17 9 10 6 12 13 24 11 25 5 12 24 15 20 25 11 24 20 5 21 22 19 5 18 9 22 12 8 10 13 19 14 13 9 6 23 10 12 8 13 22 11 16 15 7 23 5 21 24 14 24 8 8 15 10 6
14 21 8 19 14 25 13 10 18 6 12 21 19 10 24 11 22 5 7 17 13 7 23 19 6 21 19 16 7 11 7 11 10 16 21 10 9 23 9 22 13 17 7 6 21 24 24 23 5 19 18 10 17 7 7 22 23 10 23 7 19 10 14 20 9 9 12 23 21 8 20 14 20 8 17 25 14 19 10 24
13 10 6 15 24 8 17 8 22 25 15 11 19 24 15 21 17 19 15 19 8 11 6 16 14 19 15 23 12 15 9 14 20 12 16 15 9 6 14 16 6 21 21 14 21 18 19 23 18 11 6 21 9 14 15 17 8 18 20 9 7 22 15 12 16 6 17 13 9 10 10 5 19 22 13 25 13 6 24 16
10 24 10 13 15 11 19 7 10 7 16 14 5 22 7 20 11 7 6 14 16 19 21 18 15 25 9 14 22 17 11 11 11 6 14 23 16 5 18 21 6 20 16 7 11 6 10 20 9 20 7 25 15 22 6 16 8 19 13 13 5 8 11 24 13 21 16 14 17 15 17 8 17 18 15 23 22 20 18 15
89 90 90 92 97 93 94 95 94 91
