10
80
20 8 25 30 19 27 36 23 22 9 30 29 21 22 32 19 31 29 18 31 22 39 11 27 28 27 32 13 18 30 28 25 19 7 17 14 23 12 12 26 38 17 13 29 14 38 10 10 11 8 24 36 16 31 21 33 30 15 25 17 24 34 23 16 9 26 14 15 20 19 18 11 13 25 24 7 22 9 30 47
28 6 24 22 21 49 27 13 21 31 14 18 34 24 21 33 8 15 38 9 34 13 17 9 17 25 6 15 20 9 32 40 29 35 18 49 9 18 17 10 8 38 5 10 35 22 21 39 17 25 10 24 16 7 32 36 8 6 24 34 7 38 33 10 23 23 17 29 26 35 30 9 10 15 21 14 26 29 13 29
5 37 7 25 25 19 9 13 11 24 21 18 23 10 16 23 24 8 16 20 7 26 15 11 9 20 7 20 17 28 18 9 18 15 17 46 21 13 17 30 10 17 18 23 17 21 9 33 23 19 22 41 11 41 24 19 22 12 16 11 37 35 46 24 20 18 20 17 21 29 15 41 8 32 43 26 21 14 30 28
8 39 8 27 26 22 11 17 16 11 9 26 22 5 13 36 26 21 16 13 28 30 26 22 10 9 19 16 11 37 26 9 29 18 21 16 31 44 22 15 34 29 32 10 17 40 18 28 28 10 9 9 20 16 18 9 16 35 8 31 15 9 9 33 12 16 31 16 14 19 24 21 13 17 16 25 32 42 12 29
21 38 25 18 15 16 20 10 20 17 42 28 24 9 14 41 9 22 7 16 11 19 10 42 49 10 19 15 34 19 16 49 46 13 28 28 27 34 12 12 22 38 11 26 39 38 45 11 9 22 12 14 19 47 21 20 25 10 24 20 21 8 24 15 9 16 27 27 7 17 32 30 27 22 32 13 10 35 11 11
12 8 16 24 49 10 17 38 27 25 22 21 16 7 13 10 11 10 13 32 17 46 14 25 24 29 35 32 11 21 21 26 30 21 24 25 23 24 23 23 34 28 35 7 25 15 31 13 16 16 29 14 14 13 29 14 22 18 29 7 25 31 16 26 20 29 33 22 30 26 21 28 49 31 29 7 9 27 30 33
43 12 38 33 10 18 28 15 18 27 25 34 14 22 35 25 7 7 40 41 40 10 21 31 10 21 35 32 39 24 8 37 11 15 16 11 17 37 15 12 25 24 13 19 10 6 27 19 13 23 17 8 14 18 14 24 10 13 40 34 17 9 15 16 7 22 7 10 20 24 28 11 34 29 19 24 32 8 20 22
27 10 35 24 34 24 31 11 39 22 7 26 27 13 21 29 17 14 30 13 24 28 31 28 19 32 43 10 14 29 11 8 35 20 18 32 20 18 25 29 13 34 23 33 22 22 30 23 35 20 36 14 9 16 10 12 35 12 36 20 13 31 26 19 6 28 23 23 12 39 12 30 14 13 21 6 23 43 13 17
16 11 12 22 21 31 26 7 31 39 29 20 31 20 25 15 11 12 31 22 25 28 46 22 32 31 21 26 14 20 8 47 31 22 9 28 26 5 20 24 12 31 8 25 17 18 25 27 27 22 20 29 31 38 26 36 50 23 35 7 11 37 13 20 15 36 23 27 11 25 16 17 10 26 13 17 12 12 11 7
23 22 18 26 19 20 29 11 25 28 8 15 22 19 27 28 17 30 25 21 34 12 13 16 20 13 25 39 37 11 15 25 37 35 32 10 30 12 27 38 25 49 37 42 24 40 27 5 24 44 28 28 21 20 8 43 23 21 14 11 24 12 37 10 34 16 43 33 26 8 42 19 7 8 20 13 33 33 11 26
42 15 50 41 34 52 49 39 33 12 53 66 36 46 58 31 41 48 46 41 32 50 15 39 34 36 42 13 39 56 68 46 33 10 30 23 45 22 21 62 63 30 24 57 22 47 16 12 19 15 46 50 38 53 61 48 33 24 45 44 68 52 56 30 19 28 18 34 21 42 45 27 24 42 37 14 50 18 43 67
44 14 50 42 56 59 35 28 39 45 28 29 44 33 57 46 12 36 47 14 42 22 32 23 19 67 14 27 40 19 40 59 55 41 25 69 19 33 33 24 14 62 15 16 58 47 41 49 49 48 14 39 23 13 35 56 10 11 43 63 17 52 66 21 52 29 41 29 50 52 51 24 25 34 28 21 58 46 21 59
13 62 12 40 56 32 18 24 14 38 38 21 37 14 21 47 41 15 30 29 13 51 22 22 15 48 16 30 41 57 43 23 34 30 21 57 24 28 26 66 14 24 28 37 23 44 19 56 42 35 58 62 12 59 29 46 39 22 41 24 47 45 64 38 24 42 23 24 54 53 27 60 10 54 52 45 27 23 51 43
23 52 21 47 47 29 17 41 16 25 18 46 55 12 26 53 41 41 39 15 46 56 52 42 17 15 24 21 27 48 35 23 63 48 43 30 39 48 49 39 48 64 36 13 38 49 33 52 37 16 15 11 25 23 25 14 37 68 14 47 29 12 13 51 29 28 40 39 30 25 31 49 21 34 25 42 41 43 18 52
54 46 42 48 36 27 24 16 31 43 64 57 37 14 37 54 17 53 14 26 27 23 26 50 56 12 27 22 59 52 39 58 69 37 48 49 46 57 15 23 49 44 21 48 54 56 59 30 14 31 30 18 40 50 38 29 49 11 42 40 34 11 68 33 23 29 56 35 15 27 54 54 49 46 56 27 27 42 20 21
22 12 32 33 63 17 28 54 40 47 32 29 17 12 37 25 12 14 34 52 36 62 24 38 53 42 63 54 14 36 23 42 42 33 62 56 40 51 49 58 59 33 46 11 57 42 67 27 19 24 53 36 21 26 57 19 30 42 45 15 53 55 23 46 32 34 59 46 45 34 39 40 55 74 55 12 23 41 61 50
62 25 40 66 24 22 40 35 39 56 47 46 28 31 54 45 15 21 41 61 54 12 46 50 14 50 62 44 52 53 16 56 17 21 38 17 45 42 32 25 53 52 27 48 27 10 48 28 36 25 40 18 22 34 17 41 17 30 53 71 32 17 39 34 15 38 14 20 25 51 34 26 52 49 24 37 54 13 27 52
40 15 47 61 60 54 38 22 63 28 15 34 50 17 40 62 38 24 41 15 46 44 65 36 28 34 66 21 20 41 16 18 46 36 31 66 51 34 71 50 18 46 44 59 32 32 57 51 60 31 50 19 17 23 16 19 41 25 59 50 28 62 55 34 15 47 39 51 15 53 15 66 30 26 43 11 36 61 17 29
29 25 14 34 33 65 56 16 46 52 63 27 39 57 31 21 23 17 39 48 57 37 52 43 44 44 56 65 41 27 25 57 36 36 12 40 49 13 43 43 12 41 20 38 35 36 49 54 61 58 54 68 65 58 48 50 50 59 47 15 20 55 28 22 31 63 52 48 19 44 30 36 24 45 28 27 18 21 23 17
29 26 33 57 39 48 50 22 42 60 15 20 32 33 29 70 29 55 31 29 51 26 21 49 27 19 32 46 45 21 28 50 57 64 52 19 37 31 35 47 46 70 55 69 47 72 63 11 49 54 52 46 53 27 11 44 39 35 19 29 51 19 63 16 40 26 50 75 52 17 67 48 12 12 21 19 43 41 18 67
15 13 16 8 20 11 10 21 24 6 5 23 13 13 23 17 5 10 24 20 7 22 16 18 10 8 24 14 20 12 15 24 14 23 17 16 20 6 16 23 11 9 24 12 15 23 8 13 23 7 18 18 23 15 19 22 11 24 8 14 9 15 21 18 21 11 17 5 15 16 5 21 24 6 8 9 16 9 25 21
7 16 20 25 22 16 11 25 16 21 14 5 10 16 11 18 20 21 9 10 12 8 13 25 14 22 16 13 19 6 12 22 14 11 15 12 11 16 11 25 6 21 10 9 22 14 10 12 14 23 14 23 17 20 18 24 12 10 7 23 22 22 17 15 12 24 18 16 14 19 21 23 23 13 12 23 23 23 6 12
20 23 18 18 10 20 7 9 6 20 11 19 21 10 12 23 7 12 8 10 9 19 10 22 18 22 20 8 5 22 17 10 12 14 13 12 9 9 13 15 19 8 22 22 6 22 17 7 22 6 11 12 13 24 14 25 25 19 21 6 19 6 24 20 21 25 20 25 8 20 13 13 9 25 20 15 6 14 15 13
14 10 21 21 16 7 14 15 10 11 9 23 9 23 14 16 12 12 24 11 15 13 13 21 13 8 12 22 5 19 19 5 18 16 13 14 6 22 19 21 17 13 6 20 19 5 24 14 9 25 14 14 18 25 24 12 22 13 12 8 23 19 6 12 5 8 14 14 9 25 22 6 6 13 16 5 5 22 12 13
11 24 11 14 18 19 22 7 24 21 18 22 15 5 21 20 24 23 15 22 24 7 25 22 15 9 13 5 25 12 7 10 13 19 18 13 14 13 12 23 23 5 17 8 15 25 12 19 14 7 13 20 7 12 13 16 13 11 15 8 25 5 23 25 6 14 25 14 20 15 25 21 20 13 21 17 11 10 18 18
19 20 10 14 12 13 20 19 11 22 6 25 15 24 16 20 19 24 8 25 8 24 14 21 12 21 6 20 8 11 20 10 12 9 18 8 7 15 5 25 13 11 20 24 17 19 16 15 14 12 11 8 5 9 24 6 12 16 19 7 8 24 6 8 7 18 11 11 20 12 14 24 21 25 12 19 12 15 12 16
12 16 23 13 15 13 22 22 9 18 9 12 8 20 14 6 11 17 13 9 9 13 18 13 12 16 6 24 14 7 24 7 11 23 18 9 17 9 24 11 9 18 13 7 23 17 25 20 10 9 10 12 15 17 15 7 19 11 14 13 16 22 16 15 22 11 20 5 7 20 9 22 14 17 16 10 22 10 24 25
24 10 20 11 10 12 10 24 13 9 10 22 5 16 19 5 15 13 14 13 18 23 8 20 22 7 25 17 11 21 6 20 9 25 21 18 6 21 12 20 20 18 19 6 7 19 9 7 14 8 16 25 18 23 12 17 5 16 16 24 13 23 12 25 20 11 21 5 9 14 20 16 22 16 6 8 22 10 10 11
23 10 5 14 12 18 21 20 18 15 11 11 7 24 9 19 6 17 14 8 22 16 15 13 17 16 9 24 7 22 12 8 16 22 9 16 21 17 22 23 24 14 20 19 9 19 8 24 14 22 19 22 24 21 6 12 22 21 9 16 15 15 11 10 10 20 20 7 22 22 6 17 6 9 15 8 8 18 9 24
25 16 23 23 9 15 11 17 6 22 13 6 16 5 8 11 14 9 17 25 7 23 13 17 6 11 18 23 14 19 17 21 17 24 17 8 11 17 9 12 18 6 14 18 15 18 12 5 15 9 6 7 10 24 7 17 19 20 15 5 10 12 23 23 25 15 21 20 17 13 10 24 21 9 13 16 15 6 17 8
98 102 97 92 101 95 93 95 98 93
