10
40
24 8 22 13 13 37 27 30 37 31 23 36 50 19 24 10 20 9 10 50 10 38 12 29 27 35 22 36 42 38 9 36 33 21 32 12 26 9 45 37
20 33 30 33 26 11 33 28 39 13 18 21 20 23 38 19 36 14 44 22 15 34 26 8 23 30 34 15 17 21 37 41 13 29 35 33 11 28 18 42
37 14 44 18 14 15 14 36 21 15 23 22 25 27 13 24 17 11 13 49 32 15 9 17 28 28 12 10 17 42 33 31 13 48 29 11 37 45 12 30
38 29 12 29 43 26 47 7 22 27 47 12 36 20 23 48 48 19 28 12 24 47 46 46 48 26 47 26 39 41 20 12 33 31 15 20 39 16 33 31
20 14 24 15 29 36 28 38 25 35 21 27 24 19 13 19 16 15 43 17 37 42 15 33 11 9 20 9 38 41 15 14 36 17 19 8 27 27 36 19
38 41 33 25 41 13 43 28 33 23 41 13 13 32 37 16 45 12 13 45 9 17 25 38 32 30 30 16 15 17 29 10 16 9 13 40 9 31 28 42
28 45 21 44 14 40 32 38 24 36 18 18 38 13 33 34 19 15 28 34 28 22 39 24 37 29 24 43 46 37 38 22 35 10 33 21 28 21 29 33
35 22 7 45 33 10 19 18 37 45 48 28 20 32 14 30 16 22 13 27 34 27 39 23 10 30 29 24 28 11 23 24 21 17 23 13 40 37 28 21
26 19 28 25 35 23 20 32 26 18 17 20 10 33 12 12 23 15 11 21 31 39 11 41 9 34 11 19 10 27 36 28 11 32 22 28 38 38 44 31
34 43 9 20 28 43 11 18 26 37 45 38 41 12 33 30 14 39 20 31 21 38 31 24 11 34 20 13 39 29 10 14 21 38 12 10 37 42 41 29
30 11 23 18 18 47 28 31 43 36 27 43 55 21 36 10 28 15 12 54 12 44 16 41 37 42 26 56 52 45 14 44 47 24 51 15 35 13 54 54
27 48 36 43 30 13 43 36 49 16 22 27 27 30 55 25 51 16 55 26 20 43 32 10 24 47 48 21 18 25 46 51 17 32 44 38 13 36 19 61
50 23 59 21 15 23 15 57 25 20 27 25 28 38 18 33 22 14 21 57 46 16 12 22 34 35 17 14 24 44 47 36 19 58 40 14 49 50 15 45
46 42 21 45 52 35 54 10 27 34 51 15 46 30 27 53 48 28 33 15 28 55 52 51 56 32 49 33 53 45 27 18 44 38 18 25 46 17 48 35
23 21 33 21 47 54 44 48 30 57 32 39 25 20 20 25 17 20 50 23 44 49 21 42 17 14 23 13 53 46 16 15 42 20 30 12 33 40 50 21
56 45 35 32 61 18 52 33 47 28 45 18 18 38 48 20 59 15 19 54 14 26 29 45 35 44 39 22 21 26 43 11 24 16 16 57 10 48 43 57
35 57 31 50 22 50 42 53 30 42 30 23 55 16 48 43 26 25 36 50 40 27 42 25 52 33 30 45 46 50 56 26 47 14 37 30 33 21 40 43
39 31 12 56 40 14 22 22 38 46 59 42 27 36 18 36 23 25 17 36 47 37 50 30 12 40 45 37 34 16 30 30 26 20 26 15 49 56 37 33
32 20 31 37 41 30 22 45 36 23 22 25 17 45 18 20 26 22 16 29 35 57 13 52 14 38 18 24 13 35 43 45 18 38 35 37 46 53 51 31
38 47 10 27 34 53 12 24 40 47 54 54 50 16 43 39 21 53 23 37 27 47 44 35 15 40 32 15 60 38 12 18 31 50 18 10 42 45 53 39
9 9 14 24 11 16 8 19 20 14 14 11 14 24 5 12 11 15 13 10 17 9 13 20 24 13 8 18 8 24 5 10 16 14 23 7 24 9 12 18
20 25 22 23 24 14 17 22 19 20 10 15 13 6 24 5 15 7 7 12 17 18 20 11 20 12 10 8 23 9 17 9 5 24 14 23 7 24 25 15
9 9 11 13 12 25 16 16 19 20 23 10 18 14 20 20 17 7 22 22 9 5 7 23 23 18 19 12 22 9 19 13 9 5 14 22 13 17 22 14
8 13 14 14 5 14 22 7 22 14 10 23 22 18 18 12 15 5 11 12 17 21 21 21 20 18 6 17 12 10 14 21 16 21 9 25 8 13 7 7
25 21 16 9 11 19 6 10 22 16 11 6 21 15 15 20 19 9 19 17 19 22 17 23 8 6 23 5 12 14 5 14 12 23 24 20 10 10 17 14
19 9 5 19 18 25 12 17 23 12 11 21 23 20 16 24 10 8 15 23 19 14 9 5 7 10 25 14 23 7 22 18 18 18 8 14 7 10 11 19
22 12 7 9 8 24 7 12 21 12 10 20 7 22 21 18 8 24 16 14 12 14 18 21 6 25 18 19 5 5 15 13 22 24 19 24 14 5 11 17
16 17 24 6 11 14 7 9 11 13 24 22 17 8 7 21 9 24 21 21 5 16 14 9 7 15 23 8 18 6 13 5 8 13 12 9 23 23 22 20
7 23 16 22 11 18 23 19 6 20 8 9 16 15 5 18 18 25 22 6 13 21 7 10 7 22 21 18 6 7 23 11 25 6 11 17 7 21 18 15
16 11 20 15 23 12 11 10 9 21 5 24 8 13 12 22 18 15 22 25 7 23 17 5 5 9 11 16 10 8 17 13 9 25 17 8 5 24 20 19
45 50 49 46 48 48 48 45 47 46
