10
40
20 26 19 25 32 23 15 22 14 26 22 32 24 33 15 31 30 37 32 23 11 33 36 19 16 30 31 50 24 15 27 12 32 24 16 8 12 25 27 30
28 12 11 6 7 27 23 10 22 9 27 43 32 15 13 34 7 17 11 13 11 44 43 12 20 6 16 22 20 20 27 10 19 28 49 43 28 16 16 13
18 9 41 26 24 22 26 26 10 18 10 18 34 13 40 25 22 14 8 14 25 28 21 27 22 8 38 26 40 13 15 11 33 10 12 27 13 19 34 12
30 32 35 27 34 12 24 29 14 28 36 17 11 32 32 42 20 26 19 17 35 37 27 25 37 25 19 20 30 9 9 21 34 18 23 35 23 26 20 17
26 25 31 24 32 35 30 28 14 44 6 12 20 28 10 34 23 8 17 11 15 16 31 11 26 35 28 11 6 8 44 31 12 20 12 16 8 25 20 29
28 13 13 8 35 29 17 6 38 29 26 28 20 9 39 23 15 24 44 18 23 13 7 32 14 30 35 13 13 8 20 23 33 31 5 12 21 30 32 14
35 27 21 23 11 22 33 11 23 25 17 26 45 10 15 45 13 12 26 31 31 9 40 10 39 11 24 29 36 48 9 17 7 25 19 25 40 11 13 7
39 23 19 28 26 28 36 11 15 12 26 28 26 17 17 37 8 44 9 22 24 8 15 13 29 26 6 22 26 8 28 9 39 38 14 23 46 30 9 11
9 25 36 16 25 9 23 8 7 24 33 28 42 14 29 9 17 12 11 8 13 31 26 36 38 12 29 26 26 21 22 8 20 19 35 7 25 32 20 24
31 10 10 24 15 12 32 25 22 27 35 45 25 7 37 5 28 18 8 26 18 18 32 28 48 17 34 33 36 16 26 12 29 16 24 21 28 12 20 26
31 34 36 62 45 66 29 30 20 50 30 50 54 42 24 41 66 49 66 28 13 48 42 49 43 38 41 57 67 22 40 28 52 54 26 15 27 26 51 39
60 20 12 12 15 44 56 18 55 16 55 72 54 21 13 52 16 44 22 20 17 51 56 34 23 16 43 47 30 61 39 18 51 41 56 47 33 21 20 30
34 17 57 57 53 41 54 59 15 35 25 29 61 19 42 52 36 30 13 33 44 43 56 54 38 14 53 33 50 16 43 16 52 18 23 46 23 20 60 23
40 42 59 49 61 17 39 48 22 71 41 48 11 50 35 49 31 44 33 34 51 58 29 42 61 47 35 38 56 12 14 37 59 41 44 52 29 52 29 38
36 49 45 32 55 37 64 68 24 68 11 21 26 34 13 70 34 13 18 14 15 16 70 14 30 58 37 26 13 21 49 43 28 29 25 17 19 42 29 48
42 18 29 15 64 47 40 10 46 54 57 34 30 14 43 67 20 26 60 47 44 26 16 54 16 40 49 26 34 16 44 39 40 50 12 17 43 33 39 16
36 32 42 47 15 56 49 18 42 56 25 37 63 12 26 71 40 16 41 55 41 13 63 26 56 17 33 49 53 65 11 42 14 49 20 45 65 18 26 16
50 45 21 43 58 55 60 17 36 22 47 55 42 37 20 49 22 52 13 33 37 24 20 35 36 38 13 44 51 18 46 18 68 56 22 36 65 43 20 24
18 37 60 34 39 17 61 17 12 42 33 40 51 15 43 22 36 19 21 20 17 45 37 42 51 25 45 30 26 51 43 17 27 30 47 16 35 56 36 60
56 31 22 35 26 17 48 30 33 54 50 59 48 14 55 11 46 21 14 48 34 34 37 42 63 51 46 54 41 22 30 18 37 36 35 29 46 31 36 42
19 19 8 13 7 13 15 5 25 17 6 17 9 18 25 7 16 25 10 5 21 16 25 6 16 21 18 20 11 5 6 12 8 12 15 24 10 9 22 22
14 7 7 17 10 7 16 10 14 11 8 17 24 13 12 23 14 20 17 5 19 19 22 14 11 12 19 20 19 16 18 8 13 11 11 7 18 14 14 14
17 8 17 6 24 14 8 9 11 13 19 13 24 11 12 5 13 24 23 8 24 23 25 9 17 16 23 22 13 17 8 12 16 17 11 23 5 14 20 18
10 22 20 14 7 8 11 10 15 25 16 17 5 10 10 7 13 21 12 11 15 25 14 18 21 8 15 13 10 22 16 25 7 23 25 23 24 25 16 14
11 22 14 14 5 13 9 8 7 17 16 10 17 18 11 7 15 7 15 6 17 14 17 24 18 21 23 13 5 5 11 21 16 13 18 9 20 15 25 19
23 25 19 14 8 9 9 16 20 8 7 14 19 21 5 13 9 14 9 23 20 10 8 19 18 11 16 14 20 10 23 5 15 18 9 20 16 22 22 24
13 16 12 7 7 25 13 11 9 11 9 6 13 6 24 18 23 16 23 21 15 7 16 17 21 21 23 25 22 9 8 8 6 8 17 19 7 16 15 18
21 11 9 24 25 14 20 6 11 20 17 24 9 22 5 25 9 8 21 7 5 18 15 11 11 13 15 25 24 19 16 12 21 6 25 14 12 5 8 16
21 7 6 18 24 25 18 20 8 8 12 8 23 25 16 12 13 10 6 18 14 8 25 18 6 19 18 19 8 23 24 18 6 14 23 19 17 15 24 14
20 19 11 10 23 17 8 17 13 10 17 18 15 11 16 17 6 21 16 21 23 19 7 7 19 6 7 24 21 5 24 22 24 8 18 14 15 15 19 7
46 45 48 49 45 48 46 47 50 48
