10
40
35 30 21 27 23 26 31 30 18 35 9 48 28 36 29 37 36 43 13 42 12 37 23 33 23 38 10 37 13 21 34 17 21 15 28 12 12 29 9 43
21 16 33 38 28 34 26 31 24 21 19 15 8 14 41 9 20 26 34 11 15 36 11 16 12 35 22 19 35 20 24 38 37 36 24 29 22 22 20 29
18 30 42 24 26 26 36 43 15 36 15 22 17 35 29 9 19 25 22 14 14 20 34 19 18 30 11 40 26 13 39 14 22 36 34 14 26 14 39 21
19 33 24 11 37 34 38 29 16 17 21 18 24 34 22 13 37 20 21 19 24 38 28 21 33 22 37 8 11 33 15 40 23 31 28 15 35 19 37 44
47 14 39 19 21 23 14 39 19 15 20 40 8 26 29 9 25 25 28 20 27 36 15 30 41 12 48 31 15 40 12 40 14 44 40 30 9 41 21 31
32 30 28 13 14 37 17 12 26 12 30 39 32 42 21 32 11 28 27 46 24 42 21 47 38 19 36 11 16 23 39 25 35 24 10 14 39 16 15 18
43 14 9 23 19 32 32 38 32 30 18 18 12 46 12 36 12 27 21 14 40 28 28 24 28 33 18 44 13 39 25 14 29 33 17 26 37 26 41 44
45 26 31 33 16 38 16 39 25 32 32 43 46 32 9 18 41 36 18 27 29 25 22 19 17 33 35 14 36 34 10 28 10 14 23 17 14 29 17 44
38 27 35 45 16 25 17 26 12 34 25 12 28 10 12 22 21 15 33 47 14 34 24 32 10 21 30 44 22 29 25 35 32 38 26 15 19 27 18 22
36 11 21 28 23 27 21 9 27 17 9 13 19 44 13 24 32 38 24 10 17 20 34 40 45 29 32 39 28 19 17 46 34 17 26 24 28 12 31 17
43 50 25 32 30 33 49 44 26 52 14 51 29 57 33 39 40 60 16 61 16 54 31 51 26 43 14 44 20 23 40 20 29 19 36 19 18 34 12 53
31 26 50 50 38 42 35 37 33 29 26 16 12 19 47 15 30 36 43 15 16 59 15 17 15 37 22 23 43 30 35 57 49 57 27 42 23 37 28 35
25 37 57 29 30 30 45 50 22 36 20 23 19 44 36 15 22 39 30 19 22 31 43 27 24 34 15 50 31 17 59 18 26 55 42 20 38 21 47 21
20 41 33 17 48 39 58 48 23 19 21 25 36 38 36 16 39 25 29 30 36 48 32 30 55 28 47 11 14 42 21 43 30 34 36 23 46 22 58 53
54 19 43 27 25 25 20 58 27 18 24 50 11 37 46 10 33 32 35 30 36 54 16 45 45 17 52 42 25 43 12 45 18 53 49 38 15 44 27 50
48 41 44 15 17 41 17 16 36 18 38 55 37 55 28 39 13 33 40 53 31 53 30 50 50 23 51 13 18 29 45 38 46 36 15 16 45 22 22 24
49 22 11 29 24 42 46 42 38 35 23 25 17 51 19 43 13 41 28 16 46 35 37 25 41 34 19 50 16 50 25 18 38 51 21 34 49 37 46 48
51 34 47 42 20 42 16 48 33 45 46 48 55 47 13 28 45 47 19 38 33 36 26 24 24 47 42 16 46 50 13 40 13 19 36 18 18 42 21 50
52 38 48 49 19 38 25 37 15 47 28 13 39 11 17 27 35 22 40 52 18 56 28 37 15 27 41 48 29 39 41 44 38 48 38 20 24 33 21 27
36 12 31 40 37 42 25 11 35 19 14 15 20 52 15 35 38 48 32 11 24 31 49 53 59 35 49 50 38 29 21 55 49 19 32 38 30 16 36 19
15 13 16 8 20 11 10 21 24 6 5 23 13 13 23 17 5 10 24 20 7 22 16 18 10 8 24 14 20 12 15 24 14 23 17 16 20 6 16 23
11 9 24 12 15 23 8 13 23 7 18 18 23 15 19 22 11 24 8 14 9 15 21 18 21 11 17 5 15 16 5 21 24 6 8 9 16 9 25 21
7 16 20 25 22 16 11 25 16 21 14 5 10 16 11 18 20 21 9 10 12 8 13 25 14 22 16 13 19 6 12 22 14 11 15 12 11 16 11 25
6 21 10 9 22 14 10 12 14 23 14 23 17 20 18 24 12 10 7 23 22 22 17 15 12 24 18 16 14 19 21 23 23 13 12 23 23 23 6 12
20 23 18 18 10 20 7 9 6 20 11 19 21 10 12 23 7 12 8 10 9 19 10 22 18 22 20 8 5 22 17 10 12 14 13 12 9 9 13 15
19 8 22 22 6 22 17 7 22 6 11 12 13 24 14 25 25 19 21 6 19 6 24 20 21 25 20 25 8 20 13 13 9 25 20 15 6 14 15 13
14 10 21 21 16 7 14 15 10 11 9 23 9 23 14 16 12 12 24 11 15 13 13 21 13 8 12 22 5 19 19 5 18 16 13 14 6 22 19 21
17 13 6 20 19 5 24 14 9 25 14 14 18 25 24 12 22 13 12 8 23 19 6 12 5 8 14 14 9 25 22 6 6 13 16 5 5 22 12 13
11 24 11 14 18 19 22 7 24 21 18 22 15 5 21 20 24 23 15 22 24 7 25 22 15 9 13 5 25 12 7 10 13 19 18 13 14 13 12 23
23 5 17 8 15 25 12 19 14 7 13 20 7 12 13 16 13 11 15 8 25 5 23 25 6 14 25 14 20 15 25 21 20 13 21 17 11 10 18 18
49 48 48 53 45 52 46 45 52 49
