10
80
17 31 29 10 27 10 19 28 29 47 12 24 28 11 47 40 37 34 29 14 28 43 39 19 18 24 38 34 24 34 13 35 11 26 15 28 24 7 34 35 42 29 28 38 46 34 18 37 35 21 21 35 25 37 30 50 26 37 15 18 17 37 32 24 14 31 32 37 24 19 8 27 32 8 33 17 24 28 39 36
33 44 24 30 12 35 14 40 41 10 18 37 33 18 39 9 36 33 19 37 10 39 16 16 24 32 35 23 33 44 15 18 28 15 13 33 20 13 28 30 21 21 28 21 41 36 16 48 19 28 38 50 30 29 20 20 39 39 37 10 36 16 18 28 24 46 16 26 37 9 14 9 10 31 11 21 7 38 33 23
29 27 10 17 14 31 32 39 47 34 12 36 42 27 16 14 24 28 34 22 40 27 17 22 29 23 26 37 15 15 34 13 45 9 10 38 33 33 15 40 32 11 36 34 21 11 31 17 10 12 39 20 13 20 32 23 13 23 30 34 24 39 16 15 35 22 43 44 41 20 24 11 17 21 26 41 28 31 42 33
35 30 30 33 28 27 33 11 24 34 41 31 29 16 41 23 32 38 26 35 16 35 9 32 16 41 40 40 46 16 40 31 39 16 26 27 18 12 34 32 15 37 30 15 27 20 41 25 24 24 47 27 20 29 27 40 30 42 34 16 17 11 12 24 32 26 23 24 9 10 33 13 17 44 10 21 30 16 7 37
35 15 36 36 42 14 32 34 28 21 14 46 37 30 22 38 39 28 26 29 17 24 29 44 27 41 39 39 12 43 19 17 27 9 37 45 27 8 8 30 35 36 21 10 11 33 41 33 9 43 47 37 21 23 29 14 33 31 16 27 9 19 34 38 19 22 16 27 36 16 43 29 29 21 40 11 32 14 30 48
9 8 43 8 31 18 37 24 23 33 27 21 26 29 41 47 36 23 46 32 12 39 21 27 31 25 42 10 35 17 39 8 16 23 33 28 9 22 35 42 28 41 46 31 45 50 34 47 34 37 13 27 45 29 18 27 19 34 22 32 27 10 37 26 25 33 34 24 29 7 19 43 10 30 31 49 13 40 23 35
11 17 24 25 42 13 26 20 21 25 20 17 42 38 29 35 10 43 29 42 30 36 37 22 39 16 9 35 23 14 22 13 42 39 33 36 21 19 28 42 42 19 26 12 33 23 22 24 32 9 39 12 36 33 10 40 27 40 25 27 37 32 21 26 18 24 44 20 36 39 32 31 11 12 46 17 20 44 28 23
39 24 31 36 26 33 36 39 11 17 14 43 21 30 21 34 20 26 38 39 34 22 22 35 38 29 22 45 25 43 27 10 11 32 11 32 23 21 13 41 20 40 34 22 47 32 24 32 15 32 32 34 24 42 20 26 18 8 33 9 44 23 35 18 27 9 17 47 39 23 18 15 36 40 14 13 11 8 22 38
12 24 9 24 26 22 25 41 33 44 39 16 12 45 30 8 24 10 45 33 17 29 26 22 23 18 13 32 13 30 40 21 34 18 14 33 39 37 15 30 24 32 20 24 23 29 35 7 19 12 22 32 19 24 10 16 11 29 35 36 22 14 40 10 12 45 33 35 25 34 28 11 44 30 12 26 45 20 12 15
14 7 44 27 13 38 10 12 11 25 21 21 33 27 24 28 24 18 25 28 14 20 38 26 14 21 14 24 27 13 8 37 24 13 10 36 13 12 19 33 19 12 37 27 18 44 13 39 40 21 19 40 17 32 11 37 38 21 42 17 10 45 12 33 16 32 41 32 11 38 24 21 27 12 11 28 25 43 38 37
20 49 42 12 33 16 25 33 42 57 18 24 35 13 57 50 51 45 36 19 36 45 51 28 27 35 42 40 30 49 16 39 15 40 22 44 31 12 43 39 60 44 31 54 57 42 22 45 43 33 29 43 34 50 35 54 34 47 19 24 20 42 43 28 14 43 33 44 27 26 12 33 47 13 44 25 30 37 57 46
36 55 30 41 18 49 17 45 49 12 25 47 50 23 52 14 48 51 28 45 17 54 19 25 30 45 47 35 41 47 20 26 35 19 16 41 27 15 37 33 24 30 43 29 56 37 16 57 23 34 39 61 34 41 26 25 50 48 43 13 51 16 27 36 29 53 17 29 47 10 17 14 14 45 13 30 12 45 54 36
30 41 15 22 19 38 43 52 50 47 15 48 48 45 19 15 32 43 37 29 52 40 21 25 44 26 35 50 18 18 50 16 58 12 13 57 41 43 18 46 39 13 45 46 25 11 39 19 12 15 56 24 19 29 44 27 17 35 32 36 27 44 26 20 44 30 45 52 53 27 31 13 23 25 31 49 28 40 51 38
48 41 37 45 38 37 46 12 26 44 47 43 46 20 43 31 43 48 40 48 20 35 15 39 18 52 54 59 48 17 42 45 51 21 36 34 29 15 50 36 21 52 39 22 41 29 57 32 29 32 55 32 25 44 34 53 39 45 55 20 24 17 18 29 39 34 29 31 12 14 51 17 21 50 12 25 40 21 11 43
35 15 52 55 61 18 45 41 32 28 22 50 49 38 27 52 46 32 34 33 19 25 39 47 42 51 50 53 17 55 24 22 33 12 52 54 39 12 11 41 37 41 30 15 16 51 53 42 13 57 53 40 29 31 36 18 47 41 24 41 16 21 43 46 21 32 18 33 38 19 52 44 37 24 46 12 40 20 39 52
12 10 45 11 41 26 42 27 32 40 27 25 36 35 55 53 45 34 51 37 16 40 24 38 49 27 55 16 39 17 43 13 19 33 42 32 16 28 50 49 44 47 55 38 50 57 41 52 47 44 15 36 47 36 27 35 29 36 36 46 32 17 46 37 30 53 39 28 38 11 23 56 13 39 48 59 21 50 33 38
14 21 35 33 44 18 34 24 27 29 29 17 48 43 40 45 15 55 32 55 36 45 41 35 50 21 13 42 31 16 22 15 43 46 39 38 23 28 32 52 44 28 32 17 43 26 26 35 42 13 57 19 53 41 13 53 34 62 39 30 51 43 32 32 21 35 50 26 47 50 39 42 17 14 58 20 25 53 35 28
53 37 47 41 26 50 45 45 15 25 15 54 28 41 31 54 30 33 46 51 40 30 29 48 46 36 32 58 32 51 37 14 14 49 13 51 30 29 20 53 24 44 44 30 51 36 28 40 15 42 47 51 36 48 23 31 25 12 43 11 46 29 48 26 37 13 21 53 48 33 25 17 52 51 22 15 15 11 23 51
13 31 12 32 30 36 33 50 40 57 47 26 12 57 46 13 31 15 59 39 21 32 33 28 26 19 18 33 13 44 54 23 39 20 16 42 46 51 25 43 36 44 27 37 29 38 45 12 31 17 30 45 19 28 15 26 12 30 39 42 27 23 52 13 15 50 41 47 26 36 28 13 47 36 17 43 51 25 19 25
19 10 53 33 18 49 10 15 12 35 26 27 46 28 28 38 34 21 34 40 18 24 58 36 15 26 21 33 37 16 13 46 29 22 13 47 18 16 27 41 23 13 47 41 22 62 16 42 47 30 26 53 22 39 14 58 46 28 56 23 14 57 15 40 18 44 56 41 16 53 36 26 34 16 13 34 28 60 49 52
6 8 11 6 13 6 5 21 10 10 21 6 19 12 7 24 9 18 20 9 17 14 13 22 8 18 25 8 21 8 21 23 17 11 13 9 16 11 21 14 13 23 9 23 10 7 25 5 16 14 19 25 6 11 17 10 14 8 23 23 15 22 16 11 17 6 18 9 23 20 19 20 8 22 5 13 18 10 6 7
25 17 22 25 22 6 22 14 5 18 15 18 9 5 24 14 17 20 25 23 7 24 18 11 14 20 10 22 7 19 18 12 15 8 22 8 16 17 8 19 7 10 16 17 8 25 10 5 24 9 19 8 20 5 23 23 6 15 10 10 25 5 12 6 20 22 16 15 15 11 5 9 6 24 5 5 15 16 12 22
19 25 11 7 5 21 24 11 18 21 18 6 8 10 25 17 12 21 9 25 5 9 7 13 20 25 9 8 8 5 10 20 22 25 22 21 6 12 18 15 16 18 14 16 16 7 21 10 18 23 13 19 5 23 14 18 5 11 21 13 21 13 9 19 8 22 12 10 23 20 11 12 5 24 23 5 19 21 10 17
21 13 5 22 13 12 12 14 15 14 19 8 24 9 5 18 10 18 13 20 7 8 11 23 5 22 18 6 6 6 9 6 21 12 8 17 21 13 16 12 18 13 7 24 25 14 16 19 14 8 23 14 13 19 15 8 14 8 16 6 25 11 21 11 12 7 12 9 18 8 24 25 18 23 18 9 6 21 7 23
25 17 22 20 5 21 25 11 24 13 22 19 13 13 13 24 9 21 12 7 9 15 20 23 18 25 8 19 9 13 12 14 22 22 22 25 8 16 9 16 25 14 5 16 10 23 23 18 19 25 12 19 17 20 18 23 13 15 23 25 7 6 8 18 23 8 15 17 23 18 23 8 22 23 25 11 10 19 9 10
6 23 19 12 19 22 16 20 19 20 11 22 14 6 21 21 19 17 6 7 24 9 7 13 16 20 23 21 24 14 22 16 12 7 7 19 9 9 16 11 25 15 8 5 17 11 20 8 21 18 21 5 24 6 9 18 7 19 8 21 15 12 13 15 13 6 19 10 18 5 11 15 17 11 19 13 21 8 22 9
13 12 14 5 11 17 24 13 8 25 18 9 8 7 5 25 24 17 21 19 13 21 16 11 18 7 10 24 5 20 11 15 16 12 5 20 11 16 8 7 10 12 12 25 22 5 23 6 12 6 6 21 15 20 15 20 5 15 17 17 9 16 18 16 9 23 23 25 24 16 10 13 20 7 20 8 11 23 19 22
6 14 16 9 5 17 16 24 16 16 22 13 25 19 16 24 6 19 18 15 7 14 23 23 21 10 16 20 7 7 12 13 6 12 14 24 19 18 16 25 19 25 12 15 21 23 9 12 17 6 10 9 15 25 24 9 11 8 21 25 18 20 9 25 11 22 14 20 6 20 16 8 24 25 20 25 24 13 25 17
7 24 25 5 17 8 17 9 8 23 20 25 6 9 20 23 16 16 14 19 16 12 25 21 12 14 7 8 16 5 18 13 21 20 13 25 19 21 16 18 22 25 8 5 13 19 23 14 10 21 19 21 13 13 15 7 5 18 19 11 14 8 8 18 17 14 14 6 23 6 15 13 22 19 25 15 15 21 21 5
24 10 19 6 16 15 7 18 20 17 8 21 15 19 25 11 9 19 10 15 7 22 21 14 10 17 14 19 24 21 5 7 17 13 12 21 23 20 10 22 6 20 14 5 7 9 19 11 11 16 13 12 7 16 21 21 10 7 9 8 9 14 12 8 11 5 21 6 6 20 15 9 15 8 21 14 19 19 11 20
90 94 95 90 106 94 94 104 98 90
