10
40
15 9 24 23 45 9 19 41 37 34 26 22 17 11 20 17 9 10 24 26 18 39 16 28 35 29 49 38 11 29 16 24 25 24 37 40 26 47 36 33
39 27 36 8 33 27 37 23 16 13 44 20 18 15 37 13 18 29 28 11 34 29 16 25 23 32 42 40 32 23 28 22 42 45 34 11 14 27 38 32
40 22 36 44 13 14 27 26 28 31 31 28 22 27 32 30 10 14 32 33 37 10 30 47 8 39 36 29 33 38 9 38 13 17 26 13 24 32 21 12
38 36 19 33 18 8 32 16 18 21 25 12 19 28 17 40 12 17 37 39 25 15 26 27 11 31 11 15 18 40 21 15 34 37 24 22 45 9 18 29
24 10 40 39 48 39 24 12 37 27 9 26 36 11 26 40 23 19 27 13 31 26 38 25 17 26 39 20 13 36 9 12 35 32 22 46 36 24 40 32
14 37 29 40 20 18 33 41 36 20 33 15 12 19 9 14 34 18 37 41 21 36 33 23 12 31 30 38 11 31 10 38 18 16 27 8 29 39 16 23
26 19 10 29 17 42 43 9 32 34 35 23 32 31 26 13 15 16 30 39 31 26 43 24 33 29 30 38 25 18 14 40 26 28 8 27 34 10 33 29
10 34 16 32 21 22 35 31 34 36 27 47 37 38 28 39 38 41 34 15 12 35 18 16 19 43 39 34 14 28 21 30 14 24 21 18 15 15 20 13
21 23 26 35 23 38 40 14 24 38 11 18 18 21 23 47 25 38 24 20 38 18 19 28 16 12 22 43 42 20 17 46 34 40 32 9 30 21 25 39
26 47 40 48 34 39 41 7 32 46 44 36 40 23 10 38 24 30 15 21 41 11 44 10 26 15 49 48 30 15 40 29 9 8 16 15 24 30 15 45
18 11 31 25 62 14 21 50 45 37 29 23 21 14 28 19 12 15 27 39 27 52 19 33 39 31 54 41 11 35 22 34 34 27 48 52 36 49 41 47
53 35 49 13 44 34 55 30 17 18 56 32 19 23 61 18 26 37 35 16 48 42 25 36 25 32 52 42 47 29 39 33 57 53 41 12 23 35 48 43
53 31 45 53 16 22 33 36 31 42 49 43 32 34 51 40 15 17 42 55 52 10 38 56 12 47 49 38 47 49 13 48 21 19 29 18 30 44 29 19
45 49 27 45 23 12 45 24 25 29 36 18 21 36 21 43 13 24 49 56 28 15 33 28 16 40 13 17 29 51 30 20 38 51 30 32 60 11 26 39
40 12 42 43 53 41 37 20 53 29 11 33 49 17 32 50 32 28 34 17 44 42 48 38 22 42 49 25 16 38 12 17 47 40 27 50 37 33 49 46
19 44 39 47 25 22 46 52 44 22 37 20 16 26 15 14 38 28 49 51 26 48 43 31 15 47 35 51 16 49 14 51 27 20 36 12 30 47 17 34
26 22 15 41 24 58 49 15 46 52 43 24 45 51 31 17 23 20 43 47 49 37 53 36 36 35 45 53 29 21 21 49 37 34 13 43 37 10 37 32
13 42 19 39 30 28 42 42 49 52 38 51 47 45 40 52 57 46 43 15 19 50 22 27 28 51 55 48 15 34 31 33 18 35 30 21 15 21 22 15
26 29 36 48 33 40 54 15 33 49 13 22 30 27 30 52 30 46 31 23 49 25 22 38 21 20 30 51 50 24 20 49 48 50 42 13 37 30 40 43
43 59 49 55 46 52 53 12 42 57 57 44 49 27 10 53 31 36 22 23 48 15 53 13 38 19 60 53 50 20 55 42 12 10 24 17 40 45 18 51
16 8 18 15 13 18 20 13 15 5 20 23 16 22 25 15 20 18 18 17 11 24 6 18 15 18 16 6 13 22 25 19 15 5 10 8 21 10 8 25
24 14 12 21 7 19 6 6 9 5 20 21 14 20 21 24 16 11 16 16 25 20 21 15 8 13 8 11 10 19 17 9 8 18 17 6 18 8 18 25
17 6 24 15 22 25 18 10 17 19 10 13 19 12 19 16 6 14 21 6 17 11 14 8 9 23 5 9 17 6 16 22 21 19 12 25 7 11 11 8
6 23 5 7 25 21 20 24 18 23 6 19 11 5 16 22 5 5 17 21 7 20 24 7 18 12 16 15 21 24 21 9 8 14 12 10 25 16 8 20
5 23 5 15 22 12 6 12 7 14 16 11 13 7 8 17 20 6 11 11 6 18 11 8 5 18 8 13 17 24 17 8 11 12 9 23 11 13 12 25
5 8 12 13 9 17 7 23 15 15 19 25 5 22 14 18 14 7 16 10 19 18 23 14 11 18 11 10 19 22 10 23 5 18 23 21 12 9 20 22
9 20 9 22 18 14 8 14 8 10 7 16 22 5 12 22 17 19 14 7 21 23 20 14 9 5 11 10 10 18 15 9 22 17 15 14 16 24 18 15
18 24 18 6 14 24 14 21 18 5 6 5 10 9 9 6 14 24 6 18 10 5 6 24 10 11 18 13 11 11 13 18 9 15 10 18 20 21 7 18
20 20 20 18 15 9 11 7 15 17 25 21 15 5 14 25 8 20 5 13 9 10 10 23 25 5 12 8 21 18 14 25 24 13 17 16 21 21 7 8
22 20 7 18 23 25 25 12 5 12 11 7 14 25 13 10 23 5 20 20 12 5 24 11 8 10 24 18 6 12 22 21 22 20 23 10 9 19 10 7
50 47 46 48 40 48 46 42 48 48
