10
80
36 19 29 38 36 31 30 41 22 44 40 19 15 25 49 10 16 26 35 33 34 27 24 28 38 11 21 22 22 40 14 36 37 30 13 34 11 24 27 10 47 32 23 45 23 27 26 12 16 29 42 9 38 32 21 24 45 26 15 15 40 12 9 32 12 14 48 11 10 24 32 45 36 10 10 16 36 37 22 32
46 25 25 15 42 38 45 34 30 36 33 37 44 46 16 10 41 38 10 28 46 28 45 11 12 45 9 43 11 24 45 41 13 22 47 40 14 16 30 15 34 26 25 49 19 38 10 36 9 27 37 43 35 49 40 46 28 32 40 13 15 22 46 31 41 24 29 30 27 28 22 15 10 39 30 47 39 37 30 18
17 11 29 37 18 9 46 21 12 13 43 37 31 44 19 13 18 11 20 29 38 10 18 41 15 20 34 39 46 28 30 19 47 43 28 18 17 14 12 35 41 36 34 15 39 10 14 33 20 28 47 25 27 31 25 19 28 25 13 35 37 22 39 27 30 43 47 16 13 27 34 40 21 29 12 27 38 27 12 25
34 18 28 15 9 35 12 39 14 41 14 38 34 13 37 37 15 27 26 31 21 39 9 39 26 18 10 44 37 11 14 43 45 37 45 47 37 22 11 42 14 45 43 24 19 14 26 10 40 31 38 26 37 16 17 18 26 43 29 39 27 28 23 17 24 30 11 43 23 50 23 40 19 30 16 49 32 22 25 12
12 42 17 43 30 35 24 14 29 12 34 27 30 17 24 12 19 15 33 43 11 40 22 13 13 24 37 42 46 19 19 49 37 27 18 17 24 32 45 29 35 23 12 28 21 42 41 43 33 29 39 25 20 26 32 21 20 22 49 35 34 49 45 36 11 10 39 32 39 45 35 29 43 20 42 25 18 37 12 18
14 9 9 35 32 17 13 47 43 13 23 37 12 12 34 29 19 42 41 22 12 15 45 16 36 27 45 35 19 38 26 41 24 39 17 44 12 39 13 42 42 39 39 36 11 37 11 25 23 39 50 43 30 20 44 36 31 39 12 12 18 25 34 25 42 19 23 33 9 31 21 28 23 20 28 23 23 44 16 39
17 14 43 32 11 14 23 30 42 42 13 13 48 42 36 30 41 39 47 22 18 28 29 45 42 36 43 26 37 30 15 46 26 40 36 9 29 36 25 37 33 30 9 36 40 27 21 19 20 11 35 30 26 14 47 43 44 12 46 36 23 40 30 15 25 31 43 33 25 45 28 34 41 36 25 32 21 28 42 26
12 20 36 34 10 28 14 20 44 37 30 47 35 10 13 39 29 17 47 15 21 13 14 10 45 30 12 41 22 40 22 44 42 22 19 31 31 11 44 9 44 37 21 13 35 18 13 32 39 28 50 18 21 11 25 15 37 37 12 14 46 26 21 41 15 38 11 44 12 14 25 20 35 28 45 17 11 10 10 43
11 31 25 33 31 24 34 33 29 34 36 36 47 24 18 18 18 24 11 27 27 24 16 10 20 23 29 18 33 24 34 20 12 18 40 14 47 45 25 13 23 18 44 26 44 14 14 19 18 41 35 9 34 18 43 28 10 48 27 27 41 17 50 32 21 42 10 32 13 21 37 20 21 45 34 33 10 26 18 18
49 13 24 28 10 25 36 46 27 25 22 44 44 33 32 26 14 14 30 13 29 38 35 42 11 37 12 25 34 50 14 15 20 48 14 49 14 24 45 33 30 30 16 39 46 28 9 40 39 40 40 26 30 45 10 38 20 18 10 15 41 43 31 34 35 36 15 24 11 16 19 37 29 40 26 25 43 12 29 22
43 23 31 41 38 36 36 42 24 46 48 20 17 26 52 11 16 28 37 36 40 28 28 32 44 12 22 24 27 40 17 42 40 34 14 39 13 28 30 10 50 37 23 49 26 33 28 13 18 33 48 10 40 36 25 27 49 28 15 17 45 15 10 35 12 16 49 13 12 28 34 52 41 11 10 18 41 45 23 37
55 25 29 17 48 47 53 36 32 40 33 40 47 48 16 12 48 39 10 33 51 30 52 13 14 47 11 49 13 27 52 45 15 24 50 45 15 17 33 17 40 28 26 49 22 44 12 41 11 28 40 46 38 50 48 53 33 37 41 14 17 23 51 34 44 26 34 35 30 29 24 18 11 41 36 51 44 38 33 20
18 12 34 43 19 11 49 21 14 14 49 42 34 46 19 14 19 11 23 33 41 10 21 44 18 25 37 41 49 30 35 20 50 49 31 21 18 15 14 37 45 39 36 17 42 13 15 37 21 29 55 27 27 36 26 22 29 26 16 38 45 24 44 29 31 46 52 17 14 30 38 49 26 35 14 28 43 27 15 28
35 22 29 17 11 42 13 44 15 45 16 41 37 14 38 45 17 29 26 31 23 39 11 45 29 19 13 45 40 12 16 43 50 38 49 54 40 25 12 46 15 47 48 27 23 14 31 11 41 37 43 27 43 18 19 18 26 45 30 39 28 33 26 20 27 34 13 45 26 52 25 45 20 36 17 55 32 24 28 13
13 50 17 50 37 39 25 15 30 15 36 30 32 19 24 13 22 17 37 48 13 46 24 14 16 26 43 46 49 22 20 52 40 30 22 18 26 38 51 33 38 23 15 33 23 45 46 48 36 31 42 28 22 30 33 23 22 24 52 38 38 50 49 39 11 12 44 37 43 52 42 34 48 24 46 28 20 39 13 22
15 10 12 37 33 18 13 50 45 14 25 38 14 14 35 33 22 45 45 27 15 15 50 18 40 32 52 40 21 40 27 45 26 43 18 49 14 45 15 45 50 43 44 42 12 43 13 30 24 43 53 48 32 23 48 41 37 46 15 13 20 26 36 26 48 22 26 39 11 34 22 34 25 21 31 27 28 45 17 48
19 14 51 35 13 14 24 30 49 45 13 16 52 45 43 34 49 42 50 25 18 34 33 49 44 40 48 29 39 35 15 52 26 47 41 11 30 43 29 38 36 34 12 41 47 27 22 21 23 11 41 30 28 17 51 48 52 12 46 37 27 45 33 15 27 31 45 37 26 52 28 40 45 43 29 37 23 34 46 27
13 21 41 37 13 28 15 21 50 42 33 47 38 11 14 48 32 17 50 17 22 16 16 12 53 35 13 45 24 42 26 49 47 25 20 35 34 13 51 11 44 41 25 13 39 20 15 34 40 29 54 20 23 13 28 16 45 42 13 15 55 30 23 48 18 40 12 49 12 15 28 22 38 35 49 19 11 11 11 44
12 31 26 37 38 25 38 35 33 39 44 38 53 28 22 23 22 24 13 28 30 28 17 12 20 28 35 22 36 27 37 23 13 18 41 17 51 48 28 15 27 19 50 30 44 14 16 23 18 45 37 11 35 20 46 34 11 52 30 28 44 19 53 33 25 42 12 39 15 23 43 22 22 48 37 38 11 30 21 19
50 14 24 32 11 26 38 48 27 27 23 47 46 36 34 31 16 16 32 14 32 40 40 49 13 39 14 28 38 51 15 18 22 52 14 51 15 26 47 33 37 33 19 41 49 30 12 46 40 41 42 27 33 45 10 41 23 19 12 15 45 48 38 37 40 39 17 24 13 17 22 45 34 45 27 26 48 15 30 26
22 12 14 12 23 10 13 7 11 20 10 18 25 16 9 23 14 18 24 6 7 18 19 5 9 18 12 14 18 16 11 9 25 19 20 18 22 18 15 23 15 16 17 13 5 16 18 6 22 14 20 16 14 22 8 17 18 9 21 25 6 8 6 17 20 11 12 14 14 18 16 25 19 15 12 9 18 13 5 15
5 12 17 7 10 15 10 23 11 16 17 25 23 24 21 7 21 20 16 24 20 7 22 13 7 10 22 12 14 11 23 20 10 20 13 25 12 20 9 11 23 9 20 22 19 11 7 21 21 7 23 11 14 13 20 7 21 7 18 13 24 7 5 9 14 14 11 10 13 9 19 13 20 8 15 6 21 13 25 18
6 9 7 21 5 15 8 8 16 25 18 22 11 6 16 16 15 5 22 12 21 9 18 22 8 6 14 9 12 22 19 21 23 8 14 19 24 24 8 20 5 8 6 9 19 7 24 13 24 15 19 16 22 14 13 9 9 8 13 22 12 21 22 12 8 23 10 12 11 21 8 25 19 19 15 8 24 20 25 15
8 14 6 10 18 13 15 10 20 7 17 19 18 25 12 19 21 20 13 11 7 18 25 7 23 5 19 14 19 25 19 16 15 6 12 24 6 23 23 21 14 10 15 14 19 21 14 6 13 18 23 25 8 21 17 17 18 11 23 20 16 13 14 13 23 5 10 7 22 14 19 17 22 14 25 23 25 5 20 21
14 8 8 25 7 23 13 19 22 8 15 24 20 9 5 25 9 19 24 13 14 7 16 19 9 8 7 24 20 8 25 12 8 12 23 22 13 13 6 22 10 22 12 24 14 6 12 10 9 24 17 14 10 15 8 25 18 12 11 14 5 9 12 9 18 21 6 11 8 7 17 17 13 6 16 17 17 11 21 9
11 6 5 24 13 22 22 15 8 17 13 14 18 20 12 24 21 20 6 8 16 16 11 16 17 9 13 5 25 20 24 24 21 7 8 19 22 20 23 12 14 5 13 24 9 22 21 7 10 24 16 8 12 19 21 10 25 8 20 10 6 22 21 18 20 19 11 16 12 17 8 20 6 10 19 6 11 9 19 14
17 20 13 9 11 7 5 15 16 13 16 15 11 15 16 14 7 21 6 13 15 10 20 22 13 17 24 5 8 8 17 19 6 25 25 10 23 25 8 24 6 24 8 22 24 10 22 18 19 7 13 9 19 8 5 25 18 22 9 25 23 14 7 17 24 7 20 10 13 25 23 14 8 12 9 17 22 10 15 18
24 24 15 5 7 9 19 15 21 12 20 10 12 14 12 6 5 8 18 10 24 13 24 24 8 21 21 7 24 8 20 20 9 5 24 24 22 6 22 21 18 6 9 10 11 7 17 6 8 20 24 14 13 6 16 10 12 5 5 21 21 7 6 14 20 19 16 6 18 21 19 11 21 14 15 11 11 25 17 16
24 23 6 25 17 13 10 16 20 10 17 5 23 25 12 11 13 24 15 19 9 6 5 18 20 17 24 25 20 6 11 16 18 13 23 7 5 10 21 20 8 12 12 12 15 6 18 23 7 8 11 5 25 6 19 13 18 7 5 21 18 5 25 8 17 15 15 8 5 10 11 5 10 20 17 13 17 11 14 21
13 14 21 14 9 19 5 8 18 9 19 11 6 5 9 18 20 25 13 14 23 14 10 18 15 11 22 20 8 8 15 20 20 12 25 12 5 10 17 21 17 17 5 10 21 23 25 8 24 10 13 14 15 15 11 21 8 19 23 6 22 18 23 16 11 7 12 9 10 19 11 24 7 17 18 11 14 21 13 6
96 96 95 102 90 96 96 92 91 93
