10
80
16 36 36 9 25 13 22 26 34 45 14 23 28 10 44 41 41 38 28 17 29 38 39 24 21 29 36 35 23 40 12 38 13 31 20 36 28 10 33 31 43 36 30 45 47 34 16 40 36 29 26 33 32 39 30 48 26 43 16 19 16 37 34 26 13 41 30 39 25 24 10 28 39 9 38 20 25 27 43 34
32 46 28 33 17 42 14 36 41 11 22 45 41 18 48 11 42 40 23 34 13 42 19 19 22 39 40 28 29 44 16 19 26 16 14 36 23 14 30 29 20 23 38 22 47 34 14 49 17 34 36 46 31 35 24 21 36 39 38 11 43 14 22 29 25 47 16 26 39 10 12 10 14 32 11 22 10 42 43 28
29 36 11 16 16 30 37 50 46 39 15 39 39 36 16 14 23 33 33 24 43 30 17 23 37 22 28 40 13 17 44 13 44 9 12 46 31 38 15 39 33 12 35 41 21 9 28 15 10 11 45 18 17 23 35 22 15 30 29 33 24 42 21 19 35 26 42 43 40 22 27 12 19 23 30 42 25 30 44 35
36 31 29 35 35 34 41 10 25 35 42 40 34 14 36 27 35 48 30 40 16 33 11 33 15 49 46 48 44 14 37 37 47 15 34 28 23 14 44 30 17 40 29 20 34 23 48 28 28 25 44 28 22 34 29 43 33 42 46 18 19 13 14 25 34 25 27 26 11 12 37 15 17 41 10 20 34 19 10 41
32 13 43 46 47 15 36 32 30 26 17 47 48 29 20 47 36 27 31 32 18 23 33 45 30 40 46 49 12 47 22 20 30 9 41 46 35 10 10 33 34 38 22 11 14 43 44 38 10 46 46 36 22 28 35 16 36 36 22 31 11 18 33 38 17 26 16 27 36 16 44 32 31 22 46 9 40 15 29 45
12 10 42 10 33 19 36 24 26 37 27 22 28 33 46 45 36 27 46 35 12 36 21 32 40 24 40 13 37 15 36 9 14 29 41 29 12 24 40 38 38 43 46 35 47 48 37 46 40 35 14 32 44 33 21 30 25 36 29 35 28 12 44 27 29 40 33 23 28 10 17 49 9 38 36 47 18 41 27 35
12 18 25 28 40 16 27 19 26 23 22 15 41 35 36 38 12 45 30 43 33 38 35 25 46 17 12 37 27 14 21 14 40 39 33 34 23 23 29 50 40 26 27 17 34 22 24 33 33 11 46 15 39 36 11 38 29 48 32 27 40 37 24 28 18 32 47 23 46 37 38 37 15 12 47 16 18 49 28 27
41 31 39 36 25 40 39 35 11 19 14 44 27 32 27 42 23 27 38 47 34 26 23 40 41 27 26 47 26 49 33 12 10 39 11 36 26 29 17 47 18 40 39 27 50 33 22 35 15 38 34 42 30 43 18 26 21 10 33 10 40 24 45 22 31 13 16 47 41 31 23 14 40 36 17 12 10 9 20 45
10 30 10 30 25 28 25 48 29 43 40 20 12 45 38 11 23 11 48 37 18 29 31 22 21 18 14 28 13 36 44 19 33 18 13 33 43 44 21 32 28 33 25 29 24 33 43 10 23 12 23 35 17 23 12 22 10 26 34 37 22 19 41 11 14 46 32 38 23 34 28 10 45 29 14 34 44 20 15 19
19 9 41 29 14 46 9 11 11 29 18 23 38 26 27 34 32 19 34 33 15 23 45 30 15 22 16 30 27 11 9 41 24 16 10 40 15 13 20 35 23 12 35 31 16 50 16 36 41 27 22 39 18 35 12 46 35 27 44 19 13 44 14 36 14 34 42 33 14 39 31 22 33 11 9 30 23 46 38 44
18 40 38 11 28 13 26 30 34 55 17 25 31 12 48 45 43 39 33 20 31 43 47 25 22 30 44 40 26 44 13 40 15 35 21 38 30 11 38 38 51 37 31 46 52 34 19 42 43 29 27 37 32 40 32 50 29 48 18 22 17 41 39 27 15 41 33 44 25 28 10 31 41 11 42 24 28 31 50 41
36 51 30 35 17 49 15 43 46 12 26 51 44 21 50 13 49 44 25 39 14 49 20 20 24 42 42 31 35 44 18 22 30 17 16 40 26 16 36 33 21 26 39 25 53 39 17 49 20 36 40 51 31 38 25 22 45 42 44 11 49 17 27 32 28 51 17 29 41 10 14 12 15 36 11 26 10 46 47 30
32 39 13 19 18 31 46 51 51 45 16 43 47 38 16 15 26 37 36 28 51 32 19 23 40 25 33 45 16 18 46 14 51 11 13 48 35 44 16 40 34 14 39 43 24 11 34 17 11 12 49 21 18 27 42 24 16 33 33 37 27 42 23 20 40 26 44 48 46 25 29 12 20 25 31 45 29 35 48 40
44 33 32 40 39 36 43 12 28 37 45 41 40 17 41 30 39 49 33 44 17 35 13 33 18 52 55 49 49 17 40 38 51 18 36 28 25 14 48 36 20 46 35 23 37 28 49 30 28 28 52 32 23 40 33 46 39 48 50 20 23 15 17 26 35 30 27 27 12 12 42 16 17 48 13 24 38 20 10 43
36 16 50 48 53 16 44 35 31 27 19 51 50 32 25 53 42 29 36 35 20 25 34 48 37 45 50 54 14 50 24 22 31 10 45 46 37 12 12 37 40 39 26 14 15 47 47 40 11 51 50 41 25 29 37 19 38 41 24 33 13 21 38 42 19 28 18 28 39 17 48 36 35 24 46 12 40 16 35 51
13 11 46 12 37 21 40 27 29 40 29 26 30 37 50 50 45 32 50 36 14 41 21 36 41 26 48 14 38 18 43 11 16 33 43 32 13 27 42 43 41 48 50 40 51 52 41 50 45 40 16 37 49 37 23 32 27 39 29 38 33 15 44 31 30 45 35 26 34 11 19 50 12 41 41 53 19 45 32 38
13 20 28 32 45 18 28 20 27 25 25 18 43 42 39 47 12 46 31 45 37 38 38 29 50 19 13 42 28 17 23 14 44 43 39 39 25 27 35 50 44 27 32 17 38 25 28 33 36 13 51 17 46 38 13 46 34 50 37 31 47 39 27 30 20 35 52 24 50 43 41 44 15 15 55 18 21 49 29 28
44 33 41 37 26 45 41 39 12 21 14 47 30 37 30 46 27 27 38 48 38 27 26 47 46 29 29 49 29 49 35 15 13 46 12 42 28 30 17 50 22 43 43 29 53 35 24 35 15 41 41 44 33 46 20 29 23 12 39 12 45 28 46 27 36 13 19 51 43 33 25 17 47 44 18 14 12 11 23 52
12 31 12 34 27 31 27 51 34 50 45 23 13 47 43 12 26 13 52 40 19 33 33 23 25 19 15 32 13 44 45 23 39 19 15 37 50 49 22 38 31 39 27 33 24 37 45 11 28 15 28 40 19 28 15 22 11 31 39 39 24 19 45 11 14 51 37 43 28 37 29 12 47 32 16 38 45 21 16 20
19 11 47 32 16 48 10 14 13 36 23 27 39 28 28 40 32 21 36 33 16 24 53 37 15 25 18 32 33 14 11 45 28 19 12 46 16 16 23 41 23 13 42 36 19 53 16 44 48 29 25 48 18 36 15 50 38 30 49 23 14 50 15 41 16 37 48 36 14 47 35 22 36 13 12 33 28 53 42 51
6 8 11 6 13 6 5 21 10 10 21 6 19 12 7 24 9 18 20 9 17 14 13 22 8 18 25 8 21 8 21 23 17 11 13 9 16 11 21 14 13 23 9 23 10 7 25 5 16 14 19 25 6 11 17 10 14 8 23 23 15 22 16 11 17 6 18 9 23 20 19 20 8 22 5 13 18 10 6 7
25 17 22 25 22 6 22 14 5 18 15 18 9 5 24 14 17 20 25 23 7 24 18 11 14 20 10 22 7 19 18 12 15 8 22 8 16 17 8 19 7 10 16 17 8 25 10 5 24 9 19 8 20 5 23 23 6 15 10 10 25 5 12 6 20 22 16 15 15 11 5 9 6 24 5 5 15 16 12 22
19 25 11 7 5 21 24 11 18 21 18 6 8 10 25 17 12 21 9 25 5 9 7 13 20 25 9 8 8 5 10 20 22 25 22 21 6 12 18 15 16 18 14 16 16 7 21 10 18 23 13 19 5 23 14 18 5 11 21 13 21 13 9 19 8 22 12 10 23 20 11 12 5 24 23 5 19 21 10 17
21 13 5 22 13 12 12 14 15 14 19 8 24 9 5 18 10 18 13 20 7 8 11 23 5 22 18 6 6 6 9 6 21 12 8 17 21 13 16 12 18 13 7 24 25 14 16 19 14 8 23 14 13 19 15 8 14 8 16 6 25 11 21 11 12 7 12 9 18 8 24 25 18 23 18 9 6 21 7 23
25 17 22 20 5 21 25 11 24 13 22 19 13 13 13 24 9 21 12 7 9 15 20 23 18 25 8 19 9 13 12 14 22 22 22 25 8 16 9 16 25 14 5 16 10 23 23 18 19 25 12 19 17 20 18 23 13 15 23 25 7 6 8 18 23 8 15 17 23 18 23 8 22 23 25 11 10 19 9 10
6 23 19 12 19 22 16 20 19 20 11 22 14 6 21 21 19 17 6 7 24 9 7 13 16 20 23 21 24 14 22 16 12 7 7 19 9 9 16 11 25 15 8 5 17 11 20 8 21 18 21 5 24 6 9 18 7 19 8 21 15 12 13 15 13 6 19 10 18 5 11 15 17 11 19 13 21 8 22 9
13 12 14 5 11 17 24 13 8 25 18 9 8 7 5 25 24 17 21 19 13 21 16 11 18 7 10 24 5 20 11 15 16 12 5 20 11 16 8 7 10 12 12 25 22 5 23 6 12 6 6 21 15 20 15 20 5 15 17 17 9 16 18 16 9 23 23 25 24 16 10 13 20 7 20 8 11 23 19 22
6 14 16 9 5 17 16 24 16 16 22 13 25 19 16 24 6 19 18 15 7 14 23 23 21 10 16 20 7 7 12 13 6 12 14 24 19 18 16 25 19 25 12 15 21 23 9 12 17 6 10 9 15 25 24 9 11 8 21 25 18 20 9 25 11 22 14 20 6 20 16 8 24 25 20 25 24 13 25 17
7 24 25 5 17 8 17 9 8 23 20 25 6 9 20 23 16 16 14 19 16 12 25 21 12 14 7 8 16 5 18 13 21 20 13 25 19 21 16 18 22 25 8 5 13 19 23 14 10 21 19 21 13 13 15 7 5 18 19 11 14 8 8 18 17 14 14 6 23 6 15 13 22 19 25 15 15 21 21 5
24 10 19 6 16 15 7 18 20 17 8 21 15 19 25 11 9 19 10 15 7 22 21 14 10 17 14 19 24 21 5 7 17 13 12 21 23 20 10 22 6 20 14 5 7 9 19 11 11 16 13 12 7 16 21 21 10 7 9 8 9 14 12 8 11 5 21 6 6 20 15 9 15 8 21 14 19 19 11 20
90 94 95 90 106 94 94 104 98 90
