5
80
101 69 89 48 170 42 54 293 730 26 16 313 63 70 463 181 15 64 691 305 34 486 109 131 69 24 557 71 177 56 127 890 53 342 116 132 228 29 129 305 76 59 931 49 78 473 28 80 332 26 154 108 366 91 171 445 64 941 33 61 62 83 279 109 219 56 103 29 68 102 13 238 696 25 47 28 79 45 793 269
37 94 139 871 264 94 69 824 138 295 65 24 60 77 71 162 171 315 40 44 56 32 50 842 73 400 137 80 186 19 77 356 107 66 90 57 37 159 57 525 34 176 45 30 394 59 40 42 77 492 68 490 128 184 121 519 59 55 35 432 473 315 191 84 63 620 140 127 100 240 290 332 393 93 72 415 381 279 18 79
208 313 96 139 52 329 35 32 24 212 44 167 248 61 59 499 35 67 27 51 42 199 40 383 106 242 165 34 10 414 166 31 84 82 81 75 62 48 86 82 179 42 410 433 31 350 99 28 341 26 63 74 93 701 77 856 656 179 246 20 198 28 994 172 201 993 285 881 36 138 75 65 39 678 230 109 31 110 88 83
111 42 330 178 109 26 108 116 56 36 37 384 40 412 74 127 67 62 634 53 91 99 54 219 47 48 61 263 20 199 220 22 109 103 68 94 17 313 133 206 174 93 19 166 159 4 700 57 33 888 70 67 103 755 852 85 283 92 49 46 277 143 26 49 13 27 115 94 47 870 420 16 38 76 156 10 19 366 52 51
39 938 53 51 130 222 473 18 748 254 172 195 87 18 294 253 727 432 76 203 665 21 545 345 112 55 81 6 557 42 28 47 93 192 128 59 90 83 71 263 455 11 106 32 102 603 77 173 83 34 53 265 33 78 81 122 88 66 116 51 990 23 335 708 25 106 648 93 298 120 661 286 307 75 272 141 56 46 126 181
123 113 174 53 264 95 88 354 1381 32 32 700 127 149 599 270 26 89 1356 360 44 548 210 227 94 64 1034 131 369 93 150 1045 147 642 223 221 384 42 172 610 78 87 1428 104 153 606 54 95 572 56 223 202 678 170 319 673 118 1396 49 113 92 187 347 212 497 90 185 43 142 213 22 388 1332 25 55 79 160 68 1182 430
49 197 311 1479 365 200 81 1459 177 428 181 33 85 176 79 265 379 389 83 93 124 58 110 1216 141 619 194 137 292 48 113 741 127 90 174 98 75 215 107 1193 52 475 77 86 571 139 72 103 109 732 138 508 221 326 289 1245 107 107 45 564 739 422 277 156 120 1016 285 146 152 245 433 530 647 109 123 704 685 637 41 118
392 676 253 229 96 428 53 59 33 462 81 350 433 94 107 552 49 102 61 86 73 325 74 679 256 339 282 55 10 690 204 77 95 169 112 124 68 71 110 122 253 49 698 501 35 556 231 58 556 36 83 110 133 1202 139 1464 1494 324 331 39 314 37 1390 282 451 1363 387 1276 54 282 105 140 78 1430 355 140 42 179 148 142
174 73 464 424 176 46 156 186 78 76 70 623 79 525 159 152 132 120 1468 114 186 151 97 403 126 61 107 533 32 296 337 28 220 136 147 165 42 639 289 477 208 116 37 400 351 11 1118 117 65 1252 172 162 279 1429 1167 98 635 93 129 66 624 245 41 116 30 53 153 145 57 1424 748 37 54 132 181 23 31 641 116 135
104 1325 93 139 224 263 531 53 1067 397 262 395 160 35 469 421 1351 613 200 337 1455 52 1039 506 175 75 101 15 1098 95 39 66 121 268 237 120 112 157 88 561 513 28 213 52 173 1071 125 271 144 54 104 353 44 90 101 139 131 102 160 58 1306 33 591 1446 36 173 1040 139 443 179 1331 389 354 116 338 224 71 102 230 250
8 9 7 17 4 12 14 3 1 27 32 2 10 9 2 5 38 13 1 3 22 2 6 5 13 18 1 9 3 11 7 1 9 2 5 6 3 29 7 2 12 16 1 11 8 2 19 10 2 20 5 5 2 7 4 2 12 1 19 9 15 7 3 5 3 12 6 31 8 6 40 3 1 28 17 16 7 17 1 3
21 7 4 1 3 6 12 1 7 3 8 31 14 7 13 5 3 3 16 14 11 19 10 1 9 2 7 9 5 26 11 2 8 12 8 11 13 6 12 1 26 3 13 16 2 8 15 11 9 2 9 2 6 4 5 1 10 13 22 2 2 3 5 8 11 1 5 7 9 4 3 2 2 10 11 2 2 2 25 11
3 2 5 5 14 3 22 16 27 3 12 4 3 14 10 2 21 11 19 15 16 4 14 2 5 3 4 19 73 2 5 15 11 8 9 10 15 16 10 8 4 19 2 2 28 2 6 24 2 26 12 11 10 1 9 1 1 4 3 24 4 24 1 4 3 1 3 1 20 4 10 9 16 1 4 8 25 8 7 10
8 14 3 3 6 20 8 7 15 13 15 2 16 2 8 7 10 11 1 12 7 9 10 3 10 18 11 2 36 4 4 33 5 7 10 8 25 2 4 3 5 10 30 3 4 61 1 8 15 1 8 8 5 1 1 10 2 10 11 18 2 4 30 11 35 19 8 9 16 1 2 27 25 10 6 42 34 2 11 10
12 1 13 9 5 4 2 23 1 3 5 3 7 39 3 3 1 2 7 3 1 21 1 2 8 16 10 47 1 11 22 15 9 4 5 10 9 9 11 2 2 47 5 20 8 1 11 5 8 22 10 3 23 10 10 7 10 12 8 19 1 34 2 1 28 8 1 8 3 7 1 3 3 10 3 5 13 14 5 5
123 106 130 145 120
