5
40
28 22 87 67 988 18 37 351 192 188 87 47 44 17 82 43 17 33 50 139 70 522 43 102 200 80 822 174 12 192 50 93 119 90 176 511 83 515 186 390
527 84 489 20 204 111 482 109 38 29 377 49 36 35 788 47 49 100 119 29 226 201 36 97 61 120 605 260 142 90 94 77 979 830 176 20 38 94 485 147
467 84 201 913 26 29 90 115 59 221 214 142 97 114 263 166 26 21 324 339 289 9 73 634 15 247 419 122 405 342 11 238 43 39 105 24 131 215 90 52
303 305 56 105 34 8 130 74 63 72 109 44 58 147 42 307 22 39 204 759 100 34 91 74 29 227 23 38 71 318 107 36 145 467 56 64 737 14 40 96
104 23 291 345 828 159 120 47 512 79 13 157 282 19 98 309 81 62 132 36 168 186 325 130 39 130 773 34 25 207 17 35 275 91 71 877 142 84 658 245
60 31 134 123 1427 49 81 731 353 275 140 105 71 31 119 81 32 41 125 281 93 1170 62 229 356 178 1155 339 29 216 85 139 186 126 390 1293 197 1486 211 733
1148 154 560 21 363 141 663 112 54 60 558 143 71 71 1346 69 84 177 178 35 308 329 63 230 118 211 1445 382 365 170 177 147 1147 1217 278 29 86 184 547 222
736 124 326 1210 48 76 147 173 124 275 417 244 135 172 483 400 33 52 447 666 534 14 193 1154 18 389 522 216 564 662 30 294 54 65 121 52 184 350 135 71
347 464 102 203 83 19 258 75 96 111 175 65 98 190 60 451 32 102 336 1091 103 53 146 162 44 301 34 58 85 610 153 65 277 580 103 102 1071 29 100 274
169 31 471 594 1418 275 196 80 1377 120 27 177 421 51 119 664 141 96 195 52 288 230 539 146 75 245 1234 75 52 319 20 59 380 171 100 1059 287 191 1056 430
20 31 8 11 1 25 13 2 4 5 9 12 17 28 10 16 27 27 10 5 11 1 19 6 4 7 1 4 37 5 14 8 6 9 3 1 7 1 5 2
1 7 2 36 4 8 2 9 17 19 2 10 17 15 1 17 13 7 7 24 4 4 14 6 11 6 1 3 4 8 6 8 1 1 4 32 15 8 2 5
2 10 4 1 19 16 7 8 8 4 3 5 8 8 3 3 27 21 3 2 2 45 7 1 44 3 2 6 2 2 37 4 18 15 8 19 7 4 10 18
3 3 10 5 14 43 4 13 11 11 7 19 13 6 18 3 29 13 3 1 9 21 9 8 21 4 37 17 11 2 9 16 5 2 11 10 1 38 12 5
7 30 3 2 1 4 7 18 1 9 32 6 3 23 9 2 8 12 6 20 5 5 2 7 14 6 1 13 18 4 37 19 3 7 10 1 4 6 1 3
69 57 66 76 59
