5
80
130 27 147 84 51 183 223 53 125 21 229 369 122 445 776 130 266 173 178 145 73 772 30 139 82 191 92 28 61 199 704 175 103 14 56 32 232 41 25 724 630 74 42 263 31 207 23 25 45 25 137 283 98 204 300 864 129 67 119 70 565 141 317 90 27 97 35 49 46 132 145 40 30 102 123 30 169 48 184 762
111 19 753 68 375 825 155 58 105 200 60 52 238 84 199 112 28 62 302 25 155 46 92 36 46 382 8 47 86 27 115 183 188 128 50 698 36 49 53 36 15 317 19 25 954 314 170 954 116 283 24 243 71 3 148 207 12 23 108 314 32 327 976 32 139 54 157 93 263 599 321 37 31 109 60 37 812 147 26 281
26 418 18 92 367 61 26 79 21 97 80 35 84 27 48 118 149 27 52 73 24 113 36 37 14 184 31 85 154 664 112 29 37 70 33 334 68 87 67 676 16 44 67 61 45 146 29 468 133 111 165 665 16 461 100 177 79 38 106 68 210 171 336 98 51 122 61 48 181 461 34 330 16 154 293 332 52 44 298 284
52 260 48 202 169 58 23 98 27 54 25 83 485 14 50 486 91 188 84 27 273 252 147 74 50 20 64 32 47 159 79 38 432 92 106 79 84 832 150 82 130 552 190 23 115 503 80 244 155 11 24 14 46 38 44 12 62 556 16 121 69 12 22 704 54 69 174 60 52 43 66 115 43 104 40 191 169 260 39 117
136 177 297 165 86 38 74 35 66 117 634 248 62 14 105 988 33 322 19 96 32 47 46 337 984 15 79 31 216 152 99 587 753 77 174 121 211 312 31 26 459 221 33 158 434 785 515 62 19 75 52 29 113 981 76 44 414 17 162 193 68 15 732 52 35 69 723 163 25 85 433 313 273 325 399 49 37 162 62 21
207 73 256 135 113 267 465 150 158 35 421 534 177 585 1196 151 455 202 262 201 86 1356 50 201 163 205 198 37 109 357 1101 330 141 27 81 58 464 73 65 1130 1189 140 93 428 48 254 29 31 79 38 245 346 112 451 374 1080 198 95 182 161 1273 337 489 168 65 139 61 111 77 289 167 78 62 215 183 49 266 57 224 1450
191 40 1091 135 672 1297 242 89 175 260 89 107 248 130 258 172 42 149 364 43 179 95 112 45 87 680 19 86 189 45 182 369 467 337 118 1017 52 87 93 50 38 658 25 55 1383 421 454 1017 209 708 30 338 90 7 170 446 16 34 190 341 51 464 1354 58 265 89 235 161 485 1270 425 71 56 146 121 76 1484 186 58 344
38 535 28 178 568 102 37 126 34 165 155 74 96 54 71 229 280 38 109 117 34 239 69 47 20 290 47 154 232 1035 245 65 85 99 81 544 91 140 128 1331 35 49 121 107 65 168 44 615 189 147 347 1497 41 516 156 247 107 46 209 73 315 199 572 127 109 279 110 74 367 515 96 538 24 205 529 368 93 60 468 569
58 416 63 387 208 128 63 137 46 68 38 236 520 21 118 683 165 294 157 54 487 712 321 145 73 24 70 90 82 255 181 70 512 215 136 134 205 1072 285 140 241 1278 206 34 166 1237 172 387 282 23 36 23 71 74 53 27 136 1428 27 227 79 20 38 1367 84 110 279 152 115 85 112 253 73 123 85 295 496 430 59 272
304 313 365 247 154 55 86 61 158 211 1486 437 148 26 180 1176 57 471 36 159 73 83 105 550 1126 24 115 54 479 258 133 1222 1295 123 281 221 378 353 50 61 620 240 43 232 589 1172 1338 98 32 84 75 41 161 1292 133 75 700 21 336 305 108 34 1407 82 61 69 1168 273 42 127 589 405 626 426 590 95 82 315 77 41
6 20 5 8 9 5 3 9 7 31 3 2 7 2 1 7 3 5 5 6 12 1 25 5 7 5 6 27 10 3 1 4 7 41 13 17 3 13 17 1 1 9 11 3 21 4 27 29 15 33 4 3 9 3 3 1 6 12 7 7 1 4 3 7 19 9 19 12 14 4 6 15 19 5 6 27 5 18 5 1
6 25 1 7 2 1 5 14 6 4 13 10 4 10 4 6 27 8 3 26 6 13 9 19 15 2 39 15 6 25 6 3 3 4 11 1 22 13 13 19 29 2 36 21 1 3 3 1 5 2 30 4 12 79 6 3 62 38 6 3 21 3 1 20 5 11 6 8 3 1 3 15 18 8 11 14 1 6 19 3
31 2 36 7 2 11 30 11 23 8 7 13 10 24 18 6 4 27 12 11 31 5 13 19 43 5 20 9 6 1 6 19 12 11 17 2 13 9 10 1 38 18 11 10 15 6 24 2 7 8 4 1 32 2 8 5 9 21 6 13 4 5 2 9 13 5 12 14 4 2 15 2 39 5 2 3 11 15 3 2
17 3 17 3 5 9 18 8 19 14 21 6 2 36 11 2 6 4 8 22 3 2 4 8 17 34 13 14 14 5 7 17 2 6 8 9 6 1 5 7 5 1 5 31 8 1 8 3 5 36 30 35 14 17 17 28 9 1 28 5 14 39 27 1 14 12 5 9 12 12 10 5 16 8 15 5 3 3 23 5
4 4 3 5 7 16 12 20 8 6 1 3 8 36 8 1 18 3 33 9 15 13 13 2 1 46 11 17 3 5 9 1 1 10 5 6 3 3 23 17 2 4 23 5 2 1 1 11 35 11 12 21 8 1 9 13 2 41 4 4 11 39 1 13 19 14 1 5 24 11 2 3 2 3 2 14 16 4 14 22
123 151 152 150 134
