5
40
162 44 185 111 106 178 314 99 128 27 292 452 133 483 974 133 311 180 185 161 75 930 29 193 131 187 159 31 88 298 939 233 139 15 63 46 317 69 47 948
925 92 79 313 36 226 33 28 57 26 231 322 97 319 327 980 160 75 131 136 979 220 314 130 45 106 46 76 68 237 150 62 42 185 152 32 180 44 180 933
144 29 912 133 467 955 184 61 151 237 69 99 228 93 233 153 32 110 319 28 156 67 105 37 63 484 18 59 147 32 161 326 299 233 85 992 36 63 70 43
23 455 19 36 897 301 314 944 180 447 23 221 77 11 160 304 14 16 164 297 43 310 947 39 185 84 145 118 300 958 325 51 42 111 80 60 953 152 46 328
20 488 24 124 451 77 22 83 38 117 124 68 90 28 46 161 226 35 69 75 25 185 66 46 18 186 40 96 149 952 154 41 66 81 49 459 70 103 96 909
168 50 203 127 110 211 363 106 139 27 328 498 151 526 1077 135 348 208 208 176 79 1059 32 208 142 209 162 37 101 335 1047 241 153 17 71 53 353 76 50 1048
1038 107 89 329 43 265 36 29 69 29 264 348 112 334 350 1070 170 79 150 150 1077 258 342 146 54 118 52 84 71 254 177 70 45 213 161 34 199 49 205 1040
159 33 1075 149 538 1088 211 65 169 254 81 104 249 106 249 168 34 118 341 33 177 79 112 46 67 542 19 66 175 36 172 349 361 267 91 1041 38 73 77 45
28 501 20 40 1039 351 345 1001 212 518 25 246 81 12 164 335 15 19 167 360 48 330 1049 44 195 94 172 126 338 1008 355 56 47 128 84 66 1070 166 54 349
25 528 27 136 498 82 25 90 46 130 141 78 103 33 54 166 265 39 76 82 29 201 67 52 23 210 40 104 180 1000 162 44 76 82 51 521 73 109 100 1062
6 20 5 8 9 5 3 9 7 31 3 2 7 2 1 7 3 5 5 6 12 1 25 5 7 5 6 27 10 3 1 4 7 41 13 17 3 13 17 1
1 9 11 3 21 4 27 29 15 33 4 3 9 3 3 1 6 12 7 7 1 4 3 7 19 9 19 12 14 4 6 15 19 5 6 27 5 18 5 1
6 25 1 7 2 1 5 14 6 4 13 10 4 10 4 6 27 8 3 26 6 13 9 19 15 2 39 15 6 25 6 3 3 4 11 1 22 13 13 19
29 2 36 21 1 3 3 1 5 2 30 4 12 79 6 3 62 38 6 3 21 3 1 20 5 11 6 8 3 1 3 15 18 8 11 14 1 6 19 3
31 2 36 7 2 11 30 11 23 8 7 13 10 24 18 6 4 27 12 11 31 5 13 19 43 5 20 9 6 1 6 19 12 11 17 2 13 9 10 1
57 65 68 83 87
