5
40
95 98 131 42 228 58 60 298 977 27 23 376 83 92 432 178 15 63 776 330 32 481 131 188 66 41 981 101 272 66 124 942 108 441 174 135 271 25 125 431
67 56 963 81 102 459 39 89 380 36 197 182 405 125 195 429 68 787 36 106 53 127 319 174 300 76 142 17 96 130 13 323 785 24 49 52 107 37 785 292
30 105 202 836 313 124 67 889 116 267 99 24 52 116 58 167 291 253 48 52 78 33 98 895 89 465 132 92 196 24 67 435 124 65 113 72 57 118 79 823
26 256 70 42 405 94 56 75 89 421 91 487 125 219 183 905 82 51 30 384 430 253 168 107 72 845 183 125 99 225 293 398 490 80 69 386 406 409 29 76
260 403 176 186 66 247 38 48 30 287 59 192 286 64 87 391 32 67 41 61 42 226 51 486 194 307 208 43 5 491 160 43 65 110 78 70 49 57 74 96
147 110 140 56 256 89 81 364 1024 41 31 568 102 105 567 199 17 75 1174 385 45 501 169 210 83 53 1234 124 388 100 166 1212 125 564 233 170 339 34 158 542
82 71 1090 87 127 503 50 106 513 48 206 196 512 147 257 574 81 1155 49 113 72 166 373 209 341 99 194 23 140 177 20 382 1086 33 54 70 143 53 1168 366
49 163 311 1042 326 207 74 1014 156 356 138 28 64 149 81 205 353 375 63 83 100 51 118 1203 115 585 158 122 240 28 94 544 148 92 126 98 78 181 98 1080
34 377 75 70 598 128 62 111 125 511 126 598 168 295 223 1157 99 75 42 552 570 381 193 132 106 1059 199 171 114 270 363 590 513 109 97 510 523 591 36 86
392 594 206 240 70 391 50 64 34 397 83 284 333 83 103 564 45 96 51 65 53 309 65 555 208 379 288 56 6 588 232 61 94 143 125 108 67 66 115 145
8 9 7 17 4 12 14 3 1 27 32 2 10 9 2 5 38 13 1 3 22 2 6 5 13 18 1 9 3 11 7 1 9 2 5 6 3 29 7 2
12 16 1 11 8 2 19 10 2 20 5 5 2 7 4 2 12 1 19 9 15 7 3 5 3 12 6 31 8 6 40 3 1 28 17 16 7 17 1 3
21 7 4 1 3 6 12 1 7 3 8 31 14 7 13 5 3 3 16 14 11 19 10 1 9 2 7 9 5 26 11 2 8 12 8 11 13 6 12 1
26 3 13 16 2 8 15 11 9 2 9 2 6 4 5 1 10 13 22 2 2 3 5 8 11 1 5 7 9 4 3 2 2 10 11 2 2 2 25 11
3 2 5 5 14 3 22 16 27 3 12 4 3 14 10 2 21 11 19 15 16 4 14 2 5 3 4 19 73 2 5 15 11 8 9 10 15 16 10 8
60 63 57 48 73
