5
40
220 166 65 70 70 61 270 148 62 442 18 931 83 786 100 240 209 663 30 816 30 713 59 244 72 234 18 173 45 54 135 38 51 31 186 46 41 108 15 789
92 59 217 796 99 243 113 133 69 54 54 27 13 38 624 22 87 74 223 33 33 879 17 46 32 193 42 56 190 56 83 836 259 715 48 137 62 76 45 135
58 73 444 100 87 100 298 310 34 173 28 47 36 144 120 22 60 119 84 52 37 67 124 66 53 85 16 836 91 17 997 30 63 462 158 43 127 31 559 46
45 189 100 22 332 155 833 197 55 28 50 66 78 127 135 29 158 69 87 54 139 262 98 115 298 67 212 11 36 207 46 240 95 129 123 51 313 36 527 539
705 32 207 52 51 49 46 856 61 52 69 192 17 118 236 5 65 56 53 69 132 252 26 203 412 33 636 95 41 296 29 213 31 965 250 176 28 248 77 133
332 455 81 150 102 139 405 344 105 589 40 1353 121 1351 219 365 301 1300 64 1203 66 1374 154 350 121 401 35 382 75 74 326 81 103 75 228 73 49 167 21 1094
102 82 371 1450 261 262 177 155 107 97 90 51 28 70 1067 35 124 168 260 58 60 1463 47 63 43 280 81 86 310 81 131 1333 402 1313 103 284 82 174 100 180
111 182 659 127 158 120 745 347 69 202 72 83 60 320 171 45 99 220 117 71 80 108 284 126 102 172 35 1023 130 37 1363 52 77 577 289 77 225 56 1366 91
76 269 102 49 549 241 1119 328 91 53 87 128 189 235 188 56 289 88 131 106 164 526 186 163 570 80 305 23 45 433 66 409 155 165 196 78 600 75 1015 1420
1221 69 313 105 70 92 70 1481 114 64 96 367 24 148 258 11 155 105 135 123 239 606 51 434 705 56 1252 206 77 432 34 421 61 1125 473 278 37 431 128 328
4 3 13 9 11 9 3 4 12 2 26 1 8 1 6 4 4 1 20 1 18 1 9 3 11 3 28 3 19 13 4 14 10 15 5 18 20 8 53 1
9 12 3 1 5 4 7 7 9 11 13 19 36 16 1 28 11 7 4 23 19 1 25 19 23 5 12 13 4 11 9 1 3 1 11 4 11 7 11 6
10 7 2 9 7 9 2 3 15 5 16 11 18 4 8 29 12 6 10 17 15 9 5 10 11 7 25 1 9 23 1 21 13 2 5 16 6 17 1 13
15 5 9 20 2 5 1 4 15 16 14 10 7 6 7 22 4 12 8 10 7 2 7 8 2 12 4 37 22 3 15 3 8 6 7 13 2 14 1 1
1 15 4 12 13 11 15 1 10 16 13 3 46 7 4 61 8 10 9 9 5 2 19 3 2 20 1 6 13 3 30 3 17 1 3 5 28 3 10 4
63 67 65 58 71
