5
40
117 101 133 44 243 67 58 324 961 35 25 451 95 96 470 184 16 62 989 301 35 449 144 182 62 44 920 99 300 80 131 934 101 460 177 152 309 29 129 496
77 57 896 74 110 480 46 87 479 44 191 177 455 121 222 466 79 948 40 100 60 124 299 180 316 81 157 22 112 154 17 332 980 28 53 52 137 49 986 298
40 131 244 956 321 159 65 971 128 304 115 25 57 132 62 191 311 314 56 65 78 40 91 923 102 476 126 99 183 25 78 497 122 76 118 82 68 146 74 936
33 306 71 52 490 105 51 89 98 460 96 444 149 233 175 969 82 65 35 474 482 319 175 105 79 980 195 139 90 246 311 484 466 86 79 483 464 495 32 78
302 464 174 183 60 308 38 54 32 328 72 232 309 65 96 446 43 80 42 61 47 247 56 452 197 311 217 46 5 456 187 55 79 121 103 84 63 56 89 107
126 117 136 52 260 78 65 351 1001 38 27 522 102 103 541 190 16 75 1002 354 40 508 160 211 74 45 1009 107 360 83 145 1008 110 519 203 174 361 29 144 507
84 62 1073 83 124 509 51 94 540 50 216 197 545 145 268 516 85 1032 45 107 61 147 329 204 360 86 171 23 133 165 18 349 1058 31 58 58 144 52 1032 334
44 150 261 1002 352 181 75 1035 143 352 125 27 70 144 70 199 340 361 58 74 88 46 103 1054 117 544 142 112 215 28 83 541 129 81 124 94 75 157 81 1087
37 333 77 62 498 124 58 92 107 532 113 499 165 259 210 1037 99 72 42 533 498 363 206 117 91 1095 205 144 109 249 342 533 522 102 88 514 527 513 36 86
327 534 208 199 68 335 42 55 33 343 81 265 342 70 104 516 44 88 47 67 53 263 68 514 199 331 251 49 5 521 209 58 87 127 108 99 64 62 93 129
8 9 7 17 4 12 14 3 1 27 32 2 10 9 2 5 38 13 1 3 22 2 6 5 13 18 1 9 3 11 7 1 9 2 5 6 3 29 7 2
12 16 1 11 8 2 19 10 2 20 5 5 2 7 4 2 12 1 19 9 15 7 3 5 3 12 6 31 8 6 40 3 1 28 17 16 7 17 1 3
21 7 4 1 3 6 12 1 7 3 8 31 14 7 13 5 3 3 16 14 11 19 10 1 9 2 7 9 5 26 11 2 8 12 8 11 13 6 12 1
26 3 13 16 2 8 15 11 9 2 9 2 6 4 5 1 10 13 22 2 2 3 5 8 11 1 5 7 9 4 3 2 2 10 11 2 2 2 25 11
3 2 5 5 14 3 22 16 27 3 12 4 3 14 10 2 21 11 19 15 16 4 14 2 5 3 4 19 73 2 5 15 11 8 9 10 15 16 10 8
60 63 57 48 73
