5
40
240 325 65 105 81 100 314 245 74 473 32 958 113 891 150 230 226 983 44 902 47 959 105 318 80 330 26 312 50 65 229 58 89 56 191 48 41 121 15 899
100 75 299 958 186 230 134 121 104 80 67 47 24 47 956 27 82 130 245 41 38 988 35 47 36 194 80 60 243 79 106 984 322 909 83 234 78 134 75 150
87 133 465 102 139 99 459 316 58 178 49 74 44 217 118 28 71 148 95 48 54 99 193 91 82 130 32 907 93 32 921 39 75 491 190 56 157 51 929 62
50 182 91 38 495 177 901 240 58 53 63 94 128 151 129 39 241 80 113 84 130 452 136 110 476 77 229 16 39 309 59 323 119 148 121 67 478 60 989 948
989 58 225 69 66 74 56 914 94 59 69 329 16 128 223 10 110 82 102 102 182 490 38 320 486 44 946 149 67 303 29 318 44 915 299 194 27 311 85 232
262 341 72 117 92 110 353 253 79 521 33 1006 120 1004 178 250 265 1034 44 1081 51 1055 110 337 84 353 28 353 55 78 254 68 94 62 210 54 44 125 16 1089
112 83 353 1082 213 264 139 137 107 91 78 50 25 57 1007 30 96 141 268 42 44 999 38 52 39 194 87 69 255 82 117 1069 348 1029 92 255 84 140 86 172
97 143 537 109 141 111 544 324 67 193 58 88 48 252 126 33 76 168 100 52 65 106 203 97 95 143 35 1059 108 35 1040 42 81 505 212 61 165 54 1069 66
60 206 102 41 499 200 1058 264 66 57 72 100 148 168 142 44 268 84 128 93 142 522 142 122 534 86 263 18 44 343 65 354 125 171 142 77 530 69 1079 998
1047 68 256 79 73 88 68 1052 101 61 77 340 19 136 261 11 122 100 113 118 209 544 45 328 492 48 1038 164 69 360 32 332 49 1071 340 196 31 364 102 250
4 3 13 9 11 9 3 4 12 2 26 1 8 1 6 4 4 1 20 1 18 1 9 3 11 3 28 3 19 13 4 14 10 15 5 18 20 8 53 1
9 12 3 1 5 4 7 7 9 11 13 19 36 16 1 28 11 7 4 23 19 1 25 19 23 5 12 13 4 11 9 1 3 1 11 4 11 7 11 6
10 7 2 9 7 9 2 3 15 5 16 11 18 4 8 29 12 6 10 17 15 9 5 10 11 7 25 1 9 23 1 21 13 2 5 16 6 17 1 13
15 5 9 20 2 5 1 4 15 16 14 10 7 6 7 22 4 12 8 10 7 2 7 8 2 12 4 37 22 3 15 3 8 6 7 13 2 14 1 1
1 15 4 12 13 11 15 1 10 16 13 3 46 7 4 61 8 10 9 9 5 2 19 3 2 20 1 6 13 3 30 3 17 1 3 5 28 3 10 4
63 67 65 58 71
