5
80
40 38 67 32 89 29 16 296 63 61 315 29 223 85 29 984 55 179 320 51 148 102 102 457 41 187 924 46 303 44 295 492 186 66 89 55 126 72 301 117 92 491 55 465 64 42 908 27 134 110 231 901 24 68 157 61 115 45 479 481 119 474 136 74 190 27 183 57 450 227 246 240 44 461 18 95 183 69 24 38
947 185 495 924 457 25 469 110 12 184 134 184 50 25 996 115 144 235 940 464 38 917 177 70 112 248 67 290 48 241 183 94 116 45 494 47 131 157 46 228 45 64 128 145 46 914 62 26 901 60 246 47 222 20 483 461 38 128 53 70 938 14 78 32 298 470 126 103 124 70 21 55 23 975 14 16 126 129 89 478
237 922 69 45 21 316 920 73 186 300 182 30 47 61 956 148 95 311 54 991 13 59 31 91 310 922 60 40 47 21 60 322 453 955 296 297 30 93 179 115 144 180 105 134 125 34 318 63 176 488 105 242 19 454 99 177 21 79 302 84 308 102 61 228 52 448 83 56 477 230 76 88 5 963 450 19 233 301 59 148
303 98 13 320 85 93 90 117 135 94 232 42 915 54 10 179 62 185 102 234 38 45 70 446 21 306 193 29 31 30 50 28 294 79 46 142 299 92 130 87 188 100 36 940 968 96 122 230 103 45 473 105 89 234 126 50 105 45 121 30 899 79 315 67 87 40 82 61 171 53 954 922 188 474 181 58 34 307 36 479
929 178 456 326 16 311 930 76 895 87 299 241 85 101 101 962 58 304 93 44 55 105 325 470 183 924 52 217 48 103 89 123 481 486 302 933 44 120 57 141 902 113 19 130 71 461 462 190 223 930 81 243 152 243 189 465 106 116 495 952 42 30 45 179 490 49 127 186 467 183 447 47 299 488 939 77 66 229 57 57
42 47 70 38 97 29 16 339 63 70 334 33 255 95 33 1081 59 213 345 61 159 116 118 528 47 195 1001 50 353 48 355 510 205 79 102 60 154 83 334 123 109 541 60 534 75 51 1024 28 136 120 250 1012 26 82 175 65 127 47 533 496 129 506 143 80 200 33 206 62 529 273 256 264 50 506 19 106 201 74 25 44
1085 209 512 1017 517 28 493 127 13 190 136 200 57 29 1044 119 160 257 1042 510 44 1006 203 79 127 261 72 334 51 244 200 101 128 51 529 51 140 164 55 250 48 75 149 170 47 1035 67 31 1002 66 256 53 268 21 538 534 44 144 62 73 1092 16 83 37 345 538 134 123 139 84 22 60 25 1090 15 17 151 145 95 530
266 1094 78 51 24 335 1072 78 198 359 204 34 52 65 1074 166 106 342 60 1032 15 64 36 100 347 1072 62 47 51 26 65 340 535 1080 360 335 36 101 209 121 174 190 109 143 136 35 334 70 201 544 110 248 20 535 103 211 25 86 335 91 357 105 65 243 54 500 90 64 547 249 81 88 5 1061 492 21 250 335 61 163
340 103 16 357 100 107 99 134 144 103 259 42 1056 56 11 193 71 195 112 258 44 51 73 525 22 351 202 33 35 36 58 31 333 86 51 166 350 92 139 94 195 109 45 1029 1087 109 142 246 108 47 512 125 97 248 145 53 116 49 144 36 1070 82 335 75 100 43 91 66 205 56 1021 1044 205 528 190 64 38 337 41 500
1087 202 499 347 17 334 1057 79 995 97 352 245 104 108 103 1010 59 357 105 47 60 124 332 534 211 1056 53 248 52 108 91 130 519 524 334 1075 52 144 60 166 1058 118 21 145 77 540 521 215 270 995 93 264 178 249 211 492 109 135 525 1022 45 32 52 206 518 53 136 202 547 198 529 49 332 547 1073 79 71 247 60 63
24 19 13 25 10 26 45 3 14 13 3 25 4 11 24 1 15 5 3 17 6 9 9 2 19 5 1 18 3 19 3 2 5 13 10 15 7 12 3 8 9 2 16 2 13 20 1 33 7 8 4 1 28 13 6 14 8 19 2 2 8 2 7 12 5 31 5 16 2 4 4 4 19 2 38 9 5 14 29 22
1 5 2 1 2 31 2 8 63 5 7 5 17 33 1 8 6 4 1 2 22 1 5 13 8 4 14 3 20 4 5 10 8 18 2 18 7 6 19 4 20 13 7 6 18 1 13 33 1 16 4 17 4 34 2 2 24 7 15 13 1 46 11 25 3 2 7 8 7 12 41 16 30 1 42 52 7 7 10 2
4 1 12 20 42 3 1 12 5 3 5 26 17 14 1 6 10 3 16 1 59 15 23 10 3 1 15 19 20 38 15 3 2 1 3 3 24 10 5 8 6 5 9 7 7 23 3 14 5 2 9 4 39 2 9 5 37 12 3 10 3 9 15 4 18 2 11 14 2 4 12 11 63 1 2 32 4 3 14 6
3 9 40 3 10 10 10 8 7 9 4 19 1 17 54 5 14 5 9 4 21 19 12 2 40 3 5 30 25 28 16 29 3 11 19 6 3 10 7 10 5 9 23 1 1 9 7 4 9 18 2 8 10 4 7 19 9 18 7 26 1 12 3 13 10 22 11 15 5 18 1 1 5 2 5 15 25 3 21 2
1 5 2 3 43 3 1 12 1 10 3 4 10 9 9 1 16 3 10 20 17 8 3 2 5 1 17 4 16 9 11 8 2 2 3 1 17 7 16 6 1 8 40 7 13 2 2 5 4 1 11 4 6 4 5 2 9 8 2 1 21 28 18 5 2 19 7 5 2 5 2 19 3 2 1 12 13 4 16 15
146 156 147 148 104
