5
80
185 214 35 100 34 70 109 15 903 142 26 133 43 174 764 31 132 843 58 12 295 126 986 25 131 299 168 252 58 25 23 72 32 69 121 783 56 53 470 457 90 38 38 134 53 26 117 74 98 62 44 134 918 109 88 402 95 317 185 18 195 174 419 90 74 67 241 257 191 115 156 41 91 61 69 31 194 84 121 109
160 43 145 26 937 99 42 43 73 89 220 82 931 78 89 20 84 895 464 47 839 472 774 40 142 134 368 491 91 134 48 67 154 139 62 446 18 99 203 169 70 440 301 108 27 38 67 54 116 867 122 141 23 51 57 32 78 293 78 75 112 793 96 177 276 40 106 86 52 313 153 887 37 478 867 439 812 804 147 98
67 247 106 101 16 82 47 44 43 120 129 59 122 157 80 26 113 48 127 27 149 89 145 773 155 278 451 104 12 30 72 302 119 101 190 45 206 132 894 195 424 892 199 116 37 41 58 141 270 33 32 78 244 290 19 90 55 111 56 491 263 49 41 186 173 76 143 118 244 75 467 12 109 178 53 195 126 279 453 768
80 121 66 32 36 880 71 73 54 61 41 23 101 28 848 174 379 107 412 298 109 31 109 133 251 289 487 989 480 44 50 47 33 37 156 190 39 131 131 195 285 63 53 776 957 115 269 25 71 317 155 923 46 421 21 845 56 44 285 33 20 187 109 58 64 81 111 872 779 192 130 73 289 24 873 108 71 16 42 106
325 36 23 162 784 797 147 198 42 43 75 43 463 921 105 78 71 57 28 160 103 44 986 146 17 169 161 204 39 416 965 193 28 92 381 175 154 108 876 76 231 187 77 56 485 158 48 132 84 60 128 162 119 67 130 141 24 272 129 248 488 172 32 31 185 24 26 751 324 21 913 485 751 42 190 87 109 138 197 39
285 302 54 126 43 94 129 19 1104 165 34 191 69 215 1049 47 188 1196 76 17 335 179 1181 34 188 334 224 392 90 32 33 97 46 98 138 1041 78 67 567 572 112 44 51 169 78 39 181 90 134 91 48 166 1096 116 92 610 127 405 238 24 253 211 550 132 95 95 267 366 287 165 226 59 111 86 83 42 214 117 127 150
194 57 192 35 1018 130 54 51 98 115 270 108 1068 95 111 28 133 1094 600 54 1074 547 1082 63 165 186 505 512 105 195 61 92 185 196 84 598 24 146 246 202 71 540 341 145 42 56 92 73 136 1106 193 177 30 61 60 51 104 333 87 94 161 1116 113 239 352 63 132 131 75 364 196 997 50 580 1135 497 1184 1164 197 116
90 359 129 114 19 109 57 58 47 186 203 85 163 209 86 31 148 53 162 41 201 130 174 1005 196 380 533 122 20 33 86 338 160 116 204 63 268 149 1054 247 531 1068 276 126 48 55 73 186 399 52 41 115 259 371 23 118 70 142 63 611 392 74 52 245 247 80 195 133 281 88 575 13 154 205 67 280 153 372 518 1069
107 137 95 45 52 1127 103 89 70 79 55 30 118 43 1119 197 523 172 597 344 131 44 161 179 345 376 547 1037 542 48 63 58 43 43 189 299 46 165 161 222 359 97 57 1157 1080 139 334 37 74 389 196 1014 54 581 27 1036 69 50 402 43 27 227 169 80 97 103 146 1123 1156 270 175 106 357 30 1070 135 89 21 58 151
380 47 26 221 1231 1086 202 282 51 55 98 51 500 1153 142 113 98 73 36 210 130 49 1091 194 23 201 238 261 58 595 1090 224 41 122 502 234 170 159 1146 109 263 256 81 62 596 177 54 179 96 70 187 229 153 82 192 175 35 337 150 326 518 201 46 45 257 26 38 1187 381 32 1137 580 1027 55 215 110 167 172 265 44
4 4 19 9 21 10 8 46 1 6 27 6 15 5 1 21 6 1 13 51 3 6 1 28 6 3 5 3 12 34 27 10 20 11 8 1 15 16 2 2 9 21 23 6 14 23 6 13 8 12 18 6 1 9 11 2 9 3 5 39 4 5 2 8 12 11 4 3 4 7 5 18 9 12 12 20 5 9 8 8
6 19 6 24 1 8 17 17 12 10 4 10 1 12 10 32 9 1 2 17 1 2 1 16 6 6 2 2 9 6 18 11 6 6 12 2 37 8 4 5 13 2 3 8 23 19 12 13 8 1 6 6 37 14 15 20 10 3 11 12 7 1 9 5 3 17 8 9 13 3 6 1 20 2 1 2 1 1 6 9
12 3 8 9 36 9 15 17 21 6 6 14 6 5 12 24 8 20 7 26 5 9 6 1 5 3 2 9 56 32 12 3 7 9 5 16 4 7 1 4 2 1 4 8 19 17 15 6 3 19 22 9 4 3 37 9 16 8 15 2 3 14 19 4 5 12 6 8 4 13 2 53 7 5 17 4 7 3 2 1
10 7 11 23 23 1 10 12 15 13 17 28 9 27 1 5 2 7 2 3 8 23 7 6 3 3 2 1 2 17 19 18 25 20 6 4 20 7 7 5 3 12 17 1 1 8 3 29 13 3 6 1 16 2 35 1 16 17 3 23 33 5 7 13 12 10 7 1 1 4 6 11 3 28 1 8 11 37 19 7
3 21 31 5 1 1 5 4 20 17 11 18 2 1 7 10 10 15 27 5 8 18 1 5 31 5 5 4 18 2 1 5 25 8 2 5 6 7 1 9 4 4 12 15 2 6 17 6 10 14 6 5 7 13 6 6 27 3 7 3 2 5 21 22 4 31 24 1 3 33 1 2 1 19 5 9 7 7 4 21
142 118 138 138 124
