5
40
66 70 127 36 244 57 32 272 746 36 27 314 55 96 303 173 16 68 636 169 28 366 86 188 55 24 605 97 216 45 100 637 68 266 141 154 328 23 111 439
74 40 649 80 79 270 24 81 418 25 124 100 351 74 227 289 67 817 26 107 53 116 234 159 258 43 94 18 87 101 15 265 500 17 49 50 77 32 909 271
39 107 189 750 320 145 45 953 97 214 94 19 50 114 64 122 323 175 53 61 64 25 72 893 107 377 132 106 108 17 59 295 75 50 93 58 47 83 50 860
29 282 50 54 487 82 35 89 95 393 57 452 151 212 176 682 62 48 37 358 410 213 114 98 45 591 120 129 75 164 197 396 270 50 82 462 279 429 32 70
246 473 168 170 33 203 22 48 27 168 57 218 254 51 67 328 29 57 37 64 47 206 53 397 199 242 219 38 3 406 129 51 45 112 59 83 50 55 51 113
153 136 148 54 288 91 73 338 1455 38 27 724 139 131 674 267 24 73 1039 358 39 590 212 235 80 63 1240 102 352 110 153 1288 127 624 203 213 439 34 161 622
87 74 1016 97 177 727 59 121 591 53 287 272 703 166 334 558 108 1362 51 110 69 159 392 278 350 116 182 25 178 188 20 351 1290 31 66 59 211 53 1341 463
44 197 258 1030 464 173 80 1146 154 478 170 35 87 137 78 214 468 376 70 98 93 55 104 1111 163 618 140 131 219 36 91 669 149 115 162 126 79 187 108 1177
48 329 86 67 554 119 66 108 125 626 118 680 206 283 213 1022 110 74 55 681 653 376 242 139 120 1232 278 188 142 339 387 713 696 101 109 721 608 506 40 102
471 717 232 256 79 402 51 77 44 430 96 294 482 84 105 575 60 94 55 86 58 263 79 528 242 412 286 70 6 668 285 87 122 171 126 102 86 72 114 123
8 9 7 17 4 12 14 3 1 27 32 2 10 9 2 5 38 13 1 3 22 2 6 5 13 18 1 9 3 11 7 1 9 2 5 6 3 29 7 2
12 16 1 11 8 2 19 10 2 20 5 5 2 7 4 2 12 1 19 9 15 7 3 5 3 12 6 31 8 6 40 3 1 28 17 16 7 17 1 3
21 7 4 1 3 6 12 1 7 3 8 31 14 7 13 5 3 3 16 14 11 19 10 1 9 2 7 9 5 26 11 2 8 12 8 11 13 6 12 1
26 3 13 16 2 8 15 11 9 2 9 2 6 4 5 1 10 13 22 2 2 3 5 8 11 1 5 7 9 4 3 2 2 10 11 2 2 2 25 11
3 2 5 5 14 3 22 16 27 3 12 4 3 14 10 2 21 11 19 15 16 4 14 2 5 3 4 19 73 2 5 15 11 8 9 10 15 16 10 8
60 63 57 48 73
