5
40
39 22 101 81 853 27 68 371 215 185 97 63 47 31 85 57 22 31 76 179 76 837 37 151 234 132 746 228 25 175 70 95 142 88 272 820 136 813 167 388
926 126 426 21 229 107 402 88 37 41 427 95 40 45 979 42 71 107 121 29 234 228 48 156 82 128 858 317 237 107 147 90 921 813 205 22 56 104 419 178
427 73 224 952 39 50 114 95 92 227 264 190 107 108 251 265 26 37 324 408 498 9 126 985 14 259 481 154 481 420 22 244 49 60 113 42 106 219 97 40
307 263 74 157 61 12 200 74 72 81 111 39 59 150 44 270 22 51 287 907 93 33 107 98 39 248 20 47 71 380 106 40 151 436 73 96 808 19 68 168
133 20 323 483 843 181 104 42 843 75 16 137 316 33 87 420 104 69 153 46 177 155 409 125 57 129 909 54 37 245 14 43 289 128 78 788 228 146 800 280
53 30 127 97 1005 45 73 590 281 204 118 88 59 35 111 71 34 36 109 197 102 1132 56 179 280 157 1202 295 29 234 73 127 191 128 337 1026 151 1145 209 503
1122 161 508 22 254 116 533 133 59 45 538 111 59 65 1021 61 74 172 154 35 300 246 74 187 96 200 1077 367 276 134 178 137 1015 999 277 27 68 136 538 211
511 110 297 1180 56 57 164 145 120 278 384 217 144 117 341 390 30 47 377 583 588 16 142 1027 20 330 570 184 563 601 23 278 66 67 135 49 156 307 110 62
404 337 103 207 69 15 288 85 100 100 154 61 88 194 51 346 36 77 357 1056 109 50 115 124 49 255 25 55 93 596 110 59 207 599 95 107 1140 26 96 201
152 28 338 566 1157 266 149 66 1118 110 25 183 364 48 124 505 141 83 185 47 215 208 505 152 76 179 1100 81 55 280 18 47 344 171 118 1049 262 186 1013 356
20 31 8 11 1 25 13 2 4 5 9 12 17 28 10 16 27 27 10 5 11 1 19 6 4 7 1 4 37 5 14 8 6 9 3 1 7 1 5 2
1 7 2 36 4 8 2 9 17 19 2 10 17 15 1 17 13 7 7 24 4 4 14 6 11 6 1 3 4 8 6 8 1 1 4 32 15 8 2 5
2 10 4 1 19 16 7 8 8 4 3 5 8 8 3 3 27 21 3 2 2 45 7 1 44 3 2 6 2 2 37 4 18 15 8 19 7 4 10 18
3 3 10 5 14 43 4 13 11 11 7 19 13 6 18 3 29 13 3 1 9 21 9 8 21 4 37 17 11 2 9 16 5 2 11 10 1 38 12 5
7 30 3 2 1 4 7 18 1 9 32 6 3 23 9 2 8 12 6 20 5 5 2 7 14 6 1 13 18 4 37 19 3 7 10 1 4 6 1 3
69 57 66 76 59
