5
80
37 40 56 31 80 27 15 308 58 53 310 27 209 88 30 829 48 188 305 43 132 94 97 488 46 162 841 40 311 47 290 477 195 62 81 54 125 68 303 105 76 382 46 413 56 46 953 27 112 105 232 999 19 72 152 49 102 42 466 435 94 412 130 76 164 27 174 47 481 225 189 204 38 401 18 90 181 69 21 37
862 160 417 892 455 19 384 97 12 189 104 178 53 24 875 92 131 194 837 396 37 744 169 57 99 240 52 292 43 202 148 79 95 43 499 35 118 148 42 194 46 61 131 151 34 797 60 21 929 59 205 44 203 19 413 468 30 134 54 70 850 14 81 25 325 441 122 89 107 63 15 47 23 881 14 15 114 113 88 384
238 769 68 36 18 313 909 72 182 301 177 28 43 50 940 137 89 268 44 823 14 54 31 77 255 794 55 39 49 22 61 310 490 898 313 255 27 90 171 109 124 178 83 113 134 25 273 54 182 428 83 220 18 380 97 169 18 64 287 86 256 94 62 201 52 467 80 51 459 218 68 78 3 781 439 20 180 252 59 139
328 88 12 328 80 83 82 93 120 82 212 33 852 48 7 166 58 162 94 235 39 48 68 392 16 319 159 30 27 28 49 28 265 78 44 156 300 90 124 87 156 95 31 849 974 104 133 207 106 47 484 87 92 214 113 48 102 42 135 29 749 71 327 55 72 39 77 61 149 45 746 949 177 422 159 56 29 285 33 401
883 188 391 271 16 307 856 71 982 74 251 205 75 78 81 848 47 274 83 40 49 112 260 418 190 909 45 241 39 103 76 96 481 432 296 968 47 108 48 129 960 111 17 108 62 462 423 195 187 977 80 232 135 188 185 430 96 106 434 903 44 29 39 152 385 51 104 170 414 152 392 45 273 423 779 71 61 236 47 45
48 43 72 45 101 33 20 366 78 68 369 31 271 109 40 1049 70 197 354 59 168 125 122 497 48 224 1142 48 333 53 327 613 214 77 101 72 141 98 334 146 103 520 73 600 77 48 1104 32 163 147 283 1119 27 93 163 65 138 54 557 548 145 590 158 79 198 31 219 61 496 255 259 270 46 497 20 109 223 85 25 42
1120 222 515 1154 585 31 609 125 13 225 151 244 64 35 1184 143 193 291 1151 612 45 1005 234 74 127 263 79 364 58 259 204 97 140 57 594 58 142 171 51 297 48 76 161 170 46 1177 79 33 1237 66 300 58 291 25 616 504 42 169 59 81 1107 15 98 38 388 513 144 117 155 80 22 65 28 1028 18 20 173 140 112 545
299 1097 96 47 25 343 1127 88 237 354 224 41 57 73 1229 172 117 399 68 1066 16 70 42 113 348 1022 60 49 59 26 69 361 568 1173 330 385 35 103 228 119 181 192 117 157 143 35 378 80 200 594 124 304 20 543 122 211 26 87 338 98 386 125 66 277 65 493 99 66 597 283 93 89 5 1147 524 21 262 357 75 165
359 120 18 371 107 98 109 140 171 124 247 44 1044 61 11 220 77 210 112 300 45 54 82 503 25 341 241 33 39 37 67 34 379 102 49 167 344 103 159 111 218 116 48 1227 1092 117 149 291 111 49 523 130 115 305 161 54 122 52 149 37 1085 95 362 82 115 42 96 69 221 64 1133 1184 227 531 203 73 43 347 43 588
1211 228 575 332 20 343 1120 91 1064 108 386 302 116 115 122 1060 63 380 106 55 58 126 373 578 212 998 59 258 59 120 103 141 543 563 390 1220 49 160 69 183 1218 137 21 171 82 622 504 238 297 1241 87 276 167 252 205 552 113 142 497 1230 48 35 55 237 611 55 135 242 543 240 509 50 340 529 1077 79 86 272 67 66
24 19 13 25 10 26 45 3 14 13 3 25 4 11 24 1 15 5 3 17 6 9 9 2 19 5 1 18 3 19 3 2 5 13 10 15 7 12 3 8 9 2 16 2 13 20 1 33 7 8 4 1 28 13 6 14 8 19 2 2 8 2 7 12 5 31 5 16 2 4 4 4 19 2 38 9 5 14 29 22
1 5 2 1 2 31 2 8 63 5 7 5 17 33 1 8 6 4 1 2 22 1 5 13 8 4 14 3 20 4 5 10 8 18 2 18 7 6 19 4 20 13 7 6 18 1 13 33 1 16 4 17 4 34 2 2 24 7 15 13 1 46 11 25 3 2 7 8 7 12 41 16 30 1 42 52 7 7 10 2
4 1 12 20 42 3 1 12 5 3 5 26 17 14 1 6 10 3 16 1 59 15 23 10 3 1 15 19 20 38 15 3 2 1 3 3 24 10 5 8 6 5 9 7 7 23 3 14 5 2 9 4 39 2 9 5 37 12 3 10 3 9 15 4 18 2 11 14 2 4 12 11 63 1 2 32 4 3 14 6
3 9 40 3 10 10 10 8 7 9 4 19 1 17 54 5 14 5 9 4 21 19 12 2 40 3 5 30 25 28 16 29 3 11 19 6 3 10 7 10 5 9 23 1 1 9 7 4 9 18 2 8 10 4 7 19 9 18 7 26 1 12 3 13 10 22 11 15 5 18 1 1 5 2 5 15 25 3 21 2
1 5 2 3 43 3 1 12 1 10 3 4 10 9 9 1 16 3 10 20 17 8 3 2 5 1 17 4 16 9 11 8 2 2 3 1 17 7 16 6 1 8 40 7 13 2 2 5 4 1 11 4 6 4 5 2 9 8 2 1 21 28 18 5 2 19 7 5 2 5 2 19 3 2 1 12 13 4 16 15
146 156 147 148 104
