5
80
195 221 31 94 29 71 119 13 946 139 32 105 28 100 735 34 89 649 38 14 325 151 568 14 147 170 110 254 53 14 23 86 24 51 112 979 57 38 340 261 73 37 41 134 58 22 99 57 109 58 44 126 886 78 55 421 63 176 113 15 196 147 257 99 47 55 173 166 191 80 146 30 83 60 59 34 123 63 106 87
99 28 100 30 817 69 44 37 43 48 137 80 793 42 92 16 76 688 376 31 714 279 820 45 150 128 380 307 66 152 27 51 142 109 71 386 23 61 146 148 35 389 249 113 33 44 44 46 92 833 147 108 16 41 36 22 71 228 49 45 132 495 87 98 278 32 75 83 59 209 165 846 42 340 648 250 781 937 127 72
66 311 110 88 9 79 33 27 28 132 90 39 140 174 47 30 62 25 127 32 153 79 156 675 98 248 460 105 17 20 62 278 110 56 112 41 216 69 769 168 480 537 147 111 24 25 36 83 164 26 37 62 167 232 11 60 59 101 46 377 266 49 30 196 126 38 99 107 192 70 380 8 85 185 41 167 133 268 303 774
85 111 44 26 35 680 48 43 43 35 51 19 68 23 825 131 385 122 408 278 76 27 106 137 287 166 348 982 262 37 25 47 31 31 148 239 37 124 96 189 189 39 33 609 895 102 288 19 56 221 85 521 35 306 24 874 51 42 283 35 18 138 108 60 50 53 91 808 909 223 100 71 226 24 733 88 74 12 43 135
243 35 24 164 545 756 170 161 49 33 81 32 419 995 119 79 78 61 17 99 99 38 756 163 18 133 154 243 46 489 797 153 31 75 308 119 82 105 556 70 214 183 64 33 277 134 49 98 67 58 105 125 79 53 90 136 27 252 110 305 309 104 32 24 141 22 22 938 196 20 524 421 926 26 163 65 135 135 163 36
287 293 62 104 60 132 132 16 1139 191 49 182 79 239 1250 53 186 1277 99 17 367 200 1291 36 176 386 205 444 106 37 34 108 45 101 169 1430 67 82 541 513 113 63 43 196 73 43 226 83 128 96 69 200 1191 124 121 519 131 368 288 27 338 274 549 160 95 115 272 450 331 164 254 62 116 103 95 50 216 135 159 181
210 71 183 47 1203 145 52 54 115 107 265 120 1447 110 92 24 115 1345 718 70 1057 668 1090 73 196 236 720 680 127 179 68 119 174 172 97 674 27 180 346 207 74 692 435 169 51 61 101 85 177 1000 235 225 34 61 64 43 116 431 86 112 185 1078 153 229 423 60 128 124 71 463 224 1085 45 640 1357 615 1137 1171 171 136
113 391 145 146 21 129 72 63 60 211 233 92 200 282 82 37 136 61 167 53 269 142 162 1168 266 362 517 139 23 42 100 422 145 155 242 79 262 139 1094 275 675 1008 326 168 43 59 71 205 345 56 44 130 305 492 28 151 69 163 77 519 441 90 72 253 201 88 226 152 366 87 723 19 190 224 81 264 170 374 495 1071
132 198 108 48 51 1483 102 96 78 90 74 36 107 44 1184 212 512 182 494 412 176 43 139 179 383 444 691 1482 509 62 69 57 41 60 195 301 58 170 167 270 413 85 82 1325 1120 168 371 37 105 474 173 1345 72 591 38 1438 81 55 344 52 32 285 163 84 88 102 206 1168 1257 341 165 120 373 38 1015 135 120 21 69 164
380 41 33 233 1129 1118 274 301 62 64 122 67 638 1173 153 142 108 66 34 296 143 62 1037 283 23 291 224 269 57 609 1348 259 38 152 683 247 183 180 1132 151 277 327 115 70 517 245 73 225 132 88 177 227 171 93 163 189 35 454 211 351 669 254 59 53 298 29 34 1419 334 42 1145 506 1133 67 272 107 149 200 294 63
4 4 19 9 21 10 8 46 1 6 27 6 15 5 1 21 6 1 13 51 3 6 1 28 6 3 5 3 12 34 27 10 20 11 8 1 15 16 2 2 9 21 23 6 14 23 6 13 8 12 18 6 1 9 11 2 9 3 5 39 4 5 2 8 12 11 4 3 4 7 5 18 9 12 12 20 5 9 8 8
6 19 6 24 1 8 17 17 12 10 4 10 1 12 10 32 9 1 2 17 1 2 1 16 6 6 2 2 9 6 18 11 6 6 12 2 37 8 4 5 13 2 3 8 23 19 12 13 8 1 6 6 37 14 15 20 10 3 11 12 7 1 9 5 3 17 8 9 13 3 6 1 20 2 1 2 1 1 6 9
12 3 8 9 36 9 15 17 21 6 6 14 6 5 12 24 8 20 7 26 5 9 6 1 5 3 2 9 56 32 12 3 7 9 5 16 4 7 1 4 2 1 4 8 19 17 15 6 3 19 22 9 4 3 37 9 16 8 15 2 3 14 19 4 5 12 6 8 4 13 2 53 7 5 17 4 7 3 2 1
10 7 11 23 23 1 10 12 15 13 17 28 9 27 1 5 2 7 2 3 8 23 7 6 3 3 2 1 2 17 19 18 25 20 6 4 20 7 7 5 3 12 17 1 1 8 3 29 13 3 6 1 16 2 35 1 16 17 3 23 33 5 7 13 12 10 7 1 1 4 6 11 3 28 1 8 11 37 19 7
3 21 31 5 1 1 5 4 20 17 11 18 2 1 7 10 10 15 27 5 8 18 1 5 31 5 5 4 18 2 1 5 25 8 2 5 6 7 1 9 4 4 12 15 2 6 17 6 10 14 6 5 7 13 6 6 27 3 7 3 2 5 21 22 4 31 24 1 3 33 1 2 1 19 5 9 7 7 4 21
142 118 138 138 124
