5
80
54 63 95 773 70 116 46 187 261 90 95 56 102 751 18 66 75 105 95 55 131 45 87 210 854 91 48 160 39 772 21 61 144 116 466 39 904 52 66 177 301 889 415 473 768 121 182 423 188 215 67 121 82 24 970 20 102 37 30 64 158 170 209 71 193 67 45 53 466 58 128 46 14 844 86 409 43 866 812 110
40 58 51 89 88 893 161 118 166 289 466 56 180 97 329 207 158 37 379 485 52 19 43 377 379 179 244 70 440 51 196 83 49 12 105 376 97 118 380 98 42 71 93 87 15 115 443 32 272 104 45 490 318 176 194 80 86 21 55 95 129 292 294 244 195 156 18 154 61 44 116 297 119 296 46 927 38 73 33 35
992 277 105 42 70 205 22 65 459 112 66 27 329 120 117 225 197 52 202 158 231 301 155 429 49 27 430 25 67 97 14 97 71 433 846 191 56 68 190 98 195 45 19 230 178 875 87 139 435 67 74 256 379 231 157 752 49 47 99 441 232 113 43 18 32 58 814 117 468 31 461 175 150 183 50 101 34 50 57 235
308 77 38 47 38 882 30 73 276 67 68 293 30 279 270 176 39 783 149 103 72 113 189 260 23 989 162 198 16 21 103 81 466 891 188 918 97 18 58 123 112 168 896 23 62 121 32 47 67 83 752 430 160 48 41 275 42 816 319 307 14 123 117 43 42 102 380 39 167 38 89 20 51 104 83 56 376 384 281 328
30 437 145 271 57 183 419 187 24 294 48 45 158 112 18 169 165 791 262 30 82 277 33 49 39 415 277 149 33 40 420 71 751 27 62 132 30 291 173 136 135 63 216 118 486 77 68 60 56 305 17 943 40 95 65 401 160 108 420 967 43 410 144 17 27 49 62 125 57 38 131 105 42 970 164 40 18 841 192 225
58 65 118 1044 85 164 54 273 396 116 149 79 143 1130 25 109 81 151 105 58 203 62 122 254 1016 110 58 217 52 1000 27 76 160 131 534 53 1008 62 93 220 369 995 554 588 1175 150 227 616 283 310 80 121 110 33 998 26 158 47 49 86 199 221 298 100 248 102 69 69 579 64 170 56 16 1137 108 502 54 1135 1161 140
65 75 80 123 109 1116 170 183 228 337 535 76 208 141 357 296 189 48 525 606 61 22 56 564 522 212 306 105 514 63 253 124 56 20 137 514 106 180 569 113 48 98 117 126 19 144 563 49 353 140 74 509 340 227 212 93 122 26 71 100 177 398 365 350 261 215 26 182 93 62 125 384 163 404 62 1007 47 101 45 36
1143 392 142 64 90 299 30 73 533 160 88 34 391 144 130 255 270 74 245 181 257 332 165 520 50 37 535 32 101 122 15 129 101 600 1177 276 73 74 229 128 279 58 23 298 223 1111 101 164 605 101 86 361 568 288 189 1000 60 48 143 497 271 134 63 23 36 74 995 145 536 50 550 199 232 244 54 121 44 67 85 250
332 86 49 54 48 1099 44 99 402 92 78 382 45 375 332 216 53 1099 198 132 101 138 231 400 24 1187 216 264 18 21 155 122 514 1068 265 1235 146 25 79 196 135 234 1171 25 93 142 49 64 82 111 1033 598 237 59 59 371 55 1083 400 364 21 156 133 69 53 154 541 54 227 41 101 21 57 129 91 66 591 594 395 399
45 608 199 359 80 232 540 243 38 359 62 60 183 159 23 221 219 1004 378 33 130 359 44 67 52 584 372 198 45 42 510 88 1213 38 96 184 39 352 230 143 135 67 304 134 539 84 86 73 62 333 19 1143 55 121 88 525 233 140 540 1126 50 510 173 19 32 51 94 171 72 58 200 119 66 1152 203 63 21 1178 299 255
16 15 9 1 12 7 18 4 3 9 8 12 8 1 32 11 12 7 10 15 6 16 9 4 1 10 17 5 17 1 37 14 6 8 2 21 1 17 11 5 3 1 2 2 1 8 5 2 4 4 14 8 9 26 1 33 7 22 20 11 6 5 4 12 4 11 15 17 2 16 6 17 54 1 9 2 21 1 1 8
16 15 13 9 10 1 6 6 5 3 2 14 5 8 3 4 6 22 2 2 15 43 20 2 2 5 4 11 2 15 4 9 17 36 8 2 9 6 2 9 19 10 9 9 39 8 2 24 3 8 14 2 3 5 5 11 8 40 13 10 6 3 3 3 4 5 29 6 11 15 8 3 7 3 16 1 19 10 22 24
1 3 7 17 12 4 27 13 2 7 13 25 3 8 8 4 4 16 4 6 4 3 6 2 19 26 2 36 11 9 57 8 11 2 1 4 14 13 5 9 4 16 37 4 5 1 10 6 2 11 12 3 2 4 6 1 15 20 8 2 4 8 16 34 24 14 1 8 2 22 2 5 5 5 19 9 24 14 12 4
3 11 21 17 20 1 21 10 3 11 13 3 22 3 3 5 19 1 6 8 10 8 5 3 30 1 5 4 40 34 7 9 2 1 4 1 8 38 13 6 7 5 1 30 12 8 22 16 12 9 1 2 5 17 20 3 17 1 3 3 37 7 8 16 21 7 2 20 5 25 10 40 18 9 11 17 2 2 3 3
23 2 6 3 12 5 2 4 27 3 17 16 6 7 39 5 5 1 3 29 9 3 23 15 21 2 3 5 26 21 2 12 1 26 12 6 23 3 5 7 7 13 4 8 2 11 13 15 15 3 36 1 18 10 11 2 5 7 2 1 21 2 6 43 34 17 12 7 13 18 6 9 16 1 5 19 38 1 4 4
130 130 132 141 144
