5
40
231 295 54 106 82 99 301 237 63 429 24 958 92 769 121 199 241 990 41 858 48 974 93 245 82 319 23 254 40 54 200 52 73 47 151 51 35 105 11 930
79 79 329 861 148 218 122 101 97 69 54 39 20 51 903 25 77 124 202 30 36 828 31 48 29 190 76 61 220 76 96 977 246 832 81 199 73 134 71 153
77 134 381 84 119 89 404 248 54 148 52 80 40 202 119 27 57 142 78 40 60 98 172 73 68 102 24 792 89 33 836 38 71 430 165 50 144 43 872 59
55 192 100 32 449 147 911 203 63 49 62 94 133 141 108 39 184 72 112 87 128 400 117 108 391 70 230 15 39 316 58 314 91 138 120 56 390 60 884 917
752 56 184 63 61 77 59 918 70 54 69 281 16 111 213 8 100 75 83 83 176 418 32 273 389 41 820 155 57 283 22 262 40 892 246 158 25 309 88 214
259 353 69 117 95 117 348 299 83 608 35 1113 125 1049 170 265 309 1039 50 1018 55 1117 118 387 91 406 29 407 62 83 261 70 111 66 236 53 51 126 18 1218
125 99 357 1166 202 274 155 134 128 89 72 50 30 64 1010 28 92 169 277 48 44 1073 39 58 44 227 89 81 273 85 120 1003 343 1078 105 261 91 157 81 180
94 170 562 120 154 111 519 394 66 230 62 83 50 249 143 33 76 183 104 52 68 108 242 115 105 162 33 1211 110 39 1075 47 82 499 217 74 196 60 1061 73
58 229 125 49 616 224 1241 280 67 62 78 117 147 202 156 51 298 82 123 94 163 498 145 134 502 85 282 19 50 392 64 378 119 163 159 91 582 79 1094 1196
1057 79 302 81 86 87 65 1162 106 61 90 397 19 155 303 12 139 98 110 135 202 603 47 353 568 49 1177 192 85 370 37 369 59 1228 401 195 32 376 116 270
4 3 13 9 11 9 3 4 12 2 26 1 8 1 6 4 4 1 20 1 18 1 9 3 11 3 28 3 19 13 4 14 10 15 5 18 20 8 53 1
9 12 3 1 5 4 7 7 9 11 13 19 36 16 1 28 11 7 4 23 19 1 25 19 23 5 12 13 4 11 9 1 3 1 11 4 11 7 11 6
10 7 2 9 7 9 2 3 15 5 16 11 18 4 8 29 12 6 10 17 15 9 5 10 11 7 25 1 9 23 1 21 13 2 5 16 6 17 1 13
15 5 9 20 2 5 1 4 15 16 14 10 7 6 7 22 4 12 8 10 7 2 7 8 2 12 4 37 22 3 15 3 8 6 7 13 2 14 1 1
1 15 4 12 13 11 15 1 10 16 13 3 46 7 4 61 8 10 9 9 5 2 19 3 2 20 1 6 13 3 30 3 17 1 3 5 28 3 10 4
63 67 65 58 71
