5
40
149 38 166 106 83 177 266 78 118 24 305 381 108 409 813 111 252 162 161 154 74 978 26 161 120 164 126 34 82 270 896 201 120 13 60 47 251 58 48 754
928 83 88 244 39 214 32 22 57 24 196 282 89 283 312 810 136 61 115 128 863 240 286 116 49 109 47 76 65 210 122 57 41 165 134 24 181 35 186 937
132 23 839 122 473 951 150 49 153 195 62 80 246 88 221 158 31 92 274 28 132 72 106 39 61 437 18 58 133 28 156 298 282 190 83 885 30 59 65 38
24 438 17 38 755 257 257 903 177 420 18 192 74 8 129 294 12 13 146 266 37 274 855 39 180 68 152 103 307 844 253 42 38 114 73 50 913 149 49 283
19 491 20 133 377 62 20 69 38 96 137 68 93 31 41 131 196 36 68 64 24 190 64 46 19 188 40 80 150 988 135 40 61 65 48 389 57 93 82 995
190 54 228 138 115 202 376 103 146 31 346 601 145 533 1222 163 360 244 202 175 87 1083 37 222 166 209 202 34 101 376 1232 291 165 18 80 61 338 87 60 1185
1102 106 91 327 49 246 37 35 77 28 298 333 117 406 406 1219 168 90 158 162 1220 246 369 155 61 127 50 93 77 303 199 72 45 200 195 36 204 48 231 1034
173 37 1124 165 503 1002 240 78 162 281 82 103 255 112 279 194 40 135 410 31 195 91 125 43 70 570 20 62 192 44 197 396 386 274 87 1193 46 77 78 45
29 604 19 45 1036 371 397 1212 203 552 27 301 82 13 174 400 15 22 170 351 49 337 1095 50 221 94 193 129 398 1012 383 66 47 150 98 68 1022 164 62 367
28 580 30 148 540 92 23 107 51 137 151 89 115 37 56 195 249 42 75 100 29 203 72 51 24 197 46 111 170 1160 179 53 81 101 58 521 78 117 110 1037
6 20 5 8 9 5 3 9 7 31 3 2 7 2 1 7 3 5 5 6 12 1 25 5 7 5 6 27 10 3 1 4 7 41 13 17 3 13 17 1
1 9 11 3 21 4 27 29 15 33 4 3 9 3 3 1 6 12 7 7 1 4 3 7 19 9 19 12 14 4 6 15 19 5 6 27 5 18 5 1
6 25 1 7 2 1 5 14 6 4 13 10 4 10 4 6 27 8 3 26 6 13 9 19 15 2 39 15 6 25 6 3 3 4 11 1 22 13 13 19
29 2 36 21 1 3 3 1 5 2 30 4 12 79 6 3 62 38 6 3 21 3 1 20 5 11 6 8 3 1 3 15 18 8 11 14 1 6 19 3
31 2 36 7 2 11 30 11 23 8 7 13 10 24 18 6 4 27 12 11 31 5 13 19 43 5 20 9 6 1 6 19 12 11 17 2 13 9 10 1
57 65 68 83 87
