5
80
101 93 129 47 206 72 49 289 863 21 22 424 77 90 479 182 15 60 991 306 37 415 123 173 66 38 969 90 287 77 110 757 94 443 165 129 289 26 106 381 69 59 938 69 97 395 41 91 493 43 161 164 407 127 195 483 71 783 42 96 62 113 324 167 316 73 151 29 96 133 19 261 909 18 44 52 119 50 976 275
33 127 233 761 312 156 66 966 132 323 115 27 68 128 70 182 313 303 44 57 72 35 83 980 86 488 110 76 170 29 61 448 106 59 92 85 64 155 72 758 31 260 56 52 376 117 51 74 107 425 103 451 139 241 155 786 83 71 40 470 442 246 146 103 77 909 144 116 93 189 289 371 440 79 73 413 439 393 30 78
257 447 173 154 54 259 41 44 24 269 61 214 314 56 82 491 33 70 45 47 44 221 69 386 153 310 210 38 7 469 150 47 87 112 77 89 53 47 86 108 238 43 409 405 25 459 129 38 458 30 67 75 77 790 106 934 942 210 270 28 229 23 919 233 274 949 275 940 44 192 86 89 44 819 223 109 25 108 125 87
91 63 283 277 144 32 106 102 49 66 60 447 53 414 113 121 91 82 768 68 109 100 90 248 89 45 87 453 25 196 212 26 148 111 92 107 31 465 228 247 157 89 18 278 246 7 950 87 59 986 110 102 184 936 891 82 396 72 77 44 486 225 29 82 19 41 109 89 41 985 472 30 39 72 124 18 21 382 75 82
65 765 50 96 149 228 388 36 777 276 165 251 106 21 309 278 939 474 132 290 786 32 777 469 96 56 75 11 756 71 29 54 94 180 161 84 92 88 84 393 390 19 179 33 113 753 67 158 110 37 86 278 31 88 75 135 88 58 99 46 805 23 452 867 24 108 808 96 307 120 895 323 243 90 265 150 69 67 187 186
135 123 145 54 259 94 74 386 1167 31 31 506 101 124 512 223 21 76 1188 326 50 491 187 236 86 50 1117 104 344 96 135 1202 129 506 207 179 403 36 142 576 87 67 1140 90 132 601 54 106 503 53 223 235 614 145 287 500 94 1039 56 122 70 142 333 237 369 90 165 33 138 164 23 377 1016 29 65 59 152 64 1202 341
45 140 262 1215 394 188 83 1026 147 377 141 35 78 157 73 236 375 333 62 75 87 49 101 1077 128 505 170 108 242 43 86 609 140 87 126 107 77 172 85 1051 40 342 83 75 495 133 59 100 110 506 127 562 162 276 243 1168 101 84 40 605 522 349 231 122 90 1068 228 153 124 267 346 613 516 103 102 604 559 563 36 98
399 613 236 208 74 354 50 60 37 340 80 243 353 76 103 542 46 100 52 73 57 285 72 570 236 345 284 54 11 555 208 69 95 128 109 101 65 66 108 132 289 56 548 584 42 525 176 46 556 41 89 95 115 1088 129 1118 1153 303 366 35 277 38 1118 284 364 1085 342 1020 57 291 115 112 54 1063 288 153 34 122 160 99
122 69 335 345 163 52 119 144 61 81 77 565 63 603 132 145 107 104 1198 82 163 107 103 369 114 49 108 610 28 250 259 31 210 155 100 146 40 507 243 356 234 114 29 405 266 8 1077 131 73 1003 129 128 226 1101 1017 118 573 102 104 50 574 279 35 107 26 44 128 122 55 1218 518 33 48 111 164 24 28 560 96 93
76 1028 78 104 241 277 593 37 1106 400 218 371 152 25 338 341 1117 573 135 398 1077 41 1043 576 141 63 93 13 1081 95 44 68 119 285 240 116 122 122 102 542 519 24 225 51 134 994 102 202 127 49 121 388 41 108 116 142 93 87 145 61 1241 28 605 1131 31 123 1152 132 326 169 1047 344 334 114 402 240 77 80 219 243
8 9 7 17 4 12 14 3 1 27 32 2 10 9 2 5 38 13 1 3 22 2 6 5 13 18 1 9 3 11 7 1 9 2 5 6 3 29 7 2 12 16 1 11 8 2 19 10 2 20 5 5 2 7 4 2 12 1 19 9 15 7 3 5 3 12 6 31 8 6 40 3 1 28 17 16 7 17 1 3
21 7 4 1 3 6 12 1 7 3 8 31 14 7 13 5 3 3 16 14 11 19 10 1 9 2 7 9 5 26 11 2 8 12 8 11 13 6 12 1 26 3 13 16 2 8 15 11 9 2 9 2 6 4 5 1 10 13 22 2 2 3 5 8 11 1 5 7 9 4 3 2 2 10 11 2 2 2 25 11
3 2 5 5 14 3 22 16 27 3 12 4 3 14 10 2 21 11 19 15 16 4 14 2 5 3 4 19 73 2 5 15 11 8 9 10 15 16 10 8 4 19 2 2 28 2 6 24 2 26 12 11 10 1 9 1 1 4 3 24 4 24 1 4 3 1 3 1 20 4 10 9 16 1 4 8 25 8 7 10
8 14 3 3 6 20 8 7 15 13 15 2 16 2 8 7 10 11 1 12 7 9 10 3 10 18 11 2 36 4 4 33 5 7 10 8 25 2 4 3 5 10 30 3 4 61 1 8 15 1 8 8 5 1 1 10 2 10 11 18 2 4 30 11 35 19 8 9 16 1 2 27 25 10 6 42 34 2 11 10
12 1 13 9 5 4 2 23 1 3 5 3 7 39 3 3 1 2 7 3 1 21 1 2 8 16 10 47 1 11 22 15 9 4 5 10 9 9 11 2 2 47 5 20 8 1 11 5 8 22 10 3 23 10 10 7 10 12 8 19 1 34 2 1 28 8 1 8 3 7 1 3 3 10 3 5 13 14 5 5
123 106 130 145 120
