5
80
223 222 41 94 37 91 115 14 913 149 30 156 51 192 976 37 144 933 60 13 313 149 931 28 158 294 178 299 66 25 27 91 38 79 118 975 60 54 470 460 102 41 40 153 64 31 153 68 115 72 41 153 987 105 84 457 100 301 188 22 233 186 469 108 79 87 245 317 222 128 186 53 97 71 71 41 176 103 115 119
147 50 141 33 918 115 49 43 73 87 237 96 930 73 83 22 106 941 458 52 962 486 938 50 159 151 485 456 96 158 49 86 157 157 77 465 21 120 239 179 66 470 293 112 31 45 77 65 115 907 147 145 26 55 53 36 96 300 78 79 129 949 95 179 306 50 112 99 62 302 153 968 41 459 987 476 936 927 151 103
74 296 118 102 19 100 55 43 40 153 159 65 148 185 76 28 110 49 129 36 186 101 151 929 191 313 481 104 15 30 72 298 134 105 182 60 235 123 984 238 477 923 246 123 42 51 55 160 316 44 35 97 245 304 17 98 58 116 50 473 316 64 48 237 192 72 145 122 235 72 466 11 135 185 54 244 133 321 483 958
87 128 81 36 42 904 90 79 59 64 49 27 93 35 899 173 457 132 459 292 106 39 121 155 309 310 478 956 474 46 48 46 39 40 159 235 41 135 125 191 299 76 54 963 938 109 302 31 65 312 157 937 48 465 25 991 60 47 313 35 25 178 127 66 78 93 128 966 936 247 149 83 317 26 986 112 77 18 50 126
312 40 23 188 918 975 172 243 49 46 76 46 488 950 126 89 95 59 30 192 121 44 979 186 21 177 184 241 50 480 991 184 33 110 487 192 156 127 933 99 236 240 79 61 475 151 49 150 96 55 153 182 128 74 147 148 27 308 137 293 455 177 41 38 225 25 30 928 305 26 925 450 925 46 177 105 122 134 223 42
259 248 45 113 41 92 122 16 1095 164 36 162 62 205 1013 43 170 1008 67 15 357 160 994 29 168 339 203 337 80 28 31 102 43 86 127 1037 69 61 540 522 112 44 42 177 73 37 164 76 116 81 46 171 1056 111 89 516 117 334 206 25 250 198 537 132 84 94 254 330 253 139 212 57 107 76 74 42 212 112 131 129
167 51 168 34 1003 127 54 49 89 102 263 102 1077 82 93 23 109 1042 538 59 998 511 1022 55 165 176 513 528 102 173 53 92 172 167 85 510 26 122 245 199 70 498 340 125 37 55 80 72 134 1027 170 164 27 65 64 43 97 346 87 81 138 1055 106 207 355 52 120 110 72 333 167 1036 44 542 1083 518 1089 1020 179 113
82 335 118 108 19 114 57 52 45 170 169 73 168 198 84 32 123 50 144 38 205 117 171 1018 197 348 511 108 17 31 76 338 151 112 213 60 270 137 1029 253 541 1079 255 133 43 51 63 167 351 45 37 111 262 362 20 111 66 125 58 541 340 68 52 262 215 83 171 132 246 79 495 13 140 202 62 263 142 336 511 1006
96 142 85 36 44 1086 94 88 65 69 60 29 110 37 1073 198 521 144 503 339 128 44 146 168 344 343 510 1005 524 50 54 50 42 43 167 251 44 152 145 201 325 81 56 1060 996 121 329 35 72 336 161 1090 54 498 26 1032 66 53 346 37 25 201 151 74 78 99 142 1006 994 255 166 94 330 27 1064 122 86 19 55 141
360 43 24 208 1014 1076 210 254 53 50 89 53 531 1073 137 99 102 69 37 213 133 48 1028 196 24 196 199 246 55 493 1017 202 37 132 535 202 176 140 1081 109 263 253 84 67 508 165 52 168 99 68 163 198 136 77 169 172 33 355 153 324 540 201 41 41 247 25 33 1050 346 28 1020 532 1071 48 198 109 148 143 252 45
4 4 19 9 21 10 8 46 1 6 27 6 15 5 1 21 6 1 13 51 3 6 1 28 6 3 5 3 12 34 27 10 20 11 8 1 15 16 2 2 9 21 23 6 14 23 6 13 8 12 18 6 1 9 11 2 9 3 5 39 4 5 2 8 12 11 4 3 4 7 5 18 9 12 12 20 5 9 8 8
6 19 6 24 1 8 17 17 12 10 4 10 1 12 10 32 9 1 2 17 1 2 1 16 6 6 2 2 9 6 18 11 6 6 12 2 37 8 4 5 13 2 3 8 23 19 12 13 8 1 6 6 37 14 15 20 10 3 11 12 7 1 9 5 3 17 8 9 13 3 6 1 20 2 1 2 1 1 6 9
12 3 8 9 36 9 15 17 21 6 6 14 6 5 12 24 8 20 7 26 5 9 6 1 5 3 2 9 56 32 12 3 7 9 5 16 4 7 1 4 2 1 4 8 19 17 15 6 3 19 22 9 4 3 37 9 16 8 15 2 3 14 19 4 5 12 6 8 4 13 2 53 7 5 17 4 7 3 2 1
10 7 11 23 23 1 10 12 15 13 17 28 9 27 1 5 2 7 2 3 8 23 7 6 3 3 2 1 2 17 19 18 25 20 6 4 20 7 7 5 3 12 17 1 1 8 3 29 13 3 6 1 16 2 35 1 16 17 3 23 33 5 7 13 12 10 7 1 1 4 6 11 3 28 1 8 11 37 19 7
3 21 31 5 1 1 5 4 20 17 11 18 2 1 7 10 10 15 27 5 8 18 1 5 31 5 5 4 18 2 1 5 25 8 2 5 6 7 1 9 4 4 12 15 2 6 17 6 10 14 6 5 7 13 6 6 27 3 7 3 2 5 21 22 4 31 24 1 3 33 1 2 1 19 5 9 7 7 4 21
142 118 138 138 124
