5
40
45 22 113 76 920 36 63 490 231 195 98 79 56 28 89 54 28 33 87 177 82 973 40 154 230 122 951 236 25 182 64 115 156 102 296 948 128 900 195 454
974 131 485 21 226 105 485 99 46 42 461 86 45 57 978 51 69 128 127 29 224 232 60 154 80 153 965 292 241 121 159 109 966 952 235 21 59 125 459 192
485 83 248 895 47 56 120 111 113 230 316 179 110 111 316 309 26 38 322 478 479 11 129 995 18 299 487 155 454 487 21 222 51 60 115 45 131 247 88 47
325 326 88 179 64 13 230 66 77 80 128 44 65 162 46 320 26 64 299 991 97 43 105 118 43 231 20 47 73 481 99 46 172 480 77 99 909 20 69 183
129 22 315 462 938 239 131 50 976 90 22 151 321 36 103 474 117 71 157 44 181 198 474 128 58 148 983 62 45 231 17 44 299 133 94 980 227 154 941 313
49 25 123 84 1038 37 74 497 254 198 110 86 56 33 105 65 31 36 99 198 87 1085 47 174 263 141 1002 242 25 210 72 118 163 118 359 1074 148 1047 209 523
1011 142 505 23 263 124 497 115 54 45 495 103 51 58 1023 61 75 148 141 36 246 257 64 171 88 173 1052 334 252 122 168 122 1023 998 253 25 60 131 495 207
527 98 263 1088 52 60 147 123 123 262 358 208 116 118 328 328 28 40 325 514 547 14 150 1040 19 347 509 164 531 527 24 248 55 65 133 49 141 252 98 53
345 333 98 196 70 16 260 81 92 85 152 52 75 169 51 326 30 71 328 1042 110 44 117 121 47 268 23 52 83 543 110 55 191 515 85 107 997 22 82 200
138 25 337 525 1085 240 143 54 1064 101 23 158 338 40 119 492 125 80 168 50 193 211 493 149 67 178 1038 66 47 268 17 49 349 155 97 1019 258 168 1086 352
20 31 8 11 1 25 13 2 4 5 9 12 17 28 10 16 27 27 10 5 11 1 19 6 4 7 1 4 37 5 14 8 6 9 3 1 7 1 5 2
1 7 2 36 4 8 2 9 17 19 2 10 17 15 1 17 13 7 7 24 4 4 14 6 11 6 1 3 4 8 6 8 1 1 4 32 15 8 2 5
2 10 4 1 19 16 7 8 8 4 3 5 8 8 3 3 27 21 3 2 2 45 7 1 44 3 2 6 2 2 37 4 18 15 8 19 7 4 10 18
3 3 10 5 14 43 4 13 11 11 7 19 13 6 18 3 29 13 3 1 9 21 9 8 21 4 37 17 11 2 9 16 5 2 11 10 1 38 12 5
7 30 3 2 1 4 7 18 1 9 32 6 3 23 9 2 8 12 6 20 5 5 2 7 14 6 1 13 18 4 37 19 3 7 10 1 4 6 1 3
69 57 66 76 59
