5
80
39 43 85 598 78 81 27 125 262 97 106 54 77 750 21 84 74 118 78 30 125 28 83 125 605 59 52 118 30 665 24 51 125 81 354 45 523 55 72 152 244 928 331 446 579 67 151 358 227 210 49 109 90 30 500 23 87 21 38 44 150 121 223 63 174 72 37 49 394 49 136 37 8 791 81 306 33 590 640 98
34 37 44 61 85 903 153 119 132 208 288 49 194 111 257 186 106 35 447 365 38 18 36 493 261 102 229 81 357 55 152 58 39 9 73 470 68 128 498 98 31 85 89 70 10 92 475 23 276 82 32 275 301 116 138 57 109 21 69 57 88 199 195 250 151 145 24 100 50 48 118 277 92 300 41 571 28 94 28 24
909 285 103 29 48 212 24 49 292 126 40 28 309 105 78 226 148 38 137 157 159 217 99 395 50 37 359 13 74 98 10 109 48 305 826 148 64 47 156 59 131 37 15 123 178 888 58 143 439 50 44 242 276 163 156 959 43 39 96 475 136 119 50 19 28 52 626 82 382 24 288 182 113 142 48 101 25 53 56 153
295 54 35 43 37 738 39 63 282 65 46 327 28 237 281 120 35 616 137 111 67 67 124 246 13 514 134 173 8 17 79 97 376 658 172 967 116 18 49 129 128 179 638 13 39 88 27 44 73 70 858 272 137 28 34 171 47 705 242 267 16 69 68 30 32 87 475 33 106 27 57 15 30 85 82 56 410 414 252 225
31 365 90 284 46 105 306 205 18 301 49 49 147 85 21 187 159 835 283 24 98 229 34 52 33 382 176 109 22 38 253 59 544 17 40 90 34 300 106 82 124 47 151 84 411 58 62 44 45 287 10 779 44 61 76 362 173 111 314 663 30 480 125 12 15 32 52 99 42 36 132 89 57 762 196 30 18 677 189 194
77 72 111 1224 92 180 71 291 472 136 176 75 158 1310 30 114 91 162 121 81 210 64 144 354 1171 94 62 206 70 996 28 91 175 128 504 53 1465 67 112 236 426 1439 577 610 1336 177 197 612 285 305 93 164 115 43 1218 28 195 62 45 121 204 227 254 116 344 87 78 73 656 58 177 61 24 1254 133 727 61 1322 1039 152
56 64 87 128 99 1061 207 179 204 397 551 96 230 118 481 300 198 65 552 629 76 30 69 645 534 235 288 111 539 87 278 120 81 17 134 748 151 170 606 143 57 97 115 106 19 120 698 52 489 139 77 695 363 266 267 109 129 29 71 147 229 467 409 372 325 277 26 166 114 64 176 413 171 373 83 1251 49 126 40 37
1185 398 190 77 107 244 41 74 731 188 73 49 365 125 180 281 251 77 307 166 308 355 233 644 50 54 508 39 119 129 21 130 101 731 1137 328 95 102 219 159 266 69 22 329 196 1269 98 182 645 112 93 345 551 306 214 1173 70 66 144 491 336 146 60 27 43 66 1097 175 605 55 634 209 209 211 73 119 57 88 81 284
389 96 61 52 67 1457 44 112 400 103 81 461 51 406 390 264 70 1185 178 154 119 139 258 355 24 1180 228 346 18 31 189 154 645 1220 245 1108 119 26 75 233 145 262 1244 34 87 182 48 67 109 133 1287 561 251 75 49 368 65 1201 393 416 24 146 136 70 60 174 700 44 285 48 96 27 67 126 93 60 575 716 409 412
46 622 189 444 110 242 651 270 41 437 82 87 216 170 25 272 214 1279 392 39 140 448 55 68 49 739 354 252 38 42 669 107 1206 37 111 212 46 367 224 194 182 100 313 160 716 84 83 94 87 457 20 1225 65 126 99 608 252 153 698 1194 57 678 221 22 29 65 99 183 74 67 174 122 68 1171 207 68 28 1446 361 261
16 15 9 1 12 7 18 4 3 9 8 12 8 1 32 11 12 7 10 15 6 16 9 4 1 10 17 5 17 1 37 14 6 8 2 21 1 17 11 5 3 1 2 2 1 8 5 2 4 4 14 8 9 26 1 33 7 22 20 11 6 5 4 12 4 11 15 17 2 16 6 17 54 1 9 2 21 1 1 8
16 15 13 9 10 1 6 6 5 3 2 14 5 8 3 4 6 22 2 2 15 43 20 2 2 5 4 11 2 15 4 9 17 36 8 2 9 6 2 9 19 10 9 9 39 8 2 24 3 8 14 2 3 5 5 11 8 40 13 10 6 3 3 3 4 5 29 6 11 15 8 3 7 3 16 1 19 10 22 24
1 3 7 17 12 4 27 13 2 7 13 25 3 8 8 4 4 16 4 6 4 3 6 2 19 26 2 36 11 9 57 8 11 2 1 4 14 13 5 9 4 16 37 4 5 1 10 6 2 11 12 3 2 4 6 1 15 20 8 2 4 8 16 34 24 14 1 8 2 22 2 5 5 5 19 9 24 14 12 4
3 11 21 17 20 1 21 10 3 11 13 3 22 3 3 5 19 1 6 8 10 8 5 3 30 1 5 4 40 34 7 9 2 1 4 1 8 38 13 6 7 5 1 30 12 8 22 16 12 9 1 2 5 17 20 3 17 1 3 3 37 7 8 16 21 7 2 20 5 25 10 40 18 9 11 17 2 2 3 3
23 2 6 3 12 5 2 4 27 3 17 16 6 7 39 5 5 1 3 29 9 3 23 15 21 2 3 5 26 21 2 12 1 26 12 6 23 3 5 7 7 13 4 8 2 11 13 15 15 3 36 1 18 10 11 2 5 7 2 1 21 2 6 43 34 17 12 7 13 18 6 9 16 1 5 19 38 1 4 4
130 130 132 141 144
