5
80
55 58 102 922 78 121 48 234 293 99 117 74 108 996 25 83 75 130 90 53 151 48 104 226 992 90 53 184 46 942 24 58 151 117 462 42 938 52 78 184 320 951 455 443 896 115 177 492 223 247 66 117 103 29 970 23 129 40 38 83 164 186 242 75 229 82 55 51 451 54 149 47 14 966 102 453 42 913 928 107
46 62 66 107 99 912 149 144 176 307 470 65 191 114 317 233 157 44 496 452 57 20 45 470 460 194 235 86 456 52 238 97 50 15 111 463 100 144 488 103 44 92 100 96 16 114 444 38 305 108 55 454 309 182 182 72 108 19 68 92 149 294 311 299 225 187 21 156 79 54 119 320 127 295 57 981 44 96 35 35
972 298 131 52 75 221 30 59 475 126 69 34 320 114 112 227 242 57 221 153 238 319 151 481 47 33 489 23 80 93 13 114 82 459 946 246 63 64 182 102 228 49 20 225 175 942 86 152 475 85 68 311 455 231 154 910 50 43 119 485 228 121 52 18 33 59 956 114 488 40 483 180 180 195 46 95 39 63 76 222
317 76 38 44 46 982 38 82 295 79 65 330 33 309 294 186 47 971 145 109 85 113 187 323 23 917 192 226 16 19 123 101 485 924 226 896 117 21 61 157 132 182 941 21 71 112 37 57 74 97 956 447 196 48 47 318 55 900 308 324 17 131 109 51 43 132 463 40 175 36 96 18 49 98 82 54 480 491 312 310
36 457 158 301 71 175 474 221 28 318 52 53 148 123 22 187 184 994 308 28 96 318 42 52 42 458 297 197 33 38 459 75 987 28 74 146 34 316 179 122 125 63 226 114 478 78 69 63 58 310 18 938 46 99 79 478 194 127 493 952 42 442 144 18 27 48 75 127 62 48 164 104 53 975 191 46 18 988 217 219
59 66 109 1028 83 141 50 266 353 113 124 76 125 1064 25 94 82 143 100 59 169 57 112 252 1018 97 55 201 48 1079 27 68 164 128 505 46 1004 58 80 194 358 1086 510 501 1038 135 195 524 251 266 71 129 108 36 1061 26 132 45 44 89 165 204 261 83 250 86 57 59 523 63 168 49 16 1070 109 523 50 1092 999 126
53 63 66 114 100 1011 180 172 214 354 538 72 197 124 336 258 175 46 547 539 60 23 51 528 535 213 260 90 522 59 261 107 58 17 128 525 103 166 546 109 46 93 115 111 16 126 539 41 329 119 65 527 327 199 210 87 122 23 78 103 162 338 336 343 244 207 24 175 83 60 121 343 141 334 66 1019 48 99 36 35
1001 350 141 56 78 257 31 67 516 146 72 36 360 129 128 268 252 64 253 162 261 340 175 503 51 39 542 27 84 112 15 123 89 529 1090 261 68 74 203 112 255 57 21 265 208 1016 98 169 532 91 77 333 536 259 172 1084 60 48 124 495 257 126 60 22 35 63 1088 125 507 43 536 218 207 214 55 108 41 64 80 261
346 82 46 53 49 1037 44 96 335 90 73 347 38 360 328 195 50 1077 166 118 96 126 195 337 25 999 200 260 16 22 134 112 511 1008 267 1029 130 24 73 172 134 196 1016 25 79 130 42 59 80 106 996 543 212 51 52 343 57 1041 338 333 18 139 126 59 46 136 525 44 200 41 102 20 56 117 87 60 539 516 344 335
39 507 164 327 82 201 507 256 35 337 57 59 166 140 23 209 197 1013 357 30 114 337 42 57 50 541 335 215 38 43 511 76 1004 32 83 165 35 324 208 140 146 68 261 133 537 85 81 65 62 351 19 994 49 102 88 499 216 142 534 1009 44 523 165 19 29 50 80 140 67 51 181 118 62 999 209 52 20 1081 245 251
16 15 9 1 12 7 18 4 3 9 8 12 8 1 32 11 12 7 10 15 6 16 9 4 1 10 17 5 17 1 37 14 6 8 2 21 1 17 11 5 3 1 2 2 1 8 5 2 4 4 14 8 9 26 1 33 7 22 20 11 6 5 4 12 4 11 15 17 2 16 6 17 54 1 9 2 21 1 1 8
16 15 13 9 10 1 6 6 5 3 2 14 5 8 3 4 6 22 2 2 15 43 20 2 2 5 4 11 2 15 4 9 17 36 8 2 9 6 2 9 19 10 9 9 39 8 2 24 3 8 14 2 3 5 5 11 8 40 13 10 6 3 3 3 4 5 29 6 11 15 8 3 7 3 16 1 19 10 22 24
1 3 7 17 12 4 27 13 2 7 13 25 3 8 8 4 4 16 4 6 4 3 6 2 19 26 2 36 11 9 57 8 11 2 1 4 14 13 5 9 4 16 37 4 5 1 10 6 2 11 12 3 2 4 6 1 15 20 8 2 4 8 16 34 24 14 1 8 2 22 2 5 5 5 19 9 24 14 12 4
3 11 21 17 20 1 21 10 3 11 13 3 22 3 3 5 19 1 6 8 10 8 5 3 30 1 5 4 40 34 7 9 2 1 4 1 8 38 13 6 7 5 1 30 12 8 22 16 12 9 1 2 5 17 20 3 17 1 3 3 37 7 8 16 21 7 2 20 5 25 10 40 18 9 11 17 2 2 3 3
23 2 6 3 12 5 2 4 27 3 17 16 6 7 39 5 5 1 3 29 9 3 23 15 21 2 3 5 26 21 2 12 1 26 12 6 23 3 5 7 7 13 4 8 2 11 13 15 15 3 36 1 18 10 11 2 5 7 2 1 21 2 6 43 34 17 12 7 13 18 6 9 16 1 5 19 38 1 4 4
130 130 132 141 144
