5
40
147 40 153 95 73 100 332 89 112 26 245 269 95 393 751 110 231 109 167 120 61 574 26 153 131 122 151 33 50 236 772 235 105 13 63 30 276 48 40 696
776 99 71 274 34 168 25 27 36 20 221 284 96 216 174 574 81 48 74 85 909 196 316 107 49 58 24 49 44 173 101 62 40 103 137 30 149 30 160 635
91 16 610 96 346 545 97 32 95 129 45 73 214 55 172 110 17 66 305 28 117 43 93 39 60 295 16 57 92 33 105 208 185 189 44 967 25 56 75 37
16 246 12 38 900 321 303 725 131 376 14 153 65 8 141 274 13 12 129 189 38 221 562 31 152 62 137 115 205 984 251 54 31 86 83 47 507 115 36 288
23 462 18 90 453 47 17 78 37 65 121 58 77 29 48 131 238 22 65 51 15 109 59 36 12 140 33 100 90 613 116 39 46 70 44 408 46 92 70 588
240 66 267 123 143 245 451 109 195 35 410 597 195 635 1175 194 490 265 241 202 92 994 36 215 156 219 220 37 137 464 1332 292 147 22 91 67 361 91 70 1348
1249 140 128 441 51 297 44 30 84 30 255 426 136 446 347 1203 171 85 143 154 1166 314 451 178 69 153 59 101 78 257 178 86 56 282 228 32 221 65 273 1426
195 32 1294 171 698 1226 228 68 206 255 90 130 349 125 263 190 35 168 353 34 195 96 114 44 87 504 24 87 243 39 218 367 365 348 98 1311 48 97 93 55
27 560 20 50 1284 365 341 1440 233 673 26 279 84 15 217 398 16 23 230 391 49 391 1376 56 279 132 236 123 392 1152 439 68 60 146 122 84 1346 226 58 441
27 651 36 137 605 95 29 117 56 151 201 81 141 42 50 167 314 37 87 102 32 211 95 69 24 222 57 114 195 1352 161 64 75 119 71 714 91 123 130 1008
6 20 5 8 9 5 3 9 7 31 3 2 7 2 1 7 3 5 5 6 12 1 25 5 7 5 6 27 10 3 1 4 7 41 13 17 3 13 17 1
1 9 11 3 21 4 27 29 15 33 4 3 9 3 3 1 6 12 7 7 1 4 3 7 19 9 19 12 14 4 6 15 19 5 6 27 5 18 5 1
6 25 1 7 2 1 5 14 6 4 13 10 4 10 4 6 27 8 3 26 6 13 9 19 15 2 39 15 6 25 6 3 3 4 11 1 22 13 13 19
29 2 36 21 1 3 3 1 5 2 30 4 12 79 6 3 62 38 6 3 21 3 1 20 5 11 6 8 3 1 3 15 18 8 11 14 1 6 19 3
31 2 36 7 2 11 30 11 23 8 7 13 10 24 18 6 4 27 12 11 31 5 13 19 43 5 20 9 6 1 6 19 12 11 17 2 13 9 10 1
57 65 68 83 87
