5
40
53 63 105 748 67 111 38 194 309 106 93 61 97 879 24 68 72 139 77 55 158 51 95 196 755 73 46 189 43 948 18 64 126 91 442 39 890 49 75 171
311 761 476 474 953 99 180 394 200 195 53 108 98 25 989 21 140 30 35 69 148 179 213 73 191 74 54 51 470 55 123 43 6 966 102 430 41 896 932 102
50 49 58 110 76 872 160 162 167 252 490 56 180 101 268 228 142 28 373 483 57 14 35 471 440 184 219 86 395 56 222 94 44 18 111 465 90 122 389 79
39 71 90 96 20 97 429 34 259 106 63 435 274 153 164 82 108 15 50 81 129 321 327 319 193 188 26 159 70 52 110 300 119 321 46 856 49 74 30 35
911 250 127 50 58 188 26 65 426 119 72 28 296 121 109 187 192 50 241 137 203 296 158 430 42 34 391 18 86 101 10 93 78 399 787 240 58 62 153 80
68 71 127 1074 76 162 54 276 344 132 130 88 142 1057 30 91 90 155 108 62 166 64 133 306 1248 109 54 237 57 1004 19 67 172 137 542 50 1089 64 102 208
384 1073 546 522 1228 126 219 515 292 278 85 137 126 29 1217 23 152 38 54 91 194 232 290 84 305 84 66 61 584 66 163 63 10 1226 117 509 52 1233 1101 145
66 70 72 126 99 1237 166 171 216 355 499 74 228 143 338 277 167 43 540 556 74 19 50 549 561 221 249 89 498 79 288 127 63 24 125 601 106 179 500 104
58 105 116 111 21 142 540 39 405 120 71 591 385 238 247 86 124 15 74 118 168 366 360 347 278 231 26 175 97 71 134 379 165 362 65 1138 57 105 46 39
1071 405 147 58 78 303 40 85 577 140 85 31 401 123 123 261 255 57 260 186 296 387 187 583 51 42 588 21 93 133 13 132 94 493 1043 295 83 75 210 106
16 15 9 1 12 7 18 4 3 9 8 12 8 1 32 11 12 7 10 15 6 16 9 4 1 10 17 5 17 1 37 14 6 8 2 21 1 17 11 5
3 1 2 2 1 8 5 2 4 4 14 8 9 26 1 33 7 22 20 11 6 5 4 12 4 11 15 17 2 16 6 17 54 1 9 2 21 1 1 8
16 15 13 9 10 1 6 6 5 3 2 14 5 8 3 4 6 22 2 2 15 43 20 2 2 5 4 11 2 15 4 9 17 36 8 2 9 6 2 9
19 10 9 9 39 8 2 24 3 8 14 2 3 5 5 11 8 40 13 10 6 3 3 3 4 5 29 6 11 15 8 3 7 3 16 1 19 10 22 24
1 3 7 17 12 4 27 13 2 7 13 25 3 8 8 4 4 16 4 6 4 3 6 2 19 26 2 36 11 9 57 8 11 2 1 4 14 13 5 9
66 63 59 70 68
