5
80
28 27 36 18 61 18 8 162 32 53 221 17 226 85 28 684 52 186 253 45 140 97 89 263 41 142 955 39 174 40 242 340 183 55 71 43 100 68 233 78 98 443 31 466 51 26 695 17 85 91 145 541 17 54 115 36 106 33 474 393 92 320 111 51 162 15 112 55 382 208 180 188 36 389 13 62 160 65 14 25
684 149 480 914 466 26 349 86 6 110 131 183 48 27 820 113 85 142 913 364 36 522 137 64 111 178 47 197 31 175 123 64 118 44 327 37 81 126 32 183 44 61 103 113 38 744 56 18 913 37 198 29 210 10 293 473 38 109 40 49 686 7 77 34 295 331 81 96 109 54 17 40 24 630 13 13 102 105 85 294
129 894 77 23 18 327 681 73 97 261 100 33 32 38 721 121 52 212 39 558 11 56 32 73 249 740 41 35 29 19 34 295 469 803 180 195 18 66 152 75 82 119 60 103 90 27 238 64 172 259 66 179 14 254 97 179 16 80 280 76 296 67 57 172 29 265 42 46 437 157 75 56 2 937 462 17 238 199 60 131
292 79 12 221 91 57 74 78 127 53 242 26 744 43 8 163 38 181 72 154 33 39 72 274 15 283 111 21 19 29 28 29 238 68 29 141 297 59 127 57 153 50 40 982 566 57 67 208 62 41 300 102 51 138 104 25 107 38 98 24 603 78 311 37 76 27 63 50 129 51 793 855 137 313 155 55 20 185 28 393
711 172 326 248 16 237 599 61 842 89 282 186 68 95 77 663 39 303 75 31 48 83 232 364 100 985 41 187 43 76 50 86 303 397 225 937 36 83 52 105 912 103 16 115 59 397 431 163 183 636 85 165 156 180 192 309 98 117 467 668 28 21 36 110 397 32 114 147 464 181 254 39 223 380 832 41 66 230 29 52
44 57 99 45 137 41 20 441 63 81 357 45 342 100 44 1153 69 245 367 76 163 125 114 606 52 218 1023 65 393 67 435 517 197 75 103 81 209 114 336 126 133 716 62 565 102 65 1364 39 158 133 357 1145 26 94 181 72 141 58 738 492 176 575 205 82 278 39 257 88 508 302 257 302 67 556 26 144 269 86 30 56
1212 202 697 1172 672 30 556 129 18 247 161 241 56 35 1061 125 169 321 1214 642 47 1211 235 93 172 365 90 344 58 343 268 119 146 68 518 70 203 178 71 370 61 85 198 225 49 1373 82 39 1176 86 319 54 286 30 601 596 54 185 61 96 1304 22 94 35 422 564 187 139 168 106 27 78 26 1390 20 19 199 137 105 695
305 1065 101 66 29 486 1145 85 279 399 215 40 67 68 1370 217 143 355 63 1396 15 76 50 105 408 1402 66 47 55 26 66 346 740 1372 370 378 43 123 251 121 198 234 151 201 193 43 427 90 251 589 143 268 27 706 113 225 34 111 482 101 402 126 86 273 52 704 120 75 586 268 114 110 5 1465 715 22 286 421 80 184
347 139 20 459 127 140 103 128 152 145 266 47 1275 71 13 236 87 282 130 339 42 55 85 719 23 446 297 38 37 34 65 30 419 98 53 208 375 138 191 94 249 108 45 1049 1280 140 178 325 145 67 565 130 112 255 138 59 157 50 157 44 1460 99 377 84 128 59 96 80 230 78 1320 1181 243 644 273 64 51 462 53 533
1062 205 500 374 18 427 1219 102 1271 103 418 299 103 128 121 1177 78 420 120 55 84 147 457 644 197 1217 57 335 77 140 124 160 692 500 434 1184 53 175 81 227 1310 144 23 177 88 673 529 258 280 1425 109 337 218 287 251 505 112 166 578 1266 60 32 61 208 575 63 160 255 558 230 499 50 429 560 1270 89 97 309 74 71
24 19 13 25 10 26 45 3 14 13 3 25 4 11 24 1 15 5 3 17 6 9 9 2 19 5 1 18 3 19 3 2 5 13 10 15 7 12 3 8 9 2 16 2 13 20 1 33 7 8 4 1 28 13 6 14 8 19 2 2 8 2 7 12 5 31 5 16 2 4 4 4 19 2 38 9 5 14 29 22
1 5 2 1 2 31 2 8 63 5 7 5 17 33 1 8 6 4 1 2 22 1 5 13 8 4 14 3 20 4 5 10 8 18 2 18 7 6 19 4 20 13 7 6 18 1 13 33 1 16 4 17 4 34 2 2 24 7 15 13 1 46 11 25 3 2 7 8 7 12 41 16 30 1 42 52 7 7 10 2
4 1 12 20 42 3 1 12 5 3 5 26 17 14 1 6 10 3 16 1 59 15 23 10 3 1 15 19 20 38 15 3 2 1 3 3 24 10 5 8 6 5 9 7 7 23 3 14 5 2 9 4 39 2 9 5 37 12 3 10 3 9 15 4 18 2 11 14 2 4 12 11 63 1 2 32 4 3 14 6
3 9 40 3 10 10 10 8 7 9 4 19 1 17 54 5 14 5 9 4 21 19 12 2 40 3 5 30 25 28 16 29 3 11 19 6 3 10 7 10 5 9 23 1 1 9 7 4 9 18 2 8 10 4 7 19 9 18 7 26 1 12 3 13 10 22 11 15 5 18 1 1 5 2 5 15 25 3 21 2
1 5 2 3 43 3 1 12 1 10 3 4 10 9 9 1 16 3 10 20 17 8 3 2 5 1 17 4 16 9 11 8 2 2 3 1 17 7 16 6 1 8 40 7 13 2 2 5 4 1 11 4 6 4 5 2 9 8 2 1 21 28 18 5 2 19 7 5 2 5 2 19 3 2 1 12 13 4 16 15
146 156 147 148 104
