5
80
132 47 159 111 101 150 298 86 134 24 249 441 134 491 897 109 275 160 177 157 62 794 32 167 104 155 124 27 88 319 785 203 121 15 61 44 255 66 45 909 905 104 62 296 32 187 22 26 64 21 197 256 99 297 268 751 126 65 134 124 992 191 252 109 39 90 40 68 60 193 156 52 37 177 123 29 151 45 159 856
117 31 771 116 387 852 152 59 130 225 54 89 224 91 220 153 28 117 252 24 126 75 99 42 50 414 16 53 136 30 161 288 250 223 84 925 34 54 54 50 20 438 22 31 899 280 286 767 159 488 21 242 78 4 124 272 12 18 133 271 37 325 846 44 151 68 123 102 290 824 324 50 36 113 86 50 787 152 48 269
20 471 18 128 472 76 25 80 27 116 134 53 77 35 49 143 198 26 72 78 21 193 56 45 17 191 37 104 161 814 149 42 68 82 53 489 60 91 88 787 24 45 68 80 57 151 30 413 104 96 210 964 26 438 108 192 104 42 135 64 226 143 410 95 62 189 64 54 229 373 54 453 16 163 389 314 75 56 292 453
41 319 50 317 171 95 37 118 40 56 30 126 380 18 71 443 125 210 111 30 291 448 216 89 45 20 54 49 59 156 122 47 374 142 123 95 140 765 170 126 185 829 182 23 94 983 102 318 183 16 21 14 56 37 41 20 75 863 25 187 51 13 31 850 54 66 175 81 78 59 90 188 60 106 53 187 262 264 40 193
214 192 249 178 123 50 70 46 112 123 976 292 96 18 102 880 45 254 24 105 45 65 58 494 915 14 67 49 319 177 105 800 898 67 170 150 283 259 35 40 418 230 26 166 445 935 948 77 17 73 65 38 117 753 99 58 424 16 243 221 61 17 971 64 41 63 865 159 30 83 385 245 378 292 491 61 52 189 56 34
196 58 211 134 110 230 396 103 162 25 406 606 152 618 1224 153 332 210 245 165 85 995 42 223 152 232 176 37 105 384 1190 261 139 23 68 53 346 78 61 1123 1181 105 87 415 41 246 32 34 64 33 250 385 110 354 377 1101 179 96 159 169 1004 297 368 146 48 120 44 79 75 266 189 71 49 211 195 38 197 53 220 1215
158 39 1097 157 563 1169 201 80 163 257 75 103 267 116 274 167 41 126 401 30 179 81 116 47 68 536 16 61 166 37 167 341 391 247 101 1211 41 74 72 55 26 545 27 46 1025 407 363 1033 242 519 31 304 82 7 181 357 17 24 167 365 52 401 1211 49 236 85 182 131 348 1040 408 69 55 126 87 74 1048 192 49 406
26 509 19 133 580 96 32 98 38 121 169 73 107 41 61 191 248 33 81 102 29 195 70 52 22 223 43 123 188 1006 205 61 91 104 55 514 72 116 98 1117 26 51 91 106 67 180 35 523 147 142 278 1127 30 572 152 198 109 50 169 85 258 233 517 119 91 202 88 74 286 552 80 512 23 205 515 351 105 58 353 611
57 372 57 364 240 101 51 145 52 76 42 165 581 22 97 511 183 284 134 44 345 556 251 124 56 27 84 65 80 204 151 59 611 170 130 104 181 1126 239 152 235 1043 219 31 124 1101 121 346 199 22 27 18 64 60 56 30 103 1091 28 220 78 19 38 1219 69 84 213 109 99 83 96 199 74 138 64 215 388 353 43 212
295 271 352 206 140 63 91 48 126 176 1044 348 124 26 123 1217 51 363 29 118 62 73 81 508 1219 21 93 55 345 200 121 1170 1114 100 220 184 335 368 38 52 551 252 37 191 525 1007 1175 106 22 84 92 46 125 1169 130 83 597 19 304 299 93 28 1022 76 53 71 1070 225 39 94 561 376 611 343 544 85 70 273 73 43
6 20 5 8 9 5 3 9 7 31 3 2 7 2 1 7 3 5 5 6 12 1 25 5 7 5 6 27 10 3 1 4 7 41 13 17 3 13 17 1 1 9 11 3 21 4 27 29 15 33 4 3 9 3 3 1 6 12 7 7 1 4 3 7 19 9 19 12 14 4 6 15 19 5 6 27 5 18 5 1
6 25 1 7 2 1 5 14 6 4 13 10 4 10 4 6 27 8 3 26 6 13 9 19 15 2 39 15 6 25 6 3 3 4 11 1 22 13 13 19 29 2 36 21 1 3 3 1 5 2 30 4 12 79 6 3 62 38 6 3 21 3 1 20 5 11 6 8 3 1 3 15 18 8 11 14 1 6 19 3
31 2 36 7 2 11 30 11 23 8 7 13 10 24 18 6 4 27 12 11 31 5 13 19 43 5 20 9 6 1 6 19 12 11 17 2 13 9 10 1 38 18 11 10 15 6 24 2 7 8 4 1 32 2 8 5 9 21 6 13 4 5 2 9 13 5 12 14 4 2 15 2 39 5 2 3 11 15 3 2
17 3 17 3 5 9 18 8 19 14 21 6 2 36 11 2 6 4 8 22 3 2 4 8 17 34 13 14 14 5 7 17 2 6 8 9 6 1 5 7 5 1 5 31 8 1 8 3 5 36 30 35 14 17 17 28 9 1 28 5 14 39 27 1 14 12 5 9 12 12 10 5 16 8 15 5 3 3 23 5
4 4 3 5 7 16 12 20 8 6 1 3 8 36 8 1 18 3 33 9 15 13 13 2 1 46 11 17 3 5 9 1 1 10 5 6 3 3 23 17 2 4 23 5 2 1 1 11 35 11 12 21 8 1 9 13 2 41 4 4 11 39 1 13 19 14 1 5 24 11 2 3 2 3 2 14 16 4 14 22
123 151 152 150 134
