5
80
115 99 127 48 241 73 57 311 981 25 30 488 88 98 476 174 17 66 910 320 40 441 145 177 70 42 916 97 326 80 126 909 102 469 188 148 300 26 127 460 70 56 948 72 106 458 45 93 446 46 191 185 464 135 232 478 74 969 40 107 59 124 313 184 313 69 158 27 110 152 18 295 967 23 51 52 129 48 913 305
41 129 234 906 316 153 70 987 131 325 113 26 67 123 65 198 302 324 58 66 85 46 90 921 97 465 141 98 195 33 73 482 119 69 118 78 66 154 72 907 35 314 69 54 445 111 52 77 100 498 106 446 146 234 182 989 82 69 38 474 488 303 188 115 76 988 183 137 108 225 311 442 484 91 82 457 486 455 28 75
316 495 180 179 66 298 38 52 31 320 80 221 299 63 88 493 41 79 42 54 49 220 65 460 179 329 236 43 9 464 197 55 81 107 97 83 62 49 92 114 229 44 448 457 31 492 150 35 449 35 75 77 83 986 97 975 956 240 322 27 221 27 929 225 293 966 316 976 48 236 87 105 51 918 238 119 29 120 131 93
106 66 303 310 157 39 106 132 53 64 58 478 56 461 118 135 93 79 962 80 121 105 94 308 85 46 79 466 25 218 243 28 192 128 96 112 30 478 230 318 185 90 23 309 240 8 958 112 58 926 108 106 177 972 908 88 478 90 85 45 456 230 29 86 25 43 106 101 53 908 471 27 38 94 155 20 25 461 84 89
66 937 62 96 189 219 481 33 926 313 177 298 128 21 319 309 971 486 134 305 979 36 974 469 114 57 84 11 960 77 35 54 97 226 186 88 106 100 82 451 454 20 179 42 113 921 86 195 111 42 96 323 40 82 91 126 84 73 113 50 953 24 450 944 25 108 991 115 296 127 994 298 318 88 319 177 65 63 182 186
121 112 140 53 266 81 69 337 1051 28 32 535 96 102 501 210 20 68 1074 341 47 530 167 209 75 49 1083 112 359 91 134 1053 107 543 207 172 355 31 146 520 85 59 1055 84 122 502 47 99 539 47 204 209 509 144 255 545 81 1079 47 117 69 133 338 204 332 81 173 31 122 169 21 346 1076 25 55 55 141 58 1017 332
47 140 264 1066 327 166 80 1000 139 343 133 30 75 134 77 212 352 343 62 73 88 48 98 1025 113 501 146 107 212 37 84 517 134 74 126 87 69 171 75 1018 35 344 77 61 535 118 59 84 114 516 118 504 170 267 210 1025 99 76 44 524 522 331 203 120 87 1046 194 153 117 262 339 537 532 103 88 502 521 529 33 81
354 526 208 202 69 361 45 54 33 355 87 245 353 66 97 510 43 90 47 62 55 242 70 507 191 340 246 50 11 512 215 62 93 126 113 98 70 54 99 118 252 47 529 523 34 501 166 40 497 38 83 84 94 1070 112 1061 1053 254 355 33 248 33 1038 259 328 1021 352 1089 50 266 92 105 54 1069 257 134 33 134 147 102
118 70 339 335 177 46 124 142 60 76 67 539 63 496 124 135 108 91 1053 85 146 115 97 355 94 52 93 511 28 255 263 29 210 133 106 129 34 497 264 337 200 101 27 353 249 8 1035 116 65 1039 125 119 205 1002 1077 96 519 95 93 53 526 261 32 92 27 45 121 116 57 1088 515 32 40 102 171 22 27 508 96 90
78 1073 73 109 204 253 524 37 1049 341 203 345 148 24 352 362 1030 531 135 333 1010 40 1079 513 124 61 95 12 1066 91 42 62 115 248 208 99 114 108 88 526 541 20 213 47 122 1018 91 218 130 44 106 363 43 91 102 146 100 78 126 52 999 26 533 1017 26 123 1055 122 348 142 1041 342 325 99 348 203 76 76 200 198
8 9 7 17 4 12 14 3 1 27 32 2 10 9 2 5 38 13 1 3 22 2 6 5 13 18 1 9 3 11 7 1 9 2 5 6 3 29 7 2 12 16 1 11 8 2 19 10 2 20 5 5 2 7 4 2 12 1 19 9 15 7 3 5 3 12 6 31 8 6 40 3 1 28 17 16 7 17 1 3
21 7 4 1 3 6 12 1 7 3 8 31 14 7 13 5 3 3 16 14 11 19 10 1 9 2 7 9 5 26 11 2 8 12 8 11 13 6 12 1 26 3 13 16 2 8 15 11 9 2 9 2 6 4 5 1 10 13 22 2 2 3 5 8 11 1 5 7 9 4 3 2 2 10 11 2 2 2 25 11
3 2 5 5 14 3 22 16 27 3 12 4 3 14 10 2 21 11 19 15 16 4 14 2 5 3 4 19 73 2 5 15 11 8 9 10 15 16 10 8 4 19 2 2 28 2 6 24 2 26 12 11 10 1 9 1 1 4 3 24 4 24 1 4 3 1 3 1 20 4 10 9 16 1 4 8 25 8 7 10
8 14 3 3 6 20 8 7 15 13 15 2 16 2 8 7 10 11 1 12 7 9 10 3 10 18 11 2 36 4 4 33 5 7 10 8 25 2 4 3 5 10 30 3 4 61 1 8 15 1 8 8 5 1 1 10 2 10 11 18 2 4 30 11 35 19 8 9 16 1 2 27 25 10 6 42 34 2 11 10
12 1 13 9 5 4 2 23 1 3 5 3 7 39 3 3 1 2 7 3 1 21 1 2 8 16 10 47 1 11 22 15 9 4 5 10 9 9 11 2 2 47 5 20 8 1 11 5 8 22 10 3 23 10 10 7 10 12 8 19 1 34 2 1 28 8 1 8 3 7 1 3 3 10 3 5 13 14 5 5
123 106 130 145 120
