5
40
49 40 108 654 64 107 26 206 297 100 99 62 92 679 12 54 70 75 62 52 123 45 63 155 548 50 32 126 46 920 12 53 81 81 357 38 780 50 76 142
304 804 423 437 761 63 187 419 144 234 36 72 56 20 805 20 117 23 38 79 84 150 162 39 129 70 34 45 447 31 140 35 9 902 66 487 28 980 690 94
43 52 56 95 95 671 94 162 169 170 315 35 181 109 234 123 107 31 328 483 50 9 37 383 422 175 239 84 431 50 192 80 47 21 68 388 69 107 370 81
38 82 56 84 18 110 258 26 207 117 66 318 320 119 128 82 95 14 43 94 85 299 268 207 222 118 18 90 85 56 81 245 114 207 50 829 32 87 23 31
520 230 96 41 66 162 28 52 367 132 52 15 316 118 121 183 199 43 210 122 125 242 149 253 33 27 483 18 85 63 6 103 79 368 873 218 35 64 140 61
73 84 118 1167 101 184 66 263 333 139 133 111 119 1250 31 110 107 157 134 69 198 57 127 351 1442 127 54 262 64 1342 19 85 164 161 597 62 1212 57 94 252
343 1261 718 652 1148 146 215 578 313 276 83 124 159 36 1027 25 174 47 54 109 169 196 321 91 300 85 70 75 717 71 180 78 11 1128 149 732 48 1389 1075 145
77 82 67 137 139 1136 241 203 216 414 724 85 237 168 465 333 187 49 494 566 75 25 45 568 724 286 272 125 722 72 321 156 61 32 171 703 106 222 550 130
58 100 119 102 29 142 669 36 466 132 92 724 375 231 260 89 167 22 67 109 189 378 498 366 345 234 36 205 108 69 129 389 187 458 65 1335 58 138 44 46
1075 458 176 70 97 363 38 105 622 146 111 34 335 138 141 256 335 64 332 208 276 424 197 739 52 39 601 23 121 109 16 128 106 556 1143 344 95 78 266 113
16 15 9 1 12 7 18 4 3 9 8 12 8 1 32 11 12 7 10 15 6 16 9 4 1 10 17 5 17 1 37 14 6 8 2 21 1 17 11 5
3 1 2 2 1 8 5 2 4 4 14 8 9 26 1 33 7 22 20 11 6 5 4 12 4 11 15 17 2 16 6 17 54 1 9 2 21 1 1 8
16 15 13 9 10 1 6 6 5 3 2 14 5 8 3 4 6 22 2 2 15 43 20 2 2 5 4 11 2 15 4 9 17 36 8 2 9 6 2 9
19 10 9 9 39 8 2 24 3 8 14 2 3 5 5 11 8 40 13 10 6 3 3 3 4 5 29 6 11 15 8 3 7 3 16 1 19 10 22 24
1 3 7 17 12 4 27 13 2 7 13 25 3 8 8 4 4 16 4 6 4 3 6 2 19 26 2 36 11 9 57 8 11 2 1 4 14 13 5 9
66 63 59 70 68
