5
40
49 56 100 985 74 124 45 222 323 107 108 68 111 978 24 75 73 127 88 53 145 53 103 240 970 94 43 178 45 948 17 57 145 111 464 42 923 50 85 176
320 929 492 491 920 112 197 484 219 234 61 116 109 26 919 21 127 31 42 83 160 193 219 74 238 77 58 50 493 61 146 48 8 926 97 468 39 944 997 107
51 55 61 104 96 930 148 147 185 322 460 62 189 123 320 242 159 34 442 484 65 15 42 477 494 179 219 87 464 64 242 109 50 22 109 481 100 143 491 102
49 81 102 97 20 115 456 30 300 105 68 490 324 177 180 83 115 13 62 89 159 317 318 306 232 178 24 146 89 57 115 302 123 331 55 942 49 89 36 32
983 303 123 49 70 233 34 65 486 125 67 28 325 115 117 240 227 54 232 146 231 311 144 476 46 36 448 20 81 108 11 117 80 459 968 227 70 62 181 104
58 67 113 1079 80 143 56 248 338 113 133 78 120 1072 25 85 81 149 95 59 166 58 111 268 1043 100 51 198 52 1080 18 69 173 125 511 44 999 58 88 194
349 1037 538 526 1088 115 205 518 249 267 73 117 110 29 994 24 151 36 45 92 173 203 261 80 250 80 64 56 504 65 174 54 9 1058 112 499 45 1098 1024 128
60 59 71 119 101 1074 179 175 201 351 499 64 207 127 344 245 171 38 512 520 69 17 48 540 523 195 249 92 525 71 250 115 56 23 121 531 104 167 516 112
54 99 111 104 21 118 525 34 332 120 70 508 350 211 212 83 121 16 72 100 167 341 349 337 258 196 26 171 89 66 120 336 143 364 59 1069 56 93 38 35
1072 358 142 53 77 267 37 73 502 145 78 31 335 123 126 257 248 59 259 167 255 349 165 547 53 39 533 21 90 118 11 126 92 527 1027 259 76 72 203 106
16 15 9 1 12 7 18 4 3 9 8 12 8 1 32 11 12 7 10 15 6 16 9 4 1 10 17 5 17 1 37 14 6 8 2 21 1 17 11 5
3 1 2 2 1 8 5 2 4 4 14 8 9 26 1 33 7 22 20 11 6 5 4 12 4 11 15 17 2 16 6 17 54 1 9 2 21 1 1 8
16 15 13 9 10 1 6 6 5 3 2 14 5 8 3 4 6 22 2 2 15 43 20 2 2 5 4 11 2 15 4 9 17 36 8 2 9 6 2 9
19 10 9 9 39 8 2 24 3 8 14 2 3 5 5 11 8 40 13 10 6 3 3 3 4 5 29 6 11 15 8 3 7 3 16 1 19 10 22 24
1 3 7 17 12 4 27 13 2 7 13 25 3 8 8 4 4 16 4 6 4 3 6 2 19 26 2 36 11 9 57 8 11 2 1 4 14 13 5 9
66 63 59 70 68
