5
80
149 47 184 112 95 185 316 100 121 22 301 477 139 488 905 127 300 193 185 149 71 947 37 194 123 192 146 28 99 300 917 229 129 19 67 45 306 64 50 896 935 100 79 330 39 233 25 26 57 27 221 315 98 321 323 900 155 77 128 127 937 226 312 133 43 104 39 69 57 240 155 61 41 181 148 36 181 45 181 969
157 35 922 120 464 964 182 64 158 240 63 89 223 88 221 157 35 112 316 26 148 68 101 37 58 479 16 60 153 28 161 318 321 233 84 972 36 62 68 50 24 483 22 37 996 311 293 938 191 462 26 234 72 6 149 320 15 20 149 313 39 308 946 45 186 78 155 111 324 963 321 59 46 116 80 67 910 149 44 310
26 454 17 124 471 74 26 85 30 111 136 70 85 37 50 146 227 31 74 83 25 189 61 45 18 176 37 108 150 951 158 50 74 75 51 478 67 104 90 905 22 45 76 84 55 161 34 452 121 109 243 926 29 489 118 184 96 42 151 67 240 181 483 102 72 189 76 60 239 486 58 459 18 191 446 303 80 53 331 451
50 330 52 306 197 101 41 124 40 58 34 152 459 18 78 458 146 244 106 34 324 474 220 113 47 20 67 59 61 189 135 44 490 152 119 102 156 971 181 123 187 963 179 22 119 932 112 293 176 17 24 16 58 45 47 25 98 908 26 181 65 16 30 951 63 72 176 99 80 77 89 178 59 112 62 196 312 323 36 182
228 242 312 177 128 53 71 45 110 150 938 311 109 22 117 932 49 325 24 101 52 69 71 470 949 19 79 49 320 183 97 918 978 84 192 153 327 316 33 49 492 236 30 171 481 897 962 87 20 76 66 35 106 906 107 64 481 16 242 243 77 23 984 71 43 63 967 184 29 79 446 322 488 316 465 64 54 229 65 31
168 50 214 131 106 212 346 109 136 26 354 496 149 503 1027 145 337 217 214 160 81 1038 41 213 135 206 159 31 104 339 1000 254 148 19 71 52 355 70 55 1030 1064 113 84 332 40 267 28 29 64 29 263 348 115 339 348 1061 179 84 144 147 1081 246 348 143 48 115 46 79 66 257 169 66 44 203 159 38 202 51 207 1049
172 37 1089 137 539 1096 195 70 162 246 69 93 260 101 257 160 37 129 351 30 163 78 106 46 65 530 17 61 168 33 171 357 364 271 86 1054 40 69 73 53 28 502 23 40 1089 361 345 1068 207 535 27 255 80 6 170 351 16 23 159 325 42 363 1042 48 203 83 179 124 339 1065 333 65 51 118 92 72 1078 171 49 344
28 502 20 133 518 90 28 94 36 120 149 70 92 44 55 164 250 36 84 90 25 194 70 50 20 201 44 108 174 1075 179 51 80 88 56 499 70 110 91 1025 26 51 85 100 62 168 35 515 135 125 266 1038 29 500 134 199 111 46 160 74 255 207 515 115 76 206 80 66 250 504 65 499 22 216 531 332 84 59 354 516
59 332 60 346 199 103 49 134 45 68 39 177 494 20 90 501 163 255 124 37 357 498 248 129 56 23 72 67 70 214 147 51 510 173 129 104 168 1093 208 150 214 1067 214 25 131 1008 121 353 197 18 26 18 66 53 55 27 111 1047 26 207 73 17 33 1044 71 75 191 109 87 83 104 195 64 126 68 202 337 335 44 216
254 261 337 195 148 56 80 50 126 168 1073 340 124 23 121 1009 52 339 26 108 57 78 75 523 1048 19 88 53 332 204 111 1020 1063 90 205 177 328 337 38 52 498 254 36 190 522 997 1041 89 23 86 80 40 122 1095 118 73 522 18 250 267 89 25 1007 81 47 73 1057 202 35 91 508 350 541 337 518 74 60 266 75 38
6 20 5 8 9 5 3 9 7 31 3 2 7 2 1 7 3 5 5 6 12 1 25 5 7 5 6 27 10 3 1 4 7 41 13 17 3 13 17 1 1 9 11 3 21 4 27 29 15 33 4 3 9 3 3 1 6 12 7 7 1 4 3 7 19 9 19 12 14 4 6 15 19 5 6 27 5 18 5 1
6 25 1 7 2 1 5 14 6 4 13 10 4 10 4 6 27 8 3 26 6 13 9 19 15 2 39 15 6 25 6 3 3 4 11 1 22 13 13 19 29 2 36 21 1 3 3 1 5 2 30 4 12 79 6 3 62 38 6 3 21 3 1 20 5 11 6 8 3 1 3 15 18 8 11 14 1 6 19 3
31 2 36 7 2 11 30 11 23 8 7 13 10 24 18 6 4 27 12 11 31 5 13 19 43 5 20 9 6 1 6 19 12 11 17 2 13 9 10 1 38 18 11 10 15 6 24 2 7 8 4 1 32 2 8 5 9 21 6 13 4 5 2 9 13 5 12 14 4 2 15 2 39 5 2 3 11 15 3 2
17 3 17 3 5 9 18 8 19 14 21 6 2 36 11 2 6 4 8 22 3 2 4 8 17 34 13 14 14 5 7 17 2 6 8 9 6 1 5 7 5 1 5 31 8 1 8 3 5 36 30 35 14 17 17 28 9 1 28 5 14 39 27 1 14 12 5 9 12 12 10 5 16 8 15 5 3 3 23 5
4 4 3 5 7 16 12 20 8 6 1 3 8 36 8 1 18 3 33 9 15 13 13 2 1 46 11 17 3 5 9 1 1 10 5 6 3 3 23 17 2 4 23 5 2 1 1 11 35 11 12 21 8 1 9 13 2 41 4 4 11 39 1 13 19 14 1 5 24 11 2 3 2 3 2 14 16 4 14 22
123 151 152 150 134
