10
80
329 46 124 66 83 108 117 149 197 188 23 873 36 64 84 38 187 947 196 102 466 73 135 821 78 52 184 30 283 25 81 483 186 383 13 19 110 99 37 99 26 106 187 172 41 34 18 74 301 32 42 115 14 78 56 823 50 477 34 152 232 115 66 50 22 74 44 201 980 238 34 34 149 15 987 125 32 493 151 107
64 928 30 146 972 188 20 136 23 252 174 39 51 52 88 877 932 38 133 132 751 823 34 84 854 195 293 24 40 230 42 20 197 88 265 248 260 423 257 41 23 56 86 44 30 112 213 320 83 40 24 95 260 81 871 51 99 397 13 86 22 46 164 70 74 222 202 28 195 189 84 23 988 57 22 25 57 44 107 148
12 938 445 162 61 20 428 107 60 26 988 965 129 208 237 321 107 475 496 299 63 60 66 484 99 81 91 18 43 16 78 159 88 284 121 52 45 30 61 79 121 158 27 36 424 753 47 865 20 367 69 758 77 43 28 26 438 137 16 210 48 443 158 262 47 44 307 108 18 154 9 187 39 77 102 124 120 48 51 67
266 59 177 23 111 329 213 64 128 87 39 174 116 91 46 44 56 186 442 318 48 20 40 268 138 295 54 204 69 118 50 284 61 856 108 60 318 278 108 28 93 50 473 77 11 992 251 898 257 275 48 109 845 112 66 213 67 273 22 69 56 45 432 405 52 191 32 24 55 119 496 70 101 128 54 169 106 17 81 75
135 25 142 929 39 211 917 257 284 418 148 15 38 81 52 91 82 192 440 956 805 975 893 192 100 764 429 29 155 31 42 284 48 110 17 224 193 191 68 54 982 29 24 147 65 199 785 49 45 105 92 91 158 234 289 36 270 49 106 195 471 15 199 130 46 71 978 64 23 101 206 185 325 40 797 486 36 47 77 31
78 116 20 8 123 139 753 106 196 142 56 18 49 53 446 18 317 748 27 87 267 31 250 58 972 62 24 291 188 321 482 53 122 97 372 100 55 89 92 192 65 60 123 46 973 194 225 260 32 844 103 292 28 190 191 204 13 84 89 43 30 110 77 103 64 795 148 96 305 45 33 312 304 280 47 54 275 29 299 74
430 63 62 898 25 127 119 126 56 100 128 43 901 89 469 440 247 747 90 211 50 264 196 16 138 44 61 34 77 81 864 74 785 18 77 795 112 324 957 75 947 187 15 274 439 236 29 151 54 247 77 38 49 85 194 98 81 52 37 397 52 95 39 91 379 68 104 117 26 396 17 310 868 92 929 44 46 119 55 26
111 322 42 199 103 823 97 48 145 32 82 317 189 66 863 72 275 20 28 120 93 37 459 216 21 296 241 116 35 66 37 78 66 101 299 58 51 419 44 404 82 181 29 22 309 870 984 450 10 229 159 59 151 40 41 464 479 61 400 40 186 61 100 301 49 56 76 430 318 40 210 103 278 33 186 870 94 197 55 985
72 69 20 121 981 34 130 32 263 988 101 73 233 893 90 256 180 200 124 214 41 65 23 133 114 210 128 398 94 97 58 107 214 62 113 112 43 28 104 128 31 327 293 96 293 154 218 393 156 61 29 272 46 94 95 151 43 184 310 52 28 371 109 79 124 26 158 88 54 60 64 17 205 256 80 832 84 25 978 113
59 990 54 90 123 65 213 41 57 43 138 91 17 454 29 256 70 28 28 117 144 209 265 154 134 866 46 89 290 176 73 63 61 28 117 408 137 25 192 299 29 187 107 45 75 24 64 257 42 195 29 920 130 496 35 118 36 213 92 78 16 40 55 801 69 305 134 95 183 98 121 40 160 162 130 411 436 208 187 113
366 51 157 107 111 129 158 231 304 241 32 1186 51 94 109 53 236 996 256 149 564 101 159 1216 103 73 199 40 333 33 88 604 254 586 22 25 140 114 46 132 34 166 223 202 44 36 19 99 386 43 55 139 16 129 65 1020 66 551 52 172 246 142 83 67 31 95 56 259 1064 285 46 37 192 16 1104 194 40 510 195 136
72 1173 36 176 1192 212 29 184 33 360 209 56 62 73 117 1191 1238 44 194 166 1178 1187 38 109 1142 251 338 29 51 264 42 26 299 135 363 330 345 555 327 44 29 76 103 64 42 129 255 377 90 44 33 132 405 133 1176 74 109 563 15 104 35 75 219 87 97 260 289 41 231 295 120 33 1085 74 25 28 84 68 149 198
20 1017 498 216 72 24 604 168 76 27 1205 1198 159 276 275 386 162 513 593 337 78 76 83 575 130 96 133 28 60 21 108 227 131 338 166 61 53 44 84 86 168 247 40 44 571 1168 64 1011 25 520 101 1089 111 52 42 41 518 147 24 289 72 505 201 371 61 52 390 153 24 194 12 276 42 106 145 136 139 62 64 99
334 64 234 27 148 375 287 73 171 107 59 236 151 118 58 46 74 199 515 374 69 26 66 371 147 398 79 294 86 141 58 384 89 1155 129 82 375 386 122 42 125 52 523 110 16 1041 357 1155 369 390 70 150 1195 166 73 296 92 337 27 88 91 68 511 576 63 286 45 37 84 145 616 86 143 193 72 210 156 24 99 114
155 30 195 1148 45 278 1120 413 360 513 193 23 50 114 75 124 124 235 585 1038 1095 1056 999 280 146 1065 560 40 197 41 50 344 59 136 22 274 197 286 86 74 1194 39 32 186 75 307 1039 58 63 136 134 110 172 250 380 45 349 51 147 211 536 20 264 168 50 106 1037 99 26 128 260 216 351 49 1062 610 48 76 118 51
105 133 23 8 154 194 1044 132 257 196 60 20 60 71 595 27 407 1196 39 114 334 35 365 75 1145 85 31 391 250 363 572 61 159 142 516 136 60 112 104 194 96 95 170 69 1205 305 300 364 32 1166 116 357 37 232 221 272 15 96 107 52 34 143 115 107 77 1152 224 121 382 56 38 333 379 366 67 66 398 35 336 103
511 89 83 1000 29 150 126 167 72 137 152 51 1208 109 567 519 400 1172 100 292 67 357 244 20 173 62 77 45 100 119 1095 83 1073 28 105 1218 136 344 1088 83 1063 247 17 368 613 272 37 237 55 351 100 58 65 105 275 122 107 54 44 538 77 112 51 111 532 85 160 128 43 556 27 363 1246 127 1014 56 51 152 82 36
139 381 45 263 110 998 119 81 238 39 97 379 273 79 1071 92 383 23 36 192 113 49 532 252 33 338 283 149 50 85 41 93 75 150 369 80 60 532 49 521 108 213 41 31 402 1175 1159 509 14 274 221 78 236 42 51 597 579 73 531 55 286 68 125 390 73 62 106 529 350 49 276 112 360 51 236 1082 118 272 66 1231
106 76 32 164 1051 51 187 52 382 1131 140 87 254 1061 125 406 197 246 157 281 57 101 28 150 133 296 153 562 104 138 61 119 290 94 153 160 63 37 128 167 36 343 359 113 400 203 298 548 218 75 42 336 54 140 128 191 62 234 371 63 45 518 151 91 200 35 175 104 71 69 81 21 250 358 99 1150 111 27 1031 168
84 1077 79 121 142 75 289 51 84 46 158 115 28 598 41 341 95 34 35 136 186 296 364 225 149 1025 64 116 344 200 89 99 93 31 134 514 169 33 220 408 33 291 162 48 92 31 81 398 63 302 47 1002 155 538 39 158 46 282 126 99 24 51 82 1037 112 345 177 121 208 146 173 44 189 221 137 616 504 288 233 164
3 17 7 11 9 8 7 5 4 4 31 1 17 12 10 19 5 1 4 7 2 12 7 1 9 14 5 23 3 28 12 2 4 2 35 44 7 9 22 8 27 7 5 5 21 22 42 11 3 20 20 7 40 9 17 1 18 2 19 6 4 7 13 15 27 11 17 4 1 4 21 24 5 50 1 6 22 2 5 7
13 1 26 6 1 5 30 6 31 3 5 17 18 15 10 1 1 23 6 7 1 1 21 10 1 4 3 28 19 4 23 33 4 8 3 3 3 2 3 20 33 14 10 15 22 8 4 3 11 23 26 9 3 9 1 15 9 2 51 10 26 15 5 13 10 4 4 26 5 4 9 24 1 13 38 34 13 15 8 5
52 1 2 5 14 38 2 7 12 34 1 1 7 4 4 3 7 2 2 3 13 14 12 2 9 11 8 33 16 40 9 5 8 3 7 16 18 25 13 11 6 5 23 22 2 1 16 1 31 2 11 1 9 17 27 24 2 7 43 4 15 2 6 3 19 16 3 7 34 6 48 4 22 10 7 7 8 16 17 10
3 16 5 33 7 3 4 13 7 10 17 5 7 9 19 20 14 5 2 3 15 33 17 3 7 3 13 4 13 8 19 3 11 1 8 13 3 3 9 22 9 18 2 10 59 1 3 1 3 3 15 8 1 7 14 4 11 3 32 12 13 16 2 2 18 4 23 25 13 7 2 12 7 6 14 5 7 36 10 10
7 32 6 1 21 4 1 3 3 2 6 43 23 9 13 9 9 5 2 1 1 1 1 4 8 1 2 24 5 23 17 3 16 9 35 4 5 4 13 13 1 24 29 6 13 4 1 17 15 8 8 10 6 4 3 23 3 19 8 5 2 35 4 7 17 10 1 12 32 9 4 5 3 17 1 2 22 14 9 20
10 8 38 68 7 6 1 9 4 6 16 41 15 15 2 33 3 1 24 9 3 24 3 13 1 11 31 3 4 3 2 16 6 8 2 9 15 10 10 5 11 13 6 15 1 4 4 3 28 1 9 3 22 5 5 4 41 11 9 17 24 7 9 9 14 1 5 9 3 18 23 3 3 3 16 15 3 27 3 11
2 11 12 1 28 7 8 7 13 8 7 19 1 11 2 2 3 1 10 4 15 3 5 38 6 17 14 25 10 10 1 12 1 33 11 1 7 3 1 12 1 4 53 3 2 4 31 5 17 3 11 18 15 10 4 9 9 16 25 2 14 10 20 10 2 12 7 8 22 2 39 3 1 8 1 18 19 7 13 29
8 3 18 4 9 1 9 14 5 25 11 3 4 13 1 12 3 31 24 6 10 22 2 4 29 3 4 7 23 12 21 12 13 7 3 14 15 2 17 2 9 5 23 30 3 1 1 2 48 4 5 14 5 22 21 2 2 15 2 20 4 14 8 3 16 15 10 2 3 19 4 9 3 18 5 1 9 4 14 1
10 13 29 7 1 19 6 20 3 1 8 12 4 1 8 3 5 4 7 4 18 12 30 7 8 4 7 2 10 8 15 9 4 11 7 7 17 26 8 7 26 3 3 9 3 5 4 2 5 13 25 3 17 8 8 6 19 5 3 16 21 2 7 11 6 28 6 10 15 14 14 47 4 3 10 1 9 28 1 7
13 1 15 9 7 13 4 20 13 22 6 9 32 2 23 3 12 23 25 8 6 4 3 5 7 1 17 9 3 5 12 11 12 28 8 2 7 33 5 3 27 4 7 20 13 30 13 3 17 4 21 1 7 2 24 6 19 4 9 10 33 17 13 1 10 3 6 8 5 8 6 19 6 5 7 2 2 4 5 7
78 77 79 68 65 73 69 65 64 67
