10
40
44 48 90 809 73 110 43 193 323 82 121 75 93 945 24 89 75 137 94 45 142 49 95 194 778 91 50 156 37 859 23 59 153 108 433 35 818 43 65 165
322 944 460 390 852 118 147 424 240 245 58 114 83 28 814 24 124 41 30 74 128 183 195 71 195 72 57 49 469 45 156 47 14 800 100 373 44 958 883 95
52 60 49 101 79 977 165 126 160 329 446 50 183 100 252 187 131 33 389 447 45 19 41 464 376 193 186 67 403 44 219 102 43 17 93 407 81 117 430 90
43 76 90 84 13 105 468 34 276 110 48 387 312 193 183 61 88 15 56 95 157 243 281 248 239 180 19 147 76 51 112 264 116 262 59 799 39 89 30 32
812 256 134 45 72 189 24 51 417 103 61 27 282 95 104 208 222 57 237 149 213 296 140 468 45 28 408 25 61 92 13 111 66 404 894 201 49 54 173 104
199 52 20 201 154 879 91 157 486 76 59 314 495 194 146 784 50 44 112 399 223 119 51 17 30 56 836 120 430 33 414 164 185 175 43 101 30 60 61 213
323 73 42 38 47 900 41 83 270 74 67 249 30 285 257 173 46 855 149 99 78 98 161 282 18 879 169 194 13 17 106 101 463 778 235 846 100 17 62 152
125 183 755 19 66 95 31 59 64 101 805 421 166 47 48 247 42 751 324 302 13 104 102 45 42 131 410 43 179 35 79 18 51 108 83 45 464 377 266 254
38 483 146 266 62 193 488 242 28 292 52 43 141 120 20 188 188 801 309 22 91 292 38 49 41 465 329 160 29 32 446 64 833 25 77 156 25 260 152 130
102 54 207 118 386 73 62 47 54 314 15 866 37 94 72 403 148 133 490 894 40 418 144 15 26 50 60 113 62 39 131 89 56 769 176 41 19 779 222 222
65 72 117 1145 82 154 50 263 403 109 143 93 115 1151 31 111 95 153 110 70 196 65 129 262 1069 113 66 220 48 1084 32 77 165 128 610 50 1072 63 100 219
355 995 605 566 1016 133 239 521 281 260 71 122 108 38 1099 29 139 50 45 99 174 229 266 89 260 95 67 63 519 62 185 54 17 996 125 514 56 1083 1104 122
61 64 67 124 100 1196 175 169 207 386 594 72 216 121 366 271 181 44 548 519 58 26 50 546 582 225 253 94 563 70 280 107 62 17 144 609 112 169 574 105
53 110 130 110 17 130 505 44 401 128 65 511 365 215 202 97 124 23 83 109 181 360 381 389 244 197 25 185 93 58 127 355 135 359 60 1238 45 106 37 40
1186 396 161 65 76 295 32 79 516 162 77 42 391 145 146 251 287 67 255 200 243 381 165 536 59 43 564 32 85 102 15 140 102 541 1030 258 76 72 235 123
251 63 21 285 235 1091 99 192 503 95 87 411 532 259 159 1024 63 53 149 512 253 126 71 20 35 74 1051 137 614 45 588 235 234 204 61 123 42 75 79 300
395 99 44 54 57 1166 47 109 342 93 75 410 37 414 355 203 60 1198 165 134 99 131 237 344 25 1046 209 288 20 21 144 133 530 1051 286 1157 131 24 68 179
167 202 1087 30 76 155 44 63 89 122 1070 522 222 54 51 355 57 1048 407 364 21 144 117 68 51 165 523 50 199 39 110 21 53 136 89 70 545 559 387 386
43 600 167 341 89 217 543 293 35 336 56 61 190 143 26 228 234 1040 414 32 129 401 42 71 50 516 403 202 43 42 493 83 1085 37 85 160 41 355 230 146
160 73 304 121 544 82 87 63 61 329 20 1164 53 101 93 512 207 141 527 1237 48 519 187 19 27 59 81 168 77 60 185 122 67 1074 245 59 21 1032 296 286
16 15 9 1 12 7 18 4 3 9 8 12 8 1 32 11 12 7 10 15 6 16 9 4 1 10 17 5 17 1 37 14 6 8 2 21 1 17 11 5
3 1 2 2 1 8 5 2 4 4 14 8 9 26 1 33 7 22 20 11 6 5 4 12 4 11 15 17 2 16 6 17 54 1 9 2 21 1 1 8
16 15 13 9 10 1 6 6 5 3 2 14 5 8 3 4 6 22 2 2 15 43 20 2 2 5 4 11 2 15 4 9 17 36 8 2 9 6 2 9
19 10 9 9 39 8 2 24 3 8 14 2 3 5 5 11 8 40 13 10 6 3 3 3 4 5 29 6 11 15 8 3 7 3 16 1 19 10 22 24
1 3 7 17 12 4 27 13 2 7 13 25 3 8 8 4 4 16 4 6 4 3 6 2 19 26 2 36 11 9 57 8 11 2 1 4 14 13 5 9
4 16 37 4 5 1 10 6 2 11 12 3 2 4 6 1 15 20 8 2 4 8 16 34 24 14 1 8 2 22 2 5 5 5 19 9 24 14 12 4
3 11 21 17 20 1 21 10 3 11 13 3 22 3 3 5 19 1 6 8 10 8 5 3 30 1 5 4 40 34 7 9 2 1 4 1 8 38 13 6
7 5 1 30 12 8 22 16 12 9 1 2 5 17 20 3 17 1 3 3 37 7 8 16 21 7 2 20 5 25 10 40 18 9 11 17 2 2 3 3
23 2 6 3 12 5 2 4 27 3 17 16 6 7 39 5 5 1 3 29 9 3 23 15 21 2 3 5 26 21 2 12 1 26 12 6 23 3 5 7
7 13 4 8 2 11 13 15 15 3 36 1 18 10 11 2 5 7 2 1 21 2 6 43 34 17 12 7 13 18 6 9 16 1 5 19 38 1 4 4
37 54 43 40 57 37 40 40 39 43
