10
80
48 52 108 973 71 112 37 208 294 93 117 76 94 767 18 66 60 112 92 64 134 44 86 191 769 77 38 178 53 916 23 63 133 119 429 36 854 47 81 184 316 818 389 491 775 107 157 404 225 202 56 109 87 24 773 17 135 29 37 86 129 156 186 64 222 66 50 50 479 45 129 44 10 942 93 429 36 951 875 109
42 63 64 95 68 952 142 138 192 281 414 52 161 112 266 247 130 28 391 413 46 11 39 467 488 179 185 71 434 46 237 81 41 20 101 461 86 141 445 95 41 77 85 86 23 92 460 34 252 90 64 448 269 171 154 87 107 12 59 74 123 274 303 321 208 175 28 130 69 48 94 271 106 317 45 781 38 83 39 31
855 261 118 42 67 196 28 73 478 131 54 33 291 100 94 188 191 55 183 137 208 308 153 440 33 25 434 22 88 109 13 91 76 453 870 240 50 53 158 86 180 43 16 206 190 870 77 146 451 68 68 294 478 198 132 764 51 38 119 442 194 97 49 20 29 63 975 94 396 31 449 177 179 184 40 77 26 55 71 180
320 70 40 50 37 783 35 84 265 81 71 282 35 319 269 177 38 845 136 108 84 111 191 320 20 804 147 213 14 25 138 82 450 918 211 985 109 16 61 119 117 196 792 23 54 91 28 46 77 87 896 376 163 46 37 294 44 749 304 321 25 111 114 47 37 125 387 40 183 26 84 21 37 95 62 40 439 405 317 260
33 378 153 300 68 173 461 190 28 309 40 54 129 117 18 184 187 950 271 25 98 299 28 56 40 399 266 177 36 32 462 69 855 33 61 157 29 294 165 130 124 61 196 91 436 84 73 45 52 316 16 802 47 84 74 419 177 109 493 991 31 457 125 19 21 46 64 124 54 50 151 94 44 874 186 42 18 754 198 201
102 21 70 37 50 217 102 110 253 137 85 287 775 62 133 15 87 22 17 800 30 435 26 181 146 268 73 370 886 231 24 214 224 66 323 33 144 26 950 749 64 311 140 284 100 31 203 154 302 41 41 82 70 102 497 60 835 33 861 78 59 274 93 16 75 242 299 39 48 66 214 439 35 133 381 139 28 187 47 825
972 64 799 50 25 44 26 375 95 62 89 78 76 186 44 90 61 25 45 904 270 30 19 48 135 116 27 28 72 291 185 170 52 861 197 23 261 839 23 191 253 186 39 191 375 118 946 12 86 133 857 38 414 92 91 783 886 72 116 29 96 850 770 974 974 93 944 102 891 468 111 44 411 212 30 55 215 39 395 141
72 44 98 54 208 465 154 743 94 427 107 157 77 66 51 75 45 41 497 79 236 389 44 249 40 18 73 18 489 292 40 34 185 63 71 19 110 102 748 50 882 304 162 111 859 37 444 122 269 73 400 40 39 161 190 38 810 40 36 821 22 73 116 491 149 314 165 56 60 57 188 16 69 25 49 408 16 188 238 823
116 819 86 408 61 424 147 897 110 257 85 45 387 31 312 303 72 62 177 422 239 72 315 75 746 112 104 451 370 282 392 63 306 23 181 83 99 57 243 265 220 95 15 479 228 26 65 51 240 437 845 117 73 181 47 114 65 68 43 174 458 119 261 121 20 205 150 108 122 39 63 96 76 44 97 32 274 445 163 91
107 50 105 138 188 122 57 257 115 64 42 71 26 319 40 39 70 55 32 89 198 822 28 406 20 151 43 56 23 107 230 245 36 128 98 184 385 904 809 132 190 313 16 85 121 418 24 56 178 232 468 758 400 31 190 198 39 383 68 168 78 212 172 81 33 230 84 34 876 175 16 43 99 268 48 22 190 329 302 187
64 68 128 999 81 155 60 263 338 111 154 84 133 1004 23 95 80 141 116 75 193 70 125 256 1134 114 59 235 63 1171 29 75 171 128 608 39 1157 59 98 217 389 1022 603 552 1153 127 208 616 272 289 78 132 108 35 1108 26 155 45 44 96 171 202 296 88 293 87 70 53 511 66 167 57 15 1181 135 586 46 1006 1097 126
56 76 81 132 95 1160 194 168 197 359 502 80 221 132 334 257 185 40 533 579 67 14 50 586 583 237 291 91 594 69 268 112 57 24 135 572 126 194 510 123 50 100 104 121 27 139 603 41 331 134 68 612 392 223 202 104 142 20 73 113 180 390 342 367 263 234 30 183 102 59 126 339 145 381 59 1151 50 110 41 41
1110 376 166 54 88 276 34 81 512 136 70 44 406 141 147 283 260 64 245 171 289 348 163 540 51 37 527 22 100 119 16 122 105 544 1027 280 70 81 233 121 282 52 20 256 241 1121 115 179 547 88 99 354 527 249 165 1033 75 46 127 563 271 141 64 24 39 68 1013 123 526 43 573 202 208 207 62 115 35 66 81 245
356 88 46 64 61 1064 47 111 399 94 75 378 40 395 399 199 51 1027 188 143 118 125 236 393 29 1032 232 294 19 28 170 114 607 1246 285 1001 141 24 72 170 154 209 1226 28 82 135 40 71 93 103 1204 542 201 51 49 380 61 1012 395 395 31 160 139 59 46 168 531 43 208 36 109 26 56 124 89 65 581 555 338 330
37 570 192 328 85 224 531 250 37 384 64 75 177 134 23 203 209 1134 366 31 121 345 39 73 46 615 374 238 42 47 562 79 1168 33 80 186 38 387 190 162 152 74 256 142 565 105 91 64 75 405 25 1043 62 110 97 516 248 142 577 1083 40 581 199 21 27 61 98 153 70 57 191 126 52 1228 220 51 20 1130 298 294
126 24 77 46 55 241 132 128 331 184 95 402 1134 66 197 18 95 30 23 1225 36 551 32 200 193 386 105 499 1138 300 31 301 254 69 412 41 172 30 1043 1042 83 345 157 371 136 36 297 165 344 50 66 99 104 124 613 87 1134 49 1135 104 62 326 119 22 93 280 331 59 65 98 272 539 44 168 502 168 39 236 72 1122
1187 73 1078 54 38 71 36 534 115 71 109 87 111 219 46 136 68 32 65 1147 400 45 25 64 136 173 37 34 92 360 268 216 65 1158 211 30 379 1038 28 263 374 275 56 268 602 146 1043 16 101 161 1086 54 500 120 122 991 1005 79 147 45 124 1065 1069 1016 1200 94 1211 147 1053 538 115 52 568 305 41 72 260 59 593 187
92 52 128 68 291 521 237 1038 127 607 115 199 92 75 54 86 58 50 512 94 267 577 58 389 51 29 84 28 565 393 42 47 227 77 88 28 173 137 1002 70 1062 333 228 159 1164 46 595 147 367 115 592 48 50 202 290 50 1228 48 56 1001 33 91 148 581 222 391 231 68 80 82 266 23 82 41 55 506 21 251 274 1093
146 1146 119 493 81 526 165 1157 148 352 114 60 608 49 394 329 90 74 218 575 245 107 343 91 1222 163 114 496 556 343 566 96 362 27 232 103 144 86 292 377 262 111 17 508 261 37 74 64 305 610 1036 173 87 198 55 134 69 83 46 194 610 169 391 127 26 287 223 157 168 47 98 150 81 47 121 50 385 592 226 129
115 62 130 172 304 164 85 381 155 82 58 84 42 350 59 54 80 60 39 118 217 1106 38 575 28 202 45 85 25 145 300 285 43 187 125 223 506 1094 1147 155 195 348 24 94 134 517 27 75 220 294 538 1031 493 49 278 303 60 503 93 198 95 261 242 126 40 278 116 42 1013 228 23 51 120 397 62 22 265 343 395 230
16 15 9 1 12 7 18 4 3 9 8 12 8 1 32 11 12 7 10 15 6 16 9 4 1 10 17 5 17 1 37 14 6 8 2 21 1 17 11 5 3 1 2 2 1 8 5 2 4 4 14 8 9 26 1 33 7 22 20 11 6 5 4 12 4 11 15 17 2 16 6 17 54 1 9 2 21 1 1 8
16 15 13 9 10 1 6 6 5 3 2 14 5 8 3 4 6 22 2 2 15 43 20 2 2 5 4 11 2 15 4 9 17 36 8 2 9 6 2 9 19 10 9 9 39 8 2 24 3 8 14 2 3 5 5 11 8 40 13 10 6 3 3 3 4 5 29 6 11 15 8 3 7 3 16 1 19 10 22 24
1 3 7 17 12 4 27 13 2 7 13 25 3 8 8 4 4 16 4 6 4 3 6 2 19 26 2 36 11 9 57 8 11 2 1 4 14 13 5 9 4 16 37 4 5 1 10 6 2 11 12 3 2 4 6 1 15 20 8 2 4 8 16 34 24 14 1 8 2 22 2 5 5 5 19 9 24 14 12 4
3 11 21 17 20 1 21 10 3 11 13 3 22 3 3 5 19 1 6 8 10 8 5 3 30 1 5 4 40 34 7 9 2 1 4 1 8 38 13 6 7 5 1 30 12 8 22 16 12 9 1 2 5 17 20 3 17 1 3 3 37 7 8 16 21 7 2 20 5 25 10 40 18 9 11 17 2 2 3 3
23 2 6 3 12 5 2 4 27 3 17 16 6 7 39 5 5 1 3 29 9 3 23 15 21 2 3 5 26 21 2 12 1 26 12 6 23 3 5 7 7 13 4 8 2 11 13 15 15 3 36 1 18 10 11 2 5 7 2 1 21 2 6 43 34 17 12 7 13 18 6 9 16 1 5 19 38 1 4 4
8 34 12 20 17 4 9 8 3 6 11 3 1 14 6 39 10 26 34 1 31 2 26 5 6 3 10 2 1 4 26 4 4 13 3 28 6 33 1 1 11 3 7 3 9 25 4 6 3 23 16 10 10 8 2 12 1 20 1 11 16 3 9 44 12 4 3 18 17 11 4 2 22 7 2 6 26 5 15 1
1 15 1 16 24 15 23 2 10 15 10 11 9 5 19 8 15 30 17 1 3 21 31 14 7 7 22 27 12 3 4 5 16 1 5 30 3 1 30 4 3 4 18 4 2 7 1 39 11 6 1 20 2 9 9 1 1 12 7 23 9 1 1 1 1 10 1 7 1 2 9 19 2 4 21 13 4 18 2 6
12 17 9 15 4 2 5 1 9 2 9 6 11 14 18 11 18 20 2 12 4 2 16 3 21 28 12 34 2 3 20 20 5 15 11 38 7 7 1 14 1 3 5 7 1 22 2 8 3 10 2 19 18 6 4 17 1 22 18 1 30 12 8 2 5 3 5 14 14 13 4 41 13 25 18 2 41 4 4 1
8 1 9 2 15 2 6 1 7 3 10 15 2 24 3 3 12 14 5 2 4 11 3 11 1 7 9 2 2 3 2 12 3 28 5 10 7 13 4 3 4 9 49 2 4 23 12 15 4 2 1 6 11 5 18 7 14 12 22 5 2 7 3 8 37 4 5 7 6 24 11 8 11 18 10 20 3 2 5 9
9 16 8 7 4 7 12 3 8 13 16 11 23 3 18 19 12 16 24 10 5 1 27 2 30 6 20 13 37 7 4 4 21 6 9 5 2 1 1 7 5 3 41 11 8 2 28 15 5 4 2 1 2 24 4 4 18 2 13 5 12 4 5 9 22 4 9 23 1 5 36 21 9 3 18 38 4 3 3 5
65 65 66 70 72 70 64 71 56 70
