10
80
253 41 92 73 53 70 103 112 195 210 13 875 28 47 74 35 157 701 128 129 404 53 79 507 98 63 164 27 200 23 51 426 186 383 9 18 101 90 34 66 24 119 190 147 26 33 11 56 322 36 27 122 9 67 40 629 40 430 27 99 205 117 58 30 27 80 28 160 563 223 24 35 143 8 577 135 24 334 137 104
46 533 24 85 746 97 16 125 28 177 197 39 43 34 55 823 507 34 142 104 926 869 20 87 797 191 313 24 32 229 25 18 244 95 170 262 191 347 286 40 21 43 76 33 29 110 128 318 70 20 28 90 208 88 658 45 77 425 12 84 16 55 157 61 77 171 155 28 127 196 99 19 635 50 21 25 72 44 112 144
11 723 313 173 56 23 472 84 44 24 601 929 107 126 216 297 123 300 490 329 62 31 50 363 63 62 92 18 43 20 62 139 92 220 102 33 25 32 42 44 89 185 27 30 331 544 47 542 16 460 44 610 94 31 34 31 340 137 20 157 59 284 97 236 28 26 269 126 15 97 10 141 20 73 86 117 80 55 39 69
166 51 104 25 76 309 167 60 127 91 49 176 132 73 44 34 66 166 363 274 56 24 26 283 85 205 50 156 45 82 35 239 54 568 79 62 284 252 81 33 72 45 424 73 11 922 268 849 220 174 49 98 920 86 54 139 80 277 25 58 59 32 364 452 46 144 34 16 43 105 399 69 127 148 50 125 85 12 82 47
125 24 101 531 31 167 548 171 274 481 151 10 29 51 45 106 56 115 333 715 742 687 925 134 108 773 317 19 151 32 48 165 33 61 19 191 144 191 44 52 555 16 22 131 63 160 531 35 56 91 90 78 128 203 166 34 254 48 91 179 437 20 199 74 48 85 841 76 16 78 235 108 252 41 767 402 33 41 97 21
52 88 21 4 90 111 650 106 147 130 50 17 30 56 475 15 201 921 26 59 236 22 192 38 717 63 19 222 232 256 427 53 100 120 376 60 56 52 75 158 53 57 129 31 949 228 152 317 17 973 61 167 20 150 160 187 13 83 71 49 19 68 83 72 40 525 177 86 313 26 30 216 196 170 43 34 196 22 324 75
433 40 57 569 25 93 107 77 64 109 108 38 533 83 440 298 320 699 45 218 54 227 155 9 154 25 51 19 60 78 721 58 909 24 48 663 128 323 943 75 762 227 16 183 335 152 23 98 51 314 79 31 49 85 157 87 98 52 37 425 39 62 28 70 298 69 115 70 22 474 11 271 685 89 929 38 42 86 63 19
88 296 45 159 61 545 109 54 177 28 64 268 193 54 742 47 304 11 22 104 94 30 401 223 17 179 212 113 22 66 26 60 57 126 272 64 40 321 27 443 84 128 22 29 195 979 968 343 13 215 186 48 133 31 30 318 325 40 329 27 211 33 92 257 56 30 80 391 211 40 242 104 239 26 166 612 54 177 49 808
73 43 21 128 717 30 148 37 207 587 119 49 221 934 80 212 181 238 76 232 24 47 23 135 63 200 110 324 55 71 34 109 140 50 127 135 28 29 107 122 31 211 273 84 234 166 168 472 122 40 20 217 37 71 76 161 35 116 276 43 35 411 92 70 106 19 123 79 61 52 35 13 208 183 73 534 87 16 630 97
63 699 36 102 69 65 158 43 58 37 143 108 17 423 37 219 58 20 22 63 134 214 234 190 70 948 48 72 261 119 62 75 45 25 113 402 137 18 138 212 17 121 85 30 75 20 43 309 50 218 33 628 109 253 23 134 22 173 102 52 22 30 38 593 79 308 135 84 171 119 96 42 86 187 89 329 465 239 171 127
352 72 209 97 156 117 197 255 328 356 35 1098 67 103 112 59 198 1257 320 139 592 97 196 1055 127 68 269 55 454 43 114 621 296 501 27 28 188 115 62 151 44 146 205 226 62 38 28 108 401 52 57 198 22 122 82 1423 63 682 47 183 326 146 76 87 32 103 52 362 1181 261 55 50 233 21 1427 198 42 553 192 198
81 1007 46 211 1079 238 28 193 38 448 241 77 59 66 126 1059 1045 54 203 140 1029 1070 42 99 1091 354 418 36 64 312 51 31 347 129 429 466 327 594 348 63 27 87 128 60 35 150 356 434 100 45 36 129 366 136 1434 87 146 657 18 135 34 80 241 99 117 286 286 50 196 294 117 35 1082 85 33 28 106 66 142 221
19 1435 631 232 81 27 586 161 74 28 1097 1370 197 305 321 334 184 696 618 374 101 74 119 636 119 121 134 36 87 23 112 288 175 463 173 83 70 39 110 112 207 229 50 50 672 1426 63 1207 25 608 104 1410 103 62 44 46 556 181 27 350 61 733 192 424 61 77 330 162 33 226 15 348 54 105 160 157 171 87 66 119
333 91 277 39 201 336 348 80 145 106 75 204 146 147 64 49 84 200 530 415 71 29 62 486 147 393 74 361 98 154 75 435 100 1391 121 85 383 395 128 49 133 65 675 105 15 1321 420 1246 338 483 65 122 1167 190 84 327 118 484 31 108 92 74 501 597 74 250 46 32 80 175 656 102 172 199 72 230 172 26 139 94
185 34 200 1002 53 243 1145 391 462 574 168 23 45 133 80 123 142 199 635 1259 1032 1162 1253 266 143 1489 531 43 233 59 65 445 77 164 26 336 278 282 87 76 1290 32 38 170 95 355 1185 61 84 143 133 135 224 310 452 48 473 68 148 205 497 28 353 168 72 96 1266 110 31 128 300 276 386 63 1052 644 59 74 141 50
107 141 24 12 208 229 1273 124 259 203 66 22 56 89 705 31 418 1283 34 140 442 42 345 98 1249 89 35 461 366 419 492 81 196 137 659 158 75 99 117 244 126 111 226 63 1016 304 350 426 35 1061 116 416 54 262 285 343 15 111 157 53 49 168 149 115 71 1141 222 149 372 57 44 413 336 350 63 73 445 44 404 118
529 94 101 1215 33 192 171 166 73 140 185 50 1033 130 637 672 470 1391 95 269 66 396 214 20 183 73 92 46 135 150 1398 87 1389 25 107 1117 151 355 1109 97 1264 294 19 465 574 278 35 250 70 336 103 75 69 112 342 119 121 56 38 706 91 137 60 108 558 83 142 146 40 496 25 380 1404 122 1249 55 69 168 81 39
170 380 65 249 121 1204 143 77 208 48 126 352 290 91 1487 98 406 24 46 167 100 59 657 340 39 440 339 151 56 82 47 106 76 146 340 101 82 692 68 697 128 266 42 42 335 1132 1363 694 18 272 276 80 241 61 65 550 647 69 635 63 319 85 151 495 70 60 113 493 390 48 279 145 465 55 236 1117 155 355 85 1127
93 97 36 175 999 55 176 58 403 1350 141 77 356 1261 122 464 272 350 182 288 68 92 29 199 137 342 152 694 139 129 87 138 308 121 210 169 72 54 157 134 32 406 467 110 416 274 275 561 215 77 52 378 57 164 163 220 68 234 498 64 41 502 191 89 179 42 233 108 89 84 94 21 295 486 126 1207 111 40 1247 153
103 1439 85 127 159 100 312 65 104 53 194 138 27 673 44 347 114 34 42 171 190 344 400 219 175 1401 64 116 492 230 85 95 82 36 133 580 160 41 240 447 42 309 180 48 99 41 89 475 63 282 40 1203 193 588 53 232 45 356 143 106 23 75 70 1217 109 417 224 137 239 157 164 63 239 205 164 624 728 287 295 178
3 17 7 11 9 8 7 5 4 4 31 1 17 12 10 19 5 1 4 7 2 12 7 1 9 14 5 23 3 28 12 2 4 2 35 44 7 9 22 8 27 7 5 5 21 22 42 11 3 20 20 7 40 9 17 1 18 2 19 6 4 7 13 15 27 11 17 4 1 4 21 24 5 50 1 6 22 2 5 7
13 1 26 6 1 5 30 6 31 3 5 17 18 15 10 1 1 23 6 7 1 1 21 10 1 4 3 28 19 4 23 33 4 8 3 3 3 2 3 20 33 14 10 15 22 8 4 3 11 23 26 9 3 9 1 15 9 2 51 10 26 15 5 13 10 4 4 26 5 4 9 24 1 13 38 34 13 15 8 5
52 1 2 5 14 38 2 7 12 34 1 1 7 4 4 3 7 2 2 3 13 14 12 2 9 11 8 33 16 40 9 5 8 3 7 16 18 25 13 11 6 5 23 22 2 1 16 1 31 2 11 1 9 17 27 24 2 7 43 4 15 2 6 3 19 16 3 7 34 6 48 4 22 10 7 7 8 16 17 10
3 16 5 33 7 3 4 13 7 10 17 5 7 9 19 20 14 5 2 3 15 33 17 3 7 3 13 4 13 8 19 3 11 1 8 13 3 3 9 22 9 18 2 10 59 1 3 1 3 3 15 8 1 7 14 4 11 3 32 12 13 16 2 2 18 4 23 25 13 7 2 12 7 6 14 5 7 36 10 10
7 32 6 1 21 4 1 3 3 2 6 43 23 9 13 9 9 5 2 1 1 1 1 4 8 1 2 24 5 23 17 3 16 9 35 4 5 4 13 13 1 24 29 6 13 4 1 17 15 8 8 10 6 4 3 23 3 19 8 5 2 35 4 7 17 10 1 12 32 9 4 5 3 17 1 2 22 14 9 20
10 8 38 68 7 6 1 9 4 6 16 41 15 15 2 33 3 1 24 9 3 24 3 13 1 11 31 3 4 3 2 16 6 8 2 9 15 10 10 5 11 13 6 15 1 4 4 3 28 1 9 3 22 5 5 4 41 11 9 17 24 7 9 9 14 1 5 9 3 18 23 3 3 3 16 15 3 27 3 11
2 11 12 1 28 7 8 7 13 8 7 19 1 11 2 2 3 1 10 4 15 3 5 38 6 17 14 25 10 10 1 12 1 33 11 1 7 3 1 12 1 4 53 3 2 4 31 5 17 3 11 18 15 10 4 9 9 16 25 2 14 10 20 10 2 12 7 8 22 2 39 3 1 8 1 18 19 7 13 29
8 3 18 4 9 1 9 14 5 25 11 3 4 13 1 12 3 31 24 6 10 22 2 4 29 3 4 7 23 12 21 12 13 7 3 14 15 2 17 2 9 5 23 30 3 1 1 2 48 4 5 14 5 22 21 2 2 15 2 20 4 14 8 3 16 15 10 2 3 19 4 9 3 18 5 1 9 4 14 1
10 13 29 7 1 19 6 20 3 1 8 12 4 1 8 3 5 4 7 4 18 12 30 7 8 4 7 2 10 8 15 9 4 11 7 7 17 26 8 7 26 3 3 9 3 5 4 2 5 13 25 3 17 8 8 6 19 5 3 16 21 2 7 11 6 28 6 10 15 14 14 47 4 3 10 1 9 28 1 7
13 1 15 9 7 13 4 20 13 22 6 9 32 2 23 3 12 23 25 8 6 4 3 5 7 1 17 9 3 5 12 11 12 28 8 2 7 33 5 3 27 4 7 20 13 30 13 3 17 4 21 1 7 2 24 6 19 4 9 10 33 17 13 1 10 3 6 8 5 8 6 19 6 5 7 2 2 4 5 7
78 77 79 68 65 73 69 65 64 67
