10
40
52 63 107 987 75 130 46 240 307 104 111 67 111 990 23 87 73 133 94 56 156 49 105 231 899 84 53 191 46 905 26 64 142 112 451 42 940 55 80 186
300 930 477 462 928 117 178 475 219 247 62 111 107 29 967 23 118 40 38 86 163 183 245 80 225 75 53 51 473 52 155 44 16 900 98 454 42 946 949 112
48 63 61 102 99 977 148 143 178 309 469 63 195 116 321 240 146 43 459 454 58 18 44 461 486 191 229 85 448 58 231 95 52 17 116 488 93 143 489 103
40 84 104 99 16 119 477 40 297 110 55 493 307 192 186 79 115 18 67 93 159 293 306 314 218 178 22 153 80 54 115 308 129 317 55 981 43 88 36 35
899 314 125 53 72 217 30 60 464 121 64 31 301 109 119 238 237 56 234 154 240 323 156 452 49 37 448 26 78 99 13 121 77 459 977 237 62 63 177 106
220 54 18 221 177 947 88 160 490 83 69 309 455 235 147 970 54 47 111 490 229 110 56 18 33 63 945 118 485 38 487 195 192 181 45 101 40 62 73 221
303 79 38 45 47 910 41 87 311 79 71 320 35 330 306 183 45 981 143 106 91 117 192 317 21 969 195 230 14 18 125 106 483 984 226 979 112 23 62 152
121 189 949 23 75 119 40 56 69 91 907 490 191 45 45 305 54 922 320 295 16 123 114 52 46 128 461 42 185 35 86 18 46 100 78 53 476 447 322 311
38 462 159 300 73 175 473 221 28 321 55 57 161 133 20 182 178 900 330 27 96 305 42 56 46 452 308 181 37 41 471 73 939 29 74 143 30 322 185 135
127 65 241 120 477 72 69 56 58 297 17 984 43 96 75 490 185 131 465 967 40 480 150 17 24 48 72 132 60 47 164 106 54 950 193 51 18 899 226 224
62 71 111 1088 88 140 50 255 351 105 123 80 126 1005 26 89 82 141 106 60 167 54 121 255 997 100 56 205 48 1091 26 69 168 133 541 46 1040 58 81 205
352 1041 510 524 1039 130 204 528 265 254 71 125 117 33 1018 27 142 45 44 89 166 197 266 84 257 87 60 56 532 58 173 50 17 1067 104 503 49 1070 1043 124
54 64 66 116 100 1007 166 161 198 355 535 71 195 125 343 263 173 45 545 526 61 21 53 515 513 208 267 89 496 62 250 113 60 17 119 508 112 158 507 107
47 95 119 107 17 128 512 41 352 130 64 512 346 211 214 83 123 22 77 99 161 352 329 327 259 195 25 175 86 59 129 362 141 330 63 1017 46 101 38 35
1039 361 146 55 82 250 31 67 525 135 75 36 331 129 135 268 267 60 253 173 254 356 177 512 52 40 500 28 81 103 15 135 83 503 1001 266 66 77 201 110
264 59 22 257 208 1017 91 166 508 92 81 343 527 246 158 1055 56 51 132 502 256 129 59 21 37 65 1032 122 532 42 531 214 201 210 54 106 40 63 76 241
336 87 44 50 48 995 45 96 328 84 75 333 38 362 338 195 52 1053 174 122 99 130 199 351 25 1065 211 260 17 21 146 114 517 1072 248 1047 129 23 70 163
142 197 1035 24 76 126 41 64 82 112 1013 527 207 53 51 336 59 1007 339 349 18 147 124 60 48 136 508 46 200 40 102 22 51 115 87 57 513 527 337 347
39 532 174 355 77 211 521 245 33 339 61 62 177 137 24 209 199 1011 364 31 107 331 42 62 46 513 348 197 38 44 506 78 1004 34 81 164 35 346 207 146
140 69 261 131 498 81 81 66 64 356 19 1011 47 104 83 498 200 139 541 1079 46 510 165 19 27 51 81 152 69 48 180 118 57 1085 202 51 20 1047 249 253
16 15 9 1 12 7 18 4 3 9 8 12 8 1 32 11 12 7 10 15 6 16 9 4 1 10 17 5 17 1 37 14 6 8 2 21 1 17 11 5
3 1 2 2 1 8 5 2 4 4 14 8 9 26 1 33 7 22 20 11 6 5 4 12 4 11 15 17 2 16 6 17 54 1 9 2 21 1 1 8
16 15 13 9 10 1 6 6 5 3 2 14 5 8 3 4 6 22 2 2 15 43 20 2 2 5 4 11 2 15 4 9 17 36 8 2 9 6 2 9
19 10 9 9 39 8 2 24 3 8 14 2 3 5 5 11 8 40 13 10 6 3 3 3 4 5 29 6 11 15 8 3 7 3 16 1 19 10 22 24
1 3 7 17 12 4 27 13 2 7 13 25 3 8 8 4 4 16 4 6 4 3 6 2 19 26 2 36 11 9 57 8 11 2 1 4 14 13 5 9
4 16 37 4 5 1 10 6 2 11 12 3 2 4 6 1 15 20 8 2 4 8 16 34 24 14 1 8 2 22 2 5 5 5 19 9 24 14 12 4
3 11 21 17 20 1 21 10 3 11 13 3 22 3 3 5 19 1 6 8 10 8 5 3 30 1 5 4 40 34 7 9 2 1 4 1 8 38 13 6
7 5 1 30 12 8 22 16 12 9 1 2 5 17 20 3 17 1 3 3 37 7 8 16 21 7 2 20 5 25 10 40 18 9 11 17 2 2 3 3
23 2 6 3 12 5 2 4 27 3 17 16 6 7 39 5 5 1 3 29 9 3 23 15 21 2 3 5 26 21 2 12 1 26 12 6 23 3 5 7
7 13 4 8 2 11 13 15 15 3 36 1 18 10 11 2 5 7 2 1 21 2 6 43 34 17 12 7 13 18 6 9 16 1 5 19 38 1 4 4
37 54 43 40 57 37 40 40 39 43
