10
80
325 86 100 78 288 38 99 31 62 212 61 169 808 101 43 496 119 158 764 29 24 185 182 14 42 167 95 87 179 123 56 47 746 140 181 118 264 104 70 259 61 92 158 53 15 123 118 32 195 94 178 74 99 323 43 138 172 40 208 753 22 40 37 140 205 60 68 67 101 134 146 840 195 85 63 52 172 94 22 113
7 67 105 35 50 109 32 484 62 155 100 991 320 514 225 35 202 209 149 598 279 32 401 68 23 61 434 62 78 51 252 163 56 195 60 859 69 168 27 63 277 29 164 333 231 78 21 308 285 28 316 40 69 83 164 32 255 38 171 84 500 33 3 46 106 92 75 62 58 46 173 81 218 35 135 23 291 78 890 147
24 37 28 225 20 129 37 29 109 666 182 262 49 13 81 136 82 27 324 46 191 48 113 474 25 19 91 51 56 341 170 319 277 27 64 221 830 566 27 141 12 38 19 36 211 42 967 91 711 96 127 132 321 66 81 55 45 33 101 389 88 188 289 63 24 475 41 60 70 177 48 641 244 202 124 35 855 168 522 107
30 62 26 41 113 91 120 30 135 27 154 227 149 598 58 138 289 224 85 59 20 190 872 25 442 12 153 102 241 597 195 100 87 21 62 738 24 315 365 189 99 50 117 89 196 221 102 18 61 139 294 528 34 249 136 116 101 54 453 198 110 56 70 60 455 20 70 20 177 85 143 113 359 116 709 433 564 18 227 264
94 29 26 625 33 365 59 202 311 31 111 533 181 50 13 932 54 217 931 89 109 35 111 237 54 43 21 929 284 30 856 47 36 85 402 444 86 89 16 483 40 443 99 661 113 26 65 53 41 901 86 91 46 128 29 708 158 67 53 57 13 44 60 36 144 284 21 61 39 22 138 152 45 22 87 152 144 63 201 53
65 21 17 868 48 265 289 113 25 147 96 81 140 233 48 977 291 279 29 38 88 71 41 112 82 34 60 16 558 257 685 560 278 37 36 141 455 239 405 42 73 4 68 630 52 301 220 32 46 651 145 43 88 176 295 40 909 29 240 37 29 342 176 192 141 196 73 95 51 177 41 198 20 62 234 21 59 36 126 71
123 239 85 35 81 33 13 117 123 55 120 122 62 68 121 66 31 232 19 92 107 50 202 444 52 155 816 10 35 24 89 200 25 733 755 42 420 846 46 727 20 761 51 288 624 50 226 134 178 34 64 32 179 24 12 678 151 385 47 710 450 90 31 142 584 20 194 43 62 798 395 72 40 44 52 109 370 57 59 151
712 505 115 14 38 38 183 65 263 77 138 53 42 109 72 31 19 53 187 41 557 87 962 879 32 282 327 30 538 35 227 166 45 13 744 580 411 26 317 249 103 23 28 59 71 44 109 17 46 167 766 103 75 27 121 71 83 8 20 173 293 23 22 65 218 139 70 16 135 167 131 79 240 85 106 77 68 864 102 110
824 275 23 645 121 75 45 104 299 54 84 11 294 767 49 66 94 916 141 229 35 23 13 182 183 166 612 709 218 29 65 89 147 61 377 36 6 62 306 169 42 64 58 81 81 38 147 406 44 33 65 20 845 27 189 91 183 33 18 310 121 20 617 37 161 109 92 36 24 42 44 14 59 179 186 53 137 54 62 202
94 61 274 116 39 214 15 31 142 50 151 37 19 25 55 117 184 586 59 74 358 86 34 144 111 67 420 186 30 34 85 231 307 42 708 55 17 58 150 214 144 150 28 34 281 471 606 31 962 31 65 61 89 80 66 288 37 221 361 26 265 181 367 116 70 23 69 36 42 172 63 843 32 113 136 76 87 213 71 32
737 124 169 100 698 79 114 46 100 340 62 225 1143 151 76 686 126 219 1326 37 56 286 359 26 61 280 122 144 286 192 95 69 1045 329 263 229 451 220 127 594 119 166 162 136 25 170 288 33 463 164 305 177 144 501 69 267 274 77 443 1190 31 67 50 287 287 113 105 151 170 208 226 1448 278 170 94 66 284 144 28 146
17 101 275 50 77 159 57 554 98 223 169 1142 519 1404 375 72 417 450 243 1426 399 38 524 110 61 71 513 104 151 90 506 355 96 278 118 1253 138 248 65 74 676 62 370 689 250 105 54 467 383 65 617 70 128 107 398 47 421 56 256 122 1136 38 9 84 135 122 81 100 100 81 256 119 299 47 179 38 376 130 1033 223
51 59 48 370 28 209 58 59 194 1316 283 650 81 29 198 177 135 36 420 110 386 65 206 697 63 52 124 74 95 638 282 386 579 58 111 285 1386 1213 71 245 16 46 39 63 266 45 1394 152 1150 142 336 187 717 156 121 57 75 58 125 523 110 379 529 121 54 552 65 106 87 378 69 1471 352 328 183 72 1404 327 1386 131
48 138 35 101 267 107 178 70 248 42 189 244 195 1122 106 310 419 344 124 79 54 280 1165 53 580 27 347 141 249 1114 318 157 168 35 88 1005 28 598 636 377 153 71 173 157 363 370 156 39 124 271 718 1418 65 342 238 203 200 75 627 440 184 113 154 125 731 36 90 43 403 157 285 229 652 158 1170 729 1138 21 321 404
144 46 75 1313 42 563 134 271 731 67 135 1276 393 78 19 1073 80 288 1027 124 121 43 161 281 72 58 43 1040 448 52 1374 118 70 99 707 714 120 101 27 671 83 641 143 1119 141 32 100 70 62 1195 207 156 85 188 66 1277 212 86 87 149 19 54 107 51 243 380 35 88 61 38 171 225 97 34 168 231 220 108 488 85
87 34 35 1048 117 378 370 161 61 176 106 112 290 333 102 1200 431 413 34 66 141 172 104 149 237 69 105 25 1396 375 1313 1028 480 55 72 275 603 428 542 102 130 9 120 1206 89 630 332 44 82 1068 167 70 121 261 367 72 1096 67 453 107 35 555 420 250 353 211 112 176 129 233 50 357 40 89 291 49 95 64 289 134
164 276 135 81 114 55 24 142 212 102 166 180 82 157 151 122 39 371 32 124 150 85 281 548 138 236 1181 22 57 51 197 285 44 1412 1265 82 593 1320 73 1168 37 1392 59 519 1345 85 426 206 257 51 124 64 280 62 16 1103 247 666 61 1054 727 112 39 171 1242 42 354 93 109 1295 550 165 48 116 75 207 691 68 170 225
1064 1023 162 31 51 88 305 126 359 89 327 72 82 176 103 34 33 59 251 82 1354 124 1315 1326 52 423 426 41 1140 55 308 464 70 26 1267 1206 552 54 395 403 259 29 71 85 105 62 272 36 68 338 1302 178 121 39 178 78 130 16 31 359 349 53 51 162 285 274 190 33 258 435 352 111 362 159 148 103 82 1006 184 193
1301 713 39 1107 238 122 75 154 360 94 214 26 520 1297 95 89 120 1051 161 335 84 41 23 290 278 286 1386 1110 286 47 69 177 217 146 688 58 8 91 434 340 52 97 135 121 155 49 250 691 56 44 110 37 1117 39 333 140 212 60 34 336 217 31 1416 70 242 118 191 59 34 109 82 35 97 296 203 134 226 86 110 331
103 130 486 133 93 262 21 54 285 91 280 80 33 29 70 196 415 1193 112 144 710 151 63 232 152 80 678 326 68 61 133 261 375 98 1240 90 28 92 249 463 193 188 30 66 477 548 1239 65 1282 83 98 148 141 155 107 374 64 353 638 38 597 245 595 140 100 50 127 69 103 313 86 1401 53 160 283 110 106 437 159 50
2 11 8 11 2 14 9 23 13 3 14 5 1 7 16 2 8 5 1 25 22 5 4 36 15 5 10 9 5 7 13 16 1 4 4 5 3 5 8 2 8 7 6 9 39 6 5 29 3 8 4 7 8 2 17 5 5 16 3 1 30 18 25 5 4 12 11 9 8 5 6 1 4 8 11 17 5 9 35 7
41 10 5 22 13 8 15 2 12 6 6 1 2 1 3 20 3 3 6 1 3 23 2 10 23 14 2 10 8 12 2 4 15 4 9 1 10 4 17 13 2 17 3 2 4 11 23 3 3 20 2 13 9 9 3 23 3 21 5 9 1 24 60 16 8 8 12 13 10 16 4 9 4 19 7 27 3 9 1 5
25 17 22 3 34 7 19 19 7 1 5 2 12 30 7 6 8 32 3 11 3 17 5 2 19 24 8 16 11 2 4 3 2 18 9 4 1 1 19 4 43 19 27 16 4 23 1 9 1 7 4 6 2 8 10 17 17 19 9 2 10 3 2 10 18 2 14 10 13 3 18 1 4 4 8 17 1 4 1 8
18 8 29 14 5 10 7 15 4 22 6 4 5 1 11 4 3 4 10 12 23 5 1 20 2 37 4 9 4 1 4 7 8 29 11 1 30 2 2 3 9 14 7 9 4 3 8 29 9 5 2 1 17 3 6 6 5 12 2 3 7 10 8 10 2 31 13 22 3 8 4 6 2 8 1 2 1 40 4 3
8 18 19 1 21 2 10 4 2 18 7 1 3 17 45 1 15 4 1 10 9 21 7 4 17 18 24 1 3 19 1 11 18 11 2 2 10 10 28 2 14 2 10 1 8 27 11 15 16 1 6 9 14 7 17 1 5 11 12 9 41 16 11 17 5 3 26 12 18 22 6 5 10 27 7 5 6 12 3 16
13 29 38 1 10 3 3 8 19 6 10 9 5 4 11 1 3 3 24 18 7 7 12 7 6 16 9 32 1 3 1 1 3 21 19 4 2 3 2 11 9 57 10 1 15 2 3 23 15 1 6 17 10 4 3 13 1 18 3 13 28 2 3 5 4 5 12 6 11 5 19 4 26 14 4 26 12 15 4 9
6 4 9 15 12 23 41 8 6 10 7 8 12 8 7 9 21 3 25 9 8 14 4 2 9 6 1 42 19 19 6 4 25 1 1 14 2 1 17 1 25 1 19 2 1 14 3 5 4 21 10 15 4 20 45 1 5 2 17 1 2 9 23 6 1 23 4 14 10 1 2 8 18 11 15 5 2 14 8 5
1 1 8 33 21 15 4 8 3 11 4 14 11 8 11 24 35 18 5 13 1 9 1 1 17 3 3 21 1 20 4 3 16 38 1 1 2 25 3 3 5 31 17 15 12 20 5 27 18 4 1 8 10 25 6 13 10 46 43 3 3 21 26 8 4 4 7 25 5 3 4 12 3 8 7 12 12 1 6 7
1 2 31 1 6 10 14 7 3 14 6 37 2 1 11 12 9 1 7 4 16 30 51 5 4 5 1 1 4 25 13 7 5 10 2 22 59 13 3 4 19 11 10 10 8 24 5 2 21 19 12 36 1 25 4 10 5 20 35 3 5 33 1 18 6 8 7 20 32 13 12 32 14 4 5 10 5 12 9 3
9 9 3 8 16 4 35 17 5 15 4 12 27 31 16 5 3 1 9 9 2 8 15 5 8 12 2 4 18 18 8 4 3 11 1 11 45 14 5 3 6 6 31 14 3 2 1 17 1 14 10 8 8 7 12 3 19 4 2 25 2 5 2 7 12 22 11 15 14 4 12 1 20 6 5 11 9 3 9 24
62 64 66 58 71 65 66 73 79 65
