10
80
38 44 63 38 87 34 17 312 61 64 303 33 220 86 29 955 55 188 310 54 150 93 92 462 49 176 908 48 322 42 326 443 188 63 94 53 137 82 301 112 100 461 56 448 62 43 911 19 121 108 230 941 29 67 145 56 112 38 469 452 110 460 131 76 180 24 193 51 481 226 224 227 40 455 16 96 183 63 24 36
952 189 468 956 478 23 488 108 6 180 125 185 49 25 947 120 142 231 979 490 39 934 185 72 121 230 58 317 43 227 195 96 108 52 468 45 129 164 42 226 45 66 121 148 43 969 71 20 919 55 226 43 239 19 484 494 32 131 53 70 919 17 83 34 327 475 136 113 130 82 22 61 29 924 20 15 130 123 84 469
226 917 78 43 20 315 927 66 189 313 198 26 49 62 940 163 88 309 52 930 5 56 38 87 326 951 61 38 45 23 54 298 449 980 300 291 35 84 198 116 149 199 94 133 136 38 310 69 198 480 101 237 23 486 100 190 24 69 327 88 305 101 61 231 47 458 77 62 471 240 76 80 10 952 451 22 235 324 62 156
295 98 18 310 83 91 91 118 137 100 224 39 904 54 9 195 60 173 103 233 42 40 81 454 21 303 186 21 27 29 52 25 299 83 42 159 315 98 124 88 188 91 37 985 949 101 121 227 99 49 481 108 91 234 131 43 101 42 120 33 927 73 301 65 84 39 80 57 183 51 986 899 198 478 193 58 33 307 47 475
969 193 443 322 11 306 892 72 895 87 319 228 87 104 99 989 49 301 86 39 49 120 316 457 177 941 45 230 55 100 78 110 477 480 300 949 48 127 56 153 944 114 21 132 67 482 462 181 241 925 80 218 154 228 184 491 94 113 449 984 41 30 48 175 476 45 131 183 465 197 476 42 303 458 985 73 68 225 55 50
28 477 238 84 239 448 120 313 232 225 64 306 119 27 297 308 240 159 21 30 914 53 41 86 156 245 465 303 985 118 483 157 79 40 37 242 59 61 143 71 923 132 44 11 150 63 217 40 306 189 324 18 901 32 60 176 37 243 50 298 118 90 98 109 96 29 242 65 186 24 66 132 151 69 234 95 309 45 452 53
94 86 104 14 73 158 928 88 42 946 178 58 43 37 9 927 995 144 317 225 87 322 130 75 188 40 64 905 22 302 79 126 143 92 20 243 65 160 44 34 62 77 82 958 490 15 483 25 93 27 29 325 124 312 122 307 18 118 178 159 51 129 192 125 57 452 482 897 964 130 62 86 324 44 290 45 72 447 235 318
21 116 124 53 23 154 150 906 137 157 461 87 972 222 149 978 28 240 179 108 39 118 454 476 292 54 159 310 35 34 94 88 32 78 123 960 225 186 148 925 243 942 74 113 314 449 53 93 153 28 57 52 124 958 897 51 72 49 307 996 184 241 52 968 74 483 123 311 24 317 152 47 904 920 318 943 979 91 950 152
42 983 976 21 146 45 187 46 39 482 291 939 30 49 320 487 134 161 105 241 149 79 894 325 79 108 39 49 138 19 185 93 319 229 99 962 220 315 132 185 456 898 47 21 104 239 454 107 71 311 229 296 89 104 112 41 26 180 243 71 120 44 43 181 156 109 117 30 496 26 128 96 306 190 918 106 129 315 305 21
949 63 236 29 153 119 44 181 224 158 48 298 115 228 947 64 59 241 68 110 38 495 322 103 62 186 118 234 907 311 18 32 155 96 82 323 461 225 55 478 32 304 103 16 42 48 224 61 70 137 99 90 39 130 297 312 60 38 55 49 56 97 83 50 66 23 320 26 34 310 119 57 127 52 314 109 234 223 63 228
41 44 70 42 104 39 18 348 68 66 363 39 254 90 33 995 59 198 357 60 173 104 108 521 53 214 1005 50 347 47 353 508 213 76 102 63 145 86 341 125 110 535 58 532 69 45 1074 21 138 122 264 1025 29 73 173 63 128 43 504 523 129 494 135 81 207 25 197 58 535 267 259 252 44 539 18 111 206 70 26 39
1036 199 495 1043 539 24 542 118 6 206 151 205 53 29 1003 124 171 248 1000 501 45 1040 203 80 129 253 67 356 44 259 213 99 120 56 501 50 148 166 50 254 50 78 138 178 46 1071 78 22 1001 61 245 48 251 22 525 535 34 136 62 78 1057 19 87 37 337 515 147 130 146 83 23 61 35 1090 23 16 143 135 98 542
245 1019 82 49 21 344 1048 75 204 339 216 30 51 70 1093 165 103 344 60 1058 6 61 43 97 347 1067 63 47 50 25 57 358 493 1096 355 328 36 92 200 117 166 208 109 138 139 46 350 73 204 515 107 271 23 526 106 206 27 79 355 98 328 112 65 263 49 501 84 64 511 259 84 95 12 1061 506 23 269 341 67 169
348 106 20 351 96 93 99 129 150 114 264 45 1012 60 10 210 64 197 105 246 46 46 82 512 23 351 194 23 30 34 57 26 331 91 49 176 337 106 137 98 213 103 37 998 1081 109 139 267 111 53 523 119 101 254 149 47 106 47 134 36 1052 81 356 72 95 41 85 63 212 59 1000 1044 198 526 211 65 33 350 47 498
1015 214 498 348 13 349 1045 78 1017 100 363 244 96 110 107 1062 56 342 98 46 60 124 337 527 203 1050 48 257 61 107 94 122 523 525 334 1089 52 148 64 163 1054 122 22 141 79 494 496 203 255 1009 84 252 170 250 206 517 106 125 537 995 46 34 52 199 535 50 141 196 534 198 496 49 340 532 1047 89 74 254 61 58
32 500 241 90 261 518 144 350 268 264 72 352 130 28 336 353 254 163 23 35 1011 58 44 100 170 249 532 346 994 128 529 170 92 44 40 255 66 62 165 74 1037 139 49 13 156 66 261 41 330 200 337 20 1036 34 63 204 39 260 54 353 126 102 110 127 110 29 260 72 195 26 75 132 175 81 250 101 342 55 512 63
103 95 116 15 82 176 1073 106 48 1051 212 63 46 41 9 1073 1068 160 336 262 98 344 139 78 192 48 71 1046 25 337 80 141 162 101 23 243 79 164 47 40 65 93 89 1068 503 16 499 30 97 31 33 364 142 339 131 332 19 133 201 167 54 145 200 137 67 542 494 1069 1078 146 74 96 359 46 330 49 78 509 251 343
24 128 136 61 25 159 170 1087 153 169 542 95 1057 256 163 1081 33 250 212 122 42 127 513 510 335 65 170 347 36 38 103 105 34 85 134 999 261 202 167 1024 262 1029 89 123 328 528 59 97 174 33 66 54 146 1008 1019 62 82 49 335 1043 196 258 56 1007 77 546 132 324 27 327 177 50 1089 1077 357 1097 1022 103 1012 163
49 1001 1071 21 164 49 213 51 45 527 340 1038 36 56 327 529 149 181 120 256 163 89 996 356 90 112 44 53 147 19 207 101 332 266 111 1083 249 341 144 210 536 1026 53 22 113 249 509 116 76 336 262 327 101 111 131 47 29 199 265 81 122 49 48 214 166 118 122 33 530 28 147 103 355 212 1084 128 136 337 347 25
1052 70 244 33 175 140 49 202 250 161 54 349 128 264 1004 69 66 256 72 124 47 519 335 108 70 202 135 244 1057 346 22 36 167 99 92 352 513 254 64 507 38 352 106 16 46 52 251 68 78 146 110 92 46 146 343 330 68 38 60 52 61 104 89 51 77 24 349 27 36 340 121 60 138 56 341 122 265 253 69 260
24 19 13 25 10 26 45 3 14 13 3 25 4 11 24 1 15 5 3 17 6 9 9 2 19 5 1 18 3 19 3 2 5 13 10 15 7 12 3 8 9 2 16 2 13 20 1 33 7 8 4 1 28 13 6 14 8 19 2 2 8 2 7 12 5 31 5 16 2 4 4 4 19 2 38 9 5 14 29 22
1 5 2 1 2 31 2 8 63 5 7 5 17 33 1 8 6 4 1 2 22 1 5 13 8 4 14 3 20 4 5 10 8 18 2 18 7 6 19 4 20 13 7 6 18 1 13 33 1 16 4 17 4 34 2 2 24 7 15 13 1 46 11 25 3 2 7 8 7 12 41 16 30 1 42 52 7 7 10 2
4 1 12 20 42 3 1 12 5 3 5 26 17 14 1 6 10 3 16 1 59 15 23 10 3 1 15 19 20 38 15 3 2 1 3 3 24 10 5 8 6 5 9 7 7 23 3 14 5 2 9 4 39 2 9 5 37 12 3 10 3 9 15 4 18 2 11 14 2 4 12 11 63 1 2 32 4 3 14 6
3 9 40 3 10 10 10 8 7 9 4 19 1 17 54 5 14 5 9 4 21 19 12 2 40 3 5 30 25 28 16 29 3 11 19 6 3 10 7 10 5 9 23 1 1 9 7 4 9 18 2 8 10 4 7 19 9 18 7 26 1 12 3 13 10 22 11 15 5 18 1 1 5 2 5 15 25 3 21 2
1 5 2 3 43 3 1 12 1 10 3 4 10 9 9 1 16 3 10 20 17 8 3 2 5 1 17 4 16 9 11 8 2 2 3 1 17 7 16 6 1 8 40 7 13 2 2 5 4 1 11 4 6 4 5 2 9 8 2 1 21 28 18 5 2 19 7 5 2 5 2 19 3 2 1 12 13 4 16 15
30 2 4 11 4 2 7 3 4 4 13 3 8 28 3 3 4 6 31 24 1 16 22 10 6 4 2 3 1 8 2 6 11 21 22 4 16 15 6 12 1 7 18 50 6 13 4 20 3 5 3 38 1 25 15 5 24 4 18 3 8 10 9 8 9 26 4 14 5 37 13 7 6 12 4 9 3 17 2 15
10 11 9 48 12 6 1 10 19 1 5 16 19 21 60 1 1 6 3 4 10 3 7 12 5 21 14 1 34 3 12 7 6 10 34 4 13 6 19 21 14 11 11 1 2 48 2 29 10 31 24 3 7 3 8 3 40 7 5 6 16 7 5 7 15 2 2 1 1 7 13 10 3 21 3 20 13 2 4 3
30 8 7 15 35 6 6 1 7 6 2 10 1 4 6 1 28 4 5 8 21 8 2 2 3 15 6 3 24 22 10 10 30 11 8 1 4 5 6 1 4 1 11 8 3 2 17 10 6 25 14 16 7 1 1 16 12 20 3 1 5 4 16 1 12 2 8 3 28 3 6 19 1 1 3 1 1 10 1 6
21 1 1 36 6 19 5 17 20 2 3 1 29 16 3 2 7 6 8 4 6 11 1 3 11 9 23 18 7 36 5 10 3 4 9 1 4 3 7 5 2 1 18 35 9 4 2 9 13 3 4 3 10 9 8 21 35 5 4 12 8 20 18 5 6 8 8 26 2 30 7 10 3 5 1 8 7 3 3 37
1 14 4 26 6 7 21 5 4 6 18 3 8 4 1 13 15 4 13 8 22 2 3 9 14 5 8 4 1 3 46 24 6 10 11 3 2 4 15 2 25 3 9 43 22 17 4 13 12 7 9 10 22 7 3 3 14 23 15 19 16 9 11 17 13 32 3 30 26 3 8 16 7 18 3 8 4 4 13 4
73 78 73 74 52 69 74 55 64 72
