10
80
372 87 94 79 452 48 85 28 67 298 60 195 869 108 41 454 119 174 923 26 31 172 219 19 53 160 81 91 183 112 65 41 970 193 224 167 278 160 119 461 86 117 160 100 17 150 195 30 306 109 188 140 100 472 52 174 153 42 302 923 24 52 38 176 198 79 73 95 114 161 120 785 217 106 82 51 190 102 23 117
14 74 160 35 52 92 48 466 64 151 141 832 440 765 255 41 287 276 135 779 250 34 459 79 31 60 465 70 109 66 414 228 48 238 76 982 88 234 42 59 463 49 324 470 235 74 41 284 290 39 447 57 81 91 322 28 276 34 158 107 760 32 4 54 104 118 72 65 75 54 200 83 199 39 107 23 249 77 970 188
32 57 35 275 26 135 42 42 105 972 148 417 69 23 130 134 97 23 248 72 295 52 171 401 46 31 101 42 80 477 221 250 461 41 94 187 896 750 44 193 12 39 28 53 211 36 937 78 907 115 228 134 435 96 76 41 43 39 101 490 70 324 381 80 40 434 46 76 66 291 46 945 229 221 105 44 976 197 791 106
45 106 27 65 196 70 108 43 238 30 159 182 183 944 68 202 251 240 84 66 37 174 971 40 488 23 238 79 209 885 203 102 110 27 65 960 22 431 428 306 88 48 127 92 227 272 108 32 77 162 403 791 40 314 137 140 196 67 385 290 134 90 119 87 389 26 56 33 287 95 204 138 439 92 845 398 791 20 209 325
110 38 41 944 41 460 78 200 412 51 117 845 290 42 18 854 62 218 822 77 96 29 122 228 42 46 31 815 251 38 850 72 42 76 432 483 91 77 24 387 58 472 88 766 107 27 77 52 42 979 144 88 67 137 44 841 174 80 73 101 16 45 69 42 172 259 30 63 43 35 136 151 87 28 104 190 148 75 265 51
73 26 18 791 70 259 323 114 33 157 93 85 175 221 67 986 320 267 29 49 124 135 57 110 129 54 79 17 950 275 870 933 270 35 39 211 403 278 390 64 100 8 89 927 61 369 259 30 62 833 123 44 89 199 302 53 831 40 311 68 31 448 319 161 220 191 77 158 77 172 36 204 27 61 232 28 61 49 237 80
155 234 82 51 81 30 16 106 126 68 138 113 57 97 103 93 29 280 29 103 121 62 196 476 102 122 964 14 38 35 159 199 27 848 954 64 380 846 40 915 31 884 51 469 803 61 256 169 229 34 87 61 191 47 9 952 154 462 38 917 483 81 29 164 982 32 219 60 84 983 426 116 43 77 57 158 467 61 99 186
980 773 103 22 45 50 225 101 259 81 244 57 75 100 72 28 19 39 154 56 915 107 927 898 39 257 294 33 796 39 203 275 46 17 948 859 490 32 273 264 150 25 52 52 68 37 150 31 44 212 813 118 94 38 126 61 70 10 22 300 251 35 29 90 223 183 128 30 194 268 187 61 246 90 117 74 67 966 138 122
912 436 25 788 126 75 53 129 310 49 154 15 465 867 84 66 108 996 127 202 52 26 14 183 243 165 829 895 215 32 65 118 151 80 371 40 5 59 317 221 44 77 77 74 92 38 189 446 41 43 58 21 792 30 202 72 198 33 22 305 168 23 777 46 145 111 115 35 26 67 68 21 63 204 160 72 200 59 91 302
95 84 300 113 55 227 18 45 169 52 195 73 26 18 55 178 282 820 81 107 416 101 55 143 118 63 450 227 38 38 124 217 269 71 989 77 20 59 186 258 131 124 23 59 261 460 979 37 923 57 81 112 90 107 76 264 43 231 437 29 431 149 390 130 71 34 82 47 56 193 66 876 38 150 169 85 90 271 86 27
554 108 130 85 605 80 109 38 72 330 71 246 1179 165 58 599 151 198 1188 39 47 211 307 26 70 207 102 117 207 161 83 62 1059 299 281 197 414 230 133 604 128 165 165 119 23 169 223 37 411 124 242 160 121 585 56 241 213 62 376 1077 28 67 41 196 259 84 86 114 124 198 195 1056 257 126 103 66 234 105 28 165
17 113 214 44 77 125 56 574 91 161 190 1103 569 1010 334 56 388 329 194 1107 370 46 491 118 43 67 503 107 132 81 601 289 76 285 113 1126 102 279 64 86 503 57 395 508 249 100 50 401 341 49 531 67 109 107 398 33 351 48 199 132 1188 43 7 65 133 147 79 84 104 67 255 127 269 53 163 29 331 115 1226 198
47 65 45 370 28 164 44 60 155 1227 193 612 91 26 155 175 130 33 368 95 404 64 207 550 53 44 122 60 87 610 304 367 554 51 111 286 1003 1246 55 268 17 50 34 65 253 52 1111 128 1134 144 272 175 579 132 101 66 61 51 136 504 98 411 576 96 53 568 62 99 82 406 52 1039 258 263 148 60 1020 280 1028 133
60 133 33 79 248 107 161 68 296 42 205 257 232 1103 102 297 358 257 109 92 43 231 1030 48 517 27 296 108 261 1019 289 137 118 31 86 1015 32 556 600 362 120 64 137 118 292 351 143 36 107 211 546 1089 56 358 168 184 209 88 612 375 148 112 148 121 513 31 88 44 393 122 299 185 590 122 1038 597 1118 23 266 357
152 51 60 1184 51 614 100 275 596 63 140 1007 373 55 21 1054 71 282 1141 112 137 42 151 258 67 54 39 1097 325 57 1195 85 56 106 497 515 118 100 26 568 75 587 103 999 147 29 90 58 68 1240 166 117 85 142 59 1162 240 88 76 122 19 61 95 60 234 413 31 76 50 41 194 213 102 40 143 225 171 79 340 72
89 35 25 1159 104 332 387 139 46 204 116 120 201 279 83 1240 411 383 35 62 159 151 75 142 192 70 122 26 1146 364 1039 1038 348 39 53 300 507 341 599 99 126 8 105 1136 67 607 383 42 68 1203 183 54 105 258 361 81 1065 51 405 89 35 530 331 211 261 236 89 174 110 230 58 283 39 80 297 41 92 68 272 113
168 250 120 62 96 49 24 140 157 105 158 124 83 128 157 110 47 395 31 122 124 67 257 604 119 167 998 20 49 52 174 266 39 1219 1163 72 602 1115 64 1085 35 1239 63 577 1156 72 360 216 298 49 112 65 256 50 15 1039 235 617 55 1025 552 110 47 175 1094 40 300 64 115 1219 566 141 51 85 65 239 577 67 142 209
1078 1070 136 28 52 74 284 129 366 84 299 71 90 152 98 38 25 62 222 85 1214 129 1090 1241 48 391 348 42 1006 51 302 375 65 25 1132 1001 564 47 400 361 208 27 58 69 85 58 202 31 52 269 1011 128 115 41 165 79 105 15 27 395 364 47 38 127 275 247 176 37 202 339 275 93 363 123 139 97 98 1042 201 162
1044 518 30 1193 191 96 78 165 383 66 162 24 552 1121 106 90 110 1120 171 266 59 31 18 227 259 240 1114 1049 248 38 84 144 212 122 552 51 6 67 402 287 55 93 99 99 123 43 243 562 45 55 85 30 1061 44 272 114 237 44 24 410 198 30 1169 61 191 128 169 44 34 83 93 32 79 259 213 99 248 91 108 404
110 132 340 134 67 268 22 54 198 71 290 79 33 26 58 238 385 1063 111 110 500 141 72 223 141 76 594 284 51 46 126 291 375 90 1150 95 23 78 214 342 189 193 34 72 361 497 1147 60 1119 75 93 131 144 153 91 403 52 279 531 47 610 238 499 161 78 43 90 76 81 283 87 1158 49 185 203 100 117 411 110 40
2 11 8 11 2 14 9 23 13 3 14 5 1 7 16 2 8 5 1 25 22 5 4 36 15 5 10 9 5 7 13 16 1 4 4 5 3 5 8 2 8 7 6 9 39 6 5 29 3 8 4 7 8 2 17 5 5 16 3 1 30 18 25 5 4 12 11 9 8 5 6 1 4 8 11 17 5 9 35 7
41 10 5 22 13 8 15 2 12 6 6 1 2 1 3 20 3 3 6 1 3 23 2 10 23 14 2 10 8 12 2 4 15 4 9 1 10 4 17 13 2 17 3 2 4 11 23 3 3 20 2 13 9 9 3 23 3 21 5 9 1 24 60 16 8 8 12 13 10 16 4 9 4 19 7 27 3 9 1 5
25 17 22 3 34 7 19 19 7 1 5 2 12 30 7 6 8 32 3 11 3 17 5 2 19 24 8 16 11 2 4 3 2 18 9 4 1 1 19 4 43 19 27 16 4 23 1 9 1 7 4 6 2 8 10 17 17 19 9 2 10 3 2 10 18 2 14 10 13 3 18 1 4 4 8 17 1 4 1 8
18 8 29 14 5 10 7 15 4 22 6 4 5 1 11 4 3 4 10 12 23 5 1 20 2 37 4 9 4 1 4 7 8 29 11 1 30 2 2 3 9 14 7 9 4 3 8 29 9 5 2 1 17 3 6 6 5 12 2 3 7 10 8 10 2 31 13 22 3 8 4 6 2 8 1 2 1 40 4 3
8 18 19 1 21 2 10 4 2 18 7 1 3 17 45 1 15 4 1 10 9 21 7 4 17 18 24 1 3 19 1 11 18 11 2 2 10 10 28 2 14 2 10 1 8 27 11 15 16 1 6 9 14 7 17 1 5 11 12 9 41 16 11 17 5 3 26 12 18 22 6 5 10 27 7 5 6 12 3 16
13 29 38 1 10 3 3 8 19 6 10 9 5 4 11 1 3 3 24 18 7 7 12 7 6 16 9 32 1 3 1 1 3 21 19 4 2 3 2 11 9 57 10 1 15 2 3 23 15 1 6 17 10 4 3 13 1 18 3 13 28 2 3 5 4 5 12 6 11 5 19 4 26 14 4 26 12 15 4 9
6 4 9 15 12 23 41 8 6 10 7 8 12 8 7 9 21 3 25 9 8 14 4 2 9 6 1 42 19 19 6 4 25 1 1 14 2 1 17 1 25 1 19 2 1 14 3 5 4 21 10 15 4 20 45 1 5 2 17 1 2 9 23 6 1 23 4 14 10 1 2 8 18 11 15 5 2 14 8 5
1 1 8 33 21 15 4 8 3 11 4 14 11 8 11 24 35 18 5 13 1 9 1 1 17 3 3 21 1 20 4 3 16 38 1 1 2 25 3 3 5 31 17 15 12 20 5 27 18 4 1 8 10 25 6 13 10 46 43 3 3 21 26 8 4 4 7 25 5 3 4 12 3 8 7 12 12 1 6 7
1 2 31 1 6 10 14 7 3 14 6 37 2 1 11 12 9 1 7 4 16 30 51 5 4 5 1 1 4 25 13 7 5 10 2 22 59 13 3 4 19 11 10 10 8 24 5 2 21 19 12 36 1 25 4 10 5 20 35 3 5 33 1 18 6 8 7 20 32 13 12 32 14 4 5 10 5 12 9 3
9 9 3 8 16 4 35 17 5 15 4 12 27 31 16 5 3 1 9 9 2 8 15 5 8 12 2 4 18 18 8 4 3 11 1 11 45 14 5 3 6 6 31 14 3 2 1 17 1 14 10 8 8 7 12 3 19 4 2 25 2 5 2 7 12 22 11 15 14 4 12 1 20 6 5 11 9 3 9 24
62 64 66 58 71 65 66 73 79 65
