10
80
464 78 117 81 467 64 96 35 68 299 55 193 986 133 52 464 123 192 933 33 38 191 230 22 52 184 91 100 192 122 68 54 962 231 232 189 319 185 116 466 110 129 154 100 19 149 185 32 325 111 232 132 112 464 48 185 182 52 320 974 22 52 39 174 228 79 75 102 122 191 147 932 239 114 85 50 183 98 22 131
12 92 191 40 66 106 53 481 69 155 145 991 464 930 322 46 313 325 151 959 292 34 474 97 40 56 479 82 122 75 478 241 62 240 91 960 90 236 52 74 493 52 311 443 240 78 38 324 329 45 444 66 94 97 306 31 303 38 186 110 993 36 6 53 105 114 69 63 87 56 243 105 242 41 133 27 312 97 932 185
35 54 35 324 25 134 38 47 128 944 177 472 76 24 138 159 110 30 319 80 301 56 193 490 49 33 118 54 77 467 229 304 460 41 96 225 986 998 48 241 13 42 30 58 238 42 911 96 956 126 217 149 456 107 91 52 47 45 108 478 83 325 463 90 45 443 61 89 74 313 48 920 228 237 111 50 978 235 921 117
46 120 26 67 190 91 130 53 245 32 148 219 185 902 78 229 327 230 95 76 40 184 977 39 495 24 239 93 227 982 236 132 108 27 76 909 23 474 491 296 109 60 121 103 229 315 118 34 98 187 489 961 47 326 154 163 194 67 461 292 125 92 121 94 472 25 69 35 325 104 240 151 479 113 988 446 959 19 221 326
119 42 45 984 39 453 89 239 445 51 123 909 307 50 16 921 58 225 974 86 105 35 129 235 50 46 29 969 300 44 968 79 42 85 483 465 94 91 23 485 62 459 94 961 121 25 81 53 55 925 158 96 61 130 49 906 194 79 69 99 16 49 79 47 194 321 30 76 44 31 145 190 86 30 133 183 157 71 321 54
70 30 22 902 94 298 319 105 40 157 95 96 186 225 82 991 301 312 28 47 138 134 70 136 151 51 92 21 923 307 988 936 305 36 50 221 452 324 466 80 99 7 84 974 59 450 307 35 59 904 143 43 89 238 311 68 956 42 299 72 29 472 322 188 236 177 76 146 87 178 43 237 32 62 226 33 77 51 245 92
153 236 90 58 79 39 20 111 151 82 131 115 70 105 121 94 35 320 27 100 116 59 221 463 97 146 982 18 41 45 150 237 33 952 968 70 474 933 51 920 29 948 45 474 980 65 323 185 244 43 88 58 228 48 10 940 178 472 49 986 469 91 34 158 956 35 227 58 85 911 454 113 44 79 61 176 448 62 108 184
924 900 105 21 42 61 242 112 320 80 234 58 81 114 81 31 20 50 190 73 976 101 955 905 45 305 330 38 934 38 224 315 48 20 922 912 480 39 290 329 191 24 54 60 71 47 181 30 43 232 901 110 92 37 153 70 85 13 20 323 301 38 33 116 226 241 136 29 187 302 223 75 300 108 128 72 79 958 150 133
980 465 25 924 157 88 58 133 308 57 142 19 445 917 80 74 107 913 128 228 56 27 15 194 232 187 973 994 218 32 66 125 183 91 486 38 6 64 314 225 46 86 87 87 109 37 196 451 42 43 70 26 990 37 217 88 183 40 22 308 187 27 925 46 149 106 134 41 29 68 68 28 65 220 189 89 180 73 106 297
94 99 323 118 59 225 19 43 188 55 221 72 25 24 56 189 302 899 95 104 493 115 56 178 121 70 458 244 46 45 116 243 315 80 980 80 18 60 171 316 146 160 29 57 301 468 907 49 921 62 89 111 119 120 80 315 46 222 493 34 492 171 452 121 74 37 80 59 64 226 72 951 41 147 192 85 96 331 95 35
496 93 125 89 514 71 108 36 75 333 66 202 1038 144 53 521 124 213 1027 37 39 200 246 23 61 200 102 109 200 144 81 55 1085 258 262 208 365 207 124 541 122 137 163 109 21 166 213 33 337 129 253 155 121 541 55 197 198 62 348 1030 24 57 40 204 271 81 87 114 132 214 160 1078 258 135 97 56 208 113 24 148
15 102 207 46 73 125 59 538 84 164 162 1083 496 1053 356 52 326 332 168 1029 348 38 508 103 42 65 525 90 129 84 512 265 70 250 104 1014 105 260 57 79 528 57 332 517 268 87 46 357 364 45 521 70 109 106 349 33 334 40 200 119 1048 39 6 56 124 128 81 77 101 61 266 109 261 46 137 27 356 106 997 208
40 57 40 357 29 154 42 52 151 1031 194 525 81 25 152 173 125 33 351 85 342 60 198 521 50 38 119 58 82 523 257 346 499 45 110 253 1025 1044 53 244 16 47 31 66 266 45 1073 114 1078 147 256 165 528 125 98 55 54 51 119 530 94 361 494 95 50 516 66 104 81 333 52 1074 250 251 130 54 1077 245 1017 128
49 131 31 69 204 94 155 60 251 39 178 250 200 1008 85 259 344 265 103 83 43 204 1081 43 519 24 259 107 248 1012 256 138 116 28 83 1022 26 512 509 324 116 63 137 109 258 355 120 34 110 196 513 999 55 359 163 164 199 74 499 326 150 96 132 101 515 28 82 38 338 119 251 158 536 127 1083 536 1019 22 257 363
133 50 55 1077 42 521 102 267 524 56 148 1042 345 57 19 1055 65 255 1044 94 120 38 139 260 59 55 35 1020 351 49 1052 86 48 88 524 503 104 99 25 518 67 515 101 1032 123 30 86 59 56 1026 167 114 68 149 53 1083 208 88 77 105 18 57 86 53 210 332 32 76 48 38 161 203 97 33 135 195 179 76 358 62
80 36 27 1054 95 355 343 124 47 168 100 110 201 270 87 998 345 354 34 55 152 147 76 154 166 58 104 24 1019 346 1042 999 351 42 50 262 535 326 542 84 102 8 93 1019 71 513 332 38 63 1070 158 51 102 269 337 74 1047 50 352 77 33 515 357 210 251 212 83 164 93 198 48 254 35 69 253 35 86 58 267 107
172 257 104 63 88 45 21 127 156 95 149 135 80 128 147 114 39 351 32 109 125 71 259 520 111 161 1012 18 46 49 174 263 36 1023 1025 77 540 1017 53 1022 33 1023 52 530 1032 70 353 206 266 46 100 61 256 49 13 1020 198 540 52 1005 534 106 38 179 1040 39 258 67 104 1058 496 117 48 86 67 195 499 66 125 200
1044 1005 122 25 46 66 249 124 328 90 267 63 87 126 90 33 23 55 202 80 1073 111 1026 1061 52 332 343 41 1056 44 263 339 55 22 1064 1078 499 39 323 350 209 27 58 69 79 49 215 32 50 256 1031 122 105 40 161 77 97 14 22 351 355 43 35 121 266 262 155 33 205 346 260 83 349 121 134 89 87 1062 166 137
1015 516 29 1058 167 98 69 143 352 64 164 21 533 998 87 85 111 1028 144 260 59 28 17 199 270 202 1061 1042 246 36 74 141 200 100 528 46 6 72 360 265 51 93 96 98 124 43 201 535 48 44 76 29 1063 38 256 95 213 42 25 351 210 28 1029 50 176 124 151 43 29 79 82 30 74 252 212 99 218 85 110 362
108 113 351 119 66 260 23 51 213 68 268 74 28 25 59 202 335 1040 111 113 495 125 61 209 134 81 527 250 49 45 133 261 361 86 1008 85 21 70 206 328 163 174 32 64 335 495 1048 50 1076 69 95 121 126 140 84 350 51 250 543 41 494 195 528 147 79 40 92 67 70 260 83 1007 45 160 203 94 104 354 108 37
2 11 8 11 2 14 9 23 13 3 14 5 1 7 16 2 8 5 1 25 22 5 4 36 15 5 10 9 5 7 13 16 1 4 4 5 3 5 8 2 8 7 6 9 39 6 5 29 3 8 4 7 8 2 17 5 5 16 3 1 30 18 25 5 4 12 11 9 8 5 6 1 4 8 11 17 5 9 35 7
41 10 5 22 13 8 15 2 12 6 6 1 2 1 3 20 3 3 6 1 3 23 2 10 23 14 2 10 8 12 2 4 15 4 9 1 10 4 17 13 2 17 3 2 4 11 23 3 3 20 2 13 9 9 3 23 3 21 5 9 1 24 60 16 8 8 12 13 10 16 4 9 4 19 7 27 3 9 1 5
25 17 22 3 34 7 19 19 7 1 5 2 12 30 7 6 8 32 3 11 3 17 5 2 19 24 8 16 11 2 4 3 2 18 9 4 1 1 19 4 43 19 27 16 4 23 1 9 1 7 4 6 2 8 10 17 17 19 9 2 10 3 2 10 18 2 14 10 13 3 18 1 4 4 8 17 1 4 1 8
18 8 29 14 5 10 7 15 4 22 6 4 5 1 11 4 3 4 10 12 23 5 1 20 2 37 4 9 4 1 4 7 8 29 11 1 30 2 2 3 9 14 7 9 4 3 8 29 9 5 2 1 17 3 6 6 5 12 2 3 7 10 8 10 2 31 13 22 3 8 4 6 2 8 1 2 1 40 4 3
8 18 19 1 21 2 10 4 2 18 7 1 3 17 45 1 15 4 1 10 9 21 7 4 17 18 24 1 3 19 1 11 18 11 2 2 10 10 28 2 14 2 10 1 8 27 11 15 16 1 6 9 14 7 17 1 5 11 12 9 41 16 11 17 5 3 26 12 18 22 6 5 10 27 7 5 6 12 3 16
13 29 38 1 10 3 3 8 19 6 10 9 5 4 11 1 3 3 24 18 7 7 12 7 6 16 9 32 1 3 1 1 3 21 19 4 2 3 2 11 9 57 10 1 15 2 3 23 15 1 6 17 10 4 3 13 1 18 3 13 28 2 3 5 4 5 12 6 11 5 19 4 26 14 4 26 12 15 4 9
6 4 9 15 12 23 41 8 6 10 7 8 12 8 7 9 21 3 25 9 8 14 4 2 9 6 1 42 19 19 6 4 25 1 1 14 2 1 17 1 25 1 19 2 1 14 3 5 4 21 10 15 4 20 45 1 5 2 17 1 2 9 23 6 1 23 4 14 10 1 2 8 18 11 15 5 2 14 8 5
1 1 8 33 21 15 4 8 3 11 4 14 11 8 11 24 35 18 5 13 1 9 1 1 17 3 3 21 1 20 4 3 16 38 1 1 2 25 3 3 5 31 17 15 12 20 5 27 18 4 1 8 10 25 6 13 10 46 43 3 3 21 26 8 4 4 7 25 5 3 4 12 3 8 7 12 12 1 6 7
1 2 31 1 6 10 14 7 3 14 6 37 2 1 11 12 9 1 7 4 16 30 51 5 4 5 1 1 4 25 13 7 5 10 2 22 59 13 3 4 19 11 10 10 8 24 5 2 21 19 12 36 1 25 4 10 5 20 35 3 5 33 1 18 6 8 7 20 32 13 12 32 14 4 5 10 5 12 9 3
9 9 3 8 16 4 35 17 5 15 4 12 27 31 16 5 3 1 9 9 2 8 15 5 8 12 2 4 18 18 8 4 3 11 1 11 45 14 5 3 6 6 31 14 3 2 1 17 1 14 10 8 8 7 12 3 19 4 2 25 2 5 2 7 12 22 11 15 14 4 12 1 20 6 5 11 9 3 9 24
62 64 66 58 71 65 66 73 79 65
