10
40
195 133 35 53 26 64 67 10 867 128 21 84 30 148 835 40 132 960 67 15 318 143 956 28 158 294 174 173 49 17 16 55 21 50 107 505 60 31 318 301
64 32 27 148 58 18 140 50 62 53 23 153 774 96 62 474 61 274 166 22 199 156 279 102 51 58 171 263 149 101 167 44 81 69 57 22 133 89 119 74
145 36 92 18 549 88 49 47 78 72 200 60 880 68 83 12 53 570 284 54 497 323 895 29 137 155 332 422 58 112 46 84 124 90 42 276 24 61 158 117
61 408 181 65 27 32 52 41 101 979 133 113 24 61 31 20 91 230 64 71 70 599 66 142 244 50 83 104 51 314 163 846 22 445 982 489 506 688 120 72
46 316 77 89 14 65 49 30 31 149 85 39 151 119 69 20 100 28 81 36 195 72 95 733 188 257 367 93 14 26 52 252 73 89 148 38 219 105 686 129
470 987 147 85 23 46 51 154 229 27 34 78 199 207 17 102 51 109 29 341 210 60 27 232 132 42 146 82 233 71 287 6 133 104 43 188 73 217 299 600
62 70 77 34 29 820 59 81 45 54 29 19 68 19 889 102 275 125 261 246 60 36 66 160 274 250 359 826 334 24 51 42 25 36 109 181 29 97 95 144
213 42 52 841 683 87 244 16 45 167 124 562 37 348 15 779 57 36 313 20 17 194 117 36 62 84 96 838 585 246 126 81 281 16 595 117 80 11 37 86
216 35 24 168 933 869 96 153 29 41 51 39 341 780 118 54 85 37 32 106 92 44 557 145 20 190 159 244 40 376 909 180 30 67 493 166 160 106 552 84
193 223 61 52 388 90 47 80 61 61 113 156 80 60 99 132 17 175 112 313 486 106 32 21 127 12 28 635 283 15 735 328 575 44 195 102 97 107 227 41
358 334 51 105 50 119 170 23 1297 175 47 190 76 242 1181 59 177 1430 86 19 366 165 1115 39 229 378 208 410 80 37 37 114 49 122 158 1430 75 81 505 600
107 63 60 208 88 51 214 78 173 111 63 232 1184 129 130 533 141 424 251 29 314 224 622 161 117 123 366 332 366 155 236 62 133 93 104 55 211 150 154 178
180 56 227 41 1213 146 55 66 93 136 297 102 1223 123 104 32 136 1163 709 73 1321 572 1228 73 166 190 558 521 107 181 66 111 181 243 114 716 25 123 269 268
89 520 424 139 50 64 93 92 182 1226 228 227 27 82 59 42 141 436 104 94 181 1310 147 227 473 77 150 112 88 391 184 1251 55 602 1200 693 1361 1249 221 145
92 426 177 139 27 145 84 57 60 175 196 76 235 226 108 33 179 63 209 48 268 134 192 1227 272 374 574 125 19 40 103 469 181 160 227 81 301 150 1114 288
684 1394 266 144 50 67 84 198 437 66 50 150 286 336 23 125 88 158 65 545 470 82 66 258 272 108 191 176 272 86 576 19 203 218 82 369 169 483 645 1228
114 158 116 40 46 1341 112 86 70 90 64 36 117 39 1269 240 742 164 674 347 120 47 169 236 412 482 591 1485 726 62 74 69 57 60 200 257 43 191 201 216
440 96 81 1370 1272 161 416 35 102 399 200 1350 74 724 39 1356 67 68 361 54 30 201 204 92 109 98 169 1463 1476 334 192 131 409 33 1100 158 100 22 74 187
383 58 33 250 1037 1462 233 366 71 62 96 69 621 1277 151 110 102 76 42 204 152 63 1050 214 29 253 196 297 52 521 1235 295 50 156 550 291 238 172 1425 137
360 254 112 76 504 232 55 166 118 69 176 215 181 86 226 188 43 427 175 464 603 240 43 46 319 34 40 1252 428 35 1357 746 1260 55 220 109 157 139 354 52
4 4 19 9 21 10 8 46 1 6 27 6 15 5 1 21 6 1 13 51 3 6 1 28 6 3 5 3 12 34 27 10 20 11 8 1 15 16 2 2
9 21 23 6 14 23 6 13 8 12 18 6 1 9 11 2 9 3 5 39 4 5 2 8 12 11 4 3 4 7 5 18 9 12 12 20 5 9 8 8
6 19 6 24 1 8 17 17 12 10 4 10 1 12 10 32 9 1 2 17 1 2 1 16 6 6 2 2 9 6 18 11 6 6 12 2 37 8 4 5
13 2 3 8 23 19 12 13 8 1 6 6 37 14 15 20 10 3 11 12 7 1 9 5 3 17 8 9 13 3 6 1 20 2 1 2 1 1 6 9
12 3 8 9 36 9 15 17 21 6 6 14 6 5 12 24 8 20 7 26 5 9 6 1 5 3 2 9 56 32 12 3 7 9 5 16 4 7 1 4
2 1 4 8 19 17 15 6 3 19 22 9 4 3 37 9 16 8 15 2 3 14 19 4 5 12 6 8 4 13 2 53 7 5 17 4 7 3 2 1
10 7 11 23 23 1 10 12 15 13 17 28 9 27 1 5 2 7 2 3 8 23 7 6 3 3 2 1 2 17 19 18 25 20 6 4 20 7 7 5
3 12 17 1 1 8 3 29 13 3 6 1 16 2 35 1 16 17 3 23 33 5 7 13 12 10 7 1 1 4 6 11 3 28 1 8 11 37 19 7
3 21 31 5 1 1 5 4 20 17 11 18 2 1 7 10 10 15 27 5 8 18 1 5 31 5 5 4 18 2 1 5 25 8 2 5 6 7 1 9
4 4 12 15 2 6 17 6 10 14 6 5 7 13 6 6 27 3 7 3 2 5 21 22 4 31 24 1 3 33 1 2 1 19 5 9 7 7 4 21
51 39 37 37 56 53 34 37 31 33
