10
80
74 69 120 44 233 64 42 223 845 31 13 298 91 80 335 116 17 61 564 288 28 312 96 130 54 42 961 59 288 80 85 731 80 268 155 148 164 22 85 296 53 34 619 46 102 260 44 99 298 35 181 148 261 104 212 293 76 516 25 60 34 92 287 144 325 61 161 19 87 79 14 311 630 14 26 55 67 36 757 181
26 123 157 505 216 122 65 681 85 203 107 19 60 79 47 106 188 237 51 48 69 41 74 508 77 248 133 99 186 21 69 268 82 75 113 49 49 150 67 599 31 204 47 47 284 58 55 77 84 356 74 320 130 213 161 729 68 57 23 480 442 318 127 117 42 668 146 95 61 157 208 446 272 76 65 411 466 453 25 61
302 466 159 141 39 165 31 34 32 254 53 150 221 57 68 416 31 55 49 32 42 187 52 369 169 242 148 23 6 406 173 51 52 95 78 76 44 53 52 77 156 41 482 380 31 387 122 29 488 28 50 54 54 518 77 791 611 149 289 38 169 32 714 226 292 956 185 642 39 237 83 86 54 820 125 83 29 79 118 80
115 35 276 267 159 22 62 97 42 58 49 269 51 419 102 95 77 55 927 55 102 89 82 178 94 30 51 272 14 201 214 28 179 93 54 78 19 308 166 242 104 88 25 283 214 6 820 71 30 938 84 70 141 913 943 77 275 74 49 39 490 136 22 43 14 45 76 97 35 608 289 30 20 95 87 8 19 432 87 46
60 533 61 90 115 240 481 24 510 234 105 253 116 16 234 194 664 307 102 194 541 35 652 387 71 39 82 10 581 57 33 32 76 137 182 49 63 94 58 436 334 9 131 35 72 578 43 181 78 22 76 225 26 79 86 93 70 74 65 32 587 14 366 623 25 73 658 65 194 110 715 317 301 75 250 185 43 49 175 148
202 328 45 64 64 106 329 126 51 384 26 672 98 992 115 161 206 580 33 706 33 623 91 267 63 164 14 279 43 69 166 40 66 44 190 35 24 63 11 790 72 75 311 521 115 166 83 137 80 61 66 40 20 44 583 29 50 120 159 35 34 540 25 39 32 185 58 51 224 71 53 889 165 933 49 220 68 102 68 91
70 129 319 89 116 91 345 282 32 187 37 42 47 184 99 15 64 93 52 49 55 103 106 60 56 95 31 557 53 21 761 33 39 421 183 58 81 30 733 39 31 175 90 42 344 190 730 143 57 40 58 81 111 146 95 18 219 63 94 81 77 271 81 97 444 60 217 15 40 165 32 215 107 93 95 55 400 49 540 968
544 50 145 74 49 70 58 678 65 38 63 220 13 101 173 3 77 85 78 75 99 331 32 324 274 24 868 133 73 186 26 255 49 891 321 147 14 181 70 131 224 108 187 24 36 185 31 31 77 29 93 730 153 443 82 91 21 132 106 691 96 283 61 939 287 41 219 17 36 89 232 90 275 95 21 33 444 45 41 44
385 62 19 78 65 151 272 298 180 83 71 54 23 696 46 125 19 151 72 45 427 82 77 90 110 118 45 630 27 285 98 27 115 396 49 158 236 117 436 494 681 101 313 223 27 147 33 980 86 484 131 457 813 236 22 60 490 295 29 122 112 82 67 61 50 174 259 24 202 477 15 141 22 41 77 29 43 176 51 635
884 129 484 462 41 126 72 146 19 267 82 25 89 16 46 45 97 41 100 529 21 310 70 122 32 73 99 411 100 140 104 248 123 586 168 50 60 91 48 46 138 23 105 124 125 115 50 15 129 39 15 36 58 901 45 135 225 151 103 25 63 55 314 421 693 119 244 233 93 51 45 506 218 32 77 94 60 18 107 35
176 148 156 53 312 98 81 348 1339 48 26 627 104 144 614 200 22 102 1434 433 42 650 226 202 104 58 1119 156 448 117 186 1293 107 574 260 225 392 41 148 649 83 66 1357 113 144 500 52 107 601 52 206 263 576 196 247 554 108 1089 56 124 64 161 380 257 474 101 181 28 153 158 28 352 1407 32 68 71 180 62 1124 404
55 188 240 1390 441 230 102 1001 145 326 167 40 77 142 80 264 428 340 63 102 92 68 121 1075 148 642 187 142 225 37 98 504 152 108 178 101 103 196 113 1078 42 334 92 62 562 136 65 96 128 653 112 646 190 266 253 1439 107 75 41 643 532 456 218 157 93 1071 274 158 152 262 443 557 504 112 120 701 541 701 52 120
385 673 227 200 70 351 60 86 40 433 106 256 440 75 108 676 58 112 73 85 81 281 95 577 295 405 267 68 9 507 223 76 129 161 163 112 88 84 141 121 270 51 559 685 38 652 206 46 523 47 98 96 128 1177 106 1028 1234 342 428 50 249 37 1209 314 386 1161 354 1167 60 260 103 142 78 1231 330 170 36 172 167 109
127 90 409 329 169 45 165 146 88 93 82 572 66 550 154 184 107 91 1345 106 182 137 136 365 101 56 113 729 30 299 287 31 228 200 127 158 38 682 275 438 194 130 35 373 299 7 1408 172 64 1173 155 129 249 1242 1358 121 675 132 114 59 659 260 34 109 30 65 170 115 73 1088 627 33 41 109 172 22 25 608 112 93
94 1440 88 108 280 362 697 41 1252 458 199 410 184 32 350 374 1474 557 187 382 1111 66 1029 663 147 89 141 22 1097 102 49 74 135 336 262 110 128 108 95 593 587 16 280 44 141 1358 103 231 140 45 101 414 40 128 135 199 92 115 165 63 1448 40 634 1038 34 142 1036 136 456 179 1476 352 394 102 396 267 78 79 227 199
288 407 99 117 84 162 359 333 86 620 33 1340 140 1148 182 279 335 1474 55 1188 69 1166 109 336 94 399 35 433 63 79 255 86 109 83 270 55 46 132 16 1303 115 79 427 1205 201 302 142 152 128 91 100 67 27 87 1265 43 122 183 280 63 58 1319 50 46 46 281 82 95 322 124 147 1475 370 1441 116 350 106 178 120 221
134 138 621 114 154 160 544 431 62 274 57 90 75 366 168 36 107 240 126 52 59 131 210 128 121 153 42 1311 115 47 1003 46 86 702 257 74 197 68 1261 87 70 262 136 58 626 293 1413 302 69 81 76 105 180 214 201 46 314 115 134 110 149 625 156 131 690 95 365 28 51 327 66 398 121 205 181 80 501 102 1300 1345
1102 92 341 104 67 92 71 1063 125 74 99 436 17 194 321 9 154 111 120 136 255 697 44 437 662 51 1335 212 84 453 35 365 73 1108 466 206 33 380 102 249 301 264 216 34 46 299 56 54 170 63 162 1333 253 533 95 200 25 170 193 1265 113 724 115 1308 341 96 441 27 57 129 484 197 590 189 43 54 644 70 81 81
730 75 25 146 120 192 464 487 227 185 74 90 48 1247 69 264 37 173 116 54 719 171 131 119 272 206 64 1222 42 534 115 62 180 502 62 231 428 240 616 736 1341 120 418 311 55 348 57 1118 156 639 348 576 1054 375 36 88 650 473 69 166 195 190 101 98 79 254 458 40 400 573 33 237 47 85 202 74 68 226 62 1063
1098 184 511 732 70 159 96 195 38 734 99 39 228 37 48 85 162 69 251 1204 57 583 161 163 49 117 226 707 143 275 176 414 161 1180 284 66 112 185 78 106 263 25 162 234 163 227 81 19 177 68 25 36 74 1138 62 205 356 313 152 33 78 109 553 596 1349 175 350 258 183 125 89 1109 408 67 140 202 124 33 245 65
8 9 7 17 4 12 14 3 1 27 32 2 10 9 2 5 38 13 1 3 22 2 6 5 13 18 1 9 3 11 7 1 9 2 5 6 3 29 7 2 12 16 1 11 8 2 19 10 2 20 5 5 2 7 4 2 12 1 19 9 15 7 3 5 3 12 6 31 8 6 40 3 1 28 17 16 7 17 1 3
21 7 4 1 3 6 12 1 7 3 8 31 14 7 13 5 3 3 16 14 11 19 10 1 9 2 7 9 5 26 11 2 8 12 8 11 13 6 12 1 26 3 13 16 2 8 15 11 9 2 9 2 6 4 5 1 10 13 22 2 2 3 5 8 11 1 5 7 9 4 3 2 2 10 11 2 2 2 25 11
3 2 5 5 14 3 22 16 27 3 12 4 3 14 10 2 21 11 19 15 16 4 14 2 5 3 4 19 73 2 5 15 11 8 9 10 15 16 10 8 4 19 2 2 28 2 6 24 2 26 12 11 10 1 9 1 1 4 3 24 4 24 1 4 3 1 3 1 20 4 10 9 16 1 4 8 25 8 7 10
8 14 3 3 6 20 8 7 15 13 15 2 16 2 8 7 10 11 1 12 7 9 10 3 10 18 11 2 36 4 4 33 5 7 10 8 25 2 4 3 5 10 30 3 4 61 1 8 15 1 8 8 5 1 1 10 2 10 11 18 2 4 30 11 35 19 8 9 16 1 2 27 25 10 6 42 34 2 11 10
12 1 13 9 5 4 2 23 1 3 5 3 7 39 3 3 1 2 7 3 1 21 1 2 8 16 10 47 1 11 22 15 9 4 5 10 9 9 11 2 2 47 5 20 8 1 11 5 8 22 10 3 23 10 10 7 10 12 8 19 1 34 2 1 28 8 1 8 3 7 1 3 3 10 3 5 13 14 5 5
4 3 13 9 11 9 3 4 12 2 26 1 8 1 6 4 4 1 20 1 18 1 9 3 11 3 28 3 19 13 4 14 10 15 5 18 20 8 53 1 9 12 3 1 5 4 7 7 9 11 13 19 36 16 1 28 11 7 4 23 19 1 25 19 23 5 12 13 4 11 9 1 3 1 11 4 11 7 11 6
10 7 2 9 7 9 2 3 15 5 16 11 18 4 8 29 12 6 10 17 15 9 5 10 11 7 25 1 9 23 1 21 13 2 5 16 6 17 1 13 15 5 9 20 2 5 1 4 15 16 14 10 7 6 7 22 4 12 8 10 7 2 7 8 2 12 4 37 22 3 15 3 8 6 7 13 2 14 1 1
1 15 4 12 13 11 15 1 10 16 13 3 46 7 4 61 8 10 9 9 5 2 19 3 2 20 1 6 13 3 30 3 17 1 3 5 28 3 10 4 4 5 5 24 23 4 17 22 8 19 7 1 5 2 11 6 33 7 7 1 10 2 10 1 3 13 3 32 17 9 3 7 2 6 27 20 2 14 14 12
2 15 45 8 11 5 3 3 5 7 12 12 22 1 17 5 26 6 9 18 2 7 8 10 5 6 15 1 23 2 10 18 6 2 16 6 3 5 2 2 1 8 3 4 17 4 19 1 8 2 4 2 1 3 24 11 2 3 16 6 7 7 13 14 14 4 3 22 3 2 29 6 25 15 7 18 18 5 17 1
1 6 2 2 16 7 12 6 28 2 10 27 6 33 19 13 8 15 5 1 20 2 9 6 25 12 5 2 8 4 6 3 6 1 5 18 12 6 15 11 5 28 8 5 7 5 11 55 7 16 31 22 15 1 21 6 4 4 7 32 14 10 2 2 1 7 3 4 6 10 14 1 3 17 10 6 8 25 6 17
61 53 73 72 60 65 62 69 60 68
