10
40
30 21 64 26 80 28 11 308 42 47 202 29 186 66 32 821 33 106 286 53 97 98 62 279 25 166 803 28 243 40 302 442 111 73 63 42 79 48 178 66
75 307 57 315 50 43 762 28 107 91 125 582 13 51 159 40 120 30 299 456 74 373 74 76 172 24 143 44 325 246 215 167 27 381 15 53 113 63 20 24
529 192 443 658 335 15 385 73 6 176 100 138 31 24 940 112 125 127 642 447 30 536 188 71 91 145 65 242 33 230 159 52 109 38 357 35 102 124 46 162
34 63 114 144 26 810 44 28 799 32 172 36 213 16 388 333 33 106 30 70 847 14 62 28 225 308 75 76 122 71 13 34 21 502 15 12 89 86 55 420
218 777 50 26 14 203 984 48 107 229 110 22 32 41 654 100 64 297 38 625 8 34 31 78 185 824 57 23 42 23 31 325 406 511 291 234 26 63 128 92
79 180 102 121 88 34 310 60 158 310 108 157 15 475 51 106 18 53 320 75 266 54 43 203 31 262 45 33 347 192 49 65 5 926 311 12 177 269 53 122
177 56 15 314 68 62 56 74 128 62 196 23 948 32 8 150 64 109 106 174 25 43 73 452 14 245 166 22 22 31 39 21 304 41 30 104 300 90 75 61
166 70 34 575 777 54 99 175 56 35 402 82 89 127 78 36 82 24 84 34 695 56 167 62 76 40 47 32 106 27 748 895 149 269 112 53 32 249 34 460
527 155 459 260 12 277 744 54 845 89 252 221 88 79 83 981 45 261 49 26 51 100 240 334 130 748 53 177 29 51 85 68 417 333 280 704 29 119 43 147
531 117 10 119 39 495 426 152 217 499 85 124 135 165 150 327 89 104 456 717 37 19 30 139 449 29 76 100 330 167 266 24 247 332 869 50 66 195 30 39
57 57 89 36 111 41 24 380 67 76 428 34 352 132 42 1268 75 201 335 69 205 119 160 581 57 213 1277 59 339 69 352 619 220 89 131 80 208 96 364 122
112 610 66 736 82 52 1144 31 187 147 345 1308 30 79 230 72 179 59 524 731 146 671 175 116 205 32 286 63 575 301 347 273 61 577 21 145 262 94 35 43
1360 221 583 1349 673 35 594 138 18 219 197 265 79 33 1086 163 226 335 1354 587 46 1392 289 81 164 254 69 331 50 310 197 136 175 69 744 64 190 235 51 276
70 73 168 207 63 1416 83 31 1098 84 315 70 355 26 629 735 59 166 67 91 1095 20 88 49 352 542 196 141 196 115 21 75 29 1132 16 19 166 160 97 728
370 1358 85 54 28 398 1445 97 252 387 256 38 63 69 1216 198 128 360 62 1338 14 66 49 100 344 1309 86 52 63 36 90 435 745 1419 333 339 46 107 208 149
164 266 122 142 170 34 456 74 272 679 161 253 27 511 116 231 32 82 453 112 484 152 76 281 68 584 127 69 543 269 95 98 5 1337 733 30 262 454 82 209
374 151 20 463 136 103 101 172 199 149 280 47 1263 61 11 269 91 240 133 319 60 48 105 626 23 406 206 41 42 49 68 42 432 95 57 161 354 94 197 109
280 129 56 1061 1135 117 154 299 125 51 563 160 125 271 139 65 149 62 158 40 1363 120 334 75 105 46 101 74 260 57 1324 1245 237 729 221 78 39 484 49 600
1118 272 607 453 21 492 1247 87 1194 105 360 284 140 127 149 1079 69 371 117 64 57 122 448 602 217 1363 71 363 67 108 106 143 679 541 491 1180 53 173 62 207
1218 161 20 170 108 607 548 248 296 1390 105 246 199 337 288 537 114 147 566 1266 47 36 64 287 741 74 149 218 651 264 655 70 368 665 1020 100 102 349 84 70
24 19 13 25 10 26 45 3 14 13 3 25 4 11 24 1 15 5 3 17 6 9 9 2 19 5 1 18 3 19 3 2 5 13 10 15 7 12 3 8
9 2 16 2 13 20 1 33 7 8 4 1 28 13 6 14 8 19 2 2 8 2 7 12 5 31 5 16 2 4 4 4 19 2 38 9 5 14 29 22
1 5 2 1 2 31 2 8 63 5 7 5 17 33 1 8 6 4 1 2 22 1 5 13 8 4 14 3 20 4 5 10 8 18 2 18 7 6 19 4
20 13 7 6 18 1 13 33 1 16 4 17 4 34 2 2 24 7 15 13 1 46 11 25 3 2 7 8 7 12 41 16 30 1 42 52 7 7 10 2
4 1 12 20 42 3 1 12 5 3 5 26 17 14 1 6 10 3 16 1 59 15 23 10 3 1 15 19 20 38 15 3 2 1 3 3 24 10 5 8
6 5 9 7 7 23 3 14 5 2 9 4 39 2 9 5 37 12 3 10 3 9 15 4 18 2 11 14 2 4 12 11 63 1 2 32 4 3 14 6
3 9 40 3 10 10 10 8 7 9 4 19 1 17 54 5 14 5 9 4 21 19 12 2 40 3 5 30 25 28 16 29 3 11 19 6 3 10 7 10
5 9 23 1 1 9 7 4 9 18 2 8 10 4 7 19 9 18 7 26 1 12 3 13 10 22 11 15 5 18 1 1 5 2 5 15 25 3 21 2
1 5 2 3 43 3 1 12 1 10 3 4 10 9 9 1 16 3 10 20 17 8 3 2 5 1 17 4 16 9 11 8 2 2 3 1 17 7 16 6
1 8 40 7 13 2 2 5 4 1 11 4 6 4 5 2 9 8 2 1 21 28 18 5 2 19 7 5 2 5 2 19 3 2 1 12 13 4 16 15
45 38 63 52 59 63 54 30 43 40
