10
40
39 43 63 32 83 26 14 306 59 64 299 27 220 85 31 949 55 188 331 56 151 98 108 467 46 179 926 43 299 43 308 447 191 67 98 53 132 77 303 110
93 474 57 463 68 43 973 27 130 106 233 988 22 68 155 64 120 40 482 450 115 496 134 76 190 28 182 55 490 234 246 244 43 451 19 104 191 66 25 42
933 187 487 923 475 23 486 108 13 182 134 182 52 28 908 111 154 238 896 470 38 911 181 71 116 236 65 319 48 239 191 90 119 47 490 47 137 149 49 226
47 71 127 152 42 983 66 27 971 59 239 47 225 19 493 480 39 136 55 66 980 15 76 30 302 463 128 112 128 71 20 52 25 992 13 15 137 133 92 444
229 959 69 47 19 321 943 67 191 317 188 30 46 62 914 143 99 305 53 993 13 55 31 88 318 903 54 42 44 24 55 324 479 933 307 306 33 91 186 110
144 185 100 123 122 31 298 61 187 453 101 240 17 469 96 186 23 72 320 84 316 96 59 216 50 491 79 56 484 237 73 86 4 953 466 20 231 328 54 151
302 91 15 310 86 93 87 115 132 95 238 40 929 52 10 184 63 181 95 233 37 43 70 451 21 300 184 30 32 30 52 29 294 73 46 144 319 91 132 91
191 91 41 904 956 102 121 220 104 43 488 111 89 235 127 47 110 44 127 30 967 76 306 64 87 40 78 64 184 53 909 921 175 486 178 55 33 324 39 449
968 186 449 330 17 328 974 76 903 85 298 220 89 93 90 926 54 294 94 41 55 110 320 473 192 985 47 235 52 98 86 115 479 466 300 969 47 134 58 154
940 109 18 140 67 465 449 181 233 961 84 237 150 231 177 451 105 118 494 905 44 29 46 188 447 51 123 192 476 182 445 47 321 476 966 78 69 219 59 57
41 46 71 39 98 31 16 345 65 73 346 34 248 93 36 1044 62 206 348 58 167 114 116 534 48 206 1052 50 355 49 352 495 200 77 100 64 143 84 332 127
108 530 60 523 75 50 1072 28 135 118 247 1061 25 77 175 65 130 49 503 535 130 498 150 83 200 31 209 60 518 267 256 263 46 523 19 110 200 74 27 42
1007 204 514 1031 541 28 503 130 14 201 148 201 59 30 1048 118 164 244 1013 497 42 1010 201 74 118 267 71 339 49 244 207 97 123 54 538 51 150 173 54 254
47 75 142 161 50 1093 67 29 1014 65 269 53 247 22 520 515 42 145 62 74 1069 16 84 34 350 525 133 120 135 77 22 59 27 1071 15 17 152 138 98 536
267 1074 80 50 23 344 1062 74 210 335 200 36 50 65 1053 170 101 348 58 1028 14 61 37 99 325 1000 62 48 50 25 63 357 526 1059 332 332 36 98 204 116
161 191 110 138 147 37 346 71 209 508 117 261 20 517 108 198 25 81 331 98 350 106 68 255 55 520 92 66 511 251 82 91 5 1026 499 23 260 342 62 175
359 101 16 356 101 100 102 135 147 104 243 45 1008 61 11 194 67 212 116 251 41 51 79 522 23 358 207 34 35 34 59 32 331 84 51 164 331 93 136 95
206 106 44 1077 1033 110 136 253 111 51 541 128 97 261 150 51 120 50 135 36 1062 84 354 74 96 40 91 70 200 58 1003 1041 200 536 195 67 37 341 41 521
1083 209 540 349 18 336 1022 82 1051 102 349 255 103 113 107 1079 60 333 101 45 61 117 340 540 211 1069 58 251 56 113 97 130 497 516 353 1063 48 140 59 170
1097 121 21 147 76 526 499 201 267 999 90 258 176 245 211 526 116 131 526 1088 48 30 51 207 521 55 142 199 540 206 530 49 338 510 1025 82 74 255 59 63
24 19 13 25 10 26 45 3 14 13 3 25 4 11 24 1 15 5 3 17 6 9 9 2 19 5 1 18 3 19 3 2 5 13 10 15 7 12 3 8
9 2 16 2 13 20 1 33 7 8 4 1 28 13 6 14 8 19 2 2 8 2 7 12 5 31 5 16 2 4 4 4 19 2 38 9 5 14 29 22
1 5 2 1 2 31 2 8 63 5 7 5 17 33 1 8 6 4 1 2 22 1 5 13 8 4 14 3 20 4 5 10 8 18 2 18 7 6 19 4
20 13 7 6 18 1 13 33 1 16 4 17 4 34 2 2 24 7 15 13 1 46 11 25 3 2 7 8 7 12 41 16 30 1 42 52 7 7 10 2
4 1 12 20 42 3 1 12 5 3 5 26 17 14 1 6 10 3 16 1 59 15 23 10 3 1 15 19 20 38 15 3 2 1 3 3 24 10 5 8
6 5 9 7 7 23 3 14 5 2 9 4 39 2 9 5 37 12 3 10 3 9 15 4 18 2 11 14 2 4 12 11 63 1 2 32 4 3 14 6
3 9 40 3 10 10 10 8 7 9 4 19 1 17 54 5 14 5 9 4 21 19 12 2 40 3 5 30 25 28 16 29 3 11 19 6 3 10 7 10
5 9 23 1 1 9 7 4 9 18 2 8 10 4 7 19 9 18 7 26 1 12 3 13 10 22 11 15 5 18 1 1 5 2 5 15 25 3 21 2
1 5 2 3 43 3 1 12 1 10 3 4 10 9 9 1 16 3 10 20 17 8 3 2 5 1 17 4 16 9 11 8 2 2 3 1 17 7 16 6
1 8 40 7 13 2 2 5 4 1 11 4 6 4 5 2 9 8 2 1 21 28 18 5 2 19 7 5 2 5 2 19 3 2 1 12 13 4 16 15
45 38 63 52 59 63 54 30 43 40
