10
80
323 45 138 85 97 108 130 178 224 223 25 978 46 80 84 51 173 936 231 128 448 73 137 968 97 60 189 38 308 27 73 490 244 470 18 21 121 107 41 121 30 135 189 178 40 34 18 82 320 38 45 120 13 98 51 984 51 456 45 161 230 124 61 60 28 82 50 223 967 237 33 33 175 13 971 146 35 459 185 119
62 920 31 152 972 180 23 152 27 307 193 52 46 56 86 998 928 41 147 136 986 965 37 88 982 235 294 22 51 240 39 21 230 114 320 308 300 465 301 38 22 62 94 53 35 116 222 321 82 39 30 110 323 101 947 54 91 491 13 92 28 59 175 69 82 224 231 34 181 222 91 29 995 62 19 26 68 54 116 182
15 967 467 195 59 21 492 137 67 24 920 901 126 227 225 296 135 441 471 320 67 61 79 450 102 74 110 23 53 21 95 178 108 325 128 59 46 33 69 80 146 188 31 38 447 949 51 989 21 459 87 945 101 46 36 32 480 126 18 224 59 482 154 304 45 51 306 137 20 152 10 236 39 90 126 127 113 54 56 82
322 54 184 26 140 301 241 65 137 90 47 180 125 104 42 39 70 183 488 318 56 22 52 302 131 299 69 232 67 107 49 319 81 990 118 75 299 295 101 33 111 45 455 92 14 939 321 894 311 309 57 112 957 127 64 233 79 302 24 69 73 58 448 479 53 229 40 31 73 129 483 66 121 148 58 194 122 22 94 85
133 25 147 920 41 219 946 305 299 456 164 20 40 96 68 107 105 185 443 911 903 978 916 235 116 910 464 32 188 39 47 300 49 103 17 241 180 218 69 68 951 31 31 141 65 243 939 52 57 114 117 91 152 238 302 37 305 49 121 197 460 20 225 125 45 85 980 74 24 92 248 183 293 46 993 474 38 59 94 40
83 119 21 8 127 152 946 105 241 148 52 18 54 59 462 22 305 915 32 100 312 29 308 73 934 72 27 324 224 306 457 49 145 113 454 105 51 86 87 183 86 70 147 53 902 231 230 320 29 937 95 310 32 186 174 229 13 81 94 47 31 128 92 97 65 955 178 100 303 46 29 308 330 323 50 52 330 28 316 79
494 80 69 971 24 129 117 136 63 108 135 49 975 84 484 481 296 980 83 231 56 326 196 17 145 50 66 32 88 95 974 68 903 24 76 987 127 297 928 67 932 239 16 301 468 246 27 177 49 309 79 45 53 83 239 95 100 54 35 478 58 93 42 88 441 72 128 116 33 475 19 298 904 112 930 48 46 122 68 26
115 325 45 235 98 982 107 59 185 28 82 298 245 66 987 72 325 22 30 142 96 38 462 240 29 296 227 135 40 71 36 74 65 127 323 64 52 463 45 477 98 191 32 28 306 926 913 462 11 239 185 62 191 36 43 478 483 56 452 40 235 64 112 309 58 58 91 446 310 41 239 98 296 40 191 994 101 226 60 996
84 65 26 136 926 40 159 43 317 916 115 67 235 912 108 302 175 234 120 227 43 80 25 128 119 225 135 453 98 122 54 105 246 80 136 133 51 37 114 124 27 325 307 103 310 196 219 479 192 60 38 317 44 115 117 158 47 186 299 50 36 477 131 77 161 29 155 84 63 61 65 17 217 319 84 948 107 24 929 136
73 940 62 103 135 70 228 39 67 43 155 107 23 462 34 298 72 33 29 119 151 238 304 190 129 921 48 90 320 185 72 75 69 25 115 470 129 28 185 309 28 231 124 44 75 28 66 318 54 228 35 910 126 490 34 152 43 229 103 93 19 49 68 950 84 299 147 115 179 109 144 40 151 185 133 499 443 248 187 137
347 54 141 90 115 123 146 197 250 250 26 1026 52 86 101 55 204 1016 254 142 541 83 154 1062 112 70 192 39 346 29 89 517 270 538 18 23 143 118 46 131 33 155 213 214 44 37 19 91 360 45 52 138 15 113 58 1076 57 515 47 162 253 145 68 67 33 87 52 258 1077 268 38 40 198 16 1017 162 39 510 201 142
70 1034 31 161 1017 207 26 162 29 343 214 52 55 59 98 1064 1091 45 161 152 1085 1058 40 98 1003 262 332 25 51 260 42 26 250 125 347 341 327 506 337 44 26 63 98 61 35 126 251 354 93 44 33 111 332 117 1000 63 112 526 16 105 28 63 202 81 92 249 242 38 205 250 110 33 1058 70 23 27 75 64 124 207
16 1087 546 210 63 26 531 144 80 26 1057 993 146 245 253 352 142 519 530 360 72 67 86 500 105 85 126 24 59 22 110 204 126 344 139 59 48 38 75 94 171 204 38 41 517 998 54 1062 26 522 95 1021 109 51 39 36 541 145 22 268 67 518 173 344 53 54 357 140 24 169 11 246 43 99 142 147 131 63 57 95
360 62 197 28 147 338 268 71 151 97 56 203 140 112 51 48 73 210 529 358 59 26 53 358 147 333 76 245 80 126 51 358 88 1091 125 79 334 338 115 39 114 52 539 103 14 1006 335 999 341 337 61 127 1042 150 73 248 84 337 27 80 80 64 500 533 57 243 44 32 79 148 509 77 140 173 68 209 139 23 100 95
140 28 165 1052 45 252 1010 336 356 511 172 20 42 102 75 119 109 213 538 1000 1006 1053 1088 253 120 1058 543 37 199 40 51 337 54 114 20 261 197 260 77 72 1046 32 31 167 76 254 1040 55 62 120 132 97 161 261 329 41 330 52 130 205 520 22 265 151 52 94 1088 88 24 113 255 214 330 51 1060 508 44 65 108 41
92 124 25 8 150 163 1036 115 248 172 59 20 57 68 520 23 329 1034 33 112 345 34 346 80 1021 88 29 348 254 343 494 55 165 131 533 109 58 91 94 205 95 83 162 57 1069 268 241 341 32 1069 113 338 36 197 206 250 15 94 112 49 35 143 103 108 69 1066 203 112 325 52 34 343 336 343 59 57 363 31 337 91
534 86 83 1033 27 150 129 141 72 124 151 51 1062 91 532 497 342 1072 92 247 56 333 206 18 168 54 75 36 93 100 1044 82 1004 26 85 1082 145 347 1000 81 1088 248 17 353 521 260 31 201 60 338 84 55 57 97 253 111 106 55 40 523 65 99 50 104 518 77 132 131 37 540 24 335 1032 125 1028 55 48 143 81 29
126 349 48 267 114 1048 113 71 202 33 87 347 256 78 1061 79 329 22 32 161 105 44 536 263 29 338 267 144 46 82 39 81 73 140 337 75 62 527 52 521 107 200 37 33 350 1019 1003 517 13 262 206 68 209 43 46 509 513 61 544 44 249 68 122 355 64 60 98 525 340 44 252 110 356 47 212 1053 110 249 67 1026
95 73 26 142 997 45 161 44 357 1035 133 75 250 1014 124 351 213 252 147 261 49 82 28 147 127 266 142 521 108 125 64 117 262 89 149 147 61 39 129 143 31 361 357 115 330 203 260 539 194 68 38 358 50 129 123 167 54 213 350 58 38 516 134 91 172 31 169 95 63 64 77 18 249 353 96 1062 110 29 1004 139
82 1068 67 103 140 75 248 47 76 45 158 117 23 501 39 343 82 33 34 132 172 247 355 203 151 1038 56 101 337 198 76 87 80 30 120 520 143 31 206 349 31 242 140 46 79 30 78 339 58 263 40 1036 149 510 36 165 46 259 112 103 23 54 76 1062 93 350 171 123 203 123 167 45 174 195 137 539 515 261 206 151
3 17 7 11 9 8 7 5 4 4 31 1 17 12 10 19 5 1 4 7 2 12 7 1 9 14 5 23 3 28 12 2 4 2 35 44 7 9 22 8 27 7 5 5 21 22 42 11 3 20 20 7 40 9 17 1 18 2 19 6 4 7 13 15 27 11 17 4 1 4 21 24 5 50 1 6 22 2 5 7
13 1 26 6 1 5 30 6 31 3 5 17 18 15 10 1 1 23 6 7 1 1 21 10 1 4 3 28 19 4 23 33 4 8 3 3 3 2 3 20 33 14 10 15 22 8 4 3 11 23 26 9 3 9 1 15 9 2 51 10 26 15 5 13 10 4 4 26 5 4 9 24 1 13 38 34 13 15 8 5
52 1 2 5 14 38 2 7 12 34 1 1 7 4 4 3 7 2 2 3 13 14 12 2 9 11 8 33 16 40 9 5 8 3 7 16 18 25 13 11 6 5 23 22 2 1 16 1 31 2 11 1 9 17 27 24 2 7 43 4 15 2 6 3 19 16 3 7 34 6 48 4 22 10 7 7 8 16 17 10
3 16 5 33 7 3 4 13 7 10 17 5 7 9 19 20 14 5 2 3 15 33 17 3 7 3 13 4 13 8 19 3 11 1 8 13 3 3 9 22 9 18 2 10 59 1 3 1 3 3 15 8 1 7 14 4 11 3 32 12 13 16 2 2 18 4 23 25 13 7 2 12 7 6 14 5 7 36 10 10
7 32 6 1 21 4 1 3 3 2 6 43 23 9 13 9 9 5 2 1 1 1 1 4 8 1 2 24 5 23 17 3 16 9 35 4 5 4 13 13 1 24 29 6 13 4 1 17 15 8 8 10 6 4 3 23 3 19 8 5 2 35 4 7 17 10 1 12 32 9 4 5 3 17 1 2 22 14 9 20
10 8 38 68 7 6 1 9 4 6 16 41 15 15 2 33 3 1 24 9 3 24 3 13 1 11 31 3 4 3 2 16 6 8 2 9 15 10 10 5 11 13 6 15 1 4 4 3 28 1 9 3 22 5 5 4 41 11 9 17 24 7 9 9 14 1 5 9 3 18 23 3 3 3 16 15 3 27 3 11
2 11 12 1 28 7 8 7 13 8 7 19 1 11 2 2 3 1 10 4 15 3 5 38 6 17 14 25 10 10 1 12 1 33 11 1 7 3 1 12 1 4 53 3 2 4 31 5 17 3 11 18 15 10 4 9 9 16 25 2 14 10 20 10 2 12 7 8 22 2 39 3 1 8 1 18 19 7 13 29
8 3 18 4 9 1 9 14 5 25 11 3 4 13 1 12 3 31 24 6 10 22 2 4 29 3 4 7 23 12 21 12 13 7 3 14 15 2 17 2 9 5 23 30 3 1 1 2 48 4 5 14 5 22 21 2 2 15 2 20 4 14 8 3 16 15 10 2 3 19 4 9 3 18 5 1 9 4 14 1
10 13 29 7 1 19 6 20 3 1 8 12 4 1 8 3 5 4 7 4 18 12 30 7 8 4 7 2 10 8 15 9 4 11 7 7 17 26 8 7 26 3 3 9 3 5 4 2 5 13 25 3 17 8 8 6 19 5 3 16 21 2 7 11 6 28 6 10 15 14 14 47 4 3 10 1 9 28 1 7
13 1 15 9 7 13 4 20 13 22 6 9 32 2 23 3 12 23 25 8 6 4 3 5 7 1 17 9 3 5 12 11 12 28 8 2 7 33 5 3 27 4 7 20 13 30 13 3 17 4 21 1 7 2 24 6 19 4 9 10 33 17 13 1 10 3 6 8 5 8 6 19 6 5 7 2 2 4 5 7
78 77 79 68 65 73 69 65 64 67
