10
40
28 56 79 841 49 130 39 238 169 59 105 61 110 931 18 54 77 73 74 40 126 48 70 187 738 50 36 124 35 586 24 34 138 112 452 26 620 48 52 137
185 614 359 414 696 115 186 335 164 179 65 104 58 33 565 19 127 26 22 53 126 143 172 44 178 56 52 48 414 57 98 46 10 924 82 486 29 851 727 62
27 53 33 88 90 917 126 106 177 291 363 63 160 103 284 169 132 43 435 275 32 16 30 340 312 129 222 81 493 43 220 84 32 12 100 335 55 114 477 66
32 77 60 95 9 91 284 28 323 92 53 368 223 154 145 61 76 13 48 79 123 257 237 294 123 168 21 100 69 50 110 190 119 267 40 758 30 87 25 30
738 237 99 48 37 197 19 44 457 95 52 17 208 84 120 141 205 46 172 90 127 321 118 380 36 25 441 16 75 84 8 100 75 264 552 201 44 45 127 77
211 52 14 240 125 886 55 130 458 49 74 256 439 137 111 754 55 42 77 306 199 63 36 17 29 42 872 95 467 30 292 155 150 185 29 56 21 41 56 135
222 47 35 43 37 903 36 77 197 77 42 262 19 205 221 176 46 574 142 69 63 102 172 223 14 712 127 166 16 13 75 54 293 869 203 684 84 14 47 136
87 162 870 19 62 93 41 37 46 55 832 457 184 50 36 213 54 745 331 179 12 95 58 55 34 114 435 42 163 33 65 18 37 71 80 28 304 347 283 193
34 374 84 229 62 140 294 121 22 228 36 52 97 80 21 162 119 682 289 28 101 255 42 41 30 393 328 129 21 23 354 46 783 28 73 108 20 297 165 111
112 67 230 117 277 52 75 53 49 238 12 889 38 89 67 480 134 105 326 562 33 263 104 14 18 37 39 83 65 39 135 92 45 519 154 32 14 756 176 202
62 76 127 1117 118 185 67 251 460 125 164 105 161 1453 32 101 93 149 125 74 247 67 163 272 1285 97 72 239 50 1009 32 88 202 126 669 61 1179 79 86 196
488 996 547 574 1273 153 210 596 310 281 89 180 109 33 1188 36 157 58 50 120 200 208 324 99 367 91 85 62 697 65 218 49 24 1124 145 599 46 1353 1265 128
75 93 83 132 115 1258 247 193 248 408 728 92 251 142 368 255 167 66 533 525 60 27 53 514 517 272 304 118 548 74 361 122 64 24 164 647 125 157 630 130
49 133 160 128 19 174 663 48 445 124 79 643 395 202 211 112 170 23 95 130 178 396 450 382 269 288 32 185 120 69 127 383 142 355 61 1480 57 141 43 45
1040 483 204 80 104 329 32 85 693 162 95 44 474 169 125 331 272 70 249 162 271 386 241 514 67 37 549 28 104 131 17 155 120 559 1467 366 85 98 200 115
330 57 30 273 243 1474 113 219 631 112 91 337 734 251 186 1281 63 72 178 649 274 124 69 20 49 85 1151 152 508 62 681 243 227 277 68 151 45 71 109 270
338 80 45 58 61 1225 42 131 355 108 84 347 39 463 410 212 56 1072 199 126 95 159 194 442 25 1306 217 248 24 28 154 111 643 1146 338 1263 165 33 96 230
161 267 1119 32 91 166 50 75 98 136 1034 606 289 65 62 437 69 1028 409 400 18 190 126 83 57 171 518 60 268 46 97 26 73 149 104 76 673 567 410 423
52 585 221 475 85 250 722 290 45 370 61 72 214 172 32 250 254 1138 495 35 131 332 62 74 63 602 342 280 53 51 697 89 1218 46 92 223 45 430 223 195
190 97 255 123 726 107 77 66 66 327 24 1218 65 146 119 624 222 134 721 1033 60 493 200 26 35 65 93 207 74 55 212 116 64 1207 200 75 21 1172 307 360
16 15 9 1 12 7 18 4 3 9 8 12 8 1 32 11 12 7 10 15 6 16 9 4 1 10 17 5 17 1 37 14 6 8 2 21 1 17 11 5
3 1 2 2 1 8 5 2 4 4 14 8 9 26 1 33 7 22 20 11 6 5 4 12 4 11 15 17 2 16 6 17 54 1 9 2 21 1 1 8
16 15 13 9 10 1 6 6 5 3 2 14 5 8 3 4 6 22 2 2 15 43 20 2 2 5 4 11 2 15 4 9 17 36 8 2 9 6 2 9
19 10 9 9 39 8 2 24 3 8 14 2 3 5 5 11 8 40 13 10 6 3 3 3 4 5 29 6 11 15 8 3 7 3 16 1 19 10 22 24
1 3 7 17 12 4 27 13 2 7 13 25 3 8 8 4 4 16 4 6 4 3 6 2 19 26 2 36 11 9 57 8 11 2 1 4 14 13 5 9
4 16 37 4 5 1 10 6 2 11 12 3 2 4 6 1 15 20 8 2 4 8 16 34 24 14 1 8 2 22 2 5 5 5 19 9 24 14 12 4
3 11 21 17 20 1 21 10 3 11 13 3 22 3 3 5 19 1 6 8 10 8 5 3 30 1 5 4 40 34 7 9 2 1 4 1 8 38 13 6
7 5 1 30 12 8 22 16 12 9 1 2 5 17 20 3 17 1 3 3 37 7 8 16 21 7 2 20 5 25 10 40 18 9 11 17 2 2 3 3
23 2 6 3 12 5 2 4 27 3 17 16 6 7 39 5 5 1 3 29 9 3 23 15 21 2 3 5 26 21 2 12 1 26 12 6 23 3 5 7
7 13 4 8 2 11 13 15 15 3 36 1 18 10 11 2 5 7 2 1 21 2 6 43 34 17 12 7 13 18 6 9 16 1 5 19 38 1 4 4
37 54 43 40 57 37 40 40 39 43
