10
40
107 103 135 47 240 73 60 293 938 28 30 460 92 99 473 178 17 64 993 294 40 486 148 189 68 43 924 93 317 82 127 981 105 488 177 158 320 27 138 455
77 59 892 74 106 485 41 89 461 41 195 178 462 131 229 485 73 898 41 104 64 121 324 182 304 70 162 28 105 155 20 306 891 25 52 51 129 49 906 327
40 125 234 940 296 146 74 969 128 314 123 28 67 122 67 191 322 302 56 69 86 43 88 927 101 474 139 93 188 35 80 493 111 67 112 81 65 154 68 942
32 313 71 58 469 116 55 78 98 469 105 478 160 238 195 942 87 67 39 486 491 298 190 111 72 929 192 138 109 233 304 443 476 93 78 460 484 487 29 76
303 487 176 178 66 329 41 47 32 299 72 216 330 63 86 482 42 83 44 55 50 225 62 448 189 309 236 45 10 478 191 57 87 109 97 88 60 50 87 111
226 40 453 482 30 457 157 38 487 34 72 75 88 942 98 906 967 226 320 28 224 27 904 218 321 979 294 975 47 232 85 97 53 950 233 112 28 122 133 94
111 67 332 321 146 43 117 123 56 67 62 484 54 475 122 126 93 77 897 77 126 98 94 325 89 44 85 454 24 234 241 27 175 124 89 116 28 453 224 308
173 93 25 305 240 7 994 108 55 912 111 113 181 893 974 91 454 90 82 46 485 243 29 87 23 42 108 107 50 957 496 27 39 91 159 21 26 469 85 84
68 969 62 102 194 236 465 37 997 310 182 301 132 21 300 301 980 463 125 305 902 36 963 462 115 59 90 10 963 80 35 56 94 228 177 90 99 95 83 480
459 19 177 40 114 908 85 200 117 37 96 309 36 83 93 133 84 72 109 48 935 23 462 959 25 118 893 111 323 134 908 315 309 88 317 189 63 69 179 196
120 106 143 55 259 81 68 346 1045 29 30 496 104 104 505 201 19 66 1035 353 44 500 161 206 77 47 1070 109 331 93 142 1046 109 534 204 170 353 30 142 492
84 61 992 80 121 529 48 94 501 46 197 208 531 152 243 545 86 1055 47 113 70 133 333 212 360 76 168 31 123 176 20 340 1065 26 56 55 151 58 1004 346
47 139 248 1057 334 176 77 1017 140 349 124 29 75 143 75 205 354 330 58 70 87 47 100 1004 112 517 149 110 211 40 87 517 131 81 119 90 72 168 77 1074
37 346 78 65 536 128 58 90 114 515 108 536 163 246 201 1019 98 76 43 539 518 336 205 125 83 1027 201 148 115 251 345 524 498 94 86 523 496 508 33 86
330 546 210 200 73 353 46 57 34 349 84 263 357 65 102 516 45 87 47 64 56 262 75 523 204 335 256 48 11 541 209 63 88 126 105 96 71 55 104 119
249 47 502 519 37 498 174 39 536 38 84 84 98 1048 107 1018 1056 247 329 31 267 33 1089 246 334 1091 337 1038 51 263 97 109 55 1067 254 133 33 133 148 101
116 71 343 339 176 45 119 143 64 70 64 504 66 511 127 144 99 89 1077 83 146 105 103 335 94 50 87 506 26 254 263 28 205 140 101 124 32 523 244 343
190 98 26 346 263 8 1043 117 64 1020 120 125 190 1008 1093 102 496 96 92 52 495 265 30 88 27 44 117 114 58 996 525 33 42 104 165 22 28 542 92 99
78 1039 69 103 217 246 539 39 1088 343 209 344 144 25 364 339 1078 503 141 348 1034 37 1088 503 124 60 100 13 1061 87 41 58 115 241 210 105 113 107 90 541
502 21 200 47 130 1073 89 201 123 44 105 350 41 91 105 137 101 81 126 53 1026 25 508 1006 25 126 1018 122 350 148 1017 352 343 102 344 200 74 74 211 214
8 9 7 17 4 12 14 3 1 27 32 2 10 9 2 5 38 13 1 3 22 2 6 5 13 18 1 9 3 11 7 1 9 2 5 6 3 29 7 2
12 16 1 11 8 2 19 10 2 20 5 5 2 7 4 2 12 1 19 9 15 7 3 5 3 12 6 31 8 6 40 3 1 28 17 16 7 17 1 3
21 7 4 1 3 6 12 1 7 3 8 31 14 7 13 5 3 3 16 14 11 19 10 1 9 2 7 9 5 26 11 2 8 12 8 11 13 6 12 1
26 3 13 16 2 8 15 11 9 2 9 2 6 4 5 1 10 13 22 2 2 3 5 8 11 1 5 7 9 4 3 2 2 10 11 2 2 2 25 11
3 2 5 5 14 3 22 16 27 3 12 4 3 14 10 2 21 11 19 15 16 4 14 2 5 3 4 19 73 2 5 15 11 8 9 10 15 16 10 8
4 19 2 2 28 2 6 24 2 26 12 11 10 1 9 1 1 4 3 24 4 24 1 4 3 1 3 1 20 4 10 9 16 1 4 8 25 8 7 10
8 14 3 3 6 20 8 7 15 13 15 2 16 2 8 7 10 11 1 12 7 9 10 3 10 18 11 2 36 4 4 33 5 7 10 8 25 2 4 3
5 10 30 3 4 61 1 8 15 1 8 8 5 1 1 10 2 10 11 18 2 4 30 11 35 19 8 9 16 1 2 27 25 10 6 42 34 2 11 10
12 1 13 9 5 4 2 23 1 3 5 3 7 39 3 3 1 2 7 3 1 21 1 2 8 16 10 47 1 11 22 15 9 4 5 10 9 9 11 2
2 47 5 20 8 1 11 5 8 22 10 3 23 10 10 7 10 12 8 19 1 34 2 1 28 8 1 8 3 7 1 3 3 10 3 5 13 14 5 5
38 40 31 26 73 28 36 61 47 47
