10
80
38 43 97 658 51 76 41 209 187 56 122 40 61 911 16 83 48 122 89 64 133 50 99 176 581 74 47 131 46 640 23 50 132 94 276 29 711 34 73 165 256 760 382 459 742 71 111 357 187 190 45 76 98 18 706 16 115 32 26 68 119 112 171 57 183 78 29 34 288 28 91 43 13 734 76 265 32 803 727 120
53 56 49 101 51 686 83 82 131 231 304 62 169 68 251 247 119 23 294 421 53 7 23 438 481 177 199 46 394 47 214 104 44 14 83 396 94 82 482 88 27 85 75 98 21 65 285 36 218 115 41 349 177 156 183 83 110 15 39 66 147 227 208 181 188 159 23 158 66 29 110 268 92 261 33 592 24 61 39 26
611 189 102 51 55 239 32 49 322 130 53 25 302 76 114 214 144 43 239 148 167 217 113 394 37 28 378 22 88 59 8 61 55 258 969 128 44 67 158 96 196 35 12 238 172 951 66 119 324 57 75 204 426 145 113 983 53 43 110 433 154 95 34 21 22 65 961 84 349 35 315 112 152 175 38 99 33 49 55 133
190 52 41 41 40 746 36 55 225 52 55 305 39 332 318 118 33 884 125 102 77 103 187 267 19 751 183 196 14 23 135 107 468 994 184 857 119 17 62 156 69 126 813 17 62 93 20 36 79 66 908 414 112 29 25 284 35 528 179 216 16 80 106 56 30 111 274 35 172 16 70 15 32 59 62 42 317 361 179 310
31 467 115 273 39 139 442 137 23 222 43 57 140 98 10 159 152 596 184 16 75 300 30 52 23 361 164 156 21 29 361 75 971 16 48 94 36 316 121 89 94 61 150 62 325 63 69 59 39 309 20 903 47 78 45 373 183 77 380 840 22 487 138 17 14 29 64 80 68 49 126 80 31 793 126 32 10 565 213 191
73 11 69 21 39 225 75 73 187 141 85 191 783 39 127 18 69 29 19 972 22 439 28 102 103 291 79 269 689 213 31 231 188 34 203 29 106 15 675 505 65 170 90 327 69 19 164 123 296 25 46 78 56 76 335 43 800 39 657 73 57 319 72 12 43 183 292 36 41 78 229 417 32 98 423 144 26 194 32 597
700 65 647 34 26 39 19 272 76 60 86 78 65 99 43 101 47 27 47 874 322 23 17 57 91 80 18 16 59 181 209 115 42 877 139 13 228 852 24 226 202 194 31 225 464 126 562 14 84 93 822 37 428 50 74 741 848 68 79 27 92 984 644 572 798 87 913 92 633 272 62 24 485 134 24 41 176 39 444 131
65 27 53 45 126 421 184 867 75 274 103 95 66 63 45 44 44 33 322 64 192 376 49 288 43 21 76 15 413 188 31 40 145 32 82 13 135 105 755 58 879 212 106 113 744 28 418 119 221 71 467 46 39 121 236 39 715 28 24 530 25 46 110 347 167 279 142 38 66 64 185 10 57 31 27 411 15 182 234 724
64 739 93 270 41 377 103 539 116 165 58 30 413 28 253 299 71 36 119 363 217 57 215 44 511 122 98 414 448 287 281 39 169 26 181 55 82 40 159 219 219 70 17 278 205 27 39 41 174 467 732 97 53 191 31 96 49 60 32 172 401 103 234 101 12 179 118 91 118 27 73 103 49 28 85 40 216 473 142 60
56 45 60 136 185 101 41 293 64 51 44 42 22 251 35 29 78 55 24 91 101 959 28 292 22 157 27 38 20 103 139 189 36 99 71 151 391 728 922 79 144 227 10 53 72 326 22 34 153 186 378 607 329 35 158 197 31 346 52 147 68 159 151 59 20 195 90 21 904 194 18 28 89 254 39 21 124 293 255 98
77 81 139 1021 86 144 75 371 351 131 161 111 176 1323 21 100 88 183 99 69 199 74 116 285 1254 111 69 288 78 1078 38 88 170 141 502 50 1116 56 118 222 376 1310 573 571 1259 146 272 553 282 310 102 170 130 37 1471 25 139 50 61 128 204 271 243 117 351 89 80 65 733 65 228 83 19 1178 136 539 48 1319 1261 142
72 93 103 135 104 1035 170 200 248 369 622 92 235 176 386 296 210 51 568 640 71 17 43 653 692 205 317 95 558 79 303 159 65 21 161 674 112 188 710 135 54 135 145 149 25 160 708 47 354 171 70 581 361 226 220 108 122 24 83 105 212 432 366 433 325 234 35 241 116 58 163 433 180 454 68 1002 48 129 50 42
1105 358 171 57 91 320 47 99 717 182 100 48 342 123 145 249 302 88 332 213 350 365 206 735 48 40 534 27 119 133 13 174 97 714 1407 322 82 105 209 153 325 74 26 333 254 1117 140 180 509 103 107 351 675 307 206 1331 83 62 171 702 356 171 74 24 50 86 1441 172 614 57 708 277 199 238 52 123 38 84 105 280
457 122 64 80 60 1001 61 109 342 96 104 424 42 465 445 229 58 1033 199 127 99 180 258 363 27 1283 258 285 18 39 198 117 608 1304 266 1371 141 22 75 209 172 199 1313 29 83 121 51 79 96 121 1485 587 287 58 59 470 74 1143 378 418 29 176 125 61 47 204 723 41 197 41 129 30 69 163 97 74 524 708 357 404
42 663 199 328 74 227 633 257 43 483 75 65 202 147 21 269 254 1248 426 36 130 423 38 85 68 496 430 198 42 46 589 95 1011 44 96 181 37 333 269 160 191 87 318 125 523 123 77 60 80 346 22 1334 72 107 124 649 238 133 736 1229 51 549 214 24 32 75 88 175 81 66 176 149 53 1339 212 49 22 1004 314 292
134 23 92 44 63 316 107 138 469 191 114 460 1452 81 229 27 109 41 24 1207 34 683 39 194 236 371 102 676 1435 364 38 268 285 88 395 39 200 31 1420 1079 96 402 195 483 120 37 295 221 457 59 61 123 104 172 674 108 1387 62 1476 111 69 340 128 25 104 354 456 59 67 96 295 499 48 161 509 160 42 241 66 1413
1105 76 1439 72 43 73 43 540 128 68 112 112 120 213 63 129 83 40 58 1181 452 43 24 82 196 158 52 32 109 341 298 285 81 1127 247 32 457 1025 34 359 411 337 64 346 736 177 1291 20 116 182 1169 56 628 121 138 1360 1157 95 149 44 111 1022 1229 1406 1049 128 1438 151 1289 741 155 69 604 346 56 74 367 51 605 169
115 56 115 78 342 541 223 1010 109 593 124 245 92 71 81 120 67 64 698 119 356 642 67 477 44 34 87 25 680 414 44 52 220 82 123 28 198 157 1393 81 1194 495 226 207 1397 55 584 167 381 115 672 54 70 223 329 68 1445 47 60 1339 36 109 176 643 265 482 216 84 86 88 291 28 88 48 61 603 24 247 299 1265
122 1369 155 692 67 639 204 1183 194 408 130 89 630 50 356 413 94 89 212 618 250 113 360 129 1245 164 120 501 668 357 711 110 437 39 257 131 187 79 312 473 344 137 23 698 295 35 96 90 283 735 1379 163 104 214 71 191 88 104 61 228 607 198 395 121 27 314 255 193 175 43 94 127 110 48 132 48 361 563 265 146
161 78 169 188 363 161 108 354 172 94 72 100 47 347 71 70 113 86 54 111 294 1286 45 731 29 201 52 98 27 179 321 323 63 221 113 224 694 1094 1459 193 254 344 25 104 124 620 38 73 231 241 655 1264 568 51 349 290 69 697 110 242 110 351 279 105 38 346 113 40 1018 278 29 66 132 491 66 26 285 391 398 223
16 15 9 1 12 7 18 4 3 9 8 12 8 1 32 11 12 7 10 15 6 16 9 4 1 10 17 5 17 1 37 14 6 8 2 21 1 17 11 5 3 1 2 2 1 8 5 2 4 4 14 8 9 26 1 33 7 22 20 11 6 5 4 12 4 11 15 17 2 16 6 17 54 1 9 2 21 1 1 8
16 15 13 9 10 1 6 6 5 3 2 14 5 8 3 4 6 22 2 2 15 43 20 2 2 5 4 11 2 15 4 9 17 36 8 2 9 6 2 9 19 10 9 9 39 8 2 24 3 8 14 2 3 5 5 11 8 40 13 10 6 3 3 3 4 5 29 6 11 15 8 3 7 3 16 1 19 10 22 24
1 3 7 17 12 4 27 13 2 7 13 25 3 8 8 4 4 16 4 6 4 3 6 2 19 26 2 36 11 9 57 8 11 2 1 4 14 13 5 9 4 16 37 4 5 1 10 6 2 11 12 3 2 4 6 1 15 20 8 2 4 8 16 34 24 14 1 8 2 22 2 5 5 5 19 9 24 14 12 4
3 11 21 17 20 1 21 10 3 11 13 3 22 3 3 5 19 1 6 8 10 8 5 3 30 1 5 4 40 34 7 9 2 1 4 1 8 38 13 6 7 5 1 30 12 8 22 16 12 9 1 2 5 17 20 3 17 1 3 3 37 7 8 16 21 7 2 20 5 25 10 40 18 9 11 17 2 2 3 3
23 2 6 3 12 5 2 4 27 3 17 16 6 7 39 5 5 1 3 29 9 3 23 15 21 2 3 5 26 21 2 12 1 26 12 6 23 3 5 7 7 13 4 8 2 11 13 15 15 3 36 1 18 10 11 2 5 7 2 1 21 2 6 43 34 17 12 7 13 18 6 9 16 1 5 19 38 1 4 4
8 34 12 20 17 4 9 8 3 6 11 3 1 14 6 39 10 26 34 1 31 2 26 5 6 3 10 2 1 4 26 4 4 13 3 28 6 33 1 1 11 3 7 3 9 25 4 6 3 23 16 10 10 8 2 12 1 20 1 11 16 3 9 44 12 4 3 18 17 11 4 2 22 7 2 6 26 5 15 1
1 15 1 16 24 15 23 2 10 15 10 11 9 5 19 8 15 30 17 1 3 21 31 14 7 7 22 27 12 3 4 5 16 1 5 30 3 1 30 4 3 4 18 4 2 7 1 39 11 6 1 20 2 9 9 1 1 12 7 23 9 1 1 1 1 10 1 7 1 2 9 19 2 4 21 13 4 18 2 6
12 17 9 15 4 2 5 1 9 2 9 6 11 14 18 11 18 20 2 12 4 2 16 3 21 28 12 34 2 3 20 20 5 15 11 38 7 7 1 14 1 3 5 7 1 22 2 8 3 10 2 19 18 6 4 17 1 22 18 1 30 12 8 2 5 3 5 14 14 13 4 41 13 25 18 2 41 4 4 1
8 1 9 2 15 2 6 1 7 3 10 15 2 24 3 3 12 14 5 2 4 11 3 11 1 7 9 2 2 3 2 12 3 28 5 10 7 13 4 3 4 9 49 2 4 23 12 15 4 2 1 6 11 5 18 7 14 12 22 5 2 7 3 8 37 4 5 7 6 24 11 8 11 18 10 20 3 2 5 9
9 16 8 7 4 7 12 3 8 13 16 11 23 3 18 19 12 16 24 10 5 1 27 2 30 6 20 13 37 7 4 4 21 6 9 5 2 1 1 7 5 3 41 11 8 2 28 15 5 4 2 1 2 24 4 4 18 2 13 5 12 4 5 9 22 4 9 23 1 5 36 21 9 3 18 38 4 3 3 5
65 65 66 70 72 70 64 71 56 70
