10
80
30 43 49 28 61 25 12 212 38 66 280 20 218 55 15 521 34 190 294 36 109 72 74 329 46 169 625 24 322 32 188 470 185 39 73 39 80 82 182 110 62 353 43 443 54 31 773 20 78 100 156 557 26 55 114 61 62 37 476 484 87 312 94 52 100 17 166 39 265 180 214 185 22 267 18 84 170 65 21 22
790 106 257 667 255 16 402 114 5 122 88 166 35 24 871 75 107 231 568 480 30 511 180 40 75 145 47 289 30 192 183 65 101 30 345 45 122 97 36 203 33 67 111 91 27 723 67 12 598 44 228 37 231 11 443 285 21 124 47 58 779 9 86 21 181 377 104 80 114 74 23 31 20 730 18 12 132 69 56 310
135 516 47 35 15 165 942 44 187 267 194 25 43 59 499 127 51 253 31 675 4 48 34 71 174 905 38 22 34 20 32 231 427 667 276 258 31 88 195 91 115 108 54 112 80 38 183 40 168 297 101 211 13 330 83 105 25 48 231 48 182 103 47 223 40 311 53 33 392 199 42 88 9 976 336 19 239 318 36 151
224 70 12 199 63 51 70 66 86 97 142 43 988 44 9 106 58 129 53 220 44 43 69 465 14 317 135 19 18 20 51 16 295 56 28 95 296 96 91 78 181 90 35 526 790 92 75 229 71 27 472 95 92 144 124 37 78 40 86 23 715 65 245 70 93 28 77 58 142 38 708 976 111 404 102 62 16 275 32 377
496 107 410 189 6 187 844 61 498 48 220 240 52 92 87 904 39 217 65 33 39 91 220 299 193 827 42 145 36 64 73 80 394 483 188 921 29 136 47 84 831 68 21 84 70 414 349 100 227 511 75 133 100 227 158 337 78 84 287 572 34 18 30 161 339 46 96 108 449 119 393 28 171 396 573 67 37 163 52 48
29 362 132 45 150 267 86 272 135 166 53 189 73 23 196 266 166 105 17 27 873 27 28 65 83 132 384 282 982 76 317 88 44 23 33 185 39 46 137 66 975 83 44 13 86 53 237 37 192 147 237 11 989 19 35 113 37 203 36 262 100 94 76 65 76 20 155 47 173 14 72 130 129 39 129 65 195 48 386 42
91 86 63 14 59 147 510 85 42 635 156 49 32 36 7 977 975 115 180 172 85 241 68 63 155 23 46 933 18 240 62 100 155 81 11 229 48 157 39 36 45 55 58 834 487 11 350 16 50 30 19 213 114 247 99 315 11 131 192 116 48 98 179 83 39 493 371 526 982 125 61 59 323 35 226 46 41 359 161 237
13 93 77 42 20 146 157 976 76 147 266 54 850 229 81 715 18 122 170 111 29 69 390 276 167 46 85 163 26 31 84 76 24 60 87 923 225 189 103 891 170 711 75 89 302 280 49 93 84 17 41 30 108 662 765 29 63 45 254 591 128 245 44 823 43 291 81 175 18 171 135 27 680 882 211 799 747 54 883 101
38 625 908 13 144 38 153 27 25 437 171 930 29 39 236 333 102 83 73 197 159 78 643 303 74 59 39 24 84 12 125 93 232 192 72 802 153 309 85 145 396 727 30 16 68 134 257 101 50 197 190 241 81 98 63 26 24 153 214 67 121 37 45 137 137 73 95 24 338 16 87 80 180 180 860 69 124 217 236 16
810 55 152 16 145 105 40 111 141 87 27 168 87 160 819 36 48 206 60 60 22 265 230 72 52 125 91 207 880 253 19 33 98 97 77 324 481 194 46 300 31 223 73 8 35 48 223 59 60 122 55 45 41 88 243 188 56 21 46 31 51 86 53 28 52 21 302 26 33 288 93 31 115 30 303 90 153 127 67 228
40 56 103 41 99 43 20 448 77 86 490 46 264 132 32 1135 58 200 451 64 204 143 123 545 56 292 1024 64 428 60 478 650 207 73 130 71 155 101 350 161 110 568 62 532 79 57 1471 23 192 124 313 1044 35 76 199 66 173 51 545 581 140 674 141 108 200 24 239 73 595 311 350 279 57 615 20 144 212 68 36 40
1234 207 507 1294 507 27 529 146 9 281 198 255 53 32 1113 142 214 241 1437 500 58 1480 233 92 162 324 88 425 47 261 250 101 163 72 665 53 187 223 63 269 68 72 170 188 56 1366 76 28 1451 84 308 51 257 27 558 676 34 163 78 95 997 23 99 47 331 637 147 174 153 96 25 83 40 1011 30 20 158 179 105 729
344 1043 108 56 28 338 1348 86 258 386 271 29 72 86 1430 193 120 484 55 1266 8 72 52 109 331 1250 81 50 67 33 72 348 607 1303 452 422 41 105 262 159 175 281 127 200 164 60 402 93 224 586 143 250 33 522 103 235 30 88 395 111 427 112 62 348 48 718 108 67 645 335 100 113 12 1179 515 32 245 439 68 216
435 152 28 381 119 118 138 172 137 117 339 45 1278 68 10 249 80 285 105 360 66 53 120 741 29 476 285 33 43 41 64 29 382 129 46 198 455 108 177 108 217 126 38 1131 1051 116 145 275 122 54 577 169 138 245 183 61 135 46 146 41 1456 85 496 101 96 53 126 74 221 65 1223 1235 262 591 250 72 47 464 58 543
1349 286 544 384 19 336 1020 109 1400 98 365 317 122 111 150 1255 78 376 102 59 82 133 350 714 233 1334 56 299 75 101 125 137 518 732 324 1305 67 152 79 219 1051 135 21 210 86 592 546 242 350 1147 90 304 198 294 275 546 136 166 741 1268 65 37 69 205 626 66 156 257 496 278 602 62 378 629 1341 114 87 361 78 64
40 744 253 129 309 708 175 489 275 289 90 450 125 28 423 337 319 199 24 40 1370 66 61 103 164 321 614 343 1284 157 656 213 92 42 49 315 74 62 231 83 1088 149 53 16 206 76 252 57 454 204 379 27 1185 38 67 272 38 326 52 379 140 128 136 142 146 29 330 78 202 39 99 133 209 86 264 134 439 64 659 79
121 106 146 20 91 195 1186 107 57 1010 245 70 60 40 9 1043 1441 170 344 319 115 343 169 79 200 49 72 1389 28 354 103 201 214 138 24 256 84 196 47 41 74 129 98 1259 732 20 644 31 93 33 32 358 182 441 175 475 22 164 206 193 56 140 227 153 71 695 656 1292 1008 176 84 138 385 50 399 56 88 732 361 338
33 176 193 63 33 193 227 1249 158 164 743 136 1229 286 193 1094 36 298 280 148 51 129 603 531 451 61 231 359 37 42 127 126 32 107 170 1241 355 222 197 1188 347 1200 116 131 397 522 61 130 218 47 88 54 198 1035 1212 83 79 58 419 1102 193 249 76 1439 102 727 177 401 28 374 239 70 1226 1008 455 1353 1019 123 1284 158
69 1199 1108 26 176 64 281 67 58 619 337 1244 48 78 385 667 201 200 116 289 244 95 1086 416 129 162 58 69 163 22 257 129 326 320 115 1236 251 477 185 272 614 1238 75 31 116 308 656 163 97 449 358 433 129 106 161 55 32 239 261 108 130 54 54 202 245 160 158 35 602 37 198 106 484 233 1235 124 133 372 427 25
1346 74 279 35 184 161 59 233 316 195 69 353 172 308 1365 72 63 247 91 130 46 661 481 134 82 219 183 323 1070 412 24 35 236 107 89 429 740 291 62 688 41 404 116 17 60 67 319 68 88 163 133 125 51 149 488 425 79 53 83 51 64 106 94 55 87 25 376 37 45 481 156 68 175 71 404 162 348 328 92 319
24 19 13 25 10 26 45 3 14 13 3 25 4 11 24 1 15 5 3 17 6 9 9 2 19 5 1 18 3 19 3 2 5 13 10 15 7 12 3 8 9 2 16 2 13 20 1 33 7 8 4 1 28 13 6 14 8 19 2 2 8 2 7 12 5 31 5 16 2 4 4 4 19 2 38 9 5 14 29 22
1 5 2 1 2 31 2 8 63 5 7 5 17 33 1 8 6 4 1 2 22 1 5 13 8 4 14 3 20 4 5 10 8 18 2 18 7 6 19 4 20 13 7 6 18 1 13 33 1 16 4 17 4 34 2 2 24 7 15 13 1 46 11 25 3 2 7 8 7 12 41 16 30 1 42 52 7 7 10 2
4 1 12 20 42 3 1 12 5 3 5 26 17 14 1 6 10 3 16 1 59 15 23 10 3 1 15 19 20 38 15 3 2 1 3 3 24 10 5 8 6 5 9 7 7 23 3 14 5 2 9 4 39 2 9 5 37 12 3 10 3 9 15 4 18 2 11 14 2 4 12 11 63 1 2 32 4 3 14 6
3 9 40 3 10 10 10 8 7 9 4 19 1 17 54 5 14 5 9 4 21 19 12 2 40 3 5 30 25 28 16 29 3 11 19 6 3 10 7 10 5 9 23 1 1 9 7 4 9 18 2 8 10 4 7 19 9 18 7 26 1 12 3 13 10 22 11 15 5 18 1 1 5 2 5 15 25 3 21 2
1 5 2 3 43 3 1 12 1 10 3 4 10 9 9 1 16 3 10 20 17 8 3 2 5 1 17 4 16 9 11 8 2 2 3 1 17 7 16 6 1 8 40 7 13 2 2 5 4 1 11 4 6 4 5 2 9 8 2 1 21 28 18 5 2 19 7 5 2 5 2 19 3 2 1 12 13 4 16 15
30 2 4 11 4 2 7 3 4 4 13 3 8 28 3 3 4 6 31 24 1 16 22 10 6 4 2 3 1 8 2 6 11 21 22 4 16 15 6 12 1 7 18 50 6 13 4 20 3 5 3 38 1 25 15 5 24 4 18 3 8 10 9 8 9 26 4 14 5 37 13 7 6 12 4 9 3 17 2 15
10 11 9 48 12 6 1 10 19 1 5 16 19 21 60 1 1 6 3 4 10 3 7 12 5 21 14 1 34 3 12 7 6 10 34 4 13 6 19 21 14 11 11 1 2 48 2 29 10 31 24 3 7 3 8 3 40 7 5 6 16 7 5 7 15 2 2 1 1 7 13 10 3 21 3 20 13 2 4 3
30 8 7 15 35 6 6 1 7 6 2 10 1 4 6 1 28 4 5 8 21 8 2 2 3 15 6 3 24 22 10 10 30 11 8 1 4 5 6 1 4 1 11 8 3 2 17 10 6 25 14 16 7 1 1 16 12 20 3 1 5 4 16 1 12 2 8 3 28 3 6 19 1 1 3 1 1 10 1 6
21 1 1 36 6 19 5 17 20 2 3 1 29 16 3 2 7 6 8 4 6 11 1 3 11 9 23 18 7 36 5 10 3 4 9 1 4 3 7 5 2 1 18 35 9 4 2 9 13 3 4 3 10 9 8 21 35 5 4 12 8 20 18 5 6 8 8 26 2 30 7 10 3 5 1 8 7 3 3 37
1 14 4 26 6 7 21 5 4 6 18 3 8 4 1 13 15 4 13 8 22 2 3 9 14 5 8 4 1 3 46 24 6 10 11 3 2 4 15 2 25 3 9 43 22 17 4 13 12 7 9 10 22 7 3 3 14 23 15 19 16 9 11 17 13 32 3 30 26 3 8 16 7 18 3 8 4 4 13 4
73 78 73 74 52 69 74 55 64 72
