10
40
244 240 41 96 40 91 116 16 911 155 32 155 52 177 992 36 149 917 67 15 302 144 958 25 147 306 192 320 69 24 30 89 42 73 111 978 57 52 488 450
99 44 37 154 65 31 151 73 114 74 42 147 899 108 81 483 109 298 179 20 236 184 465 115 73 81 232 299 231 132 188 47 93 70 68 39 179 108 122 114
144 50 149 30 914 113 50 44 77 91 225 95 935 82 86 23 96 993 490 52 973 486 923 48 158 148 458 453 98 164 49 86 155 150 78 468 24 109 240 198
65 462 296 115 31 51 74 63 123 947 154 152 23 59 55 36 96 300 84 77 124 934 99 180 318 48 119 104 63 301 154 975 42 454 947 448 968 919 151 98
72 294 108 100 19 94 56 47 39 150 162 66 152 191 74 31 109 44 131 33 195 106 153 925 186 300 455 104 17 29 71 317 134 97 192 55 225 130 938 236
459 988 240 122 39 50 54 149 318 40 37 94 231 308 18 96 56 110 51 447 318 61 46 217 186 73 155 118 231 71 458 12 136 189 52 236 125 326 454 942
85 122 81 35 42 934 88 80 58 66 52 28 98 34 904 181 448 136 481 308 111 42 122 163 311 322 487 953 442 48 49 49 40 37 155 232 39 133 130 198
306 74 55 984 940 115 320 28 70 331 142 915 53 475 25 910 57 44 317 36 25 183 126 64 72 91 130 972 951 241 152 88 299 25 989 111 80 18 48 129
301 37 24 181 965 924 181 237 49 50 83 49 482 946 126 95 88 63 30 188 120 48 984 187 20 177 187 238 49 443 903 196 32 117 457 198 148 132 970 101
227 246 80 54 475 150 45 145 90 55 144 171 132 69 145 149 27 328 127 311 469 177 36 34 229 25 32 961 316 27 912 491 941 45 176 104 126 136 240 41
255 245 47 110 44 99 131 17 1056 165 36 166 60 211 1072 42 159 1078 70 16 363 166 1073 29 165 328 197 355 76 28 33 101 43 88 123 1095 66 59 503 509
105 44 46 172 77 38 172 82 121 88 47 165 1057 118 94 517 116 327 213 24 266 192 530 131 80 93 251 344 257 143 201 55 106 81 79 43 211 118 124 130
176 51 170 34 1049 121 53 48 88 104 255 104 1042 86 97 23 116 1022 548 59 1078 527 1070 55 175 173 510 523 106 166 52 88 167 173 86 514 25 126 246 212
71 536 349 120 35 55 82 68 127 1034 162 171 28 63 60 44 105 342 92 86 137 994 108 211 343 53 130 113 69 358 170 1059 42 519 1040 519 1003 1030 171 109
85 327 122 109 19 105 61 51 45 162 175 77 178 206 90 32 126 53 140 39 207 114 166 1061 203 343 502 115 18 30 78 327 145 118 214 66 261 134 1033 262
519 1070 263 125 44 54 64 167 330 45 40 111 252 363 19 103 66 126 61 514 348 69 54 250 199 84 171 130 252 79 514 13 149 199 60 256 147 354 495 1082
97 136 93 39 45 1032 90 83 64 72 60 30 104 39 1067 207 498 155 538 323 128 42 136 170 326 342 537 1089 536 49 51 51 43 43 178 259 45 154 148 206
337 83 60 1013 1043 124 344 34 72 344 171 1051 59 535 28 1032 60 51 354 38 25 212 144 79 78 96 141 1035 1057 269 168 91 329 27 1080 129 84 19 52 140
334 44 26 212 1075 1055 200 261 53 53 90 50 510 1007 145 102 98 68 34 208 123 52 1019 203 24 210 212 251 54 523 1055 217 38 126 519 205 165 145 1064 112
255 256 86 61 503 171 52 172 101 65 168 199 140 80 159 176 34 337 147 327 526 195 45 39 247 25 34 1029 329 29 1006 543 1030 50 211 114 146 145 261 42
4 4 19 9 21 10 8 46 1 6 27 6 15 5 1 21 6 1 13 51 3 6 1 28 6 3 5 3 12 34 27 10 20 11 8 1 15 16 2 2
9 21 23 6 14 23 6 13 8 12 18 6 1 9 11 2 9 3 5 39 4 5 2 8 12 11 4 3 4 7 5 18 9 12 12 20 5 9 8 8
6 19 6 24 1 8 17 17 12 10 4 10 1 12 10 32 9 1 2 17 1 2 1 16 6 6 2 2 9 6 18 11 6 6 12 2 37 8 4 5
13 2 3 8 23 19 12 13 8 1 6 6 37 14 15 20 10 3 11 12 7 1 9 5 3 17 8 9 13 3 6 1 20 2 1 2 1 1 6 9
12 3 8 9 36 9 15 17 21 6 6 14 6 5 12 24 8 20 7 26 5 9 6 1 5 3 2 9 56 32 12 3 7 9 5 16 4 7 1 4
2 1 4 8 19 17 15 6 3 19 22 9 4 3 37 9 16 8 15 2 3 14 19 4 5 12 6 8 4 13 2 53 7 5 17 4 7 3 2 1
10 7 11 23 23 1 10 12 15 13 17 28 9 27 1 5 2 7 2 3 8 23 7 6 3 3 2 1 2 17 19 18 25 20 6 4 20 7 7 5
3 12 17 1 1 8 3 29 13 3 6 1 16 2 35 1 16 17 3 23 33 5 7 13 12 10 7 1 1 4 6 11 3 28 1 8 11 37 19 7
3 21 31 5 1 1 5 4 20 17 11 18 2 1 7 10 10 15 27 5 8 18 1 5 31 5 5 4 18 2 1 5 25 8 2 5 6 7 1 9
4 4 12 15 2 6 17 6 10 14 6 5 7 13 6 6 27 3 7 3 2 5 21 22 4 31 24 1 3 33 1 2 1 19 5 9 7 7 4 21
51 39 37 37 56 53 34 37 31 33
