10
40
65 57 116 38 131 63 40 209 912 18 17 403 59 86 329 188 15 62 573 280 43 272 150 157 68 33 815 60 185 67 69 521 72 417 139 108 320 14 96 246
72 46 497 54 111 411 42 89 436 42 123 194 281 82 178 266 45 709 36 56 34 89 199 152 251 69 150 22 86 93 12 168 834 19 35 33 107 49 846 245
36 77 189 766 205 87 37 690 85 269 122 20 40 80 54 156 213 322 33 57 84 32 52 748 102 304 97 73 115 29 58 495 64 47 79 61 51 89 47 944
29 258 45 38 339 82 49 54 76 348 81 277 80 187 168 690 75 47 36 408 403 166 168 90 74 849 131 119 106 188 310 430 466 89 59 464 337 320 25 71
222 423 160 173 46 169 42 36 28 167 77 232 243 47 62 418 33 56 27 53 54 234 46 346 115 219 126 46 10 271 177 56 69 90 80 58 40 46 50 108
241 43 289 328 17 384 135 27 326 28 54 53 58 545 100 585 796 236 241 25 189 15 530 135 247 878 223 512 38 191 60 52 29 772 168 88 28 83 130 49
75 46 230 165 140 40 115 75 59 52 41 346 42 391 73 128 77 59 921 51 71 58 93 252 60 46 47 332 23 126 232 19 124 114 54 118 17 409 194 183
173 55 12 186 191 5 910 98 45 737 102 80 170 827 760 56 336 50 80 43 281 156 19 70 25 44 74 105 27 907 366 20 34 75 157 16 15 292 52 54
63 782 54 72 171 123 477 34 622 261 171 206 123 19 234 300 765 292 122 207 853 31 714 426 100 51 66 6 629 63 39 49 87 224 174 50 104 71 66 423
382 17 113 25 64 620 47 114 113 37 66 275 21 46 72 130 81 68 90 41 891 19 367 916 13 83 876 86 253 100 815 311 236 66 191 144 58 35 118 110
160 112 140 78 364 82 90 442 1268 42 43 720 101 134 705 256 28 66 1048 451 56 496 191 209 77 67 1405 147 445 119 156 1450 107 546 252 165 400 33 158 571
100 85 1012 118 140 610 56 127 576 59 264 208 518 192 325 574 109 1372 59 124 85 165 488 278 371 99 166 30 130 208 30 435 1395 36 74 69 159 68 1226 333
58 163 342 1346 399 224 85 1039 147 339 155 30 89 176 105 253 433 370 82 69 126 66 124 1125 150 600 150 138 238 38 119 504 136 83 125 104 78 167 73 1256
42 373 106 63 581 126 70 102 115 590 128 686 193 360 267 1476 109 82 42 599 736 448 206 175 104 1330 210 159 119 311 405 675 512 102 122 570 572 743 36 98
346 509 231 219 79 394 52 59 42 331 106 353 356 71 124 628 59 121 53 78 60 337 89 594 260 342 350 58 13 735 298 71 108 123 136 110 81 70 139 151
306 47 593 650 48 640 215 40 636 39 77 120 109 1157 135 1007 1148 283 413 41 320 33 1347 332 419 1101 422 1206 66 339 123 144 56 1337 353 161 35 144 154 117
135 68 389 486 218 62 147 182 74 70 91 672 77 529 147 145 107 119 1372 98 187 110 107 469 99 56 99 518 31 320 273 34 206 158 142 142 37 581 275 345
243 139 31 332 265 8 1290 138 85 1054 174 123 266 1470 1139 117 567 93 106 62 718 274 35 109 29 45 138 140 78 1219 636 42 58 135 172 30 30 620 93 93
108 1271 68 151 253 301 556 50 1165 458 206 387 137 33 335 429 1408 624 164 387 1142 41 1402 522 179 78 115 18 1301 107 39 73 120 352 262 113 136 123 105 542
523 21 195 57 134 1360 99 231 142 58 129 445 44 94 119 196 111 104 149 69 1395 33 601 1128 25 161 1309 125 442 207 1007 392 390 128 350 250 89 98 214 226
8 9 7 17 4 12 14 3 1 27 32 2 10 9 2 5 38 13 1 3 22 2 6 5 13 18 1 9 3 11 7 1 9 2 5 6 3 29 7 2
12 16 1 11 8 2 19 10 2 20 5 5 2 7 4 2 12 1 19 9 15 7 3 5 3 12 6 31 8 6 40 3 1 28 17 16 7 17 1 3
21 7 4 1 3 6 12 1 7 3 8 31 14 7 13 5 3 3 16 14 11 19 10 1 9 2 7 9 5 26 11 2 8 12 8 11 13 6 12 1
26 3 13 16 2 8 15 11 9 2 9 2 6 4 5 1 10 13 22 2 2 3 5 8 11 1 5 7 9 4 3 2 2 10 11 2 2 2 25 11
3 2 5 5 14 3 22 16 27 3 12 4 3 14 10 2 21 11 19 15 16 4 14 2 5 3 4 19 73 2 5 15 11 8 9 10 15 16 10 8
4 19 2 2 28 2 6 24 2 26 12 11 10 1 9 1 1 4 3 24 4 24 1 4 3 1 3 1 20 4 10 9 16 1 4 8 25 8 7 10
8 14 3 3 6 20 8 7 15 13 15 2 16 2 8 7 10 11 1 12 7 9 10 3 10 18 11 2 36 4 4 33 5 7 10 8 25 2 4 3
5 10 30 3 4 61 1 8 15 1 8 8 5 1 1 10 2 10 11 18 2 4 30 11 35 19 8 9 16 1 2 27 25 10 6 42 34 2 11 10
12 1 13 9 5 4 2 23 1 3 5 3 7 39 3 3 1 2 7 3 1 21 1 2 8 16 10 47 1 11 22 15 9 4 5 10 9 9 11 2
2 47 5 20 8 1 11 5 8 22 10 3 23 10 10 7 10 12 8 19 1 34 2 1 28 8 1 8 3 7 1 3 3 10 3 5 13 14 5 5
38 40 31 26 73 28 36 61 47 47
