10
80
48 54 99 985 75 137 48 243 309 94 119 71 122 988 21 87 76 124 89 66 152 53 97 228 926 85 46 189 49 912 25 65 149 111 487 37 994 51 77 184 309 902 487 466 938 123 191 461 238 235 63 112 95 31 933 18 129 36 43 84 143 180 229 76 241 82 56 45 487 53 151 55 11 972 97 481 37 958 929 110
53 64 70 105 81 974 164 151 191 320 492 67 177 119 319 230 157 31 480 465 56 12 40 448 485 178 230 78 461 58 242 100 49 18 108 478 107 156 445 96 45 84 98 100 22 111 489 34 327 112 58 467 332 192 196 88 112 16 66 96 156 320 317 325 218 190 27 160 80 55 117 315 127 317 50 944 38 86 37 33
992 313 129 52 74 229 34 66 491 127 63 35 315 114 108 238 235 60 223 156 229 297 149 444 41 30 473 22 89 109 12 110 76 449 979 233 59 63 181 96 223 47 19 227 194 992 97 149 476 88 72 296 470 242 164 921 57 44 119 445 231 114 57 18 33 62 943 117 462 42 475 188 191 174 48 96 32 58 69 222
305 75 38 53 47 957 42 90 299 83 66 330 37 301 321 190 43 901 146 112 93 121 184 295 23 946 173 227 14 27 128 99 467 951 220 894 113 18 64 157 121 181 907 22 66 119 36 57 73 94 902 467 180 47 47 316 52 934 293 329 23 128 116 54 41 136 475 37 185 31 85 19 41 107 79 50 491 492 305 324
31 493 155 295 73 189 479 224 31 318 53 60 157 132 18 189 191 946 318 26 106 303 29 57 44 466 313 175 32 37 473 75 972 32 66 154 37 300 177 126 122 69 232 115 473 81 66 57 57 299 20 984 45 93 76 445 190 131 470 920 38 454 149 18 20 56 73 123 62 52 145 92 47 966 178 44 20 960 242 244
121 21 73 38 47 234 103 115 310 145 77 291 952 64 150 16 89 27 20 925 31 449 30 175 150 296 84 454 951 239 28 235 228 63 303 34 156 25 959 908 80 329 138 298 102 29 241 165 312 37 52 89 90 110 452 74 998 42 942 85 55 314 94 17 75 248 302 45 53 76 235 450 35 125 466 154 31 188 56 947
931 65 974 52 29 56 31 469 89 57 93 83 91 183 40 111 58 29 54 982 301 39 23 59 131 126 35 30 69 326 222 193 52 996 192 22 311 942 23 233 301 221 47 232 445 133 942 13 82 141 960 42 463 99 94 927 928 71 132 36 101 926 901 925 965 88 906 122 965 474 99 42 458 241 41 63 237 43 465 154
72 46 102 55 228 490 173 904 106 452 109 161 86 61 50 72 47 46 474 75 241 488 48 332 38 25 69 24 463 300 39 36 192 59 79 21 134 132 941 63 952 330 196 133 975 34 474 122 306 83 487 42 45 164 229 48 929 38 40 947 27 74 124 472 194 314 184 63 60 69 244 17 66 33 52 466 17 225 220 913
112 947 97 471 61 466 143 985 133 309 94 60 471 37 315 302 77 65 183 453 232 88 307 83 934 140 102 464 454 306 463 73 300 24 183 88 125 74 244 323 221 96 16 488 238 33 73 63 224 487 968 151 81 192 52 124 62 67 41 185 471 137 298 114 20 222 180 132 154 38 77 121 75 42 89 39 314 455 185 104
98 55 111 129 242 134 68 317 120 63 53 80 34 327 49 49 72 57 37 92 189 906 30 458 23 153 41 63 23 123 231 236 40 161 100 198 481 918 919 120 189 300 19 76 118 494 25 57 178 241 479 907 493 38 235 224 49 486 68 178 79 242 175 97 34 227 99 31 945 187 20 46 101 314 50 19 240 321 316 176
58 64 118 1012 83 138 53 269 345 107 132 81 133 1086 23 90 81 133 104 70 159 56 110 270 1036 99 51 198 57 1038 27 70 176 122 508 40 1006 60 82 197 330 1042 543 515 1017 131 196 536 261 263 69 124 106 36 1086 22 140 40 43 92 165 207 264 85 249 91 60 55 513 60 165 56 14 1047 114 528 40 1004 1025 122
61 66 77 121 92 1073 178 179 205 360 519 71 195 133 339 266 170 35 530 533 57 14 42 535 510 207 261 87 516 60 248 117 52 21 132 538 120 163 514 112 50 98 106 109 24 124 508 38 354 120 70 516 349 214 216 93 129 17 78 102 169 334 336 331 258 199 29 170 91 60 125 340 152 335 54 1046 42 92 41 36
1065 356 147 57 84 252 35 81 527 144 75 37 328 127 130 264 252 66 264 167 244 329 170 535 48 30 519 23 93 111 14 125 91 529 1053 263 63 73 200 108 260 55 20 264 213 1013 104 174 539 92 82 334 527 258 170 1062 64 47 134 518 247 122 66 21 37 72 1046 129 538 45 515 212 195 201 53 106 38 66 78 244
342 85 47 62 53 1026 45 105 341 88 74 355 44 332 349 210 44 1043 168 124 101 132 197 346 25 1009 192 243 16 29 143 116 504 1018 249 1009 125 21 70 159 134 201 1052 23 75 126 39 65 82 109 1075 526 207 50 51 327 59 1073 357 356 26 142 120 59 47 138 530 40 200 36 94 23 50 111 86 55 502 543 355 353
35 544 171 354 75 208 495 253 36 343 59 60 161 134 19 204 208 1048 356 29 114 335 35 60 48 539 327 195 39 39 512 82 1016 35 78 170 37 329 197 139 140 75 267 131 522 89 76 65 62 345 21 1073 53 106 87 515 211 146 518 1063 40 510 175 23 22 62 86 134 71 54 165 109 55 1082 193 47 21 1053 265 267
132 23 80 44 53 265 108 130 346 159 89 325 1031 64 165 18 97 30 22 1092 31 508 31 195 162 356 99 509 1074 248 34 254 248 71 361 37 171 28 1083 1014 82 358 155 336 111 34 245 176 353 41 56 96 94 133 544 81 1047 45 1075 95 66 353 106 19 84 252 355 49 58 87 244 498 41 146 497 164 33 212 63 1026
1002 69 1064 58 36 62 38 521 99 64 105 88 105 204 48 117 63 30 61 1003 353 42 25 65 136 148 37 32 81 353 247 206 58 1040 211 24 331 1053 24 257 340 258 51 246 499 141 1053 15 93 161 1042 44 536 109 108 1001 1042 80 148 40 111 1004 1028 1089 1069 96 1066 145 1044 499 121 46 524 257 42 68 248 51 521 164
85 54 111 65 243 501 206 1080 109 533 119 165 93 72 54 88 53 51 542 85 265 530 53 348 47 25 79 26 529 338 43 45 203 69 89 25 141 146 1059 68 1021 350 210 152 1067 40 529 130 346 97 499 48 53 174 242 51 1082 44 46 1073 29 79 130 495 210 337 201 71 73 76 267 19 76 36 58 508 18 265 260 1090
120 1018 106 509 67 501 161 1017 148 335 99 66 530 43 358 329 81 74 204 530 244 90 330 89 1058 142 116 540 500 334 518 81 335 28 203 95 133 79 262 349 248 111 18 508 247 35 77 64 254 505 1064 158 88 209 55 138 75 76 44 211 500 146 346 126 24 250 200 144 165 40 88 130 80 48 105 46 330 501 206 110
113 61 125 148 248 152 75 356 129 70 56 84 35 344 52 50 83 63 41 107 198 1065 33 504 25 175 44 72 25 141 264 260 47 172 104 210 499 1026 1012 146 202 342 23 86 125 526 28 66 201 252 495 1046 525 43 260 258 49 507 77 204 83 260 205 109 36 252 105 34 1051 198 24 47 110 359 55 22 263 343 331 205
16 15 9 1 12 7 18 4 3 9 8 12 8 1 32 11 12 7 10 15 6 16 9 4 1 10 17 5 17 1 37 14 6 8 2 21 1 17 11 5 3 1 2 2 1 8 5 2 4 4 14 8 9 26 1 33 7 22 20 11 6 5 4 12 4 11 15 17 2 16 6 17 54 1 9 2 21 1 1 8
16 15 13 9 10 1 6 6 5 3 2 14 5 8 3 4 6 22 2 2 15 43 20 2 2 5 4 11 2 15 4 9 17 36 8 2 9 6 2 9 19 10 9 9 39 8 2 24 3 8 14 2 3 5 5 11 8 40 13 10 6 3 3 3 4 5 29 6 11 15 8 3 7 3 16 1 19 10 22 24
1 3 7 17 12 4 27 13 2 7 13 25 3 8 8 4 4 16 4 6 4 3 6 2 19 26 2 36 11 9 57 8 11 2 1 4 14 13 5 9 4 16 37 4 5 1 10 6 2 11 12 3 2 4 6 1 15 20 8 2 4 8 16 34 24 14 1 8 2 22 2 5 5 5 19 9 24 14 12 4
3 11 21 17 20 1 21 10 3 11 13 3 22 3 3 5 19 1 6 8 10 8 5 3 30 1 5 4 40 34 7 9 2 1 4 1 8 38 13 6 7 5 1 30 12 8 22 16 12 9 1 2 5 17 20 3 17 1 3 3 37 7 8 16 21 7 2 20 5 25 10 40 18 9 11 17 2 2 3 3
23 2 6 3 12 5 2 4 27 3 17 16 6 7 39 5 5 1 3 29 9 3 23 15 21 2 3 5 26 21 2 12 1 26 12 6 23 3 5 7 7 13 4 8 2 11 13 15 15 3 36 1 18 10 11 2 5 7 2 1 21 2 6 43 34 17 12 7 13 18 6 9 16 1 5 19 38 1 4 4
8 34 12 20 17 4 9 8 3 6 11 3 1 14 6 39 10 26 34 1 31 2 26 5 6 3 10 2 1 4 26 4 4 13 3 28 6 33 1 1 11 3 7 3 9 25 4 6 3 23 16 10 10 8 2 12 1 20 1 11 16 3 9 44 12 4 3 18 17 11 4 2 22 7 2 6 26 5 15 1
1 15 1 16 24 15 23 2 10 15 10 11 9 5 19 8 15 30 17 1 3 21 31 14 7 7 22 27 12 3 4 5 16 1 5 30 3 1 30 4 3 4 18 4 2 7 1 39 11 6 1 20 2 9 9 1 1 12 7 23 9 1 1 1 1 10 1 7 1 2 9 19 2 4 21 13 4 18 2 6
12 17 9 15 4 2 5 1 9 2 9 6 11 14 18 11 18 20 2 12 4 2 16 3 21 28 12 34 2 3 20 20 5 15 11 38 7 7 1 14 1 3 5 7 1 22 2 8 3 10 2 19 18 6 4 17 1 22 18 1 30 12 8 2 5 3 5 14 14 13 4 41 13 25 18 2 41 4 4 1
8 1 9 2 15 2 6 1 7 3 10 15 2 24 3 3 12 14 5 2 4 11 3 11 1 7 9 2 2 3 2 12 3 28 5 10 7 13 4 3 4 9 49 2 4 23 12 15 4 2 1 6 11 5 18 7 14 12 22 5 2 7 3 8 37 4 5 7 6 24 11 8 11 18 10 20 3 2 5 9
9 16 8 7 4 7 12 3 8 13 16 11 23 3 18 19 12 16 24 10 5 1 27 2 30 6 20 13 37 7 4 4 21 6 9 5 2 1 1 7 5 3 41 11 8 2 28 15 5 4 2 1 2 24 4 4 18 2 13 5 12 4 5 9 22 4 9 23 1 5 36 21 9 3 18 38 4 3 3 5
65 65 66 70 72 70 64 71 56 70
