10
40
163 45 185 108 97 191 310 91 122 23 315 460 128 459 933 129 326 198 177 150 76 963 35 180 128 188 140 29 99 305 916 225 125 19 66 47 322 63 50 989
973 94 76 327 38 223 28 26 64 26 218 308 105 302 295 932 148 72 123 132 895 237 313 136 46 100 42 68 57 230 160 54 40 187 147 36 197 45 191 973
145 35 910 132 458 944 174 62 145 228 64 84 224 93 239 155 34 111 313 26 143 74 94 39 62 468 16 60 147 30 161 325 326 228 76 938 38 68 69 48
24 458 21 38 924 302 313 954 185 485 27 239 79 5 161 302 13 23 143 318 40 318 977 40 193 77 155 119 319 960 299 56 43 107 81 61 955 165 45 317
25 457 17 124 470 73 24 84 32 111 138 65 92 36 46 144 223 29 70 79 23 173 65 44 20 179 39 106 152 895 163 45 73 80 51 441 68 99 86 899
24 45 84 84 58 156 32 445 130 112 239 917 27 478 115 191 97 41 156 66 225 180 468 105 75 184 73 56 237 473 65 458 19 177 447 299 77 57 313 473
53 307 53 326 190 92 45 116 42 62 38 149 470 19 85 462 156 229 114 33 309 447 228 114 49 23 62 60 65 189 135 48 492 151 112 103 149 966 189 129
183 987 196 23 120 939 114 312 179 18 24 17 61 45 47 25 93 988 24 183 62 15 29 924 60 72 172 99 74 76 92 189 54 114 57 186 329 313 39 185
236 228 317 186 133 52 74 46 116 142 923 327 108 21 109 895 47 308 25 107 53 68 70 455 946 19 86 47 323 179 106 909 951 82 191 159 316 321 35 50
457 217 31 173 445 949 910 84 19 77 68 38 106 989 110 67 467 17 247 243 74 21 896 69 42 63 964 182 32 80 482 296 464 304 451 68 53 219 66 34
177 52 205 131 103 212 341 111 140 26 343 517 140 538 1082 150 339 199 206 167 85 1061 39 211 138 208 156 31 101 351 1066 265 146 20 73 48 350 70 56 1081
1037 105 84 341 42 248 29 31 64 30 256 345 113 352 334 1063 179 83 137 145 1046 249 331 145 49 114 42 78 65 267 161 63 45 200 172 36 200 50 199 1049
172 39 1043 141 547 1056 210 67 171 266 74 96 246 95 247 171 38 135 349 30 167 80 114 44 68 524 16 60 160 30 172 337 335 247 86 1059 42 74 72 53
27 508 24 42 1052 365 353 1084 215 530 27 263 88 6 166 352 16 24 166 338 46 334 1039 46 215 83 178 133 339 1031 354 65 49 127 91 73 1030 171 49 328
26 511 20 143 535 82 27 90 33 123 154 74 98 43 54 169 249 34 84 96 27 207 72 46 20 203 43 115 166 1047 174 52 77 91 58 533 73 107 99 1037
26 50 85 101 67 175 35 532 137 134 265 1003 31 503 125 211 112 47 167 71 253 206 493 111 79 203 79 65 258 533 66 527 22 210 499 352 92 61 349 502
59 351 57 358 209 104 49 125 44 64 39 172 519 19 91 518 167 248 127 40 329 500 259 129 56 25 69 63 69 213 154 49 500 173 130 108 175 1028 196 139
201 1078 214 27 132 1051 117 350 194 19 27 19 63 54 52 26 105 1026 27 198 70 16 34 1057 69 80 209 110 84 78 95 206 61 122 68 210 342 345 41 198
257 247 357 190 147 56 78 52 130 159 1069 346 125 25 122 1030 53 348 26 111 61 79 73 499 1077 19 89 53 355 208 112 1039 1088 97 210 170 328 359 37 54
538 263 34 198 510 1085 990 89 24 85 75 40 125 1018 112 72 523 18 271 254 85 24 1082 80 46 69 995 204 36 93 493 344 505 346 516 73 59 244 74 36
6 20 5 8 9 5 3 9 7 31 3 2 7 2 1 7 3 5 5 6 12 1 25 5 7 5 6 27 10 3 1 4 7 41 13 17 3 13 17 1
1 9 11 3 21 4 27 29 15 33 4 3 9 3 3 1 6 12 7 7 1 4 3 7 19 9 19 12 14 4 6 15 19 5 6 27 5 18 5 1
6 25 1 7 2 1 5 14 6 4 13 10 4 10 4 6 27 8 3 26 6 13 9 19 15 2 39 15 6 25 6 3 3 4 11 1 22 13 13 19
29 2 36 21 1 3 3 1 5 2 30 4 12 79 6 3 62 38 6 3 21 3 1 20 5 11 6 8 3 1 3 15 18 8 11 14 1 6 19 3
31 2 36 7 2 11 30 11 23 8 7 13 10 24 18 6 4 27 12 11 31 5 13 19 43 5 20 9 6 1 6 19 12 11 17 2 13 9 10 1
38 18 11 10 15 6 24 2 7 8 4 1 32 2 8 5 9 21 6 13 4 5 2 9 13 5 12 14 4 2 15 2 39 5 2 3 11 15 3 2
17 3 17 3 5 9 18 8 19 14 21 6 2 36 11 2 6 4 8 22 3 2 4 8 17 34 13 14 14 5 7 17 2 6 8 9 6 1 5 7
5 1 5 31 8 1 8 3 5 36 30 35 14 17 17 28 9 1 28 5 14 39 27 1 14 12 5 9 12 12 10 5 16 8 15 5 3 3 23 5
4 4 3 5 7 16 12 20 8 6 1 3 8 36 8 1 18 3 33 9 15 13 13 2 1 46 11 17 3 5 9 1 1 10 5 6 3 3 23 17
2 4 23 5 2 1 1 11 35 11 12 21 8 1 9 13 2 41 4 4 11 39 1 13 19 14 1 5 24 11 2 3 2 3 2 14 16 4 14 22
41 33 39 79 43 39 36 42 46 41
