10
40
139 37 186 102 98 157 278 91 125 21 262 396 124 474 864 133 313 181 175 155 78 928 30 168 106 164 155 24 76 267 768 228 108 14 63 45 315 55 51 751
828 78 81 303 29 214 28 24 51 28 203 306 98 309 247 995 145 64 125 110 935 197 327 134 36 96 33 58 59 185 153 48 31 156 138 34 165 45 191 958
140 28 907 130 433 949 184 53 148 226 64 72 191 86 235 129 31 116 315 24 118 68 88 31 52 437 15 51 130 26 134 265 318 244 82 894 32 68 64 50
19 433 22 34 783 295 251 942 189 449 22 235 63 5 123 255 11 23 146 311 39 253 873 35 196 79 146 111 284 809 266 61 47 102 73 64 810 138 40 245
19 485 19 118 383 67 20 73 31 113 124 58 84 40 48 144 183 31 61 71 23 178 56 42 17 154 30 95 150 764 124 37 72 82 44 415 69 96 80 758
21 36 74 73 56 134 30 486 114 113 197 759 29 475 100 165 91 36 137 59 201 154 479 85 59 162 74 61 210 412 62 432 18 185 412 262 80 49 306 480
48 259 45 311 163 78 40 117 40 53 29 129 440 18 73 490 129 206 113 29 297 454 223 106 41 22 56 58 61 155 130 48 455 129 104 103 130 819 186 107
188 879 161 20 95 987 96 297 169 13 22 18 55 46 47 19 82 784 24 163 58 15 30 861 61 58 159 80 66 77 85 161 47 92 55 165 321 302 30 151
205 229 269 166 132 44 69 47 115 142 853 296 91 17 113 986 45 279 21 83 56 66 57 463 882 19 66 37 249 157 82 755 951 86 174 142 309 254 33 37
487 207 26 164 373 976 875 89 18 76 62 35 93 939 95 52 391 17 196 238 63 22 977 74 44 53 921 154 33 85 410 286 393 287 468 54 56 214 56 33
198 55 237 123 102 227 391 110 146 30 372 508 167 558 1049 164 385 235 238 179 90 1133 46 213 135 217 191 37 100 333 1075 302 137 22 77 50 391 71 54 1101
1063 113 101 364 42 289 35 29 65 31 264 374 136 340 335 1002 163 92 150 170 1029 245 412 161 53 125 51 87 71 284 182 69 45 200 188 43 214 58 237 1181
177 43 1028 143 519 1000 208 79 170 252 69 94 253 102 261 164 40 139 331 30 157 84 111 52 68 570 16 63 158 30 173 405 394 284 105 1178 43 74 73 59
26 500 24 46 1149 402 330 1091 198 560 30 284 98 7 199 353 17 24 178 323 52 335 1187 47 227 98 167 141 410 1174 398 75 49 145 89 72 1165 178 58 347
29 622 22 135 500 97 28 102 33 129 152 71 101 43 50 183 280 37 92 109 30 212 68 49 23 199 45 113 195 1028 187 54 87 85 67 500 86 108 96 1160
30 51 95 114 68 169 35 577 148 147 263 1022 30 548 138 221 106 52 185 80 248 233 601 130 91 232 90 67 258 596 66 586 22 231 537 363 92 57 389 592
59 372 58 351 210 103 54 133 53 75 38 168 615 23 86 562 169 294 132 42 383 588 252 144 54 26 77 61 75 216 152 48 504 195 150 118 171 1055 223 156
238 1133 237 25 133 1006 135 358 229 19 30 20 68 52 51 27 117 1019 31 230 73 18 41 1053 74 81 208 118 82 88 115 204 63 127 66 221 342 349 49 230
274 253 346 233 157 63 92 50 124 164 1207 400 144 28 125 1096 62 390 29 114 67 89 85 613 1170 20 102 54 395 212 111 1014 1131 104 210 179 392 390 46 61
570 287 33 199 512 1207 1178 102 23 87 83 47 118 1143 126 67 596 22 266 269 85 28 1190 91 57 85 1067 210 34 94 524 386 557 341 523 75 66 303 81 43
6 20 5 8 9 5 3 9 7 31 3 2 7 2 1 7 3 5 5 6 12 1 25 5 7 5 6 27 10 3 1 4 7 41 13 17 3 13 17 1
1 9 11 3 21 4 27 29 15 33 4 3 9 3 3 1 6 12 7 7 1 4 3 7 19 9 19 12 14 4 6 15 19 5 6 27 5 18 5 1
6 25 1 7 2 1 5 14 6 4 13 10 4 10 4 6 27 8 3 26 6 13 9 19 15 2 39 15 6 25 6 3 3 4 11 1 22 13 13 19
29 2 36 21 1 3 3 1 5 2 30 4 12 79 6 3 62 38 6 3 21 3 1 20 5 11 6 8 3 1 3 15 18 8 11 14 1 6 19 3
31 2 36 7 2 11 30 11 23 8 7 13 10 24 18 6 4 27 12 11 31 5 13 19 43 5 20 9 6 1 6 19 12 11 17 2 13 9 10 1
38 18 11 10 15 6 24 2 7 8 4 1 32 2 8 5 9 21 6 13 4 5 2 9 13 5 12 14 4 2 15 2 39 5 2 3 11 15 3 2
17 3 17 3 5 9 18 8 19 14 21 6 2 36 11 2 6 4 8 22 3 2 4 8 17 34 13 14 14 5 7 17 2 6 8 9 6 1 5 7
5 1 5 31 8 1 8 3 5 36 30 35 14 17 17 28 9 1 28 5 14 39 27 1 14 12 5 9 12 12 10 5 16 8 15 5 3 3 23 5
4 4 3 5 7 16 12 20 8 6 1 3 8 36 8 1 18 3 33 9 15 13 13 2 1 46 11 17 3 5 9 1 1 10 5 6 3 3 23 17
2 4 23 5 2 1 1 11 35 11 12 21 8 1 9 13 2 41 4 4 11 39 1 13 19 14 1 5 24 11 2 3 2 3 2 14 16 4 14 22
41 33 39 79 43 39 36 42 46 41
