10
80
109 95 119 40 193 60 51 309 801 34 19 420 76 89 368 180 14 52 817 322 31 425 140 184 55 44 838 106 301 64 120 969 90 473 180 153 301 26 108 396 54 53 880 81 114 483 46 99 484 37 152 152 469 122 240 387 61 976 34 94 49 111 318 181 294 68 143 21 117 143 19 279 919 25 47 46 104 48 796 303
37 127 229 758 283 131 62 928 103 300 94 27 62 122 60 154 315 280 49 55 64 37 82 913 93 485 114 89 157 32 80 376 102 64 113 61 72 144 80 781 31 251 73 56 439 108 43 80 100 389 101 429 137 247 169 920 92 74 31 478 409 322 186 106 74 797 145 132 92 207 296 472 423 94 86 403 454 474 28 75
272 383 169 152 59 323 34 48 35 270 60 223 309 62 85 454 39 88 42 52 56 185 55 419 186 298 244 35 5 375 173 50 80 91 87 91 47 44 74 98 226 40 496 378 30 392 143 29 391 24 60 65 93 797 99 862 881 236 254 33 239 34 821 184 274 840 247 806 32 198 94 92 57 878 194 100 27 92 107 75
110 56 290 264 122 39 95 127 62 62 58 431 44 467 104 119 78 73 883 80 124 90 77 293 93 45 80 454 20 215 211 26 163 124 84 95 27 382 209 321 150 69 24 289 191 5 951 110 47 876 97 99 151 869 931 76 373 90 77 41 457 238 26 63 22 41 117 105 51 962 417 27 31 91 141 16 18 412 84 79
68 964 60 81 185 226 407 31 754 285 150 247 121 19 316 256 785 480 110 327 791 42 934 458 114 50 79 19 941 78 30 55 101 236 145 84 86 95 86 396 421 11 164 43 105 985 67 191 118 32 77 306 33 82 85 128 72 79 100 36 901 21 383 981 25 107 979 102 278 123 846 311 312 88 324 182 59 62 178 166
239 279 68 90 66 83 255 213 75 455 33 854 92 891 149 220 209 957 36 800 40 782 100 303 66 251 25 289 43 69 220 52 92 52 167 36 41 96 9 870 80 67 284 953 147 220 106 120 89 68 50 42 23 44 833 29 70 111 226 39 39 872 27 41 35 164 59 67 187 69 101 923 306 832 62 239 78 123 63 147
83 115 440 77 128 93 411 297 46 154 53 62 46 229 90 22 81 140 72 46 43 96 154 70 69 122 31 817 83 29 760 29 71 450 183 48 144 46 794 60 51 187 86 37 411 198 783 232 48 47 57 92 121 139 126 37 206 72 98 67 130 497 137 111 459 70 199 25 39 277 46 308 89 151 111 67 454 69 931 841
877 55 185 72 56 78 48 969 82 49 71 314 11 124 209 7 120 89 82 99 186 482 41 281 422 43 864 138 74 273 25 324 41 845 285 148 28 272 83 182 186 184 184 29 32 213 39 27 105 46 115 896 152 443 85 131 19 107 103 819 86 484 92 953 301 67 253 17 49 82 265 127 379 133 24 43 407 47 58 60
418 58 21 104 78 167 263 326 181 130 65 73 36 806 50 197 32 140 80 38 387 117 103 79 194 120 48 816 31 420 86 45 157 401 50 130 314 153 408 417 898 106 261 209 49 197 38 798 101 460 214 396 923 269 31 74 408 247 51 133 122 103 64 59 65 222 304 35 312 426 25 136 34 60 103 48 42 183 50 839
913 136 494 474 44 120 57 153 22 436 75 25 161 26 39 52 99 57 155 922 36 490 101 130 28 69 187 425 89 205 157 270 136 807 161 47 65 133 49 65 145 20 99 188 132 142 71 12 118 52 21 33 50 768 37 125 183 239 133 27 56 87 472 456 765 136 301 226 126 90 49 971 290 51 94 136 113 28 144 42
141 132 163 60 263 95 73 374 1009 37 24 600 105 111 581 225 20 77 998 367 50 552 188 199 75 48 1081 122 400 83 147 1158 106 566 234 183 325 34 145 536 89 66 1028 85 152 527 63 121 559 50 201 230 605 148 252 538 92 1184 46 129 68 165 398 228 379 91 164 31 144 180 21 385 1109 31 53 74 164 69 1137 377
44 150 263 1010 404 185 79 1230 168 356 126 29 67 142 75 223 340 351 57 77 101 57 98 1031 126 610 142 123 198 43 89 588 123 80 147 86 75 188 99 1052 46 399 84 75 516 128 63 87 117 594 133 511 164 303 197 1018 123 80 40 609 522 366 210 150 93 1140 204 141 108 260 398 547 543 99 106 504 548 553 41 92
347 531 245 215 74 333 52 62 42 404 80 263 366 84 112 569 45 96 57 68 63 268 78 522 236 377 267 51 8 507 229 73 99 141 131 96 77 62 114 134 298 59 614 594 32 586 186 32 495 37 78 100 103 1205 112 1219 1068 271 349 39 274 40 1228 292 347 1071 389 1210 44 269 114 120 75 1029 276 124 40 142 134 105
127 75 351 392 162 54 130 165 64 84 77 590 56 551 131 158 106 89 1225 100 165 104 114 400 100 65 98 568 26 303 285 28 224 161 115 128 37 513 258 386 197 94 26 375 285 7 1000 141 67 1078 141 126 211 1043 1110 105 597 90 101 59 529 308 40 93 25 60 129 119 58 1002 521 36 39 105 191 19 23 557 92 101
81 999 85 112 233 250 525 47 1090 405 196 390 142 25 370 375 1081 587 150 363 1222 50 1212 563 129 67 106 23 1129 84 44 61 124 301 200 99 107 122 109 559 502 15 248 50 132 996 81 213 145 48 104 394 39 106 103 156 109 99 129 54 1098 28 584 1116 35 151 1152 146 397 166 1088 379 355 110 393 233 82 67 239 238
263 399 88 113 84 119 345 253 87 525 37 1031 153 1078 179 248 309 1021 51 1163 59 1023 110 405 88 405 29 375 55 86 248 69 102 74 195 47 49 138 12 1138 118 85 344 1051 206 289 133 152 122 95 69 52 29 62 1203 33 107 141 284 52 44 1102 45 50 40 234 83 75 299 97 125 1191 340 1141 91 305 100 161 83 196
98 156 589 116 161 125 505 402 73 217 58 97 57 288 129 29 102 195 109 49 63 128 239 101 99 164 36 1235 104 38 1005 41 90 539 204 71 175 58 1240 90 67 203 128 53 601 205 1092 272 63 67 74 98 160 180 170 42 264 96 133 112 161 621 157 124 510 82 269 27 44 401 74 391 147 191 146 85 524 84 1048 1090
1126 81 275 84 80 82 63 1231 100 57 87 360 13 146 281 7 146 105 114 111 239 557 45 368 597 51 1007 180 81 354 34 335 60 1226 343 192 32 402 107 269 307 230 194 41 39 255 52 38 144 53 142 1066 236 531 108 189 26 149 147 1085 120 592 115 1241 395 76 370 27 65 107 411 148 549 196 38 53 519 77 76 86
507 77 23 127 93 201 381 365 193 138 76 83 38 1000 63 235 43 171 110 47 550 136 145 101 240 167 68 1179 44 572 114 56 181 602 75 196 400 214 596 599 1089 121 393 260 62 248 44 1035 117 564 273 541 1158 391 41 81 528 338 55 186 144 136 80 69 73 270 366 38 398 545 29 179 39 62 165 59 53 244 58 1217
1154 195 569 564 64 151 86 194 37 520 118 34 179 26 58 72 139 58 215 1214 47 513 133 183 43 89 214 506 127 293 169 324 164 1021 213 56 85 168 70 92 198 27 130 216 164 192 81 20 147 65 27 38 62 1043 46 184 299 270 141 30 65 117 519 539 1069 147 359 282 189 114 73 1102 394 70 117 202 124 39 203 60
8 9 7 17 4 12 14 3 1 27 32 2 10 9 2 5 38 13 1 3 22 2 6 5 13 18 1 9 3 11 7 1 9 2 5 6 3 29 7 2 12 16 1 11 8 2 19 10 2 20 5 5 2 7 4 2 12 1 19 9 15 7 3 5 3 12 6 31 8 6 40 3 1 28 17 16 7 17 1 3
21 7 4 1 3 6 12 1 7 3 8 31 14 7 13 5 3 3 16 14 11 19 10 1 9 2 7 9 5 26 11 2 8 12 8 11 13 6 12 1 26 3 13 16 2 8 15 11 9 2 9 2 6 4 5 1 10 13 22 2 2 3 5 8 11 1 5 7 9 4 3 2 2 10 11 2 2 2 25 11
3 2 5 5 14 3 22 16 27 3 12 4 3 14 10 2 21 11 19 15 16 4 14 2 5 3 4 19 73 2 5 15 11 8 9 10 15 16 10 8 4 19 2 2 28 2 6 24 2 26 12 11 10 1 9 1 1 4 3 24 4 24 1 4 3 1 3 1 20 4 10 9 16 1 4 8 25 8 7 10
8 14 3 3 6 20 8 7 15 13 15 2 16 2 8 7 10 11 1 12 7 9 10 3 10 18 11 2 36 4 4 33 5 7 10 8 25 2 4 3 5 10 30 3 4 61 1 8 15 1 8 8 5 1 1 10 2 10 11 18 2 4 30 11 35 19 8 9 16 1 2 27 25 10 6 42 34 2 11 10
12 1 13 9 5 4 2 23 1 3 5 3 7 39 3 3 1 2 7 3 1 21 1 2 8 16 10 47 1 11 22 15 9 4 5 10 9 9 11 2 2 47 5 20 8 1 11 5 8 22 10 3 23 10 10 7 10 12 8 19 1 34 2 1 28 8 1 8 3 7 1 3 3 10 3 5 13 14 5 5
4 3 13 9 11 9 3 4 12 2 26 1 8 1 6 4 4 1 20 1 18 1 9 3 11 3 28 3 19 13 4 14 10 15 5 18 20 8 53 1 9 12 3 1 5 4 7 7 9 11 13 19 36 16 1 28 11 7 4 23 19 1 25 19 23 5 12 13 4 11 9 1 3 1 11 4 11 7 11 6
10 7 2 9 7 9 2 3 15 5 16 11 18 4 8 29 12 6 10 17 15 9 5 10 11 7 25 1 9 23 1 21 13 2 5 16 6 17 1 13 15 5 9 20 2 5 1 4 15 16 14 10 7 6 7 22 4 12 8 10 7 2 7 8 2 12 4 37 22 3 15 3 8 6 7 13 2 14 1 1
1 15 4 12 13 11 15 1 10 16 13 3 46 7 4 61 8 10 9 9 5 2 19 3 2 20 1 6 13 3 30 3 17 1 3 5 28 3 10 4 4 5 5 24 23 4 17 22 8 19 7 1 5 2 11 6 33 7 7 1 10 2 10 1 3 13 3 32 17 9 3 7 2 6 27 20 2 14 14 12
2 15 45 8 11 5 3 3 5 7 12 12 22 1 17 5 26 6 9 18 2 7 8 10 5 6 15 1 23 2 10 18 6 2 16 6 3 5 2 2 1 8 3 4 17 4 19 1 8 2 4 2 1 3 24 11 2 3 16 6 7 7 13 14 14 4 3 22 3 2 29 6 25 15 7 18 18 5 17 1
1 6 2 2 16 7 12 6 28 2 10 27 6 33 19 13 8 15 5 1 20 2 9 6 25 12 5 2 8 4 6 3 6 1 5 18 12 6 15 11 5 28 8 5 7 5 11 55 7 16 31 22 15 1 21 6 4 4 7 32 14 10 2 2 1 7 3 4 6 10 14 1 3 17 10 6 8 25 6 17
61 53 73 72 60 65 62 69 60 68
