10
40
126 31 118 96 97 120 271 68 99 20 195 402 103 348 954 95 184 163 150 79 59 524 21 111 123 113 103 24 96 247 823 137 79 16 53 34 303 61 34 836
870 80 77 173 27 228 28 22 37 15 174 235 54 255 219 811 124 51 125 88 789 214 271 88 31 89 38 60 56 150 159 41 28 178 92 24 169 37 166 661
107 27 628 129 409 918 135 47 93 204 61 81 175 82 146 119 21 78 167 15 91 74 84 30 60 276 13 54 104 30 152 215 167 240 56 598 31 54 49 48
25 460 22 21 540 231 302 839 116 421 15 141 58 5 87 280 10 21 85 299 27 273 851 33 141 54 92 102 305 750 186 46 34 86 43 67 885 82 39 222
25 393 9 69 370 72 17 54 22 74 82 40 92 30 31 105 245 20 39 52 18 114 43 36 16 168 32 77 112 751 99 37 38 53 43 399 49 71 79 839
14 47 80 61 31 93 28 375 103 65 168 923 14 451 76 190 104 26 137 37 192 119 393 80 52 144 67 47 237 298 45 343 20 98 400 237 81 33 254 334
48 309 46 165 195 75 36 123 35 33 36 120 370 9 71 392 153 154 68 36 183 444 186 84 31 18 43 40 44 178 92 42 302 99 119 88 101 779 102 118
101 568 154 23 93 574 70 193 101 17 19 14 59 31 33 24 93 553 23 155 55 14 29 730 40 72 177 57 76 49 48 158 31 102 48 164 203 195 24 198
230 185 242 171 129 46 38 40 60 110 920 223 64 12 112 749 29 305 19 84 53 65 72 461 521 11 48 35 268 138 65 867 701 75 102 113 221 287 21 27
470 123 29 172 340 601 988 80 13 55 64 28 96 576 100 62 462 11 215 171 79 23 599 65 29 37 927 171 31 60 307 222 282 180 443 52 37 190 41 18
183 73 255 179 138 294 469 123 156 30 365 571 166 500 1148 156 482 253 286 220 81 1339 50 218 170 243 162 37 119 487 1025 353 201 21 94 55 414 89 55 1101
1008 115 83 357 47 353 37 41 93 42 317 468 155 391 465 1480 203 104 192 185 1445 266 383 204 62 117 42 96 80 353 239 71 58 235 217 50 221 66 239 1408
211 48 1395 181 637 1087 220 99 183 288 87 137 258 115 307 179 37 151 394 40 210 98 121 42 94 514 18 78 177 35 185 416 340 299 106 1023 57 95 88 66
31 512 23 45 1173 414 415 1214 265 683 27 344 97 9 166 438 20 27 198 385 48 419 1299 57 261 120 175 147 471 1183 424 71 64 146 129 87 1263 233 48 327
28 702 28 147 681 107 30 97 39 140 166 92 92 41 63 178 358 39 86 110 34 261 67 59 23 198 52 151 229 1304 167 53 98 91 62 661 74 106 101 1103
24 49 123 101 81 208 49 508 167 162 279 1196 33 596 135 211 122 49 217 80 264 217 561 144 109 227 83 67 270 729 80 728 24 265 585 418 119 80 424 630
68 424 80 347 229 117 62 143 63 90 40 211 688 27 88 714 201 282 170 48 474 567 324 129 74 34 81 80 70 248 141 72 615 184 174 124 202 1400 212 153
205 1358 246 37 140 1127 118 410 276 26 32 18 68 61 71 28 123 1413 35 275 72 18 43 1077 75 83 218 138 91 84 102 217 70 128 82 259 385 489 51 230
277 247 416 231 159 78 87 68 125 218 1410 345 140 23 161 1171 54 342 29 138 62 98 97 585 1221 25 95 60 369 266 111 1360 1196 123 204 211 479 381 52 58
604 295 37 248 530 1085 1216 117 30 81 80 42 147 1210 113 74 522 23 351 366 104 34 1007 95 60 87 1033 216 35 117 641 330 629 463 671 86 58 332 88 40
6 20 5 8 9 5 3 9 7 31 3 2 7 2 1 7 3 5 5 6 12 1 25 5 7 5 6 27 10 3 1 4 7 41 13 17 3 13 17 1
1 9 11 3 21 4 27 29 15 33 4 3 9 3 3 1 6 12 7 7 1 4 3 7 19 9 19 12 14 4 6 15 19 5 6 27 5 18 5 1
6 25 1 7 2 1 5 14 6 4 13 10 4 10 4 6 27 8 3 26 6 13 9 19 15 2 39 15 6 25 6 3 3 4 11 1 22 13 13 19
29 2 36 21 1 3 3 1 5 2 30 4 12 79 6 3 62 38 6 3 21 3 1 20 5 11 6 8 3 1 3 15 18 8 11 14 1 6 19 3
31 2 36 7 2 11 30 11 23 8 7 13 10 24 18 6 4 27 12 11 31 5 13 19 43 5 20 9 6 1 6 19 12 11 17 2 13 9 10 1
38 18 11 10 15 6 24 2 7 8 4 1 32 2 8 5 9 21 6 13 4 5 2 9 13 5 12 14 4 2 15 2 39 5 2 3 11 15 3 2
17 3 17 3 5 9 18 8 19 14 21 6 2 36 11 2 6 4 8 22 3 2 4 8 17 34 13 14 14 5 7 17 2 6 8 9 6 1 5 7
5 1 5 31 8 1 8 3 5 36 30 35 14 17 17 28 9 1 28 5 14 39 27 1 14 12 5 9 12 12 10 5 16 8 15 5 3 3 23 5
4 4 3 5 7 16 12 20 8 6 1 3 8 36 8 1 18 3 33 9 15 13 13 2 1 46 11 17 3 5 9 1 1 10 5 6 3 3 23 17
2 4 23 5 2 1 1 11 35 11 12 21 8 1 9 13 2 41 4 4 11 39 1 13 19 14 1 5 24 11 2 3 2 3 2 14 16 4 14 22
41 33 39 79 43 39 36 42 46 41
