10
80
108 107 125 49 240 72 63 325 971 32 21 443 89 99 453 182 18 63 965 308 38 485 159 187 70 44 917 104 311 77 131 989 105 496 181 163 302 28 131 470 69 52 985 75 112 463 48 99 481 49 175 183 452 132 221 481 72 907 46 98 52 120 292 178 323 72 164 26 117 152 18 310 974 28 48 57 131 53 933 315
38 128 236 908 308 155 76 948 134 315 120 25 59 131 68 175 309 309 49 67 80 46 88 908 101 471 133 104 187 33 75 480 107 72 114 78 70 150 73 971 36 310 67 58 444 112 53 72 99 446 100 452 155 231 182 958 93 71 37 478 455 294 188 115 78 974 183 125 96 223 321 456 477 85 85 460 467 494 36 79
298 467 190 183 55 297 42 53 35 322 70 222 315 66 98 447 35 87 49 57 56 223 65 492 199 326 243 43 6 466 187 60 83 113 100 83 56 52 88 115 224 47 489 483 32 446 149 30 447 33 67 80 93 894 102 966 948 232 318 37 241 32 949 243 316 912 300 976 43 224 89 100 57 910 240 112 36 118 131 90
119 63 314 318 148 43 118 133 64 71 62 484 53 483 113 121 86 75 938 74 134 91 92 322 89 54 78 450 24 231 236 27 180 127 93 119 34 449 222 323 180 81 25 325 222 6 986 117 54 934 120 123 188 902 908 90 448 86 89 45 497 231 32 79 23 48 113 96 52 982 463 27 35 93 148 15 20 454 84 93
70 913 68 101 190 224 472 41 948 304 172 314 131 21 314 296 945 482 138 297 922 44 955 477 115 55 95 17 955 79 40 52 93 243 185 92 97 103 85 498 476 12 192 41 105 983 72 184 121 41 92 300 34 82 88 131 82 80 110 40 966 28 477 967 33 115 931 118 321 137 952 303 319 92 309 188 73 58 197 186
239 308 63 104 72 105 309 230 70 464 33 943 119 946 153 243 233 982 43 984 45 989 109 324 79 299 23 299 50 66 232 64 93 61 187 40 41 110 9 960 92 70 307 956 185 223 130 127 107 81 62 44 25 59 979 32 78 129 221 38 40 912 33 41 35 190 66 67 241 77 104 919 296 950 74 238 79 123 72 156
90 132 451 100 132 98 477 307 56 172 50 78 50 242 108 25 79 163 88 47 55 101 185 86 83 127 30 975 101 33 972 36 67 495 184 60 152 45 941 70 56 179 104 38 459 191 911 241 60 52 61 90 137 148 139 33 235 76 107 88 127 491 123 111 485 76 248 25 39 319 61 321 109 148 127 67 464 69 942 934
983 63 239 74 66 74 57 986 84 53 75 317 13 131 231 6 112 96 95 108 175 476 39 319 467 42 923 158 71 294 29 329 47 913 320 186 26 295 88 226 238 174 179 29 39 228 49 33 106 47 122 933 186 456 86 160 22 125 132 920 95 470 88 958 316 62 316 20 56 93 299 123 473 160 30 49 487 60 62 72
494 63 18 108 78 186 308 328 175 119 66 79 36 963 50 181 34 151 93 42 451 133 115 85 193 144 54 897 35 460 97 44 154 476 61 145 324 199 479 458 984 107 302 224 50 221 40 911 115 442 223 486 915 300 33 73 488 299 51 160 127 125 66 63 67 237 323 34 306 446 26 145 34 58 135 51 50 180 50 936
903 161 448 471 54 129 69 159 27 446 94 30 153 25 47 65 120 54 186 940 40 478 101 159 36 74 185 450 109 231 147 306 149 983 185 52 70 148 54 80 177 25 108 188 127 179 78 16 125 47 23 33 58 933 46 146 223 233 128 25 56 97 474 488 943 131 304 231 150 90 55 927 326 51 96 148 110 33 160 47
126 109 136 56 245 79 69 333 1044 39 23 517 103 108 533 207 18 75 1010 352 44 490 170 201 75 48 999 112 345 87 134 1053 112 544 201 169 346 33 151 530 77 58 1057 87 131 515 52 105 504 51 201 210 533 142 243 494 84 1050 49 112 60 135 337 204 341 81 165 29 132 170 20 332 1016 30 53 62 135 57 1066 355
44 145 250 1068 337 167 80 1034 140 357 127 30 64 143 71 206 358 353 55 70 88 50 95 1050 110 534 148 108 197 38 89 494 124 78 125 87 77 175 84 1061 37 353 81 63 529 127 61 83 108 506 114 540 167 268 208 1035 100 78 40 539 542 339 196 134 89 1029 196 144 108 246 350 545 540 102 87 535 531 511 38 88
337 497 212 204 64 333 46 60 35 345 78 255 350 74 99 515 42 92 53 64 62 245 69 547 218 337 248 50 7 498 202 68 93 123 114 94 63 57 101 119 251 52 509 529 35 542 177 33 504 34 80 87 103 1043 108 1083 1063 261 346 40 255 36 1063 263 347 1088 335 1031 43 249 104 110 66 1020 251 126 37 128 143 93
128 65 339 342 172 49 133 150 70 80 67 542 56 520 123 133 94 87 1006 89 141 102 99 355 100 54 92 542 26 256 257 29 206 144 100 126 36 523 263 352 212 90 27 345 249 6 1079 120 59 1062 130 127 198 1049 1084 105 539 98 92 49 507 250 33 86 25 52 120 112 60 1088 526 31 39 101 173 16 21 508 94 95
82 1088 73 105 195 252 522 45 1087 329 203 339 145 25 333 342 1093 524 150 339 1073 45 1025 520 119 63 101 20 1028 83 40 58 103 246 197 101 113 108 95 547 525 14 214 44 124 1077 80 212 124 42 103 336 40 98 98 144 97 85 126 48 1066 30 499 1069 34 133 1016 128 362 141 1049 346 343 95 328 214 80 70 203 214
272 334 72 111 82 121 348 251 80 540 36 998 131 1003 175 247 263 1050 46 1038 54 1053 119 347 88 348 25 333 55 71 269 67 98 65 207 45 47 116 11 1046 103 78 326 1068 199 261 139 138 116 96 69 48 26 61 1004 35 94 150 266 42 45 1037 40 47 40 197 78 73 260 86 115 1073 341 993 88 270 90 147 86 168
96 138 499 110 145 112 531 331 67 194 54 88 50 266 121 28 83 174 93 49 61 114 198 97 95 134 33 1036 104 35 1035 41 75 521 205 66 172 52 1032 80 59 204 116 47 541 215 1059 260 67 58 67 105 141 167 148 37 266 82 124 91 149 512 143 127 499 83 261 26 44 324 65 336 125 168 149 73 514 71 1014 1050
1071 65 265 79 67 87 66 1096 92 62 79 347 13 142 258 7 124 99 108 110 200 532 45 334 540 44 1081 168 78 335 32 359 50 1074 341 205 30 352 95 264 253 209 194 36 41 267 54 38 122 51 135 1043 200 538 89 168 24 140 146 1031 99 496 100 1028 363 69 357 22 56 107 334 134 512 167 31 50 519 64 72 84
526 64 21 126 88 199 341 353 193 140 76 82 41 1011 55 198 36 165 107 49 522 147 117 94 204 173 60 1088 39 509 103 45 167 508 61 162 344 218 514 499 1089 128 338 264 55 254 46 1009 125 534 262 509 1080 350 34 84 525 333 57 179 142 139 72 69 70 241 336 39 339 509 31 162 40 64 148 56 55 207 60 1077
1001 174 534 490 62 140 76 173 30 524 108 37 177 27 47 67 125 62 204 1063 43 526 116 160 37 84 208 524 123 259 171 338 158 1088 198 57 84 167 64 84 197 26 122 208 137 198 82 17 143 57 24 36 59 1071 46 158 263 255 139 30 64 101 521 514 994 145 352 252 173 102 67 1041 357 60 104 172 129 36 178 51
8 9 7 17 4 12 14 3 1 27 32 2 10 9 2 5 38 13 1 3 22 2 6 5 13 18 1 9 3 11 7 1 9 2 5 6 3 29 7 2 12 16 1 11 8 2 19 10 2 20 5 5 2 7 4 2 12 1 19 9 15 7 3 5 3 12 6 31 8 6 40 3 1 28 17 16 7 17 1 3
21 7 4 1 3 6 12 1 7 3 8 31 14 7 13 5 3 3 16 14 11 19 10 1 9 2 7 9 5 26 11 2 8 12 8 11 13 6 12 1 26 3 13 16 2 8 15 11 9 2 9 2 6 4 5 1 10 13 22 2 2 3 5 8 11 1 5 7 9 4 3 2 2 10 11 2 2 2 25 11
3 2 5 5 14 3 22 16 27 3 12 4 3 14 10 2 21 11 19 15 16 4 14 2 5 3 4 19 73 2 5 15 11 8 9 10 15 16 10 8 4 19 2 2 28 2 6 24 2 26 12 11 10 1 9 1 1 4 3 24 4 24 1 4 3 1 3 1 20 4 10 9 16 1 4 8 25 8 7 10
8 14 3 3 6 20 8 7 15 13 15 2 16 2 8 7 10 11 1 12 7 9 10 3 10 18 11 2 36 4 4 33 5 7 10 8 25 2 4 3 5 10 30 3 4 61 1 8 15 1 8 8 5 1 1 10 2 10 11 18 2 4 30 11 35 19 8 9 16 1 2 27 25 10 6 42 34 2 11 10
12 1 13 9 5 4 2 23 1 3 5 3 7 39 3 3 1 2 7 3 1 21 1 2 8 16 10 47 1 11 22 15 9 4 5 10 9 9 11 2 2 47 5 20 8 1 11 5 8 22 10 3 23 10 10 7 10 12 8 19 1 34 2 1 28 8 1 8 3 7 1 3 3 10 3 5 13 14 5 5
4 3 13 9 11 9 3 4 12 2 26 1 8 1 6 4 4 1 20 1 18 1 9 3 11 3 28 3 19 13 4 14 10 15 5 18 20 8 53 1 9 12 3 1 5 4 7 7 9 11 13 19 36 16 1 28 11 7 4 23 19 1 25 19 23 5 12 13 4 11 9 1 3 1 11 4 11 7 11 6
10 7 2 9 7 9 2 3 15 5 16 11 18 4 8 29 12 6 10 17 15 9 5 10 11 7 25 1 9 23 1 21 13 2 5 16 6 17 1 13 15 5 9 20 2 5 1 4 15 16 14 10 7 6 7 22 4 12 8 10 7 2 7 8 2 12 4 37 22 3 15 3 8 6 7 13 2 14 1 1
1 15 4 12 13 11 15 1 10 16 13 3 46 7 4 61 8 10 9 9 5 2 19 3 2 20 1 6 13 3 30 3 17 1 3 5 28 3 10 4 4 5 5 24 23 4 17 22 8 19 7 1 5 2 11 6 33 7 7 1 10 2 10 1 3 13 3 32 17 9 3 7 2 6 27 20 2 14 14 12
2 15 45 8 11 5 3 3 5 7 12 12 22 1 17 5 26 6 9 18 2 7 8 10 5 6 15 1 23 2 10 18 6 2 16 6 3 5 2 2 1 8 3 4 17 4 19 1 8 2 4 2 1 3 24 11 2 3 16 6 7 7 13 14 14 4 3 22 3 2 29 6 25 15 7 18 18 5 17 1
1 6 2 2 16 7 12 6 28 2 10 27 6 33 19 13 8 15 5 1 20 2 9 6 25 12 5 2 8 4 6 3 6 1 5 18 12 6 15 11 5 28 8 5 7 5 11 55 7 16 31 22 15 1 21 6 4 4 7 32 14 10 2 2 1 7 3 4 6 10 14 1 3 17 10 6 8 25 6 17
61 53 73 72 60 65 62 69 60 68
