10
40
33 41 56 33 69 24 14 262 48 57 319 30 186 78 25 863 56 193 262 51 144 91 83 490 41 183 926 36 298 43 292 423 158 70 74 45 138 76 324 109
90 468 47 408 58 46 917 23 103 103 238 958 23 62 151 57 116 44 399 412 93 383 135 76 148 29 169 58 390 227 193 240 37 378 17 81 158 51 23 34
943 187 396 756 373 21 377 95 9 162 116 158 53 27 931 105 143 221 878 462 35 803 178 68 109 204 59 310 46 218 152 78 98 38 379 39 112 142 44 241
45 68 138 134 38 921 55 24 915 52 246 38 214 21 425 470 34 108 57 70 918 13 80 28 269 404 106 96 121 61 15 45 18 911 13 17 129 114 86 430
232 902 64 36 16 320 923 59 161 300 181 30 43 53 892 118 86 256 52 847 10 50 34 82 267 944 53 34 45 23 55 262 378 798 294 312 33 89 176 90
159 151 100 137 123 25 321 50 148 455 83 214 18 393 86 161 17 72 264 88 276 80 59 181 42 402 63 53 434 220 74 66 4 947 430 17 189 295 61 156
326 85 15 326 92 93 72 121 114 102 200 38 839 47 9 154 56 184 92 215 40 44 62 382 18 327 167 28 32 30 42 26 279 80 41 156 302 86 111 82
169 96 40 944 858 102 123 199 96 41 396 108 78 204 105 43 100 38 113 30 836 79 255 57 78 33 85 65 169 54 777 830 144 491 159 45 32 268 33 395
914 163 390 316 14 274 870 67 953 71 309 196 79 103 95 921 44 254 78 34 56 104 263 473 183 869 52 217 40 91 81 119 400 462 284 951 37 104 44 145
876 111 20 128 62 446 402 161 232 867 85 213 154 230 174 387 83 97 450 827 44 30 50 148 466 46 105 162 493 167 465 43 325 453 943 71 62 229 45 58
42 52 79 45 110 29 19 335 78 73 365 34 252 103 41 1240 71 220 348 71 167 119 136 616 51 231 1188 50 341 53 324 559 238 80 111 64 146 94 353 144
111 540 72 584 78 50 1083 29 155 130 296 1155 25 75 179 76 137 50 505 575 149 555 153 82 241 37 230 61 500 286 262 263 48 522 23 124 215 84 26 43
1074 219 602 1141 532 29 511 137 14 216 161 203 59 33 1231 141 161 280 1082 577 48 1022 233 86 135 303 75 394 53 279 213 103 122 58 607 54 148 191 53 262
56 76 151 160 48 1181 70 33 1022 76 291 56 277 25 498 566 48 171 71 87 1072 17 101 37 356 577 146 120 147 94 24 64 28 1046 16 19 171 155 103 506
305 1174 83 57 25 377 1105 87 198 349 203 41 60 70 1008 195 120 397 66 1239 15 63 37 96 361 1108 72 54 59 24 75 396 550 1008 360 330 39 95 209 117
185 213 116 159 158 41 376 83 231 582 118 266 19 498 106 246 24 85 379 111 349 103 69 282 53 529 99 72 509 284 77 105 5 1095 551 21 248 399 75 176
346 124 15 347 113 98 100 140 166 109 274 52 1020 57 10 210 66 230 114 279 44 56 86 531 26 355 226 32 36 34 59 35 358 91 48 178 388 110 167 115
193 106 48 1007 1227 119 140 257 111 52 605 139 109 245 145 56 110 53 163 34 1196 87 378 83 100 45 85 74 231 60 1200 1175 233 536 213 76 40 402 41 519
1118 236 533 372 19 355 1077 93 1051 115 356 294 114 107 106 1078 70 402 97 49 64 138 327 525 214 1153 60 293 64 121 110 148 549 593 355 1201 50 144 73 158
1136 139 25 160 82 616 508 222 300 1217 90 247 170 272 192 577 130 152 545 1043 50 32 56 231 526 63 135 229 499 199 508 60 347 544 1104 78 71 293 62 72
24 19 13 25 10 26 45 3 14 13 3 25 4 11 24 1 15 5 3 17 6 9 9 2 19 5 1 18 3 19 3 2 5 13 10 15 7 12 3 8
9 2 16 2 13 20 1 33 7 8 4 1 28 13 6 14 8 19 2 2 8 2 7 12 5 31 5 16 2 4 4 4 19 2 38 9 5 14 29 22
1 5 2 1 2 31 2 8 63 5 7 5 17 33 1 8 6 4 1 2 22 1 5 13 8 4 14 3 20 4 5 10 8 18 2 18 7 6 19 4
20 13 7 6 18 1 13 33 1 16 4 17 4 34 2 2 24 7 15 13 1 46 11 25 3 2 7 8 7 12 41 16 30 1 42 52 7 7 10 2
4 1 12 20 42 3 1 12 5 3 5 26 17 14 1 6 10 3 16 1 59 15 23 10 3 1 15 19 20 38 15 3 2 1 3 3 24 10 5 8
6 5 9 7 7 23 3 14 5 2 9 4 39 2 9 5 37 12 3 10 3 9 15 4 18 2 11 14 2 4 12 11 63 1 2 32 4 3 14 6
3 9 40 3 10 10 10 8 7 9 4 19 1 17 54 5 14 5 9 4 21 19 12 2 40 3 5 30 25 28 16 29 3 11 19 6 3 10 7 10
5 9 23 1 1 9 7 4 9 18 2 8 10 4 7 19 9 18 7 26 1 12 3 13 10 22 11 15 5 18 1 1 5 2 5 15 25 3 21 2
1 5 2 3 43 3 1 12 1 10 3 4 10 9 9 1 16 3 10 20 17 8 3 2 5 1 17 4 16 9 11 8 2 2 3 1 17 7 16 6
1 8 40 7 13 2 2 5 4 1 11 4 6 4 5 2 9 8 2 1 21 28 18 5 2 19 7 5 2 5 2 19 3 2 1 12 13 4 16 15
45 38 63 52 59 63 54 30 43 40
