10
40
100 91 125 53 199 60 62 298 819 23 29 397 86 97 393 164 16 56 791 258 32 394 136 191 70 47 770 79 276 86 116 962 82 372 185 125 293 25 120 449
61 59 975 79 105 437 37 74 431 36 191 174 418 121 221 443 63 816 43 85 51 111 317 186 328 70 125 22 109 162 16 276 853 20 47 49 120 47 747 322
32 115 202 915 264 153 66 925 111 255 122 23 59 121 62 185 281 284 55 56 77 40 87 829 82 471 132 94 175 31 70 498 92 61 103 77 66 137 61 901
29 310 61 46 463 108 49 70 104 396 84 400 130 239 169 929 82 58 30 492 490 272 150 107 70 901 175 110 89 202 260 391 375 86 75 453 442 427 29 71
272 482 190 161 51 273 35 47 26 259 71 223 290 61 79 415 32 64 47 59 41 186 68 456 162 267 198 37 9 468 152 50 67 108 84 83 59 52 84 105
196 36 448 390 33 418 141 31 389 28 69 65 86 836 88 817 835 202 263 29 234 28 891 196 250 759 276 993 42 232 75 86 50 884 240 93 28 106 109 88
114 63 292 322 132 41 96 128 55 59 52 414 51 476 97 132 85 72 780 61 131 80 91 300 74 36 81 453 20 197 194 25 164 127 81 119 28 469 202 321
181 82 21 290 194 8 931 98 54 819 97 108 164 856 917 89 490 75 75 49 379 220 28 67 20 42 96 81 40 865 449 29 31 91 130 20 27 391 81 69
64 945 61 86 180 244 456 34 837 310 154 302 115 18 329 284 806 462 133 275 803 27 841 465 114 46 78 9 928 77 39 53 87 216 168 77 81 86 68 382
412 16 193 35 112 777 72 190 89 42 85 308 39 72 76 124 79 66 96 41 766 20 382 875 22 96 852 111 269 121 851 271 286 95 308 190 53 63 171 185
139 119 142 54 260 84 72 393 999 31 37 521 110 102 587 228 20 69 1173 374 43 595 180 202 73 58 1068 110 369 94 151 1123 112 540 235 197 388 35 153 499
94 60 1014 84 138 523 48 99 587 53 241 199 600 159 262 528 90 1153 53 110 68 147 387 210 360 94 200 29 120 191 25 375 1018 30 66 66 160 58 1203 369
44 149 279 1236 366 172 88 1230 160 383 132 31 86 145 72 204 374 344 66 86 98 51 98 1160 114 579 141 106 206 44 93 535 131 90 140 88 79 200 74 1119
42 401 79 69 516 139 60 89 131 567 135 584 175 259 229 1160 92 81 50 507 608 363 228 126 89 1038 203 145 129 262 391 506 602 104 87 527 497 527 34 93
383 515 229 222 79 336 51 62 34 381 82 296 343 68 109 557 44 86 53 64 67 243 74 570 230 406 248 53 10 543 230 72 91 140 111 106 78 65 117 117
294 48 600 500 42 535 183 45 601 41 90 95 96 1126 121 1159 1236 305 399 32 261 38 1076 264 379 1101 327 1089 60 254 106 128 62 1132 254 140 38 138 149 99
131 75 399 405 180 48 129 150 63 72 72 548 71 520 151 156 100 92 1029 85 150 123 109 335 101 58 102 581 27 249 294 35 232 146 120 131 40 591 256 397
212 103 30 341 257 8 1101 124 61 1236 125 120 236 1041 1194 116 545 107 107 49 588 250 34 88 29 54 144 117 56 1004 561 34 42 116 176 22 28 575 88 111
74 1184 69 123 230 264 587 46 1121 339 202 396 168 25 336 388 1157 590 163 338 1028 39 1069 610 133 70 116 15 1058 101 40 68 107 276 197 120 121 111 106 562
526 23 222 45 133 1086 89 247 121 49 111 387 44 109 114 137 115 92 139 62 1167 30 547 997 27 119 1169 135 326 162 1170 394 355 106 392 218 81 74 234 236
8 9 7 17 4 12 14 3 1 27 32 2 10 9 2 5 38 13 1 3 22 2 6 5 13 18 1 9 3 11 7 1 9 2 5 6 3 29 7 2
12 16 1 11 8 2 19 10 2 20 5 5 2 7 4 2 12 1 19 9 15 7 3 5 3 12 6 31 8 6 40 3 1 28 17 16 7 17 1 3
21 7 4 1 3 6 12 1 7 3 8 31 14 7 13 5 3 3 16 14 11 19 10 1 9 2 7 9 5 26 11 2 8 12 8 11 13 6 12 1
26 3 13 16 2 8 15 11 9 2 9 2 6 4 5 1 10 13 22 2 2 3 5 8 11 1 5 7 9 4 3 2 2 10 11 2 2 2 25 11
3 2 5 5 14 3 22 16 27 3 12 4 3 14 10 2 21 11 19 15 16 4 14 2 5 3 4 19 73 2 5 15 11 8 9 10 15 16 10 8
4 19 2 2 28 2 6 24 2 26 12 11 10 1 9 1 1 4 3 24 4 24 1 4 3 1 3 1 20 4 10 9 16 1 4 8 25 8 7 10
8 14 3 3 6 20 8 7 15 13 15 2 16 2 8 7 10 11 1 12 7 9 10 3 10 18 11 2 36 4 4 33 5 7 10 8 25 2 4 3
5 10 30 3 4 61 1 8 15 1 8 8 5 1 1 10 2 10 11 18 2 4 30 11 35 19 8 9 16 1 2 27 25 10 6 42 34 2 11 10
12 1 13 9 5 4 2 23 1 3 5 3 7 39 3 3 1 2 7 3 1 21 1 2 8 16 10 47 1 11 22 15 9 4 5 10 9 9 11 2
2 47 5 20 8 1 11 5 8 22 10 3 23 10 10 7 10 12 8 19 1 34 2 1 28 8 1 8 3 7 1 3 3 10 3 5 13 14 5 5
38 40 31 26 73 28 36 61 47 47
