200 1000
1 1
0 1
1 2
1 1
0 2
0 2
1 2
0 2
0 2
1 1
1 1
1 2
1 3
1 3
2 3
2 3
2 2
1 3
2 2
1 2
2 2
2 3
1 2
2 2
2 2
2 2
2 3
2 3
2 3
3 3
2 4
3 4
1 5
3 3
1 4
1 3
3 5
1 4
2 5
3 4
3 5
1 4
4 4
2 5
2 4
4 5
2 4
3 4
4 4
4 6
3 5
4 5
2 4
3 4
2 6
2 4
2 8
2 6
3 6
3 7
2 8
4 6
2 5
3 6
2 5
6 8
6 8
3 9
3 9
6 8
5 9
6 9
4 8
5 7
6 7
3 8
4 11
4 9
6 11
4 7
6 7
3 8
3 8
4 7
7 8
3 8
5 7
6 8
8 10
8 9
8 8
7 8
4 12
8 9
4 12
7 10
6 10
7 11
6 14
6 11
7 14
9 10
6 9
7 11
4 9
5 11
5 11
6 11
6 13
6 15
6 10
7 12
9 12
5 10
7 11
8 17
9 16
9 16
7 11
7 13
7 16
10 16
10 17
12 15
12 18
12 17
12 12
7 13
8 16
11 12
9 13
11 14
12 12
9 17
6 17
9 19
6 20
10 20
11 20
6 14
13 14
7 15
9 18
13 21
9 14
8 14
10 19
11 17
10 17
13 20
7 19
7 20
9 15
9 21
14 21
10 16
13 14
9 18
15 23
12 15
8 21
12 19
14 22
10 17
8 23
9 15
7 21
9 18
12 16
9 16
14 22
11 15
8 23
11 24
15 23
16 23
10 24
11 19
14 24
14 24
13 17
8 20
9 20
17 17
14 26
17 18
12 27
9 18
17 19
18 21
13 26
10 27
16 22
17 23
9 20
13 18
12 23
12 29
18 21
12 19
14 24
9 29
15 23
9 29
10 21
12 24
11 30
15 29
13 22
12 22
17 20
19 21
19 25
20 30
13 24
20 27
17 20
10 25
12 32
18 31
12 22
16 23
21 26
17 30
18 21
21 24
11 32
22 32
15 24
22 32
16 24
17 24
13 24
12 22
14 25
11 26
20 23
21 34
20 35
21 32
14 33
22 26
22 33
20 24
23 30
15 24
18 24
14 25
17 28
23 27
21 35
12 27
15 29
24 35
17 35
19 29
12 28
19 27
12 33
22 34
20 32
15 25
14 29
25 34
25 32
19 29
23 37
19 30
13 30
16 27
21 32
25 27
21 38
18 31
13 40
21 28
21 30
24 36
14 36
15 37
18 30
22 34
17 37
22 36
14 36
24 28
15 31
28 30
16 34
17 35
20 38
25 37
23 34
23 40
17 38
24 34
27 40
17 36
16 32
27 35
26 31
26 40
20 32
18 43
18 34
30 30
23 33
20 37
29 39
21 33
20 36
21 31
19 38
21 44
16 43
27 36
25 34
25 34
18 36
30 35
27 34
29 45
21 45
29 36
26 43
27 40
32 46
31 43
25 40
23 47
31 38
19 36
24 43
18 43
24 48
29 41
30 44
19 50
31 44
19 38
21 36
24 47
22 38
24 47
25 48
18 47
17 50
24 38
18 41
26 36
33 46
24 37
32 46
26 47
30 49
21 37
21 52
23 43
34 48
28 46
35 39
23 43
26 38
32 46
22 48
18 54
28 48
24 40
36 56
33 38
29 55
21 44
23 50
26 42
34 41
34 42
20 52
29 43
21 54
38 51
25 42
34 57
23 49
24 47
34 54
23 54
26 48
31 51
27 54
36 55
23 47
20 56
24 46
39 40
35 45
30 43
33 58
33 56
20 49
27 57
27 55
20 46
28 49
24 52
29 59
27 48
30 40
32 56
31 57
32 41
31 42
24 42
39 43
40 56
24 46
23 46
33 47
23 61
41 49
39 57
35 59
39 54
27 53
25 63
22 50
34 47
34 57
42 55
21 61
35 58
21 42
21 43
28 59
21 55
30 62
26 45
26 47
21 51
21 44
35 48
37 50
25 61
42 48
27 52
26 48
43 50
34 58
27 58
25 59
41 54
40 64
43 64
23 59
44 64
23 64
45 61
42 62
36 50
34 62
43 54
30 55
39 61
25 65
33 47
45 67
28 52
44 56
46 63
23 54
45 57
38 70
36 57
39 70
43 59
36 62
31 63
30 56
39 63
36 64
45 48
40 62
43 67
35 61
31 61
44 52
39 53
42 63
31 58
24 53
41 65
29 51
45 58
32 69
36 51
37 56
42 68
36 59
49 51
37 56
41 68
45 56
43 56
45 67
43 57
49 72
26 71
47 67
28 53
33 53
50 75
33 73
35 69
38 76
48 60
41 55
48 58
51 61
48 71
35 56
28 56
49 61
51 64
34 56
48 74
50 73
40 67
26 53
36 55
51 53
28 70
38 79
29 70
48 70
51 80
37 76
43 61
49 73
41 69
50 71
28 79
46 64
35 66
29 78
36 69
38 64
52 77
29 83
54 70
37 66
36 58
29 55
27 82
50 64
38 61
39 72
31 60
29 80
53 60
45 61
54 67
28 79
47 75
55 58
56 69
42 76
39 79
57 67
41 66
35 76
31 67
30 57
41 67
46 60
36 66
33 70
32 60
31 67
42 87
41 60
46 75
34 74
38 65
57 79
55 65
58 87
53 74
59 78
58 85
35 66
33 72
34 66
30 70
59 84
48 61
30 70
42 62
46 68
49 67
46 74
32 85
33 65
41 84
39 84
38 85
50 86
34 91
46 67
37 87
32 76
46 68
44 69
44 92
52 91
60 84
39 91
34 83
37 74
33 83
35 90
41 77
53 86
52 86
59 94
63 73
34 66
56 65
55 87
40 80
51 72
46 77
36 92
52 82
38 95
42 81
47 78
62 91
48 72
62 92
63 68
54 80
39 94
56 90
51 73
50 71
50 84
37 78
53 70
57 92
40 74
46 94
42 89
44 75
51 72
46 71
47 68
37 75
63 91
38 75
40 88
33 67
56 70
61 89
36 79
58 95
40 68
65 90
35 70
55 72
67 99
55 86
46 73
59 85
51 68
37 85
54 84
45 71
67 96
54 82
47 77
64 91
49 86
68 85
50 92
49 88
62 98
65 100
42 70
61 101
65 84
66 86
68 93
46 86
37 82
53 70
41 98
51 85
43 77
54 81
51 106
62 83
54 82
38 78
41 81
54 76
66 83
64 105
46 103
49 72
47 104
45 88
69 74
40 94
36 106
46 96
51 83
55 79
60 92
45 83
67 75
70 83
68 82
36 108
36 108
48 94
69 106
68 107
71 91
53 78
68 80
54 83
61 98
55 85
62 85
40 91
47 99
49 83
53 108
48 110
47 78
54 106
55 98
58 108
43 89
44 103
38 98
62 84
47 113
72 97
49 105
61 103
60 98
57 80
66 76
49 84
64 111
55 92
70 101
41 81
51 84
40 98
47 93
48 89
57 109
46 109
40 85
69 96
67 97
66 101
65 89
55 98
61 101
50 99
57 105
51 86
41 85
40 92
54 115
51 85
76 85
75 108
70 85
75 95
59 106
39 102
49 117
40 102
77 81
65 81
42 116
68 110
40 118
78 118
62 98
44 112
64 90
49 90
73 83
80 93
65 86
78 93
53 117
41 96
61 107
69 100
71 95
71 87
46 113
66 119
67 122
47 84
78 102
47 101
44 116
63 104
65 96
68 103
59 117
47 114
66 89
42 110
55 97
48 109
79 122
44 87
82 90
46 97
53 90
56 86
51 118
67 110
84 107
73 99
60 112
62 107
78 115
60 104
72 118
60 97
62 103
47 119
69 103
63 108
84 93
78 123
72 86
69 109
68 91
57 104
55 124
77 87
72 110
50 123
52 98
53 106
45 124
56 87
68 99
55 111
80 87
45 128
66 95
79 131
50 111
85 97
74 121
45 124
58 89
50 109
77 100
89 109
53 103
76 131
68 111
46 97
68 133
61 93
81 127
80 114
84 126
79 134
77 112
89 116
58 121
56 114
76 112
61 112
76 116
91 93
65 104
77 100
45 116
67 96
51 135
81 137
90 112
59 115
73 112
67 122
89 127
56 101
46 99
48 137
87 118
86 116
58 122
56 109
74 114
61 108
76 117
88 140
58 101
77 113
85 107
64 111
85 97
83 120
84 113
62 104
83 115
55 126
82 129
50 124
92 123
86 94
50 109
80 95
87 141
51 140
76 128
54 120
69 103
86 108
80 97
70 138
62 126
92 128
66 113
56 121
61 107
77 126
90 141
78 115
75 99
50 133
58 97
68 116
78 143
64 114
77 142
94 108
87 116
82 146
87 100
81 122
60 120
83 120
81 143
76 114
89 142
61 133
50 99
60 113
90 131
75 147
70 114
94 149
96 102
76 140
65 103
55 147
50 102
93 149
76 127
97 130
63 110
76 99
65 121
95 149
96 139
55 108
83 104
51 109
85 105
80 147
84 107
69 139
98 144
78 114
64 129
77 110
77 149
93 149
74 125
74 132
90 100
68 111
75 137
96 101
74 121
87 120
17 90 213 229 288 350 415 487 490 517 566 719 720 734 752 767 927 989 
18 21 46 98 191 298 321 339 499 618 627 639 662 708 735 795 843 929 969 
26 1 36 55 114 150 159 177 181 217 227 344 387 586 587 606 613 628 634 635 672 756 792 799 848 872 928 
15 1 92 124 327 333 336 390 401 558 696 702 732 780 789 908 
23 17 80 84 115 164 260 276 279 289 330 337 352 399 505 539 556 589 652 711 714 801 883 977 
17 13 50 77 199 235 316 331 468 494 577 700 711 789 821 829 838 987 
19 77 128 434 458 490 511 547 550 575 639 642 647 651 812 915 947 953 982 998 
17 119 149 275 277 378 388 436 492 506 536 567 607 620 709 769 907 934 
19 52 58 135 138 177 213 257 287 306 327 475 631 654 734 757 792 879 885 948 
18 2 5 63 100 103 143 179 275 401 421 537 599 634 637 693 730 888 941 
16 65 117 254 277 433 462 479 554 575 633 668 673 687 750 882 963 
22 2 23 28 44 59 73 116 135 161 231 317 370 399 420 432 459 611 658 659 778 799 834 
11 13 135 384 388 425 545 701 777 788 830 969 
15 67 98 204 274 363 422 542 558 568 608 637 641 692 835 857 
24 48 126 148 180 184 227 331 374 425 435 436 485 513 569 593 600 807 813 817 826 873 902 959 971 
18 85 241 353 364 404 417 427 448 546 564 597 651 681 683 779 828 851 864 
25 5 16 32 114 171 179 201 224 296 297 316 389 450 525 527 546 594 653 679 708 742 800 803 890 929 
19 0 79 97 121 145 161 327 393 413 444 459 500 588 621 680 690 806 840 844 
14 14 96 111 174 252 323 420 453 604 714 745 784 842 988 
17 35 124 143 184 194 218 272 302 370 398 399 582 621 624 680 725 968 
11 43 108 124 148 186 455 579 672 677 803 896 
19 56 79 115 157 171 266 286 293 312 337 389 400 454 475 491 559 628 681 752 
20 15 18 62 66 81 84 304 370 428 438 451 559 619 629 630 646 680 751 846 930 
30 105 109 128 140 179 197 212 226 243 369 395 396 409 471 486 499 597 628 635 640 689 724 776 831 851 914 955 982 990 992 
25 72 117 121 147 158 163 182 208 321 364 376 469 470 516 659 666 706 746 854 879 882 930 935 936 983 
17 27 51 146 164 176 187 316 322 324 329 467 530 694 735 781 807 972 
18 34 137 193 293 311 314 338 351 509 555 584 626 670 679 723 783 838 950 
15 11 278 301 306 449 477 550 602 624 643 686 756 820 870 991 
20 31 33 66 69 98 105 159 449 459 478 532 584 611 617 673 712 755 860 908 934 
21 70 110 114 257 267 275 365 517 522 607 635 667 727 767 853 858 915 920 923 927 985 
18 10 47 120 130 140 196 265 278 375 446 567 570 693 701 864 873 903 936 
29 0 16 19 36 83 131 162 183 301 321 357 389 418 534 552 556 565 568 584 644 729 731 745 770 775 785 903 904 981 
17 10 95 154 180 245 397 411 445 469 555 605 622 706 713 813 888 913 
12 134 274 277 334 401 498 499 541 602 665 735 868 
25 38 42 197 204 237 344 364 404 420 473 535 619 639 646 650 671 721 830 864 898 953 958 960 967 988 
21 15 34 114 209 223 278 310 323 352 441 446 480 484 554 611 663 672 699 866 951 989 
25 90 154 197 250 295 309 371 461 462 542 579 596 599 609 707 747 750 760 767 775 818 845 862 870 923 
24 62 66 97 227 241 244 247 280 300 335 373 387 442 469 483 605 618 684 741 838 868 947 957 965 
30 7 82 136 198 233 237 238 251 294 330 344 369 458 526 558 651 734 752 775 776 819 843 870 881 882 884 917 935 946 955 
29 43 79 144 194 205 215 290 319 333 376 413 529 556 622 628 636 647 656 663 741 799 810 867 879 925 941 951 966 983 
23 37 45 71 94 144 275 306 316 341 363 398 501 644 651 690 699 761 772 799 807 939 961 976 
15 120 221 257 343 357 466 483 557 651 691 698 798 836 897 961 
22 76 123 184 324 331 345 380 452 476 512 577 589 591 626 652 690 773 819 820 836 920 985 
19 34 43 65 106 197 198 249 341 354 397 412 455 534 631 754 840 862 872 934 
24 17 160 169 295 329 377 405 465 576 585 632 650 654 680 686 705 708 711 758 820 874 924 938 948 
20 18 121 162 205 247 312 341 410 444 453 529 574 578 611 628 727 822 835 863 984 
23 13 28 124 185 235 239 366 454 493 602 620 626 666 732 742 748 769 808 839 843 861 866 967 
13 76 225 314 320 344 388 618 776 785 837 936 957 960 
21 12 65 200 234 296 346 354 403 408 494 596 606 655 682 720 725 733 891 948 967 989 
21 45 175 227 290 298 317 338 356 358 501 583 653 739 776 834 868 869 876 920 966 996 
21 20 82 122 157 190 193 198 199 219 246 403 414 418 530 617 698 716 745 794 832 857 
22 77 130 166 177 211 218 251 258 318 340 381 428 439 511 534 535 557 669 752 854 965 981 
20 19 29 104 115 153 208 219 222 293 378 387 482 523 686 747 767 826 926 986 991 
19 119 121 124 153 157 262 295 318 338 456 495 567 596 699 701 738 777 821 990 
15 60 121 319 322 361 378 391 661 686 722 876 902 910 960 999 
24 77 88 107 129 162 170 226 232 265 389 410 416 500 640 648 713 793 827 829 853 871 913 967 972 
19 115 198 246 328 386 407 413 430 563 572 597 649 741 743 809 835 880 909 926 
18 126 143 207 249 270 441 469 489 535 540 545 649 658 674 681 775 779 784 
18 84 150 207 270 342 350 545 588 590 603 650 709 717 721 769 786 957 981 
27 25 99 230 253 273 295 398 424 448 501 557 571 596 600 658 700 717 725 741 748 752 765 791 824 957 966 980 
23 12 13 18 20 178 228 261 363 364 380 388 443 450 474 508 557 584 605 626 632 652 799 869 
19 89 100 139 152 256 311 334 369 424 453 469 508 537 559 575 685 739 822 930 
26 46 81 136 179 209 210 240 348 380 426 469 550 560 578 583 626 643 647 719 797 827 894 972 975 981 995 
17 29 71 127 137 146 147 162 201 317 436 513 638 759 933 949 954 963 
29 7 13 52 66 89 95 187 233 353 368 373 423 487 523 575 691 694 773 798 848 850 853 875 937 950 962 985 986 987 
25 16 35 79 185 284 335 339 438 462 499 502 540 580 623 627 719 787 814 847 870 889 919 941 965 983 
15 27 157 212 258 307 381 421 570 587 706 792 849 891 928 946 
30 27 59 77 126 220 248 352 363 435 453 499 516 527 558 578 598 618 646 648 739 782 795 818 848 865 894 957 965 970 982 
16 102 199 242 286 312 344 489 504 545 564 692 695 789 801 922 991 
17 54 65 162 167 206 362 387 415 530 640 711 736 815 829 863 919 968 
21 42 125 151 184 225 278 296 306 332 400 446 541 560 594 648 685 698 786 850 890 919 
13 12 97 114 307 401 432 465 467 472 524 561 647 921 
14 20 258 277 329 337 394 475 533 561 618 660 813 926 946 
14 51 248 273 359 575 672 679 709 724 845 852 865 871 960 
18 0 29 78 122 268 299 390 411 502 505 548 612 659 704 781 892 902 928 
25 0 3 17 28 49 50 113 147 159 260 273 325 447 508 602 710 720 722 726 827 834 868 902 957 971 
24 17 114 206 301 316 327 330 331 344 355 382 383 385 491 523 568 661 719 770 797 809 858 909 990 
17 6 31 44 121 281 356 358 443 454 707 748 755 809 819 830 871 908 
20 12 39 91 166 173 254 392 426 451 460 493 538 554 581 606 668 702 808 834 881 
25 61 108 109 266 269 288 329 349 358 367 377 434 466 472 486 503 583 586 672 684 690 744 746 837 967 
22 23 24 71 203 292 319 416 474 491 540 562 581 586 665 676 700 755 758 839 863 993 997 
21 8 23 78 146 265 267 294 384 500 529 531 555 603 642 671 743 767 879 901 986 987 
15 88 121 208 268 421 442 604 672 766 806 849 920 924 943 994 
18 12 46 72 184 251 257 265 546 562 596 604 697 703 718 738 752 845 921 
26 60 91 93 215 247 295 361 363 376 420 426 445 489 598 627 660 708 723 728 739 754 760 844 877 974 987 
23 4 30 123 148 219 262 266 304 349 402 419 515 563 584 592 622 630 641 653 726 808 892 935 
20 192 274 352 354 395 401 435 527 534 563 684 710 800 834 835 840 875 923 936 950 
27 41 57 78 97 130 142 208 241 250 294 348 390 490 493 509 523 524 537 585 597 669 787 809 810 819 849 911 
18 19 29 86 121 178 269 273 359 419 423 424 433 483 658 681 753 855 865 
20 44 57 147 192 238 258 321 463 539 542 547 569 696 712 751 774 793 926 981 989 
16 53 73 176 246 327 359 402 471 496 660 721 746 792 912 922 926 
15 6 27 151 191 237 255 313 379 576 770 771 835 856 917 975 
18 65 107 128 188 239 276 289 410 451 488 506 551 619 631 684 772 855 893 
19 9 42 81 92 218 266 367 433 449 457 548 580 671 706 760 788 791 927 944 
19 5 40 83 160 311 340 400 405 442 489 558 777 833 853 868 869 936 944 979 
23 5 43 85 157 158 175 226 236 273 410 536 541 585 675 785 876 887 910 920 931 935 976 994 
20 12 62 81 92 206 218 283 287 354 374 402 407 481 557 646 833 858 871 874 887 
17 2 247 513 518 520 528 548 568 605 617 673 785 812 916 981 992 997 
24 98 107 114 294 334 344 367 387 391 432 443 447 464 492 510 570 655 728 887 902 939 947 949 965 
25 18 74 97 149 190 265 285 399 475 494 560 598 627 629 633 683 719 723 754 764 895 901 905 929 932 
23 49 182 221 235 305 387 451 484 515 534 619 685 753 770 811 820 831 843 864 898 934 940 941 
29 3 90 126 160 188 210 238 241 349 387 389 424 462 470 508 538 576 589 596 609 617 673 718 722 777 797 911 943 995 
13 80 141 189 202 300 414 434 450 476 736 778 888 959 
18 28 110 217 244 292 303 305 405 410 501 556 593 617 720 750 905 906 919 
20 78 105 123 147 178 202 230 438 455 592 652 767 798 823 859 878 928 946 958 970 
20 4 79 81 138 180 286 302 323 413 461 497 509 639 670 800 836 863 899 958 974 
29 0 78 102 115 181 190 272 310 346 412 427 473 500 549 626 634 678 686 687 727 768 798 801 841 843 849 856 904 954 
19 1 70 89 112 117 139 308 427 456 489 495 515 556 688 779 781 854 908 918 
23 8 95 183 185 259 296 332 380 419 458 472 554 579 601 623 637 639 688 784 787 802 938 990 
23 1 2 75 80 135 148 201 202 346 353 368 392 412 439 577 685 706 707 771 800 890 893 947 
20 61 83 119 148 259 261 355 619 649 667 686 698 742 808 810 844 875 881 968 996 
14 47 50 158 165 174 203 231 240 376 509 596 750 844 890 
17 88 141 163 280 294 296 319 340 406 515 518 588 640 768 802 838 975 
15 65 66 77 87 89 131 274 460 603 647 653 692 783 835 971 
20 90 136 160 275 310 318 358 464 484 560 566 670 713 725 737 797 826 861 909 910 
19 56 122 138 152 195 279 329 360 392 494 565 607 633 679 688 691 790 805 968 
26 31 152 154 161 204 212 228 242 394 403 406 411 437 471 600 640 649 692 703 797 819 845 927 958 967 970 
18 3 28 94 106 225 236 374 561 569 606 607 647 790 810 814 821 847 855 
18 68 185 217 220 261 440 446 499 508 564 584 587 749 768 806 869 902 935 
16 19 168 187 214 225 253 301 309 365 412 539 658 687 773 918 992 
19 15 32 51 87 136 145 151 186 246 265 276 311 341 346 365 411 789 801 966 
25 16 34 75 132 259 282 319 338 423 510 552 565 597 611 621 710 775 841 874 900 912 927 942 943 969 
16 101 143 195 236 247 342 366 457 555 583 603 704 753 759 879 919 
20 106 122 248 286 297 402 410 524 576 623 639 699 735 757 767 801 804 826 855 887 
22 33 64 82 103 145 196 217 238 285 286 317 366 602 636 743 751 793 828 880 925 985 988 
21 105 181 233 279 429 432 459 574 583 619 621 683 753 798 872 878 884 932 949 953 982 
20 27 150 159 211 232 248 322 355 458 483 578 632 645 676 804 853 856 891 915 939 
27 2 29 33 37 55 159 179 204 276 281 339 343 375 398 405 411 421 450 504 513 546 555 591 671 721 840 992 
21 10 56 135 146 235 279 302 315 389 463 551 566 567 689 726 759 786 821 913 916 945 
21 58 135 139 155 173 190 205 268 289 417 419 503 580 629 709 710 764 787 889 973 984 
25 74 182 194 316 330 338 355 360 404 406 471 473 511 544 738 740 746 787 818 828 852 864 932 933 942 
15 46 68 240 259 359 366 388 464 496 569 588 683 706 708 906 
20 9 26 170 276 328 339 375 452 498 526 581 602 604 648 675 682 693 736 744 987 
15 76 236 376 387 448 497 583 615 698 714 729 831 905 958 977 
20 60 76 84 249 394 400 402 452 476 525 612 688 742 749 761 834 862 863 937 949 
22 31 42 78 116 121 122 136 149 301 323 345 397 413 490 540 663 685 751 879 900 940 982 
18 93 111 186 192 516 535 566 571 641 691 761 811 839 842 862 912 913 982 
21 1 118 211 235 302 307 353 365 403 508 564 596 633 641 646 689 694 843 908 952 964 
15 76 116 320 368 379 452 506 514 519 526 664 679 683 747 776 
16 30 48 80 81 123 200 273 318 337 436 477 564 582 771 853 872 
29 32 58 122 140 158 186 239 249 254 267 288 362 390 437 444 488 510 591 604 660 678 709 775 778 810 908 914 926 946 
20 8 149 163 299 345 395 419 423 638 664 665 698 738 791 871 883 928 950 952 968 
23 47 48 56 122 125 127 136 255 260 328 403 461 472 474 523 639 667 691 706 791 818 881 983 
17 59 91 414 432 504 513 649 650 662 683 684 744 785 802 904 934 958 
17 25 79 99 125 145 180 345 433 440 620 659 670 696 750 934 973 984 
26 14 58 204 217 220 271 281 317 348 352 357 378 463 489 517 525 539 574 590 670 712 745 758 785 888 929 
24 58 105 118 157 246 274 291 293 297 353 372 374 381 400 444 551 583 617 626 707 749 763 812 963 
11 45 217 220 393 409 552 575 676 679 857 965 
17 49 67 185 189 207 260 265 313 338 343 374 701 768 838 892 921 951 
19 56 145 146 155 240 347 399 473 514 628 797 811 883 921 922 923 965 970 978 
24 27 57 87 124 127 144 236 264 269 273 288 309 351 374 512 538 574 632 644 670 690 701 719 837 
21 38 93 307 322 345 429 432 433 479 516 627 635 657 723 737 760 775 788 846 944 971 
25 26 106 125 149 167 187 188 204 242 243 263 284 356 367 573 583 596 634 654 664 728 756 806 832 984 
22 2 87 118 169 191 225 273 293 308 445 499 519 525 534 620 625 636 839 842 856 905 911 
22 85 132 173 287 306 366 421 422 434 478 492 524 585 614 685 736 790 853 885 904 925 965 
20 82 128 141 151 231 388 397 471 489 510 622 630 642 702 768 844 859 893 959 986 
18 45 116 166 172 176 327 372 391 502 586 646 668 797 880 940 982 986 993 
17 115 144 245 294 379 385 404 492 512 574 662 700 721 746 794 907 983 
22 32 109 158 161 210 243 267 274 377 460 476 507 541 574 687 743 754 784 808 822 919 938 
24 1 4 44 117 133 137 222 232 247 279 303 579 614 720 747 770 788 811 825 836 888 910 946 993 
18 80 153 165 184 271 396 454 509 549 611 648 660 677 762 790 902 931 972 
14 123 214 228 470 572 574 652 671 756 828 844 894 935 988 
22 53 70 79 188 278 306 447 490 509 528 608 702 707 715 783 802 804 805 841 889 961 984 
23 6 13 69 179 225 337 347 364 407 479 504 566 663 675 744 748 803 816 857 903 958 972 984 
19 57 61 68 76 135 179 235 308 367 383 478 618 661 687 756 827 853 884 930 
18 12 48 76 121 163 235 342 397 398 442 486 534 545 674 695 715 962 966 
23 15 22 46 94 189 252 326 340 347 371 377 415 554 603 662 684 688 694 750 753 824 896 959 
22 137 164 275 393 491 493 531 546 547 664 693 741 743 744 751 823 837 843 880 937 951 973 
18 22 125 230 235 283 352 363 470 534 615 658 698 734 750 818 855 922 934 
13 21 33 496 508 518 803 868 870 887 891 908 938 961 
19 57 59 129 158 309 320 347 397 411 458 543 554 599 630 926 936 957 985 988 
17 67 69 86 179 206 219 246 308 333 363 586 629 683 724 826 872 876 
19 127 145 156 160 262 276 328 337 465 495 536 563 603 825 836 848 960 978 994 
12 339 425 432 508 575 699 742 751 789 845 948 974 
25 3 24 57 67 69 86 121 159 164 168 460 461 535 537 538 707 734 806 820 846 897 903 904 971 978 
22 43 207 223 287 520 553 555 565 585 596 620 646 650 687 765 780 865 881 903 924 939 970 
15 43 122 144 161 205 229 248 755 767 793 835 853 888 914 919 
19 60 96 108 152 205 238 239 266 442 505 554 658 843 851 940 945 956 981 983 
24 142 144 168 173 237 250 267 316 399 416 484 485 514 547 563 708 720 757 763 783 809 873 902 959 
28 4 44 82 167 186 198 227 290 308 342 443 456 485 661 689 703 710 742 772 807 832 844 847 854 862 866 903 935 
16 1 45 100 226 282 312 398 502 503 549 666 845 850 911 957 964 
14 47 252 348 408 422 474 514 517 612 648 670 762 798 816 
20 21 80 123 377 388 469 536 544 601 602 627 700 724 741 759 761 783 784 937 999 
22 123 143 189 320 325 470 574 589 631 706 716 745 753 763 784 841 952 962 973 979 995 996 
18 25 30 83 143 153 257 303 341 437 503 543 655 659 673 805 806 879 977 
14 9 138 375 393 555 587 697 734 737 757 762 788 934 954 
18 88 157 268 293 392 450 460 524 528 532 559 769 783 786 885 887 921 927 
28 7 129 179 216 234 250 258 270 315 332 340 354 389 397 428 443 500 526 548 571 658 689 826 839 877 889 895 969 
17 42 236 379 382 433 501 521 576 592 613 658 665 680 692 742 767 837 
17 0 226 236 313 365 398 406 595 610 629 639 671 730 783 823 869 910 
21 22 54 76 107 200 259 310 356 363 364 415 491 602 608 630 656 695 758 817 882 912 
20 24 44 126 157 293 298 375 391 420 556 563 584 612 617 807 836 846 880 937 966 
21 150 175 225 229 274 287 346 382 414 445 536 649 659 670 737 741 754 800 863 875 981 
19 63 135 137 191 197 237 263 318 337 577 585 597 674 684 749 755 807 874 985 
19 42 118 122 174 357 368 412 435 486 514 565 590 715 721 769 850 926 931 974 
28 0 56 106 158 221 265 269 277 280 295 328 344 451 469 508 537 595 608 707 734 766 780 786 834 846 860 864 909 
16 14 30 68 99 116 228 360 383 500 605 852 862 886 965 969 998 
16 193 253 264 291 307 355 387 422 459 485 616 712 722 767 873 976 
27 0 14 39 77 78 87 99 101 209 328 431 509 557 567 643 731 743 750 751 799 847 854 909 942 947 983 991 
17 35 88 122 165 235 271 327 416 458 477 483 722 796 859 899 938 956 
