200 1000
0 2
1 1
1 2
0 1
0 1
0 1
1 2
1 1
1 1
2 3
1 2
1 3
2 3
1 2
1 2
1 2
2 3
2 3
2 4
2 3
2 3
3 3
2 3
2 3
3 4
2 4
3 4
2 3
4 4
4 5
4 4
3 4
4 5
4 5
3 4
3 4
3 4
4 5
4 4
4 4
4 4
4 4
4 6
4 5
4 5
5 5
4 5
5 6
5 6
5 5
4 5
4 6
5 5
5 5
5 6
4 6
4 5
5 6
6 6
5 7
6 7
6 6
6 7
6 6
5 6
6 7
5 6
6 8
7 8
6 7
6 7
7 8
7 8
7 8
6 8
8 9
7 9
7 9
7 9
7 9
7 9
8 9
9 10
9 9
8 10
9 9
8 9
8 9
9 9
9 9
10 10
10 10
10 10
9 11
9 10
9 11
10 11
9 10
10 11
10 10
9 12
11 13
10 13
11 12
9 13
11 12
9 11
10 13
9 13
9 13
11 12
10 14
10 14
12 14
10 12
11 14
12 14
12 14
10 14
11 14
11 12
13 13
12 13
11 13
11 15
13 13
13 14
11 15
11 14
11 13
13 15
13 13
11 15
13 14
13 14
12 16
13 16
12 16
14 15
13 14
14 15
12 14
12 15
15 15
15 15
14 16
13 17
14 15
13 17
13 17
13 15
14 17
15 17
14 16
14 18
14 16
16 17
16 17
15 18
15 17
14 17
15 17
17 19
16 19
15 18
16 17
17 18
17 18
15 19
17 19
17 19
18 18
18 20
18 18
18 18
17 20
18 18
17 18
17 19
18 18
18 19
17 18
17 20
17 19
19 20
19 19
18 19
17 20
18 20
18 20
18 19
20 22
18 21
20 21
18 21
18 22
18 22
20 22
19 21
20 23
19 24
20 24
19 22
19 23
21 24
21 23
21 24
18 24
19 25
20 22
21 22
19 24
21 23
19 25
22 24
22 24
20 25
23 23
22 25
23 24
22 25
23 23
20 23
23 26
21 25
20 25
21 24
21 25
21 23
22 24
23 23
23 25
23 24
21 27
21 27
21 27
21 27
22 25
21 26
22 27
24 26
21 27
25 26
23 27
23 28
23 26
22 26
23 27
24 26
26 26
25 29
24 28
23 28
25 28
25 26
23 29
26 27
25 29
26 27
26 30
24 29
25 29
24 27
26 29
25 30
27 30
25 27
25 28
27 27
24 28
24 30
26 28
28 31
26 30
27 29
25 29
26 31
29 29
26 29
29 29
26 31
29 29
26 30
27 31
28 33
27 31
27 33
28 33
27 33
28 31
27 31
31 31
30 34
31 34
28 34
29 33
32 34
30 36
30 34
30 33
29 35
32 33
32 32
32 36
32 34
31 35
30 36
33 33
31 37
30 33
30 34
32 36
31 35
30 35
33 33
32 33
33 37
32 36
31 34
33 34
32 37
34 37
30 37
32 34
33 34
30 36
31 36
33 37
31 35
34 34
34 36
32 35
34 36
34 35
31 36
31 37
34 39
31 39
33 39
33 39
32 35
32 38
36 38
33 39
32 37
36 40
32 36
35 40
36 37
36 40
33 37
32 39
36 37
35 37
35 40
34 37
35 37
33 37
36 37
34 38
37 40
37 37
36 38
34 38
36 40
37 39
36 38
34 41
33 40
34 37
33 38
34 40
36 39
34 38
33 37
36 40
36 41
34 42
35 38
37 39
35 38
37 41
36 42
34 38
35 43
38 40
37 39
37 42
36 39
38 42
36 41
38 40
35 41
37 43
39 40
37 43
38 42
39 41
38 44
36 40
38 42
39 45
39 46
37 46
41 42
41 45
41 43
39 41
36 45
40 42
41 41
37 41
41 42
37 41
41 43
37 44
38 44
41 44
38 43
38 46
40 45
41 44
40 45
41 45
40 46
40 44
41 42
42 42
40 47
39 42
38 46
37 47
42 47
39 43
39 48
42 46
43 47
40 43
38 45
39 43
40 46
41 43
38 43
39 48
41 49
42 46
40 45
39 46
41 46
44 48
44 45
43 45
40 49
40 45
40 48
40 48
41 47
41 47
43 45
40 48
45 49
45 48
43 49
41 50
42 47
41 48
44 47
44 50
43 51
45 50
43 48
42 46
43 51
44 50
47 49
43 52
43 47
43 49
48 49
47 50
43 51
46 53
43 48
48 52
47 48
46 50
46 52
43 53
44 52
44 53
44 48
46 53
44 50
48 51
45 52
45 54
48 49
45 50
45 50
48 49
47 55
45 55
48 50
46 53
50 50
46 55
45 54
49 52
48 52
50 51
46 52
46 54
51 55
45 51
48 57
47 57
50 57
47 56
50 55
45 55
51 51
46 56
50 54
47 51
50 54
49 54
48 53
48 53
51 52
49 55
49 52
48 53
50 56
46 56
52 56
49 54
51 57
52 55
51 53
52 57
51 56
51 54
50 59
54 54
53 55
50 57
54 60
52 58
50 58
49 59
50 58
53 58
49 54
50 56
54 58
48 55
50 56
51 56
54 60
55 55
53 55
50 56
53 55
50 60
55 59
49 58
52 60
50 56
55 60
56 59
53 57
54 58
55 61
55 59
50 60
56 62
50 56
54 57
56 57
52 58
55 59
52 61
53 57
56 62
52 62
57 62
54 62
52 57
55 61
55 58
56 59
54 62
57 59
57 64
58 59
57 63
57 64
58 62
56 64
53 60
57 61
55 60
56 65
53 60
53 64
56 63
59 59
54 63
55 61
53 61
58 60
55 63
57 61
54 64
55 65
54 66
58 60
55 62
57 63
54 64
60 64
57 62
59 66
59 65
59 65
56 66
58 60
59 65
59 66
55 65
59 62
54 68
54 66
61 68
54 64
56 62
58 62
56 68
60 64
56 65
56 64
55 65
61 68
58 68
57 62
56 63
62 69
62 67
60 68
59 69
63 66
58 70
57 69
60 64
59 66
58 70
59 69
58 70
57 71
63 71
59 68
60 69
63 69
61 70
62 69
60 67
61 69
61 69
64 66
61 65
61 71
60 67
64 72
63 68
65 66
59 67
64 73
66 70
61 67
59 68
61 73
60 72
61 70
61 73
62 71
66 73
60 73
61 67
63 72
63 70
63 70
66 73
60 71
62 73
66 70
60 74
67 70
63 73
62 74
62 68
68 71
62 72
65 69
66 72
67 70
68 74
67 74
66 75
66 70
67 74
62 73
62 75
67 74
63 71
68 76
63 74
68 71
68 74
69 71
64 79
63 73
66 77
70 76
69 77
63 75
67 78
64 71
65 73
63 78
64 72
65 77
71 75
64 79
71 73
71 78
72 77
67 75
64 78
71 74
71 73
64 74
69 72
65 81
70 74
71 79
70 77
74 76
74 77
68 82
72 75
75 76
72 82
75 77
67 78
73 80
75 76
72 77
73 83
75 76
72 81
67 80
71 82
75 77
75 77
76 79
69 80
73 84
76 76
69 78
72 76
75 84
75 80
77 77
73 77
77 80
69 79
75 78
75 85
72 81
72 83
75 81
74 84
78 78
73 85
76 81
72 86
75 80
78 83
71 85
73 86
78 83
78 83
74 86
75 80
72 79
71 84
72 83
74 81
72 82
79 88
73 86
73 83
80 80
79 86
72 81
78 85
77 89
76 87
75 86
73 86
81 82
79 86
73 85
75 82
78 85
78 82
78 82
77 82
78 90
78 88
79 87
79 83
75 86
83 83
76 85
80 85
79 90
83 83
78 89
77 85
80 86
74 89
83 87
74 83
79 92
84 87
75 89
81 93
79 90
81 85
79 88
76 87
82 92
82 92
84 87
77 85
84 90
83 94
84 94
79 93
83 93
82 88
84 94
78 87
77 91
85 87
82 89
84 94
82 93
84 86
79 94
85 95
79 92
86 96
78 89
81 91
87 93
80 91
82 95
87 90
83 89
82 94
83 94
78 93
83 92
88 97
81 89
86 96
80 97
84 97
84 97
84 93
84 94
83 89
88 89
81 91
83 89
82 94
88 98
87 93
85 92
81 89
83 90
82 94
86 92
85 97
88 98
83 91
82 100
86 92
83 101
91 101
82 95
89 93
87 99
91 95
85 100
85 93
86 93
91 92
85 102
83 102
84 93
84 99
84 98
85 98
86 101
91 98
89 99
88 103
88 103
83 99
84 101
88 101
83 103
84 101
84 99
88 100
90 94
84 102
89 95
87 101
89 104
91 101
93 101
90 101
92 101
89 94
86 104
87 94
90 101
88 95
94 97
89 103
85 98
92 100
87 104
85 95
90 96
85 101
87 104
86 97
90 96
95 95
85 101
87 104
87 103
88 104
88 101
93 97
87 98
91 104
87 103
90 103
87 99
93 102
94 99
93 104
88 106
92 102
95 101
87 98
89 103
97 101
90 100
94 102
91 103
98 103
94 103
98 101
88 106
90 99
95 101
97 101
91 103
91 99
97 103
89 102
98 101
93 100
97 106
89 101
96 103
90 103
93 109
98 105
95 106
97 104
94 103
93 103
18 17 112 163 269 308 319 380 403 409 432 451 490 586 638 843 854 934 969 
21 9 16 58 183 237 253 354 418 422 443 447 611 624 676 684 687 706 756 843 947 950 
16 219 272 283 293 345 433 445 510 586 718 745 752 787 922 956 974 
16 16 27 164 217 316 339 404 406 446 462 541 661 747 919 965 986 
17 16 69 103 123 162 202 288 362 380 602 633 656 800 861 885 949 992 
18 176 177 205 209 233 253 339 343 369 379 405 411 701 703 744 766 909 913 
22 17 21 145 219 222 237 238 308 428 476 534 556 580 642 681 795 798 800 865 879 907 981 
31 28 32 67 111 186 244 284 342 366 390 407 417 443 534 568 574 630 631 661 704 746 769 772 774 802 855 863 909 950 975 996 
16 20 126 184 293 346 439 472 503 519 526 589 602 762 883 894 938 
22 102 173 289 342 349 396 455 487 522 535 664 765 774 846 851 870 873 876 958 986 995 999 
15 33 53 68 102 265 483 534 567 612 620 629 651 688 773 868 
26 18 90 154 162 206 274 328 347 428 434 437 487 504 559 561 607 718 733 760 787 803 827 866 870 931 974 
22 127 162 201 205 233 290 308 318 324 402 404 481 654 655 684 706 730 842 893 937 951 991 
15 47 172 182 190 279 460 567 576 604 630 790 811 817 835 962 
22 11 112 124 139 297 320 353 378 433 454 515 539 562 603 615 666 790 818 851 853 866 928 
19 58 64 144 246 258 259 297 306 338 358 415 436 478 526 625 802 908 970 982 
18 28 29 122 344 346 426 466 526 538 543 559 560 617 686 840 862 904 950 
25 61 76 102 141 234 305 306 382 392 487 515 531 537 567 601 652 658 666 688 693 700 701 884 885 942 
22 29 63 90 154 212 217 225 255 373 443 501 562 715 801 810 823 824 918 935 963 969 992 
24 60 103 114 202 298 343 370 388 391 423 433 434 447 475 567 618 645 658 675 700 751 856 863 983 
22 72 135 156 198 233 271 418 440 507 525 529 531 544 604 657 714 730 822 839 843 880 955 
13 40 226 252 296 394 443 453 460 527 562 648 825 982 
19 20 21 60 67 90 154 237 298 367 448 461 531 636 662 680 805 860 886 929 
24 30 75 206 210 234 243 244 299 441 485 512 514 589 593 622 664 673 775 785 813 871 877 889 897 
12 46 107 191 303 354 445 470 561 643 687 692 742 
19 22 45 62 92 93 272 278 287 362 363 378 415 526 558 628 817 852 854 981 
19 144 178 250 448 506 512 523 579 628 674 752 768 771 805 806 834 853 885 977 
17 6 11 46 67 100 183 272 417 635 648 725 753 803 879 899 904 967 
14 208 251 305 321 577 618 639 645 723 904 914 955 975 989 
17 19 33 74 100 149 171 209 235 345 417 548 557 570 594 831 839 859 
18 5 10 219 319 371 385 390 392 509 518 530 585 615 641 648 793 859 903 
20 39 66 78 85 97 107 144 200 343 358 379 421 476 496 591 630 649 722 898 899 
17 160 333 371 430 433 543 582 635 684 694 729 818 864 890 892 994 995 
20 167 187 199 338 346 369 420 440 462 485 498 507 528 557 594 643 686 721 812 828 
28 28 49 88 100 137 182 191 240 244 288 302 362 479 515 529 561 685 695 732 759 805 823 825 840 907 920 959 996 
16 18 101 123 253 308 353 377 434 468 486 582 604 648 650 685 948 
18 42 117 130 146 208 240 284 376 433 518 536 632 688 752 887 922 930 946 
17 69 131 161 222 230 355 360 416 484 488 496 571 682 774 862 892 950 
26 14 28 42 110 155 162 171 223 259 262 334 336 501 656 682 699 700 718 731 751 761 805 846 938 939 997 
20 19 49 70 104 107 153 159 327 366 447 483 489 497 594 598 777 781 834 861 966 
20 25 107 111 163 165 220 221 249 297 422 453 460 491 519 568 589 607 683 715 931 
17 135 215 236 241 348 358 377 401 504 659 706 712 842 848 894 936 939 
21 81 135 145 146 147 210 306 326 376 390 459 480 537 648 743 755 777 778 791 929 945 
22 30 54 57 77 100 142 173 214 235 291 391 434 525 538 544 575 673 742 835 839 896 957 
22 29 31 42 91 102 112 118 152 165 360 456 536 537 547 659 665 734 768 793 797 877 976 
24 18 104 174 195 261 264 291 310 380 385 437 471 480 520 543 595 630 638 700 709 725 751 888 951 
23 1 47 72 99 127 145 158 211 263 406 627 628 676 690 745 762 822 842 850 884 933 952 964 
20 2 132 252 277 285 420 433 477 577 618 648 679 716 731 788 817 930 976 981 985 
16 23 58 91 96 270 279 284 361 433 461 484 497 629 724 799 919 
24 75 184 218 245 317 358 360 368 444 450 537 538 663 671 682 701 720 733 775 864 972 974 990 995 
24 27 28 92 176 218 271 276 281 292 321 344 446 449 533 547 621 650 696 759 796 835 855 906 915 
20 17 20 164 203 370 401 522 561 601 677 704 720 731 781 782 790 839 861 905 967 
23 58 143 146 178 199 232 262 342 344 391 461 478 637 640 660 689 719 753 797 839 841 915 968 
20 29 102 173 287 291 395 408 420 431 460 563 623 625 801 834 836 857 907 974 993 
26 53 94 97 197 220 268 283 306 312 316 410 519 521 533 538 553 565 616 629 669 671 738 851 958 965 985 
27 8 69 75 83 129 251 297 330 359 381 439 465 486 514 626 629 651 655 689 706 753 773 812 857 913 936 945 
27 17 31 44 151 165 208 249 296 311 375 470 495 532 601 662 692 728 740 745 826 864 866 884 886 934 984 994 
19 0 46 151 175 194 200 224 243 311 331 405 439 497 588 657 781 859 947 969 
20 62 106 125 156 165 208 227 298 317 328 558 566 641 672 733 758 791 866 949 992 
28 242 261 286 328 330 343 375 409 500 555 575 579 611 615 651 687 731 733 737 748 769 823 853 855 865 917 963 981 
14 19 238 293 318 327 429 485 495 551 578 630 917 959 971 
23 33 59 71 82 192 210 236 246 348 376 400 404 424 495 542 632 657 735 816 898 900 950 982 
11 361 375 424 473 517 540 650 760 790 816 834 
21 36 59 61 125 126 143 148 164 213 234 251 451 544 545 675 707 801 824 862 921 967 
19 13 62 70 83 123 173 202 238 242 256 425 426 558 568 654 776 778 846 851 
22 49 51 81 90 156 218 225 271 298 347 364 369 438 673 738 770 797 819 837 922 946 998 
19 65 83 123 162 222 249 297 318 388 400 420 451 583 584 603 656 667 748 926 
26 4 65 102 121 167 183 255 267 367 424 451 455 543 603 619 631 655 721 738 834 874 945 957 970 982 999 
20 62 370 376 386 457 525 550 574 656 686 737 757 824 867 892 907 921 943 975 980 
21 3 72 86 89 231 262 365 402 415 436 463 469 474 601 655 837 863 866 883 944 970 
25 30 162 283 299 320 346 362 455 462 465 552 605 660 678 706 710 732 786 791 804 825 851 875 896 994 
21 13 29 59 81 114 217 245 254 301 423 457 525 545 649 746 757 764 884 922 977 998 
26 45 48 121 171 252 342 349 357 399 402 410 415 417 456 463 501 520 525 530 548 595 772 798 822 860 907 
20 44 48 211 291 301 306 355 358 412 435 495 547 628 742 753 763 800 840 868 976 
20 16 30 234 251 305 416 452 479 481 502 572 640 694 796 862 899 902 911 920 994 
19 76 112 166 233 260 273 275 337 425 516 526 527 560 590 629 650 656 766 841 
21 96 101 128 135 254 298 323 327 344 379 384 423 552 637 667 689 708 796 839 869 984 
29 0 32 108 171 172 209 234 250 375 394 404 476 532 548 549 553 591 593 642 670 731 745 754 795 823 842 864 916 967 
18 159 219 250 341 395 396 403 540 651 672 690 742 852 900 910 923 926 978 
20 111 203 235 239 290 312 381 389 419 425 434 452 488 571 743 750 908 934 959 975 
18 63 77 84 152 221 329 363 386 450 535 574 609 615 643 767 785 885 992 
19 44 64 102 197 225 249 380 397 414 501 567 652 657 677 723 788 792 907 985 
27 15 57 69 105 108 121 186 218 259 264 312 322 456 479 512 557 590 591 655 828 830 855 876 886 926 947 971 
19 42 136 162 202 233 317 325 415 436 539 549 595 658 690 851 867 893 894 908 
15 66 93 227 260 405 516 570 589 628 838 883 901 919 925 972 
14 255 262 273 376 435 642 675 707 734 773 819 914 933 994 
25 23 32 75 103 200 334 344 401 421 453 464 480 506 513 514 543 590 600 661 666 792 957 964 967 974 
23 1 3 146 148 186 199 214 323 356 363 409 411 450 496 545 590 599 637 764 844 866 867 952 
9 57 162 174 305 339 401 430 688 783 
22 4 20 76 179 185 228 236 271 402 438 443 480 483 485 514 546 602 638 701 808 844 895 
20 76 103 136 229 234 296 307 397 415 423 436 464 622 659 702 783 805 851 914 921 
25 72 91 137 139 149 260 307 341 352 406 446 463 471 623 635 658 711 841 872 894 920 944 945 968 993 
23 31 98 115 218 307 324 365 372 450 468 511 513 546 616 634 665 684 703 716 747 829 870 956 
22 82 101 148 159 203 224 231 234 262 313 360 385 408 421 536 577 681 776 783 833 881 992 
25 11 18 40 45 188 296 313 363 427 435 474 511 552 581 615 617 620 632 641 719 732 750 772 784 956 
19 68 136 153 175 224 242 299 342 362 412 527 580 750 773 824 830 844 869 923 
25 6 28 45 127 185 188 292 320 362 364 420 452 462 479 503 550 607 655 735 780 782 838 845 858 875 
19 44 101 119 201 205 275 296 301 375 445 449 499 500 565 667 671 714 853 878 
20 55 131 141 166 289 292 316 332 526 596 604 668 671 691 718 751 777 862 864 906 
27 39 61 71 266 274 317 319 339 364 372 386 442 446 463 479 534 616 649 653 660 697 706 761 776 845 891 937 
10 0 79 90 137 309 525 712 726 819 981 
18 10 58 105 109 233 282 285 311 360 445 483 508 611 702 780 821 883 997 
18 0 2 7 94 269 357 402 428 434 567 591 648 682 822 862 930 962 996 
20 112 226 239 241 244 308 321 333 342 347 437 467 554 598 653 679 707 737 765 781 
18 16 29 67 246 292 384 437 454 461 535 580 672 731 775 844 865 932 996 
21 42 48 68 101 114 143 203 243 343 460 507 517 549 597 601 624 682 689 754 910 958 
22 34 78 105 147 217 252 340 403 435 451 655 706 720 750 840 852 876 910 929 933 959 968 
24 87 103 160 192 307 361 374 393 421 489 502 535 549 593 596 615 618 743 872 888 911 927 969 988 
18 61 245 299 368 383 462 467 474 551 620 719 747 784 817 932 960 967 975 
25 28 42 50 272 284 316 329 394 421 450 469 505 535 551 640 699 734 741 780 789 873 892 895 953 981 
18 5 16 54 85 134 194 223 249 345 444 466 579 597 632 661 677 685 882 
13 116 175 244 273 325 573 580 683 695 739 769 807 949 
21 5 104 126 207 220 223 286 332 464 505 544 578 695 723 726 813 845 862 908 958 961 
20 21 25 84 86 113 177 185 206 304 312 443 512 649 796 863 948 954 955 989 996 
17 100 143 166 211 243 317 331 358 508 551 560 673 708 724 748 925 929 
25 43 73 81 113 210 217 285 348 407 458 476 567 570 722 763 771 856 871 880 920 930 940 944 969 997 
24 46 128 131 335 353 375 410 426 448 505 559 578 680 682 686 698 708 826 856 869 892 927 932 935 
19 31 43 143 169 171 228 375 403 512 530 628 673 771 839 845 895 924 986 992 
21 86 121 184 194 305 404 443 481 546 568 590 613 668 675 691 698 763 771 807 815 931 
18 9 114 165 195 198 368 530 577 635 649 671 696 703 784 803 816 894 955 
12 1 67 116 148 220 288 433 580 717 765 814 870 
21 87 88 129 143 153 209 235 300 336 343 358 402 489 581 654 670 683 700 913 993 994 
19 24 38 47 108 155 219 368 403 531 592 616 687 697 831 849 923 936 955 992 
19 43 127 208 318 322 418 486 702 735 754 755 763 841 847 883 920 940 973 974 
17 3 32 57 137 267 271 293 415 427 461 500 617 672 810 968 971 995 
12 119 172 289 323 376 517 543 861 932 938 952 977 
22 31 34 101 111 122 153 261 346 452 478 490 521 541 571 610 628 662 674 772 847 908 976 
15 17 166 179 180 345 379 394 444 527 570 647 694 789 961 968 
15 57 93 115 225 376 458 608 610 629 675 682 710 824 827 919 
22 52 57 91 118 122 160 280 294 335 474 478 491 554 588 589 733 751 808 878 970 976 993 
17 49 81 100 104 209 243 278 343 395 583 609 619 725 780 871 889 941 
21 17 37 154 163 174 193 227 261 285 309 505 530 727 746 773 820 852 893 929 939 957 
16 113 125 147 154 171 217 280 331 354 359 406 500 513 561 619 690 
18 68 168 220 294 305 310 313 318 336 359 512 513 656 745 758 797 826 861 
23 69 124 164 184 195 221 242 245 265 277 349 367 424 453 543 590 592 718 786 861 912 923 999 
15 58 177 243 256 297 450 564 593 719 734 739 909 912 931 945 
18 10 101 124 135 190 209 216 342 413 416 524 610 644 659 749 766 842 893 
22 22 51 129 152 158 166 191 260 325 344 361 398 482 515 525 563 629 650 693 875 888 978 
19 50 116 138 320 359 450 502 583 646 667 740 771 773 853 856 867 898 946 978 
20 34 83 87 134 163 422 451 478 521 524 640 674 720 739 779 854 865 921 931 995 
14 6 23 50 94 201 247 326 433 546 606 799 896 976 979 
22 10 67 107 124 193 257 261 330 363 405 475 557 573 688 693 732 910 919 971 977 985 993 
20 66 68 100 115 125 204 278 287 305 306 492 504 528 539 585 653 684 718 747 829 
17 12 51 71 221 338 417 427 528 615 668 750 829 855 868 874 909 923 
15 37 64 133 136 170 419 460 466 537 583 592 807 864 865 875 
22 18 63 66 68 84 121 133 187 264 276 277 309 365 375 419 569 575 605 657 683 832 996 
27 46 69 106 143 208 377 388 454 502 649 652 658 718 742 775 818 838 869 875 880 886 909 920 944 946 949 979 
22 18 37 38 82 90 122 132 178 191 221 274 280 286 441 469 539 578 606 677 887 951 975 
16 44 50 109 263 266 291 350 396 452 528 594 608 634 767 885 892 
21 9 101 152 177 178 192 342 350 401 434 481 503 546 553 577 605 618 630 711 794 885 
23 62 81 143 236 323 352 415 426 440 467 516 585 664 672 674 798 810 897 900 944 951 971 972 
19 30 152 168 175 273 345 477 499 633 653 714 721 789 849 875 879 895 899 948 
22 57 59 168 186 230 239 260 295 329 351 443 482 559 592 600 674 683 784 815 830 836 890 
20 41 52 132 157 176 310 435 447 500 557 559 584 628 664 665 709 756 806 852 911 
21 65 78 247 290 307 320 349 416 423 472 532 576 587 682 715 764 794 823 836 924 949 
20 3 17 200 300 366 503 529 578 755 828 863 883 898 901 912 916 945 960 979 982 
18 4 26 70 135 144 257 292 303 309 316 318 416 422 566 676 774 925 970 
23 24 77 122 193 212 284 294 305 311 378 394 404 408 418 474 494 560 592 660 867 921 941 972 
14 19 57 169 191 211 217 244 359 361 460 501 509 755 804 
11 60 150 287 352 557 572 621 682 820 847 888 
14 43 47 135 149 187 250 295 350 564 608 728 881 911 948 
23 2 82 106 155 181 235 286 419 544 552 582 599 633 672 673 687 732 744 764 785 848 922 953 
17 14 105 245 317 337 351 389 433 545 573 581 595 683 742 821 843 925 
19 21 171 222 291 384 443 482 533 578 579 621 631 684 742 763 805 858 946 948 
23 100 137 263 344 365 404 453 464 488 493 520 527 569 646 666 692 752 779 782 809 825 852 997 
23 24 79 125 126 172 193 378 399 420 438 468 517 529 544 569 668 762 792 798 901 960 968 975 
16 7 140 254 342 351 377 555 605 704 709 738 780 903 913 919 926 
24 155 162 185 189 214 228 242 292 301 319 332 369 385 479 571 603 604 644 652 705 759 785 884 983 
17 91 179 218 285 377 384 454 490 515 579 581 799 835 915 924 930 936 
25 19 52 71 105 119 196 199 219 367 422 504 516 550 567 602 640 701 732 736 827 840 878 887 957 997 
20 56 78 156 220 235 321 336 416 460 605 650 686 714 739 762 809 857 942 953 995 
17 70 224 233 237 277 318 345 452 510 548 563 577 672 691 762 772 983 
17 25 82 122 136 152 385 444 534 584 593 640 678 754 764 788 865 960 
13 5 33 58 86 258 259 274 278 283 337 436 572 837 
20 60 92 189 283 310 336 355 384 416 478 481 547 569 636 806 863 886 918 924 967 
23 1 9 35 94 111 122 155 162 184 288 322 395 398 425 494 536 557 602 787 816 903 905 956 
10 130 167 188 340 361 363 373 377 715 983 
23 64 104 204 208 219 248 250 296 316 465 500 612 705 758 762 805 809 811 815 872 882 929 947 
16 22 84 88 187 212 242 395 501 572 664 665 671 765 781 875 974 
22 8 34 59 71 100 145 263 268 342 386 401 475 484 548 634 800 873 897 929 935 954 988 
24 36 38 79 85 95 106 138 167 229 337 435 491 494 513 587 616 619 672 676 685 708 788 808 998 
27 61 117 142 176 192 359 360 364 417 418 461 498 514 534 568 631 632 664 678 685 691 692 734 783 902 919 987 
21 43 116 157 260 286 302 419 523 534 547 562 623 633 665 674 735 787 799 851 861 895 
24 18 36 147 163 172 221 226 246 315 322 324 382 387 550 622 671 680 729 736 750 771 801 892 954 
17 4 238 249 316 348 356 365 378 528 540 587 614 826 841 877 935 947 
11 59 118 140 153 164 506 805 910 912 934 980 
29 0 20 32 45 121 181 191 256 264 300 387 389 401 402 436 480 503 553 563 586 615 671 718 793 832 834 868 970 990 
24 0 17 77 121 152 161 168 201 212 366 411 438 484 513 558 703 714 724 736 822 887 920 956 961 
18 35 43 44 85 92 106 180 183 223 259 364 482 504 536 591 780 834 984 
18 22 95 173 291 300 319 360 387 429 554 560 596 651 713 746 856 858 981 
18 1 2 18 70 115 124 191 279 293 314 405 545 636 707 789 876 902 992 
19 16 42 65 76 128 138 196 314 397 418 454 527 564 710 767 861 884 908 969 
16 12 53 73 136 174 204 213 316 358 518 588 627 696 700 883 937 
16 48 123 130 199 249 261 347 478 529 601 640 679 711 756 782 973 
22 19 60 74 117 158 338 359 403 483 564 577 626 649 722 736 787 796 802 854 877 933 993 
23 75 80 89 113 183 213 217 296 361 394 398 407 419 480 494 502 534 558 565 579 727 914 993 
22 16 57 120 139 192 209 218 226 279 324 396 582 589 606 652 663 713 815 835 946 992 995 
20 7 63 153 157 169 248 326 479 581 597 609 617 631 659 666 671 854 916 987 994 
14 293 317 475 525 603 606 669 676 768 805 806 932 944 984 
22 26 35 93 123 150 259 319 403 413 482 544 617 634 702 707 737 757 772 774 836 893 977 
