200 1000
1 1
0 1
1 2
1 1
0 2
0 2
1 2
0 2
0 2
2 2
2 2
2 3
1 3
1 3
2 3
2 3
2 2
1 4
2 3
1 4
3 3
2 4
1 3
3 3
2 3
3 3
2 4
2 3
2 3
3 3
3 5
4 5
2 6
4 4
2 5
2 5
5 7
2 6
3 8
5 6
4 8
2 7
4 5
2 7
3 7
6 8
3 6
4 6
6 6
5 9
4 8
5 8
3 6
4 7
3 10
3 8
4 11
3 9
4 8
4 9
3 11
5 8
3 7
4 9
4 7
7 9
8 10
4 12
4 12
8 11
6 12
8 12
5 11
6 9
8 10
5 10
5 14
6 12
8 14
6 9
8 9
5 10
4 11
5 10
9 10
4 11
7 9
6 9
8 12
9 10
9 9
8 9
4 13
10 12
5 15
9 13
8 12
8 12
7 15
7 12
8 15
10 11
7 10
8 12
5 11
5 12
5 12
6 12
7 15
6 17
7 11
8 14
10 13
5 11
7 11
8 17
9 16
9 16
8 12
8 14
8 17
10 16
10 17
12 15
12 18
12 17
13 13
7 14
8 17
12 13
10 14
11 15
13 13
9 19
6 19
9 19
6 20
10 20
12 21
7 15
14 15
8 16
10 19
13 21
9 14
8 14
10 21
11 19
10 19
13 22
7 21
7 22
10 16
10 24
16 24
11 18
15 16
10 19
16 24
13 16
9 22
13 20
15 23
11 18
9 24
10 18
8 24
10 20
13 18
10 19
16 25
12 17
9 26
12 25
16 25
17 25
10 26
11 20
16 27
15 25
14 18
9 21
10 21
18 18
14 26
17 18
12 28
9 19
18 20
19 22
13 28
10 29
17 24
18 25
9 21
14 20
13 26
13 30
19 22
13 20
15 25
10 30
16 24
10 31
10 23
12 25
11 32
16 30
13 23
13 23
18 22
19 23
19 27
22 33
14 27
22 30
18 22
11 26
13 33
19 32
13 23
17 24
22 27
18 31
19 22
22 25
11 34
23 34
15 25
23 34
16 25
18 25
13 25
12 23
14 26
11 26
20 23
21 34
21 36
22 33
15 34
23 27
23 34
21 25
24 31
16 25
18 24
14 25
17 28
23 27
21 35
12 27
15 29
25 37
17 37
19 30
12 29
19 27
12 33
22 34
20 32
15 25
14 29
25 34
26 33
19 29
23 37
19 30
13 30
16 27
21 32
25 27
21 38
18 30
13 38
20 27
20 28
23 35
14 36
15 37
18 30
22 34
17 37
22 36
14 36
24 28
14 30
27 29
16 34
17 35
20 38
25 37
23 34
22 38
17 38
24 34
27 40
17 36
16 32
27 35
26 31
26 40
20 32
18 43
18 34
30 30
22 32
19 36
28 37
21 33
20 36
21 31
19 38
21 44
16 43
27 36
24 33
24 33
17 35
30 35
27 34
29 45
21 45
29 36
26 43
27 40
32 46
31 42
25 39
22 46
30 37
19 35
24 43
18 43
24 48
29 41
30 44
18 49
30 43
18 37
20 35
23 46
21 37
23 46
23 45
18 45
17 48
24 37
18 39
25 35
32 45
23 36
30 44
25 44
28 46
20 35
20 51
22 42
33 47
27 45
34 38
22 42
25 37
30 44
21 46
18 52
27 47
24 39
35 54
32 37
28 53
21 42
23 48
26 41
32 39
32 40
19 49
27 41
20 53
37 50
24 41
33 56
22 48
24 47
34 54
23 54
26 48
30 49
26 52
35 53
23 46
20 54
24 44
38 39
35 45
30 43
33 58
32 55
20 49
27 57
27 55
20 46
28 49
24 52
29 59
27 48
31 41
32 58
31 59
32 42
31 42
24 42
39 43
41 57
25 47
24 47
34 48
24 62
42 50
39 57
35 59
40 56
27 55
25 65
22 51
34 48
35 59
42 56
22 63
35 59
21 43
22 45
29 60
22 56
31 63
27 46
27 48
22 52
22 45
36 49
39 53
27 64
43 49
27 53
26 49
44 51
35 59
27 60
25 61
43 56
41 65
44 65
24 60
45 65
24 65
46 62
43 63
37 51
34 62
43 54
30 55
39 61
25 65
33 48
46 69
29 53
45 57
47 65
23 55
45 57
38 70
36 57
39 70
43 59
36 62
31 63
30 56
40 64
37 65
46 49
41 63
44 68
36 62
31 61
44 52
39 53
42 63
31 58
24 53
40 64
29 50
45 58
32 69
36 51
37 56
42 68
36 59
50 52
38 57
41 68
45 56
43 56
45 67
43 57
49 72
26 71
47 67
28 53
33 53
50 75
33 73
35 69
38 76
47 59
40 54
47 57
51 61
48 71
35 56
28 56
49 61
51 64
34 56
48 72
49 71
39 66
26 52
36 54
50 52
28 70
38 79
29 70
48 70
51 80
36 75
43 61
49 73
41 69
50 71
28 79
46 64
35 66
30 80
37 71
38 65
52 77
29 83
54 70
37 66
36 58
29 55
27 82
50 64
38 61
38 71
31 60
29 80
53 60
45 61
54 67
28 79
47 75
55 58
55 68
42 76
39 79
57 67
41 66
35 76
31 67
30 57
41 67
46 60
36 66
32 69
31 59
30 66
42 87
41 60
46 75
34 74
38 65
57 79
54 64
57 85
52 73
58 76
57 83
35 66
33 72
34 66
30 70
59 84
48 61
31 71
43 63
46 68
49 67
46 74
32 85
33 65
41 84
39 82
38 85
50 86
34 91
46 67
37 87
32 76
46 68
44 69
44 92
52 91
60 84
40 93
34 84
37 76
33 83
35 90
41 77
53 86
52 86
59 94
63 73
34 66
56 65
54 86
40 80
51 72
46 77
36 92
52 82
38 95
42 81
47 78
62 91
48 72
62 92
64 69
54 80
39 94
56 90
51 73
50 71
50 84
37 78
53 70
57 92
40 74
46 94
42 89
44 75
51 72
46 71
47 69
37 76
64 93
38 76
40 88
33 67
56 70
61 89
36 79
58 95
40 68
65 90
35 70
55 72
67 99
56 87
46 73
59 85
51 68
37 85
54 84
45 71
67 96
54 82
47 77
64 89
49 86
68 85
50 92
48 87
61 97
64 99
41 69
60 100
64 83
65 85
68 93
46 86
37 82
53 70
41 98
51 85
43 77
54 81
51 106
62 83
54 82
38 78
41 81
54 76
67 84
65 106
46 103
49 72
47 104
45 88
69 74
40 94
36 108
47 98
51 84
56 80
60 94
45 85
68 76
70 83
68 82
36 108
36 108
48 94
70 107
69 108
72 92
54 79
69 81
55 84
62 99
56 86
63 86
41 92
47 99
49 83
54 110
48 112
47 79
55 107
55 99
58 108
43 89
44 103
38 98
62 84
47 113
72 97
50 106
62 104
60 98
57 80
66 76
49 84
64 111
55 92
70 101
41 82
51 85
41 99
47 95
49 90
57 111
46 111
40 86
69 97
69 100
67 102
66 90
56 99
62 102
51 100
58 106
52 87
42 86
40 92
54 117
52 86
77 86
76 109
71 86
76 96
60 108
39 102
50 118
41 103
78 82
66 82
43 117
69 111
41 119
79 119
63 99
45 113
65 91
50 93
75 86
81 94
66 87
78 95
54 119
41 97
61 109
70 102
72 97
73 89
47 114
67 120
68 123
48 85
79 103
48 102
45 117
64 105
66 97
69 104
59 117
47 114
66 89
42 110
55 97
48 109
79 122
44 87
82 90
46 97
52 89
55 85
51 118
67 110
84 107
73 99
60 112
62 107
77 113
60 103
72 116
59 96
62 103
47 119
69 103
63 108
84 93
77 122
71 85
68 108
67 90
56 103
55 124
77 87
72 110
50 123
52 98
52 104
45 122
56 86
68 97
55 109
79 86
45 126
66 94
78 129
49 109
83 94
73 118
44 123
57 88
49 108
75 97
87 107
52 100
74 128
66 108
45 94
67 131
61 92
80 126
79 113
83 124
78 131
76 110
87 114
56 118
55 113
75 111
60 111
75 115
89 91
63 102
76 98
44 113
66 94
51 134
80 135
89 111
59 113
73 111
67 120
88 126
56 100
46 98
48 135
86 117
85 115
57 121
55 108
73 113
60 107
75 115
86 137
57 99
76 111
84 104
63 109
84 96
82 118
83 112
62 102
82 114
53 124
81 127
49 123
91 122
85 93
49 108
79 94
85 138
50 137
75 125
53 117
67 100
84 105
79 96
70 136
61 123
90 126
65 111
55 119
60 105
76 123
89 140
77 114
74 98
49 132
57 96
67 115
76 140
63 111
75 139
92 106
85 113
80 143
86 99
81 120
60 118
83 118
80 141
74 112
87 139
60 131
49 96
59 111
88 129
74 146
69 113
92 146
94 100
75 137
64 101
53 144
49 100
92 146
75 125
95 127
61 108
74 97
64 119
94 147
95 137
55 107
82 103
50 107
83 103
78 144
83 106
68 138
97 143
77 113
63 128
76 109
76 148
92 148
74 125
74 132
90 100
68 111
75 137
96 101
74 121
87 120
20 20 67 85 155 186 246 360 368 399 411 443 444 598 638 658 698 739 915 934 961 
21 24 139 161 258 275 378 471 500 589 634 658 662 762 796 799 859 861 884 914 936 940 
17 50 96 142 204 235 266 319 322 350 369 451 491 499 682 895 918 958 
19 56 202 248 338 354 369 394 410 433 448 502 557 601 639 831 920 935 981 985 
19 6 50 83 165 196 199 280 345 356 516 674 692 758 778 839 905 923 932 957 
18 4 19 37 65 85 240 243 267 332 529 537 594 624 657 764 848 878 965 
16 82 241 255 356 359 394 445 455 547 680 714 922 926 957 964 992 
16 32 162 204 324 333 450 461 466 483 542 559 574 865 929 935 946 
18 19 102 313 337 347 385 392 418 430 474 539 551 579 596 669 771 925 979 
10 29 78 99 112 238 296 398 497 639 893 
24 30 44 155 330 420 440 454 477 504 529 554 619 640 654 677 684 708 724 777 789 854 877 940 976 
17 21 242 270 323 360 488 568 595 691 704 739 763 779 788 838 914 918 
25 5 35 60 76 87 108 110 133 141 215 327 348 545 546 558 591 614 720 758 799 825 850 859 876 943 
24 18 115 272 288 319 367 369 378 379 381 427 489 495 508 586 629 719 803 805 834 857 867 887 978 
20 19 26 95 105 143 171 213 260 271 413 414 499 501 547 683 785 810 839 962 991 
20 15 17 82 118 142 145 226 361 374 567 646 722 763 770 832 907 952 960 974 990 
23 32 45 84 93 122 233 304 437 455 460 511 534 580 588 619 656 672 751 758 818 956 964 993 
24 11 31 66 223 227 231 242 268 275 295 315 334 335 422 425 484 569 650 686 717 725 753 784 800 
24 49 138 140 141 208 214 315 366 415 449 550 588 597 615 627 714 776 786 795 796 828 910 953 992 
17 50 93 127 154 186 227 267 499 502 508 562 572 594 762 829 842 921 
21 21 35 98 148 194 243 254 265 298 479 517 532 542 556 571 689 697 784 828 921 924 
21 101 203 365 397 502 517 521 551 566 603 654 714 717 798 877 928 936 943 952 953 980 
21 83 84 106 147 153 179 207 305 359 432 435 465 647 656 670 696 732 742 781 828 935 
17 48 51 52 63 106 231 441 472 480 577 620 651 659 869 875 908 964 
26 46 143 197 306 356 357 359 368 382 404 512 517 525 529 543 584 622 655 662 664 673 729 765 827 947 961 
13 47 257 287 323 338 370 429 526 652 669 691 731 940 
19 76 86 154 165 200 257 385 415 416 423 591 633 691 756 757 759 831 995 998 
17 47 123 135 172 179 302 319 549 564 611 612 671 724 755 854 929 952 
18 9 10 77 97 170 295 498 522 559 568 573 660 706 711 729 737 784 952 
22 80 107 132 147 167 193 279 295 346 356 403 421 432 524 555 618 657 666 680 833 876 928 
19 17 148 192 224 239 282 329 365 398 458 461 604 660 669 686 770 830 874 896 
24 90 121 158 215 239 244 245 259 309 333 349 391 450 485 530 594 633 718 731 833 896 909 942 979 
20 179 191 202 205 222 228 260 294 301 311 312 357 516 800 807 819 862 875 891 925 
15 31 225 240 312 365 549 567 594 655 736 808 829 841 881 970 
18 131 160 254 309 409 445 453 516 527 611 618 649 686 787 798 808 881 915 
25 9 25 66 84 94 144 259 311 317 339 340 408 431 467 530 545 558 598 654 676 814 823 846 950 987 
26 38 62 153 203 226 255 264 266 269 271 317 327 328 360 439 449 457 517 535 538 564 701 793 813 983 996 
24 37 94 107 126 186 239 262 311 393 449 463 477 480 491 509 533 599 645 651 665 715 792 795 809 
8 170 171 229 239 453 680 725 963 
22 133 147 166 208 320 340 367 378 497 665 719 725 773 807 829 852 875 886 890 901 932 994 
20 3 67 93 128 146 154 158 367 421 532 553 572 628 704 812 839 843 853 883 967 
24 78 151 174 228 285 323 427 441 453 456 471 504 540 584 662 677 736 748 756 826 839 870 922 965 
14 40 71 203 228 302 308 497 704 728 736 808 858 868 887 
17 1 12 169 231 345 457 614 687 761 786 810 829 882 915 955 985 993 
19 27 93 183 245 284 308 450 466 472 487 573 574 640 650 689 712 847 872 992 
14 180 243 398 422 482 640 667 724 726 736 838 873 893 943 
23 16 35 64 68 94 124 191 216 294 304 413 437 452 543 616 730 774 795 811 923 960 969 990 
21 40 75 120 129 218 227 258 297 350 406 407 422 433 482 495 538 585 659 777 831 914 
22 48 68 73 157 166 168 282 308 428 431 436 444 459 492 577 682 694 706 716 727 892 970 
25 5 76 92 132 148 179 215 292 334 350 372 391 462 472 497 621 672 728 748 752 767 835 893 894 923 
14 27 82 320 388 537 681 692 712 766 790 794 828 842 948 
22 13 30 31 65 66 113 236 240 289 363 390 493 526 679 740 744 756 774 777 785 818 959 
23 119 126 167 180 202 247 270 301 304 306 389 398 399 403 670 690 721 738 806 922 941 953 980 
14 23 55 306 333 609 698 707 710 712 722 888 921 922 996 
13 68 88 305 319 338 427 532 640 749 832 904 920 943 
15 51 62 66 72 129 140 278 280 335 594 635 734 867 902 942 
22 65 114 150 156 198 213 247 343 378 398 494 511 616 622 691 784 888 894 917 928 963 971 
12 57 63 161 250 320 351 361 478 586 615 959 963 
24 7 57 84 128 157 166 188 195 298 372 452 454 465 503 596 656 660 719 725 792 833 903 934 957 
17 28 105 112 120 204 529 578 579 587 745 791 802 842 860 897 933 975 
18 77 127 168 178 310 342 352 368 565 576 715 724 757 821 824 954 979 980 
13 61 171 257 264 413 523 621 629 656 713 752 985 995 
21 59 89 198 245 311 326 336 355 358 383 566 578 674 771 799 869 886 894 904 917 946 
17 33 105 210 292 336 347 468 597 646 652 716 776 798 825 848 924 926 
26 66 96 209 237 294 301 346 387 416 421 510 540 544 548 577 589 601 673 675 698 720 733 813 840 884 911 
23 37 56 107 147 196 230 316 367 426 499 510 531 568 638 740 759 897 947 953 960 973 976 978 
19 100 104 110 119 170 264 272 335 339 359 386 508 515 588 596 768 795 903 919 
17 17 21 131 156 159 189 242 247 434 568 680 797 821 844 868 930 966 
24 2 30 94 184 205 210 264 275 414 432 449 478 552 556 590 592 687 717 734 857 885 890 904 913 
24 52 75 113 178 200 248 261 264 333 342 400 481 500 564 603 671 702 736 778 817 850 851 919 958 
18 26 41 66 96 108 166 294 347 381 459 537 632 819 840 846 871 892 893 
20 57 77 153 174 182 292 297 313 324 362 388 395 492 582 602 638 728 849 863 944 
22 33 43 49 99 111 121 258 259 265 278 308 331 350 354 484 561 593 634 728 900 955 984 
22 20 21 210 270 279 380 454 481 488 501 606 629 670 698 699 790 810 831 872 946 970 988 
20 1 24 100 208 234 243 362 511 513 531 565 687 697 738 744 838 857 886 947 976 
16 123 140 206 216 226 289 293 324 486 536 613 676 956 962 963 964 
25 2 54 56 70 116 124 146 281 321 346 362 506 535 560 566 615 672 682 692 715 720 818 851 879 927 
27 64 138 141 187 218 301 331 387 440 463 493 505 556 649 671 724 740 770 781 786 831 844 907 916 977 981 984 
19 18 149 273 316 384 416 476 486 491 646 683 685 690 733 796 851 895 915 983 
20 55 119 148 175 205 291 345 365 386 392 460 485 594 628 639 716 810 831 848 883 
18 155 182 278 281 347 401 529 538 585 592 641 664 749 765 878 893 899 938 
17 6 17 62 67 83 93 111 134 141 310 336 522 674 675 780 787 832 
24 2 93 109 154 156 194 203 273 307 308 379 399 440 463 495 555 589 646 766 782 852 915 978 987 
24 12 67 85 126 229 328 341 440 543 548 614 680 681 713 725 751 764 788 825 840 894 904 973 974 
14 8 36 164 256 335 385 481 489 599 600 646 650 664 996 
20 36 63 153 241 247 289 365 383 411 491 517 518 595 637 693 729 739 839 855 856 
24 8 30 69 73 303 332 385 425 507 532 595 613 620 630 641 663 725 740 784 791 914 927 934 982 
20 95 230 265 309 378 382 410 435 451 510 758 763 767 771 798 830 897 936 967 988 
19 1 45 62 126 167 245 251 383 400 442 497 501 514 544 748 754 787 865 875 
21 14 63 74 86 139 196 231 274 289 357 358 384 388 396 415 500 749 758 805 901 982 
17 22 72 105 130 244 418 431 450 606 732 738 739 769 788 869 879 912 
24 108 129 149 150 155 165 172 205 265 333 374 402 440 497 615 616 633 655 730 793 835 874 966 997 
22 141 169 173 236 379 392 433 452 482 497 508 539 583 598 686 688 766 807 873 953 956 959 
29 91 111 138 154 217 225 266 291 302 431 448 449 451 479 480 504 549 570 631 650 730 737 761 777 806 814 828 849 986 
16 48 145 206 249 254 314 375 491 612 726 771 780 807 868 923 926 
21 121 167 187 207 232 365 469 546 557 651 684 696 705 708 735 766 767 785 839 942 960 
22 17 109 147 229 253 265 296 302 312 325 339 385 386 406 509 564 581 639 819 948 966 989 
21 44 49 58 160 180 185 187 295 389 394 455 467 509 560 607 681 695 831 918 954 964 
18 0 53 118 127 140 146 217 224 252 307 424 529 555 618 737 785 823 921 
25 10 66 71 97 112 173 183 366 404 477 481 487 519 549 588 639 648 684 687 854 867 884 958 985 998 
16 48 82 118 225 291 321 521 676 678 741 839 871 877 892 902 997 
17 27 58 128 129 178 263 299 338 349 386 483 621 627 632 802 932 965 
19 131 165 179 182 253 271 283 286 316 391 479 597 673 713 752 797 902 914 944 
20 24 60 172 195 225 306 311 312 332 390 400 535 554 565 629 657 675 738 805 981 
24 82 118 178 187 253 269 343 409 440 463 536 566 582 602 630 772 775 826 851 874 876 892 907 933 
17 38 150 266 301 322 340 544 598 607 608 623 706 724 737 801 820 870 
24 55 60 96 104 137 139 288 307 351 362 384 441 498 555 588 630 692 712 743 784 849 874 971 991 
29 18 25 79 152 153 188 264 291 309 333 408 417 468 491 522 535 557 582 711 811 818 848 853 887 894 932 937 944 977 
20 30 67 111 125 152 180 232 341 424 455 480 499 503 542 624 644 667 766 829 876 
26 25 55 139 166 173 186 192 201 229 256 272 326 356 375 544 545 600 603 615 620 718 726 821 829 850 952 
13 54 303 309 543 611 666 725 797 853 879 883 914 955 
24 44 47 105 134 155 240 254 288 325 332 380 461 490 567 611 625 727 781 848 865 892 932 939 941 
26 11 78 157 183 190 243 250 284 306 377 381 418 440 446 471 510 536 655 679 741 759 778 801 805 922 937 
18 68 73 279 347 376 390 403 519 636 679 702 746 786 905 916 918 931 972 
17 0 54 86 209 220 225 280 401 447 496 520 565 751 819 933 938 951 
23 45 58 232 258 290 335 395 396 413 426 456 473 517 530 537 548 606 617 628 729 828 830 979 
16 24 136 276 290 302 332 379 453 612 654 808 835 845 848 902 905 
21 115 159 190 221 253 349 394 412 424 451 498 603 611 614 690 809 810 861 878 895 968 
23 0 74 85 95 138 168 204 234 238 242 246 298 463 516 524 574 700 766 822 884 914 923 926 
27 14 97 149 230 244 279 333 357 370 383 387 539 550 578 611 631 638 648 681 747 787 796 815 838 845 909 965 
22 21 57 68 198 299 345 399 408 413 417 421 438 443 469 518 543 626 680 754 830 893 965 
17 29 239 252 322 325 370 383 386 429 459 492 561 562 631 770 836 972 
10 421 470 655 673 680 681 779 821 910 945 
17 83 102 177 195 242 268 302 399 508 548 554 616 693 757 776 904 958 
16 11 76 97 157 190 222 257 274 442 465 513 668 734 748 852 953 
18 69 91 110 151 220 227 289 322 341 363 418 516 523 531 617 658 982 985 
26 0 9 42 98 120 158 241 266 267 268 288 300 319 348 364 366 511 521 553 612 659 674 681 837 862 968 
25 11 171 189 253 278 379 380 397 436 464 465 509 546 669 709 795 803 818 838 877 898 908 924 978 984 
18 90 135 172 185 280 296 301 303 329 337 400 473 530 581 631 736 784 947 
15 134 142 188 192 240 405 407 421 422 460 717 769 786 866 906 
24 1 36 89 154 188 195 197 223 351 387 398 400 423 477 571 588 671 680 694 729 760 790 795 933 
14 36 59 64 114 269 310 361 372 402 614 716 726 736 948 
8 170 176 320 361 452 456 993 995 
20 11 55 81 118 193 320 358 446 464 512 617 631 635 661 676 732 737 767 858 966 
13 54 181 184 297 302 313 421 462 505 535 750 858 984 
17 53 56 140 156 181 270 274 323 378 413 527 591 637 647 795 941 973 
20 2 20 41 86 130 249 255 324 395 431 541 604 727 732 788 823 829 832 915 980 
25 45 49 51 81 95 100 109 227 241 269 312 348 364 376 383 492 602 707 760 787 849 855 888 929 931 
22 44 77 105 106 127 143 146 149 235 396 479 493 603 627 648 761 806 822 914 943 952 978 
21 10 15 37 38 78 79 113 174 199 214 219 307 357 458 469 556 642 718 727 804 840 
22 33 40 76 132 239 248 288 366 389 406 438 466 485 556 557 580 649 703 727 891 892 972 
19 36 77 104 273 281 371 518 519 684 748 749 778 786 796 820 912 919 942 949 
17 3 19 44 54 132 187 336 349 399 407 414 450 468 536 762 786 954 
20 39 88 241 242 428 567 615 627 707 709 715 718 723 768 785 806 849 915 932 981 
16 23 120 144 176 267 390 432 468 596 628 649 695 763 766 921 951 
22 56 80 165 184 228 233 297 344 346 540 555 564 590 599 648 701 767 791 809 917 988 990 
21 101 120 126 169 244 290 334 339 345 348 387 580 660 730 776 793 811 812 859 896 941 
20 1 13 18 169 276 278 374 483 517 525 547 559 578 627 641 644 683 731 768 900 
25 6 19 20 34 107 119 204 207 217 238 271 314 388 486 536 593 608 768 794 850 866 875 880 884 994 
24 17 39 41 99 148 246 315 368 406 419 428 449 494 596 609 682 728 867 876 878 892 916 984 987 
18 18 188 201 225 464 557 596 604 671 699 748 750 757 789 801 807 820 879 
27 44 61 80 118 155 163 230 238 267 272 288 371 406 409 477 478 479 502 509 605 715 805 924 961 977 991 992 
17 103 119 135 159 191 274 284 294 366 454 697 753 769 775 820 882 921 
26 46 88 293 304 336 380 519 533 579 630 699 713 731 785 809 836 854 878 880 911 925 949 956 962 977 984 
16 17 92 213 220 238 268 319 373 417 444 446 475 565 642 856 880 
20 10 35 66 186 203 214 226 245 270 287 303 496 506 523 542 569 750 772 784 893 
21 44 46 69 104 125 201 221 240 305 309 563 613 647 657 672 683 800 816 883 915 957 
23 5 17 23 55 79 110 168 200 238 241 290 303 342 360 364 419 442 617 677 779 789 898 902 
20 54 64 94 117 134 138 153 166 226 285 352 356 424 588 607 670 675 776 838 968 
24 7 32 42 137 158 214 266 373 375 387 503 563 565 580 653 675 705 805 807 840 841 933 938 941 
19 35 58 130 146 153 178 189 197 199 239 409 484 508 573 721 750 769 917 954 
8 3 357 367 458 541 570 937 992 
28 23 37 66 116 196 213 227 230 283 292 301 305 310 449 473 484 500 581 647 683 724 737 789 813 860 936 940 979 
16 0 36 89 168 303 377 434 435 464 501 610 666 688 895 914 977 
18 66 162 181 206 232 254 304 337 383 442 467 520 604 632 643 755 828 834 
18 19 20 30 35 70 295 385 457 645 648 678 695 724 830 898 914 959 989 
23 7 10 52 78 87 122 169 195 199 207 238 378 564 642 705 714 809 850 920 950 986 992 999 
22 149 219 229 249 334 368 416 431 453 470 478 483 520 542 572 601 661 678 710 817 830 933 
27 0 4 18 38 39 69 77 104 163 209 261 268 289 332 334 335 359 514 518 543 545 597 650 726 866 876 892 
21 1 72 76 118 157 186 239 314 358 401 407 408 558 649 654 693 704 783 814 865 971 
14 32 56 66 79 211 288 290 320 321 481 545 678 841 952 
19 117 130 131 196 219 269 327 337 358 550 590 661 799 804 818 822 883 963 986 
12 58 67 71 133 190 215 305 415 525 735 806 899 
15 153 165 211 216 267 288 344 402 512 524 738 830 906 908 916 
15 9 22 104 226 238 243 301 397 441 467 677 782 841 866 994 
20 55 80 105 214 353 470 534 552 581 673 714 725 760 768 780 787 815 818 883 993 
21 59 70 80 81 189 251 326 328 389 430 480 623 690 693 701 733 764 785 788 843 964 
11 197 256 329 383 395 413 423 618 625 669 708 
24 31 34 67 154 225 237 309 310 320 384 394 406 452 463 474 488 529 531 598 773 808 896 916 945 
20 12 38 70 128 283 304 325 371 469 482 560 616 670 671 776 797 874 917 955 992 
23 13 22 33 45 122 200 216 318 353 528 672 673 713 755 796 812 885 889 902 930 934 942 968 
24 37 45 57 260 314 321 337 414 432 440 477 518 520 522 544 558 605 659 736 743 798 815 877 969 
17 46 81 106 228 345 369 384 388 552 570 577 646 658 694 792 865 989 
25 0 79 107 112 156 198 309 313 417 433 478 494 559 595 638 665 672 726 749 752 753 860 885 935 976 
20 25 34 109 139 195 264 358 419 420 422 443 447 450 619 669 670 685 875 883 927 
18 54 61 146 256 389 434 474 533 605 654 661 699 762 828 838 874 967 993 
14 22 76 255 383 426 485 521 547 553 772 838 903 934 967 
32 31 39 98 156 181 206 240 246 319 330 334 408 544 551 575 579 614 627 663 685 696 724 754 819 850 851 852 855 865 881 905 969 
23 28 106 153 203 345 347 423 425 444 492 555 571 632 651 653 757 797 864 927 940 941 986 987 
21 4 45 265 323 346 363 382 421 423 493 564 629 634 652 663 799 932 944 966 969 976 
23 0 106 175 182 205 244 253 286 291 296 320 422 443 475 530 575 583 643 684 861 940 963 994 
24 9 76 104 204 218 333 349 352 398 464 470 498 542 577 597 647 674 685 778 811 822 824 853 897 
22 54 81 133 212 213 346 396 449 496 516 569 595 605 700 730 753 824 855 898 903 945 946 
20 39 78 136 196 208 277 296 299 319 388 440 486 600 655 767 777 843 849 885 899 
24 26 59 87 127 144 203 244 288 410 445 546 646 657 674 703 705 712 733 751 760 761 773 806 940 
16 9 90 322 332 386 419 440 451 494 500 569 636 694 783 903 949 
15 26 145 165 273 307 321 381 407 516 570 682 759 866 906 954 
18 282 348 356 384 420 466 498 519 571 595 646 656 742 800 833 886 889 919 
16 12 30 47 61 128 160 167 197 332 611 628 700 712 856 925 945 
22 46 47 50 60 104 108 212 294 295 298 326 332 334 373 487 630 727 816 834 836 915 934 
