200 1000
0 2
1 1
1 2
0 1
0 1
0 1
1 2
1 1
1 1
1 2
0 1
0 2
1 2
0 1
0 1
0 1
1 2
1 2
1 3
1 2
1 2
2 2
1 2
1 2
2 3
1 3
2 3
1 2
2 2
2 3
3 3
2 3
3 4
3 4
2 3
2 3
2 3
3 4
3 3
4 4
4 4
4 4
3 5
3 4
3 4
4 4
3 4
4 5
4 5
4 4
3 4
3 5
4 4
4 4
4 5
3 5
4 5
4 5
5 5
4 6
5 6
5 5
5 6
5 5
4 5
5 6
4 5
5 7
6 7
5 6
5 6
7 8
7 8
7 8
6 8
7 8
6 8
6 8
6 8
6 8
6 8
7 8
8 9
8 8
7 9
8 8
8 9
8 9
9 9
9 9
9 9
9 9
9 9
8 10
8 9
8 10
10 11
9 10
10 11
10 10
9 11
10 11
10 11
10 10
9 11
11 12
9 11
10 13
9 13
9 13
11 12
9 13
9 13
11 13
9 11
11 14
12 14
12 14
10 14
11 14
11 12
12 12
11 12
10 12
10 14
12 12
12 13
10 14
11 14
11 13
13 15
13 13
11 15
13 14
13 14
11 15
12 15
11 15
14 15
13 14
14 15
12 14
12 15
14 14
14 14
13 15
12 16
14 15
13 17
13 17
13 15
14 17
14 16
13 15
13 17
13 15
15 16
15 16
14 17
14 16
13 16
14 16
15 17
15 18
14 17
15 16
16 17
16 17
14 18
16 18
16 18
16 16
16 18
17 17
17 17
16 19
17 17
16 17
16 18
17 17
17 18
16 17
16 19
16 18
18 19
18 18
17 18
16 19
17 19
17 19
17 18
18 20
16 19
18 19
16 19
17 21
17 21
19 21
18 20
18 20
18 21
20 22
19 21
19 21
20 22
20 22
20 22
18 22
18 22
18 20
19 20
18 21
20 22
18 24
21 23
21 23
19 24
21 21
20 23
22 23
21 24
22 22
19 22
22 25
20 24
19 24
20 23
20 24
20 22
22 24
23 23
23 25
23 24
20 26
20 26
20 26
21 27
22 25
21 26
22 27
24 26
21 27
24 25
22 26
22 27
22 25
22 26
23 27
24 26
25 25
24 28
23 27
22 27
24 27
24 25
22 28
26 27
25 29
26 27
25 29
23 28
24 28
23 26
25 28
24 29
26 29
24 26
25 28
27 27
24 28
24 30
25 27
27 30
25 29
27 29
25 29
26 31
28 28
25 28
28 28
25 30
28 28
25 29
25 29
27 32
26 30
26 32
27 32
26 32
27 30
26 30
30 30
29 32
30 32
28 32
28 31
30 32
28 33
28 31
29 30
28 33
30 30
30 30
30 33
31 33
29 33
28 34
31 31
29 35
28 31
28 32
30 34
30 34
29 34
32 32
31 32
31 35
30 34
29 32
31 32
30 35
32 35
28 35
30 32
31 32
28 34
29 34
32 36
30 34
33 33
33 35
31 34
33 35
33 34
30 35
30 36
32 37
30 38
32 38
32 38
31 34
31 37
34 36
31 37
30 35
34 38
30 34
33 38
35 36
35 39
32 36
31 38
35 36
34 36
34 39
33 36
34 36
32 36
34 35
33 37
36 39
36 36
35 37
33 37
35 39
37 39
36 38
34 41
34 41
35 38
34 39
35 41
37 40
35 39
34 38
36 40
36 41
34 42
35 38
37 39
35 38
38 42
37 43
35 39
35 43
38 40
37 39
37 42
36 39
38 42
36 41
38 40
36 42
38 44
39 40
37 43
38 42
39 41
38 44
36 40
39 43
39 45
39 46
37 46
41 42
41 45
41 43
39 41
36 45
40 42
41 41
37 41
41 42
37 41
42 44
37 44
38 44
41 44
38 43
38 46
40 45
41 44
40 45
42 46
41 47
41 45
42 43
43 43
41 48
40 43
39 47
38 48
44 49
40 44
40 49
43 47
44 48
41 44
39 46
40 44
41 47
42 44
39 44
39 48
41 49
43 47
41 46
40 47
42 47
45 49
44 45
43 45
40 49
40 45
40 48
40 48
41 47
41 47
44 46
41 49
45 49
45 48
43 49
41 50
43 48
42 49
45 48
45 51
44 52
46 51
44 49
43 47
44 52
46 52
48 50
44 53
44 48
44 50
48 49
47 50
43 51
46 53
43 48
49 53
48 49
47 51
47 53
44 54
45 53
45 54
45 49
47 54
45 51
49 52
45 52
45 54
49 50
46 51
46 51
49 50
47 55
45 55
48 50
46 53
50 50
46 55
45 54
49 52
48 53
50 53
46 53
46 55
51 55
45 51
49 58
48 58
51 58
48 57
51 56
46 56
52 52
47 57
52 56
49 53
52 56
51 56
50 55
50 55
53 54
51 57
51 54
50 55
52 58
48 58
53 57
50 55
52 58
53 56
52 54
53 58
52 57
52 55
52 61
55 55
54 56
51 58
56 62
54 60
52 60
51 61
52 60
55 60
51 56
52 58
56 60
50 57
52 58
52 57
55 61
57 57
55 57
52 58
55 57
52 62
57 61
51 60
54 62
51 57
56 61
58 61
55 59
56 60
57 63
57 61
52 62
58 64
52 58
55 58
57 58
53 59
56 60
54 63
55 59
58 64
54 64
59 64
56 64
54 59
57 63
56 59
57 60
55 63
58 60
58 65
59 60
58 64
58 65
60 64
58 66
55 62
59 63
56 61
57 66
54 61
54 65
57 64
60 62
56 65
57 64
55 63
59 63
56 65
58 64
57 67
58 69
55 69
59 62
57 65
59 65
55 66
63 67
60 65
61 70
62 69
62 68
59 70
61 63
61 69
61 68
58 68
62 65
57 71
57 69
64 71
57 67
59 65
61 65
59 71
64 68
60 69
59 67
58 68
64 71
61 71
60 65
59 66
65 72
65 70
62 70
62 72
66 69
61 73
60 72
63 67
62 69
60 72
61 71
60 72
59 73
66 74
62 71
63 72
66 72
64 73
64 71
62 69
64 72
64 72
67 69
64 68
64 74
62 69
66 74
66 71
68 69
62 70
67 76
69 73
64 70
62 71
64 76
63 75
63 72
63 75
64 73
68 75
63 76
64 70
66 75
66 73
66 73
69 76
63 74
65 76
69 73
63 77
70 73
67 77
65 79
65 72
71 74
65 75
68 72
69 75
70 73
70 78
69 76
68 77
68 72
68 77
64 77
64 79
69 78
65 74
70 79
64 77
70 73
70 77
70 72
66 81
65 75
68 79
72 78
71 79
65 77
69 80
67 74
68 76
66 81
67 75
68 80
73 77
66 81
73 75
73 80
74 79
70 78
67 81
74 77
74 76
68 78
73 76
68 84
73 77
74 82
72 79
76 78
76 79
70 84
74 77
76 77
73 83
76 78
68 79
74 81
76 77
74 79
75 85
77 78
74 83
69 82
73 84
76 78
76 78
77 80
70 81
74 85
77 77
70 79
73 77
77 86
76 81
78 78
74 78
78 81
70 80
76 79
76 86
74 83
74 85
76 82
75 85
79 79
74 86
77 82
73 87
76 81
79 84
72 86
74 87
79 84
79 84
75 87
76 81
73 80
72 85
72 83
74 81
72 83
79 90
74 88
73 84
80 81
80 87
72 82
78 85
77 89
76 87
75 86
73 86
81 82
79 86
73 85
75 82
79 86
78 82
78 82
77 82
78 90
78 88
79 87
79 83
75 86
83 83
76 85
80 85
79 90
83 83
78 89
77 85
80 86
74 89
83 87
74 83
78 91
84 87
75 89
81 93
80 91
81 85
79 88
76 87
82 92
82 92
84 87
78 86
85 91
84 95
85 95
80 94
84 94
82 88
84 94
78 87
77 91
85 87
83 90
85 95
83 94
85 87
80 95
85 95
79 92
86 96
78 89
81 91
88 94
81 92
83 96
88 91
84 90
83 95
84 95
80 95
85 94
89 98
82 90
87 97
81 98
85 98
85 98
86 95
86 96
84 90
89 90
82 92
84 90
83 95
89 99
88 94
86 93
82 91
83 91
82 95
87 93
86 99
89 100
83 93
82 100
86 92
83 101
92 102
83 96
90 94
88 100
92 96
86 101
85 93
86 93
91 92
85 102
84 103
85 94
85 100
85 99
86 99
87 102
92 99
90 100
88 103
88 103
83 99
85 102
89 102
84 104
85 102
85 100
89 101
91 95
84 102
89 95
87 101
89 104
91 101
93 101
90 101
92 101
89 94
87 105
88 95
91 102
89 96
95 98
90 104
85 98
92 100
88 105
86 96
91 97
86 102
88 105
87 98
91 97
96 96
86 102
88 105
88 104
89 105
89 102
94 98
88 99
92 105
88 104
91 104
88 100
94 103
95 100
93 104
88 106
92 102
96 102
88 99
90 104
98 102
90 100
94 102
91 103
98 103
94 103
98 101
88 106
90 99
95 101
97 101
91 103
91 99
97 103
90 103
99 102
94 101
98 107
90 102
96 103
90 103
93 109
98 105
95 106
97 104
94 103
93 103
24 29 69 81 131 148 167 285 297 304 312 332 485 548 597 659 669 686 714 741 793 802 816 882 907 
16 167 228 231 248 263 380 401 424 470 483 570 603 638 681 712 883 
26 35 41 59 77 115 120 267 270 311 388 410 471 483 514 556 561 562 769 803 824 832 898 899 902 933 956 
20 67 115 119 139 163 177 244 327 330 342 349 385 415 571 758 782 784 852 912 947 
25 99 117 130 150 155 185 206 289 403 485 501 517 547 608 621 659 699 747 787 804 820 843 925 938 966 
22 26 77 184 249 322 331 350 376 383 404 478 516 563 630 651 732 738 888 926 928 982 992 
15 72 122 123 128 236 243 414 420 432 644 685 700 835 845 856 
25 16 43 73 179 215 222 345 359 400 424 438 449 516 525 527 580 634 677 704 847 861 873 875 896 981 
22 47 96 169 236 382 486 569 573 574 593 597 694 712 715 742 783 818 846 867 918 927 990 
16 60 119 171 252 276 442 485 504 510 528 688 699 703 863 940 964 
29 44 119 147 169 186 195 220 246 267 282 328 469 474 491 583 589 612 670 673 698 730 812 818 860 872 886 914 941 998 
12 31 213 429 528 582 625 649 743 801 841 882 994 
21 15 79 81 154 230 236 246 354 372 408 457 509 525 626 673 701 847 869 915 923 924 
15 95 175 316 330 458 467 501 570 578 699 737 761 912 959 975 
19 20 44 148 172 204 260 365 368 397 448 524 561 584 598 690 707 756 813 868 
15 40 71 193 248 254 292 398 405 427 627 671 727 882 913 946 
20 7 69 139 192 316 348 385 400 403 425 446 510 521 538 742 778 779 854 915 925 
23 23 42 81 87 108 250 322 325 406 427 596 607 613 661 713 740 805 843 904 929 938 945 950 
15 0 22 65 68 113 131 294 398 508 746 749 824 838 881 991 
22 163 277 313 349 370 430 434 458 508 517 602 629 650 659 711 736 761 853 891 944 955 987 
29 7 30 67 128 151 212 361 381 384 437 463 464 478 499 526 531 532 533 566 570 594 641 655 656 675 742 914 916 977 
24 4 69 138 153 181 214 362 364 368 373 428 502 516 546 652 676 756 806 825 860 865 923 928 950 
16 14 42 58 91 141 221 462 598 630 667 760 857 873 909 913 976 
24 34 76 118 251 268 402 452 496 560 575 587 633 639 641 642 657 716 719 758 909 912 973 984 989 
20 57 98 145 209 280 293 313 349 380 419 445 448 536 544 654 669 742 756 817 837 
23 83 115 190 258 271 286 401 458 551 552 607 717 726 728 735 742 804 815 822 867 918 929 930 
22 24 82 87 120 151 222 223 224 305 414 447 489 498 513 557 566 574 613 724 802 942 991 
21 19 33 74 112 147 268 274 313 378 397 446 508 528 547 645 698 737 799 811 903 942 
21 0 27 116 133 163 331 337 375 402 515 518 649 663 670 673 736 737 758 789 835 981 
17 21 39 81 183 225 277 278 374 432 527 602 626 780 812 826 845 912 
24 71 121 147 196 217 265 328 373 381 407 470 472 514 570 586 601 606 613 641 700 746 873 938 994 
21 2 5 32 88 116 143 155 387 484 548 649 698 729 778 781 800 805 838 848 915 936 
21 0 7 114 181 189 399 413 436 468 476 547 557 595 673 713 776 817 825 850 856 945 
15 15 28 116 150 238 239 406 449 464 491 508 644 726 889 962 
18 18 20 25 49 125 128 205 277 327 328 364 564 629 659 714 902 955 997 
22 39 74 105 110 146 165 173 195 215 236 264 350 392 404 473 572 667 698 721 740 814 963 
18 9 26 78 157 197 213 306 446 538 561 609 632 679 716 787 849 917 937 
27 16 100 105 116 142 162 195 234 290 307 315 348 445 460 473 479 524 549 610 645 680 708 719 730 849 916 971 
23 84 110 119 220 221 226 239 260 426 478 515 519 531 575 599 728 732 736 742 849 855 896 994 
22 173 189 198 204 227 274 284 286 301 348 359 400 414 433 436 488 505 559 564 716 792 992 
29 62 90 129 289 313 347 352 361 366 375 401 409 425 461 465 484 504 550 559 569 570 586 609 689 713 730 757 786 973 
22 70 139 148 239 328 363 410 499 535 536 546 597 620 624 646 696 701 799 819 884 957 980 
23 120 123 131 269 313 332 346 417 423 465 494 597 610 745 809 821 823 828 840 870 877 951 960 
19 0 16 21 82 86 115 140 272 386 412 450 465 479 495 669 691 701 799 829 
23 16 92 96 148 197 265 302 382 447 464 559 727 771 817 821 822 831 850 851 883 955 988 995 
20 4 108 147 179 203 278 296 417 425 428 456 484 521 546 584 651 759 835 842 951 
15 121 243 291 295 474 479 503 522 573 605 635 643 780 790 882 
17 44 150 198 448 459 470 587 592 676 692 745 789 826 859 876 884 939 
14 45 57 98 186 202 519 530 548 551 697 778 844 966 977 
17 58 61 129 145 310 317 387 423 474 560 582 600 668 743 774 783 830 
18 31 41 229 247 291 292 450 464 587 601 635 650 671 804 881 922 954 970 
27 13 17 24 27 50 86 96 148 202 207 257 361 393 507 522 582 584 604 628 633 666 737 845 848 874 879 891 
24 36 73 125 177 185 349 392 424 440 574 640 649 660 665 752 759 772 798 822 839 926 939 947 997 
16 68 81 118 134 140 197 375 384 477 492 581 767 771 801 849 911 
19 72 165 196 216 236 247 256 257 269 395 405 408 546 655 791 838 858 888 962 
20 2 83 185 241 385 417 425 445 496 583 595 744 798 803 836 845 874 904 974 981 
10 106 202 446 486 502 634 687 701 770 963 
17 100 102 106 148 149 151 253 362 476 619 697 755 808 810 825 827 866 
22 18 124 128 159 190 229 242 249 257 279 281 355 571 642 708 726 779 875 877 891 911 993 
27 10 28 68 88 105 138 238 285 315 397 403 440 466 483 511 555 561 645 648 711 723 785 787 792 798 928 983 
21 138 139 164 168 218 288 296 308 333 360 392 446 497 518 617 726 745 756 790 961 999 
16 51 111 183 196 328 450 458 468 674 743 898 902 925 956 983 996 
26 37 56 71 87 93 143 149 178 331 338 394 428 496 533 569 620 621 663 712 824 840 892 941 962 968 989 
20 188 191 213 232 324 475 513 531 561 682 690 774 777 787 815 816 837 894 960 987 
26 5 26 40 75 238 383 396 432 434 447 469 489 493 515 548 575 577 604 614 636 687 739 789 846 858 876 
9 15 114 219 254 490 539 615 666 803 
18 59 62 101 191 234 291 317 368 451 611 634 671 706 759 778 819 857 892 
24 140 183 205 213 240 242 253 286 370 381 405 496 498 514 552 573 657 678 794 808 845 901 948 978 
27 6 19 30 73 116 165 229 248 278 386 393 416 445 486 526 601 607 613 714 731 792 815 885 973 979 996 998 
24 97 107 118 294 469 475 491 494 537 598 625 651 733 766 853 856 873 877 887 897 905 911 917 927 
15 9 40 141 174 180 192 214 332 433 485 570 600 773 798 928 
16 46 162 187 209 241 320 344 393 560 577 623 684 702 740 932 964 
28 0 11 22 33 64 71 73 106 138 183 239 246 382 433 484 526 534 542 584 652 653 681 686 771 850 885 906 987 
22 44 69 243 259 295 300 318 330 387 498 508 510 533 571 597 625 705 814 817 836 864 911 
25 6 39 58 174 176 200 206 280 310 315 375 383 392 397 452 506 520 528 616 726 790 905 916 934 997 
25 137 159 180 232 257 333 427 435 442 481 487 496 546 552 559 560 639 648 679 686 757 795 798 856 919 
24 2 76 107 112 119 271 315 334 387 403 451 543 559 590 652 788 800 812 837 840 884 887 922 986 
17 123 245 262 333 486 603 642 658 666 688 702 710 726 756 787 858 971 
18 6 13 91 258 415 459 532 622 649 713 768 816 835 919 929 933 949 982 
17 3 40 96 153 155 165 174 270 319 415 427 476 487 525 668 757 841 
18 102 124 312 371 438 461 488 519 616 635 710 798 813 881 914 961 974 983 
26 1 20 46 48 131 177 187 274 299 306 385 393 436 498 551 703 717 727 772 802 806 864 869 949 976 990 
22 16 32 37 93 184 223 246 273 291 327 542 582 617 641 650 663 801 836 854 935 940 970 
18 206 226 229 318 340 374 535 615 623 678 738 751 784 811 891 927 929 961 
23 120 128 183 194 235 264 287 292 297 312 343 367 490 556 593 656 691 798 814 933 952 956 988 
21 45 154 175 196 274 297 312 332 419 438 446 466 496 497 606 620 682 715 791 810 860 
20 34 195 282 320 357 395 422 433 556 563 660 722 751 773 802 825 851 876 929 951 
27 135 186 221 225 261 293 338 365 368 400 445 482 485 525 548 569 578 579 608 674 801 841 854 866 934 943 947 
26 75 80 112 138 164 249 257 291 319 351 477 589 598 742 749 764 807 814 841 848 852 880 884 905 958 969 
8 166 201 244 277 279 481 507 709 
17 3 30 156 236 417 484 503 520 543 554 587 609 686 711 833 835 959 
26 30 41 83 86 130 183 186 189 256 285 319 342 369 377 501 543 621 640 641 727 834 857 861 893 987 998 
20 42 121 139 150 182 194 369 412 443 565 626 680 711 781 798 846 857 900 944 961 
18 4 297 369 525 553 627 630 650 681 718 734 804 807 830 851 878 891 965 
16 3 39 66 115 128 144 202 277 287 323 340 382 401 795 853 870 
16 30 121 295 372 420 543 581 585 611 693 702 788 831 842 895 923 
20 82 110 219 223 254 268 305 371 376 483 572 631 782 870 886 907 909 960 991 996 
13 105 145 185 276 381 426 486 526 534 576 668 877 954 
23 43 165 266 273 300 341 402 407 414 429 432 448 525 608 631 643 675 677 693 768 799 887 902 
21 17 25 47 195 275 390 485 489 554 564 592 632 659 778 801 823 842 876 879 936 942 
17 5 30 75 215 305 306 308 311 485 493 509 667 789 801 839 856 943 
21 97 118 164 182 219 295 350 409 416 438 488 495 549 588 589 662 712 715 901 917 958 
24 18 48 61 74 104 108 109 133 175 447 514 630 637 651 683 696 719 729 805 822 835 838 938 995 
22 67 71 89 153 204 220 224 231 249 337 439 453 487 553 581 588 592 666 708 796 850 862 
24 4 6 25 26 56 60 122 230 252 312 321 394 429 464 591 621 760 765 838 926 932 939 987 992 
19 19 122 129 168 184 236 487 489 493 497 527 573 614 704 740 741 791 804 906 
19 8 64 166 233 363 407 415 424 435 448 529 569 583 638 661 711 785 959 988 
22 130 143 167 241 256 287 294 309 338 428 484 505 615 616 637 793 829 830 901 903 931 975 
17 2 284 353 356 383 388 439 465 526 585 590 739 874 904 934 955 968 
24 63 78 129 142 237 272 275 284 345 384 396 529 567 722 741 789 793 820 840 869 908 948 965 971 
22 21 39 70 72 201 246 288 342 363 366 369 468 496 540 542 606 691 715 740 756 946 963 
15 207 327 339 374 401 452 534 613 748 761 787 878 887 889 935 
23 9 132 155 171 201 205 224 330 369 396 416 465 467 483 503 542 620 623 839 871 873 876 901 
21 1 13 39 68 158 216 233 337 339 344 458 586 614 676 690 703 728 776 806 838 913 
21 1 16 31 36 99 101 188 229 256 314 320 327 618 620 661 823 879 892 917 918 944 
11 419 467 472 499 562 664 729 770 824 955 976 
16 3 49 107 117 274 480 545 560 584 635 666 828 880 892 893 942 
12 54 161 173 203 213 386 415 492 585 866 873 926 
18 32 130 158 260 309 476 479 486 490 549 590 662 689 731 790 814 883 902 
19 0 40 41 52 63 79 140 190 303 392 474 510 600 629 680 744 800 878 922 
19 51 55 56 148 232 267 353 530 547 581 606 714 763 818 844 922 935 957 990 
26 1 8 53 86 212 248 252 262 310 317 384 394 433 445 471 618 636 652 653 677 704 750 797 846 912 993 
20 9 81 87 149 152 255 293 307 410 574 616 628 643 687 690 817 843 906 941 981 
23 5 23 40 107 151 175 184 205 212 228 341 392 446 525 576 638 684 705 741 773 815 835 871 
23 8 17 92 208 234 238 353 390 434 491 575 583 597 599 608 610 674 707 890 922 938 950 990 
21 14 24 59 171 207 222 391 401 433 488 624 625 633 643 656 676 770 790 930 958 960 
20 97 130 147 170 284 291 309 402 437 508 509 563 620 650 688 720 743 893 894 992 
24 33 136 138 147 185 271 276 300 316 348 394 449 591 613 660 700 717 781 785 788 809 819 970 994 
14 31 106 129 394 435 449 487 562 630 788 926 930 973 983 
17 17 96 212 226 280 306 346 354 356 413 642 706 816 878 881 886 952 
17 1 17 90 189 250 349 360 399 462 571 580 582 644 675 721 891 985 
14 240 276 301 304 326 445 565 597 608 803 859 888 903 922 
16 53 89 166 178 338 369 483 499 523 650 655 688 757 899 908 948 
16 86 163 242 284 368 464 475 492 547 579 582 670 723 814 866 924 
22 19 160 163 166 212 316 523 542 586 588 602 652 659 691 705 713 752 760 795 799 946 984 
16 77 98 199 237 284 359 407 411 484 526 550 643 705 724 855 924 
17 1 150 188 279 285 340 546 686 695 711 749 823 866 867 871 873 877 
19 20 25 101 118 190 195 199 336 337 434 448 488 506 567 602 620 666 763 874 
27 12 31 86 113 152 237 268 370 381 436 452 465 529 541 622 687 710 736 773 779 807 839 840 873 904 911 971 
19 10 16 29 48 94 152 196 217 314 441 444 454 546 591 605 816 958 960 990 
17 12 35 73 75 98 110 169 269 437 549 550 599 607 665 744 759 806 
18 34 67 170 201 258 335 372 480 500 526 558 559 560 572 584 675 717 762 
24 42 184 247 257 259 349 390 393 454 473 497 499 530 550 599 741 776 782 827 867 920 930 959 987 
18 8 71 111 126 149 237 247 298 367 391 539 679 688 702 707 775 788 967 
15 35 41 90 226 275 283 348 477 485 562 601 603 710 790 863 
27 12 50 57 65 89 128 136 141 218 258 304 314 329 341 392 395 468 502 538 549 559 563 585 720 775 819 845 
18 47 87 150 157 191 281 296 305 315 360 384 437 455 566 740 847 868 901 
28 7 57 88 132 201 203 237 298 339 392 404 426 469 492 553 571 649 697 712 738 744 754 818 874 923 940 956 967 
33 11 67 72 147 164 208 212 217 239 323 371 382 383 455 473 488 506 527 537 647 711 778 783 802 814 832 836 852 925 928 932 957 995 
20 43 147 188 250 467 480 486 488 498 613 640 682 683 710 805 834 842 846 962 999 
13 51 148 220 307 365 500 504 639 660 780 800 924 972 
20 83 212 238 246 269 304 460 487 553 597 706 714 779 801 811 822 860 974 985 987 
22 2 33 49 122 144 221 252 304 362 383 389 400 415 465 473 500 578 753 760 789 822 847 
26 28 68 227 229 239 273 285 339 395 426 509 532 540 548 646 660 668 710 718 727 796 809 839 858 861 931 
21 23 36 82 123 220 329 395 447 458 487 496 505 512 674 686 692 756 794 835 895 903 
20 74 109 112 135 137 216 275 294 299 393 421 430 555 699 715 738 771 890 913 921 
21 0 39 67 125 153 235 321 381 423 441 491 697 728 767 770 788 848 859 894 946 993 
25 59 111 154 164 222 313 324 329 378 388 423 432 508 509 527 697 757 800 829 839 866 884 930 956 970 
15 23 61 129 200 227 230 263 307 327 447 522 601 689 866 989 
16 60 158 195 269 355 520 607 622 699 703 748 807 820 822 939 982 
19 24 109 149 164 174 195 255 338 453 587 599 658 662 728 771 862 897 931 953 
10 37 351 434 459 493 500 577 593 658 664 
13 22 45 126 359 371 474 475 517 554 710 901 941 975 
25 29 58 133 164 166 192 213 230 233 308 344 359 411 431 432 501 551 617 644 739 792 823 826 894 923 
20 50 57 251 261 368 508 583 597 609 698 733 747 753 764 795 800 803 910 986 995 
13 58 73 113 134 267 405 431 470 579 631 639 881 889 
18 138 154 163 176 329 403 464 473 517 536 558 621 622 623 754 758 791 952 
19 46 144 237 298 308 312 314 343 360 418 445 473 528 542 585 667 726 838 965 
18 131 220 322 451 466 502 511 615 689 731 787 797 810 824 827 846 883 937 
15 178 199 215 237 340 418 463 473 547 586 602 815 847 852 872 
11 84 115 251 475 486 532 549 647 697 736 842 
20 60 72 78 168 197 219 225 256 270 276 299 325 337 361 368 400 416 460 543 725 
21 17 32 107 143 214 219 251 339 358 389 462 568 572 632 683 698 791 800 833 907 988 
18 39 62 170 206 237 305 348 368 377 393 409 414 525 794 841 905 914 927 
18 20 68 105 139 187 267 373 418 450 477 629 661 673 736 750 766 848 931 
14 74 77 117 185 292 670 686 780 821 836 927 932 972 991 
23 43 85 96 97 103 379 449 461 483 559 562 621 638 645 653 654 662 695 737 814 903 914 981 
25 0 5 75 111 179 204 214 231 286 292 314 341 348 494 496 606 642 697 747 765 856 875 904 923 947 
18 100 108 131 141 156 238 256 275 304 366 512 550 561 618 677 892 922 964 
18 1 6 99 172 211 256 278 311 379 386 466 581 589 651 687 759 794 940 
29 11 124 149 236 237 288 318 337 408 483 490 535 544 617 639 684 774 793 803 815 826 827 828 844 875 910 924 943 991 
18 18 71 193 231 373 396 423 446 546 638 729 746 762 772 818 875 970 985 
21 96 109 114 161 176 214 230 244 276 329 514 614 620 624 667 700 758 782 856 868 972 
18 89 117 142 156 173 225 382 418 450 544 581 600 632 741 784 786 792 986 
23 18 72 96 129 152 157 163 203 247 266 449 515 527 547 640 750 761 843 866 885 908 981 984 
16 19 56 74 184 268 432 614 654 664 719 727 740 762 808 911 957 
28 4 18 52 116 128 163 241 259 374 393 396 503 564 565 583 610 613 675 704 706 720 745 838 882 885 925 989 993 
20 69 88 117 198 352 354 365 367 370 416 482 511 540 588 597 622 640 647 721 956 
19 14 21 76 146 174 180 293 392 492 576 594 692 777 799 805 859 886 919 921 
20 72 186 210 331 351 381 400 451 466 508 527 560 627 654 740 772 847 955 957 961 
16 47 151 187 219 221 250 259 271 386 516 646 676 709 788 913 920 
21 10 142 240 281 296 343 404 414 419 432 478 489 539 622 657 678 687 779 796 808 841 
24 27 42 46 132 160 173 229 241 242 350 406 590 598 633 669 719 743 816 837 857 895 925 938 948 
22 56 82 183 253 261 302 398 467 594 603 613 629 694 775 799 802 896 903 916 959 963 970 
26 3 16 48 56 79 108 210 260 376 484 508 531 537 569 624 640 661 674 712 716 838 839 893 902 936 953 
14 176 232 275 290 352 377 497 700 701 840 924 949 955 972 
18 22 38 222 227 274 321 435 526 547 639 651 672 685 741 770 915 957 989 
14 16 127 130 240 253 268 402 432 530 552 634 638 659 958 
23 88 106 177 224 267 279 284 372 389 406 490 494 529 543 588 623 631 851 857 862 883 982 988 
23 2 27 45 76 223 236 240 262 270 272 359 385 453 518 555 560 600 653 693 748 781 817 888 
