200 1000
0 2
1 1
1 2
0 1
0 1
0 1
1 2
1 1
1 1
1 2
0 1
1 3
2 3
1 2
1 2
1 2
1 2
1 2
1 3
2 3
2 3
3 3
2 3
2 3
3 4
2 4
3 4
2 3
3 3
4 5
4 4
3 4
4 5
4 5
3 4
3 4
4 5
5 6
5 5
5 5
5 5
5 5
4 6
4 5
5 6
6 6
5 6
6 7
6 7
6 6
5 6
5 7
6 6
6 6
7 8
6 8
6 7
6 7
7 7
6 8
7 8
7 7
7 8
7 7
6 7
7 8
6 7
7 9
8 9
7 8
7 8
8 9
8 9
9 10
8 10
9 10
8 10
9 11
9 11
9 11
9 11
9 10
10 11
10 10
9 11
10 10
9 10
9 11
11 11
11 12
11 11
11 12
10 12
9 13
10 11
9 13
11 12
9 12
12 13
12 13
10 13
12 14
11 14
12 13
10 14
12 13
10 12
12 15
11 15
11 15
13 14
11 15
11 15
13 15
12 14
13 16
14 16
14 16
12 16
13 16
13 14
14 14
13 14
12 14
12 16
15 15
15 16
13 17
13 16
13 15
15 17
15 15
13 17
15 16
16 17
14 18
15 18
14 18
16 17
15 16
16 17
14 16
14 17
16 16
16 16
16 18
15 19
16 17
15 19
15 19
15 17
16 19
16 18
15 17
15 19
15 17
17 18
18 19
17 20
17 19
16 19
17 19
18 20
17 20
16 19
17 18
18 19
18 19
16 20
18 20
18 20
19 19
19 21
19 19
19 19
18 21
19 19
18 19
18 20
19 19
19 20
18 19
19 22
18 20
20 21
20 20
19 20
18 21
19 21
19 21
19 20
20 22
18 21
20 21
18 21
18 22
18 24
20 24
19 23
20 23
19 24
20 24
19 22
19 23
22 25
22 24
22 25
19 25
19 25
20 22
21 22
19 24
21 23
19 25
22 24
22 24
21 26
23 23
22 25
23 24
22 25
23 23
20 23
23 26
21 25
20 25
21 24
21 25
21 23
23 25
24 24
24 26
24 25
21 27
22 28
22 28
22 28
23 26
22 27
23 28
25 27
23 29
26 27
24 28
24 29
24 27
23 27
24 28
26 28
27 27
26 30
25 29
24 29
26 29
26 27
24 30
27 28
26 30
27 28
27 31
25 30
26 30
25 28
27 30
26 31
28 31
26 28
26 29
29 29
26 30
26 32
27 29
29 32
27 31
28 30
26 30
28 33
30 30
27 30
30 30
27 32
30 30
27 31
27 31
28 33
27 31
27 33
28 35
28 35
28 33
28 32
31 31
30 34
31 34
28 34
30 34
32 34
30 36
30 34
30 33
29 35
32 33
32 32
32 36
33 35
31 35
30 36
33 33
31 37
30 33
30 34
32 36
32 36
31 36
34 34
33 34
33 37
32 36
31 34
33 34
32 37
34 37
30 37
32 34
34 35
31 37
32 37
34 38
32 36
35 35
35 37
33 36
35 37
36 37
33 38
33 39
35 40
32 40
34 40
34 40
33 36
33 39
36 38
34 40
33 38
37 41
33 37
36 41
37 38
37 41
34 38
33 40
37 38
36 38
37 42
36 39
37 39
35 39
37 38
35 39
38 41
38 38
38 40
36 40
38 42
39 41
38 40
36 43
36 43
37 40
36 41
37 43
39 42
37 41
36 40
38 42
38 43
36 44
37 40
39 41
37 40
39 43
38 46
36 41
37 46
40 42
38 41
38 44
39 42
41 45
39 44
41 43
37 45
39 47
41 43
38 45
40 45
40 43
39 46
37 43
41 45
41 47
41 48
39 48
43 44
43 47
43 45
41 43
38 47
42 44
44 44
40 44
44 45
40 44
44 46
40 47
41 47
44 47
41 46
41 49
43 48
44 47
44 49
45 49
44 50
44 48
45 46
46 46
44 51
43 46
42 50
42 52
47 52
43 47
43 52
46 50
47 51
44 47
42 49
43 47
44 50
45 47
43 48
43 52
45 53
46 50
44 49
43 50
45 50
48 52
47 48
46 48
43 52
44 49
44 52
44 52
45 51
45 51
47 49
44 52
48 52
48 51
46 52
45 54
46 51
45 52
48 51
48 54
47 55
49 54
47 52
46 51
47 57
48 56
51 53
47 57
47 51
46 54
51 52
50 54
46 56
50 58
46 52
52 56
51 52
49 55
50 56
47 59
48 58
48 59
48 53
51 59
49 56
52 57
48 57
49 59
51 53
48 54
48 54
52 53
49 59
48 60
52 54
49 58
53 54
50 60
49 58
52 57
51 56
53 56
49 56
49 58
54 58
48 54
52 61
51 61
54 61
51 60
54 59
49 59
55 55
50 60
54 58
51 55
54 58
52 57
52 57
52 57
55 56
53 59
53 56
52 57
54 60
50 60
55 59
52 57
54 60
55 58
54 56
55 60
54 59
54 57
54 63
57 57
56 58
53 60
57 63
55 61
53 61
52 62
54 62
57 62
53 58
54 60
58 62
52 59
54 60
54 59
57 63
58 58
57 59
54 60
57 59
54 64
59 63
53 62
56 64
53 59
59 64
60 63
57 61
58 62
60 66
60 64
55 65
61 68
54 61
58 61
59 61
55 63
59 63
55 66
57 62
61 68
56 68
62 67
59 68
57 62
60 66
58 62
59 63
57 66
60 63
60 68
62 63
62 69
62 69
63 68
61 70
57 66
62 67
58 65
60 69
56 64
56 69
60 68
63 65
59 68
60 67
58 66
62 66
59 68
61 67
59 69
60 71
57 71
62 65
60 68
62 68
58 69
65 69
62 67
63 72
64 71
65 71
62 73
64 66
64 72
64 71
60 70
64 67
59 73
59 71
67 74
60 70
62 68
64 68
62 74
66 70
62 71
61 69
60 70
66 73
63 73
62 67
61 68
67 74
67 72
65 73
64 74
68 71
63 75
63 75
66 70
65 72
63 75
64 74
63 75
62 76
68 76
64 73
65 74
68 74
66 75
66 73
65 72
66 74
66 74
69 71
66 70
66 76
64 71
68 76
67 72
69 70
63 71
68 78
71 75
65 72
63 74
66 78
65 78
64 74
65 78
66 76
70 78
64 79
65 73
67 77
68 75
67 75
70 79
64 76
66 79
70 75
64 80
72 76
69 79
67 81
67 74
73 76
67 77
70 74
71 77
72 75
72 80
71 78
71 80
71 75
71 80
66 79
66 81
71 80
68 77
73 82
67 80
73 76
73 80
73 75
68 83
67 77
70 81
74 80
73 81
68 80
72 83
69 76
70 78
68 83
69 77
70 82
75 79
68 83
75 77
75 82
77 82
72 80
69 83
76 79
76 78
69 79
74 77
69 85
74 78
76 84
74 81
78 80
78 81
72 86
76 79
78 79
75 85
78 80
70 81
76 83
78 79
75 80
76 86
78 79
75 84
70 83
74 85
78 80
78 80
79 82
72 83
76 87
79 79
72 81
75 79
78 87
77 82
79 79
76 80
80 83
72 82
78 81
78 88
75 84
75 86
77 83
76 86
80 80
75 87
78 83
74 88
77 82
79 84
72 87
74 89
79 86
80 86
76 88
76 82
73 81
72 86
73 85
75 82
72 83
79 90
74 88
73 84
80 81
80 87
72 82
78 85
77 89
76 87
76 87
74 87
82 83
80 87
74 86
76 83
79 86
78 82
78 82
78 83
79 91
79 89
80 88
80 84
75 86
83 83
76 85
80 85
79 90
83 83
79 90
78 86
81 87
75 90
84 88
75 84
79 92
84 87
75 89
81 93
79 90
80 84
78 87
76 87
82 92
82 92
84 87
77 85
84 90
83 94
84 94
80 94
84 94
82 88
84 94
78 87
77 91
85 87
82 89
84 94
82 93
84 86
79 94
84 94
78 91
85 95
77 88
81 91
87 93
80 91
82 95
87 90
83 89
83 95
84 95
79 94
84 93
88 97
81 89
86 96
80 97
84 97
84 97
84 93
84 94
82 88
87 88
81 91
83 89
83 95
89 99
88 94
86 93
82 90
83 90
82 94
86 92
85 97
88 98
83 93
82 100
86 92
83 101
91 101
82 95
89 93
88 100
92 96
86 101
85 93
86 93
91 92
85 102
83 102
84 93
84 99
84 98
85 98
87 102
92 99
90 100
88 103
88 103
83 99
84 101
88 101
83 103
85 102
85 100
89 101
91 95
84 102
89 95
87 101
89 104
91 101
93 101
90 101
93 102
90 95
87 105
88 95
91 102
89 96
95 98
90 104
85 98
92 100
87 104
86 96
91 97
86 102
88 105
87 98
91 97
96 96
86 102
87 104
87 103
88 104
88 101
93 97
87 98
91 104
88 104
91 104
88 100
94 103
95 100
93 104
88 106
92 102
95 101
88 99
90 104
98 102
90 100
94 102
91 103
98 103
94 103
98 101
88 106
89 98
95 101
97 101
91 103
91 99
97 103
89 102
98 101
93 100
97 106
90 102
96 103
90 103
93 109
98 105
95 106
97 104
94 103
93 103
27 41 59 90 139 147 234 265 326 327 496 537 560 589 616 653 672 681 720 745 771 792 841 872 873 943 962 966 
25 33 45 47 78 81 160 255 284 332 338 372 389 404 419 480 553 630 734 746 794 797 814 833 874 882 
19 20 30 63 145 205 280 295 326 442 467 481 612 626 721 767 829 856 916 986 
20 67 72 123 173 175 216 308 309 424 462 491 495 537 550 555 592 638 764 770 857 
17 37 61 68 74 193 277 285 333 354 463 632 700 702 747 777 825 950 
15 287 432 488 518 547 551 627 706 713 728 749 881 925 949 961 
21 37 66 70 205 221 307 343 355 377 381 572 589 610 698 731 756 815 841 911 942 978 
17 20 26 187 204 374 634 669 775 828 829 847 892 909 972 977 982 999 
17 19 80 230 248 253 254 270 452 472 494 562 611 624 635 789 915 916 
23 34 45 184 248 281 431 454 530 596 637 700 706 708 739 743 791 792 800 879 943 963 977 995 
19 25 128 212 248 255 330 357 438 471 527 528 531 534 608 664 693 703 763 771 
23 68 75 78 84 87 93 107 117 204 290 389 492 506 590 641 716 737 776 830 880 890 897 919 
20 19 272 324 357 376 416 423 434 455 514 552 570 603 760 817 830 833 924 939 951 
19 9 202 267 369 413 427 433 454 471 514 528 570 576 585 648 709 745 817 982 
15 56 58 73 164 222 282 297 469 526 654 712 720 744 788 811 
19 15 150 171 311 376 390 453 569 595 643 714 803 906 910 928 947 985 988 996 
26 13 38 64 74 85 174 183 197 344 407 431 493 507 508 516 627 649 657 687 710 717 773 855 913 926 954 
23 57 110 116 159 172 185 249 250 259 329 365 474 511 585 638 722 736 747 765 833 843 895 987 
16 98 109 125 137 158 165 312 344 404 517 552 554 590 748 762 945 
16 44 62 101 127 217 243 262 293 306 435 459 499 533 675 717 904 
16 120 155 226 238 248 347 408 501 526 587 692 730 745 748 867 901 
15 31 44 137 196 201 239 268 374 457 527 648 710 755 768 991 
21 79 152 159 250 287 317 339 343 359 463 465 523 572 668 724 818 827 857 917 923 983 
19 40 126 134 148 216 447 582 593 630 648 662 716 735 765 838 873 926 941 972 
18 11 54 118 135 175 205 330 333 443 482 515 561 739 773 802 935 937 988 
19 104 158 183 186 206 217 229 393 425 441 471 529 586 625 713 790 800 832 836 
23 21 37 60 218 354 356 388 416 462 463 472 474 559 562 583 591 757 778 796 814 897 902 954 
24 241 276 293 311 316 345 355 431 475 525 538 554 560 565 580 636 638 758 840 849 909 916 991 993 
25 5 36 53 102 103 148 182 352 390 401 472 513 537 618 677 685 694 697 705 724 849 850 891 932 938 
13 68 119 157 261 336 343 408 428 436 492 617 679 835 
15 49 119 126 135 157 216 328 535 590 616 678 777 793 817 939 
17 67 161 195 234 266 299 334 409 532 654 679 695 751 808 842 887 917 
31 23 67 96 103 146 177 196 305 318 331 415 426 441 482 527 550 597 607 610 624 629 633 653 654 671 713 765 776 812 843 909 
28 30 55 127 145 164 166 200 207 226 319 405 446 471 473 480 497 599 650 666 707 725 805 817 831 865 908 968 986 
14 88 112 188 231 315 346 362 394 424 542 551 676 766 791 
20 201 250 273 314 369 396 470 475 496 585 619 653 774 794 807 882 904 918 962 974 
16 117 161 169 468 514 526 529 564 602 671 730 898 941 953 960 998 
17 38 220 255 373 394 452 467 483 662 688 749 805 819 845 868 870 993 
14 0 33 232 279 288 313 346 399 410 514 713 750 860 862 
23 21 43 56 71 87 115 119 140 383 453 489 493 500 626 637 642 701 707 736 788 789 871 948 
16 122 126 196 226 229 465 493 522 635 666 755 786 888 901 975 980 
16 101 221 241 281 297 325 346 375 553 556 635 732 736 748 822 973 
30 89 181 187 188 224 272 313 326 338 410 415 427 479 530 531 554 567 572 667 713 744 752 764 858 864 871 912 937 952 991 
12 36 109 136 486 555 594 724 728 764 766 907 918 
20 7 26 58 115 116 213 457 458 482 487 533 615 626 633 634 640 682 713 900 952 
22 30 77 98 235 259 328 363 369 418 428 544 553 606 651 678 710 738 766 851 910 966 969 
19 53 103 113 208 222 245 261 298 305 409 506 608 648 735 751 887 930 951 953 
21 5 193 210 219 326 366 388 399 415 476 482 637 650 685 688 866 876 907 934 960 976 
22 44 137 157 176 182 217 287 350 371 375 510 561 597 633 640 645 665 699 768 848 853 906 
25 36 56 117 162 199 200 203 211 233 285 347 387 503 617 649 714 716 738 751 877 893 902 930 995 998 
22 29 44 73 125 132 234 269 284 460 468 476 541 551 601 606 641 720 770 774 904 939 951 
29 87 126 134 135 154 214 252 259 261 348 380 403 544 552 565 584 608 617 646 659 686 709 753 773 830 900 906 910 925 
17 13 193 224 286 313 438 470 545 574 584 600 630 806 812 875 887 926 
20 45 117 121 159 234 363 642 655 659 689 780 802 820 854 872 943 947 948 974 993 
17 0 44 63 146 171 315 378 392 426 477 519 569 704 725 776 878 949 
22 11 73 83 144 160 181 211 221 282 312 325 327 332 383 406 414 511 652 816 851 881 894 
19 3 138 143 220 294 467 491 520 584 606 607 652 707 740 819 881 927 928 972 
19 3 55 154 276 337 363 392 433 456 497 613 641 729 745 768 786 788 791 874 
23 31 70 200 207 229 287 292 390 411 425 458 485 501 565 581 608 641 762 865 897 907 921 940 
16 22 124 161 173 266 364 375 460 461 507 561 686 749 771 773 936 
15 12 30 70 78 105 145 240 249 316 323 389 488 578 644 991 
17 3 13 46 77 223 230 276 307 324 562 563 583 744 783 844 859 956 
18 19 32 100 251 324 405 428 448 487 542 711 763 790 852 888 917 938 944 
14 0 24 62 120 281 327 374 380 426 541 569 736 801 845 
21 68 153 174 194 252 261 290 321 356 368 448 518 596 652 708 715 797 823 876 879 920 
15 79 96 150 151 334 337 349 434 457 491 540 589 676 858 929 
20 39 40 75 100 159 253 262 287 303 345 402 415 471 534 598 627 678 714 811 873 
24 36 45 54 93 115 171 186 243 355 455 464 487 489 509 523 584 607 639 677 695 723 916 950 952 
18 174 185 306 340 344 368 394 403 456 489 523 642 664 721 779 905 953 991 
23 32 73 205 223 282 349 421 463 465 487 490 495 526 542 572 620 682 720 724 756 760 768 821 
14 6 147 188 224 279 306 397 535 654 679 719 735 797 899 
19 90 105 107 238 262 274 377 498 509 527 546 582 583 618 767 836 849 890 920 
12 17 219 335 389 410 419 481 496 588 727 892 984 
13 75 260 392 434 467 515 629 689 691 737 842 955 963 
23 18 63 146 317 404 439 562 613 623 677 697 707 726 811 852 854 871 918 937 947 954 974 985 
15 107 166 239 269 368 403 446 488 489 533 558 859 911 916 973 
18 46 71 108 110 227 317 326 339 449 573 686 729 750 815 852 887 938 992 
25 167 182 183 209 223 269 334 402 417 437 530 564 606 622 626 633 686 691 825 828 837 861 917 969 982 
19 44 48 156 343 401 528 548 584 607 624 633 639 665 670 792 793 817 894 977 
20 22 102 131 261 313 368 371 391 442 521 526 543 598 645 646 652 847 916 948 978 
23 24 55 79 101 125 127 136 190 259 260 665 708 712 716 769 810 813 822 862 898 940 971 996 
20 14 32 49 89 188 205 241 270 301 388 407 420 505 512 542 634 671 795 799 834 
23 29 99 184 259 288 324 585 611 636 660 687 703 710 728 795 804 839 845 851 871 890 908 994 
27 6 52 128 178 246 304 388 411 437 454 455 457 501 536 590 599 616 627 650 670 822 872 883 885 896 988 990 
24 128 153 320 354 362 365 417 425 455 504 536 545 616 680 717 733 752 763 789 851 853 918 947 975 
21 141 256 268 310 317 368 451 471 499 551 582 760 808 817 865 873 878 920 921 941 994 
13 10 37 69 79 192 291 499 535 603 746 773 798 872 
17 235 263 279 398 427 473 532 617 634 656 672 742 803 805 826 908 971 
18 13 62 73 84 191 333 500 515 530 629 657 680 687 778 834 904 929 972 
20 92 108 128 182 218 219 302 308 423 501 528 584 596 639 641 719 871 887 910 971 
20 34 119 149 174 276 385 487 526 609 624 636 642 643 707 752 802 808 875 931 964 
21 116 142 163 171 174 280 337 444 463 471 560 619 635 636 640 648 658 667 688 767 883 
23 142 204 307 310 312 418 423 440 463 579 582 607 636 672 686 740 757 791 801 832 898 957 973 
19 87 199 229 258 275 372 464 495 578 595 678 707 709 826 870 905 920 939 963 
23 91 184 192 196 198 229 259 306 334 459 483 504 521 610 668 698 764 766 777 784 869 890 898 
20 37 58 114 157 167 262 420 443 528 542 561 623 661 731 804 856 909 926 936 946 
18 23 110 145 160 318 422 490 497 527 556 612 643 758 778 785 812 819 925 
16 0 3 55 77 94 206 344 389 486 602 644 740 746 773 956 980 
16 115 230 251 339 396 400 457 463 480 516 655 835 858 927 949 996 
27 1 48 49 131 136 197 228 256 279 296 312 315 370 473 483 496 505 617 630 634 661 683 690 780 815 841 972 
21 8 64 170 278 336 417 543 551 582 651 652 655 758 759 791 820 850 895 955 965 997 
15 124 150 180 269 277 305 318 472 490 504 691 811 835 868 971 
16 50 75 88 107 149 153 249 342 379 391 418 570 780 891 987 993 
25 109 115 218 242 271 346 349 447 469 471 514 531 574 586 592 624 625 640 730 808 814 905 962 994 995 
21 30 71 104 106 248 382 388 476 497 517 531 568 573 618 633 634 741 754 855 936 983 
23 8 51 54 80 189 242 341 369 402 472 481 514 564 606 615 627 629 634 719 741 783 845 942 
19 47 147 287 364 490 491 515 549 587 627 727 745 764 821 829 874 899 958 966 
22 56 111 160 210 258 287 371 384 411 526 532 546 564 573 605 614 649 737 759 765 876 976 
13 21 23 60 244 503 571 575 611 724 776 787 809 884 
20 27 99 111 176 205 231 239 254 366 474 477 588 628 725 726 732 762 789 831 888 
25 17 32 87 271 309 353 362 385 390 422 464 560 582 588 618 676 687 729 746 775 781 788 807 963 975 
16 25 134 135 143 168 225 230 296 483 577 635 637 656 849 887 894 
17 110 236 252 276 356 378 406 422 494 503 519 586 619 663 711 791 840 
24 31 69 81 83 118 173 232 234 251 264 282 351 368 417 431 437 460 678 717 743 765 839 859 891 
17 1 86 126 139 157 175 198 394 439 442 464 484 544 592 865 919 955 
22 31 47 50 65 180 241 256 331 372 395 485 502 520 526 550 632 647 820 873 945 947 949 
18 44 57 92 173 244 407 411 421 423 453 505 506 585 625 828 880 916 965 
14 25 73 289 355 454 465 487 647 648 824 843 851 872 936 
17 52 122 145 334 430 470 515 633 644 648 792 801 823 853 888 889 973 
30 5 46 47 131 136 194 225 304 314 338 416 466 485 487 508 520 552 556 562 583 635 643 649 727 741 749 769 774 810 836 
18 7 27 87 121 278 312 516 550 665 682 709 714 744 788 908 962 974 978 
17 4 44 95 110 206 254 343 363 436 466 489 534 558 795 912 965 985 
13 80 114 218 236 416 492 595 796 831 842 866 919 975 
18 79 162 297 300 346 478 509 620 621 665 677 688 701 711 747 886 904 982 
20 72 80 82 107 114 325 328 340 356 562 620 658 708 724 754 755 765 820 831 957 
15 0 36 72 158 183 333 510 529 555 714 744 755 790 809 897 
27 54 67 90 102 107 111 146 165 183 212 230 237 241 278 319 379 426 427 453 522 680 707 750 823 866 965 996 
22 7 45 54 109 213 222 236 265 314 388 410 431 503 517 564 583 661 726 798 810 895 911 
21 0 57 87 98 161 323 348 360 424 446 572 587 625 628 666 776 821 940 955 979 990 
22 54 94 167 329 347 453 500 526 554 599 609 616 645 717 787 794 813 849 889 947 976 985 
21 12 37 150 179 185 189 191 304 362 479 488 508 618 624 775 796 818 829 850 914 962 
14 186 191 246 279 388 420 498 718 722 782 799 810 919 944 
14 116 145 475 477 487 622 746 756 761 781 819 917 952 971 
18 29 57 73 88 91 99 243 289 359 382 468 519 561 594 613 676 690 809 
19 145 151 168 219 235 327 362 443 505 527 647 667 682 781 782 800 860 948 994 
24 20 42 59 87 163 171 199 244 274 393 395 513 516 561 568 715 769 779 796 806 952 971 983 984 
17 58 64 99 138 202 249 253 280 526 550 589 709 725 735 797 984 999 
15 21 39 76 87 165 268 325 395 488 532 546 680 818 899 964 
17 43 140 151 221 229 313 316 330 373 395 607 633 762 798 803 841 948 
21 98 121 137 208 264 326 347 367 439 472 532 538 575 608 631 698 735 747 852 907 922 
20 29 74 138 171 250 295 412 433 445 525 539 625 633 637 677 790 793 936 978 998 
22 35 76 77 88 132 219 220 349 380 403 480 487 560 595 629 674 748 774 837 857 913 938 
21 82 211 280 295 325 350 373 412 435 466 468 481 501 552 688 798 799 817 844 929 953 
19 24 61 73 89 94 104 106 242 254 295 396 440 490 493 697 855 878 974 984 
24 14 67 69 146 172 216 295 298 383 386 387 453 519 559 614 681 715 762 842 849 906 923 925 943 
19 26 55 112 222 233 278 324 369 416 423 489 624 653 753 834 869 904 958 967 
35 12 20 31 48 54 75 125 162 172 270 292 357 390 422 434 447 454 502 512 563 583 621 663 724 726 763 773 794 829 835 919 927 937 968 992 
14 2 15 69 147 159 357 574 609 637 652 669 727 922 947 
21 16 95 111 151 263 289 329 456 458 464 506 553 608 635 692 739 839 947 957 968 987 
21 61 98 109 207 215 305 350 389 444 466 471 494 516 554 557 568 583 742 757 792 866 
18 20 21 55 186 235 304 315 342 356 358 472 504 529 714 784 900 937 940 
24 12 83 88 90 103 112 250 260 364 370 391 418 454 542 593 723 735 785 789 795 911 915 950 976 
18 2 74 106 129 283 318 417 456 492 518 560 662 665 725 770 854 877 967 
24 29 93 187 189 215 225 252 283 335 392 393 456 543 570 689 707 753 865 905 928 936 963 977 992 
34 23 41 42 45 50 92 100 108 144 148 223 316 337 366 382 419 476 491 495 510 528 550 636 652 654 730 772 808 843 849 851 942 950 951 
20 125 154 204 314 376 377 384 391 422 473 507 624 638 709 716 759 861 959 980 981 
18 29 91 101 141 182 237 277 333 459 517 572 625 704 708 775 852 877 888 
14 71 89 90 108 335 397 429 521 597 657 712 813 818 893 
21 60 134 136 155 172 283 355 424 469 560 572 673 679 686 736 763 830 865 869 948 971 
18 15 24 78 176 197 277 296 534 548 553 656 693 744 832 850 905 914 964 
23 1 4 36 105 127 149 162 186 257 260 309 354 382 402 535 701 708 728 910 942 974 992 993 
30 1 81 133 148 183 199 216 284 286 307 343 351 390 396 435 436 442 453 501 507 557 563 577 585 609 631 843 868 950 979 
25 19 68 129 185 229 365 386 391 413 422 445 488 494 515 533 583 652 655 700 725 793 938 948 983 992 
10 400 415 444 530 573 574 651 708 713 967 
18 1 2 16 59 100 146 259 336 540 566 569 639 689 726 778 854 865 871 
16 82 113 134 190 299 314 341 557 646 824 828 841 844 853 962 997 
23 1 19 108 114 149 169 190 260 517 538 561 586 636 638 657 668 670 722 745 777 790 877 973 
15 25 41 81 249 432 478 492 514 596 660 718 733 809 961 975 
30 2 36 61 92 130 229 372 388 393 410 445 480 490 515 531 559 560 571 600 609 655 687 699 773 850 874 893 903 954 992 
21 117 268 400 412 435 443 451 524 575 621 683 698 713 744 789 833 852 876 889 932 951 
20 16 48 196 198 281 290 291 315 351 354 432 516 568 616 651 719 756 849 972 979 
20 130 145 164 197 325 336 389 419 432 438 536 558 601 684 699 715 779 808 933 944 
20 38 57 74 133 231 345 356 434 526 577 626 650 652 665 666 687 689 738 850 930 
25 77 114 123 172 192 204 240 298 308 333 354 484 573 582 595 628 679 681 705 727 867 900 917 939 989 
23 40 54 56 85 122 130 135 139 182 292 333 386 415 502 503 527 614 649 697 718 750 763 941 
17 11 59 118 251 263 320 324 340 345 361 518 591 600 676 819 889 899 
24 14 22 45 46 120 126 146 163 206 322 364 400 440 449 505 529 639 752 777 778 782 875 882 885 
13 39 49 189 206 353 379 575 591 612 714 792 949 991 
14 50 172 210 344 358 368 388 432 484 572 653 694 737 896 
17 11 28 99 288 401 412 414 421 543 611 666 761 766 772 875 892 997 
19 6 177 184 203 209 214 237 316 334 420 547 628 659 702 713 719 736 905 931 
27 145 163 182 195 209 313 322 363 370 373 378 417 429 431 498 522 524 576 692 699 718 750 757 764 774 880 953 
17 179 209 218 260 277 296 419 425 529 616 909 914 921 936 956 964 973 
23 102 125 140 149 247 253 300 320 404 491 545 563 587 606 681 696 697 753 754 769 846 879 913 
20 4 39 60 125 184 185 187 235 276 502 521 588 622 676 723 775 849 863 949 982 
16 118 148 152 197 409 464 465 528 537 582 725 834 848 916 937 958 
19 51 70 112 235 238 243 355 418 422 450 461 482 568 744 747 754 908 927 995 
14 22 216 273 295 348 352 488 527 601 658 667 751 790 912 
22 120 147 194 245 408 473 475 492 619 630 640 644 724 745 783 846 874 878 879 918 959 970 
17 129 157 248 271 358 433 483 563 667 676 703 721 726 860 949 983 989 
20 123 208 220 276 317 370 385 406 464 563 665 699 715 779 809 837 838 842 844 969 
20 32 158 234 288 312 392 418 428 502 504 522 576 610 648 666 793 812 821 853 897 
23 46 152 177 208 217 289 293 314 400 401 416 455 527 551 645 660 690 773 774 818 944 984 986 
24 93 111 166 178 204 257 290 327 328 383 528 536 579 604 626 677 686 700 749 820 906 907 912 972 
23 77 97 108 173 198 201 242 291 321 335 381 458 473 481 518 606 631 658 669 687 828 856 897 
15 0 190 277 391 437 576 578 628 742 832 850 928 950 976 979 
23 38 86 89 95 207 217 264 345 371 384 487 519 642 650 656 698 729 767 775 838 846 925 945 
20 29 33 77 116 294 348 401 405 433 436 450 473 474 506 520 607 684 690 718 774 
16 34 78 91 158 278 398 489 517 580 612 668 683 707 748 799 804 
16 164 178 319 387 429 442 478 508 539 598 667 702 762 788 867 906 
