200 2000
1 1
0 1
1 2
1 1
0 2
0 2
1 2
0 2
0 2
1 1
1 1
1 2
0 2
0 2
1 2
1 2
1 1
0 2
1 1
1 2
2 2
2 3
1 2
2 2
2 2
2 2
2 3
1 2
1 2
2 2
2 2
2 2
1 3
2 2
1 3
1 2
2 3
1 2
1 3
2 2
2 3
1 4
3 3
1 4
1 3
3 4
1 3
2 3
3 3
3 5
2 4
3 4
1 3
2 3
1 5
1 3
1 5
1 4
2 4
1 4
1 5
2 3
1 3
2 4
1 3
3 4
3 4
1 5
1 5
3 5
2 5
3 5
3 6
3 5
4 5
2 5
2 6
3 5
4 6
3 4
4 4
2 4
2 5
2 4
4 4
2 5
3 4
3 4
4 5
4 4
4 4
4 4
2 6
4 5
2 6
4 5
3 5
4 6
3 8
3 6
4 8
5 6
3 5
4 6
2 5
2 6
2 5
3 6
3 7
2 8
3 5
3 6
5 6
2 5
3 5
3 8
4 8
4 7
3 5
3 6
3 8
4 7
4 8
5 7
5 8
6 9
6 6
3 6
4 8
6 6
5 6
5 7
6 6
4 9
3 9
4 9
3 9
5 9
5 9
3 6
6 6
4 8
5 10
6 11
4 7
4 7
4 10
5 9
5 9
6 11
3 10
3 11
4 7
5 12
8 12
5 9
8 8
5 9
8 12
7 8
4 11
7 10
8 12
5 9
4 12
5 8
4 11
5 9
6 8
5 9
8 12
6 8
4 12
6 12
8 12
8 12
5 14
6 11
8 14
8 13
7 9
4 10
4 11
9 9
7 14
9 9
5 14
4 9
8 9
9 11
6 14
4 14
8 11
9 12
4 10
6 9
6 12
6 14
9 10
5 9
7 11
5 15
8 12
5 15
5 11
6 12
5 15
8 14
6 11
6 11
9 10
9 11
9 13
10 15
6 12
10 14
8 10
5 12
6 15
9 15
6 11
8 12
11 14
9 16
9 11
11 12
5 16
11 17
7 12
11 17
8 12
8 12
6 12
5 11
7 12
5 13
10 11
10 17
9 17
10 16
7 16
11 13
11 16
9 11
11 14
7 11
8 11
7 12
9 14
12 13
11 18
6 13
7 14
12 18
8 18
9 14
6 14
9 13
6 16
11 16
10 15
7 12
7 14
12 16
12 15
9 13
11 17
9 14
6 14
8 13
11 16
13 14
10 20
9 15
6 20
10 13
10 14
12 18
6 17
7 18
8 14
10 17
8 18
10 18
7 17
12 13
6 14
13 14
7 16
7 17
9 18
11 17
10 16
10 18
7 17
12 16
13 19
8 17
8 15
13 17
13 15
12 19
9 15
8 20
8 16
14 14
10 15
9 17
13 17
9 15
9 16
9 14
9 17
10 20
7 19
12 16
11 15
11 15
8 17
14 16
12 16
14 22
9 22
14 17
12 21
12 19
15 22
14 20
11 18
10 22
14 17
8 16
11 20
8 20
11 22
13 19
15 21
9 24
15 21
9 18
10 17
11 22
10 18
11 22
11 22
8 21
8 23
11 17
8 18
12 16
15 21
11 17
14 21
12 21
14 24
9 17
9 25
10 20
16 23
13 22
17 18
10 20
12 18
15 21
10 22
8 25
13 22
11 18
17 26
15 17
13 26
9 20
10 23
12 19
15 18
15 19
8 24
13 19
9 25
17 23
11 19
15 26
11 23
11 22
16 26
11 26
12 23
14 23
12 25
17 25
11 22
9 26
11 21
18 18
16 21
14 20
15 27
15 25
9 22
12 26
12 25
9 20
12 22
11 24
13 27
12 23
14 19
15 27
14 28
15 19
14 19
11 19
18 20
19 26
11 21
10 21
15 22
10 29
19 23
18 26
16 27
18 25
12 24
11 29
9 23
16 22
16 27
20 26
10 29
17 28
10 20
10 20
13 27
10 26
14 29
12 21
12 22
10 23
10 20
16 22
17 23
12 28
19 22
12 23
12 22
20 23
16 26
12 27
11 29
20 26
19 30
20 30
10 28
21 30
10 30
21 29
20 29
17 23
15 29
20 25
13 25
18 28
11 30
15 21
21 31
12 24
20 26
22 30
11 26
21 27
18 33
17 27
19 33
20 28
17 29
15 29
14 26
19 30
17 30
21 22
19 29
20 31
16 29
14 28
20 24
18 24
19 29
14 26
11 24
18 29
13 23
20 26
15 33
17 24
17 26
20 32
17 28
23 24
17 26
19 32
21 26
20 26
21 31
20 26
23 34
11 33
22 31
13 25
15 25
24 35
16 34
17 32
18 36
22 28
19 25
22 26
24 28
22 33
16 26
13 26
23 28
24 30
16 26
22 33
23 33
18 30
12 24
17 25
23 24
13 32
17 36
13 32
23 33
24 38
17 36
20 28
23 34
19 32
23 33
12 37
21 30
16 31
13 37
16 32
17 30
24 36
14 39
26 33
18 31
17 27
14 26
13 39
24 30
18 29
18 34
14 28
13 37
25 28
21 28
25 31
13 37
22 35
27 28
27 33
20 36
18 38
27 32
19 31
16 36
14 32
14 27
19 32
22 28
17 31
15 33
14 28
15 32
20 42
20 29
22 36
16 36
18 31
28 38
26 31
28 41
25 35
28 37
28 40
16 31
16 34
16 31
14 33
28 40
23 28
14 33
20 29
22 31
23 31
22 35
15 40
15 30
19 39
18 40
18 41
24 41
16 44
22 32
17 42
15 36
22 32
21 33
20 44
24 43
28 40
18 43
15 39
17 35
15 38
16 42
19 36
24 40
24 40
27 44
30 35
16 31
27 31
26 41
19 37
24 34
21 36
17 43
24 39
18 45
20 38
22 37
29 43
23 34
29 44
30 32
25 37
18 44
26 42
24 34
23 33
23 39
17 37
25 33
27 44
18 35
21 45
19 42
20 35
24 34
21 33
22 32
17 35
30 43
17 35
18 41
15 31
26 32
28 42
16 36
27 44
18 31
30 42
16 32
25 33
32 47
26 41
22 34
28 40
24 32
17 40
26 39
21 33
32 45
26 39
22 36
30 42
23 40
32 39
24 44
23 42
29 47
31 48
19 33
29 48
31 40
31 41
32 44
21 41
17 39
25 33
19 47
25 41
21 37
26 39
24 51
30 39
26 39
18 37
20 38
26 36
32 39
31 50
22 49
23 34
22 49
21 41
33 35
18 44
17 50
22 47
24 40
27 38
29 45
21 41
33 36
34 40
33 39
17 52
17 52
23 45
33 51
33 52
34 44
25 37
33 38
26 40
30 48
27 42
31 42
20 45
23 48
24 40
26 53
23 54
23 38
26 52
27 48
28 52
21 42
21 49
18 47
30 40
23 54
35 46
24 50
29 49
29 46
27 38
32 37
23 41
31 55
26 45
34 49
19 39
24 41
19 48
22 46
23 43
27 54
22 54
19 41
33 47
33 48
32 49
31 43
26 47
29 49
24 48
27 51
24 41
19 41
18 44
26 56
25 41
37 41
37 53
34 41
37 46
29 52
19 49
24 56
19 49
37 39
31 39
20 56
33 53
19 57
38 57
30 47
21 54
32 45
24 45
36 41
39 45
32 42
38 46
26 58
19 47
29 53
34 49
35 47
35 42
22 55
32 58
32 59
22 40
39 50
23 50
22 57
31 51
32 47
34 51
29 57
23 56
32 43
20 53
27 46
23 53
38 59
21 42
40 43
22 47
25 43
27 41
24 56
32 53
40 51
35 47
28 53
29 51
37 54
28 49
35 57
29 47
30 50
22 58
33 50
30 52
41 45
37 59
34 41
33 52
32 43
28 51
27 61
38 42
35 54
24 60
25 48
25 51
22 60
27 42
33 47
27 53
39 42
22 62
32 46
38 63
24 53
41 46
36 58
21 60
28 43
24 53
37 48
43 53
25 50
37 64
33 54
22 47
33 65
29 45
39 62
39 55
41 61
38 65
38 55
44 57
28 59
27 56
37 55
30 55
37 57
44 45
31 50
38 48
22 56
33 46
25 66
39 66
44 54
29 55
36 54
33 59
43 62
27 49
22 48
23 66
42 56
41 56
28 60
27 53
36 56
29 53
37 57
43 68
28 49
37 55
41 52
31 54
41 47
40 58
41 55
30 50
40 56
26 61
39 62
24 61
45 60
42 46
24 53
39 46
42 68
25 68
37 62
26 58
33 49
42 52
39 47
34 67
30 60
44 62
32 54
27 58
29 51
37 60
43 68
37 55
36 47
24 64
28 46
32 55
38 70
31 55
37 69
46 52
42 56
40 71
42 48
39 59
29 58
40 58
39 70
36 55
43 69
29 64
23 47
28 54
43 63
36 71
33 55
45 71
46 48
36 67
31 49
26 71
24 49
46 72
37 62
47 63
30 53
37 48
31 58
46 72
47 67
27 52
40 50
24 52
41 50
38 71
40 51
33 67
47 69
38 55
31 64
38 54
37 74
46 74
36 61
36 65
44 49
33 55
36 68
47 49
36 59
43 59
45 60
48 54
27 68
42 51
32 71
41 54
24 60
42 56
46 51
26 63
41 51
31 57
41 59
30 51
31 72
45 62
33 68
38 67
29 52
34 74
46 55
37 70
32 58
29 69
29 55
36 60
27 63
40 53
27 68
30 70
43 55
47 73
41 58
34 67
27 63
30 69
46 64
40 65
35 54
42 62
36 68
36 55
40 63
48 69
48 51
37 74
26 72
49 59
39 65
30 62
35 74
30 74
31 57
45 62
27 64
37 69
46 58
40 78
31 54
27 55
47 63
28 75
42 62
45 72
42 55
40 68
31 77
50 55
51 79
41 60
45 53
44 78
42 60
29 78
40 72
45 65
46 68
26 77
30 72
26 58
39 78
43 67
46 80
40 63
46 75
46 56
39 54
49 54
40 70
48 59
40 65
36 59
44 81
54 71
44 60
34 77
41 81
44 65
49 74
34 74
53 71
33 58
31 63
35 83
36 55
27 63
47 57
44 61
40 65
35 76
41 80
37 78
30 81
41 76
44 77
30 66
48 65
28 61
39 74
49 78
42 64
32 82
30 76
42 74
46 81
50 59
46 74
32 75
33 56
43 76
39 74
46 62
37 80
52 73
36 80
36 83
36 76
46 67
35 67
48 58
29 57
52 73
51 78
31 60
31 58
51 62
56 69
42 62
50 61
38 78
38 78
39 64
50 64
45 70
41 81
45 71
31 58
30 77
45 85
34 69
29 60
30 73
41 70
47 65
46 85
32 83
53 82
51 85
44 69
46 71
58 75
41 69
31 80
55 61
58 67
57 84
30 85
39 78
52 64
45 83
52 74
46 76
51 69
49 83
31 59
49 60
51 85
55 74
31 89
49 76
55 89
41 78
51 87
54 64
48 85
41 88
49 82
48 62
55 66
35 82
51 60
45 69
48 87
47 83
53 76
36 61
47 89
40 89
35 67
31 81
55 60
52 69
52 90
58 67
40 65
41 77
40 82
55 64
60 85
46 90
31 74
47 79
36 90
32 90
52 69
45 91
39 90
55 64
50 63
47 75
48 89
42 77
37 69
41 79
49 68
37 73
46 63
53 73
38 73
40 77
31 84
42 69
49 76
50 72
40 77
39 74
40 91
35 85
56 87
56 88
33 88
56 82
31 92
48 65
59 91
46 80
62 92
49 83
34 89
41 65
62 92
33 70
43 90
36 79
42 66
46 92
45 76
61 81
43 71
45 66
32 83
49 76
40 84
47 80
53 78
58 68
49 63
34 76
31 68
35 85
62 90
40 80
63 80
44 91
52 63
57 82
56 69
58 81
54 82
63 67
51 79
64 77
35 67
33 72
52 92
55 74
64 83
48 79
51 80
49 77
52 69
51 70
43 81
38 89
57 79
36 74
42 87
49 72
60 93
34 73
46 96
51 70
49 93
60 66
33 85
56 73
43 79
37 85
52 86
53 87
34 85
37 95
32 67
34 82
41 90
45 76
65 67
41 77
49 75
56 70
40 68
33 90
43 97
58 71
48 76
62 71
34 66
34 73
35 80
54 97
65 95
43 68
43 70
59 96
48 86
36 80
48 78
63 67
34 99
47 84
53 95
52 71
58 90
57 75
58 75
49 79
40 86
59 71
33 101
59 78
58 96
63 78
37 84
57 83
55 74
41 68
46 87
66 73
62 96
49 95
67 99
65 92
48 82
63 73
48 89
59 87
55 93
63 77
37 96
45 89
58 101
46 95
67 100
43 94
53 69
55 77
58 98
39 96
37 81
59 86
34 70
50 84
37 104
56 103
41 101
60 72
53 72
69 77
34 77
64 104
34 83
68 80
52 98
40 79
41 97
56 101
62 97
44 87
61 92
47 71
37 103
37 75
40 82
57 78
65 89
38 76
50 105
42 84
38 74
65 74
68 100
54 73
56 95
67 87
67 71
53 101
64 97
68 88
49 76
54 100
65 80
63 79
48 94
52 107
37 88
59 75
67 98
60 71
59 73
42 98
51 80
71 84
44 94
64 79
52 83
57 88
39 103
70 103
63 104
62 97
55 82
71 95
40 83
51 89
66 88
41 80
72 85
64 84
60 103
67 81
65 73
62 97
62 93
51 94
59 94
72 90
52 105
55 83
45 74
68 86
55 96
63 74
64 82
51 102
56 95
56 108
38 87
73 101
44 76
55 91
41 77
47 94
59 86
70 84
69 95
41 108
68 83
45 78
55 90
36 90
61 85
42 109
50 107
69 104
41 76
71 84
55 111
41 101
48 95
47 95
68 102
62 93
43 88
69 110
42 105
41 77
73 88
67 91
67 79
40 113
68 102
65 79
72 81
67 82
60 90
44 85
74 76
54 92
58 87
52 111
59 112
46 96
44 98
42 98
62 78
70 99
56 79
58 96
57 92
66 83
76 101
62 83
62 106
53 101
44 93
61 87
60 80
38 113
68 110
60 105
74 94
71 83
69 100
43 78
42 103
42 106
40 90
56 81
52 83
61 91
75 77
55 99
67 98
41 81
67 112
40 101
52 104
42 89
51 98
70 89
55 107
43 91
78 114
66 112
51 106
54 89
77 93
42 103
64 112
67 92
52 116
40 85
69 115
71 94
51 93
66 80
51 83
78 89
57 100
44 101
65 112
63 111
40 114
64 90
65 101
50 108
42 111
68 105
45 96
78 115
56 100
44 86
48 80
75 112
65 81
45 102
73 97
75 95
59 110
79 91
74 89
55 114
59 92
66 116
40 81
47 119
45 110
59 118
58 108
76 102
51 116
51 97
55 109
64 109
72 105
42 108
48 117
49 114
46 110
70 96
63 103
72 95
50 112
60 111
73 120
44 87
41 119
65 100
55 102
58 96
62 96
60 85
72 120
67 108
77 88
50 83
52 84
52 89
52 90
57 99
58 91
73 81
49 119
67 94
42 81
53 82
43 110
63 119
41 105
70 101
74 119
50 91
42 83
78 98
77 99
75 107
48 115
74 104
75 83
66 103
69 112
56 119
58 96
54 87
74 84
55 102
83 125
47 123
81 86
52 88
71 123
42 122
72 113
62 126
45 109
50 99
77 109
79 126
44 84
62 106
64 123
46 107
55 93
53 109
56 93
64 99
75 110
79 126
66 86
74 98
45 88
60 123
51 99
44 126
83 105
72 117
69 115
48 125
75 118
59 114
50 107
50 111
46 120
63 98
50 111
60 118
49 106
83 128
65 118
63 90
73 101
81 110
53 99
81 117
60 112
45 95
79 102
68 103
43 86
53 116
62 119
49 128
72 116
55 95
54 92
71 88
52 103
75 107
50 91
79 110
49 86
76 114
68 92
77 93
48 111
54 119
46 117
82 122
66 98
71 113
75 129
67 117
73 126
77 105
70 130
74 103
71 125
53 119
53 117
66 91
78 114
52 90
46 131
54 98
70 119
51 103
81 94
76 119
55 104
44 118
86 112
50 94
59 112
74 105
63 92
82 91
62 101
76 131
85 132
82 114
69 115
85 93
80 122
74 98
74 99
62 132
78 112
82 95
60 115
66 123
79 91
85 113
50 97
64 126
53 111
47 111
52 113
75 131
83 130
77 110
49 110
55 107
64 134
75 119
52 106
71 125
70 91
76 130
66 98
62 103
87 133
88 133
85 136
63 104
82 104
82 126
58 95
55 101
83 110
66 124
70 111
50 93
48 104
46 127
72 109
78 116
80 118
64 115
69 105
60 113
89 111
84 92
70 130
81 92
69 132
88 115
76 102
84 129
81 133
81 128
58 124
49 96
56 105
67 100
69 121
73 112
69 120
89 116
68 123
83 101
49 118
91 100
59 112
77 108
86 128
69 132
59 119
52 122
66 115
73 93
78 98
48 137
62 106
46 102
73 116
53 137
68 101
84 125
94 136
63 103
51 120
58 110
57 115
94 107
59 137
78 124
66 95
78 109
78 129
77 107
62 117
61 138
67 119
67 123
82 96
66 122
66 104
83 137
63 117
86 138
75 126
75 115
60 131
83 108
87 118
48 116
63 110
67 134
90 142
64 136
87 122
70 129
89 128
73 130
74 134
79 123
95 123
50 121
67 138
72 103
59 142
90 135
48 124
56 138
87 106
83 142
68 106
56 105
87 127
85 99
80 118
78 115
48 106
96 113
83 130
80 140
79 141
65 101
66 141
66 119
50 108
50 98
54 125
93 130
82 140
84 132
50 104
57 100
78 146
95 111
90 129
89 111
93 129
77 127
49 136
87 136
50 100
67 127
96 133
87 103
81 138
71 144
89 118
96 126
53 132
60 110
74 103
83 114
85 143
94 98
78 121
98 142
91 141
62 110
82 125
94 141
89 110
97 108
57 144
75 127
50 140
59 136
58 146
82 147
72 146
59 112
80 120
79 109
54 142
65 110
57 115
50 107
89 143
81 108
83 124
61 120
97 128
51 103
67 115
80 123
65 125
60 121
90 146
62 148
91 137
93 118
68 103
94 103
58 114
60 119
99 121
97 147
84 135
75 101
50 125
100 106
57 122
94 104
60 149
68 132
50 18 58 159 226 244 248 263 353 358 363 366 397 426 448 507 511 514 556 576 623 647 659 673 696 702 732 779 813 1085 1112 1152 1168 1234 1372 1415 1426 1434 1492 1493 1540 1545 1620 1679 1698 1750 1774 1896 1916 1952 1981 
48 7 10 19 166 207 242 280 286 295 298 324 363 387 407 424 493 506 508 697 753 756 858 938 960 1002 1009 1020 1048 1050 1068 1127 1149 1185 1233 1328 1412 1523 1530 1584 1609 1621 1686 1691 1700 1880 1895 1914 1937 
41 8 44 112 129 154 224 296 307 345 399 521 565 575 682 779 785 851 862 932 1013 1030 1031 1069 1160 1171 1180 1225 1275 1375 1380 1427 1475 1507 1719 1727 1748 1770 1787 1797 1824 1954 
43 120 126 312 354 410 473 489 497 530 654 659 706 714 735 775 866 881 892 1031 1066 1094 1216 1253 1269 1290 1310 1312 1336 1365 1391 1431 1449 1496 1522 1568 1579 1603 1650 1662 1667 1766 1781 1817 
42 56 152 181 269 340 349 476 477 535 584 590 669 699 780 801 815 853 971 985 1027 1156 1179 1224 1229 1230 1287 1366 1382 1408 1417 1477 1607 1676 1680 1707 1717 1734 1736 1817 1823 1827 1931 
41 128 172 189 194 201 249 265 354 360 430 526 622 655 736 738 847 914 934 949 986 988 1047 1135 1153 1163 1191 1261 1535 1545 1659 1683 1741 1767 1771 1774 1783 1786 1797 1801 1816 1990 
40 31 49 73 74 142 153 180 202 272 347 408 414 415 429 535 550 638 751 754 902 923 924 1017 1032 1033 1042 1145 1238 1296 1303 1330 1342 1438 1469 1500 1559 1586 1685 1789 1878 
38 44 51 61 73 132 136 158 205 228 318 343 351 528 604 628 645 690 727 768 871 906 909 913 974 1010 1061 1082 1150 1317 1421 1456 1547 1676 1766 1842 1916 1971 1987 
41 6 13 16 103 196 221 267 339 358 361 452 481 528 536 549 590 647 652 680 708 810 884 977 979 1040 1081 1132 1424 1430 1435 1447 1564 1589 1597 1598 1652 1702 1825 1931 1969 1979 
31 106 130 176 230 295 328 336 417 494 549 553 578 603 777 805 833 848 939 1125 1433 1437 1472 1498 1507 1545 1556 1560 1664 1726 1799 1938 
44 50 70 75 90 101 217 269 270 335 411 412 435 448 469 472 493 538 546 577 675 759 760 806 833 849 935 984 993 1078 1274 1280 1313 1373 1374 1395 1397 1470 1489 1562 1600 1624 1706 1894 1957 
27 15 62 114 129 396 431 515 606 610 631 645 713 848 893 1136 1165 1204 1207 1294 1300 1301 1359 1456 1512 1582 1587 1784 
33 0 177 193 239 266 290 301 356 390 578 606 858 864 929 936 966 969 1051 1082 1094 1176 1311 1359 1361 1521 1555 1611 1643 1683 1704 1735 1775 1866 
44 9 68 70 113 125 314 376 418 577 650 713 721 734 737 757 812 820 839 896 922 1014 1107 1167 1253 1317 1341 1390 1391 1417 1455 1457 1524 1555 1597 1601 1677 1717 1755 1765 1777 1785 1850 1899 1946 
37 5 50 155 184 226 255 260 336 546 552 587 668 859 882 889 895 949 981 990 999 1222 1254 1257 1290 1352 1360 1416 1626 1627 1668 1703 1793 1807 1813 1836 1861 1900 
38 20 135 154 164 166 269 273 274 385 428 595 678 817 911 921 977 1143 1187 1292 1314 1326 1329 1354 1356 1390 1391 1420 1452 1519 1521 1599 1645 1704 1743 1764 1775 1793 1807 
41 21 26 139 207 213 225 266 320 339 491 557 570 711 720 758 892 909 911 946 992 1055 1058 1086 1200 1204 1319 1380 1401 1416 1433 1441 1450 1494 1530 1542 1625 1629 1632 1855 1908 1911 
36 2 88 200 225 281 386 394 427 433 447 456 616 693 763 771 798 823 839 853 915 917 1043 1177 1273 1337 1390 1403 1451 1676 1706 1761 1762 1835 1840 1842 1911 
46 10 74 201 232 240 277 281 295 306 332 384 486 493 601 668 894 907 912 981 1078 1084 1115 1121 1145 1171 1265 1297 1334 1419 1434 1473 1475 1480 1498 1578 1635 1636 1648 1689 1708 1732 1798 1801 1843 1919 1980 
39 19 41 72 127 185 284 437 484 516 554 587 653 686 707 731 767 849 1019 1079 1083 1148 1170 1242 1253 1312 1350 1375 1401 1465 1491 1541 1623 1750 1808 1838 1901 1911 1941 1990 
57 54 55 76 135 157 221 256 273 405 434 470 471 546 548 556 580 581 584 587 609 762 812 857 925 927 982 988 1012 1043 1103 1220 1232 1260 1271 1318 1338 1339 1342 1363 1402 1406 1410 1430 1458 1466 1503 1541 1601 1624 1669 1742 1765 1784 1856 1860 1980 1995 
51 20 29 109 121 132 188 264 272 331 349 384 432 551 580 581 602 613 686 801 807 832 921 926 986 1018 1022 1067 1074 1123 1148 1171 1218 1270 1277 1292 1302 1316 1463 1567 1598 1635 1735 1743 1810 1825 1840 1869 1872 1880 1961 1977 
41 23 117 164 287 328 352 390 405 461 514 519 579 736 766 799 814 821 850 901 936 976 1023 1053 1054 1069 1108 1134 1157 1164 1189 1195 1213 1298 1333 1551 1588 1639 1721 1827 1844 1950 
43 67 134 212 240 271 275 354 386 409 473 484 489 493 588 638 649 676 683 756 762 841 877 1011 1066 1111 1152 1168 1224 1233 1323 1351 1373 1455 1512 1527 1531 1611 1699 1711 1721 1725 1726 1893 
40 23 79 86 93 184 204 223 235 237 270 369 407 451 510 515 553 605 679 705 716 720 988 998 1045 1167 1251 1273 1313 1340 1396 1412 1542 1581 1599 1624 1628 1703 1724 1862 1977 
28 41 51 178 225 361 485 576 588 645 702 731 838 875 924 1016 1017 1170 1234 1258 1373 1398 1529 1586 1693 1707 1715 1804 1942 
29 186 283 311 360 441 496 536 549 615 669 670 745 970 981 983 1072 1187 1337 1344 1369 1372 1378 1475 1541 1630 1800 1857 1865 1867 
31 8 40 42 57 278 303 339 382 450 548 669 737 739 830 938 997 1072 1346 1360 1421 1450 1456 1495 1532 1635 1721 1726 1732 1750 1772 1954 
37 160 182 201 259 297 425 471 508 602 685 782 798 837 884 906 928 931 991 1046 1056 1059 1200 1232 1237 1252 1456 1477 1584 1634 1645 1757 1820 1836 1840 1907 1910 1957 
50 36 106 127 186 201 249 449 495 500 607 632 810 813 837 886 904 908 955 975 985 1031 1033 1051 1074 1083 1129 1145 1151 1187 1200 1311 1383 1412 1439 1471 1516 1553 1574 1597 1640 1646 1678 1745 1770 1796 1892 1897 1901 1955 1963 
46 6 50 54 76 156 160 203 210 275 280 310 319 323 386 426 523 556 585 604 634 816 869 889 905 937 958 1035 1089 1250 1280 1282 1314 1321 1431 1439 1453 1524 1542 1586 1603 1625 1762 1824 1860 1863 1882 
29 43 78 213 383 407 427 449 473 623 626 724 845 980 1060 1154 1310 1323 1332 1405 1413 1508 1563 1590 1707 1734 1759 1832 1866 1938 
47 46 51 83 146 153 211 221 231 249 260 282 299 408 522 650 651 657 661 708 776 810 955 959 972 991 1034 1066 1089 1125 1148 1178 1179 1212 1248 1257 1298 1305 1452 1491 1577 1626 1668 1748 1799 1821 1850 1978 
44 19 63 69 87 206 247 274 299 443 459 538 558 571 769 778 811 816 859 933 953 1039 1074 1089 1094 1179 1266 1277 1318 1331 1356 1442 1444 1493 1525 1547 1554 1599 1722 1783 1845 1847 1919 1931 1987 
30 85 118 270 319 432 467 480 488 626 694 715 732 837 854 887 1206 1295 1298 1327 1395 1461 1546 1641 1689 1733 1756 1802 1885 1900 1958 
47 9 56 83 113 125 210 319 337 430 468 474 479 552 653 715 733 746 763 773 898 923 1040 1081 1155 1157 1221 1226 1236 1335 1340 1371 1495 1511 1523 1529 1541 1625 1650 1797 1804 1818 1824 1864 1921 1949 1972 1976 
33 5 11 336 393 521 538 567 576 641 664 687 701 734 735 737 755 820 885 1051 1186 1192 1236 1341 1355 1363 1443 1458 1631 1698 1699 1734 1879 1984 
36 29 41 478 512 532 596 619 712 752 778 779 874 930 975 1001 1005 1070 1076 1078 1161 1185 1208 1260 1281 1308 1310 1315 1483 1566 1567 1649 1788 1829 1888 1903 1922 
37 75 102 156 338 361 380 405 432 465 713 803 842 868 872 909 983 1018 1090 1185 1201 1203 1226 1266 1347 1371 1400 1412 1529 1551 1607 1621 1652 1752 1798 1802 1896 1993 
38 0 7 102 133 220 252 273 301 340 350 435 507 543 589 645 737 810 870 961 963 1060 1095 1341 1381 1472 1509 1579 1584 1593 1606 1644 1673 1719 1809 1837 1867 1881 1952 
36 126 199 236 311 323 359 539 566 582 584 647 684 764 872 943 954 1006 1069 1158 1228 1245 1255 1259 1335 1337 1372 1392 1393 1462 1510 1534 1723 1731 1753 1754 1772 
38 0 77 165 229 247 251 268 336 396 476 509 555 580 626 714 837 866 925 979 1014 1088 1151 1158 1162 1168 1177 1205 1305 1311 1440 1494 1500 1515 1517 1622 1653 1660 1817 
33 90 97 99 141 177 222 286 385 462 469 532 674 797 842 852 1025 1177 1227 1230 1267 1274 1282 1415 1450 1451 1476 1523 1531 1748 1908 1912 1933 1935 
50 6 32 67 80 91 189 231 249 299 357 370 395 412 442 497 516 569 627 652 675 826 934 972 1015 1016 1019 1034 1066 1226 1229 1239 1290 1408 1476 1517 1527 1581 1583 1587 1594 1663 1717 1737 1796 1799 1806 1812 1892 1910 1985 
38 127 169 226 241 295 365 425 455 494 605 741 787 926 1049 1063 1075 1084 1244 1254 1293 1441 1489 1540 1565 1580 1586 1592 1633 1676 1688 1704 1735 1753 1903 1924 1932 1936 1940 
38 100 163 195 252 273 595 600 604 649 722 778 796 808 1084 1123 1128 1166 1186 1202 1292 1304 1324 1366 1368 1381 1407 1546 1623 1641 1658 1679 1749 1798 1833 1870 1920 1966 1976 
33 0 143 155 182 304 315 420 493 507 531 550 620 668 714 752 904 1203 1275 1391 1462 1581 1605 1608 1684 1714 1731 1737 1810 1859 1913 1944 1949 1987 
45 31 49 100 107 153 167 183 230 254 362 429 449 464 503 520 534 603 608 612 672 683 684 714 715 800 841 923 978 1071 1130 1315 1336 1532 1549 1622 1676 1678 1687 1692 1700 1759 1760 1763 1847 1855 
41 37 92 98 271 285 317 451 468 498 577 583 648 654 680 701 730 822 852 880 1013 1016 1173 1178 1223 1227 1432 1529 1548 1559 1562 1715 1729 1749 1787 1807 1825 1879 1884 1894 1925 1930 
43 35 46 176 180 201 230 238 261 306 332 356 405 444 446 512 544 563 566 688 778 883 888 966 971 1039 1047 1145 1152 1367 1423 1433 1459 1493 1527 1528 1600 1649 1658 1725 1889 1893 1913 1945 
32 4 56 86 193 227 228 372 386 490 532 533 628 669 678 866 874 1046 1148 1203 1228 1320 1322 1364 1443 1475 1518 1577 1830 1843 1854 1923 1993 
47 11 61 88 195 279 524 557 654 716 745 755 772 810 835 847 870 874 904 919 953 970 999 1054 1058 1082 1123 1162 1211 1247 1264 1265 1280 1313 1332 1372 1433 1540 1569 1665 1774 1779 1820 1869 1934 1940 1979 1998 
40 46 59 73 188 272 330 388 411 428 467 468 470 487 502 517 565 730 767 877 929 1069 1082 1097 1150 1355 1365 1395 1410 1428 1568 1577 1579 1660 1705 1720 1782 1796 1846 1869 1923 
35 53 251 356 458 485 487 581 628 695 703 730 744 755 776 897 906 914 1073 1113 1147 1178 1193 1234 1316 1329 1506 1578 1776 1858 1860 1877 1886 1934 1975 1999 
31 62 116 209 240 245 280 313 342 348 547 652 716 753 843 916 918 956 1008 1100 1133 1172 1176 1193 1230 1320 1358 1384 1548 1635 1675 1954 
38 24 97 259 302 329 347 392 425 433 458 517 573 630 690 707 787 791 800 801 950 951 1029 1136 1156 1357 1468 1493 1523 1578 1602 1605 1670 1773 1857 1934 1959 1961 1981 
24 2 22 105 258 262 276 318 532 586 660 684 776 828 989 1046 1201 1219 1506 1522 1542 1566 1628 1834 1925 
41 3 48 52 75 183 206 318 346 485 608 613 636 661 714 739 741 778 837 863 866 900 948 1035 1062 1064 1122 1188 1216 1298 1307 1315 1321 1451 1513 1673 1677 1751 1770 1779 1837 1883 
42 36 65 75 103 229 303 450 471 492 529 585 630 764 780 794 798 814 824 861 924 1015 1033 1140 1176 1191 1196 1222 1264 1275 1290 1371 1420 1507 1521 1538 1568 1582 1602 1684 1817 1903 1945 
29 44 115 146 256 307 475 499 508 513 533 565 747 797 969 1012 1052 1167 1233 1278 1306 1372 1437 1481 1507 1540 1600 1881 1957 1959 
40 4 24 75 78 296 308 321 454 540 550 561 656 716 717 722 807 844 865 947 996 1071 1119 1148 1172 1185 1213 1351 1371 1414 1502 1540 1581 1623 1650 1665 1749 1829 1910 1915 1992 
35 7 10 76 112 157 205 220 280 344 359 384 389 410 443 458 498 554 578 636 759 851 924 992 1013 1317 1387 1415 1484 1497 1525 1552 1575 1731 1767 1801 
42 109 141 163 230 265 382 387 451 581 588 627 756 790 872 889 912 965 971 993 1005 1025 1071 1075 1154 1167 1347 1356 1378 1429 1502 1545 1551 1598 1674 1679 1681 1731 1741 1743 1862 1915 1916 
46 125 188 191 206 220 233 279 298 321 364 508 525 550 637 649 743 808 831 847 869 873 882 939 943 971 1032 1185 1225 1229 1297 1436 1520 1526 1596 1655 1677 1745 1746 1768 1769 1778 1791 1801 1843 1906 1928 
42 12 38 102 159 249 256 257 285 289 389 405 426 467 494 547 559 623 685 687 709 723 778 847 949 950 974 1107 1110 1280 1337 1431 1436 1450 1477 1481 1495 1558 1598 1606 1627 1800 1960 
50 0 5 19 60 125 146 257 303 427 431 468 521 526 593 605 666 750 776 855 930 938 1019 1033 1057 1069 1115 1129 1191 1205 1251 1283 1382 1393 1418 1476 1539 1602 1670 1673 1680 1687 1690 1696 1704 1819 1835 1868 1896 1927 1959 
41 8 43 61 87 107 155 178 185 202 288 308 568 578 677 785 862 879 880 885 914 937 990 1013 1040 1122 1131 1194 1217 1323 1338 1390 1392 1541 1585 1604 1623 1699 1736 1811 1939 1981 
30 275 383 390 403 564 591 721 741 810 956 958 1092 1137 1166 1194 1320 1325 1327 1338 1402 1480 1645 1691 1702 1824 1856 1910 1940 1945 1979 
44 21 34 53 100 140 183 187 214 271 296 358 367 436 472 511 538 594 624 632 645 707 975 1049 1102 1121 1122 1145 1156 1194 1203 1228 1236 1270 1442 1467 1483 1626 1675 1681 1687 1785 1798 1862 1993 
37 45 47 51 95 113 149 153 191 391 398 482 537 917 927 944 973 1058 1067 1090 1126 1141 1163 1181 1190 1227 1234 1343 1432 1476 1479 1505 1609 1701 1841 1886 1893 1941 
41 2 44 161 203 234 269 298 299 316 338 382 392 437 571 585 624 644 873 905 913 969 1028 1107 1113 1267 1319 1388 1503 1562 1588 1682 1789 1797 1808 1883 1896 1954 1968 1969 1982 1992 
36 60 158 167 196 214 216 254 281 297 364 509 578 580 662 663 719 725 757 913 1015 1020 1091 1253 1415 1454 1475 1499 1500 1780 1858 1861 1883 1949 1962 1976 1984 
34 6 56 227 262 383 388 413 414 432 483 501 630 632 733 780 816 822 836 860 925 988 994 1037 1139 1282 1322 1390 1405 1548 1754 1784 1800 1893 1922 
49 1 111 115 145 247 251 255 261 278 429 433 444 495 504 510 517 610 614 642 679 726 731 750 807 854 941 964 1021 1032 1073 1091 1093 1132 1139 1207 1350 1406 1434 1457 1498 1515 1545 1572 1651 1656 1702 1738 1888 1929 
46 9 21 171 180 181 185 192 337 357 359 405 704 720 747 761 782 802 821 825 878 905 1083 1167 1175 1180 1238 1282 1291 1384 1432 1442 1534 1578 1616 1634 1637 1638 1698 1738 1777 1827 1831 1837 1840 1870 1876 
43 4 5 55 87 129 143 157 203 208 255 345 385 401 413 477 537 582 603 629 718 722 726 754 757 759 841 870 981 992 1140 1208 1267 1409 1515 1569 1612 1682 1723 1778 1803 1842 1876 1951 
30 5 20 60 367 419 510 512 518 633 681 840 989 1046 1129 1200 1214 1399 1423 1438 1450 1602 1613 1673 1702 1715 1716 1839 1958 1986 1988 
36 24 84 116 177 190 339 415 518 564 592 675 809 896 921 925 1103 1138 1175 1187 1305 1307 1318 1429 1479 1495 1506 1511 1522 1618 1622 1803 1819 1820 1896 1934 1939 
39 260 293 377 383 397 437 597 634 635 736 752 772 811 843 846 898 970 985 995 1013 1031 1094 1105 1108 1182 1214 1215 1452 1473 1491 1585 1625 1732 1741 1826 1912 1918 1937 1947 
34 15 42 61 63 168 185 253 314 326 346 359 427 435 517 564 700 734 907 927 946 948 1161 1218 1277 1278 1321 1362 1419 1485 1559 1647 1737 1911 1926 
42 19 41 254 307 334 351 397 426 443 577 579 596 609 867 868 904 984 1033 1055 1065 1087 1124 1190 1201 1205 1209 1300 1303 1361 1379 1526 1601 1604 1659 1740 1756 1786 1819 1931 1974 1980 1985 
38 14 48 103 231 247 256 294 330 384 523 609 655 677 692 732 762 786 802 805 918 995 997 1012 1016 1047 1158 1275 1355 1376 1451 1480 1494 1511 1521 1569 1802 1818 1983 
42 2 72 122 182 241 255 257 261 272 319 347 506 539 552 607 653 696 703 757 798 846 856 880 992 1043 1108 1128 1131 1252 1258 1372 1382 1453 1554 1559 1599 1621 1718 1742 1773 1844 1967 
29 44 118 163 186 257 284 287 465 603 612 659 925 940 999 1020 1045 1046 1067 1125 1240 1281 1345 1386 1580 1720 1844 1846 1898 1976 
41 19 58 60 69 101 147 248 303 319 341 350 398 625 645 648 683 764 774 806 870 885 893 962 1105 1110 1193 1239 1274 1290 1294 1304 1340 1463 1525 1647 1665 1683 1748 1768 1797 1818 
34 57 97 101 126 127 145 153 331 355 386 541 604 682 686 734 957 1058 1195 1254 1279 1292 1312 1338 1372 1385 1431 1475 1522 1624 1738 1795 1882 1942 1961 
38 64 107 112 223 246 269 282 319 341 492 532 554 595 685 761 794 847 873 921 922 931 937 1030 1038 1045 1046 1101 1116 1124 1188 1339 1407 1485 1638 1765 1775 1898 1932 
33 23 108 176 239 247 324 325 382 387 448 566 656 683 709 810 888 895 951 953 1018 1070 1183 1239 1310 1412 1437 1462 1560 1565 1591 1904 1907 1968 
50 2 13 216 219 274 321 336 440 502 519 532 615 632 647 668 697 698 781 929 946 947 988 1014 1044 1100 1112 1189 1210 1263 1361 1417 1522 1533 1544 1560 1563 1564 1598 1603 1634 1719 1722 1736 1765 1809 1811 1837 1845 1916 1943 
33 117 224 305 511 589 625 646 658 711 730 824 829 852 860 876 941 1071 1289 1376 1393 1400 1440 1454 1464 1561 1597 1648 1652 1749 1822 1828 1863 1921 
41 11 30 72 103 129 133 142 271 295 317 337 339 382 475 507 576 582 620 677 696 782 857 1014 1032 1050 1083 1116 1228 1302 1435 1494 1649 1674 1678 1683 1700 1772 1829 1848 1893 1967 
48 58 62 74 157 264 403 515 520 574 627 640 664 733 766 803 882 905 916 987 1012 1014 1050 1121 1128 1130 1188 1251 1315 1355 1379 1399 1440 1456 1477 1526 1574 1673 1676 1739 1744 1751 1752 1766 1770 1871 1894 1962 1982 
36 1 3 52 104 167 311 358 388 454 476 479 492 557 706 754 797 872 995 1273 1355 1383 1426 1454 1465 1537 1678 1694 1717 1724 1738 1751 1755 1828 1838 1859 1930 
41 50 103 110 156 194 206 235 325 337 448 460 478 569 648 797 886 910 933 951 979 1097 1138 1186 1231 1258 1383 1384 1403 1482 1699 1705 1716 1757 1787 1791 1801 1802 1840 1859 1936 1944 
36 37 59 75 119 206 227 321 469 675 701 714 811 905 973 1023 1024 1037 1121 1122 1154 1206 1212 1239 1283 1344 1376 1399 1455 1523 1579 1645 1716 1784 1838 1932 1982 
34 15 98 101 120 144 233 259 327 560 593 837 923 978 1049 1077 1104 1125 1174 1200 1201 1211 1215 1322 1365 1440 1454 1479 1643 1675 1800 1891 1892 1957 1975 
38 66 128 170 180 422 488 516 596 719 740 749 800 839 848 884 971 1090 1146 1157 1184 1389 1450 1486 1622 1678 1698 1721 1804 1836 1842 1874 1879 1902 1913 1915 1919 1942 1990 
38 73 82 177 210 250 292 428 583 713 784 799 844 899 910 927 947 950 980 1028 1067 1133 1160 1291 1293 1360 1394 1459 1492 1588 1622 1666 1728 1799 1821 1894 1951 1956 1984 
34 19 25 28 31 113 170 222 227 336 385 435 479 661 679 940 1066 1098 1149 1169 1217 1335 1462 1552 1582 1597 1680 1716 1758 1886 1899 1902 1936 1968 1982 
36 42 82 302 357 428 466 546 562 818 827 903 920 944 977 1010 1032 1059 1088 1342 1431 1519 1566 1601 1615 1632 1648 1674 1704 1712 1749 1892 1913 1915 1919 1965 1996 
38 54 63 98 117 148 174 251 273 274 333 414 425 455 500 535 549 687 809 888 934 960 998 1004 1064 1078 1159 1186 1190 1273 1320 1359 1361 1381 1652 1701 1785 1899 1976 
37 166 338 371 426 431 495 509 532 536 558 583 586 630 637 651 696 836 896 907 919 1018 1235 1287 1294 1303 1328 1375 1494 1690 1733 1756 1766 1792 1822 1905 1972 1989 
40 45 128 155 157 167 218 228 337 497 548 606 641 646 748 764 788 842 854 917 1164 1189 1191 1206 1225 1290 1373 1444 1448 1453 1482 1496 1524 1577 1754 1820 1859 1874 1896 1927 1933 
43 43 134 141 172 178 182 250 383 388 400 478 539 570 639 643 645 731 732 760 814 970 1091 1112 1196 1204 1302 1470 1479 1514 1610 1614 1616 1625 1675 1682 1709 1798 1813 1835 1920 1922 1978 1982 
42 50 148 153 202 229 272 300 336 341 363 406 493 507 534 553 608 617 693 695 725 765 768 815 838 861 890 904 1017 1068 1278 1343 1539 1583 1621 1785 1790 1798 1822 1877 1892 1899 1948 
51 33 57 125 155 192 249 277 334 368 453 534 611 680 713 804 812 875 930 1128 1146 1196 1231 1279 1296 1316 1352 1412 1441 1452 1499 1506 1508 1514 1556 1606 1627 1639 1645 1693 1755 1767 1770 1780 1786 1789 1797 1809 1861 1940 1941 1956 
40 45 116 143 283 321 378 396 438 500 628 730 731 734 813 815 843 941 945 991 995 997 1047 1082 1093 1173 1187 1326 1367 1387 1431 1451 1565 1617 1637 1647 1677 1823 1910 1917 1943 
45 9 11 226 293 312 382 477 493 495 508 522 535 562 696 777 811 908 911 914 958 1034 1056 1116 1118 1155 1184 1185 1220 1255 1336 1348 1404 1405 1409 1506 1577 1679 1684 1701 1702 1768 1814 1830 1882 1930 
44 4 73 131 150 160 248 296 343 360 365 372 412 426 525 598 609 626 635 651 686 739 746 838 1001 1075 1139 1200 1260 1330 1356 1376 1385 1485 1517 1543 1598 1599 1600 1621 1642 1718 1860 1876 1878 
31 32 106 110 202 253 298 304 310 364 369 415 464 572 933 961 996 1134 1190 1244 1272 1373 1379 1416 1492 1502 1602 1626 1674 1716 1877 1937 
48 56 160 178 186 602 618 624 625 638 682 694 701 725 842 895 918 947 952 975 1037 1041 1055 1076 1087 1096 1104 1147 1228 1240 1247 1263 1284 1292 1355 1371 1477 1579 1629 1661 1668 1701 1725 1734 1811 1817 1857 1935 1961 
43 20 27 99 156 165 275 310 546 668 721 736 763 832 906 910 915 959 992 1033 1105 1117 1123 1167 1207 1256 1358 1363 1402 1481 1495 1512 1521 1591 1596 1622 1675 1684 1821 1856 1905 1912 1943 1960 
51 1 129 292 301 304 338 504 629 634 646 647 705 753 777 791 793 817 841 887 909 948 974 983 991 1026 1051 1102 1104 1127 1129 1168 1173 1174 1188 1190 1246 1268 1313 1460 1463 1604 1622 1630 1640 1687 1784 1839 1859 1954 1958 1994 
45 22 74 78 81 125 161 252 324 376 385 387 405 474 483 671 676 696 834 891 965 989 1068 1077 1109 1111 1145 1167 1237 1257 1311 1426 1432 1474 1496 1510 1564 1631 1648 1858 1887 1890 1914 1924 1985 1991 
48 24 64 82 98 101 126 147 235 264 354 481 492 501 514 533 534 625 646 713 754 781 782 836 988 991 1002 1102 1107 1136 1169 1285 1291 1314 1339 1349 1397 1452 1461 1589 1595 1597 1633 1712 1718 1728 1734 1944 1987 
47 20 66 73 105 179 196 309 323 328 336 371 395 439 450 463 528 715 730 786 826 884 892 922 939 953 974 988 1002 1003 1017 1031 1036 1047 1138 1273 1281 1282 1299 1349 1434 1459 1498 1540 1544 1665 1668 1742 
29 54 178 199 499 553 572 590 611 649 672 831 898 924 928 1068 1152 1338 1358 1393 1395 1478 1497 1587 1651 1676 1679 1765 1983 1986 
44 35 89 132 179 207 237 251 253 302 330 499 576 591 670 693 755 928 1059 1105 1125 1160 1193 1263 1274 1279 1303 1374 1392 1414 1450 1509 1522 1541 1604 1628 1736 1771 1796 1865 1906 1910 1954 1973 1983 
41 35 66 97 100 327 344 369 385 411 419 429 430 452 467 480 501 507 584 697 1045 1186 1201 1226 1256 1262 1263 1353 1375 1497 1504 1562 1567 1572 1601 1614 1683 1685 1796 1804 1877 1983 
47 47 141 163 228 367 406 408 451 472 479 519 533 656 691 699 783 794 859 932 949 1031 1137 1226 1250 1275 1292 1320 1328 1379 1417 1441 1461 1510 1528 1541 1559 1561 1594 1645 1674 1686 1694 1803 1856 1876 1965 1995 
32 109 300 410 640 649 690 723 752 880 901 922 952 978 1035 1103 1255 1321 1374 1383 1392 1403 1418 1537 1571 1656 1703 1727 1771 1818 1914 1917 1963 
40 81 254 286 430 482 533 549 567 687 706 718 728 738 760 815 883 923 969 996 1021 1034 1123 1137 1147 1206 1347 1357 1444 1471 1488 1513 1573 1582 1610 1695 1710 1800 1884 1955 1970 
41 46 62 121 276 291 434 462 470 475 497 503 508 539 579 585 672 761 777 922 975 1034 1042 1089 1178 1180 1229 1290 1329 1348 1364 1394 1407 1639 1640 1709 1717 1724 1750 1752 1815 1975 
39 41 162 274 297 355 452 547 577 594 752 877 885 921 923 1045 1083 1087 1114 1237 1250 1291 1310 1311 1346 1378 1391 1439 1492 1531 1549 1567 1667 1700 1769 1863 1876 1895 1979 1992 
48 68 93 104 184 188 193 300 321 325 475 513 609 657 731 812 840 890 935 947 949 1021 1024 1052 1086 1111 1114 1126 1169 1192 1269 1295 1300 1417 1425 1451 1632 1693 1739 1751 1794 1831 1852 1885 1889 1955 1956 1967 1996 
38 0 65 142 176 203 224 387 481 524 753 795 803 847 930 931 948 1098 1149 1176 1199 1201 1208 1281 1311 1315 1354 1377 1506 1573 1607 1651 1674 1783 1897 1898 1913 1964 1986 
40 12 39 99 149 159 324 340 358 373 394 416 426 471 577 592 632 633 684 744 752 779 794 952 954 977 994 1025 1054 1096 1106 1149 1230 1231 1278 1374 1445 1547 1680 1855 1922 
34 47 74 173 201 231 238 250 322 362 364 542 602 715 779 820 866 882 912 976 994 1053 1259 1304 1368 1399 1487 1509 1671 1673 1796 1818 1839 1857 1957 
51 97 204 247 268 327 382 411 429 456 459 482 551 562 568 579 580 587 618 626 629 719 781 783 836 851 951 1045 1061 1068 1073 1106 1126 1158 1294 1318 1325 1326 1353 1380 1432 1493 1498 1541 1542 1550 1553 1631 1661 1858 1861 1962 
37 42 77 201 425 441 478 524 563 565 589 597 631 633 673 684 689 699 836 849 919 927 928 1048 1077 1122 1165 1233 1312 1317 1418 1497 1623 1750 1837 1942 1964 1991 
45 22 26 30 43 45 105 124 164 181 273 289 307 320 404 548 554 562 602 646 698 753 760 823 952 1013 1050 1080 1128 1221 1284 1294 1322 1341 1395 1575 1580 1657 1679 1708 1757 1799 1894 1910 1933 1935 
51 3 43 79 84 99 135 143 162 179 184 208 221 237 308 326 382 420 436 467 567 645 660 685 705 730 758 868 886 934 1054 1191 1242 1246 1264 1271 1274 1394 1413 1414 1458 1478 1561 1578 1587 1689 1720 1737 1744 1745 1802 1805 
47 42 98 101 126 178 191 204 205 233 265 373 416 483 534 621 623 678 743 863 921 992 1014 1020 1048 1086 1120 1127 1150 1168 1189 1197 1209 1252 1280 1299 1310 1377 1421 1584 1670 1711 1717 1796 1828 1877 1986 1988 
40 106 127 159 202 255 374 665 790 794 810 825 857 866 908 957 990 1023 1026 1035 1082 1182 1186 1225 1276 1293 1337 1339 1359 1396 1451 1533 1571 1753 1792 1834 1847 1899 1905 1958 1963 
40 21 222 243 318 338 344 360 449 507 614 646 663 669 673 728 840 899 970 1063 1085 1092 1111 1123 1192 1200 1203 1250 1256 1284 1340 1478 1550 1607 1688 1831 1846 1856 1924 1948 1954 
42 100 187 223 234 278 304 362 457 497 533 639 650 716 729 732 738 765 873 882 1012 1022 1041 1045 1050 1112 1135 1172 1226 1229 1252 1292 1304 1464 1496 1618 1630 1646 1713 1768 1875 1917 1956 
32 30 105 171 175 276 355 429 468 494 505 513 606 624 696 702 800 801 826 840 916 935 1075 1182 1324 1463 1513 1557 1577 1590 1715 1783 1878 
31 23 111 187 331 336 416 453 513 576 624 695 758 850 867 942 1109 1127 1141 1147 1185 1232 1243 1272 1275 1597 1666 1681 1771 1825 1912 1921 
37 80 92 98 133 182 285 354 382 390 472 608 610 654 655 727 799 810 821 932 936 1025 1084 1102 1170 1190 1202 1452 1466 1543 1629 1703 1773 1833 1864 1877 1895 1930 
39 6 16 138 177 220 318 535 568 579 586 689 695 755 767 783 814 821 887 890 976 1015 1052 1057 1097 1103 1244 1336 1357 1438 1458 1484 1564 1589 1797 1801 1845 1873 1932 1975 
36 13 97 155 156 158 247 277 304 337 340 421 469 529 580 586 697 733 749 869 940 991 1067 1524 1581 1622 1650 1715 1822 1826 1885 1893 1895 1912 1935 1977 1983 
44 59 223 235 247 353 402 431 523 745 777 784 795 799 843 883 980 982 998 1023 1038 1070 1077 1091 1189 1213 1254 1302 1336 1397 1400 1448 1461 1480 1516 1619 1666 1760 1806 1838 1918 1937 1943 1948 1994 
42 12 25 28 29 83 89 449 558 577 654 703 724 748 780 784 813 819 851 856 926 1015 1084 1153 1168 1170 1192 1251 1265 1284 1341 1345 1391 1414 1446 1509 1583 1667 1705 1836 1843 1959 1976 
44 41 47 125 160 209 270 294 301 375 384 440 563 576 583 715 789 876 994 1021 1049 1167 1201 1225 1241 1259 1278 1310 1313 1373 1374 1459 1654 1692 1717 1719 1769 1865 1867 1884 1898 1901 1950 1981 1991 
25 14 106 141 223 253 395 494 559 613 759 838 841 861 866 961 1036 1387 1435 1547 1560 1744 1788 1806 1857 1912 
36 8 21 118 211 305 418 427 546 569 581 658 797 839 850 871 894 910 974 1006 1104 1109 1188 1325 1349 1418 1512 1533 1566 1726 1790 1810 1830 1893 1920 1966 1977 
46 36 64 76 80 145 225 356 366 378 389 492 531 555 578 579 698 717 718 735 765 770 796 933 988 1049 1131 1185 1230 1288 1344 1362 1393 1527 1544 1578 1700 1706 1718 1738 1760 1776 1787 1855 1864 1904 1932 
44 1 27 30 115 124 137 220 236 258 312 322 337 354 406 423 433 546 592 742 756 768 860 881 995 1000 1147 1153 1291 1385 1446 1450 1451 1524 1544 1685 1699 1722 1740 1796 1878 1880 1939 1959 1984 
41 22 51 108 159 190 300 306 329 361 449 474 605 619 646 648 695 796 819 820 880 937 990 1007 1016 1070 1121 1279 1345 1369 1397 1412 1414 1510 1559 1617 1698 1736 1765 1819 1933 1988 
40 85 189 282 327 393 450 511 544 548 576 584 624 668 695 718 837 891 990 999 1059 1072 1101 1110 1194 1198 1273 1296 1362 1394 1492 1513 1543 1557 1627 1662 1680 1690 1708 1791 1845 
41 114 227 276 289 365 442 448 652 653 674 688 733 735 777 780 840 876 946 947 954 969 1020 1049 1053 1150 1209 1241 1262 1295 1308 1344 1435 1443 1460 1585 1598 1632 1633 1758 1926 1966 
50 128 217 243 261 288 339 360 381 407 412 433 474 498 545 578 648 651 674 885 910 971 976 997 1009 1024 1099 1218 1251 1311 1357 1360 1367 1373 1402 1478 1526 1530 1545 1548 1563 1608 1615 1626 1686 1689 1740 1749 1857 1865 1931 
42 49 141 162 301 322 326 370 438 484 507 553 585 623 650 697 717 810 868 883 1080 1102 1118 1131 1175 1243 1293 1305 1398 1413 1437 1612 1654 1724 1767 1820 1821 1822 1855 1870 1892 1953 1975 
41 48 72 104 172 224 225 252 348 358 366 372 400 410 469 475 771 785 806 814 839 853 888 942 973 1000 1004 1053 1175 1183 1204 1375 1377 1445 1450 1582 1705 1718 1733 1792 1946 1964 
41 17 202 205 245 344 550 695 696 702 716 827 929 1022 1024 1066 1108 1110 1146 1202 1210 1225 1298 1319 1350 1357 1393 1398 1413 1422 1425 1491 1496 1501 1522 1525 1577 1673 1835 1906 1961 1978 
42 1 134 136 139 154 170 288 320 421 428 522 626 650 698 778 788 799 808 887 902 911 946 1142 1189 1203 1219 1266 1312 1382 1413 1415 1490 1497 1499 1595 1681 1849 1851 1866 1871 1880 1881 
38 48 212 345 355 409 425 436 448 460 563 583 635 699 763 803 855 907 951 963 987 1001 1012 1197 1237 1293 1370 1425 1447 1465 1482 1528 1540 1638 1734 1805 1884 1898 1979 
34 96 195 207 233 252 270 352 392 622 697 698 758 823 922 1012 1013 1015 1067 1153 1193 1291 1378 1415 1434 1538 1546 1550 1636 1686 1707 1853 1960 1970 1977 
35 48 57 107 111 409 470 563 623 970 1014 1055 1085 1142 1149 1150 1159 1181 1185 1368 1377 1381 1390 1396 1433 1460 1544 1597 1606 1669 1688 1714 1748 1835 1895 1914 
41 28 181 228 323 328 356 460 614 623 692 695 715 738 742 802 813 819 886 1036 1070 1121 1155 1202 1253 1276 1277 1294 1358 1372 1390 1468 1486 1515 1518 1651 1716 1747 1769 1855 1872 1882 
38 43 208 297 322 467 576 688 724 804 836 855 867 869 955 1036 1101 1146 1206 1223 1250 1258 1339 1371 1483 1510 1521 1534 1570 1605 1682 1709 1748 1759 1832 1839 1946 1947 1985 
42 1 78 80 91 130 173 198 204 222 232 313 490 551 555 560 603 606 656 657 671 777 856 931 1057 1106 1169 1204 1343 1356 1388 1400 1420 1428 1476 1501 1600 1626 1720 1735 1841 1849 1933 
40 7 8 38 144 215 253 258 270 395 448 468 471 510 551 733 836 844 850 954 969 993 1035 1101 1145 1152 1162 1168 1188 1210 1226 1227 1277 1317 1378 1491 1549 1611 1636 1701 1938 
41 49 166 295 338 456 457 481 540 541 566 690 717 779 825 842 900 920 922 950 1012 1016 1079 1114 1172 1173 1205 1235 1238 1254 1255 1296 1345 1346 1374 1435 1492 1509 1904 1931 1955 1975 
37 41 77 102 147 151 171 318 394 398 472 547 564 582 594 636 637 736 739 795 869 1001 1051 1124 1283 1324 1342 1438 1439 1469 1507 1516 1535 1613 1645 1701 1866 1954 
34 20 72 77 157 169 176 190 303 379 473 476 482 498 512 543 695 717 828 989 1056 1068 1079 1172 1243 1273 1371 1391 1452 1580 1604 1631 1646 1823 1852 
33 53 137 258 277 341 408 455 496 598 633 752 827 897 909 959 970 993 1071 1133 1231 1288 1295 1359 1419 1475 1480 1487 1592 1623 1664 1861 1862 1941 
45 21 53 57 76 109 133 154 239 242 269 271 316 366 440 448 516 527 562 580 608 625 631 639 913 935 936 1015 1053 1204 1205 1297 1330 1453 1525 1532 1553 1649 1739 1794 1823 1837 1856 1885 1975 1988 
49 4 45 49 81 104 123 226 248 290 357 368 401 406 445 451 487 508 576 600 658 761 812 891 893 906 967 1004 1096 1105 1132 1134 1211 1232 1255 1279 1306 1427 1506 1511 1540 1621 1625 1645 1646 1678 1692 1740 1793 1916 
33 2 51 209 297 305 391 483 502 542 570 589 602 710 712 804 871 956 1003 1130 1151 1268 1360 1374 1390 1401 1493 1544 1593 1666 1755 1803 1826 1902 
54 23 26 27 99 158 179 247 274 277 291 333 343 357 362 399 413 438 461 509 512 547 571 602 738 744 805 818 819 838 931 932 1012 1048 1072 1083 1227 1300 1356 1398 1423 1460 1508 1610 1677 1713 1826 1844 1873 1934 1935 1956 1971 1981 1989 
38 7 105 224 323 342 374 383 417 422 472 565 615 688 689 787 792 838 875 879 897 924 1008 1017 1076 1085 1124 1147 1191 1301 1321 1343 1454 1484 1523 1578 1769 1839 1958 
38 1 9 42 112 119 161 197 287 309 338 434 445 468 480 501 795 926 1047 1169 1173 1177 1210 1216 1278 1281 1285 1314 1366 1436 1491 1608 1621 1657 1667 1706 1720 1900 1930 
48 4 25 34 52 77 79 125 126 180 183 232 244 250 346 391 392 406 428 511 526 681 697 730 807 868 890 962 982 989 1065 1072 1092 1276 1295 1319 1453 1455 1475 1479 1603 1637 1732 1817 1848 1879 1880 1894 1978 
37 45 46 52 53 65 67 82 97 165 391 400 402 439 486 588 710 766 784 806 1046 1051 1127 1301 1364 1404 1412 1552 1599 1619 1655 1671 1672 1719 1806 1897 1921 1980 
40 25 28 131 132 229 320 340 379 431 452 546 554 579 700 722 786 858 874 923 972 1044 1076 1202 1242 1245 1306 1334 1340 1371 1484 1500 1508 1542 1580 1621 1732 1897 1909 1954 1960 
39 52 72 81 111 198 221 276 313 591 605 611 624 700 731 756 818 908 979 1041 1085 1099 1161 1174 1219 1249 1325 1508 1530 1655 1672 1733 1765 1784 1799 1858 1892 1914 1930 1955 
33 2 74 107 108 126 165 174 220 221 300 356 532 670 880 904 1003 1083 1174 1231 1283 1286 1290 1442 1507 1528 1536 1585 1588 1752 1817 1841 1871 1897 
45 32 47 102 141 145 220 234 260 279 373 510 525 537 660 704 802 815 891 950 996 1045 1129 1146 1153 1180 1240 1260 1276 1300 1318 1487 1488 1543 1577 1624 1647 1681 1712 1743 1766 1803 1851 1960 1965 1969 
36 3 55 94 250 262 298 329 363 371 383 550 648 649 653 689 796 816 993 1022 1274 1338 1356 1392 1414 1422 1526 1654 1691 1694 1700 1722 1725 1735 1742 1954 1955 
39 59 123 156 161 187 221 271 299 326 354 448 593 629 721 742 770 776 817 822 848 928 996 1093 1202 1212 1227 1235 1262 1319 1362 1455 1486 1630 1653 1783 1788 1887 1901 1920 
37 42 122 140 194 208 220 355 368 425 452 470 540 549 578 612 674 754 776 964 973 1018 1155 1159 1170 1207 1416 1494 1501 1536 1561 1609 1644 1656 1664 1727 1754 1856 
33 290 332 337 359 393 427 449 471 515 605 676 732 743 804 907 1019 1093 1135 1256 1297 1327 1342 1348 1352 1481 1563 1605 1633 1642 1696 1737 1881 1923 
49 26 33 43 89 168 222 224 263 279 305 329 338 342 409 450 454 467 469 500 518 566 577 629 723 735 737 795 845 904 960 1031 1113 1117 1235 1285 1295 1309 1396 1457 1543 1554 1565 1601 1612 1636 1731 1753 1805 1911 
45 222 238 283 306 377 430 441 453 548 552 586 662 671 685 714 788 789 791 824 830 881 929 969 972 990 1073 1082 1149 1154 1198 1225 1236 1291 1355 1363 1371 1464 1546 1646 1675 1708 1768 1836 1930 1944 
35 42 44 71 207 348 393 442 453 602 604 662 682 691 695 700 716 795 849 1090 1126 1232 1275 1286 1314 1394 1506 1573 1623 1646 1703 1716 1756 1887 1910 1950 
51 5 33 100 104 142 154 176 248 394 459 467 468 486 492 509 530 536 564 607 621 630 640 642 672 740 796 809 884 921 925 930 1007 1095 1122 1124 1146 1195 1208 1214 1301 1323 1358 1386 1475 1579 1695 1788 1808 1868 1900 1915 
28 22 42 197 320 510 527 551 652 673 713 794 817 889 1088 1095 1115 1119 1225 1257 1285 1296 1634 1733 1741 1765 1767 1821 1936 
45 3 48 55 88 134 173 234 267 309 325 357 474 480 504 505 555 631 754 757 881 905 946 972 997 1000 1047 1050 1086 1088 1157 1238 1241 1252 1335 1464 1499 1527 1699 1715 1733 1783 1823 1881 1980 1997 
41 0 44 110 114 176 203 254 272 297 322 470 495 599 628 676 993 1027 1038 1092 1192 1200 1211 1293 1331 1406 1413 1416 1518 1570 1583 1600 1624 1673 1688 1723 1758 1836 1855 1878 1888 1963 
50 13 24 41 84 130 131 150 151 164 259 263 296 320 388 389 492 514 552 606 657 667 692 789 818 836 867 908 955 1098 1126 1156 1186 1259 1313 1314 1333 1351 1386 1396 1457 1528 1577 1613 1710 1814 1832 1835 1938 1976 1984 
36 46 58 99 192 204 278 448 496 607 671 691 732 883 948 957 978 980 1000 1042 1143 1215 1261 1268 1277 1299 1335 1483 1504 1603 1627 1629 1664 1711 1713 1827 1933 
53 12 58 126 138 179 229 324 375 399 450 496 499 547 581 631 643 651 668 682 740 805 812 822 852 871 967 1037 1087 1151 1262 1299 1376 1419 1424 1446 1482 1521 1559 1677 1723 1730 1732 1739 1783 1818 1841 1879 1890 1895 1926 1962 1977 1989 
43 131 161 162 236 270 284 296 302 341 367 430 582 603 604 713 717 762 790 845 886 915 1056 1084 1086 1130 1250 1261 1274 1316 1380 1389 1404 1424 1675 1697 1715 1729 1746 1757 1790 1800 1807 1883 
39 16 41 55 97 142 177 225 275 340 408 434 496 537 577 623 647 683 699 783 813 881 921 1019 1029 1048 1060 1297 1316 1324 1337 1427 1453 1524 1698 1731 1838 1925 1939 1947 
38 29 78 142 144 169 181 211 215 232 314 355 365 406 407 439 573 713 781 881 1013 1032 1052 1062 1109 1148 1168 1181 1276 1379 1491 1514 1571 1608 1731 1732 1798 1812 1978 
46 31 41 47 162 168 201 451 457 473 509 520 527 719 723 731 867 892 894 972 984 1057 1074 1106 1144 1171 1209 1217 1335 1377 1392 1394 1411 1412 1436 1467 1543 1572 1657 1700 1761 1789 1835 1841 1860 1917 1931 
45 3 10 54 79 85 158 223 302 315 337 342 370 450 463 477 547 607 617 627 655 776 811 816 849 912 968 973 986 989 998 1103 1132 1151 1187 1276 1326 1570 1621 1669 1674 1705 1786 1864 1868 1911 
47 34 49 98 128 130 143 154 176 269 295 298 343 359 368 494 502 599 616 625 627 670 704 720 753 811 829 878 1048 1101 1169 1179 1299 1312 1420 1422 1445 1478 1542 1590 1653 1682 1699 1710 1784 1819 1863 1918 
49 14 27 50 72 86 108 110 144 205 222 248 318 384 405 432 446 503 734 769 792 798 848 926 994 1012 1039 1052 1104 1120 1145 1171 1261 1336 1401 1514 1520 1576 1628 1653 1680 1684 1685 1698 1776 1805 1876 1918 1932 1962 
