200 2000
0 2
1 1
1 2
0 1
0 1
0 1
1 2
1 1
1 1
1 2
0 1
0 2
1 2
0 1
0 1
0 1
0 1
0 1
0 2
0 1
0 1
1 1
0 1
0 1
1 2
0 2
2 3
1 2
2 2
2 3
2 2
1 2
2 3
2 3
1 2
1 2
1 2
2 3
2 2
2 2
2 2
2 2
1 3
1 2
1 2
2 2
1 2
2 3
3 4
3 3
2 3
2 4
3 3
3 3
3 4
2 4
2 3
2 3
3 3
2 4
3 4
3 3
3 4
3 3
2 3
3 4
2 3
3 5
4 5
3 4
3 4
4 5
4 5
4 5
3 5
4 5
3 5
3 5
3 5
3 5
3 5
3 4
4 5
4 4
3 5
4 4
3 4
3 4
4 4
4 4
4 4
4 4
4 4
3 5
3 4
3 5
5 6
4 5
5 6
5 5
4 6
5 6
5 6
5 5
4 6
5 5
4 5
5 6
4 6
4 6
5 5
4 6
4 6
5 6
4 5
5 6
5 6
5 6
4 6
4 6
5 5
5 5
4 5
4 5
4 6
6 6
6 6
5 7
5 7
5 6
6 7
6 6
5 7
6 7
6 6
5 7
5 7
6 8
7 8
7 7
7 8
6 7
6 8
7 7
7 7
7 8
6 8
7 7
6 8
6 8
6 7
7 8
7 8
6 7
6 8
6 7
7 7
7 8
6 8
6 7
7 8
8 8
8 9
8 9
7 9
8 8
8 8
8 8
7 9
8 9
8 9
8 8
8 9
8 8
8 8
7 9
8 8
8 8
8 9
8 8
8 8
7 8
8 9
8 9
9 9
9 9
8 9
8 10
9 9
9 9
9 9
9 10
8 10
9 10
8 9
8 10
8 10
9 10
8 10
9 10
8 10
9 10
8 9
8 10
9 10
10 11
10 11
9 11
9 11
9 10
10 10
9 11
10 10
9 11
10 11
10 11
9 11
10 10
10 11
10 10
10 11
10 10
9 10
10 11
9 11
9 11
9 10
9 11
9 10
10 10
10 10
10 11
10 10
9 11
9 13
9 13
9 13
9 12
9 12
10 13
11 12
9 13
11 11
10 12
9 13
10 12
9 12
10 12
10 11
11 11
10 13
10 12
9 13
10 13
10 11
9 13
11 12
10 13
11 12
10 13
9 13
10 12
9 11
10 12
10 14
12 14
11 12
11 12
12 12
10 13
10 14
11 12
12 14
11 13
12 12
10 12
11 14
12 12
10 12
12 12
10 13
12 12
10 13
10 13
11 14
10 13
10 14
11 14
10 14
11 14
11 13
13 13
12 15
13 15
11 14
12 14
13 14
12 15
12 14
12 13
11 15
13 13
13 13
13 15
13 14
12 14
12 15
14 14
13 16
12 14
12 15
14 16
13 15
12 15
14 14
14 14
14 16
13 15
13 14
13 14
13 16
15 16
13 16
14 15
15 15
13 16
13 16
14 16
13 16
15 15
15 16
14 15
15 16
15 15
14 16
13 16
15 17
13 17
14 17
14 17
13 15
15 17
16 17
15 18
14 16
16 18
14 16
15 18
16 16
16 18
14 17
14 18
16 16
17 17
17 19
16 17
17 17
15 17
16 17
15 17
17 19
17 17
17 18
15 17
17 18
17 18
17 17
15 19
15 19
15 17
16 19
16 20
18 19
16 18
16 18
17 19
17 19
16 20
17 18
18 18
16 18
17 20
17 20
16 18
16 20
18 18
17 18
17 19
17 18
19 20
18 20
19 19
17 20
18 21
19 19
17 20
18 20
18 19
18 21
17 19
18 20
18 21
18 21
17 21
19 19
19 21
19 20
18 19
17 21
19 19
19 19
17 19
19 19
18 20
20 21
18 21
18 21
20 21
18 20
18 22
19 21
20 21
19 21
20 21
19 22
19 21
20 20
20 20
19 22
19 20
18 22
18 22
20 22
18 20
18 22
21 23
21 24
19 21
18 22
19 21
19 23
20 21
18 21
18 24
19 24
20 22
18 22
18 22
19 22
21 24
21 21
20 21
19 24
19 22
19 24
19 24
20 23
19 23
21 22
19 24
21 24
22 23
20 24
19 25
19 23
19 23
21 23
21 25
20 25
21 24
20 23
20 23
21 26
22 26
23 24
21 26
21 23
21 24
23 23
23 24
20 25
22 26
20 23
23 25
23 23
22 24
23 26
21 27
21 27
22 27
21 24
23 27
22 25
24 26
22 26
22 27
23 24
21 24
21 24
23 24
22 27
21 27
23 24
21 26
24 24
22 27
21 26
23 25
23 25
25 26
22 26
23 27
25 27
22 25
23 28
23 28
25 28
23 28
25 27
22 27
25 25
22 28
25 27
23 25
25 26
24 26
23 26
23 25
25 25
23 27
23 25
23 26
24 27
23 28
26 28
24 26
25 28
25 27
25 26
25 28
25 28
25 27
25 29
26 26
26 27
24 27
26 29
26 29
25 29
24 30
25 29
26 29
24 27
25 28
27 29
24 27
25 28
25 28
27 30
27 27
26 27
24 27
26 27
24 29
27 29
24 28
27 31
25 28
28 30
28 29
27 28
27 29
28 30
28 29
25 30
28 31
25 28
27 28
27 28
25 29
27 29
25 30
26 28
28 31
25 31
28 30
27 31
26 28
27 30
26 28
27 28
26 30
28 29
28 32
29 29
29 32
29 32
29 31
28 32
26 30
29 31
27 30
28 32
26 29
26 32
28 31
29 29
27 31
27 30
26 30
28 30
28 32
29 31
28 32
28 33
27 33
29 30
28 31
29 31
27 32
30 32
29 31
29 33
30 33
30 32
28 33
29 30
29 33
30 34
27 33
30 31
27 35
27 34
31 35
27 33
28 31
29 32
28 35
31 33
28 33
28 32
27 33
31 35
29 35
28 31
27 31
31 35
31 34
29 34
30 35
32 34
29 36
29 36
30 32
30 34
28 36
29 35
28 36
28 36
32 36
29 34
30 35
31 35
30 35
31 34
29 33
30 34
30 35
32 32
29 32
30 35
29 33
31 36
30 33
31 32
28 32
32 37
33 35
30 33
29 34
30 37
30 37
29 35
30 37
30 36
33 37
29 36
29 33
30 36
31 35
30 35
32 37
29 35
30 37
32 35
29 37
33 35
31 36
30 37
30 34
33 35
30 35
31 33
33 36
34 35
34 38
33 37
32 37
32 34
33 37
30 36
30 38
33 37
30 35
33 38
30 36
33 35
34 38
34 35
31 39
31 36
32 38
35 38
34 38
31 37
33 39
31 35
32 36
31 39
32 35
32 38
35 36
31 39
35 35
35 38
36 39
33 37
32 39
35 37
35 36
32 37
35 36
32 40
34 37
35 39
34 37
36 37
36 37
33 40
35 36
36 36
34 40
36 37
32 37
35 38
36 36
36 38
36 41
37 38
35 40
33 40
35 41
37 37
37 37
37 39
33 39
36 41
37 37
33 38
35 37
36 41
36 38
37 37
35 37
37 39
33 38
36 37
36 41
35 39
36 41
37 39
36 41
38 38
35 42
37 39
35 42
36 39
38 40
34 41
35 42
37 40
38 40
36 41
36 38
34 38
34 40
34 40
35 38
34 39
38 43
36 42
35 40
39 39
39 42
35 39
38 41
37 43
37 42
36 41
35 41
39 39
38 41
35 41
36 39
38 41
37 39
37 39
38 40
38 44
38 43
39 42
39 40
36 41
40 40
37 41
39 41
38 43
40 40
38 43
37 41
39 41
36 43
40 42
36 40
38 44
40 41
36 42
39 44
38 43
38 40
37 41
36 41
39 45
39 45
40 42
36 41
40 44
40 46
41 46
38 45
40 46
39 42
40 46
36 41
36 44
41 41
39 43
40 46
39 45
41 42
38 47
41 47
37 45
41 47
37 43
39 44
42 45
38 44
39 47
42 43
40 43
39 46
40 46
37 45
40 45
42 47
38 42
41 47
37 47
40 47
40 47
40 45
41 46
40 43
43 43
39 44
40 43
39 46
43 48
42 45
41 45
38 43
39 43
38 45
41 44
40 47
42 47
39 44
38 48
41 43
39 48
44 49
39 46
43 45
42 48
44 46
41 49
40 44
41 44
44 44
40 49
39 49
40 44
40 48
40 47
40 47
41 49
43 47
42 47
42 49
41 49
39 47
40 49
42 49
40 50
41 49
40 48
43 49
43 45
40 49
43 45
41 48
43 50
43 49
45 49
44 49
45 50
44 46
42 51
43 46
44 50
43 46
46 47
44 51
41 48
45 48
43 51
42 47
45 47
42 50
43 52
42 48
44 47
47 47
42 50
42 51
42 50
43 51
43 49
46 48
42 48
44 51
42 51
44 51
42 48
45 50
46 48
46 51
43 53
46 50
47 50
43 48
44 51
48 50
44 49
46 50
45 51
48 50
46 51
48 49
43 52
44 48
46 49
47 49
44 50
44 48
47 50
43 49
48 49
45 48
47 51
43 49
46 50
44 50
45 54
48 51
47 52
48 51
46 51
45 50
49 53
47 52
46 54
48 52
48 49
44 52
46 49
44 53
45 49
49 52
45 49
49 53
48 52
49 53
46 50
46 52
44 51
45 49
49 53
49 51
48 54
46 51
48 55
50 51
47 53
46 50
48 51
46 52
47 51
46 52
46 52
49 54
45 54
50 51
48 52
49 50
46 52
49 52
47 55
50 51
45 53
48 53
50 53
48 56
47 52
51 53
50 53
46 55
49 54
46 56
49 54
47 57
50 53
49 55
46 51
49 51
48 56
50 52
50 55
51 54
48 56
49 53
50 54
47 56
46 54
50 53
52 55
47 58
52 55
49 57
50 56
52 57
46 53
50 58
48 53
48 53
51 57
50 56
52 56
52 52
52 56
46 57
50 54
47 58
49 59
50 55
50 59
53 53
47 54
47 57
53 57
49 58
48 58
52 54
53 56
50 53
48 58
52 60
49 54
50 56
49 56
53 56
52 57
51 59
51 54
51 56
52 58
54 54
50 54
48 55
49 55
54 57
48 54
51 58
52 58
49 56
54 59
54 61
49 55
50 58
53 55
53 57
55 58
50 55
51 58
49 55
55 55
52 56
51 56
50 56
50 59
50 59
51 56
53 59
53 61
50 58
51 58
55 62
51 58
54 59
53 56
55 58
52 61
55 58
55 62
52 60
56 57
56 58
56 60
51 59
51 59
54 57
51 63
56 57
54 59
55 63
54 61
54 58
51 63
56 57
52 62
54 58
53 63
57 63
53 60
53 64
54 63
57 63
56 59
58 63
52 59
58 59
56 64
56 62
58 64
54 61
57 60
53 62
55 59
56 64
55 59
57 64
58 64
54 59
53 60
55 62
55 59
59 59
57 65
59 65
58 65
59 65
54 64
54 63
57 63
54 63
58 64
59 65
60 62
60 62
56 63
54 63
56 63
58 65
59 60
55 62
57 65
60 61
58 63
54 61
54 64
60 62
56 62
57 68
56 64
61 61
54 64
55 61
58 66
61 62
56 62
56 61
57 66
61 67
55 61
59 67
57 65
61 69
57 66
55 63
58 67
62 68
61 67
61 68
56 64
56 63
59 63
62 66
59 63
57 64
59 68
57 69
59 64
55 64
56 62
61 67
58 67
60 67
59 62
59 64
56 64
56 65
58 70
59 64
60 69
58 68
57 65
61 69
56 66
59 63
61 63
57 66
61 69
60 69
56 63
57 70
60 65
61 65
61 63
58 65
63 64
62 66
64 70
62 68
64 66
63 70
63 66
60 67
63 64
62 64
58 70
63 64
63 64
57 65
60 67
64 71
60 66
64 69
59 65
65 65
60 71
59 66
64 68
64 68
58 66
60 71
62 68
61 65
63 68
65 69
60 67
58 67
58 66
60 69
63 71
65 70
61 73
63 68
65 68
66 72
62 68
60 67
60 68
66 72
63 68
66 73
65 70
66 70
60 71
66 69
63 73
59 66
63 67
62 69
66 72
66 73
67 70
67 73
64 69
61 70
65 71
66 69
63 72
67 74
64 73
64 67
66 74
64 72
63 68
60 67
66 73
61 73
64 74
64 67
66 73
65 75
64 75
63 69
65 73
62 68
66 75
68 71
68 73
65 75
61 69
64 71
66 70
63 73
64 69
63 71
61 72
68 71
66 69
67 70
66 72
65 76
64 73
67 69
65 69
64 73
62 70
68 73
68 71
69 74
68 75
63 74
64 75
67 75
67 70
68 69
66 72
64 73
63 70
67 76
63 71
69 71
65 70
66 73
69 74
66 72
68 72
69 74
70 70
65 71
67 75
63 71
63 70
68 75
67 76
67 76
66 70
64 72
67 72
70 71
66 75
63 71
63 73
67 72
68 73
69 78
69 71
71 72
69 71
71 75
64 77
71 75
65 77
66 74
69 74
67 79
71 75
65 72
66 72
64 75
70 71
71 77
65 79
69 71
71 74
69 76
71 72
66 73
67 75
64 75
66 75
64 73
66 80
71 75
66 79
68 79
67 75
68 77
65 77
65 75
69 72
67 75
66 76
66 76
71 78
69 73
71 73
69 80
66 81
67 79
65 78
65 79
68 79
70 77
71 77
65 77
66 81
70 78
73 82
74 75
68 82
73 82
71 75
67 77
68 77
68 79
69 79
69 81
68 75
69 75
72 76
72 82
71 76
72 82
74 83
72 82
71 79
74 75
70 79
75 79
69 80
69 76
71 75
68 80
70 80
74 76
72 77
74 83
70 78
69 76
70 81
68 81
71 82
68 81
73 77
71 82
72 77
75 84
74 84
72 80
71 83
76 83
74 82
71 83
73 79
69 84
70 78
73 81
70 79
68 83
68 78
71 83
73 81
72 80
74 84
70 84
76 80
69 80
69 80
77 81
72 82
71 77
70 82
72 82
77 80
71 82
75 81
73 80
77 82
72 77
71 78
74 79
75 83
76 79
75 78
73 78
73 79
71 82
71 81
76 85
74 81
71 85
72 78
75 84
72 86
71 83
77 81
77 83
71 78
76 79
71 82
75 86
70 86
76 83
76 81
79 81
79 79
74 84
72 85
71 80
74 82
75 83
73 79
76 80
77 85
78 86
73 87
78 84
75 81
72 87
72 83
77 82
77 80
75 79
77 79
77 84
77 86
72 84
71 80
74 79
73 82
75 82
74 85
79 81
75 85
74 85
78 85
73 82
78 81
80 82
73 87
73 86
77 87
80 85
75 83
76 80
72 88
79 82
75 88
74 84
74 80
73 88
73 87
74 81
79 82
81 90
74 85
80 89
75 87
77 88
75 89
76 88
75 86
72 81
78 81
77 84
75 87
78 85
77 85
74 81
77 83
80 85
78 82
77 85
81 83
77 82
81 90
82 91
78 83
73 89
78 88
77 91
77 91
81 83
77 91
76 88
82 83
82 83
79 91
74 83
76 88
75 85
82 91
77 87
75 91
74 91
76 88
76 89
80 83
82 83
78 86
80 90
82 87
83 85
74 92
75 91
75 86
83 84
81 86
83 83
74 89
83 89
79 83
82 92
76 89
80 90
82 85
83 89
74 83
84 89
78 92
84 93
78 90
75 86
80 90
77 84
81 87
79 87
79 88
83 93
76 84
84 93
76 85
80 89
80 90
78 87
83 87
77 88
81 92
85 88
85 90
81 91
78 89
82 85
80 90
83 89
79 90
80 92
83 86
85 94
81 91
85 92
79 90
80 91
79 91
76 90
77 88
80 86
85 90
77 90
85 91
82 95
80 89
85 86
85 87
84 90
77 89
78 88
78 91
86 87
84 92
81 89
80 95
79 87
80 93
83 87
86 93
86 95
80 87
78 92
86 91
84 96
83 96
81 92
79 93
85 90
80 91
85 95
79 95
86 89
85 93
81 91
81 91
79 93
79 88
82 94
79 88
82 89
86 91
84 92
81 95
81 88
82 93
82 92
79 95
82 93
80 96
82 91
88 97
87 95
82 89
88 98
84 92
84 92
80 97
80 97
87 94
86 95
85 97
83 93
84 90
82 97
80 95
82 95
85 93
87 95
83 90
86 94
86 97
81 91
84 94
88 99
86 98
86 92
82 91
84 94
87 91
88 97
86 98
81 94
90 97
87 99
86 94
82 93
90 92
87 96
85 98
82 97
86 94
89 94
82 97
86 95
89 95
85 96
91 91
81 95
81 97
84 95
88 94
90 98
86 96
87 95
86 91
87 96
83 95
84 91
81 98
86 100
86 100
90 101
86 98
92 94
86 100
90 95
84 93
86 93
82 94
82 101
85 92
87 92
91 95
90 92
82 92
91 94
83 96
90 97
89 94
89 100
93 102
90 98
89 95
84 99
85 103
83 102
91 99
86 100
83 102
88 95
88 100
83 93
89 93
84 101
93 99
86 95
86 98
90 101
83 100
83 93
87 102
91 98
84 96
86 95
89 97
88 100
84 101
91 103
92 95
88 99
93 96
88 94
87 100
92 101
84 98
84 96
91 96
88 94
87 100
91 95
87 98
85 104
87 96
94 102
86 104
91 100
94 102
91 97
87 96
94 105
85 101
88 97
86 100
87 99
88 106
90 103
87 101
87 96
96 106
94 102
93 96
86 102
96 100
89 97
94 98
88 105
90 98
86 101
87 106
95 96
93 104
94 107
88 107
91 106
91 101
95 102
95 106
87 103
89 98
91 105
92 104
95 98
89 107
93 103
93 101
89 100
92 99
96 101
88 101
90 103
89 98
97 98
88 101
95 103
93 103
88 100
88 100
98 108
90 103
95 102
98 98
92 108
92 99
94 104
92 104
96 98
88 101
96 103
96 102
91 103
97 99
88 103
93 100
98 99
88 100
97 106
92 106
92 108
95 106
95 103
95 106
89 100
92 103
99 99
90 109
91 101
95 106
92 108
89 102
92 104
96 103
96 104
96 100
95 109
93 105
96 99
98 99
91 106
93 108
90 107
90 102
97 104
98 107
94 100
96 100
97 100
95 108
100 107
95 104
97 108
91 105
95 102
97 101
92 101
91 108
97 105
94 101
90 100
35 104 126 183 277 358 375 480 500 511 553 640 645 817 819 847 924 1048 1146 1193 1231 1304 1315 1339 1355 1373 1399 1494 1548 1605 1675 1717 1733 1787 1801 1809 
49 3 4 98 153 188 215 223 265 273 325 328 376 416 465 541 572 594 634 705 736 749 752 756 800 815 832 926 996 1005 1053 1076 1103 1175 1179 1193 1207 1235 1395 1499 1505 1561 1564 1610 1654 1667 1692 1807 1825 1914 
37 2 137 185 187 222 408 411 472 553 690 717 757 762 766 786 787 866 891 894 958 1051 1057 1075 1260 1386 1541 1561 1690 1734 1771 1784 1815 1827 1840 1900 1903 1917 
49 4 74 104 138 212 234 272 348 362 452 462 463 747 810 913 935 970 1019 1048 1113 1135 1143 1161 1180 1289 1307 1334 1361 1385 1432 1456 1479 1495 1549 1586 1598 1649 1715 1716 1783 1801 1823 1839 1883 1930 1938 1959 1970 1976 
46 74 96 161 217 239 247 293 364 392 502 538 612 717 739 779 797 827 848 885 895 907 1054 1163 1194 1214 1230 1238 1285 1286 1291 1313 1324 1347 1453 1669 1717 1734 1763 1771 1790 1793 1794 1817 1849 1875 1928 
40 13 15 17 26 34 96 147 307 317 452 534 550 597 630 736 842 952 987 1086 1152 1164 1370 1378 1410 1420 1431 1437 1459 1467 1517 1608 1616 1722 1749 1752 1847 1886 1902 1927 1935 
38 29 73 88 160 279 342 445 447 588 601 663 711 743 827 842 846 871 884 913 917 962 997 1041 1072 1123 1169 1199 1259 1281 1361 1390 1589 1612 1637 1772 1790 1826 1855 
39 75 141 152 169 221 296 406 425 436 460 553 583 649 685 725 822 883 912 947 973 995 1027 1100 1131 1135 1153 1271 1291 1296 1326 1327 1436 1458 1468 1653 1659 1677 1914 1973 
39 41 81 113 132 184 195 268 322 327 371 406 438 458 474 487 505 585 615 717 722 757 792 801 1042 1116 1187 1230 1257 1288 1307 1315 1334 1432 1442 1521 1620 1805 1893 1964 
32 27 52 168 211 421 455 475 491 517 521 567 631 669 688 710 735 779 838 976 1138 1156 1158 1256 1337 1433 1451 1586 1783 1801 1832 1874 1944 
40 115 126 297 372 434 435 472 535 578 593 596 617 660 671 717 801 845 851 884 904 907 909 964 993 1149 1193 1209 1301 1303 1366 1384 1467 1470 1520 1537 1551 1601 1662 1806 1896 
34 117 123 165 265 270 276 347 372 373 377 403 493 624 635 646 649 659 770 843 862 1041 1200 1217 1218 1239 1290 1304 1364 1629 1636 1691 1803 1818 1934 
45 55 56 63 103 132 165 237 239 291 312 412 459 512 551 557 560 617 688 731 735 861 903 1019 1086 1087 1132 1164 1166 1214 1280 1331 1356 1477 1480 1517 1736 1755 1762 1766 1775 1792 1809 1811 1823 1884 
43 5 127 389 437 440 472 603 622 633 636 658 676 680 726 759 780 804 845 865 866 1030 1062 1092 1107 1129 1240 1362 1389 1392 1422 1464 1519 1561 1562 1591 1654 1788 1789 1791 1794 1916 1920 1979 
48 9 19 26 32 61 63 110 250 356 458 535 548 577 684 833 840 876 924 975 1021 1038 1139 1150 1155 1160 1177 1181 1253 1264 1299 1370 1391 1494 1554 1586 1596 1611 1613 1631 1640 1648 1702 1907 1934 1951 1960 1964 1977 
34 26 31 37 60 67 69 90 205 323 401 571 651 719 781 924 1041 1096 1133 1306 1355 1361 1407 1411 1510 1511 1631 1639 1693 1716 1736 1940 1967 1974 1984 
36 62 259 313 323 356 426 438 461 537 595 678 690 800 836 1022 1082 1184 1190 1213 1243 1246 1253 1260 1308 1329 1400 1431 1451 1469 1512 1535 1734 1787 1804 1847 1892 
48 31 50 61 73 195 362 383 398 409 436 480 498 533 544 551 560 568 580 594 595 629 630 631 677 759 882 950 994 999 1042 1125 1146 1165 1179 1333 1362 1404 1478 1521 1547 1613 1654 1715 1721 1723 1810 1961 1992 
40 11 58 117 163 234 264 270 289 343 349 370 462 466 486 575 613 661 664 725 784 800 826 937 957 1119 1233 1304 1328 1392 1445 1569 1589 1606 1617 1749 1801 1864 1955 1974 1985 
38 5 22 80 93 149 316 331 450 453 463 623 689 735 744 780 805 818 819 829 830 857 890 907 1031 1304 1312 1363 1491 1498 1659 1714 1738 1806 1896 1915 1920 1922 1939 
37 15 116 241 242 379 391 392 420 536 561 593 604 649 705 727 974 1102 1152 1178 1218 1221 1300 1379 1393 1395 1423 1466 1503 1560 1588 1601 1638 1738 1799 1851 1883 1949 
24 33 130 151 243 356 524 583 778 803 830 883 1032 1327 1343 1388 1462 1481 1571 1591 1602 1676 1850 1868 1946 
21 64 243 279 294 310 353 355 389 534 575 685 729 763 811 936 1041 1142 1519 1646 1656 1949 
40 27 47 124 189 206 239 264 298 300 374 482 490 513 547 597 628 670 692 741 805 813 875 901 919 931 935 1072 1116 1122 1438 1590 1596 1651 1758 1810 1811 1839 1936 1946 1959 
47 23 65 94 97 113 143 161 282 359 413 444 540 544 555 571 577 597 706 707 738 742 756 800 935 1012 1039 1064 1129 1153 1182 1232 1367 1389 1399 1415 1416 1463 1485 1503 1548 1550 1571 1647 1697 1738 1796 1903 
42 1 45 90 138 190 191 197 208 210 219 256 401 405 518 572 656 667 710 799 890 926 943 1041 1074 1088 1163 1173 1271 1309 1364 1504 1514 1563 1610 1651 1712 1719 1844 1845 1943 1968 1970 
39 3 169 265 287 293 344 363 376 576 595 650 711 727 849 912 920 939 969 1104 1206 1254 1346 1349 1351 1415 1521 1536 1610 1624 1728 1755 1778 1803 1824 1832 1865 1917 1964 1986 
45 3 22 139 244 354 393 395 403 416 452 500 569 584 625 708 755 886 907 946 1013 1020 1090 1105 1163 1170 1176 1193 1220 1229 1251 1280 1339 1340 1439 1591 1642 1680 1751 1787 1876 1881 1913 1923 1940 1961 
49 34 53 77 109 111 180 241 258 267 314 335 484 510 511 520 653 808 872 948 1023 1026 1027 1058 1132 1150 1194 1213 1220 1296 1305 1320 1372 1376 1431 1500 1501 1519 1524 1563 1577 1678 1679 1842 1844 1846 1922 1938 1943 1960 
36 1 2 19 40 112 134 189 206 326 357 408 424 472 504 612 780 818 841 925 1051 1101 1136 1245 1276 1377 1487 1538 1569 1597 1778 1795 1813 1826 1912 1944 1969 
39 28 30 226 239 273 466 471 474 523 596 796 827 833 843 879 888 1126 1127 1161 1234 1265 1297 1337 1367 1389 1481 1536 1587 1603 1662 1682 1758 1794 1821 1824 1913 1937 1970 1990 
38 96 115 245 433 523 579 593 636 680 705 720 753 809 819 846 865 875 886 968 979 1088 1112 1238 1256 1376 1433 1434 1481 1624 1658 1674 1705 1720 1798 1833 1886 1984 1987 
44 72 207 210 211 345 362 425 497 526 569 602 618 659 736 740 837 868 899 904 929 939 1019 1036 1084 1178 1210 1216 1228 1350 1387 1389 1432 1454 1484 1528 1599 1696 1699 1714 1864 1904 1935 1960 1966 
41 147 289 341 356 374 548 549 613 630 668 677 756 821 995 1015 1045 1067 1114 1116 1129 1211 1213 1318 1346 1388 1453 1516 1609 1620 1629 1647 1655 1727 1752 1824 1829 1845 1901 1946 1960 1994 
42 76 127 172 338 410 455 489 500 587 611 637 646 788 802 868 903 910 1012 1072 1092 1098 1526 1540 1555 1571 1614 1631 1679 1699 1710 1763 1808 1823 1838 1840 1842 1844 1866 1896 1900 1947 1989 
40 4 12 27 142 230 243 269 324 390 415 424 466 543 549 628 660 698 774 853 952 998 1004 1007 1047 1100 1178 1230 1276 1332 1416 1427 1428 1434 1597 1675 1735 1737 1769 1869 1990 
44 5 67 86 105 143 212 246 250 264 322 389 411 439 465 515 558 566 609 678 760 768 789 818 908 1008 1019 1120 1133 1151 1184 1229 1253 1310 1602 1718 1750 1773 1790 1791 1802 1837 1840 1965 1988 
40 76 125 146 187 213 218 261 322 556 622 650 652 756 760 774 831 844 847 893 981 1040 1137 1163 1305 1354 1462 1466 1473 1525 1532 1563 1611 1622 1650 1659 1739 1812 1888 1945 1962 
28 33 60 146 160 166 184 240 371 592 594 617 650 709 825 901 1006 1020 1243 1418 1445 1449 1498 1538 1603 1775 1815 1819 1840 
33 28 51 71 80 144 193 205 212 326 422 476 515 520 578 651 739 817 923 1002 1046 1062 1127 1169 1280 1515 1537 1546 1613 1738 1743 1768 1863 1945 
27 30 106 305 315 318 321 331 392 629 676 723 758 795 961 1115 1267 1293 1469 1492 1499 1500 1509 1580 1786 1866 1941 1970 
35 1 139 186 236 308 375 415 442 452 511 633 690 1015 1017 1021 1022 1034 1043 1077 1103 1290 1390 1393 1409 1526 1610 1616 1619 1633 1634 1733 1779 1844 1892 1924 
51 69 103 111 116 139 161 201 232 247 311 404 531 542 566 604 618 692 759 767 793 806 819 828 872 911 917 961 968 970 994 1006 1057 1171 1237 1238 1289 1357 1433 1438 1483 1521 1716 1759 1765 1766 1775 1809 1814 1848 1859 1947 
44 21 33 119 189 225 294 520 552 586 589 598 599 601 650 660 683 698 725 745 751 832 948 994 1098 1181 1261 1274 1313 1326 1327 1402 1549 1552 1577 1588 1614 1643 1688 1698 1702 1827 1872 1895 1912 
39 53 70 78 125 127 171 203 244 245 264 307 308 324 507 535 647 749 763 776 780 815 820 888 905 1103 1167 1195 1202 1247 1253 1354 1456 1493 1504 1732 1764 1791 1837 1934 
30 207 264 310 407 516 528 538 603 743 834 892 908 944 995 1028 1032 1070 1084 1099 1124 1225 1236 1237 1255 1289 1586 1592 1880 1934 1995 
53 11 14 78 142 218 395 435 458 486 511 536 548 596 651 657 679 773 817 835 882 923 925 984 1061 1069 1094 1162 1193 1227 1231 1278 1312 1358 1363 1417 1440 1518 1566 1600 1602 1609 1617 1627 1639 1673 1675 1757 1760 1777 1813 1840 1976 1985 
38 17 110 208 363 392 497 551 592 615 744 845 902 905 937 943 946 1097 1100 1155 1169 1194 1214 1251 1293 1465 1476 1529 1617 1680 1697 1733 1754 1757 1767 1768 1836 1923 1950 
47 16 113 150 166 178 243 277 289 345 371 374 476 494 498 525 600 629 634 655 667 678 703 724 762 784 822 826 838 902 1000 1002 1041 1163 1175 1196 1214 1408 1501 1530 1715 1750 1770 1781 1851 1884 1932 1936 
36 195 418 437 483 486 526 549 573 604 661 723 765 825 845 910 1027 1098 1101 1154 1303 1506 1588 1600 1619 1627 1678 1691 1692 1716 1745 1788 1848 1870 1899 1969 1972 
33 5 62 118 138 166 298 418 437 456 563 613 614 656 663 665 783 785 915 922 947 1145 1250 1261 1382 1383 1542 1596 1604 1703 1850 1865 1935 1961 
42 41 184 205 235 242 278 286 292 333 361 400 426 454 472 475 477 497 534 627 824 867 905 935 942 948 965 981 1090 1130 1179 1289 1306 1393 1436 1440 1510 1527 1608 1714 1747 1878 1984 
48 1 16 132 137 193 219 234 276 291 308 459 495 529 534 588 652 653 661 664 745 780 785 820 853 874 913 941 960 999 1042 1089 1167 1264 1296 1388 1471 1473 1527 1540 1684 1695 1765 1817 1826 1841 1869 1968 1984 
33 38 112 135 238 245 283 306 347 371 384 399 454 467 512 620 751 759 773 1085 1097 1101 1303 1435 1508 1543 1579 1673 1680 1704 1726 1907 1943 1961 
42 18 138 148 161 172 196 198 205 264 321 359 397 437 439 442 482 649 764 791 888 902 946 1110 1157 1196 1235 1241 1260 1266 1300 1380 1490 1496 1642 1660 1705 1729 1744 1799 1829 1871 1915 
29 38 82 160 161 171 235 266 273 306 346 353 354 383 449 465 498 581 710 735 783 812 1122 1197 1233 1568 1686 1823 1863 1977 
37 67 102 233 255 293 495 498 513 631 638 680 814 821 848 859 871 928 947 1024 1035 1055 1084 1130 1137 1185 1219 1302 1328 1338 1352 1418 1559 1618 1650 1834 1936 1989 
31 105 197 198 284 356 373 384 420 440 594 639 721 772 858 918 1006 1029 1069 1077 1147 1162 1177 1429 1480 1537 1539 1553 1628 1681 1735 1887 
44 4 7 19 170 173 197 269 380 435 540 557 560 609 632 635 748 906 917 940 1029 1037 1056 1061 1164 1177 1193 1194 1288 1303 1305 1366 1409 1435 1487 1498 1559 1567 1692 1694 1727 1821 1841 1877 1991 
35 0 67 128 213 329 461 513 548 550 552 650 764 771 783 804 826 855 883 931 935 938 946 957 1029 1121 1123 1274 1312 1320 1555 1568 1652 1737 1777 1923 
38 8 13 18 149 205 228 327 438 452 472 487 633 649 723 737 757 779 788 807 832 835 856 894 938 969 1030 1047 1063 1484 1523 1643 1736 1742 1834 1898 1908 1920 1941 
46 14 68 97 194 246 265 289 317 366 452 514 521 562 584 654 750 817 830 867 882 891 901 938 1094 1267 1272 1316 1328 1454 1487 1551 1562 1585 1615 1639 1648 1649 1783 1785 1836 1841 1867 1872 1907 1933 1997 
40 49 73 94 122 139 166 178 380 415 533 576 580 607 673 760 834 843 882 896 903 905 935 938 939 1042 1103 1226 1232 1236 1263 1451 1452 1468 1687 1721 1774 1805 1869 1931 1947 
40 36 153 189 209 215 238 257 308 319 534 619 645 818 843 849 889 929 973 1045 1099 1172 1236 1303 1387 1458 1490 1530 1546 1550 1619 1641 1707 1767 1810 1817 1908 1909 1913 1951 1959 
38 7 48 58 138 188 235 237 396 454 455 488 490 536 657 663 721 761 766 781 799 808 885 1049 1052 1183 1251 1262 1394 1412 1451 1475 1625 1629 1693 1772 1795 1845 1935 
34 29 58 108 119 135 181 279 419 435 629 683 906 934 953 1069 1085 1097 1167 1187 1197 1213 1328 1365 1410 1483 1502 1533 1553 1564 1608 1640 1663 1807 1839 
45 18 109 133 159 170 216 221 242 269 277 420 456 464 465 546 612 781 782 901 926 948 998 1001 1014 1021 1133 1252 1311 1364 1391 1513 1530 1588 1617 1645 1656 1691 1748 1830 1858 1860 1889 1929 1950 1982 
35 11 98 115 316 343 371 391 420 528 566 658 747 787 818 851 1052 1234 1264 1329 1347 1352 1361 1430 1483 1612 1701 1762 1829 1877 1878 1906 1945 1963 1964 1988 
35 32 100 101 274 314 367 392 393 394 455 505 553 557 568 576 678 703 761 844 914 1098 1117 1191 1242 1345 1409 1424 1518 1628 1646 1666 1673 1901 1905 1962 
45 49 208 236 271 294 351 370 390 406 518 530 585 596 616 675 715 748 790 914 953 1019 1044 1062 1105 1187 1227 1258 1341 1421 1448 1549 1590 1595 1650 1677 1743 1747 1780 1889 1940 1941 1969 1971 1981 1991 
43 7 51 59 128 261 309 360 378 413 530 620 724 742 785 834 871 993 1024 1025 1058 1071 1098 1116 1135 1156 1157 1198 1251 1361 1372 1485 1525 1539 1586 1703 1846 1879 1882 1920 1960 1967 1969 1976 
39 21 86 96 101 211 238 265 328 348 361 422 474 490 593 628 658 681 686 735 785 788 802 829 842 846 925 954 961 972 1106 1242 1257 1276 1306 1308 1435 1880 1915 1991 
37 237 252 278 353 365 381 432 479 539 550 575 582 672 717 734 770 844 853 889 1151 1165 1217 1227 1233 1257 1275 1344 1350 1383 1478 1525 1618 1623 1769 1916 1980 1996 
41 10 12 17 85 167 179 269 366 372 412 478 492 518 543 574 600 638 708 770 822 923 1033 1063 1065 1168 1232 1274 1286 1334 1378 1402 1428 1489 1505 1523 1593 1645 1739 1749 1834 1996 
26 53 61 89 249 303 314 385 473 582 586 655 746 883 903 1009 1069 1151 1196 1272 1306 1391 1538 1622 1714 1828 1978 
37 68 111 112 116 164 183 191 310 339 364 471 568 733 754 782 901 958 986 997 1072 1117 1130 1175 1339 1342 1351 1363 1403 1462 1508 1720 1786 1870 1915 1921 1938 1979 
30 52 109 231 237 249 502 565 603 618 626 680 684 787 794 799 848 854 1022 1042 1105 1400 1432 1443 1462 1472 1485 1493 1554 1590 1741 
34 82 105 164 184 296 329 334 558 585 594 632 717 737 842 909 923 971 1092 1128 1213 1235 1315 1446 1453 1548 1552 1628 1674 1735 1765 1825 1834 1870 1965 
33 104 110 278 281 309 343 361 407 510 529 567 644 940 948 967 1000 1178 1217 1228 1231 1347 1456 1458 1462 1541 1650 1657 1684 1749 1789 1916 1937 1959 
30 0 139 151 185 260 265 341 405 419 442 643 926 942 963 977 1030 1033 1091 1106 1268 1344 1512 1645 1691 1700 1791 1850 1858 1863 1918 
38 35 49 108 127 130 376 442 533 543 558 587 647 672 703 724 916 922 956 972 982 1025 1164 1175 1216 1255 1258 1278 1498 1499 1513 1520 1566 1627 1717 1779 1803 1844 1885 
40 80 142 188 206 213 226 279 439 519 522 533 550 681 696 719 722 888 893 929 967 977 979 1041 1051 1261 1279 1373 1387 1392 1428 1453 1521 1750 1758 1887 1933 1944 1948 1950 1952 
37 16 114 214 292 323 391 394 436 525 537 561 596 616 628 737 758 825 879 898 902 1066 1131 1202 1240 1291 1308 1463 1612 1679 1717 1718 1778 1796 1934 1942 1965 1972 
33 53 88 162 180 277 306 320 330 418 493 509 547 629 635 706 743 764 779 794 972 1061 1076 1223 1250 1308 1523 1529 1539 1752 1796 1900 1957 1982 
41 104 146 194 251 266 270 328 353 517 525 541 628 639 679 745 746 751 806 825 877 916 928 963 981 1062 1084 1108 1143 1353 1417 1419 1438 1536 1578 1714 1721 1729 1766 1921 1973 1996 
46 0 31 72 83 142 171 242 292 300 355 378 419 427 540 565 701 720 766 899 974 1053 1078 1101 1159 1186 1200 1314 1392 1472 1478 1489 1535 1540 1700 1750 1768 1771 1806 1831 1833 1918 1927 1954 1960 1962 1992 
49 1 14 16 65 75 147 150 163 165 223 301 321 337 413 424 518 612 647 728 738 758 788 806 850 852 889 957 1087 1177 1185 1186 1196 1310 1439 1484 1564 1565 1599 1601 1629 1644 1657 1782 1863 1864 1933 1944 1961 1975 
31 14 59 67 81 153 267 295 318 441 577 628 689 960 993 1008 1049 1097 1100 1174 1269 1309 1310 1381 1478 1509 1606 1626 1646 1756 1759 1825 
38 26 129 164 214 227 289 311 378 441 559 592 652 654 721 850 1287 1351 1482 1525 1544 1554 1575 1587 1605 1614 1646 1683 1706 1718 1787 1795 1804 1841 1873 1888 1933 1948 1974 
24 193 293 452 677 703 705 796 873 887 1024 1087 1173 1225 1349 1404 1531 1557 1593 1685 1705 1773 1888 1959 1977 
38 5 248 272 313 332 397 474 541 567 570 642 692 744 765 791 828 850 886 888 1035 1043 1062 1247 1309 1322 1326 1333 1353 1441 1463 1479 1563 1641 1647 1649 1708 1842 1890 
34 42 76 79 99 236 299 319 322 359 385 421 457 461 499 548 593 708 824 866 885 889 950 1001 1052 1194 1291 1369 1437 1539 1560 1574 1612 1898 1959 
49 100 101 116 142 160 255 321 323 361 373 396 473 505 555 593 611 629 662 687 735 835 883 900 959 968 992 1007 1022 1023 1120 1271 1277 1284 1342 1454 1459 1462 1520 1538 1545 1592 1608 1634 1755 1792 1839 1906 1914 1993 
29 32 273 308 322 384 408 454 594 694 779 863 937 983 1003 1025 1136 1172 1222 1250 1270 1323 1346 1364 1414 1454 1515 1609 1678 1868 
33 9 107 149 174 207 243 285 327 344 352 492 516 554 662 704 767 843 935 995 1061 1097 1353 1411 1484 1518 1559 1589 1668 1683 1764 1851 1885 1959 
40 97 192 309 353 383 479 490 549 569 679 704 801 817 948 1004 1043 1044 1049 1070 1084 1183 1232 1254 1259 1390 1446 1518 1520 1522 1558 1620 1665 1674 1734 1749 1751 1823 1900 1941 1970 
40 2 46 145 160 181 194 215 254 266 473 527 531 548 549 592 605 718 863 890 906 912 1071 1149 1158 1204 1230 1246 1252 1361 1439 1486 1698 1825 1865 1881 1886 1896 1938 1968 1978 
42 55 162 183 274 315 371 388 391 423 445 462 676 819 862 897 903 912 926 950 996 1068 1080 1121 1136 1166 1273 1290 1362 1406 1466 1468 1482 1495 1505 1593 1620 1645 1674 1686 1740 1793 1886 
49 62 108 112 137 186 281 302 329 333 347 397 401 445 460 493 547 561 570 573 631 676 730 757 765 855 885 1020 1049 1091 1170 1180 1189 1201 1215 1265 1287 1288 1338 1409 1431 1550 1576 1582 1592 1619 1657 1793 1864 1942 
42 48 54 80 102 185 191 205 208 229 244 267 393 510 521 563 577 595 596 865 947 997 1001 1010 1026 1085 1198 1241 1290 1336 1467 1502 1567 1660 1668 1735 1767 1810 1846 1848 1891 1904 1981 
29 28 374 483 674 719 758 784 818 823 830 869 942 951 969 974 986 1155 1217 1274 1420 1470 1479 1543 1615 1676 1681 1691 1855 1917 
28 12 50 134 227 275 309 370 457 535 552 691 707 847 862 1031 1092 1099 1197 1236 1311 1363 1369 1468 1588 1623 1677 1695 1866 
43 204 253 276 280 282 307 525 537 714 842 868 885 898 936 1041 1053 1084 1085 1146 1185 1206 1227 1229 1242 1311 1327 1332 1354 1387 1443 1450 1463 1486 1519 1589 1598 1638 1741 1839 1870 1891 1935 1966 
39 55 98 152 162 169 176 199 240 290 292 325 438 439 457 460 468 569 593 650 655 745 908 1024 1064 1108 1140 1143 1248 1259 1337 1347 1379 1421 1510 1560 1606 1697 1780 1828 
45 54 71 170 187 234 341 456 510 512 608 613 628 634 650 681 801 810 836 891 951 1050 1052 1090 1140 1256 1350 1371 1405 1420 1434 1473 1489 1621 1655 1682 1690 1717 1797 1832 1843 1890 1949 1963 1967 1986 
49 30 95 283 297 308 321 341 346 360 363 382 461 539 620 666 669 725 754 780 867 882 935 946 978 982 984 985 1013 1063 1065 1278 1297 1368 1415 1423 1467 1475 1486 1617 1675 1702 1787 1789 1804 1831 1863 1959 1960 1962 
44 156 161 168 196 307 331 395 524 554 595 607 663 676 679 695 805 820 849 876 892 901 909 1034 1041 1070 1143 1176 1227 1251 1256 1259 1307 1333 1369 1497 1563 1564 1615 1686 1704 1718 1781 1841 1868 
46 2 31 56 99 152 182 208 216 222 326 426 437 489 572 636 662 681 702 724 739 793 804 807 921 922 989 1048 1097 1102 1213 1221 1261 1272 1275 1380 1419 1480 1586 1630 1641 1760 1786 1827 1870 1942 1992 
40 27 43 55 140 160 162 176 238 290 355 374 394 470 471 528 766 808 812 887 902 906 922 1073 1076 1182 1200 1273 1359 1375 1416 1471 1544 1676 1749 1756 1770 1814 1897 1937 1993 
32 29 51 71 74 75 218 258 302 380 436 480 499 515 519 559 614 689 802 813 874 980 1032 1055 1271 1303 1413 1437 1488 1744 1801 1855 1944 
43 35 68 129 220 254 321 372 436 471 497 510 526 547 631 632 655 732 735 739 749 762 764 809 863 976 988 994 1138 1152 1283 1352 1371 1413 1429 1433 1518 1804 1826 1868 1875 1905 1971 1989 
44 49 100 131 186 269 286 295 306 326 332 342 457 494 594 799 820 848 867 871 873 922 967 1007 1089 1125 1293 1317 1335 1347 1416 1432 1464 1487 1531 1587 1630 1692 1719 1753 1865 1871 1872 1894 1987 
38 49 84 93 97 105 225 394 487 502 538 569 644 713 716 761 798 817 880 890 967 1043 1046 1071 1085 1181 1213 1298 1314 1318 1433 1451 1513 1635 1715 1726 1742 1874 1937 
46 85 137 190 201 206 224 250 350 355 373 416 471 521 621 635 665 740 762 779 786 803 862 886 887 950 952 962 993 1011 1051 1066 1215 1257 1313 1410 1524 1539 1568 1587 1634 1651 1713 1734 1792 1837 1852 
43 82 241 267 290 345 357 396 417 473 477 487 547 572 574 623 673 709 792 802 806 808 882 935 1067 1089 1141 1347 1470 1566 1615 1635 1676 1753 1803 1806 1816 1897 1905 1930 1962 1963 1989 1992 
40 13 20 131 133 196 212 235 238 499 592 597 624 699 726 811 849 1009 1048 1088 1255 1290 1326 1348 1414 1418 1465 1481 1535 1565 1579 1635 1637 1707 1709 1773 1784 1825 1933 1948 1965 
38 104 137 155 278 306 345 381 449 453 608 656 685 718 749 758 795 823 825 969 1042 1063 1067 1157 1178 1321 1396 1414 1501 1542 1566 1589 1611 1616 1690 1802 1843 1851 1968 
41 136 138 179 183 199 281 316 344 390 513 621 638 666 688 703 704 747 828 842 937 976 1023 1050 1064 1097 1216 1229 1234 1241 1273 1366 1484 1506 1584 1605 1619 1722 1842 1859 1897 1985 
51 35 69 102 207 274 304 322 323 382 471 550 584 598 607 614 674 773 784 799 816 904 911 944 1099 1122 1131 1139 1148 1166 1184 1199 1233 1288 1412 1441 1444 1469 1491 1502 1524 1576 1614 1648 1652 1675 1677 1685 1719 1848 1849 1936 
38 2 6 143 239 296 330 353 372 503 542 637 682 735 740 768 784 843 894 904 970 1107 1144 1148 1165 1196 1201 1229 1260 1346 1465 1480 1570 1749 1766 1860 1885 1928 1934 
29 36 85 104 448 600 718 732 823 846 927 941 959 1001 1058 1192 1423 1465 1482 1535 1578 1611 1698 1733 1806 1843 1916 1963 1968 1984 
39 89 121 208 211 266 310 346 398 413 489 491 581 643 812 884 959 1025 1063 1100 1109 1228 1244 1286 1305 1362 1373 1503 1583 1597 1604 1646 1676 1697 1751 1809 1838 1884 1912 1946 
36 54 59 67 81 160 267 324 359 389 405 458 478 517 665 690 865 978 1019 1089 1096 1104 1195 1230 1304 1322 1351 1454 1476 1480 1590 1594 1763 1764 1774 1819 1933 
39 128 167 202 248 301 325 379 437 476 514 658 705 826 840 859 923 924 941 1057 1063 1095 1107 1162 1182 1350 1366 1371 1422 1523 1536 1678 1736 1764 1774 1823 1835 1850 1956 1985 
37 78 101 102 140 154 294 457 509 515 527 795 839 869 940 1089 1126 1153 1169 1232 1254 1276 1293 1330 1332 1353 1452 1479 1483 1492 1683 1714 1750 1818 1832 1862 1899 1931 
46 29 43 71 76 77 89 146 183 216 227 237 325 334 358 399 516 575 582 601 706 729 755 758 782 789 831 893 962 967 1008 1065 1068 1124 1166 1250 1258 1288 1411 1564 1568 1603 1721 1843 1864 1934 1993 
41 60 105 163 241 265 343 349 357 360 418 461 509 616 630 684 769 782 973 993 998 1028 1068 1153 1205 1215 1272 1299 1319 1329 1366 1397 1398 1526 1693 1718 1719 1766 1783 1895 1964 1987 
40 50 52 71 103 257 264 330 368 395 450 486 545 559 562 618 659 870 911 930 939 979 1063 1094 1263 1270 1281 1368 1372 1377 1399 1447 1452 1502 1621 1633 1798 1827 1873 1912 1966 
52 7 49 56 57 144 297 338 398 399 435 453 486 586 619 632 637 646 763 859 869 878 895 925 967 997 999 1023 1084 1119 1137 1144 1146 1198 1219 1286 1304 1387 1424 1428 1440 1455 1480 1501 1542 1549 1648 1767 1783 1823 1845 1847 1937 
36 108 186 223 329 337 377 391 496 554 562 620 652 668 705 865 949 1044 1188 1198 1210 1254 1258 1326 1360 1405 1610 1626 1663 1699 1745 1751 1785 1898 1924 1950 1953 
40 0 83 162 192 235 251 285 387 438 460 488 519 654 656 677 686 774 782 792 909 932 958 977 1118 1124 1150 1171 1173 1226 1490 1511 1706 1715 1759 1766 1843 1864 1866 1882 1925 
45 97 102 140 145 209 234 304 389 446 473 490 506 534 540 542 640 661 766 769 783 786 807 861 868 886 897 904 971 1026 1061 1131 1295 1518 1524 1611 1616 1646 1658 1750 1776 1793 1805 1873 1894 1986 
40 64 69 106 108 138 230 280 367 375 459 464 489 515 516 567 570 656 729 789 862 931 946 955 1031 1182 1209 1357 1377 1388 1442 1545 1591 1659 1673 1701 1720 1865 1871 1879 1990 
37 87 235 244 253 475 549 551 555 630 635 668 678 761 780 794 804 872 963 996 1064 1073 1134 1350 1354 1365 1388 1390 1464 1540 1592 1702 1737 1777 1847 1853 1897 1995 
40 30 114 157 190 210 224 268 336 362 369 390 570 573 652 677 775 809 843 872 925 1056 1059 1086 1205 1237 1287 1294 1336 1371 1374 1409 1465 1528 1604 1652 1655 1725 1746 1836 1902 
36 15 66 100 125 234 325 341 381 501 568 605 637 761 845 854 903 909 1201 1250 1307 1369 1421 1464 1500 1505 1508 1512 1552 1562 1572 1599 1779 1808 1820 1835 1947 
42 34 49 103 136 184 198 220 312 324 341 342 448 453 496 551 651 662 683 786 860 903 1177 1236 1239 1250 1254 1277 1324 1428 1446 1457 1525 1609 1618 1663 1670 1684 1690 1754 1764 1786 1909 
45 2 28 39 73 81 141 148 231 298 417 440 452 551 654 662 687 915 924 936 1031 1102 1132 1141 1147 1179 1251 1340 1356 1358 1397 1462 1539 1547 1559 1598 1607 1633 1716 1742 1816 1852 1854 1887 1911 1985 
31 3 90 130 209 211 272 336 457 479 605 640 694 802 819 821 863 914 1016 1021 1093 1115 1181 1239 1632 1715 1719 1754 1769 1807 1830 1898 
34 0 177 276 397 476 503 619 657 670 750 777 971 1021 1095 1102 1123 1146 1162 1221 1237 1241 1252 1389 1391 1459 1592 1613 1655 1681 1700 1828 1912 1988 1989 
39 40 56 102 121 137 191 329 365 414 459 600 682 688 1030 1055 1066 1087 1186 1211 1218 1230 1277 1319 1331 1430 1455 1461 1491 1498 1499 1536 1648 1658 1685 1824 1827 1876 1901 1971 
38 25 30 42 51 76 100 107 167 202 213 262 427 512 522 611 710 742 754 765 767 775 817 822 877 902 1067 1208 1317 1396 1412 1506 1507 1587 1598 1654 1784 1824 1964 
35 57 73 77 114 120 266 398 404 481 504 524 714 826 935 937 941 980 988 1003 1064 1070 1109 1110 1227 1287 1413 1538 1561 1597 1609 1632 1760 1869 1938 1965 
34 0 27 52 96 110 125 200 266 307 379 503 508 742 743 820 927 938 993 1074 1101 1145 1189 1231 1268 1363 1406 1410 1413 1498 1921 1922 1984 1994 1998 
41 50 70 214 295 327 377 414 460 476 488 501 511 556 571 592 614 659 699 760 800 884 968 1085 1086 1179 1231 1262 1301 1327 1376 1483 1507 1518 1522 1526 1537 1653 1676 1682 1866 1889 
37 6 20 84 207 219 246 355 368 568 629 803 829 859 1066 1131 1150 1154 1273 1281 1365 1393 1415 1447 1469 1475 1595 1660 1698 1706 1723 1725 1789 1811 1839 1875 1941 1943 
58 84 98 113 115 164 209 369 373 440 447 456 496 510 533 563 595 615 621 693 713 721 722 735 762 822 842 852 860 875 952 1028 1060 1139 1158 1265 1294 1312 1331 1348 1387 1448 1474 1488 1541 1587 1609 1621 1647 1666 1739 1743 1802 1803 1838 1846 1878 1902 1979 
33 10 17 44 169 185 425 463 547 642 651 736 884 930 954 1005 1145 1176 1183 1213 1243 1249 1267 1287 1456 1474 1509 1591 1679 1784 1790 1820 1830 1963 
38 86 209 211 299 335 414 453 471 478 509 533 641 666 741 793 802 847 907 944 949 974 998 1079 1178 1183 1190 1222 1252 1271 1501 1518 1527 1674 1695 1825 1867 1871 1885 
45 72 75 87 99 106 145 154 163 192 214 219 300 495 509 602 641 670 695 712 787 823 839 856 873 876 930 949 998 1078 1121 1203 1298 1309 1321 1375 1429 1437 1518 1544 1618 1629 1730 1736 1857 1935 
35 52 83 107 144 206 237 303 491 645 653 697 735 833 862 949 1002 1046 1193 1218 1295 1414 1478 1520 1592 1610 1630 1633 1647 1656 1754 1808 1868 1874 1889 1891 
45 48 96 103 117 131 171 175 185 200 212 311 315 447 454 489 491 523 556 598 634 649 676 679 694 697 727 748 857 919 926 1062 1091 1203 1244 1275 1425 1460 1471 1499 1504 1690 1839 1888 1918 1940 
46 21 67 72 118 140 186 252 350 431 494 595 630 655 664 684 758 781 786 859 972 996 1000 1014 1046 1065 1108 1200 1274 1287 1292 1306 1372 1589 1590 1701 1709 1750 1757 1771 1798 1805 1849 1863 1883 1936 1973 
42 188 260 272 288 358 376 389 417 430 446 481 492 552 574 580 590 592 704 707 744 763 842 859 861 864 1016 1024 1080 1081 1329 1331 1345 1486 1532 1541 1561 1608 1696 1731 1835 1884 1986 
37 13 28 58 168 202 213 234 410 414 429 554 652 653 661 728 1047 1087 1115 1143 1147 1176 1206 1294 1348 1409 1419 1429 1481 1535 1543 1596 1632 1636 1672 1710 1863 1945 
44 8 70 168 174 226 235 247 311 340 429 494 499 501 621 706 781 900 922 935 951 995 1093 1166 1194 1223 1250 1277 1279 1292 1299 1355 1482 1518 1594 1671 1738 1761 1763 1867 1883 1924 1984 1985 1987 
41 44 99 125 236 254 312 332 358 370 400 458 493 509 532 550 597 723 739 740 757 927 949 987 1026 1045 1065 1117 1180 1189 1232 1252 1391 1452 1538 1613 1728 1828 1831 1833 1906 1949 
40 6 29 98 140 166 290 342 422 592 648 707 722 748 769 821 844 933 994 1020 1077 1088 1111 1213 1343 1373 1395 1471 1542 1561 1618 1687 1693 1752 1753 1776 1829 1917 1919 1939 1988 
46 6 26 35 53 60 79 106 141 221 236 246 252 268 341 342 443 557 581 606 614 643 769 783 932 940 983 991 999 1021 1199 1245 1269 1310 1444 1455 1535 1542 1599 1611 1626 1708 1784 1785 1802 1812 1854 
44 70 91 99 126 154 210 225 267 291 312 354 360 370 428 533 567 750 753 860 911 928 936 965 1079 1086 1129 1145 1216 1220 1240 1379 1488 1516 1536 1600 1664 1695 1699 1724 1751 1861 1903 1939 1972 
46 48 150 207 216 263 389 446 472 520 539 564 599 631 634 677 753 831 864 905 951 971 1036 1044 1073 1120 1148 1188 1196 1199 1227 1231 1317 1332 1348 1413 1499 1500 1522 1531 1701 1705 1765 1830 1831 1884 1967 
39 10 23 27 36 125 170 228 236 566 611 614 617 639 772 801 805 831 837 860 928 1054 1084 1098 1116 1145 1174 1176 1228 1229 1234 1288 1349 1394 1411 1559 1573 1739 1802 1866 
33 24 30 54 57 72 122 137 157 174 348 421 453 455 463 485 603 649 695 741 801 1084 1177 1228 1254 1266 1272 1333 1463 1550 1767 1802 1919 1938 
35 148 190 215 274 377 451 454 471 601 738 763 889 923 954 1005 1050 1118 1251 1289 1307 1311 1342 1368 1414 1425 1457 1534 1547 1562 1595 1610 1627 1649 1670 1926 
49 15 51 79 82 106 143 172 229 400 431 437 439 511 522 570 602 613 615 623 757 806 821 918 953 1045 1068 1085 1111 1195 1212 1240 1382 1398 1411 1436 1474 1545 1590 1615 1669 1675 1751 1797 1868 1922 1943 1958 1963 1966 
37 1 161 214 251 266 271 389 443 676 869 947 949 968 997 1000 1046 1129 1257 1272 1325 1375 1387 1442 1452 1503 1649 1664 1665 1690 1756 1805 1824 1841 1887 1896 1929 1942 
52 48 70 156 205 256 359 440 464 516 632 636 664 704 707 708 709 720 790 820 883 937 960 1066 1100 1102 1130 1172 1180 1191 1228 1234 1246 1278 1291 1361 1449 1485 1529 1534 1559 1567 1572 1580 1594 1626 1749 1763 1800 1849 1853 1898 1962 
38 165 270 323 325 414 452 468 481 596 628 641 686 703 718 737 741 768 803 861 910 964 985 1025 1059 1120 1130 1310 1392 1402 1429 1537 1694 1724 1741 1833 1872 1966 1990 
48 9 26 32 111 120 167 201 291 326 333 365 419 519 535 579 612 629 756 760 791 810 908 952 1045 1061 1069 1154 1238 1268 1279 1280 1314 1334 1345 1357 1455 1485 1528 1529 1556 1570 1764 1769 1812 1830 1854 1869 1945 
36 29 118 139 173 307 308 309 321 324 393 396 430 610 771 776 779 829 1078 1144 1175 1204 1316 1410 1438 1479 1535 1587 1621 1737 1807 1823 1826 1867 1918 1973 1988 
47 59 78 137 215 236 295 393 395 469 593 625 644 730 746 799 824 860 863 870 918 927 933 936 956 1087 1090 1119 1204 1216 1286 1323 1341 1362 1396 1436 1509 1533 1613 1653 1673 1773 1831 1842 1867 1937 1942 1969 
35 4 96 98 107 176 244 310 573 638 669 755 824 863 887 910 969 1235 1266 1282 1346 1374 1390 1410 1428 1530 1560 1593 1622 1656 1722 1735 1744 1761 1883 1994 
55 3 101 129 158 194 268 330 366 391 402 423 441 533 541 612 639 660 682 693 736 747 756 765 767 800 901 955 1118 1286 1340 1349 1397 1445 1470 1486 1502 1506 1524 1526 1536 1565 1570 1594 1692 1696 1723 1765 1813 1824 1890 1919 1935 1951 1952 1953 
45 68 103 205 207 436 443 462 533 617 633 653 687 691 709 720 767 947 980 1079 1112 1149 1162 1165 1167 1234 1250 1273 1292 1335 1341 1352 1365 1381 1415 1435 1522 1523 1546 1627 1661 1722 1823 1897 1910 1933 
42 11 119 163 164 248 259 275 284 314 375 396 492 539 658 712 787 836 902 946 970 990 1003 1026 1047 1054 1117 1147 1168 1197 1264 1275 1316 1330 1335 1401 1472 1508 1544 1612 1677 1735 1883 
34 126 175 222 224 240 249 324 390 400 415 689 736 842 860 866 870 874 924 1068 1168 1182 1184 1207 1219 1367 1390 1632 1645 1661 1703 1783 1839 1933 1948 
36 28 268 306 386 389 421 423 468 566 592 636 790 844 975 1020 1034 1062 1083 1088 1099 1164 1256 1275 1283 1443 1478 1482 1492 1547 1581 1707 1720 1887 1899 1965 1986 
48 34 50 167 248 315 357 403 423 444 448 467 488 514 537 564 600 602 649 651 686 719 803 943 968 978 1020 1027 1029 1084 1125 1132 1263 1327 1412 1434 1516 1520 1521 1541 1548 1651 1682 1714 1740 1784 1823 1864 1952 
37 109 141 165 208 245 280 392 422 558 568 616 630 706 956 996 1104 1144 1165 1208 1253 1271 1363 1388 1457 1463 1482 1489 1572 1595 1674 1680 1733 1770 1828 1835 1932 1991 
39 10 155 184 195 218 232 399 402 477 555 599 649 665 696 738 756 818 824 878 982 1086 1202 1235 1245 1273 1298 1303 1370 1430 1479 1510 1528 1535 1540 1626 1885 1915 1921 1939 
39 12 37 98 193 199 418 504 523 545 567 589 752 814 870 945 946 1010 1056 1067 1075 1093 1099 1202 1235 1243 1308 1346 1356 1365 1384 1417 1612 1625 1662 1671 1876 1883 1913 1947 
54 18 32 74 96 97 130 133 151 197 247 268 320 322 358 398 413 435 544 680 681 771 781 823 845 861 864 955 1143 1163 1198 1201 1205 1236 1238 1255 1263 1338 1355 1398 1451 1466 1481 1500 1507 1511 1556 1597 1800 1829 1865 1884 1925 1980 1998 
41 33 158 203 443 463 475 488 506 613 760 864 896 1022 1023 1028 1050 1064 1134 1147 1175 1181 1197 1262 1282 1304 1313 1348 1403 1417 1422 1493 1503 1546 1573 1594 1609 1690 1763 1797 1825 1936 
49 37 79 141 144 149 162 192 307 309 327 487 514 578 583 598 628 653 655 703 738 804 827 828 851 916 935 966 1180 1193 1197 1219 1224 1262 1345 1364 1401 1441 1460 1535 1608 1628 1630 1672 1700 1788 1801 1816 1912 1946 
43 31 92 117 140 155 435 469 524 574 606 657 667 679 717 720 728 759 847 946 954 975 1082 1091 1104 1118 1145 1168 1171 1224 1279 1345 1389 1430 1519 1559 1565 1574 1607 1614 1865 1955 1978 1997 
44 9 147 160 187 209 275 305 328 416 459 471 473 479 484 507 594 599 604 659 719 908 928 929 1002 1061 1121 1170 1188 1195 1215 1227 1255 1292 1305 1368 1378 1494 1543 1569 1704 1724 1737 1803 1926 
25 97 99 209 331 394 441 449 487 496 682 757 761 1143 1195 1214 1229 1466 1569 1586 1600 1607 1637 1756 1877 1893 
50 38 74 77 118 177 183 189 332 344 354 390 397 436 444 455 456 527 556 611 619 629 631 683 700 722 726 737 752 772 779 781 1138 1179 1248 1284 1412 1431 1560 1657 1683 1703 1711 1716 1730 1752 1765 1913 1936 1937 1975 
33 39 100 210 271 313 328 417 477 486 536 579 616 630 654 1022 1075 1098 1160 1242 1319 1555 1595 1640 1667 1673 1733 1734 1740 1786 1840 1856 1983 1995 
39 48 88 101 160 255 299 311 390 409 592 611 718 759 790 887 915 927 948 1228 1239 1307 1345 1349 1467 1588 1591 1616 1651 1689 1694 1708 1746 1763 1768 1852 1856 1863 1899 1975 
35 119 126 175 210 217 354 517 598 622 691 721 788 789 799 925 1011 1027 1156 1176 1194 1203 1247 1330 1374 1426 1444 1596 1733 1770 1776 1845 1863 1940 1961 1984 
45 75 145 188 217 240 453 467 571 619 633 671 712 740 785 822 913 953 1004 1074 1115 1151 1186 1272 1311 1328 1400 1430 1500 1504 1514 1575 1593 1608 1631 1636 1642 1658 1694 1720 1753 1785 1840 1879 1883 1967 
40 8 96 107 173 220 253 321 382 393 428 464 495 536 538 571 591 807 936 1081 1115 1144 1233 1237 1306 1320 1325 1330 1393 1439 1562 1567 1570 1626 1792 1799 1823 1885 1904 1916 1953 
38 6 51 172 187 240 313 370 401 599 618 685 711 735 782 811 861 973 1073 1129 1213 1215 1274 1318 1370 1401 1409 1428 1514 1573 1638 1645 1661 1749 1788 1815 1827 1853 1939 
30 50 91 97 128 206 290 394 404 458 475 566 642 731 821 881 1117 1119 1129 1133 1154 1434 1507 1519 1678 1704 1734 1896 1961 1971 1999 
53 8 26 57 87 114 206 275 357 363 402 407 413 416 444 445 462 512 615 657 660 693 736 777 805 844 848 950 989 1033 1043 1044 1095 1115 1126 1148 1152 1250 1253 1286 1297 1309 1326 1462 1515 1522 1527 1623 1652 1808 1826 1892 1972 1987 
54 7 83 92 212 217 271 346 364 417 427 478 480 512 513 576 606 632 704 764 846 892 935 936 1018 1019 1023 1071 1090 1106 1134 1144 1149 1203 1233 1314 1359 1367 1435 1478 1545 1551 1553 1559 1691 1755 1768 1772 1804 1822 1823 1856 1867 1914 1954 
30 63 148 200 379 386 415 509 514 569 650 654 762 768 947 951 955 1043 1061 1128 1162 1195 1305 1453 1477 1537 1681 1785 1814 1832 1886 
41 20 48 69 129 220 234 241 296 306 326 378 456 474 522 535 687 736 844 846 864 873 1020 1115 1155 1159 1244 1252 1269 1295 1394 1464 1488 1622 1628 1650 1696 1824 1842 1857 1914 1919 
29 68 99 196 242 322 435 552 553 572 678 746 852 906 920 994 1035 1185 1271 1336 1362 1380 1418 1498 1560 1653 1693 1717 1772 1807 
