200 2000
1 1
0 1
1 2
1 1
0 2
0 2
1 2
0 2
0 2
1 1
1 1
1 2
0 2
0 2
1 2
1 2
1 1
0 2
1 1
1 2
2 2
2 3
1 2
2 2
2 2
2 2
2 3
1 2
1 2
2 2
2 2
2 2
1 3
2 2
1 3
1 2
2 3
1 2
1 3
2 2
3 5
1 4
3 3
1 4
1 3
3 4
1 3
2 3
3 3
3 5
2 4
3 4
1 3
2 3
1 5
1 3
1 5
1 4
2 4
2 5
2 6
3 4
2 4
3 5
2 4
4 5
4 5
2 6
2 6
4 6
3 6
4 6
3 6
3 5
4 5
2 7
3 8
3 7
5 8
3 5
4 5
2 6
2 6
2 5
5 6
2 6
5 6
4 6
6 8
6 7
6 6
6 6
3 9
6 7
3 9
5 8
5 7
5 7
4 9
4 7
5 9
6 7
4 6
5 7
3 7
3 8
3 7
4 8
4 9
3 11
4 7
5 9
6 8
3 7
5 7
5 11
6 11
5 10
4 7
5 9
4 11
7 10
7 12
8 10
8 12
8 11
8 8
4 8
5 11
7 8
6 8
7 9
8 8
6 12
4 12
6 12
4 12
6 12
7 12
4 8
8 9
5 9
6 11
8 14
5 9
5 9
6 13
7 11
6 11
8 14
4 13
4 14
6 9
5 14
9 14
6 10
9 9
5 11
9 14
7 9
4 13
7 12
8 13
6 10
5 14
5 9
4 13
5 11
8 10
6 11
10 14
7 10
6 15
7 15
9 15
10 15
6 15
7 12
9 15
9 14
8 10
5 11
5 12
10 10
8 15
10 10
6 15
5 10
10 11
11 13
7 16
5 17
10 14
11 15
5 12
8 11
7 15
7 17
10 12
7 11
8 14
5 17
8 13
5 17
6 13
7 14
7 18
9 17
8 13
7 13
11 12
11 13
11 15
12 18
8 15
12 16
10 12
6 14
7 18
11 17
7 12
9 13
12 15
10 17
10 12
12 13
6 17
13 19
8 14
13 20
9 14
10 14
7 14
7 13
8 15
6 15
12 13
12 20
11 20
12 19
9 20
14 16
13 20
12 14
14 18
9 14
10 14
8 14
10 16
14 15
12 20
7 15
8 17
14 20
10 21
11 17
7 16
11 15
7 18
12 19
12 19
9 15
8 18
15 21
15 19
11 16
13 22
11 17
7 18
9 15
12 19
15 16
13 24
11 18
8 24
13 16
13 17
14 21
9 21
9 22
11 18
13 20
10 22
13 21
9 21
15 16
8 18
17 18
9 21
10 22
12 23
15 23
14 21
13 23
10 22
14 20
16 23
10 21
9 19
16 21
15 18
16 24
12 19
11 26
10 20
18 18
13 19
12 21
17 22
12 19
12 21
12 18
11 22
12 25
9 25
16 21
14 19
14 19
10 20
17 20
16 20
17 27
12 27
17 22
15 26
16 24
19 28
18 25
15 23
13 28
18 22
11 21
14 25
10 25
14 28
17 24
17 25
10 28
18 25
10 21
11 20
13 26
12 21
13 27
13 26
10 25
10 29
14 22
10 23
15 21
19 26
14 21
18 26
15 26
17 27
12 20
12 29
13 24
19 27
16 25
19 22
12 24
15 21
17 25
12 26
10 29
15 26
13 21
20 30
18 20
16 32
12 25
13 28
15 24
19 23
19 23
10 29
16 24
11 30
21 28
14 23
19 32
12 28
13 26
19 30
12 30
14 27
16 28
14 29
20 31
13 26
11 32
14 26
22 22
20 25
17 24
19 32
18 31
11 27
15 31
15 30
11 25
15 27
13 29
16 33
15 26
17 22
18 33
18 34
18 23
17 24
13 24
22 24
23 32
13 25
12 26
19 26
12 35
23 28
21 32
19 33
21 30
14 29
13 35
12 28
18 26
18 32
23 30
12 35
20 33
12 24
12 24
16 33
12 31
17 34
15 25
15 26
12 28
12 25
20 27
21 28
14 34
23 26
15 28
14 26
24 27
19 32
15 32
13 33
23 29
21 34
23 34
13 31
24 34
12 36
25 34
24 35
20 28
18 34
24 29
16 30
21 33
13 36
17 26
25 37
15 28
24 31
25 35
12 30
24 31
20 37
19 30
21 38
24 33
20 34
17 35
17 31
22 35
20 36
25 27
22 34
24 37
19 34
17 33
24 28
21 28
23 34
17 31
13 29
22 35
15 27
24 30
18 39
20 28
20 31
23 37
20 33
27 28
20 31
22 37
25 30
23 30
24 37
23 31
27 39
14 39
26 37
14 29
17 28
27 40
17 39
19 37
20 40
25 31
21 29
25 30
26 32
25 37
18 29
14 29
27 33
27 35
18 30
26 39
27 39
21 35
14 28
19 29
27 28
15 37
20 42
15 37
26 37
27 42
19 40
22 32
27 40
22 38
27 39
14 43
24 34
18 36
15 43
19 37
20 34
28 41
15 44
29 37
20 35
19 31
15 29
14 43
26 34
20 32
20 38
15 31
14 42
28 31
23 32
29 36
15 43
25 40
30 31
30 36
22 40
21 41
30 35
22 35
18 40
16 35
16 30
22 35
25 31
19 34
17 36
16 31
16 35
22 47
22 32
24 41
18 40
20 34
30 42
29 34
31 46
28 39
31 41
31 45
18 35
17 38
18 35
16 37
31 45
25 32
16 37
22 32
24 35
25 35
24 38
16 44
17 34
22 45
21 44
20 44
26 45
18 48
24 35
19 45
17 40
24 36
23 36
23 48
27 47
31 44
20 47
17 43
19 38
17 42
18 47
21 41
28 45
27 45
31 50
33 38
17 34
29 34
29 45
20 41
26 37
23 40
18 48
27 43
19 50
21 42
24 41
32 47
25 37
32 48
33 35
29 41
20 49
30 47
27 38
26 37
26 44
20 41
28 36
30 48
20 38
24 49
21 46
23 39
27 37
24 36
24 35
19 39
33 47
19 39
20 44
17 34
29 36
31 45
18 40
30 48
20 35
34 47
18 37
28 37
35 52
28 45
23 37
30 44
26 35
18 44
28 43
23 36
35 50
28 42
24 40
33 46
25 44
35 43
26 48
25 45
32 51
34 51
22 36
31 52
34 43
34 44
35 48
23 44
19 42
27 36
21 50
26 44
22 39
28 41
26 54
31 42
28 41
19 39
21 41
27 39
34 42
33 55
23 53
25 37
24 54
22 45
36 38
20 49
18 55
23 50
26 42
28 40
30 48
22 43
35 38
35 42
34 41
18 55
18 55
24 48
35 54
34 54
37 47
27 40
36 42
28 43
32 51
29 44
33 44
21 47
24 51
25 42
27 56
24 57
24 40
28 54
28 50
30 55
22 45
22 52
19 49
32 42
24 57
37 49
25 53
31 52
30 49
29 41
34 39
25 43
33 58
28 47
36 52
20 42
26 43
20 51
24 48
24 46
29 57
23 57
20 44
35 49
35 50
33 52
33 45
28 50
32 52
26 52
29 55
27 45
21 44
20 47
28 59
26 43
39 43
39 55
36 44
38 49
30 55
20 51
25 59
20 52
39 41
33 41
21 59
34 55
20 60
40 59
32 49
22 57
33 46
25 46
37 42
41 48
33 44
40 48
27 61
21 49
31 56
35 52
36 49
37 45
23 58
33 61
34 62
23 43
40 52
23 51
22 59
32 53
33 48
35 52
29 59
23 57
33 44
20 55
28 49
25 55
40 62
22 44
42 45
23 49
26 45
28 43
25 59
34 55
42 53
37 51
30 58
31 55
40 58
30 53
37 60
30 49
31 52
24 60
35 52
32 55
43 47
39 62
36 43
34 55
34 45
29 53
28 63
39 44
37 56
26 63
27 50
27 53
23 63
29 44
35 50
28 56
41 44
23 64
34 48
40 66
25 56
43 48
37 61
22 62
29 45
25 56
39 50
45 55
27 52
38 67
34 56
23 49
34 68
31 47
41 65
41 58
43 64
40 68
39 56
45 58
28 61
27 57
38 56
31 57
39 59
46 47
33 52
39 51
23 58
34 48
26 68
41 69
45 57
30 58
37 57
34 62
45 64
28 51
23 50
24 69
44 59
43 58
29 61
28 56
38 58
31 55
39 59
45 71
29 51
39 57
43 54
32 56
43 49
42 61
42 57
31 52
42 58
27 64
41 65
24 62
46 62
43 47
24 54
40 48
44 71
26 71
39 65
27 60
35 52
44 54
41 49
36 70
31 63
46 64
33 56
28 61
31 53
39 63
45 70
39 57
38 49
25 67
29 48
34 58
39 71
32 57
39 72
48 54
44 58
41 74
44 50
41 62
30 61
42 61
41 73
38 57
44 72
30 67
24 49
30 57
45 66
38 74
35 57
47 74
48 50
38 69
32 51
27 73
25 51
47 75
39 64
49 66
32 56
38 50
33 61
48 75
49 70
28 54
42 53
25 54
42 52
40 74
42 53
35 70
49 72
39 57
32 65
39 55
38 75
47 75
37 62
37 66
45 50
34 56
38 71
49 51
38 62
45 61
47 63
50 56
29 71
43 53
34 74
43 56
25 63
43 59
48 53
27 66
43 53
33 59
42 60
31 52
31 74
45 63
34 69
38 69
29 53
35 75
47 56
38 73
34 60
30 72
30 58
37 63
28 65
41 55
28 70
31 73
45 57
48 74
42 59
35 68
28 64
31 70
47 65
41 66
36 55
43 63
37 69
37 56
41 64
49 70
49 52
37 74
26 72
50 61
39 67
31 63
35 75
30 76
31 58
46 63
27 66
38 71
47 59
41 80
32 55
27 56
48 64
28 77
42 64
45 74
43 57
40 70
31 77
50 55
51 79
41 60
45 53
44 78
42 60
29 78
40 72
45 65
46 68
27 78
31 73
27 59
40 79
44 68
46 80
40 63
46 75
46 56
39 54
49 54
40 70
48 59
40 65
36 59
44 81
54 71
45 61
35 79
42 83
44 66
50 76
35 76
54 72
33 58
31 63
35 83
36 55
27 63
47 57
44 61
40 65
35 76
41 80
37 78
30 81
41 76
45 78
31 67
49 66
29 62
40 75
50 79
43 65
32 82
30 76
42 74
46 81
50 59
46 74
32 75
33 56
43 76
39 74
47 63
38 81
52 75
36 81
36 85
36 78
46 68
35 68
49 59
29 59
53 75
52 80
31 61
31 59
51 62
56 69
43 63
51 62
39 79
39 79
40 65
51 65
46 71
42 82
46 72
32 59
31 78
46 86
35 70
30 61
31 74
42 71
48 66
47 87
33 85
55 85
52 87
45 70
46 72
59 76
41 70
31 82
56 62
59 68
58 86
30 87
39 80
52 65
45 84
53 75
47 77
52 71
50 84
32 60
49 60
51 85
56 75
32 90
50 77
56 90
42 79
52 88
55 65
49 86
42 89
50 83
49 63
56 67
36 83
51 60
45 69
48 87
47 83
53 76
36 61
47 89
40 89
35 67
31 81
56 61
52 71
53 92
59 68
41 66
41 78
40 84
56 65
60 87
47 92
31 75
48 80
36 92
32 92
52 70
45 91
39 90
55 64
50 63
47 75
48 89
42 77
38 70
42 80
50 69
38 74
47 64
54 74
39 74
41 78
32 85
43 70
50 77
51 73
41 78
40 75
41 92
36 86
57 88
57 89
33 89
57 84
31 93
48 66
60 93
47 82
63 94
49 85
34 90
41 66
63 94
34 71
44 92
37 80
42 67
46 94
46 78
62 83
43 72
46 67
32 85
50 77
40 85
48 81
54 79
59 69
50 64
35 77
32 69
36 86
63 91
41 81
64 81
45 92
53 64
58 83
57 70
59 82
55 83
64 68
51 79
64 77
35 67
33 73
53 94
55 76
65 84
48 80
52 81
49 78
52 70
51 71
43 82
39 91
58 81
36 76
43 88
49 73
61 95
34 74
46 96
51 70
49 93
60 66
33 85
56 73
43 79
38 86
53 87
54 88
35 86
38 96
33 68
35 83
42 91
46 77
66 68
42 78
50 76
57 71
41 69
34 91
44 98
59 72
49 77
62 71
34 66
34 73
35 80
54 97
65 95
43 68
43 70
60 98
48 88
36 82
48 79
64 68
34 101
48 85
53 97
52 72
59 91
58 76
59 76
49 79
40 86
59 71
33 101
59 78
58 96
63 78
37 84
57 83
55 74
41 68
46 87
67 74
63 97
50 96
68 100
65 92
48 82
63 73
48 89
59 87
55 93
63 77
37 96
45 89
58 101
46 95
67 100
43 94
53 69
55 77
58 100
39 98
37 82
60 88
34 70
50 84
37 104
56 103
41 101
60 72
53 72
69 77
34 77
64 104
34 83
68 80
52 98
40 79
41 97
56 101
62 97
45 88
62 93
48 72
38 104
38 76
40 82
57 78
65 89
38 76
50 105
42 84
38 74
65 74
68 100
54 73
56 95
67 87
67 71
53 101
64 97
68 88
50 77
55 102
66 82
63 79
48 94
52 107
37 88
59 75
67 98
60 71
59 73
42 98
51 80
71 84
44 94
64 79
52 83
57 88
40 104
71 104
64 105
63 98
55 82
71 95
40 83
51 89
66 88
41 80
72 85
64 84
60 103
67 81
65 73
62 97
62 93
51 94
59 94
72 90
52 105
55 83
45 74
68 86
55 96
63 74
65 83
52 104
57 97
56 108
38 87
73 101
44 76
55 91
41 77
47 94
59 86
70 84
69 95
41 108
68 83
45 78
55 90
36 90
61 85
41 108
50 107
69 104
41 76
71 84
55 111
41 101
48 95
47 95
68 102
62 93
43 88
69 110
42 105
41 77
72 87
66 89
67 79
40 113
68 102
65 79
72 81
67 82
60 90
44 85
74 76
54 92
58 87
52 111
59 112
45 95
43 97
41 97
61 77
69 98
55 78
57 95
56 91
65 82
75 100
61 82
62 106
53 101
44 93
61 87
60 80
38 113
68 110
60 105
73 93
70 82
68 98
43 77
42 101
42 104
40 89
56 80
51 81
60 90
74 76
55 97
66 97
41 80
67 112
40 101
52 104
42 89
51 98
69 88
54 106
42 90
77 113
65 111
50 105
53 88
76 92
41 102
63 111
66 91
51 115
39 84
68 114
70 93
50 92
65 79
50 82
77 87
57 98
44 99
65 110
62 109
40 112
63 89
65 99
49 107
42 109
68 103
45 95
77 113
55 98
44 85
48 79
74 110
65 80
45 102
73 97
74 94
58 109
78 90
73 88
54 113
58 91
65 115
39 80
46 118
44 109
58 117
57 107
75 101
50 115
50 96
55 109
64 109
72 105
42 108
48 117
49 114
46 110
70 96
63 103
71 94
50 111
60 109
72 118
44 86
41 119
65 100
55 102
58 96
62 96
60 85
72 120
67 108
77 88
50 83
52 84
52 89
52 90
57 99
58 91
73 81
49 119
68 95
43 82
53 82
43 110
63 119
41 105
70 101
74 119
50 91
42 83
78 98
77 99
75 107
48 115
74 104
75 83
66 103
69 113
56 121
59 97
55 88
74 84
55 102
83 125
47 123
81 86
52 88
71 123
42 122
72 113
61 125
44 108
49 98
76 108
78 125
43 83
62 106
64 123
46 107
55 93
53 109
56 93
64 99
75 110
79 126
66 86
74 98
45 88
60 123
51 99
44 126
83 105
72 117
69 115
48 125
74 116
59 114
50 107
50 111
46 120
63 98
50 111
60 118
49 106
83 128
65 118
63 90
73 101
81 110
53 99
81 117
60 112
44 94
78 101
68 103
43 86
53 116
62 119
49 128
72 116
55 95
54 92
71 88
52 103
75 107
50 91
79 110
50 87
76 114
68 92
77 93
48 111
54 119
46 117
82 122
66 98
71 113
76 130
68 118
74 127
78 106
71 131
75 104
72 126
54 120
53 117
66 91
78 114
52 90
46 131
54 98
70 119
51 103
81 94
76 119
55 104
44 118
87 114
50 95
60 113
74 106
64 93
82 91
62 101
76 131
85 132
82 114
69 115
85 93
80 122
75 99
75 100
63 133
79 113
83 96
61 116
67 124
80 92
86 114
51 98
64 126
53 111
47 111
52 113
75 131
83 130
77 110
49 110
55 107
64 134
75 119
52 108
72 127
70 91
76 130
66 98
62 103
87 133
88 133
85 136
63 104
82 104
82 126
58 95
55 101
83 110
67 125
71 112
51 94
49 105
47 128
73 110
79 117
81 119
64 115
69 105
60 113
89 111
84 92
70 130
81 92
69 132
89 117
77 104
84 131
82 135
82 130
58 125
49 97
56 106
68 101
70 123
73 112
69 120
89 116
68 123
83 101
49 118
91 100
59 112
77 108
87 129
70 133
60 120
53 123
67 116
74 94
79 99
49 138
63 107
47 103
74 117
53 137
68 101
84 125
94 136
63 103
51 120
58 110
57 115
94 107
59 137
78 124
66 95
78 109
78 129
77 107
62 117
61 138
67 119
67 123
82 96
67 124
66 104
83 137
63 117
86 138
75 126
75 115
60 131
83 108
87 118
48 116
63 110
67 134
90 142
64 136
87 122
70 129
88 127
72 129
73 133
78 122
94 122
49 120
67 138
72 103
59 142
90 135
48 124
56 138
87 106
83 142
68 106
56 105
87 127
85 99
79 117
77 114
48 105
95 112
82 128
79 139
78 139
65 100
65 139
65 118
50 107
50 97
53 123
92 129
82 140
84 132
50 104
57 100
78 146
95 111
89 128
88 110
92 128
76 126
48 135
86 135
49 99
67 127
96 133
87 103
81 138
71 144
89 118
96 126
53 132
60 110
74 103
83 114
85 143
94 98
78 121
98 142
91 141
62 110
81 123
94 141
89 110
97 108
57 144
75 127
50 140
59 136
58 146
82 147
72 146
59 112
80 120
79 109
54 142
65 110
57 115
50 107
89 143
81 108
83 124
60 119
96 127
50 102
66 114
79 122
64 124
60 121
90 146
62 148
91 137
93 118
68 103
94 103
58 114
60 119
99 121
97 147
84 135
75 101
50 125
100 106
57 122
94 104
60 149
68 132
42 48 59 63 95 108 127 143 229 235 340 347 364 383 389 418 457 462 491 522 684 686 694 705 714 836 926 939 1057 1093 1100 1148 1165 1230 1430 1437 1491 1517 1696 1827 1832 1929 1943 
51 13 19 31 107 138 164 165 197 208 216 241 255 276 314 391 432 455 479 492 495 518 522 560 573 650 680 695 827 835 878 910 925 930 974 1153 1170 1175 1204 1225 1293 1446 1454 1479 1606 1710 1722 1898 1916 1922 1939 1958 
47 6 53 136 147 244 260 264 271 325 390 497 502 530 587 652 669 692 697 728 758 874 912 938 1047 1259 1343 1346 1350 1370 1414 1461 1597 1614 1627 1662 1693 1724 1736 1761 1791 1807 1817 1850 1858 1924 1956 1959 
48 52 59 189 267 336 350 354 390 420 424 451 653 710 754 848 897 904 934 947 957 1064 1137 1223 1277 1324 1329 1345 1403 1412 1434 1477 1511 1523 1540 1624 1662 1668 1699 1720 1782 1815 1852 1883 1923 1931 1933 1963 1967 
40 40 52 119 152 220 276 460 498 537 578 609 709 757 789 971 1010 1089 1096 1133 1164 1233 1363 1397 1453 1495 1512 1514 1524 1536 1543 1558 1599 1608 1668 1690 1698 1781 1817 1939 1986 
41 40 54 70 96 109 126 394 402 421 466 493 544 553 621 639 644 664 755 763 847 879 1074 1098 1155 1175 1232 1253 1320 1326 1396 1430 1460 1554 1565 1628 1704 1745 1861 1875 1904 1914 
43 64 88 124 163 284 330 358 433 435 586 664 832 853 899 920 983 1009 1030 1085 1147 1280 1294 1363 1387 1408 1421 1522 1581 1613 1614 1636 1658 1683 1695 1705 1711 1734 1799 1846 1848 1872 1907 1987 
42 47 156 174 208 210 289 369 377 385 402 414 435 470 496 510 515 530 592 640 669 754 823 909 935 949 971 1108 1150 1177 1309 1345 1368 1422 1473 1534 1559 1661 1691 1706 1741 1794 1860 
32 23 118 148 173 234 279 287 351 405 458 523 578 823 892 936 1019 1079 1125 1149 1176 1197 1248 1304 1547 1556 1629 1670 1743 1805 1822 1849 1882 
40 91 125 181 315 333 349 368 432 445 454 475 505 517 535 574 647 658 709 771 782 785 820 840 970 984 1001 1036 1049 1217 1224 1301 1343 1364 1472 1519 1534 1664 1770 1858 1938 
41 0 21 50 114 142 143 156 169 245 417 443 467 585 626 660 683 707 854 885 912 962 976 1080 1101 1166 1173 1248 1283 1304 1421 1429 1446 1547 1557 1578 1730 1752 1760 1807 1862 1918 
45 42 59 161 190 193 205 301 320 407 418 520 527 537 552 619 625 665 670 686 691 732 736 797 841 891 902 916 947 990 1150 1162 1168 1209 1320 1368 1369 1374 1380 1412 1418 1481 1485 1730 1743 1761 
32 45 67 170 219 411 414 443 450 520 630 671 713 758 774 926 949 1056 1149 1194 1220 1370 1446 1472 1701 1718 1719 1785 1830 1832 1920 1939 1970 
42 40 75 106 276 286 370 377 496 612 639 643 694 696 759 776 867 890 974 978 1007 1080 1083 1133 1151 1154 1208 1217 1318 1512 1538 1553 1601 1632 1671 1745 1747 1901 1909 1912 1915 1921 1981 
33 295 347 413 441 515 584 613 684 687 692 734 760 794 808 868 905 948 1060 1095 1497 1498 1520 1537 1560 1583 1630 1679 1722 1780 1798 1832 1925 1933 
45 28 59 121 143 190 195 209 249 307 322 380 421 493 568 649 852 932 962 979 1082 1189 1223 1239 1250 1396 1403 1441 1451 1472 1478 1479 1513 1516 1520 1521 1555 1579 1624 1684 1735 1862 1900 1907 1942 1979 
37 60 64 84 96 111 206 261 272 297 317 330 497 526 566 640 831 845 852 1114 1124 1200 1215 1319 1393 1424 1449 1467 1518 1544 1613 1703 1747 1780 1847 1879 1937 1975 
47 158 173 190 206 246 279 394 437 473 496 601 628 629 702 739 841 868 878 986 1047 1079 1115 1150 1184 1199 1204 1219 1343 1396 1419 1572 1581 1582 1598 1648 1651 1654 1682 1719 1730 1746 1777 1821 1873 1877 1887 1948 
39 42 45 222 289 306 319 353 370 378 482 574 589 609 622 648 820 852 922 952 975 987 1069 1185 1220 1335 1448 1475 1505 1508 1589 1650 1656 1657 1660 1796 1797 1822 1833 1889 
51 41 75 107 136 204 241 273 302 321 365 371 380 423 430 510 536 613 625 640 683 708 799 834 932 954 967 978 1003 1063 1086 1097 1131 1169 1197 1250 1286 1380 1387 1443 1446 1448 1532 1541 1556 1694 1740 1747 1828 1865 1904 1907 
44 24 72 98 175 360 385 423 463 498 520 547 570 622 685 698 753 761 856 884 996 1136 1156 1158 1170 1171 1236 1259 1389 1392 1413 1416 1436 1493 1535 1628 1653 1734 1828 1848 1853 1864 1885 1889 1935 
47 26 110 115 197 256 261 299 311 371 442 497 500 585 640 745 886 963 981 1041 1080 1177 1216 1232 1235 1244 1314 1318 1331 1344 1408 1537 1581 1584 1604 1673 1679 1708 1718 1731 1771 1811 1824 1876 1903 1954 1955 1964 
36 143 192 243 326 358 473 512 521 543 632 690 721 784 850 867 927 979 1009 1031 1035 1190 1195 1288 1298 1409 1499 1500 1652 1655 1685 1742 1775 1847 1855 1911 1937 
49 2 29 48 65 154 171 213 258 273 275 281 333 382 396 488 498 525 542 591 600 671 682 770 838 858 919 921 975 1049 1094 1105 1206 1210 1227 1230 1232 1237 1319 1356 1376 1454 1496 1568 1725 1829 1845 1846 1947 1962 
43 6 19 93 278 394 514 537 546 565 677 738 774 782 783 866 889 1001 1008 1024 1083 1109 1184 1238 1250 1279 1295 1307 1358 1359 1377 1423 1476 1479 1515 1699 1700 1726 1731 1812 1855 1857 1932 1938 
40 21 33 40 62 123 130 133 139 260 318 351 361 441 586 641 646 652 666 733 881 907 965 1070 1073 1123 1156 1201 1226 1275 1328 1369 1404 1566 1649 1661 1769 1819 1924 1932 1941 
41 4 31 77 89 258 280 357 370 527 631 692 693 727 742 804 811 876 926 963 1011 1050 1114 1119 1173 1262 1282 1317 1365 1476 1514 1544 1560 1563 1630 1824 1927 1934 1939 1944 1946 1997 
38 76 241 278 363 389 528 589 741 789 800 885 976 1079 1104 1132 1152 1193 1300 1307 1346 1390 1429 1546 1570 1582 1631 1644 1679 1705 1714 1748 1815 1830 1879 1909 1923 1973 1987 
30 4 22 35 219 231 252 275 306 357 374 396 492 639 677 750 847 905 929 1067 1071 1094 1174 1211 1249 1332 1663 1719 1758 1866 1914 
39 7 227 309 332 389 461 587 618 640 658 659 784 805 820 895 917 940 983 986 1001 1133 1198 1265 1327 1383 1444 1509 1560 1632 1670 1679 1684 1742 1776 1835 1850 1854 1880 1990 
34 17 87 128 153 188 305 353 354 393 434 500 513 523 727 797 822 987 1052 1321 1355 1435 1455 1457 1484 1628 1773 1777 1836 1843 1892 1899 1927 1943 1990 
36 53 62 137 140 147 216 217 266 374 384 390 447 583 637 643 711 773 973 974 1114 1161 1219 1303 1318 1375 1433 1454 1467 1613 1757 1829 1863 1886 1930 1958 1984 
51 15 88 168 227 260 282 396 410 429 616 618 625 627 648 700 708 710 804 820 837 851 932 984 1000 1031 1052 1189 1212 1271 1283 1351 1356 1377 1391 1516 1520 1555 1606 1688 1700 1731 1733 1755 1804 1809 1926 1946 1969 1977 1988 1998 
36 2 8 20 44 123 155 192 199 244 297 304 436 452 534 569 613 737 898 1005 1032 1047 1096 1104 1150 1190 1286 1351 1388 1450 1452 1527 1604 1629 1732 1749 1927 
33 113 302 314 347 379 409 480 571 641 738 763 825 850 888 905 999 1000 1013 1029 1054 1105 1172 1246 1320 1350 1372 1383 1512 1609 1718 1778 1868 1910 
45 93 105 169 206 211 229 246 272 280 320 474 505 539 540 562 577 593 666 734 796 856 861 912 937 940 976 998 1004 1060 1069 1074 1139 1167 1175 1256 1257 1273 1347 1386 1454 1521 1616 1691 1839 1968 
41 2 47 193 196 228 306 370 416 506 513 539 740 854 858 880 890 909 926 996 1012 1021 1023 1058 1152 1244 1252 1331 1346 1389 1442 1473 1606 1625 1646 1680 1706 1852 1918 1924 1945 1973 
44 13 84 215 227 249 277 346 372 412 495 497 521 540 593 665 726 770 774 792 813 878 913 916 955 978 1022 1047 1050 1096 1125 1192 1251 1322 1367 1387 1426 1625 1649 1804 1811 1812 1861 1974 1986 
38 105 111 172 188 272 288 291 292 308 321 342 412 475 478 486 524 629 673 685 720 856 860 959 977 1029 1065 1142 1147 1154 1277 1279 1398 1399 1516 1773 1809 1913 1955 
52 25 52 57 152 153 157 261 263 264 273 345 373 501 559 594 631 639 681 728 757 762 763 980 982 983 1024 1059 1089 1094 1119 1132 1182 1212 1240 1278 1297 1337 1362 1370 1378 1418 1421 1510 1523 1549 1615 1653 1667 1735 1812 1895 1980 
42 9 159 160 190 306 325 329 367 407 444 454 476 746 753 779 781 824 828 879 939 1017 1028 1087 1114 1164 1171 1180 1213 1408 1464 1472 1508 1540 1627 1645 1699 1739 1763 1892 1935 1955 1981 
39 27 96 132 192 214 241 321 462 655 682 712 742 752 802 921 954 963 1114 1127 1191 1259 1278 1319 1397 1451 1473 1561 1660 1707 1741 1764 1774 1782 1796 1836 1837 1862 1948 1969 
39 5 36 54 130 213 217 227 279 358 461 577 654 667 728 844 971 1088 1195 1198 1249 1278 1338 1368 1371 1459 1480 1508 1513 1529 1542 1589 1595 1605 1641 1751 1774 1921 1962 1981 
40 9 53 67 149 166 211 223 261 268 305 384 480 545 605 633 686 729 735 762 771 798 822 887 950 1024 1096 1116 1126 1164 1168 1188 1189 1251 1316 1350 1393 1399 1455 1854 1938 
37 6 46 272 352 371 391 454 490 620 740 749 772 824 871 893 910 952 971 988 1052 1193 1289 1298 1329 1448 1457 1490 1528 1558 1579 1660 1719 1788 1867 1912 1964 1981 
45 98 150 280 293 367 455 527 544 546 610 627 690 716 759 831 859 898 911 978 1124 1181 1210 1280 1341 1369 1384 1428 1475 1476 1526 1595 1615 1648 1650 1676 1783 1796 1829 1854 1878 1880 1971 1982 1984 1986 
34 32 125 126 210 303 349 419 454 484 501 509 530 551 600 684 689 746 799 827 877 933 974 1003 1102 1170 1175 1183 1306 1360 1372 1379 1599 1662 1816 
45 19 122 386 434 459 494 578 583 589 601 611 682 707 717 784 841 885 941 972 995 1008 1114 1133 1219 1258 1325 1345 1395 1449 1517 1518 1526 1546 1580 1598 1610 1623 1645 1709 1719 1831 1834 1847 1856 1995 
49 90 154 159 243 327 374 381 446 455 480 514 528 536 560 571 610 614 620 658 667 672 684 753 853 895 972 1032 1088 1147 1170 1179 1196 1217 1241 1250 1327 1357 1362 1368 1386 1401 1409 1427 1496 1539 1646 1685 1715 1905 
42 41 56 76 124 151 177 191 230 237 277 316 323 362 381 476 548 640 673 790 978 1027 1102 1191 1194 1291 1295 1395 1417 1458 1506 1526 1543 1558 1586 1602 1655 1665 1667 1878 1880 1917 1925 
50 83 104 133 175 237 296 326 391 414 416 489 492 565 582 609 610 619 642 644 649 667 820 821 881 930 956 1078 1100 1125 1149 1176 1214 1232 1234 1365 1411 1449 1492 1516 1580 1617 1677 1687 1689 1705 1776 1959 1963 1993 1999 
38 38 70 73 228 275 293 312 346 375 392 411 525 541 670 688 717 718 839 957 1006 1030 1153 1159 1179 1211 1313 1317 1323 1388 1413 1492 1611 1700 1742 1777 1784 1814 1983 
42 7 63 178 265 296 402 445 519 539 574 581 635 685 692 788 869 946 997 1004 1095 1100 1149 1254 1278 1333 1345 1367 1368 1393 1410 1415 1450 1489 1492 1551 1607 1637 1682 1687 1751 1791 1801 
31 59 80 104 260 292 346 415 602 669 696 894 907 1128 1298 1314 1317 1323 1404 1550 1579 1598 1674 1680 1770 1784 1794 1795 1857 1928 1952 1982 
37 69 76 127 172 179 242 249 357 389 415 429 457 483 508 621 696 752 802 885 918 1076 1086 1192 1256 1318 1337 1358 1401 1429 1538 1646 1650 1663 1711 1733 1750 1901 
35 4 23 192 206 279 318 338 374 377 383 426 538 629 675 714 798 814 816 833 837 838 942 982 988 1018 1188 1225 1276 1299 1480 1554 1760 1788 1890 1989 
51 34 42 240 410 411 417 456 469 500 513 525 580 645 711 800 812 877 882 944 949 986 1012 1025 1136 1137 1148 1176 1220 1242 1279 1293 1320 1323 1345 1346 1400 1405 1407 1414 1426 1495 1496 1514 1569 1620 1702 1748 1797 1801 1827 1829 
43 5 34 79 105 149 150 183 187 313 390 404 533 561 566 606 642 647 672 863 903 930 993 1046 1050 1106 1141 1155 1168 1335 1372 1417 1437 1450 1497 1523 1627 1632 1649 1717 1744 1756 1794 1799 
50 40 90 209 265 287 352 372 383 397 416 430 431 433 495 598 680 731 764 802 811 851 867 928 949 950 951 985 991 997 1000 1021 1039 1085 1116 1148 1182 1188 1192 1251 1297 1347 1361 1400 1447 1460 1510 1532 1575 1613 1771 
41 41 61 89 218 308 538 618 645 655 656 669 737 860 870 908 924 954 1008 1033 1083 1258 1276 1329 1393 1402 1505 1582 1586 1593 1614 1638 1661 1706 1740 1779 1812 1902 1913 1917 1957 1991 
50 93 110 131 172 220 322 413 476 483 488 509 530 583 602 624 642 646 783 787 823 911 928 975 983 998 999 1025 1070 1082 1084 1097 1134 1144 1336 1416 1432 1479 1483 1541 1554 1612 1618 1723 1732 1743 1763 1776 1815 1834 1926 
38 3 9 26 121 144 160 245 282 283 366 486 541 682 774 775 835 854 872 887 908 1001 1120 1189 1216 1241 1255 1499 1532 1577 1616 1620 1693 1695 1704 1728 1876 1892 1906 
37 80 176 218 231 261 305 308 446 477 515 630 676 814 906 1006 1035 1118 1121 1172 1201 1216 1382 1399 1439 1537 1603 1707 1756 1797 1809 1810 1823 1825 1828 1879 1898 1995 
40 1 156 334 348 428 703 712 727 766 801 803 807 838 843 848 856 945 979 980 1099 1273 1274 1298 1302 1306 1317 1493 1543 1585 1622 1643 1644 1661 1700 1712 1714 1762 1795 1844 1868 
40 113 162 191 205 311 334 511 538 568 590 592 602 611 687 740 882 890 1034 1047 1197 1210 1294 1297 1309 1392 1408 1423 1537 1570 1591 1633 1643 1645 1660 1675 1748 1863 1876 1885 1992 
37 75 91 129 275 304 317 321 432 454 507 564 708 771 867 872 901 977 1011 1021 1090 1187 1197 1256 1257 1431 1483 1558 1563 1623 1680 1712 1772 1804 1812 1818 1852 1987 
35 0 86 151 321 502 575 618 708 729 829 850 941 970 1015 1078 1104 1200 1229 1283 1292 1431 1451 1477 1493 1500 1518 1578 1584 1672 1687 1723 1844 1848 1945 1976 
46 1 86 107 115 213 244 264 359 436 437 492 580 664 674 728 800 864 889 972 1037 1048 1049 1210 1220 1224 1259 1276 1302 1367 1386 1391 1438 1521 1562 1608 1663 1671 1769 1803 1822 1846 1899 1907 1945 1946 1960 
30 94 175 209 227 236 381 616 639 672 857 871 887 938 970 997 1000 1066 1097 1171 1294 1389 1430 1432 1481 1672 1688 1741 1810 1839 1956 
39 80 149 162 172 197 205 366 482 539 604 605 666 695 728 745 776 797 798 806 913 914 997 1056 1101 1194 1232 1235 1385 1555 1595 1648 1652 1703 1740 1768 1772 1869 1901 1935 
41 148 156 179 240 288 309 337 352 389 412 455 494 562 607 672 729 731 741 757 802 865 923 977 989 990 998 1052 1108 1222 1240 1298 1300 1308 1311 1436 1458 1513 1602 1768 1847 1956 
40 182 183 198 216 232 273 274 276 403 439 481 516 751 783 836 839 862 908 923 1025 1096 1117 1135 1218 1277 1320 1381 1413 1473 1522 1536 1601 1732 1741 1750 1793 1871 1926 1931 1979 
37 7 31 46 128 336 389 427 440 450 460 479 497 600 751 754 913 1060 1188 1199 1261 1386 1460 1497 1539 1579 1733 1745 1765 1778 1800 1815 1863 1893 1898 1904 1908 1977 
43 35 77 85 122 232 235 260 290 299 339 346 360 390 401 422 523 590 709 757 797 927 972 1047 1169 1217 1357 1512 1533 1536 1612 1678 1725 1736 1744 1803 1811 1837 1847 1880 1882 1940 1950 1988 
29 228 276 348 540 553 575 652 733 765 767 775 779 785 866 1014 1035 1117 1201 1446 1475 1565 1626 1686 1703 1845 1860 1875 1900 1912 
49 2 8 24 88 106 114 135 215 219 239 308 313 350 375 432 465 578 627 668 721 785 791 831 960 1029 1077 1081 1130 1134 1143 1148 1168 1227 1325 1346 1349 1487 1513 1557 1596 1599 1662 1774 1778 1833 1838 1918 1924 1982 
39 101 301 331 378 438 487 518 521 528 566 579 604 659 679 681 687 781 796 1006 1064 1094 1135 1216 1277 1394 1432 1504 1664 1676 1683 1760 1794 1848 1858 1859 1899 1905 1978 1982 
26 10 33 65 349 390 433 642 731 899 1069 1088 1141 1166 1253 1278 1434 1439 1529 1567 1643 1792 1865 1911 1935 1965 1968 
36 62 95 146 147 161 177 202 310 387 444 651 686 730 767 804 832 982 1040 1053 1057 1062 1080 1215 1234 1288 1330 1373 1494 1509 1515 1544 1548 1566 1966 1967 1988 
41 30 45 128 190 204 211 246 278 280 294 398 422 465 543 554 564 673 700 730 825 835 913 974 996 1051 1068 1151 1177 1216 1244 1270 1297 1309 1311 1445 1621 1648 1709 1743 1760 1926 
36 6 89 117 140 145 148 320 324 485 493 517 571 612 672 716 775 806 855 1018 1063 1214 1267 1408 1409 1448 1505 1564 1587 1732 1763 1883 1928 1940 1943 1963 1985 
37 33 126 214 226 232 253 356 538 563 631 758 776 806 852 885 999 1123 1133 1140 1247 1256 1300 1388 1435 1542 1765 1774 1789 1798 1844 1887 1899 1942 1951 1983 1987 1996 
44 92 143 192 227 288 363 401 499 500 521 556 567 579 585 625 657 668 677 726 733 803 886 927 951 996 1021 1105 1180 1185 1260 1353 1420 1630 1663 1720 1783 1801 1876 1881 1886 1901 1929 1985 1992 
25 27 38 176 238 372 412 506 563 568 608 639 670 709 943 960 1037 1075 1245 1327 1597 1615 1689 1717 1826 1986 
39 19 43 64 104 231 403 409 434 435 442 510 534 683 710 849 897 976 1095 1130 1151 1164 1188 1218 1250 1328 1411 1511 1570 1599 1600 1690 1701 1740 1746 1777 1805 1834 1849 1978 
46 5 6 44 71 90 110 147 188 259 266 298 303 324 362 417 457 520 560 630 772 788 862 870 981 1026 1034 1091 1120 1129 1157 1313 1388 1389 1508 1509 1542 1556 1561 1600 1603 1743 1748 1799 1825 1895 1965 
37 104 174 207 298 325 341 354 356 416 464 511 605 624 626 726 840 891 928 1026 1047 1079 1132 1177 1210 1273 1360 1411 1412 1602 1708 1739 1825 1853 1876 1884 1937 1943 
43 81 99 144 145 300 302 307 347 371 404 462 479 625 654 667 683 713 857 875 886 889 1000 1026 1035 1190 1243 1278 1288 1303 1321 1339 1472 1484 1494 1522 1574 1586 1638 1830 1869 1901 1929 1942 
36 46 180 188 201 294 438 458 508 604 641 679 798 801 823 842 890 928 948 975 1036 1051 1163 1182 1211 1296 1305 1410 1431 1433 1634 1759 1800 1866 1885 1887 1940 
44 158 239 289 315 322 323 373 410 520 618 737 753 832 893 926 938 966 977 1005 1032 1050 1056 1057 1061 1171 1190 1233 1239 1241 1370 1390 1447 1488 1525 1535 1560 1601 1604 1814 1844 1865 1888 1917 1924 
33 28 32 301 324 355 424 573 624 666 676 722 732 759 798 824 842 845 1051 1058 1072 1168 1232 1234 1269 1625 1700 1721 1727 1768 1811 1845 1902 1914 
50 24 88 112 148 170 194 221 255 308 327 391 409 410 411 431 443 447 522 565 599 683 725 735 805 833 854 917 918 1048 1100 1132 1181 1213 1222 1237 1243 1280 1287 1324 1470 1534 1554 1555 1571 1746 1757 1856 1905 1924 1959 
36 14 116 124 200 205 294 330 346 478 683 817 831 883 911 993 1028 1030 1066 1194 1196 1275 1355 1382 1407 1431 1478 1538 1550 1552 1603 1751 1813 1908 1915 1929 1994 
41 55 106 152 171 180 182 185 249 397 399 415 418 492 509 521 526 567 578 606 623 773 849 998 1131 1134 1152 1218 1360 1371 1375 1377 1386 1446 1477 1511 1573 1612 1687 1753 1855 1918 
30 106 132 214 228 278 303 330 349 362 406 415 479 564 569 643 733 839 929 931 948 986 1148 1161 1231 1266 1319 1447 1621 1697 1720 
26 173 245 373 403 477 547 778 782 970 1004 1053 1094 1275 1347 1398 1518 1576 1590 1608 1616 1664 1669 1684 1905 1967 1990 
38 10 41 55 153 198 351 415 475 744 778 832 833 982 1007 1036 1048 1054 1095 1102 1138 1325 1333 1351 1436 1494 1501 1511 1565 1597 1740 1764 1778 1821 1838 1851 1906 1917 1966 
48 127 221 232 253 361 384 390 498 506 597 600 607 640 678 724 755 774 791 797 831 834 870 885 931 939 972 1031 1109 1127 1173 1274 1325 1344 1369 1428 1444 1457 1462 1686 1691 1692 1746 1794 1853 1878 1890 1899 1910 
38 62 81 119 126 213 218 372 503 540 581 619 643 651 728 823 851 857 899 906 951 1055 1122 1312 1474 1501 1503 1509 1522 1561 1672 1703 1749 1773 1779 1810 1832 1875 1971 
45 86 97 113 247 358 466 489 520 536 668 740 754 863 921 932 987 1043 1081 1087 1099 1106 1122 1164 1167 1196 1246 1265 1322 1338 1442 1450 1554 1609 1612 1618 1627 1745 1828 1876 1877 1888 1927 1959 1965 1972 
39 49 69 208 281 328 376 454 496 524 540 649 709 715 773 790 801 821 825 838 873 894 896 1024 1055 1233 1240 1332 1381 1386 1433 1436 1451 1535 1560 1569 1581 1665 1842 1907 
41 60 102 149 163 215 254 287 292 293 295 399 457 549 594 601 603 789 842 870 872 973 1021 1034 1167 1172 1180 1251 1330 1344 1379 1446 1532 1646 1660 1668 1704 1708 1734 1744 1852 1944 
42 3 41 163 223 240 241 248 305 319 326 439 449 473 558 592 654 703 728 736 770 857 897 914 1056 1078 1239 1241 1321 1387 1395 1419 1429 1462 1641 1647 1778 1811 1916 1930 1946 1982 1996 
43 30 31 76 86 91 108 145 169 193 212 243 283 310 464 550 562 579 637 662 714 853 861 866 911 1038 1100 1131 1136 1208 1228 1244 1319 1381 1408 1475 1569 1588 1644 1679 1724 1746 1856 1885 
49 8 25 44 81 88 129 162 165 200 269 274 622 624 664 665 682 687 723 729 780 810 837 892 893 997 1007 1026 1038 1061 1084 1116 1174 1203 1237 1238 1343 1347 1361 1386 1535 1613 1647 1683 1700 1767 1844 1868 1879 1992 
47 66 101 168 213 235 251 431 434 445 496 529 581 670 718 805 855 910 998 1023 1043 1055 1084 1099 1108 1121 1156 1203 1232 1250 1253 1254 1354 1371 1377 1386 1391 1410 1415 1468 1492 1530 1581 1617 1644 1660 1754 1781 
31 16 42 49 50 78 347 372 491 536 593 595 600 653 831 849 893 910 952 1104 1202 1207 1274 1317 1371 1388 1415 1487 1787 1830 1846 1982 
52 3 29 109 122 176 184 189 242 261 287 301 346 365 423 428 487 497 533 541 556 582 608 624 699 753 772 773 804 880 964 1015 1028 1169 1199 1242 1290 1300 1513 1538 1578 1584 1619 1643 1661 1680 1691 1709 1730 1766 1773 1914 1989 
44 0 5 104 139 146 152 180 181 281 312 349 422 439 539 542 545 641 656 663 669 678 996 1038 1081 1084 1098 1158 1214 1346 1358 1410 1416 1474 1626 1716 1783 1809 1860 1879 1897 1906 1929 1955 1961 
40 0 30 87 152 170 188 236 361 371 414 426 493 521 522 535 546 611 697 738 812 867 914 1002 1156 1233 1268 1306 1326 1375 1431 1447 1449 1464 1557 1618 1694 1811 1851 1891 1903 
36 51 92 106 172 407 441 452 496 529 559 623 664 668 674 679 707 905 907 1118 1132 1165 1202 1205 1282 1421 1480 1485 1499 1532 1616 1718 1742 1845 1881 1927 1941 
50 2 40 46 150 157 188 193 201 202 320 351 429 463 541 548 580 632 670 726 801 922 935 944 962 988 1002 1027 1041 1070 1077 1083 1087 1121 1215 1269 1273 1274 1359 1367 1371 1378 1472 1476 1556 1620 1640 1681 1701 1702 1813 
38 0 59 71 75 78 168 178 185 241 576 702 764 850 933 979 996 1002 1010 1255 1468 1514 1520 1545 1563 1568 1612 1633 1713 1742 1785 1896 1900 1905 1909 1926 1932 1945 1950 
38 130 192 309 325 351 449 456 549 590 619 638 647 836 866 1044 1098 1117 1167 1231 1320 1350 1503 1527 1540 1555 1567 1577 1607 1618 1666 1679 1700 1701 1723 1796 1816 1877 1936 
40 43 47 63 176 265 407 429 493 502 588 661 821 895 901 915 959 970 1003 1079 1086 1101 1102 1119 1127 1198 1217 1305 1319 1413 1566 1597 1605 1674 1721 1749 1765 1773 1798 1827 1862 
35 43 71 89 94 153 206 408 413 477 478 511 602 618 770 783 803 844 999 1132 1179 1205 1236 1315 1327 1348 1367 1390 1634 1680 1681 1731 1744 1864 1962 1968 
28 23 256 262 312 407 419 440 512 557 577 660 719 822 1013 1097 1192 1339 1340 1414 1541 1614 1626 1667 1766 1816 1825 1834 1841 
37 7 79 154 186 204 250 260 359 436 457 481 508 650 693 780 799 877 915 948 959 966 1252 1281 1330 1407 1408 1409 1487 1519 1554 1599 1649 1694 1727 1906 1956 1961 
44 8 19 49 77 108 120 122 210 254 257 371 458 479 577 698 751 790 900 914 948 953 1064 1095 1103 1110 1128 1373 1391 1396 1498 1580 1645 1661 1722 1744 1761 1764 1844 1859 1906 1928 1937 1938 1960 
37 4 125 171 224 248 407 409 410 489 495 650 730 769 802 898 1021 1030 1078 1092 1276 1368 1370 1407 1429 1474 1495 1579 1589 1612 1636 1682 1703 1745 1783 1899 1913 1985 
45 26 36 60 114 153 196 214 379 394 448 463 492 531 636 684 820 910 929 940 1000 1014 1082 1131 1149 1247 1253 1262 1376 1383 1394 1430 1454 1463 1474 1554 1585 1628 1747 1776 1813 1831 1844 1903 1983 1993 
46 43 63 103 144 204 234 305 321 344 475 620 662 690 708 794 855 894 953 973 1077 1106 1107 1149 1151 1234 1262 1282 1384 1402 1410 1502 1509 1596 1605 1644 1646 1668 1674 1682 1792 1802 1810 1815 1879 1931 1969 
34 29 170 302 481 550 639 682 694 756 778 860 1006 1007 1122 1137 1187 1232 1277 1299 1380 1417 1438 1476 1528 1651 1689 1705 1750 1767 1786 1902 1922 1953 1983 
43 102 179 195 203 212 260 370 380 484 485 490 532 545 755 760 761 766 826 848 859 868 907 937 947 971 1061 1097 1112 1123 1141 1168 1261 1273 1277 1352 1438 1643 1852 1898 1901 1909 1966 1984 
38 1 9 12 109 204 245 355 387 395 425 472 531 603 688 689 699 772 779 807 972 1062 1131 1135 1224 1275 1293 1388 1394 1433 1440 1452 1473 1533 1591 1665 1702 1762 1774 
41 20 24 50 65 75 123 130 132 134 185 228 311 315 604 652 667 695 697 770 791 818 889 937 950 970 1021 1136 1159 1200 1218 1276 1296 1388 1667 1692 1735 1781 1826 1850 1869 1965 
40 1 4 365 392 408 476 533 607 609 622 647 661 727 730 913 1082 1087 1117 1126 1165 1214 1218 1295 1303 1317 1437 1452 1489 1492 1531 1597 1615 1637 1661 1684 1693 1699 1732 1760 1867 
40 11 30 47 48 132 135 138 155 195 207 211 392 477 485 495 524 537 713 772 803 859 1047 1054 1110 1140 1154 1252 1281 1319 1323 1348 1367 1372 1397 1492 1511 1545 1562 1660 1966 
40 28 42 116 209 253 284 375 573 605 639 691 707 836 869 957 1001 1022 1140 1160 1183 1190 1251 1294 1304 1344 1401 1407 1409 1416 1432 1472 1492 1580 1603 1611 1637 1721 1726 1778 1951 
39 60 87 208 363 392 482 561 581 586 642 685 880 953 1032 1045 1053 1081 1089 1103 1124 1134 1157 1160 1187 1202 1212 1229 1236 1250 1349 1497 1534 1630 1662 1701 1724 1744 1905 1928 
37 1 41 122 168 323 438 462 465 493 494 648 676 682 735 780 866 955 974 1073 1114 1213 1260 1261 1349 1398 1447 1555 1557 1583 1587 1647 1704 1773 1831 1859 1912 1943 
40 203 207 216 222 240 242 272 300 385 650 771 798 818 833 852 873 909 951 975 1041 1067 1136 1181 1187 1257 1263 1295 1340 1367 1519 1577 1634 1659 1682 1782 1829 1841 1883 1904 1940 
42 59 160 225 229 278 287 290 293 374 460 522 544 675 705 706 737 764 822 847 973 1039 1151 1189 1254 1263 1264 1286 1342 1374 1389 1407 1645 1737 1748 1828 1837 1893 1919 1925 1934 1970 1972 
33 7 111 117 459 523 538 634 762 765 853 938 953 997 1013 1027 1045 1106 1158 1225 1398 1407 1428 1432 1602 1650 1671 1709 1730 1760 1789 1820 1839 1931 
46 65 135 207 212 234 241 244 252 350 379 429 469 527 529 588 758 801 822 831 835 952 958 981 1005 1027 1065 1137 1275 1292 1311 1361 1387 1495 1595 1596 1681 1689 1717 1787 1827 1849 1896 1911 1915 1931 1947 
25 144 347 356 438 494 684 888 908 926 1003 1059 1105 1195 1324 1345 1376 1435 1455 1635 1760 1853 1858 1870 1875 1947 
36 110 167 230 335 464 502 627 641 706 792 887 908 909 959 973 995 1036 1138 1191 1194 1237 1252 1256 1382 1384 1482 1612 1665 1826 1833 1871 1882 1889 1911 1948 1976 
42 2 21 80 146 151 158 230 247 348 376 391 628 664 666 671 729 734 748 797 851 871 874 915 916 979 990 1049 1055 1158 1187 1274 1321 1390 1392 1456 1533 1573 1622 1666 1717 1898 1925 
39 20 90 251 288 316 328 348 519 620 673 688 752 823 834 853 856 865 896 906 937 1058 1131 1134 1152 1233 1276 1434 1582 1605 1609 1656 1681 1687 1707 1817 1856 1899 1941 1981 
39 27 75 150 168 263 291 364 439 451 468 500 634 704 793 840 1015 1154 1213 1263 1318 1321 1406 1425 1462 1482 1504 1514 1577 1612 1613 1642 1677 1721 1795 1814 1826 1861 1883 1920 
39 20 131 144 236 289 310 376 405 512 587 628 646 720 756 848 886 910 917 1019 1039 1046 1344 1378 1389 1409 1428 1442 1463 1533 1534 1554 1697 1722 1740 1754 1826 1878 1952 1957 
45 10 73 118 154 177 246 248 257 303 329 437 484 494 506 525 559 645 655 666 757 773 848 886 999 1014 1135 1178 1197 1293 1411 1422 1428 1530 1551 1585 1586 1596 1612 1627 1685 1718 1738 1802 1902 1971 
40 74 86 121 137 393 409 413 414 418 588 685 731 787 879 885 902 930 940 950 1004 1022 1147 1235 1331 1395 1448 1455 1670 1705 1718 1784 1795 1808 1819 1820 1840 1887 1888 1960 1967 
38 35 131 164 394 421 436 457 580 586 671 712 1062 1094 1116 1118 1222 1228 1336 1349 1356 1370 1387 1471 1484 1549 1595 1620 1635 1669 1684 1686 1731 1747 1750 1890 1905 1921 1937 
36 16 161 250 407 408 416 442 505 582 644 831 847 931 955 965 1064 1284 1294 1308 1322 1379 1385 1434 1512 1517 1540 1559 1597 1702 1704 1767 1780 1802 1898 1925 1942 
39 26 74 100 209 320 395 398 509 536 560 605 615 656 684 929 974 1062 1078 1091 1114 1153 1200 1243 1265 1355 1374 1458 1571 1580 1623 1672 1699 1708 1713 1745 1849 1857 1900 1926 
39 28 41 128 188 190 194 307 400 551 588 594 623 645 701 727 732 751 752 875 919 927 1086 1092 1147 1228 1243 1254 1264 1296 1419 1466 1474 1578 1648 1664 1669 1750 1773 1795 
43 82 93 129 189 209 242 275 282 355 435 483 589 628 641 689 868 885 908 928 1111 1122 1155 1296 1301 1326 1378 1400 1417 1453 1515 1532 1539 1662 1760 1794 1803 1812 1847 1849 1864 1964 1975 1988 
48 42 109 123 189 205 329 332 474 504 520 559 641 651 665 669 674 724 732 756 775 776 798 809 901 906 989 1011 1023 1051 1153 1178 1203 1207 1235 1344 1440 1459 1501 1590 1704 1706 1737 1751 1825 1849 1870 1900 1944 
38 12 49 51 72 196 198 233 238 277 459 544 712 729 756 799 806 1080 1115 1222 1285 1287 1534 1557 1600 1610 1628 1638 1702 1735 1741 1749 1752 1763 1823 1831 1903 1916 1960 
33 56 77 270 277 322 390 559 585 597 795 813 830 833 907 912 924 928 1022 1066 1085 1242 1282 1301 1405 1483 1524 1584 1669 1786 1867 1878 1924 1928 
43 23 40 42 125 146 323 376 417 555 572 642 664 686 730 819 905 958 973 1111 1120 1140 1165 1186 1356 1420 1466 1508 1515 1588 1647 1655 1681 1690 1762 1769 1838 1934 1938 1939 1941 1950 1981 1983 
36 87 170 207 234 252 311 324 343 350 398 467 473 508 584 688 705 755 933 971 1009 1053 1188 1310 1317 1318 1322 1456 1535 1559 1619 1645 1673 1796 1814 1944 1984 
32 81 208 303 304 327 635 639 777 821 926 981 1012 1103 1115 1296 1352 1470 1496 1533 1552 1559 1579 1581 1640 1644 1647 1754 1761 1806 1908 1925 1928 
41 27 91 112 141 155 174 210 233 242 272 291 478 495 534 674 874 894 900 905 982 1075 1115 1192 1289 1294 1317 1343 1412 1424 1429 1461 1475 1635 1639 1657 1666 1686 1728 1741 1770 1910 
36 19 61 146 169 191 250 294 302 304 488 532 552 665 689 735 759 869 891 977 985 1027 1050 1147 1322 1354 1437 1493 1556 1596 1636 1715 1793 1794 1810 1827 1882 
32 40 134 155 186 212 247 248 291 301 390 399 409 458 582 644 691 748 756 947 970 1055 1097 1126 1221 1246 1312 1402 1418 1450 1830 1938 1942 
34 20 45 48 75 120 121 123 182 225 326 375 433 474 607 618 739 744 778 866 875 886 888 916 1023 1048 1077 1260 1318 1373 1412 1572 1578 1957 1989 
44 44 87 104 124 210 335 340 433 453 471 492 498 591 614 623 746 800 896 943 997 1028 1078 1094 1118 1139 1321 1363 1391 1418 1432 1435 1456 1486 1564 1565 1600 1616 1651 1656 1667 1775 1821 1934 1939 
43 3 54 66 68 79 191 425 444 455 466 488 499 507 601 619 688 832 849 862 931 942 984 1002 1053 1067 1081 1148 1195 1353 1386 1431 1459 1465 1503 1583 1614 1643 1788 1797 1814 1818 1851 1946 
31 290 350 408 483 504 621 648 668 744 765 810 876 935 980 996 1071 1131 1204 1224 1425 1428 1430 1472 1492 1525 1626 1777 1884 1903 1947 1959 
35 32 79 117 122 169 200 233 247 279 329 503 847 858 888 927 949 1058 1167 1173 1176 1226 1229 1240 1328 1345 1369 1475 1485 1577 1683 1784 1835 1886 1899 1964 
36 37 240 262 347 474 481 505 567 611 665 734 771 786 788 858 869 942 964 1025 1107 1236 1251 1257 1394 1469 1473 1481 1500 1680 1686 1854 1877 1904 1920 1944 1974 
42 141 175 189 246 332 353 367 389 395 460 477 562 580 615 726 741 826 915 922 923 980 1004 1023 1049 1199 1415 1430 1510 1548 1604 1614 1631 1660 1664 1702 1787 1845 1881 1904 1911 1937 1958 
48 14 68 78 112 133 146 166 183 212 274 304 320 348 352 395 428 473 543 651 667 689 797 869 920 984 1054 1088 1129 1148 1149 1164 1170 1221 1223 1245 1390 1545 1557 1588 1621 1666 1701 1752 1760 1810 1875 1930 1955 
53 3 14 61 79 129 194 240 284 346 393 396 400 428 434 531 563 567 732 734 771 793 795 839 850 943 970 971 1016 1033 1057 1072 1166 1193 1210 1221 1254 1255 1343 1366 1420 1447 1456 1531 1577 1675 1679 1721 1779 1790 1800 1877 1898 1927 
43 5 25 144 151 157 205 224 288 339 388 391 447 474 521 584 600 621 705 733 815 866 918 947 996 1029 1033 1066 1166 1187 1196 1252 1272 1351 1515 1563 1679 1681 1692 1774 1900 1907 1930 1991 
49 0 22 41 76 169 177 231 292 310 430 446 458 561 572 626 686 698 705 716 780 817 866 873 920 936 969 971 972 1044 1166 1211 1233 1234 1352 1353 1367 1394 1424 1440 1594 1649 1717 1718 1761 1779 1818 1846 1919 1981 
55 11 12 18 81 94 195 207 242 261 312 336 409 461 487 503 510 603 620 683 691 738 743 786 800 820 826 864 906 935 1002 1031 1056 1203 1211 1212 1472 1477 1493 1494 1499 1536 1562 1578 1583 1696 1775 1790 1833 1845 1855 1875 1891 1916 1949 1985 
43 4 76 94 131 205 327 378 429 456 478 526 547 595 603 665 770 811 825 831 954 970 991 994 1020 1147 1187 1262 1321 1374 1480 1554 1598 1654 1668 1669 1707 1717 1825 1848 1853 1909 1919 1924 
46 22 97 121 169 190 243 397 431 475 501 507 532 555 583 599 684 711 760 770 793 837 876 892 914 929 939 957 1037 1083 1115 1159 1198 1213 1223 1230 1231 1323 1376 1458 1481 1564 1639 1681 1695 1717 1910 
38 21 103 105 121 136 173 269 309 320 357 411 432 536 539 548 560 563 579 643 726 751 787 816 996 1020 1040 1098 1152 1215 1258 1289 1334 1375 1486 1665 1732 1846 1891 
46 22 83 204 244 307 354 389 400 494 522 608 727 846 851 874 932 958 970 975 992 1048 1054 1057 1077 1085 1109 1139 1146 1160 1221 1225 1299 1343 1407 1434 1449 1517 1556 1561 1658 1663 1670 1673 1710 1799 1949 
40 34 108 170 243 263 348 366 461 480 481 591 596 606 622 667 673 722 745 753 809 854 1099 1238 1290 1359 1364 1366 1393 1439 1494 1519 1521 1591 1600 1683 1710 1875 1877 1884 1937 
41 0 61 88 100 151 168 171 262 268 322 333 401 499 516 626 736 747 792 903 941 951 1006 1033 1151 1172 1201 1233 1302 1322 1349 1354 1392 1532 1698 1711 1720 1752 1780 1835 1908 1983 
34 80 372 435 437 577 682 718 736 784 785 799 800 820 906 960 973 994 1007 1061 1068 1113 1135 1149 1301 1310 1320 1410 1419 1730 1842 1860 1903 1913 1961 
31 45 287 335 355 359 373 448 665 775 827 985 1010 1060 1065 1165 1174 1188 1255 1268 1284 1299 1352 1482 1624 1679 1683 1690 1762 1765 1953 1957 
34 125 159 215 289 386 392 407 570 606 706 743 821 836 850 872 905 936 983 1022 1059 1138 1214 1242 1318 1334 1344 1368 1629 1643 1680 1725 1766 1775 1786 
42 20 66 145 147 168 245 263 334 475 504 529 646 715 808 867 906 950 996 1009 1098 1116 1157 1206 1211 1274 1284 1310 1348 1353 1354 1441 1448 1483 1510 1536 1693 1696 1723 1819 1882 1960 1972 
33 2 37 57 63 95 229 356 493 554 579 584 604 612 739 781 861 956 1068 1148 1238 1348 1399 1469 1486 1508 1595 1617 1622 1795 1800 1820 1930 1940 
49 43 87 134 173 194 273 290 537 542 566 601 620 623 731 762 777 782 801 814 826 843 907 1024 1082 1094 1165 1187 1193 1209 1233 1245 1253 1274 1423 1428 1471 1588 1615 1617 1629 1631 1736 1775 1776 1789 1813 1894 1955 1963 
39 78 82 105 174 181 191 243 371 375 382 431 468 476 486 528 542 587 603 621 727 772 797 809 980 992 998 1048 1147 1167 1472 1473 1498 1500 1633 1720 1729 1779 1866 1878 
42 92 144 178 184 228 487 561 598 636 653 678 701 723 739 761 777 847 886 958 961 1195 1234 1237 1258 1285 1293 1312 1325 1435 1498 1532 1539 1555 1567 1577 1631 1639 1775 1857 1877 1903 1993 
37 15 44 78 86 191 295 440 617 719 802 808 857 909 927 934 952 968 999 1052 1115 1131 1174 1264 1273 1295 1392 1441 1653 1710 1734 1743 1755 1776 1798 1850 1870 1880 
40 70 124 127 133 147 189 220 306 337 379 393 430 456 470 545 610 649 690 743 815 820 849 875 961 1003 1022 1025 1153 1205 1227 1232 1308 1367 1482 1559 1612 1706 1843 1876 1937 
42 23 29 171 222 274 331 349 459 482 523 565 602 638 671 706 717 751 781 824 887 955 956 985 1082 1150 1178 1190 1191 1267 1293 1386 1411 1449 1455 1457 1502 1731 1797 1826 1848 1902 1958 
47 1 21 77 79 193 194 221 230 272 324 331 337 373 455 456 461 480 503 514 543 849 919 1026 1095 1112 1114 1215 1235 1266 1285 1348 1369 1390 1409 1502 1506 1554 1577 1580 1584 1598 1651 1663 1694 1719 1831 1957 
50 10 13 60 105 107 150 184 199 260 338 370 391 408 460 474 564 568 601 643 657 683 749 870 909 925 936 989 1016 1183 1196 1207 1234 1279 1291 1347 1368 1501 1507 1541 1585 1662 1666 1733 1827 1861 1901 1904 1908 1932 1961 
39 22 24 67 105 211 381 569 570 675 693 755 803 810 888 892 895 933 1003 1065 1080 1081 1101 1114 1115 1166 1169 1281 1295 1307 1369 1478 1533 1583 1619 1817 1874 1881 1949 1961 
42 20 92 107 204 296 353 364 389 454 473 499 537 572 606 645 711 715 761 779 822 834 848 873 998 1011 1012 1051 1119 1145 1202 1373 1414 1443 1558 1582 1730 1781 1850 1876 1878 1948 1970 
43 64 77 206 217 251 266 313 314 360 380 410 430 456 538 575 619 666 687 699 799 871 945 953 1002 1042 1133 1150 1279 1408 1453 1461 1504 1562 1587 1626 1685 1699 1737 1836 1894 1902 1910 1982 
37 0 3 75 76 214 227 262 274 283 307 377 408 420 559 560 751 855 887 900 934 981 1005 1017 1049 1096 1129 1157 1699 1703 1764 1809 1825 1875 1958 1968 1981 1989 
41 40 78 104 149 240 277 323 378 392 393 459 485 507 520 644 657 768 776 812 855 885 931 1008 1101 1131 1191 1302 1347 1465 1478 1510 1577 1632 1707 1720 1738 1742 1808 1810 1881 1936 
33 1 25 69 78 267 370 412 440 581 713 751 766 832 835 868 902 930 947 1059 1155 1219 1350 1598 1601 1617 1684 1692 1726 1816 1840 1926 1933 1941 
47 11 58 115 126 145 148 208 229 295 346 413 484 486 526 596 633 710 760 777 786 859 885 912 956 1010 1090 1103 1139 1236 1252 1273 1275 1362 1420 1451 1452 1453 1525 1558 1652 1680 1685 1740 1753 1755 1809 1898 
39 68 116 145 235 325 352 455 501 504 521 541 668 685 752 948 1040 1063 1099 1193 1206 1212 1226 1280 1287 1343 1355 1438 1477 1587 1607 1661 1733 1774 1809 1900 1945 1985 1991 1994 
48 39 40 61 90 204 240 430 448 646 682 706 747 771 976 984 1079 1164 1169 1189 1234 1253 1255 1260 1283 1297 1324 1326 1386 1387 1445 1474 1488 1509 1524 1546 1568 1629 1682 1734 1753 1760 1773 1785 1851 1886 1915 1962 1984 
40 19 43 51 143 187 273 288 297 328 382 408 420 441 664 675 683 726 834 911 934 1005 1063 1084 1107 1113 1186 1281 1305 1397 1413 1433 1508 1564 1794 1859 1879 1900 1906 1925 1933 
39 62 77 89 285 328 419 428 499 522 524 577 608 644 707 752 813 851 1042 1121 1161 1261 1324 1328 1332 1422 1590 1595 1619 1626 1654 1660 1671 1678 1688 1777 1806 1851 1884 1951 
39 99 143 189 199 233 237 301 428 726 742 754 805 807 821 891 961 1001 1034 1077 1120 1128 1138 1239 1270 1357 1452 1453 1592 1596 1633 1688 1712 1736 1749 1782 1798 1813 1902 1956 
