200 2000
1 1
0 1
0 2
1 1
1 1
0 1
0 1
1 1
1 2
0 1
1 1
1 1
0 2
1 2
1 2
0 1
0 2
1 2
2 3
1 3
2 2
1 2
1 2
2 3
2 2
1 3
1 3
1 3
1 3
1 3
1 2
1 3
2 3
1 3
1 2
2 2
2 4
3 3
2 4
3 4
2 4
2 4
3 3
3 4
3 4
3 3
3 3
2 4
2 3
2 4
3 3
2 4
3 3
2 4
2 3
3 4
3 4
2 4
3 3
3 3
3 4
3 5
3 6
4 6
4 6
2 6
2 4
2 4
2 4
4 6
2 6
4 4
3 6
4 6
4 4
2 6
3 6
2 6
3 5
2 4
3 6
2 5
4 6
4 4
4 5
3 5
4 5
4 5
3 5
4 5
3 6
3 7
5 7
4 7
4 6
4 5
5 6
3 7
5 5
3 7
4 7
3 6
5 7
5 5
5 7
4 7
6 8
6 8
4 6
5 6
4 8
6 7
4 8
4 8
4 7
5 8
5 8
6 8
6 7
5 8
5 8
4 6
5 7
6 6
5 7
6 8
5 6
7 8
4 9
4 9
5 10
5 10
6 9
6 10
8 9
5 9
5 9
6 10
6 9
5 9
8 8
8 8
5 10
7 10
8 11
6 10
7 10
7 8
8 11
7 8
8 9
5 11
8 10
7 11
7 9
7 10
6 11
9 9
8 12
9 11
7 9
8 10
6 9
8 10
6 12
8 10
9 9
7 12
6 9
9 12
7 10
6 9
8 11
7 9
8 11
10 11
7 10
8 10
10 11
7 10
9 11
7 13
10 11
9 12
7 11
10 10
9 12
7 13
8 13
9 13
8 10
7 13
8 11
8 12
8 11
11 13
10 13
11 12
8 15
7 11
9 15
9 11
10 14
9 14
11 15
8 11
8 14
11 14
7 14
7 11
10 13
8 13
9 15
11 15
10 11
8 12
11 14
10 12
11 14
8 13
10 12
12 12
8 13
12 16
12 13
12 14
12 12
12 15
9 13
12 12
13 15
12 14
9 14
11 16
9 14
12 17
10 16
12 13
13 15
11 16
9 13
12 16
13 16
13 17
11 17
11 14
10 13
12 15
12 14
14 17
14 15
10 15
10 14
10 19
13 15
14 19
14 16
9 16
14 14
11 17
14 19
10 15
14 19
13 14
10 14
13 17
12 16
12 17
10 20
11 19
14 15
15 15
13 16
12 18
12 16
12 15
11 16
14 18
11 16
15 19
15 15
12 16
11 20
14 16
14 16
15 15
11 17
13 16
12 16
16 20
15 16
15 19
14 21
13 19
15 17
13 17
14 17
11 21
14 19
16 20
16 16
13 19
15 21
15 23
14 20
16 23
14 22
17 23
15 21
13 20
17 19
11 23
12 20
14 18
14 21
17 17
16 21
13 21
16 18
11 19
17 21
12 20
16 22
11 19
16 20
13 18
17 20
11 23
16 20
17 18
13 23
14 21
13 18
15 19
14 22
15 21
17 20
17 22
14 18
18 24
13 23
18 23
15 22
18 19
18 24
12 21
13 21
12 22
12 19
14 25
19 24
14 22
15 19
14 24
14 21
17 19
18 24
15 21
17 19
15 22
19 21
17 23
19 24
14 22
13 21
15 21
13 25
13 21
17 20
15 23
19 20
17 24
17 22
16 24
19 21
14 22
17 22
20 24
16 25
16 22
14 23
15 23
16 25
14 20
18 24
16 25
20 20
14 20
19 25
15 22
21 24
20 21
17 24
18 26
14 27
19 21
18 23
14 26
17 21
15 21
18 22
17 22
18 24
20 26
18 27
15 23
17 22
20 25
17 24
16 25
16 23
17 25
20 26
20 28
18 23
19 24
17 26
19 27
16 29
19 28
20 23
22 29
15 25
16 24
18 27
18 23
16 23
20 26
19 29
22 26
17 22
20 22
16 26
21 29
20 25
19 24
22 23
18 29
17 30
23 26
22 23
16 27
22 25
17 28
21 26
23 24
22 25
22 30
17 23
17 25
19 23
23 25
19 27
22 24
20 28
17 32
23 30
22 25
16 25
19 28
18 25
19 29
18 28
18 31
16 32
16 30
23 27
23 28
23 31
17 30
18 31
21 27
25 27
21 33
20 33
21 29
19 29
19 31
23 27
18 26
21 32
19 25
22 27
24 28
24 34
19 31
21 27
24 34
26 28
26 29
19 27
21 32
25 26
18 28
25 26
23 29
22 28
26 31
22 30
19 28
20 33
20 26
20 26
25 28
21 29
18 27
25 29
19 27
18 29
26 30
20 31
24 27
25 27
18 35
23 33
22 33
21 29
19 32
22 33
20 30
23 30
27 27
24 29
22 35
25 33
19 35
24 30
22 32
20 34
28 34
27 33
21 29
28 37
21 35
24 37
22 28
25 35
23 31
25 30
23 34
25 29
26 30
22 29
21 31
25 32
19 36
28 34
26 36
19 32
20 30
21 30
28 32
27 37
26 34
29 32
22 34
29 29
24 30
23 35
23 30
28 30
21 33
22 33
28 30
24 38
27 38
25 29
23 37
24 34
22 33
23 37
20 35
21 29
27 30
21 39
21 32
26 39
30 33
30 30
24 31
21 32
23 38
25 38
24 35
24 34
24 32
24 32
27 31
25 36
26 36
26 30
25 39
26 35
25 34
29 40
23 31
27 33
28 41
21 31
27 34
22 35
24 38
28 32
28 39
29 38
26 34
29 39
30 33
28 33
21 37
31 34
27 35
26 33
22 34
25 33
22 42
24 42
28 36
24 34
22 42
28 32
30 34
22 42
25 41
26 35
32 36
24 32
25 34
31 33
23 38
30 41
30 38
33 40
27 41
24 39
29 38
27 34
33 41
25 35
27 42
31 39
33 38
25 33
33 39
26 43
24 34
33 38
24 39
28 34
29 44
31 34
33 45
23 34
31 44
24 34
33 39
34 45
32 39
24 34
29 34
34 36
30 34
33 34
33 42
27 40
25 38
28 44
26 40
25 40
30 46
28 42
35 38
33 45
27 40
31 45
33 40
32 46
32 35
27 45
35 35
27 42
32 43
26 42
27 46
30 35
33 41
33 47
31 37
28 43
35 38
33 46
36 37
27 38
35 47
35 43
28 39
30 47
28 46
33 46
28 43
35 41
34 37
28 42
32 36
27 37
28 42
35 41
26 44
25 44
31 47
35 39
33 49
28 46
33 37
37 46
36 38
26 46
37 38
37 40
37 39
33 47
26 49
31 45
26 40
33 46
35 45
32 47
30 43
36 45
25 48
35 46
27 45
36 43
34 49
35 41
27 49
30 38
38 50
26 45
36 41
35 43
26 38
35 42
37 41
27 38
34 47
33 48
37 41
35 44
30 39
36 45
29 48
26 45
33 47
38 39
28 42
35 50
29 39
27 43
36 50
39 46
33 50
27 43
30 46
32 39
27 45
30 51
37 43
33 40
34 49
38 42
36 52
31 44
33 50
39 51
35 40
28 47
33 46
40 45
39 52
30 49
29 49
29 50
36 44
34 50
37 47
37 47
28 48
33 52
41 44
39 53
37 49
28 46
34 42
35 51
36 47
29 50
29 42
32 43
33 52
35 44
37 41
28 46
32 53
34 42
29 49
41 50
39 51
36 49
42 54
32 54
41 48
35 53
34 42
36 47
34 55
29 55
34 50
30 46
31 49
42 47
38 46
30 44
42 55
33 49
34 49
37 56
40 50
35 48
38 45
43 47
39 51
31 55
33 49
35 44
31 43
38 45
44 52
37 46
40 54
38 56
44 50
43 45
39 45
36 46
42 58
30 55
33 44
39 46
43 46
30 49
42 49
43 56
34 55
30 44
37 58
31 53
31 45
39 48
44 50
40 59
38 58
44 58
36 57
43 53
36 57
41 53
31 55
43 47
33 51
42 53
33 46
39 51
39 57
46 49
42 50
35 56
38 52
36 47
38 51
46 52
37 51
39 52
38 58
32 60
37 59
36 57
45 59
41 50
42 51
38 50
36 53
46 47
46 56
45 56
36 59
43 53
34 61
42 52
45 57
40 51
40 47
34 56
47 47
39 50
36 52
37 55
40 55
35 61
40 62
43 52
46 58
35 52
35 48
34 48
36 52
42 58
42 60
33 56
37 53
34 63
45 54
40 60
45 52
47 60
33 48
39 61
39 62
35 62
44 50
43 50
43 59
36 60
40 63
36 55
48 56
46 61
34 61
41 55
40 61
34 61
37 50
40 64
36 50
39 53
40 65
38 62
42 62
41 53
45 52
45 51
43 60
43 64
45 61
39 51
36 55
41 54
44 60
41 63
45 64
35 58
44 64
43 64
50 66
44 55
39 55
40 57
51 51
40 54
49 62
36 62
41 55
38 55
39 58
35 52
47 51
40 64
48 62
47 64
52 68
47 57
44 61
44 57
41 57
51 53
36 55
49 55
39 66
46 61
51 59
43 58
46 61
37 64
40 58
47 61
51 61
53 66
50 65
39 62
46 62
48 69
50 69
37 59
41 63
43 68
50 54
52 54
44 64
39 58
44 56
47 62
37 59
40 59
39 70
39 66
44 60
53 67
54 54
50 70
54 71
42 66
49 62
40 68
40 66
47 65
41 68
54 65
50 55
53 71
53 55
41 60
50 57
50 61
48 66
40 58
49 57
54 63
41 68
51 55
48 60
46 65
43 57
47 61
47 72
38 70
43 70
43 61
53 72
39 68
47 67
52 57
49 62
44 65
50 67
43 70
49 66
51 60
41 59
53 67
54 71
48 59
47 69
42 65
54 68
49 67
50 67
41 71
48 61
45 63
46 56
40 66
40 61
56 68
53 74
45 70
46 73
43 67
49 72
44 68
43 66
51 70
41 65
55 65
47 75
41 70
42 58
51 61
51 71
43 76
40 60
50 73
49 73
42 72
58 68
51 59
42 68
43 67
51 66
55 73
40 71
57 71
51 69
56 61
54 59
41 60
56 63
50 61
41 68
50 63
48 74
48 76
54 76
57 71
53 61
41 65
56 62
47 66
48 66
41 67
51 61
42 59
41 73
60 61
46 74
44 64
45 64
57 74
43 67
57 72
46 72
58 66
46 68
58 69
50 69
56 65
44 61
45 66
47 68
43 64
47 78
52 72
43 74
55 74
51 78
42 64
47 60
59 62
51 64
46 68
48 68
52 79
56 62
42 79
43 80
61 68
47 78
52 73
50 64
57 68
45 71
44 70
51 77
45 76
44 73
49 61
50 68
57 73
49 70
58 66
50 74
50 62
49 80
46 80
61 62
56 63
49 69
58 66
46 64
56 76
44 65
54 72
50 75
59 80
50 68
61 77
43 63
47 65
54 79
59 82
51 63
44 70
59 78
59 76
57 65
59 82
54 76
49 81
48 64
60 68
63 82
47 67
57 65
55 80
46 64
62 69
51 73
63 75
62 79
56 70
62 78
46 84
56 64
60 81
52 64
50 71
45 69
53 83
53 69
55 84
59 66
46 81
63 77
50 71
65 68
49 77
53 71
64 70
59 84
47 75
59 85
59 84
56 73
65 73
49 74
65 70
47 73
51 75
46 75
64 75
48 76
45 73
57 74
64 67
47 68
65 72
51 73
45 83
55 79
49 79
60 72
60 75
51 81
58 85
55 73
52 79
47 82
49 84
57 79
47 82
50 71
48 66
46 71
48 70
57 78
54 78
65 81
50 79
55 75
52 71
49 88
65 81
66 69
63 79
64 76
59 77
53 75
60 83
53 74
65 73
51 80
66 82
54 75
52 70
46 77
61 84
54 74
47 70
59 86
65 70
57 69
54 75
68 68
66 88
64 80
64 83
68 83
53 80
57 85
51 70
56 76
58 83
66 79
48 73
55 75
56 69
52 88
64 75
68 84
52 68
66 73
58 71
60 89
55 71
58 70
63 81
61 75
69 85
68 72
63 71
65 84
57 86
61 85
56 72
50 86
49 74
52 73
53 85
66 73
66 85
51 71
64 88
61 80
65 84
58 89
64 91
68 72
62 88
66 71
65 83
50 83
53 80
60 82
66 78
64 76
67 78
52 82
62 85
54 73
70 80
61 90
52 75
53 76
68 82
67 80
68 93
71 79
55 81
59 82
50 72
58 89
69 76
67 82
53 83
55 71
66 86
61 84
61 93
61 88
52 83
71 90
70 79
54 74
61 90
54 85
49 76
62 76
55 93
70 87
52 79
69 84
72 86
71 74
55 73
50 74
71 88
68 72
56 80
56 84
64 72
57 78
55 89
72 94
52 87
72 91
58 75
59 85
52 95
71 89
54 84
57 81
71 81
71 89
68 75
55 78
71 89
66 88
70 90
63 88
57 89
53 84
63 92
65 76
54 89
70 77
71 91
60 89
72 92
68 91
61 74
55 85
60 91
54 85
66 94
66 88
59 75
62 79
69 85
67 93
72 77
69 78
61 94
74 80
66 74
56 91
71 82
69 93
69 85
53 87
68 88
72 80
58 86
66 78
57 95
54 91
60 75
75 77
71 76
69 96
72 84
59 88
70 90
74 96
74 83
61 92
60 84
58 90
59 95
60 81
67 93
65 87
55 88
56 90
75 77
73 88
66 93
69 96
73 90
76 94
64 97
67 97
63 90
65 76
53 82
53 95
63 94
69 84
70 86
64 76
69 88
55 98
67 99
54 84
72 81
72 98
67 89
66 77
67 81
75 96
60 97
75 82
60 93
63 77
68 97
69 85
54 79
77 95
74 97
69 87
62 95
71 93
75 88
75 79
61 94
54 95
77 95
71 88
77 88
60 85
78 85
60 82
70 87
68 95
69 93
70 99
67 93
65 89
67 78
70 88
75 83
76 80
61 94
63 83
59 89
74 78
72 80
74 99
56 99
68 102
55 92
76 99
74 87
59 80
69 88
74 82
77 103
66 94
72 82
61 82
59 87
74 95
63 100
66 83
73 86
78 101
57 99
63 95
70 94
61 81
59 97
57 89
59 87
66 96
66 94
60 88
74 101
73 91
75 101
80 104
77 103
68 81
61 97
62 103
75 87
62 85
56 85
62 100
80 81
56 103
79 80
68 91
66 84
76 84
67 87
68 91
79 97
67 100
72 93
67 103
81 87
80 82
61 101
58 96
78 106
73 82
66 106
59 83
61 83
76 94
70 81
60 85
57 103
73 94
61 86
71 83
64 87
62 90
74 82
59 105
80 95
80 96
82 95
63 92
64 82
75 106
66 85
77 89
59 82
73 83
68 85
57 84
79 99
82 95
70 92
82 86
70 100
83 95
66 94
77 106
63 86
66 94
61 106
69 87
66 94
75 83
61 91
81 105
67 95
65 108
74 100
81 108
83 99
77 96
77 107
81 97
81 94
61 103
66 85
62 88
78 107
82 83
70 95
75 89
75 92
59 102
79 97
79 98
65 90
68 92
74 99
58 102
81 110
73 110
75 107
70 101
77 86
75 95
66 106
60 92
79 102
60 94
68 108
73 87
75 87
75 106
66 105
80 91
60 108
77 100
78 97
75 104
70 86
85 101
76 103
63 100
74 101
65 87
63 93
80 95
64 88
66 94
79 97
61 89
69 111
74 91
65 99
66 103
74 108
74 111
68 89
62 110
75 111
72 103
77 103
71 93
72 112
85 105
63 108
65 91
61 92
78 97
65 91
76 103
79 109
77 101
63 103
63 96
83 89
71 90
88 101
64 98
62 111
61 96
66 103
61 114
65 94
63 90
70 110
63 99
61 89
72 100
85 97
87 107
70 91
80 104
67 108
70 105
87 102
77 115
72 89
66 103
87 109
78 98
64 97
76 92
75 90
78 92
65 113
75 94
71 101
81 93
68 104
71 108
75 109
74 101
68 114
88 112
62 93
66 92
73 89
88 103
79 116
64 102
81 112
73 105
63 104
78 102
82 111
70 91
63 96
65 108
87 115
86 91
78 90
74 101
71 94
78 93
73 102
90 96
87 110
65 93
80 103
88 96
67 98
67 111
90 99
88 116
66 106
73 94
71 113
76 99
72 91
74 119
72 110
82 95
84 109
63 116
85 102
77 111
63 111
77 119
88 111
91 108
75 101
86 93
86 118
72 94
78 106
80 97
89 103
64 96
82 100
88 119
72 98
69 96
86 92
75 92
67 95
91 110
72 99
84 103
69 115
76 103
70 119
68 111
85 99
67 103
71 108
72 109
83 98
80 94
88 102
78 105
74 107
81 110
83 121
66 100
66 98
66 103
69 118
92 121
75 105
73 114
77 99
70 102
92 111
88 96
87 110
90 100
72 114
74 119
87 118
84 98
79 93
81 112
83 105
92 108
82 101
70 97
78 95
71 114
66 109
69 113
91 119
94 98
67 111
74 101
94 103
65 105
71 97
84 120
73 105
76 114
81 95
78 97
73 112
87 115
80 102
68 121
79 113
93 111
82 118
73 108
89 107
93 108
85 95
91 97
80 106
72 113
68 106
74 112
76 116
89 101
74 116
71 117
83 99
78 112
82 111
84 115
77 104
95 124
95 121
80 118
68 97
75 122
95 106
91 102
89 114
87 108
67 118
84 118
73 101
91 106
83 97
74 99
89 123
87 116
75 120
84 119
83 106
83 106
90 101
93 100
75 96
92 104
74 125
90 122
86 111
90 110
97 114
70 119
83 122
72 120
73 110
74 120
90 119
80 122
68 107
75 120
79 125
97 118
93 104
84 125
72 108
74 126
89 117
75 113
72 101
75 116
95 99
95 100
90 114
95 108
79 128
93 108
80 119
73 121
76 106
86 104
92 107
94 102
88 109
85 101
89 111
69 109
83 124
86 118
86 128
89 115
92 101
79 109
86 111
79 121
68 125
69 102
71 116
90 108
73 101
92 126
97 112
74 104
89 100
84 120
92 104
92 120
82 115
84 118
69 121
79 121
99 102
86 103
89 105
93 121
83 129
84 120
88 123
85 102
93 128
87 112
77 125
81 122
93 103
76 125
76 124
79 111
95 102
98 115
88 103
71 104
81 119
73 123
37 41 104 127 161 238 251 269 328 376 406 438 597 642 735 754 882 1013 1105 1136 1165 1177 1178 1200 1283 1294 1296 1352 1421 1425 1436 1541 1556 1651 1653 1712 1774 1825 
45 14 253 336 362 393 407 439 443 462 645 720 735 788 813 840 845 927 961 968 997 1006 1090 1295 1342 1350 1447 1452 1515 1625 1637 1664 1692 1699 1705 1735 1750 1752 1794 1816 1826 1838 1844 1846 1858 1969 
29 29 116 260 301 351 488 586 612 640 797 825 836 980 984 1091 1172 1177 1187 1204 1335 1524 1542 1690 1695 1732 1842 1875 1910 1951 
39 4 13 36 155 162 350 389 485 529 656 716 812 832 880 899 930 951 954 962 1164 1277 1279 1287 1322 1333 1334 1389 1409 1421 1474 1508 1603 1616 1658 1678 1685 1915 1927 1931 
43 90 110 146 156 170 175 221 420 476 495 536 552 554 599 614 655 673 711 717 758 767 791 803 914 946 980 993 1216 1231 1270 1355 1445 1485 1505 1557 1584 1589 1644 1694 1701 1749 1917 1923 
48 59 83 124 130 151 167 174 206 330 474 561 587 594 691 699 716 771 839 884 949 951 967 979 1007 1052 1132 1164 1193 1207 1253 1317 1344 1363 1376 1400 1423 1490 1562 1584 1599 1606 1677 1731 1823 1824 1892 1929 1962 
49 106 139 164 167 202 219 356 405 415 447 452 507 575 578 646 660 689 742 884 905 945 946 1157 1171 1176 1210 1211 1271 1320 1325 1334 1356 1380 1421 1515 1535 1539 1568 1651 1754 1766 1767 1778 1829 1833 1891 1901 1964 1978 
55 17 63 65 88 130 142 160 161 276 321 374 445 453 472 525 538 560 643 672 738 769 786 804 805 830 837 868 877 903 917 927 1061 1134 1140 1149 1257 1269 1274 1291 1464 1532 1567 1579 1589 1599 1600 1693 1735 1756 1777 1783 1796 1853 1918 1922 
29 8 25 61 106 129 220 318 412 469 573 749 1013 1057 1208 1263 1291 1329 1338 1405 1449 1466 1530 1684 1726 1801 1803 1831 1930 1956 
35 41 85 96 127 284 335 455 481 556 590 602 611 709 721 739 754 787 789 828 935 1003 1098 1110 1350 1369 1398 1424 1463 1472 1489 1562 1613 1652 1669 1901 
33 63 68 127 148 168 261 266 271 328 331 342 375 394 486 505 581 589 708 765 775 792 846 897 1028 1051 1128 1267 1376 1557 1560 1583 1824 1969 
33 10 27 44 53 129 158 208 245 270 278 294 550 625 674 678 688 774 829 878 945 960 1110 1219 1455 1501 1523 1573 1616 1702 1727 1839 1924 1951 
34 31 41 86 109 129 160 179 230 231 435 503 581 623 737 757 787 889 1060 1084 1086 1107 1123 1185 1232 1444 1484 1562 1602 1620 1793 1818 1858 1909 1990 
34 61 79 81 83 149 240 263 389 445 446 484 491 529 708 821 830 836 874 901 959 1086 1138 1180 1199 1273 1331 1404 1465 1535 1686 1793 1800 1820 1993 
37 113 169 180 267 320 470 523 554 634 723 746 810 814 866 904 1117 1124 1224 1247 1264 1294 1326 1393 1394 1453 1520 1523 1537 1543 1564 1596 1605 1638 1709 1774 1946 1986 
30 11 271 332 389 427 537 578 631 698 744 910 959 1106 1162 1310 1474 1509 1533 1548 1624 1700 1716 1751 1756 1761 1834 1838 1894 1920 1923 
43 43 77 106 203 211 238 385 395 400 402 410 459 481 508 645 659 749 787 808 840 845 897 974 1050 1094 1110 1153 1399 1448 1502 1513 1581 1617 1634 1641 1723 1729 1753 1770 1794 1910 1917 1994 
39 20 111 112 113 138 142 190 217 250 268 282 551 557 560 568 578 657 670 695 827 911 924 978 984 1016 1020 1186 1292 1328 1353 1355 1454 1692 1756 1857 1906 1940 1941 1958 
39 25 38 108 166 175 469 487 518 546 618 664 722 771 802 924 945 959 997 1006 1029 1036 1153 1154 1160 1194 1300 1334 1370 1375 1461 1536 1646 1718 1724 1734 1829 1851 1867 1954 
38 72 250 254 313 331 387 388 478 485 553 579 715 813 972 1071 1079 1109 1111 1177 1192 1205 1264 1275 1276 1282 1455 1549 1578 1663 1688 1707 1737 1760 1811 1819 1837 1867 1907 
32 2 130 163 186 200 241 289 377 448 575 633 743 795 874 935 965 1018 1126 1150 1210 1234 1239 1314 1461 1485 1504 1636 1671 1728 1740 1820 1992 
47 21 48 108 123 251 292 296 302 372 401 486 506 531 581 740 804 858 880 891 932 935 945 990 1026 1151 1174 1320 1321 1326 1354 1401 1436 1445 1515 1530 1544 1560 1618 1657 1792 1862 1881 1882 1950 1968 1971 1991 
40 74 169 175 234 263 303 369 375 419 462 482 804 972 989 999 1012 1026 1039 1093 1156 1174 1188 1252 1268 1384 1390 1395 1414 1444 1467 1475 1533 1598 1714 1848 1853 1871 1876 1921 1970 
40 3 60 77 85 211 277 301 332 422 472 488 556 578 584 788 821 926 978 980 995 1019 1051 1110 1129 1182 1188 1300 1307 1495 1505 1519 1676 1699 1721 1817 1828 1839 1870 1893 1950 
31 45 166 178 220 250 271 315 513 619 625 638 641 651 741 761 839 961 976 1062 1075 1118 1225 1318 1321 1368 1388 1531 1681 1715 1774 1775 
39 121 127 151 229 388 390 398 529 594 648 712 756 781 827 831 888 905 963 1009 1018 1026 1040 1043 1060 1081 1126 1255 1274 1340 1538 1550 1559 1663 1684 1708 1711 1833 1872 1969 
36 111 171 265 273 323 349 354 369 376 394 423 449 567 590 699 737 753 754 816 822 831 852 912 1128 1151 1262 1285 1293 1298 1315 1521 1530 1545 1666 1728 1967 
52 139 146 172 259 293 329 468 533 598 633 687 709 718 719 723 753 764 836 878 884 1002 1039 1071 1073 1075 1089 1122 1136 1171 1173 1174 1209 1228 1285 1317 1398 1518 1535 1540 1571 1615 1634 1640 1665 1691 1755 1791 1801 1866 1870 1899 1970 
36 63 162 242 302 308 310 336 391 416 440 485 516 534 553 574 770 809 1000 1012 1089 1148 1201 1247 1351 1426 1445 1451 1458 1506 1516 1616 1625 1694 1755 1770 1817 
46 39 253 301 357 363 378 390 436 530 620 677 741 798 804 837 875 878 982 1033 1049 1066 1123 1130 1176 1197 1200 1212 1234 1326 1382 1414 1428 1444 1456 1481 1505 1540 1618 1640 1663 1678 1769 1793 1923 1982 1984 
36 6 17 23 108 119 141 300 415 439 592 667 686 751 828 856 865 913 991 1032 1107 1137 1138 1155 1193 1297 1308 1355 1404 1521 1528 1543 1619 1661 1772 1835 1964 
46 17 60 84 133 198 224 231 328 333 340 389 418 452 532 589 597 775 835 856 860 916 958 959 962 1037 1092 1159 1168 1178 1282 1291 1294 1413 1440 1470 1534 1541 1631 1646 1677 1767 1819 1835 1906 1954 1985 
31 14 122 137 249 252 454 523 541 613 660 773 1053 1073 1233 1346 1360 1392 1466 1527 1601 1612 1624 1706 1741 1750 1771 1819 1830 1900 1905 1985 
48 4 21 68 97 225 227 232 342 359 366 385 496 537 632 639 664 695 713 757 784 890 921 952 982 1042 1055 1111 1124 1160 1169 1190 1194 1226 1314 1345 1381 1410 1434 1502 1559 1578 1641 1706 1736 1753 1768 1824 1957 
40 274 275 333 346 383 475 508 553 555 638 643 676 737 762 763 790 885 1017 1127 1149 1150 1154 1239 1291 1434 1447 1528 1558 1588 1602 1641 1671 1700 1726 1837 1886 1909 1962 1969 1978 
44 135 168 198 210 253 288 293 312 313 351 391 393 394 473 522 580 644 665 675 702 807 859 1022 1055 1089 1111 1314 1357 1369 1389 1429 1465 1485 1502 1507 1577 1607 1670 1728 1730 1784 1856 1873 1919 
37 64 96 156 176 241 319 354 380 391 392 403 487 518 650 736 798 826 863 1054 1141 1146 1171 1256 1271 1276 1338 1395 1408 1553 1727 1749 1767 1775 1874 1944 1977 1997 
45 47 61 66 73 186 200 378 420 504 525 538 573 574 599 620 689 757 805 981 994 1041 1075 1143 1172 1214 1270 1278 1292 1303 1304 1316 1339 1361 1412 1418 1453 1454 1488 1509 1724 1768 1892 1904 1941 1954 
33 69 128 196 270 316 332 410 505 529 567 593 696 725 733 766 819 1050 1175 1222 1229 1296 1301 1317 1353 1447 1467 1584 1592 1797 1803 1859 1925 1932 
39 7 140 166 205 224 267 268 315 453 687 690 731 839 862 915 947 994 1064 1079 1136 1318 1321 1366 1422 1434 1436 1506 1562 1627 1686 1703 1709 1800 1890 1901 1913 1921 1945 1991 
34 37 65 89 101 256 369 413 506 515 532 604 669 692 697 705 738 792 1047 1088 1128 1185 1248 1265 1297 1370 1378 1419 1461 1479 1751 1757 1914 1957 1976 
46 68 111 125 182 344 352 381 414 435 437 513 554 597 607 633 634 705 714 772 801 812 842 859 914 935 979 987 1007 1154 1179 1219 1407 1499 1528 1543 1557 1591 1593 1603 1643 1681 1796 1806 1903 1905 1925 
37 42 238 314 394 425 608 651 822 845 882 947 1073 1118 1134 1135 1207 1220 1221 1228 1229 1263 1342 1345 1366 1456 1468 1483 1494 1569 1606 1659 1741 1744 1757 1759 1888 1978 
34 49 132 177 396 410 434 473 555 692 693 839 857 966 1006 1029 1083 1193 1302 1316 1403 1511 1532 1642 1648 1723 1725 1769 1797 1798 1799 1824 1947 1979 1985 
39 0 45 74 137 179 223 291 303 343 471 608 681 702 754 756 758 773 790 810 822 881 912 958 1005 1050 1053 1094 1096 1124 1171 1198 1324 1445 1578 1656 1674 1812 1840 1996 
37 86 141 200 253 338 412 592 641 686 758 831 892 894 992 1023 1049 1183 1189 1243 1259 1281 1288 1356 1358 1378 1386 1402 1427 1578 1599 1643 1686 1778 1860 1881 1884 1967 
37 19 56 135 231 249 334 414 415 432 470 484 499 505 582 591 635 680 689 710 880 967 981 1072 1114 1364 1378 1387 1416 1426 1549 1643 1673 1676 1823 1860 1881 1898 
43 105 154 159 230 437 464 524 559 573 620 635 664 667 694 744 771 838 926 1021 1070 1122 1167 1223 1259 1316 1340 1358 1362 1367 1449 1464 1502 1531 1571 1608 1628 1687 1697 1743 1861 1913 1942 1967 
38 107 149 236 252 294 429 453 459 505 591 617 633 659 667 691 745 834 888 981 989 1106 1196 1219 1247 1278 1297 1319 1352 1506 1578 1605 1641 1709 1800 1822 1903 1908 1989 
35 42 87 91 100 144 147 170 240 266 492 555 608 632 717 769 785 849 937 1082 1104 1251 1277 1284 1291 1396 1461 1494 1544 1610 1617 1669 1788 1861 1862 1875 
46 30 94 103 254 257 302 370 389 471 494 531 533 562 581 626 654 708 792 803 929 944 977 989 1020 1032 1035 1115 1125 1166 1194 1215 1305 1347 1353 1383 1401 1405 1534 1536 1560 1649 1725 1749 1773 1826 1985 
37 133 175 232 371 431 437 444 458 537 600 603 616 642 686 706 829 847 914 915 1056 1071 1276 1395 1411 1418 1444 1480 1488 1495 1510 1554 1559 1564 1632 1655 1833 1847 
39 0 73 94 235 244 273 348 563 610 686 720 871 946 1001 1019 1067 1098 1123 1149 1172 1182 1203 1219 1235 1250 1278 1286 1298 1360 1404 1534 1545 1555 1566 1631 1655 1874 1877 1917 
42 111 163 238 360 440 455 503 573 587 592 716 754 778 810 819 912 973 978 1070 1072 1109 1127 1130 1253 1268 1336 1358 1377 1444 1480 1488 1504 1618 1623 1673 1720 1723 1776 1831 1853 1858 1930 
51 3 11 140 158 173 231 311 340 377 438 442 477 481 559 574 657 793 795 807 843 848 900 948 955 1003 1053 1095 1152 1153 1169 1181 1189 1223 1227 1239 1363 1446 1463 1513 1542 1632 1674 1678 1689 1717 1773 1844 1859 1920 1956 1970 
34 78 136 183 210 270 331 352 388 471 588 618 764 774 792 811 823 926 928 993 1137 1161 1400 1403 1552 1577 1706 1711 1724 1733 1784 1922 1942 1945 1984 
34 22 134 165 175 197 222 240 246 314 371 396 507 671 805 806 812 826 929 977 1006 1028 1068 1128 1173 1396 1424 1447 1463 1520 1568 1650 1696 1884 1992 
31 58 153 161 203 374 414 551 560 577 586 596 622 661 758 770 823 903 1032 1085 1112 1129 1206 1230 1251 1269 1403 1406 1437 1716 1912 1970 
41 129 177 199 200 218 291 310 311 389 461 485 540 575 610 614 759 837 882 938 965 1089 1113 1147 1176 1290 1328 1337 1444 1508 1536 1712 1773 1793 1800 1812 1854 1862 1895 1950 1957 1987 
46 68 71 94 226 311 330 341 356 402 415 447 450 475 509 552 713 814 842 948 961 1031 1080 1103 1171 1280 1311 1379 1491 1534 1557 1580 1585 1607 1676 1684 1730 1736 1796 1828 1837 1873 1876 1890 1907 1909 1993 
29 42 107 196 209 257 307 312 330 356 399 411 480 530 556 649 717 734 817 823 846 925 1011 1190 1340 1372 1645 1679 1685 1806 
33 8 38 80 84 145 183 205 309 329 375 435 452 459 672 755 790 816 1068 1074 1233 1242 1267 1269 1336 1471 1473 1507 1529 1547 1648 1699 1797 1942 
44 31 40 48 54 84 94 157 161 193 248 326 346 350 503 560 621 637 657 665 668 697 700 777 815 857 863 926 960 1139 1178 1192 1580 1654 1661 1711 1726 1753 1759 1768 1776 1787 1827 1832 1872 
31 69 195 241 252 294 306 347 353 369 486 570 654 656 753 756 780 990 996 1050 1086 1149 1179 1191 1274 1379 1477 1683 1687 1692 1779 1814 
39 7 31 64 84 110 170 177 218 512 585 605 618 632 643 666 709 769 808 933 1028 1081 1104 1133 1207 1226 1248 1336 1371 1382 1486 1526 1594 1646 1693 1749 1815 1876 1878 1904 
47 13 37 48 51 76 181 192 201 254 312 373 435 489 505 531 558 740 788 792 822 838 894 928 946 1011 1087 1093 1109 1126 1127 1150 1163 1172 1221 1224 1271 1337 1354 1368 1426 1513 1540 1586 1902 1914 1943 1993 
34 1 2 63 97 99 255 281 360 376 436 574 581 783 808 860 897 900 926 949 1052 1204 1265 1296 1351 1366 1369 1446 1529 1742 1756 1859 1893 1946 1971 
42 78 133 205 272 355 422 497 503 514 545 563 600 616 621 711 828 874 886 897 942 1099 1100 1130 1163 1224 1249 1361 1390 1478 1504 1507 1537 1690 1704 1724 1731 1798 1811 1850 1868 1937 1942 
42 36 40 196 209 220 264 370 412 517 524 726 733 735 787 790 805 833 875 906 946 1008 1027 1106 1119 1125 1188 1238 1255 1283 1334 1350 1397 1514 1616 1671 1706 1732 1767 1772 1780 1838 1910 
40 12 142 202 217 218 287 504 518 559 647 653 666 681 732 734 740 742 1070 1102 1118 1155 1171 1224 1238 1259 1284 1286 1518 1669 1730 1736 1737 1795 1824 1854 1908 1945 1961 1973 1984 
42 6 184 365 548 551 565 594 623 676 694 840 861 916 1096 1167 1171 1204 1245 1270 1272 1293 1352 1402 1408 1497 1537 1600 1615 1689 1709 1723 1749 1754 1762 1777 1794 1796 1832 1872 1875 1948 1980 
47 32 63 91 137 179 239 365 380 382 384 585 594 624 745 760 927 967 979 1146 1173 1251 1360 1449 1465 1484 1503 1504 1524 1527 1529 1546 1558 1563 1616 1621 1643 1699 1729 1758 1786 1817 1821 1881 1928 1946 1961 1998 
29 52 341 413 485 508 516 616 672 738 861 1042 1072 1086 1131 1155 1171 1174 1250 1356 1380 1577 1583 1654 1774 1802 1841 1885 1946 1960 
42 30 38 92 114 134 243 245 364 374 534 555 614 650 672 673 679 870 878 1040 1098 1112 1123 1156 1163 1184 1249 1253 1333 1365 1452 1461 1462 1469 1510 1521 1701 1710 1743 1820 1915 1935 1999 
47 108 134 189 217 308 380 472 486 494 533 597 615 634 658 708 732 760 789 828 836 861 880 973 983 1004 1029 1144 1150 1205 1208 1227 1357 1384 1512 1570 1586 1634 1637 1727 1728 1758 1796 1837 1933 1979 1984 1986 
45 43 61 139 164 231 234 284 288 302 350 390 498 554 556 572 583 689 703 716 991 1077 1151 1226 1295 1362 1399 1425 1433 1535 1542 1609 1666 1690 1707 1763 1807 1821 1860 1862 1868 1873 1885 1907 1922 1968 
40 20 67 184 219 227 247 262 270 328 330 396 484 561 574 588 592 670 681 741 913 921 990 1016 1080 1129 1193 1210 1283 1317 1367 1404 1503 1508 1532 1547 1551 1641 1708 1751 1882 
50 21 24 82 106 182 188 218 275 375 395 493 560 564 577 593 679 687 788 813 858 920 926 939 950 952 959 981 1095 1150 1211 1252 1266 1274 1297 1399 1476 1487 1502 1517 1545 1605 1616 1629 1631 1675 1688 1745 1792 1815 1911 
39 49 87 90 128 195 291 315 362 392 575 687 727 762 797 834 874 911 913 997 1086 1088 1137 1280 1342 1350 1363 1446 1508 1534 1573 1577 1617 1687 1698 1705 1752 1896 1941 1946 
41 22 87 92 178 233 274 275 352 399 403 424 516 534 536 624 718 811 882 916 929 989 990 1027 1063 1125 1226 1228 1236 1385 1512 1525 1551 1558 1575 1582 1614 1723 1758 1856 1882 1917 
43 17 19 99 167 249 251 259 280 473 476 479 506 562 650 654 728 776 844 851 890 923 1022 1126 1158 1221 1232 1237 1261 1333 1380 1432 1437 1464 1487 1539 1577 1635 1786 1814 1819 1902 1920 1995 
52 17 72 212 268 329 434 480 523 551 721 731 739 901 918 1043 1106 1191 1231 1242 1248 1252 1272 1292 1295 1337 1398 1448 1450 1462 1468 1492 1563 1565 1568 1628 1697 1713 1738 1739 1750 1751 1752 1795 1818 1822 1889 1927 1943 1946 1949 1989 1995 
42 22 157 192 272 354 376 453 455 602 641 704 734 781 823 892 983 1076 1078 1092 1124 1221 1279 1376 1379 1394 1422 1472 1541 1573 1585 1597 1670 1707 1729 1778 1797 1809 1827 1917 1976 1988 1989 
42 18 91 176 191 193 487 551 577 656 686 701 730 755 773 832 875 879 893 909 984 1001 1034 1048 1113 1142 1181 1243 1292 1350 1389 1452 1462 1482 1773 1846 1864 1903 1953 1967 1977 1991 1994 
45 6 46 106 115 134 156 215 236 267 358 373 402 436 561 579 606 652 659 709 859 865 919 931 971 1008 1014 1034 1139 1175 1273 1275 1365 1506 1507 1571 1604 1635 1656 1718 1719 1807 1819 1831 1848 1924 
44 89 203 271 288 364 381 414 419 442 450 487 499 529 544 598 614 704 918 931 945 953 1052 1057 1109 1296 1450 1509 1527 1538 1543 1621 1660 1692 1712 1742 1776 1804 1825 1834 1889 1920 1931 1988 1995 
45 48 158 185 228 268 272 289 465 492 504 514 566 569 649 675 733 736 767 814 844 855 884 928 936 941 998 1018 1073 1074 1219 1276 1330 1340 1517 1555 1581 1601 1618 1714 1767 1878 1901 1941 1952 1980 
53 50 107 116 117 127 143 156 194 274 364 453 503 510 531 565 583 600 601 604 636 683 714 737 796 808 837 957 1010 1048 1152 1172 1175 1209 1232 1255 1280 1289 1293 1322 1351 1355 1401 1528 1583 1672 1686 1694 1696 1821 1827 1834 1928 1992 
40 11 19 20 32 36 67 86 148 193 222 412 599 613 636 723 795 895 911 948 1135 1211 1225 1240 1361 1364 1414 1464 1489 1502 1566 1620 1640 1656 1715 1753 1793 1827 1858 1872 1955 
37 0 3 50 58 123 174 290 345 414 456 460 489 504 535 603 616 617 633 701 727 869 873 879 969 988 1207 1249 1251 1346 1407 1695 1734 1787 1817 1948 1972 1986 
53 36 71 118 159 178 181 277 307 331 339 358 420 430 449 529 651 671 732 762 782 791 891 913 914 962 1011 1071 1108 1141 1157 1179 1208 1254 1311 1315 1371 1381 1450 1554 1590 1611 1614 1657 1723 1724 1726 1770 1826 1836 1938 1951 1952 1979 
40 62 64 119 124 164 188 201 258 278 279 304 438 491 584 649 650 698 753 856 866 936 994 1070 1158 1342 1386 1486 1491 1526 1560 1632 1633 1665 1694 1768 1782 1878 1883 1901 1926 
39 40 50 304 329 494 520 546 706 710 742 789 821 948 1008 1026 1030 1100 1107 1124 1152 1188 1241 1248 1251 1303 1344 1372 1423 1438 1505 1510 1556 1561 1581 1598 1648 1805 1908 1937 
44 9 32 62 103 190 217 313 334 358 388 413 423 461 470 531 543 564 587 615 634 750 818 856 934 940 1038 1074 1077 1127 1172 1227 1230 1378 1408 1417 1423 1437 1456 1548 1578 1708 1795 1969 1985 
24 251 255 379 553 557 618 624 652 862 876 1123 1157 1383 1406 1502 1587 1592 1615 1757 1762 1780 1848 1877 1887 
40 42 239 351 355 397 497 501 522 553 576 714 788 800 825 875 885 1007 1076 1093 1130 1160 1175 1273 1294 1385 1397 1412 1514 1555 1662 1707 1739 1802 1818 1832 1879 1895 1904 1929 1974 
48 28 44 223 289 305 312 363 374 375 378 400 430 441 443 469 487 500 547 665 686 689 708 716 739 874 901 905 927 970 1053 1092 1123 1174 1220 1385 1509 1582 1607 1687 1693 1713 1738 1836 1847 1854 1855 1958 1982 
37 34 36 134 167 249 412 457 578 616 799 824 891 947 961 1008 1070 1092 1152 1175 1177 1272 1304 1319 1447 1531 1555 1558 1598 1614 1643 1655 1705 1720 1728 1753 1772 1833 
46 16 23 37 102 180 198 199 221 280 327 332 501 515 554 604 639 673 686 699 700 720 764 802 818 847 934 974 989 1051 1061 1094 1125 1202 1204 1236 1257 1285 1429 1473 1475 1606 1689 1775 1800 1825 1857 
47 2 35 36 43 47 62 97 156 157 187 250 344 359 482 486 529 553 642 682 805 827 858 922 1046 1059 1072 1105 1116 1184 1227 1343 1370 1465 1480 1576 1591 1600 1609 1776 1828 1855 1895 1932 1936 1942 1972 1987 
41 3 26 183 206 298 349 373 406 438 527 532 666 684 722 820 826 840 909 994 1041 1159 1177 1220 1256 1267 1314 1335 1385 1395 1448 1469 1498 1505 1515 1564 1645 1730 1819 1880 1886 1986 
32 87 100 243 281 338 353 394 453 456 487 577 622 644 770 846 898 998 1314 1438 1446 1450 1470 1503 1570 1598 1604 1608 1614 1759 1783 1798 1905 
58 37 47 55 85 197 224 231 308 403 439 461 582 596 635 652 671 679 689 713 731 740 786 843 957 964 1000 1009 1011 1036 1051 1058 1063 1131 1147 1246 1268 1278 1341 1361 1384 1400 1405 1452 1458 1476 1642 1646 1671 1697 1711 1794 1799 1901 1903 1906 1943 1965 1992 
39 26 36 51 85 117 138 241 247 251 255 506 519 526 561 651 731 754 759 820 900 985 987 1025 1034 1103 1140 1192 1578 1622 1627 1640 1669 1719 1746 1794 1795 1834 1907 1992 
49 89 137 157 288 335 400 441 444 495 557 574 596 599 635 665 690 693 728 768 772 774 804 812 851 890 906 938 948 1048 1056 1087 1172 1330 1413 1432 1472 1484 1567 1574 1590 1594 1688 1710 1847 1880 1903 1938 1953 1977 
36 75 91 126 155 159 163 265 289 306 350 441 544 546 558 632 683 710 823 877 1021 1035 1097 1144 1279 1328 1376 1409 1473 1504 1721 1806 1836 1866 1918 1928 1975 
55 27 36 51 56 78 199 317 343 443 473 562 574 585 605 666 678 708 713 824 842 848 960 1012 1054 1056 1067 1099 1128 1131 1137 1150 1262 1335 1351 1408 1411 1478 1516 1533 1572 1604 1612 1621 1640 1647 1672 1691 1706 1716 1771 1844 1853 1943 1956 1971 
47 40 50 112 125 134 136 279 362 457 500 558 566 615 635 655 805 806 822 843 915 936 951 961 1013 1033 1157 1197 1296 1319 1320 1362 1397 1421 1466 1569 1598 1617 1642 1643 1648 1650 1697 1754 1808 1843 1909 1999 
36 26 136 139 196 212 419 489 498 511 543 605 692 763 838 874 946 954 966 967 1133 1223 1234 1258 1260 1261 1275 1315 1349 1386 1500 1522 1546 1568 1910 1917 1973 
44 84 118 133 165 269 280 282 353 551 615 632 768 779 840 841 872 907 930 959 995 996 1171 1298 1327 1394 1468 1479 1489 1530 1591 1620 1630 1644 1649 1695 1706 1707 1725 1789 1798 1825 1918 1923 1959 
34 23 28 98 154 328 338 418 436 470 552 650 669 688 711 830 833 917 947 987 1038 1099 1171 1195 1250 1273 1307 1399 1416 1494 1821 1842 1864 1958 1988 
37 135 189 193 208 237 283 351 363 425 440 474 518 539 765 782 933 987 992 1010 1026 1134 1159 1190 1196 1317 1338 1368 1421 1466 1527 1618 1657 1724 1764 1778 1863 1963 
30 173 239 317 417 427 429 455 475 477 520 571 584 629 633 634 759 767 810 827 1250 1348 1384 1439 1446 1474 1555 1574 1779 1795 1853 
37 25 107 109 121 152 180 221 344 351 469 593 644 687 692 724 763 786 867 1036 1088 1102 1108 1174 1293 1388 1405 1484 1489 1599 1603 1664 1671 1717 1861 1921 1931 1988 
42 38 62 88 147 194 250 276 316 435 460 463 508 539 576 690 881 940 956 965 1058 1060 1154 1191 1258 1337 1340 1402 1422 1429 1435 1485 1496 1539 1582 1654 1820 1880 1914 1919 1942 1972 1980 
34 44 98 172 181 272 290 307 329 350 510 640 687 690 731 735 772 862 892 906 937 1101 1216 1290 1394 1467 1499 1502 1579 1624 1626 1654 1790 1793 1984 
48 89 133 176 225 265 275 329 405 409 454 470 552 615 674 786 825 898 908 914 917 933 960 1007 1031 1081 1178 1254 1291 1315 1327 1351 1406 1479 1504 1563 1604 1626 1642 1667 1722 1781 1818 1891 1893 1898 1987 1991 1993 
43 8 23 152 157 255 258 281 292 299 350 411 443 535 580 665 672 692 713 715 719 845 863 867 1027 1047 1090 1199 1247 1252 1253 1407 1459 1561 1582 1584 1689 1692 1708 1749 1867 1915 1925 1926 
40 33 106 233 291 329 337 349 474 478 488 489 530 539 630 658 676 697 707 763 888 964 975 977 1070 1087 1102 1112 1173 1282 1421 1432 1569 1588 1598 1705 1721 1794 1855 1904 1944 
37 44 72 85 198 202 208 217 311 339 345 395 444 471 564 694 817 839 854 859 898 929 950 1029 1190 1299 1423 1486 1506 1725 1743 1768 1780 1840 1879 1892 1918 1926 
44 75 95 150 194 197 218 261 266 274 367 426 434 532 552 556 557 671 688 711 778 791 838 863 879 928 932 1007 1030 1047 1106 1133 1161 1166 1240 1333 1334 1490 1610 1674 1710 1828 1908 1974 1994 
35 5 81 194 244 267 268 379 392 395 417 448 488 511 588 679 709 796 805 815 833 852 960 1188 1425 1503 1559 1622 1650 1664 1696 1756 1875 1917 1926 1949 
36 0 5 24 64 86 159 242 243 270 370 442 454 533 609 639 664 666 703 747 750 850 911 990 1093 1175 1295 1333 1339 1343 1428 1649 1754 1883 1884 1947 1949 
44 9 33 62 106 128 129 145 176 199 236 279 334 469 484 506 583 595 617 634 636 700 804 856 887 977 985 993 1168 1218 1220 1229 1336 1362 1381 1412 1527 1590 1613 1654 1696 1763 1856 1886 1912 
44 18 22 27 122 132 142 154 194 234 237 246 411 460 538 595 603 637 652 734 804 854 883 921 992 1154 1248 1277 1299 1302 1325 1345 1354 1451 1475 1507 1513 1556 1621 1642 1712 1731 1749 1830 1947 
44 18 37 96 99 163 181 220 265 302 328 386 486 507 569 614 626 766 821 949 968 1044 1064 1066 1086 1151 1253 1269 1350 1407 1413 1460 1464 1492 1514 1540 1579 1623 1672 1750 1757 1798 1846 1883 1963 
53 18 85 109 127 138 155 204 233 236 269 296 332 351 424 455 465 525 552 573 578 755 883 930 1097 1133 1173 1247 1275 1314 1323 1341 1379 1403 1424 1443 1498 1519 1561 1579 1581 1593 1599 1629 1665 1686 1708 1738 1774 1791 1836 1943 1951 1966 
31 43 153 155 252 307 322 452 512 677 709 790 824 897 1033 1058 1122 1138 1250 1382 1409 1496 1519 1659 1684 1702 1777 1839 1873 1934 1945 1955 
37 69 106 136 206 207 233 343 516 561 583 637 674 732 760 777 836 933 997 1077 1213 1235 1236 1257 1399 1427 1487 1488 1561 1598 1622 1735 1781 1822 1835 1842 1863 1968 
47 25 36 46 134 203 204 267 273 289 301 340 421 423 459 474 494 503 535 597 601 627 671 937 988 1072 1153 1196 1198 1222 1268 1271 1404 1423 1444 1484 1538 1578 1580 1581 1585 1628 1677 1723 1883 1888 1903 1984 
43 54 67 76 100 112 222 306 335 336 337 422 505 509 534 542 575 619 638 712 742 753 778 830 938 956 971 1010 1028 1073 1194 1208 1315 1397 1522 1615 1627 1673 1742 1761 1780 1828 1887 1909 
35 84 213 244 248 309 361 384 496 551 640 752 824 902 907 908 1092 1145 1149 1176 1190 1209 1222 1334 1337 1400 1417 1444 1463 1466 1471 1475 1554 1602 1785 1824 
37 3 44 156 169 176 188 214 417 504 509 566 574 595 668 761 807 860 910 917 968 1027 1048 1054 1071 1079 1091 1134 1136 1161 1187 1268 1294 1316 1318 1512 1771 1775 
42 235 370 439 476 530 541 601 714 732 741 801 871 874 896 931 1139 1180 1205 1214 1284 1301 1302 1308 1317 1329 1354 1391 1424 1451 1537 1567 1572 1620 1630 1654 1670 1684 1758 1776 1802 1884 1896 
37 73 154 182 219 335 381 396 433 458 493 506 512 668 691 709 764 945 970 1000 1009 1010 1115 1276 1390 1391 1405 1426 1427 1493 1503 1668 1673 1714 1733 1771 1817 1997 
43 66 107 163 177 319 368 413 557 579 695 696 712 733 776 793 804 828 862 897 919 922 959 1230 1291 1292 1303 1307 1313 1335 1359 1409 1441 1461 1491 1492 1511 1555 1709 1730 1861 1919 1959 1974 
42 39 46 93 98 145 177 195 227 233 269 293 357 374 383 392 458 527 531 576 593 673 701 739 776 779 820 823 885 887 919 980 981 1078 1108 1279 1419 1445 1561 1671 1695 1839 1911 
44 27 62 79 301 401 410 489 669 677 680 684 690 811 821 870 893 899 925 939 988 1029 1076 1087 1132 1210 1277 1302 1339 1365 1428 1430 1471 1514 1575 1605 1644 1691 1796 1801 1821 1823 1863 1930 1953 
53 10 61 62 143 172 183 243 332 404 410 491 500 503 509 537 593 625 653 661 676 769 817 896 915 930 950 962 971 1023 1095 1145 1161 1183 1195 1196 1251 1324 1355 1403 1431 1439 1478 1516 1535 1579 1633 1641 1727 1818 1955 1975 1989 1998 
39 17 75 109 144 266 295 357 369 376 436 469 512 544 576 582 623 636 743 895 902 946 966 1028 1048 1087 1108 1122 1213 1221 1301 1309 1395 1688 1694 1769 1857 1902 1932 1962 
36 84 91 217 220 226 249 356 437 495 509 517 559 573 637 762 769 836 857 859 1032 1040 1069 1095 1206 1358 1359 1465 1565 1579 1716 1782 1822 1874 1902 1929 1986 
53 1 38 67 87 93 131 217 290 303 352 358 372 391 530 556 568 582 626 642 738 747 796 797 807 835 837 866 868 904 916 918 983 987 997 1052 1059 1071 1108 1114 1192 1198 1347 1398 1446 1510 1580 1688 1722 1750 1767 1859 1901 1933 
52 9 18 21 45 55 120 229 276 397 437 454 519 542 551 552 554 579 669 678 688 719 733 838 881 899 960 978 979 991 1024 1097 1233 1248 1318 1335 1350 1471 1509 1511 1518 1626 1639 1645 1647 1714 1728 1734 1785 1872 1907 1912 1948 
36 90 108 109 131 462 497 519 601 635 653 666 775 913 963 969 978 992 1039 1293 1301 1304 1532 1587 1620 1656 1676 1679 1740 1769 1783 1788 1820 1826 1860 1934 1976 
32 86 133 223 288 306 434 470 558 602 696 783 794 926 1013 1054 1106 1203 1249 1379 1383 1414 1485 1512 1527 1546 1578 1622 1625 1658 1775 1872 1905 
30 19 59 162 204 231 252 469 538 542 548 668 685 842 860 947 998 1090 1169 1191 1319 1376 1527 1529 1577 1662 1687 1819 1873 1944 1967 
46 40 61 182 201 303 359 428 445 496 513 515 521 553 562 674 736 768 777 806 943 993 1027 1089 1109 1149 1225 1270 1421 1455 1462 1482 1528 1541 1586 1669 1693 1739 1749 1788 1789 1853 1866 1901 1903 1947 1949 
43 7 47 135 175 262 316 328 330 349 371 379 381 545 565 570 605 612 621 635 649 714 876 899 931 953 972 998 1007 1015 1030 1077 1088 1112 1164 1237 1295 1410 1430 1503 1567 1687 1752 1878 
40 28 65 126 127 136 160 216 295 297 371 399 434 437 599 670 856 865 881 939 1015 1033 1172 1267 1305 1402 1484 1556 1566 1572 1639 1644 1661 1669 1685 1713 1770 1802 1817 1856 1928 
40 12 141 162 196 288 502 508 567 569 576 773 847 867 987 996 1120 1132 1152 1174 1186 1241 1315 1394 1396 1431 1433 1435 1511 1513 1528 1577 1595 1654 1670 1817 1823 1849 1923 1941 1943 
37 28 128 150 155 187 225 290 314 373 401 417 554 598 607 632 678 708 719 849 875 964 991 1006 1014 1027 1087 1126 1202 1252 1254 1272 1356 1393 1660 1686 1948 1987 
35 34 120 132 187 198 232 342 354 379 454 555 607 655 864 879 898 915 985 992 1087 1111 1132 1140 1151 1159 1173 1189 1293 1316 1318 1657 1710 1799 1841 1911 
43 20 54 92 228 266 291 303 333 352 393 409 435 475 485 491 493 573 577 675 682 806 809 826 1057 1213 1244 1273 1346 1377 1396 1510 1564 1566 1725 1772 1782 1790 1793 1799 1801 1855 1877 1951 
36 19 93 138 156 200 256 301 306 308 330 349 369 442 478 669 758 824 886 1047 1201 1206 1291 1336 1387 1388 1397 1448 1456 1468 1673 1680 1751 1854 1955 1975 1985 
50 26 38 128 140 179 185 194 201 221 249 302 353 452 453 457 477 563 596 598 711 753 868 899 904 920 937 963 1078 1080 1122 1180 1221 1267 1291 1293 1347 1351 1394 1422 1453 1462 1487 1530 1558 1646 1682 1770 1784 1961 1981 
48 1 49 52 107 235 239 250 272 391 397 434 458 507 533 580 592 627 637 645 731 864 903 911 955 969 999 1009 1031 1082 1135 1150 1155 1267 1333 1353 1377 1416 1457 1491 1518 1519 1533 1577 1617 1659 1813 1944 1994 
36 15 146 234 271 293 298 334 452 606 655 729 818 826 905 907 941 1044 1075 1123 1193 1209 1212 1292 1324 1360 1413 1417 1435 1508 1693 1727 1733 1741 1865 1874 1986 
43 8 29 165 282 285 310 353 361 411 547 632 680 688 715 732 808 824 886 900 932 1030 1031 1099 1114 1138 1176 1238 1250 1299 1356 1442 1452 1486 1510 1554 1640 1715 1801 1805 1827 1856 1975 1984 
54 0 84 236 278 328 331 338 388 622 664 685 738 766 774 780 798 799 821 875 900 949 964 989 1001 1030 1106 1127 1142 1175 1230 1306 1322 1335 1352 1353 1398 1411 1415 1465 1536 1610 1614 1684 1689 1691 1732 1751 1767 1779 1857 1905 1913 1920 1954 
34 71 117 197 219 230 242 273 285 377 393 484 521 528 543 618 755 821 836 864 874 875 923 1078 1168 1320 1357 1365 1422 1454 1459 1461 1490 1835 1933 
37 46 69 180 193 197 292 303 325 601 636 686 731 776 885 977 999 1008 1037 1065 1108 1217 1222 1231 1277 1394 1446 1463 1504 1527 1539 1619 1734 1813 1829 1925 1948 1974 
41 41 72 88 131 133 134 139 158 230 232 237 265 328 341 352 388 469 485 573 619 639 653 690 736 827 859 874 902 912 934 965 995 1183 1232 1364 1461 1467 1698 1845 1850 1987 
34 19 23 49 86 154 160 232 237 398 673 717 733 789 846 902 952 1017 1035 1114 1117 1165 1189 1219 1229 1281 1430 1520 1529 1601 1729 1750 1804 1843 1990 
39 1 119 245 246 339 370 392 408 419 436 484 652 683 712 733 770 804 825 856 932 950 988 996 1269 1323 1334 1441 1463 1470 1516 1647 1690 1705 1771 1821 1830 1905 1916 1986 
45 24 35 39 65 70 130 135 162 195 226 283 337 390 409 447 472 536 592 609 638 724 761 806 841 889 930 1031 1107 1225 1266 1299 1352 1354 1410 1462 1554 1596 1601 1690 1720 1754 1787 1797 1934 1960 
45 20 64 66 101 121 171 178 198 259 336 357 434 496 502 504 517 632 651 670 877 978 991 1027 1185 1212 1271 1341 1402 1418 1440 1449 1451 1511 1531 1587 1647 1726 1752 1757 1851 1865 1874 1906 1918 1968 
46 43 70 110 118 195 305 309 355 395 510 513 529 595 674 746 768 809 844 858 866 878 932 963 1016 1041 1091 1248 1287 1298 1300 1334 1410 1445 1451 1454 1599 1614 1845 1852 1894 1902 1918 1941 1945 1990 1996 
45 17 53 57 113 148 154 207 240 305 354 416 464 495 551 580 627 635 663 669 698 721 793 879 1056 1090 1117 1191 1295 1303 1344 1357 1367 1445 1548 1602 1619 1630 1737 1747 1882 1942 1944 1968 1970 1985 
34 84 90 138 185 309 382 426 530 686 752 755 756 811 869 886 889 1059 1091 1187 1197 1224 1343 1377 1396 1401 1406 1457 1508 1532 1760 1822 1841 1917 1952 
48 10 82 93 154 175 219 382 479 490 521 549 567 592 617 621 654 732 759 768 787 799 821 843 855 857 1096 1106 1152 1160 1184 1203 1205 1267 1275 1288 1351 1377 1450 1662 1669 1768 1829 1877 1902 1927 1941 1945 1957 
30 199 286 378 405 421 540 559 568 576 594 667 831 864 927 1094 1103 1115 1122 1401 1488 1583 1636 1719 1724 1727 1760 1818 1864 1902 1924 
34 1 45 114 184 230 256 288 299 319 452 456 514 566 643 736 757 787 898 918 929 942 1120 1222 1228 1249 1254 1280 1286 1507 1547 1849 1865 1920 1990 
36 2 61 88 92 333 463 483 572 575 646 665 675 722 769 877 952 977 1047 1086 1101 1158 1181 1252 1255 1306 1336 1350 1485 1598 1617 1691 1822 1832 1854 1904 1935 
41 37 70 158 159 193 204 234 249 310 446 499 519 534 582 585 628 633 675 743 793 807 848 858 861 875 953 955 1274 1332 1359 1382 1395 1431 1497 1542 1622 1685 1753 1793 1890 1924 
45 22 24 45 67 76 154 253 269 304 317 393 416 438 480 619 691 694 715 861 883 887 897 901 933 983 1151 1166 1180 1182 1254 1260 1333 1398 1556 1557 1563 1592 1608 1686 1786 1799 1804 1825 1891 1969 
34 18 29 171 258 294 330 370 409 479 600 771 850 897 911 1049 1050 1088 1110 1111 1149 1373 1469 1476 1589 1611 1638 1748 1794 1818 1845 1856 1939 1950 1984 
35 41 136 205 304 486 511 517 571 580 633 691 777 806 829 1034 1074 1090 1176 1189 1383 1427 1448 1457 1472 1493 1522 1629 1658 1705 1823 1904 1921 1950 1968 1997 
42 21 90 95 155 202 233 320 366 390 530 634 636 755 765 794 849 862 979 1033 1048 1052 1083 1165 1203 1305 1318 1338 1359 1424 1455 1580 1600 1680 1700 1785 1855 1869 1894 1927 1941 1967 1971 
40 65 114 115 120 264 288 334 350 365 380 418 457 595 649 667 784 800 815 819 945 1100 1125 1170 1173 1233 1316 1319 1464 1469 1487 1509 1537 1583 1585 1655 1670 1755 1829 1919 1943 
39 36 61 110 193 207 265 283 308 373 426 568 620 710 712 720 775 786 965 968 1012 1036 1131 1162 1203 1291 1333 1350 1453 1470 1505 1570 1623 1633 1644 1684 1744 1794 1887 1987 
38 70 144 186 194 305 307 439 507 562 565 614 617 629 668 691 735 748 759 809 822 883 980 1028 1093 1143 1156 1186 1219 1315 1420 1474 1490 1554 1624 1645 1823 1843 1944 
37 104 135 140 247 297 324 383 428 510 555 579 718 794 858 903 988 1220 1272 1281 1331 1363 1473 1493 1565 1640 1649 1685 1705 1715 1750 1755 1773 1795 1808 1809 1922 1972 
50 4 40 68 71 85 133 191 196 210 222 277 296 349 372 377 408 488 586 606 656 664 715 936 995 1055 1142 1162 1172 1203 1260 1343 1391 1458 1468 1481 1531 1550 1565 1652 1706 1723 1731 1733 1751 1769 1855 1873 1897 1908 1952 
33 74 102 184 290 411 444 490 492 576 734 875 999 1030 1098 1101 1129 1270 1352 1357 1381 1399 1460 1588 1615 1619 1667 1679 1777 1854 1869 1875 1902 1959 
29 5 15 193 197 266 510 532 554 575 687 912 923 926 993 994 1002 1006 1049 1153 1237 1339 1358 1523 1544 1577 1603 1647 1732 1944 
39 6 88 105 154 335 351 361 421 532 540 641 653 658 668 688 718 737 772 779 829 977 982 986 1017 1135 1155 1214 1359 1397 1425 1453 1506 1623 1660 1666 1740 1755 1805 1906 
36 86 89 265 467 536 594 606 649 770 794 800 816 832 876 931 947 988 1032 1035 1089 1124 1167 1310 1477 1525 1615 1621 1645 1672 1707 1810 1853 1863 1872 1885 1995 
31 36 39 66 73 230 292 333 404 407 435 526 558 791 1038 1091 1113 1141 1149 1178 1256 1380 1517 1625 1642 1688 1713 1793 1840 1864 1919 1996 
42 57 95 214 235 318 331 415 416 418 420 446 493 498 596 662 670 693 751 837 850 874 947 959 961 987 990 1049 1062 1065 1222 1261 1292 1306 1376 1466 1486 1582 1675 1682 1711 1797 1810 
32 85 143 160 318 482 483 515 541 577 584 593 595 710 853 887 911 954 982 1179 1192 1235 1400 1512 1517 1689 1698 1710 1764 1769 1781 1830 1857 
32 4 7 51 257 321 388 451 456 512 640 693 786 808 893 996 1088 1190 1195 1206 1364 1392 1514 1524 1529 1530 1533 1690 1718 1731 1772 1936 1960 
43 5 17 36 66 77 156 157 164 372 382 531 545 552 677 841 853 860 876 962 1028 1037 1116 1188 1195 1199 1215 1234 1291 1294 1314 1323 1327 1595 1614 1642 1698 1798 1849 1888 1922 1953 1988 1989 
31 30 36 39 230 267 372 413 425 511 514 539 628 710 731 744 757 844 966 1113 1247 1249 1268 1289 1300 1309 1348 1378 1559 1560 1765 1988 
33 52 147 165 213 215 232 336 398 404 445 535 547 555 598 600 725 928 1019 1055 1116 1158 1197 1258 1374 1396 1470 1626 1675 1680 1826 1868 1956 1996 
47 53 55 63 115 116 166 235 242 276 322 371 490 520 524 632 688 768 857 877 901 951 1051 1096 1097 1104 1107 1156 1219 1319 1373 1411 1412 1415 1469 1503 1552 1556 1651 1675 1722 1726 1735 1736 1752 1779 1880 1973 
33 64 155 218 295 304 441 466 522 602 603 604 611 622 739 860 964 1015 1029 1122 1189 1220 1223 1247 1281 1325 1338 1467 1725 1781 1918 1921 1947 1973 
30 127 168 209 305 347 427 452 490 557 682 753 780 922 945 995 1107 1312 1339 1341 1428 1538 1609 1653 1685 1745 1879 1897 1911 1981 1990 
39 2 107 193 195 260 289 424 492 553 634 662 667 711 726 761 807 841 865 904 963 1026 1045 1076 1121 1256 1380 1387 1415 1449 1477 1619 1670 1672 1685 1703 1803 1820 1879 1991 
37 42 80 137 141 155 161 265 304 440 484 511 563 564 619 702 756 760 791 857 872 970 1026 1047 1170 1188 1231 1536 1641 1674 1729 1838 1876 1889 1919 1949 1983 1985 
34 20 39 106 133 254 277 337 349 355 360 390 409 490 748 789 825 876 898 920 934 1014 1107 1119 1223 1249 1433 1484 1600 1717 1795 1817 1831 1921 1924 
