200 1000
1 1
0 1
1 2
1 1
0 2
0 2
1 2
0 2
0 2
1 1
1 1
1 2
1 3
1 3
2 3
2 3
2 2
1 3
2 2
1 2
2 2
2 3
1 2
2 2
2 2
2 2
2 3
2 3
2 3
3 3
2 4
3 4
1 5
3 3
1 4
1 3
3 5
1 4
2 5
3 4
3 5
1 4
4 4
2 5
2 4
4 5
2 4
3 4
4 4
4 6
3 5
4 5
2 4
3 4
2 6
2 4
2 8
2 6
3 6
3 7
2 8
4 6
2 5
3 6
2 5
6 8
6 8
3 9
3 9
6 8
5 9
6 9
4 8
5 7
6 7
3 8
4 11
4 9
6 11
4 7
6 7
3 8
3 8
4 7
7 8
3 8
5 7
6 8
8 10
8 9
8 8
7 8
4 12
8 9
4 12
7 10
6 10
7 11
6 14
6 11
7 14
9 10
6 9
7 11
4 9
5 11
5 11
6 11
6 13
6 15
6 10
7 12
9 12
5 10
7 11
8 17
9 16
9 16
7 11
7 13
7 16
10 16
10 17
12 15
12 18
12 17
12 12
7 13
8 16
11 12
9 13
11 14
12 12
9 17
6 17
9 19
6 20
10 20
11 20
6 14
13 14
7 15
9 18
13 21
9 14
8 14
10 19
11 17
10 17
13 20
7 19
7 20
9 15
9 21
14 21
10 16
13 14
9 18
15 23
12 15
8 21
12 19
14 22
10 17
8 23
9 15
7 21
9 18
12 16
9 16
14 22
11 15
8 23
11 24
15 23
16 23
10 24
11 19
14 24
14 24
13 17
8 20
9 20
17 17
14 26
17 18
12 27
9 18
17 19
18 21
13 26
10 27
16 22
17 23
9 20
13 18
12 23
12 29
18 21
12 19
14 24
9 29
15 23
9 29
10 21
12 24
11 30
15 29
13 22
12 22
17 20
19 21
19 25
20 30
13 24
20 27
17 20
10 25
12 32
18 31
12 22
16 23
21 26
17 30
18 21
21 24
11 32
22 32
15 24
22 32
16 24
17 24
13 24
12 22
14 25
11 26
20 23
21 34
20 35
21 32
14 33
22 26
22 33
20 24
23 30
15 24
18 24
14 25
17 28
23 27
21 35
12 27
15 29
24 35
17 35
19 29
12 28
19 27
12 33
22 34
20 32
15 25
14 29
25 34
25 32
19 29
23 37
19 30
13 30
16 27
21 32
25 27
21 38
18 31
13 40
21 28
21 30
24 36
14 36
15 37
18 30
22 34
17 37
22 36
14 36
24 28
15 31
28 30
16 34
17 35
20 38
25 37
23 34
23 40
17 38
24 34
27 40
17 36
16 32
27 35
26 31
26 40
20 32
18 43
18 34
30 30
23 33
20 37
29 39
21 33
20 36
21 31
19 38
21 44
16 43
27 36
25 34
25 34
18 36
30 35
27 34
29 45
21 45
29 36
26 43
27 40
32 46
31 43
25 40
23 47
31 38
19 36
24 43
18 43
24 48
29 41
30 44
19 50
31 44
19 38
21 36
24 47
22 38
24 47
25 48
18 47
17 50
24 38
18 41
26 36
33 46
24 37
32 46
26 47
30 49
21 37
21 52
23 43
34 48
28 46
35 39
23 43
26 38
32 46
22 48
18 54
28 48
24 40
36 56
33 38
29 55
21 44
23 50
26 42
34 41
34 42
20 52
29 43
21 54
38 51
25 42
34 57
23 49
24 47
34 54
23 54
26 48
31 51
27 54
36 55
23 47
20 56
24 46
39 40
35 45
30 43
33 58
33 56
20 49
27 57
27 55
20 46
28 49
24 52
29 59
27 48
30 40
32 56
31 57
32 41
31 42
24 42
39 43
40 56
24 46
23 46
33 47
23 61
41 49
39 57
35 59
39 54
27 53
25 63
22 50
34 47
34 57
42 55
21 61
35 58
21 42
21 43
28 59
21 55
30 62
26 45
26 47
21 51
21 44
35 48
37 50
25 61
42 48
27 52
26 48
43 50
34 58
27 58
25 59
41 54
40 64
43 64
23 59
44 64
23 64
45 61
42 62
36 50
34 62
43 54
30 55
39 61
25 65
33 47
45 67
28 52
44 56
46 63
23 54
45 57
38 70
36 57
39 70
43 59
36 62
31 63
30 56
39 63
36 64
45 48
40 62
43 67
35 61
31 61
44 52
39 53
42 63
31 58
24 53
41 65
29 51
45 58
32 69
36 51
37 56
42 68
36 59
49 51
37 56
41 68
45 56
43 56
45 67
43 57
49 72
26 71
47 67
28 53
33 53
50 75
33 73
35 69
38 76
48 60
41 55
48 58
51 61
48 71
35 56
28 56
49 61
51 64
34 56
48 74
50 73
40 67
26 53
36 55
51 53
28 70
38 79
29 70
48 70
51 80
37 76
43 61
49 73
41 69
50 71
28 79
46 64
35 66
29 78
36 69
38 64
52 77
29 83
54 70
37 66
36 58
29 55
27 82
50 64
38 61
39 72
31 60
29 80
53 60
45 61
54 67
28 79
47 75
55 58
56 69
42 76
39 79
57 67
41 66
35 76
31 67
30 57
41 67
46 60
36 66
33 70
32 60
31 67
42 87
41 60
46 75
34 74
38 65
57 79
55 65
58 87
53 74
59 78
58 85
35 66
33 72
34 66
30 70
59 84
48 61
30 70
42 62
46 68
49 67
46 74
32 85
33 65
41 84
39 84
38 85
50 86
34 91
46 67
37 87
32 76
46 68
44 69
44 92
52 91
60 84
39 91
34 83
37 74
33 83
35 90
41 77
53 86
52 86
59 94
63 73
34 66
56 65
55 87
40 80
51 72
46 77
36 92
52 82
38 95
42 81
47 78
62 91
48 72
62 92
63 68
54 80
39 94
56 90
51 73
50 71
50 84
37 78
53 70
57 92
40 74
46 94
42 89
44 75
51 72
46 71
47 68
37 75
63 91
38 75
40 88
33 67
56 70
61 89
36 79
58 95
40 68
65 90
35 70
55 72
67 99
55 86
46 73
59 85
51 68
37 85
54 84
45 71
67 96
54 82
47 77
64 91
49 86
68 85
50 92
49 88
62 98
65 100
42 70
61 101
65 84
66 86
68 93
46 86
37 82
53 70
41 98
51 85
43 77
54 81
51 106
62 83
54 82
38 78
41 81
54 76
66 83
64 105
46 103
49 72
47 104
45 88
69 74
40 94
36 106
46 96
51 83
55 79
60 92
45 83
67 75
70 83
68 82
36 108
36 108
48 94
69 106
68 107
71 91
53 78
68 80
54 83
61 98
55 85
62 85
40 91
47 99
49 83
53 108
48 110
47 78
54 106
55 98
58 108
43 89
44 103
38 98
62 84
47 113
72 97
49 105
61 103
60 98
57 80
66 76
49 84
64 111
55 92
70 101
41 81
51 84
40 98
47 93
48 89
57 109
46 109
40 85
69 96
67 97
66 101
65 89
55 98
61 101
50 99
57 105
51 86
41 85
40 92
54 115
51 85
76 85
75 108
70 85
75 95
59 106
39 102
49 117
40 102
77 81
65 81
42 116
68 110
40 118
78 118
62 98
44 112
64 90
49 90
73 83
80 93
65 86
78 93
53 117
41 96
61 107
69 100
71 95
71 87
46 113
66 119
67 122
47 84
78 102
47 101
44 116
63 104
65 96
68 103
59 117
47 114
66 89
42 110
55 97
48 109
79 122
44 87
82 90
46 97
53 90
56 86
51 118
67 110
84 107
73 99
60 112
62 107
78 115
60 104
72 118
60 97
62 103
47 119
69 103
63 108
84 93
78 123
72 86
69 109
68 91
57 104
55 124
77 87
72 110
50 123
52 98
53 106
45 124
56 87
68 99
55 111
80 87
45 128
66 95
79 131
50 111
85 97
74 121
45 124
58 89
50 109
77 100
89 109
53 103
76 131
68 111
46 97
68 133
61 93
81 127
80 114
84 126
79 134
77 112
89 116
58 121
56 114
76 112
61 112
76 116
91 93
65 104
77 100
45 116
67 96
51 135
81 137
90 112
59 115
73 112
67 122
89 127
56 101
46 99
48 137
87 118
86 116
58 122
56 109
74 114
61 108
76 117
88 140
58 101
77 113
85 107
64 111
85 97
83 120
84 113
62 104
83 115
55 126
82 129
50 124
92 123
86 94
50 109
80 95
87 141
51 140
76 128
54 120
69 103
86 108
80 97
70 138
62 126
92 128
66 113
56 121
61 107
77 126
90 141
78 115
75 99
50 133
58 97
68 116
78 143
64 114
77 142
94 108
87 116
82 146
87 100
81 122
60 120
83 120
81 143
76 114
89 142
61 133
50 99
60 113
90 131
75 147
70 114
94 149
96 102
76 140
65 103
55 147
50 102
93 149
76 127
97 130
63 110
76 99
65 121
95 149
96 139
55 108
83 104
51 109
85 105
80 147
84 107
69 139
98 144
78 114
64 129
77 110
77 149
93 149
74 125
74 132
90 100
68 111
75 137
96 101
74 121
87 120
43 40 78 84 96 133 144 179 185 215 229 287 309 319 350 410 415 442 453 466 487 490 521 552 553 572 585 635 680 683 685 719 721 727 737 760 767 788 836 863 891 923 929 991 
47 1 20 46 93 98 124 185 230 235 293 300 301 321 338 348 353 423 438 464 476 503 517 577 613 618 634 639 641 642 653 661 701 709 720 734 752 792 834 843 868 912 926 931 937 969 970 984 
59 0 32 48 50 52 114 138 139 146 149 158 164 177 183 199 200 217 228 268 345 370 387 403 420 431 471 474 476 499 514 523 526 583 585 592 602 608 610 616 635 636 637 647 660 671 700 746 765 785 791 798 804 838 850 870 879 926 930 984 
47 0 36 76 90 124 157 165 184 210 225 313 322 328 333 335 336 377 382 394 404 412 454 503 560 565 579 602 618 679 694 696 703 709 725 726 732 733 782 786 856 861 874 880 890 908 943 994 
58 8 12 34 67 76 84 115 117 159 167 180 208 260 269 273 274 276 284 288 306 311 331 339 352 355 359 368 380 390 400 428 442 444 460 473 478 500 506 537 561 581 586 605 606 631 643 647 661 712 716 727 801 826 864 875 885 971 990 
52 14 31 48 52 54 78 86 109 118 183 199 201 235 301 309 316 334 339 355 370 387 390 398 468 495 513 530 548 580 624 646 649 652 670 701 708 712 758 786 806 820 821 826 835 845 849 881 902 919 957 985 995 
48 68 78 111 132 144 162 228 275 324 349 421 426 434 443 458 490 511 515 526 546 548 549 575 579 591 598 613 639 641 648 651 661 690 719 723 728 741 809 813 814 828 842 887 915 951 953 982 988 
48 70 119 138 148 160 233 249 250 260 261 274 281 344 346 354 375 393 402 405 427 435 438 485 491 493 504 538 568 592 606 617 651 707 756 770 774 835 846 847 894 906 928 931 934 960 981 982 990 
49 12 48 50 57 87 135 136 146 177 198 204 215 225 237 247 257 283 289 306 310 322 328 355 388 391 441 460 470 500 534 580 611 630 645 653 682 720 737 759 776 791 881 883 935 946 949 957 967 983 
45 3 6 8 12 62 86 96 99 102 143 157 179 254 274 310 353 390 404 419 443 473 475 487 535 539 597 611 631 637 668 684 686 719 725 743 804 825 888 898 899 945 947 956 957 958 
43 3 43 49 68 69 116 155 206 211 255 281 329 360 369 375 432 458 460 463 477 508 526 527 555 575 633 638 642 660 663 672 687 704 757 835 871 877 886 890 891 893 899 961 
59 3 11 13 17 27 28 43 45 64 69 73 74 83 105 120 125 135 169 179 231 235 276 318 320 341 369 370 400 404 420 423 433 451 461 481 490 510 542 543 556 573 612 658 659 702 715 734 745 753 754 781 795 804 837 852 883 914 971 989 
31 2 14 65 135 143 334 342 375 386 393 429 470 549 575 577 617 684 698 707 743 751 779 785 796 797 831 857 887 906 915 970 
41 6 12 57 66 98 135 146 150 204 253 273 278 363 370 421 438 483 537 543 559 560 569 605 631 644 648 652 661 677 691 712 722 725 726 789 836 853 859 878 911 952 
59 36 42 49 108 110 121 127 130 149 153 182 186 228 299 315 334 378 389 402 407 419 429 435 438 451 470 483 486 493 505 520 546 547 557 560 570 594 600 611 700 707 775 780 782 808 811 817 828 830 832 845 847 874 903 904 921 961 963 966 
63 7 23 32 43 47 68 79 105 115 147 152 184 206 223 241 268 283 286 316 361 364 365 391 392 397 407 410 427 449 461 471 481 489 503 514 526 532 550 563 598 602 612 651 658 659 682 683 705 722 734 777 780 796 797 816 833 848 854 860 863 925 959 992 
59 8 13 29 30 63 89 106 114 127 144 159 161 167 172 179 198 222 232 241 259 294 296 316 354 376 388 392 400 452 523 524 525 530 539 550 564 590 599 622 654 668 670 679 691 701 709 744 798 802 820 838 855 879 890 891 914 926 939 985 
43 1 77 97 103 122 150 169 204 328 348 374 376 391 392 394 417 445 461 462 467 491 493 499 500 509 558 583 584 603 621 640 641 674 680 689 778 809 842 844 862 866 893 969 
51 2 10 15 23 32 61 66 68 92 112 130 160 167 173 179 191 231 237 238 242 253 268 296 322 369 407 423 439 450 466 470 471 535 553 583 602 664 672 697 709 716 748 783 786 811 819 834 840 865 866 992 
51 30 84 96 124 143 160 179 186 190 197 221 227 238 265 272 303 350 370 384 399 400 405 429 432 444 525 537 548 566 579 621 624 626 649 650 680 697 723 729 734 735 737 752 801 806 808 856 952 954 973 977 
41 3 42 109 121 124 149 184 199 204 226 258 273 276 332 337 338 351 399 400 453 454 563 569 577 581 595 671 672 677 768 784 798 826 827 846 868 879 896 907 915 938 
38 59 77 115 121 141 157 159 163 265 286 293 311 329 339 388 397 401 456 470 479 492 517 522 559 597 609 612 613 635 666 682 707 728 760 822 831 912 954 
45 23 26 32 62 63 71 84 86 189 200 209 267 301 370 377 379 381 424 437 451 466 519 529 559 616 618 619 626 629 636 650 679 680 725 730 740 751 786 818 845 883 931 935 982 999 
57 102 107 108 110 117 132 138 143 163 179 200 214 227 243 296 298 306 351 372 393 395 396 406 408 438 471 485 493 500 503 507 538 556 596 598 633 635 636 637 640 657 662 672 695 711 719 775 790 830 834 848 860 917 954 982 994 998 
61 38 51 73 74 87 93 116 122 155 160 161 181 197 198 208 209 210 238 268 274 317 321 364 371 381 392 400 412 469 479 516 518 525 554 590 607 614 659 669 683 694 706 747 764 775 786 838 845 855 862 881 886 888 898 912 931 936 937 975 983 993 
50 17 36 37 52 72 82 142 144 154 165 167 174 189 228 253 284 316 320 325 327 357 411 414 426 439 447 448 458 460 472 506 523 531 554 590 599 624 627 632 696 734 776 777 804 808 811 841 903 951 979 
53 19 22 27 30 65 86 94 95 105 139 187 204 212 231 250 287 293 307 314 318 342 347 351 358 382 392 444 508 557 565 588 601 626 627 668 669 670 679 700 731 759 787 791 827 835 878 879 902 926 950 955 969 987 
44 7 75 107 118 136 138 151 152 162 217 219 262 267 272 279 304 309 310 362 390 425 447 480 546 556 603 624 642 645 683 685 693 752 754 765 822 827 843 869 890 896 934 966 999 
46 13 35 37 67 70 71 76 88 92 98 107 108 153 164 301 432 434 444 447 461 468 478 501 526 588 612 620 628 629 630 672 700 701 714 762 763 768 789 858 860 867 888 908 920 934 969 
49 67 81 110 114 124 198 226 247 257 264 269 274 275 296 368 377 382 406 419 420 451 459 518 519 521 593 606 636 644 666 678 708 732 756 767 792 798 799 853 854 858 864 900 915 920 924 929 934 986 
43 6 14 21 51 67 117 129 138 181 185 189 194 266 279 291 306 341 346 374 376 384 422 443 484 562 566 568 626 653 684 694 698 704 746 768 863 872 874 894 903 920 928 937 
65 0 1 2 13 19 32 35 80 99 114 121 131 138 162 180 184 239 270 286 304 312 321 358 369 388 390 392 394 397 418 435 475 483 534 552 561 567 569 588 590 626 627 643 666 667 689 713 722 724 728 748 749 750 761 770 771 776 784 806 826 837 865 903 905 981 
45 3 6 50 52 82 87 106 115 147 171 182 199 200 207 228 239 245 274 275 308 330 344 397 399 413 425 442 458 469 470 534 537 557 604 606 625 656 684 706 715 780 808 850 888 911 
41 46 50 79 133 159 175 185 278 281 332 356 358 404 461 465 490 498 503 509 510 541 547 554 555 569 602 603 647 667 709 721 734 755 767 870 873 892 981 982 989 993 
57 40 44 95 147 164 200 204 230 239 244 259 277 294 308 312 316 341 345 364 373 407 414 423 475 540 546 555 578 583 619 639 649 650 654 673 680 684 722 723 727 764 823 831 836 842 863 887 893 902 919 941 953 957 959 972 990 992 
65 13 23 27 30 76 87 88 105 114 140 187 205 210 223 257 279 291 292 301 306 322 350 359 415 417 436 443 476 484 489 492 500 517 518 555 563 570 597 603 612 617 627 630 634 663 666 668 671 700 708 717 747 769 781 807 816 839 843 867 887 929 936 956 957 991 
57 82 88 96 101 122 145 147 162 200 217 235 247 249 271 278 279 280 286 295 312 371 376 395 420 460 463 465 527 543 555 568 581 596 597 609 630 660 686 707 710 715 724 743 750 755 757 767 773 776 819 821 845 846 864 869 924 943 
61 2 47 54 63 70 71 85 97 136 142 152 205 227 228 239 241 246 280 286 298 302 307 317 326 335 349 373 387 446 469 483 502 545 557 561 566 584 604 618 630 651 660 688 692 698 707 716 735 741 792 814 835 844 873 893 919 951 958 965 975 983 
57 8 9 67 83 111 133 137 159 174 201 202 230 236 237 243 244 250 264 297 331 345 354 366 372 458 475 523 529 532 535 558 560 601 651 695 737 753 760 775 776 777 805 818 823 843 869 877 879 880 886 918 921 936 950 952 954 985 
57 42 51 77 97 100 102 120 121 129 144 190 196 206 208 247 254 258 263 276 292 317 333 381 410 416 417 441 512 527 561 622 625 632 634 635 648 656 663 667 685 700 701 709 741 804 812 837 848 865 881 918 925 945 956 959 969 983 
53 6 13 33 42 43 47 72 88 108 122 134 141 144 191 205 274 294 310 316 343 352 363 375 389 399 412 502 537 571 595 614 628 630 637 643 651 689 700 719 764 772 804 811 817 818 867 909 930 938 951 960 967 976 
35 62 97 116 117 122 197 216 220 257 267 295 340 358 363 426 466 474 483 529 535 554 610 651 658 690 699 747 797 800 841 868 887 909 960 971 
58 15 45 56 74 79 81 96 100 125 131 137 180 186 208 212 236 306 325 334 344 355 374 422 424 435 455 473 482 512 561 567 580 586 587 627 629 631 642 646 647 689 698 753 763 769 774 775 790 807 818 822 841 873 920 923 963 981 986 
50 27 42 69 92 106 128 130 152 158 159 165 200 202 251 318 329 343 357 366 391 397 411 412 445 453 491 525 534 545 551 565 587 621 630 684 706 720 729 743 744 750 811 838 842 862 864 870 875 929 934 
57 7 12 13 27 70 72 119 151 163 171 185 225 265 295 302 327 330 383 394 398 399 451 459 464 470 487 519 574 589 605 621 633 649 653 680 685 686 705 707 709 712 756 758 779 822 829 835 845 875 902 919 934 939 942 949 986 994 
49 2 22 26 72 88 122 157 162 179 208 246 265 273 311 324 343 363 380 388 414 424 445 447 450 507 513 524 527 534 548 562 576 577 588 612 635 662 732 733 770 788 791 824 836 849 862 948 987 990 
44 5 14 28 61 82 114 124 184 193 201 235 238 288 333 365 445 456 491 571 603 617 627 664 669 689 705 726 731 744 746 750 774 802 810 814 816 839 843 861 867 894 949 966 972 
46 65 81 145 182 189 209 226 237 241 251 314 323 324 345 367 393 425 462 465 517 534 553 573 604 618 632 633 648 650 730 746 769 771 775 784 805 808 818 834 880 895 918 937 954 957 958 
44 4 14 16 48 69 88 129 160 184 186 197 226 234 241 296 299 316 321 349 357 402 405 452 463 495 545 564 596 608 655 681 723 725 727 733 763 799 807 844 895 911 949 972 991 
49 16 19 47 100 175 186 201 215 228 271 292 300 316 318 332 342 352 360 484 502 558 571 583 606 654 661 665 688 738 745 747 750 755 770 775 803 809 837 854 870 871 872 873 920 969 987 988 991 993 
52 9 22 34 35 66 83 106 116 123 137 153 157 163 165 174 187 188 199 202 224 233 247 324 340 405 412 415 418 461 470 531 536 537 544 551 561 584 620 626 699 708 717 721 724 748 795 832 848 859 912 953 976 
54 50 61 78 129 158 177 209 210 214 221 224 239 245 250 251 258 261 299 319 337 338 356 365 380 399 424 439 453 462 491 511 526 534 540 554 556 565 574 668 722 760 767 790 835 846 855 895 908 922 950 954 965 981 983 
42 18 19 28 31 33 79 103 115 129 145 209 218 224 260 261 292 293 375 387 416 427 430 482 523 536 563 580 605 643 685 694 698 720 743 767 828 916 927 976 989 993 999 
44 4 19 39 80 90 91 107 119 122 124 145 157 188 194 220 258 263 283 295 319 342 363 411 442 454 474 494 568 596 674 681 684 692 698 700 740 745 779 820 869 885 938 984 998 
44 57 60 69 70 122 154 161 207 243 287 317 320 336 337 344 356 357 362 375 389 390 400 411 476 500 501 589 610 665 685 720 744 772 801 818 871 879 904 909 913 927 939 957 990 
51 21 71 78 94 105 106 122 129 134 161 162 165 179 183 211 227 233 266 332 364 379 388 402 414 416 417 436 499 617 640 646 660 664 671 715 743 793 797 826 827 832 853 876 882 911 915 917 948 968 972 979 
48 59 79 115 125 158 166 201 202 204 219 228 238 247 258 314 329 382 385 387 408 417 428 430 469 554 557 564 571 598 608 630 652 658 660 682 718 741 742 807 836 854 869 870 884 909 927 938 948 
53 56 68 91 117 118 121 143 145 150 181 184 200 207 213 226 244 251 270 363 364 390 436 452 469 489 502 536 540 549 555 602 604 606 613 648 652 658 670 674 682 776 779 780 783 798 805 886 902 919 920 926 955 976 
50 51 84 126 146 147 156 159 187 194 207 218 236 270 278 298 317 326 341 350 366 423 432 499 516 525 549 578 583 584 591 601 607 649 662 669 686 688 707 717 722 750 752 774 788 803 807 934 958 981 985 
54 21 57 60 80 101 138 232 246 248 277 286 295 296 302 327 399 420 449 459 502 531 554 565 566 574 596 600 611 622 626 658 701 717 719 723 741 742 746 760 761 766 790 793 798 799 813 825 839 840 954 958 967 969 973 
47 14 16 22 26 49 61 79 82 135 178 186 225 258 302 337 348 363 364 374 382 393 422 448 452 472 489 509 548 554 586 588 604 627 633 643 647 701 707 742 766 768 783 798 804 863 871 872 
54 1 6 7 91 102 142 153 175 215 220 229 256 307 331 332 372 378 404 412 420 425 436 450 469 509 524 530 539 558 559 575 578 597 688 689 692 697 720 726 731 738 741 793 809 824 827 830 859 860 897 926 931 955 985 
68 5 38 46 78 86 126 137 151 179 190 203 205 207 211 229 240 266 278 294 308 317 337 348 354 374 410 416 430 469 504 519 520 524 536 541 546 556 577 583 627 645 648 649 685 690 698 721 723 741 799 801 827 839 843 850 863 865 894 902 910 928 942 956 967 979 981 988 997 
42 31 32 42 50 72 126 139 154 155 162 184 185 198 230 286 307 318 411 418 419 438 465 477 494 498 520 524 535 538 625 628 630 719 753 843 859 932 946 948 958 961 966 
64 9 14 33 48 63 71 72 87 91 123 187 189 192 222 230 236 288 308 337 361 366 373 413 426 459 464 469 475 487 501 523 541 558 575 593 617 655 690 696 735 740 755 758 769 797 817 850 851 853 865 868 872 905 929 935 945 950 961 964 975 985 986 989 991 
45 13 30 38 77 98 193 236 248 267 274 284 331 335 338 397 408 437 463 470 501 503 536 582 623 634 650 704 721 784 789 813 817 849 869 887 890 897 903 922 942 945 957 964 965 983 
46 17 36 66 83 157 181 195 214 257 261 301 308 326 337 380 387 419 436 438 442 450 453 513 559 566 584 586 592 598 636 646 706 778 791 806 839 847 883 895 911 927 928 930 934 952 986 
65 18 33 36 64 75 77 78 80 105 121 127 145 168 219 225 252 274 306 330 340 359 363 365 388 412 434 435 450 488 503 515 518 530 560 568 572 577 599 618 646 650 663 670 685 738 778 779 792 803 819 850 851 856 866 882 888 894 925 926 958 965 974 978 982 984 
45 28 37 64 84 98 104 131 137 199 205 242 286 302 305 311 328 345 350 352 368 418 489 506 520 549 558 563 571 597 621 691 693 694 751 775 786 800 801 848 908 923 932 939 978 999 
38 0 9 53 69 80 90 94 162 166 170 187 201 212 241 316 355 387 415 500 531 534 568 569 575 640 702 712 736 804 815 826 848 862 892 909 922 968 977 
47 14 18 34 44 103 128 152 166 186 226 246 279 296 310 321 330 331 352 357 364 388 401 442 443 490 532 541 556 570 590 592 629 646 692 699 723 745 753 788 844 851 868 887 889 891 922 947 
50 15 16 17 38 57 80 97 114 127 139 145 168 196 267 279 284 298 308 355 394 404 411 433 448 460 464 468 474 515 528 562 646 648 687 698 699 702 714 721 742 767 768 777 846 910 921 928 940 982 995 
45 22 30 80 114 190 261 265 281 321 325 327 339 353 390 391 411 424 436 470 496 525 526 537 545 559 562 618 629 654 662 684 708 721 735 743 808 860 865 880 887 891 892 927 952 973 
40 5 52 77 122 179 252 259 276 277 280 317 337 356 389 409 549 550 575 643 671 679 691 707 719 721 730 746 749 771 819 840 846 852 866 876 877 885 957 965 971 
46 1 12 28 31 41 70 74 82 85 123 238 268 289 299 315 335 394 413 421 433 444 446 481 500 501 531 547 573 579 613 659 663 685 704 743 756 777 800 844 852 856 895 898 904 926 930 
53 1 5 12 24 28 45 54 62 99 113 155 164 182 260 268 277 326 387 444 450 483 485 509 545 591 593 598 599 603 613 653 654 671 713 720 727 730 744 757 758 802 827 837 841 873 880 895 904 946 958 966 988 996 
62 12 59 89 114 137 144 150 155 180 186 210 212 227 237 247 260 288 304 316 328 331 334 345 354 356 367 371 379 384 385 410 415 431 451 460 490 492 496 523 551 554 566 568 569 584 586 665 672 721 771 793 799 807 858 866 874 906 909 937 969 986 998 
49 4 35 43 52 87 115 122 159 174 194 266 275 286 293 301 307 352 360 408 413 421 433 448 455 456 458 508 519 528 530 620 639 699 710 726 746 762 769 807 818 831 852 867 876 883 889 908 981 987 
60 16 27 38 48 52 93 97 136 147 158 160 176 192 210 249 255 265 280 301 307 314 330 346 369 383 390 402 403 406 430 436 442 451 459 491 523 542 544 555 578 590 606 608 637 660 675 688 698 703 735 775 810 824 830 837 853 879 935 956 977 
63 50 56 98 108 109 120 188 203 206 213 265 267 269 273 287 327 347 360 367 383 434 466 474 482 485 505 515 533 534 535 583 585 619 629 636 671 683 688 689 699 730 745 747 769 771 776 783 785 810 816 824 834 846 865 874 907 909 919 931 944 967 972 973 
45 8 17 18 25 72 90 158 201 227 246 290 317 327 355 369 398 416 472 492 536 558 578 580 585 586 588 606 667 678 680 701 709 723 756 761 762 810 839 840 862 874 902 984 987 995 
54 2 6 17 24 44 47 69 74 75 85 99 100 103 119 121 151 154 175 211 266 269 287 297 298 301 371 386 454 490 495 499 514 527 532 536 557 587 607 611 616 641 673 681 701 712 729 742 751 767 881 899 901 985 989 
46 12 43 73 94 100 102 122 138 158 209 268 282 318 390 419 420 446 452 453 493 502 535 554 555 559 574 583 602 616 638 663 665 671 687 722 761 809 834 847 871 919 920 923 943 948 996 
46 10 16 34 46 60 65 67 73 76 77 95 140 186 204 249 250 257 266 277 303 334 361 410 527 550 558 585 596 602 669 697 702 718 740 760 798 826 846 848 849 906 921 946 960 967 971 
53 7 60 80 93 95 110 206 227 234 238 246 295 362 363 373 381 388 402 421 423 430 442 469 477 489 545 571 587 599 634 662 706 709 725 729 731 738 750 755 777 816 836 844 877 879 888 904 913 941 942 980 982 985 
43 10 39 119 121 125 149 161 186 195 220 224 225 249 263 265 301 347 366 370 379 381 403 422 516 534 564 570 588 593 612 625 626 644 654 673 730 776 797 810 898 936 940 982 
50 7 67 79 100 104 168 171 182 195 227 278 328 352 357 359 374 396 404 435 494 495 511 530 534 564 591 602 614 661 666 688 711 713 716 733 738 739 757 802 836 837 842 861 863 868 887 924 937 941 950 
48 14 40 41 45 48 58 70 84 85 97 129 136 141 198 209 241 249 297 348 363 394 402 451 452 456 490 491 508 523 528 539 589 595 598 661 668 722 741 789 801 807 812 818 847 885 910 937 983 
49 1 19 31 61 76 82 115 116 121 122 133 178 179 217 267 277 303 356 372 420 422 426 432 459 483 523 555 575 585 605 611 658 676 682 726 752 760 768 780 846 854 866 884 930 933 951 954 972 993 
48 25 43 45 54 55 58 122 131 135 139 155 173 195 236 248 261 321 327 338 367 389 390 460 467 509 537 543 545 548 553 570 647 685 694 714 748 751 767 770 793 820 838 853 917 927 973 981 991 
49 0 2 42 55 61 62 70 74 85 92 156 160 166 174 231 243 247 254 259 328 356 361 403 423 425 454 457 471 496 555 557 560 594 641 662 676 722 747 791 796 800 819 893 901 912 923 927 957 975 
47 4 36 40 93 152 157 185 205 244 254 257 288 315 319 370 377 419 440 474 490 502 547 556 574 607 644 651 653 662 674 706 755 768 771 787 836 838 857 890 917 918 927 936 967 989 992 998 
42 15 64 69 78 105 132 166 188 192 220 238 276 288 340 369 414 436 450 451 469 478 488 504 515 545 619 630 642 653 688 698 708 750 772 835 853 854 899 940 970 976 981 
42 11 17 34 44 86 90 173 177 185 221 222 265 344 367 389 396 420 432 434 447 457 484 525 547 582 611 673 706 719 725 755 785 790 798 820 867 891 928 929 935 944 962 
41 8 34 45 56 80 92 114 138 163 248 307 327 337 380 387 398 401 446 459 489 527 546 554 560 571 597 611 629 639 689 695 779 829 853 872 873 881 908 937 944 975 
45 8 42 79 126 157 161 174 175 185 227 232 237 277 280 310 414 428 462 476 483 521 538 541 579 589 642 675 735 736 744 783 784 871 874 882 889 902 913 920 928 936 963 976 988 996 
51 16 47 63 79 86 90 101 107 134 181 212 219 221 258 283 289 290 310 316 318 357 375 378 392 403 408 440 481 486 497 554 564 617 628 650 670 713 751 770 800 807 826 829 848 858 875 876 889 893 985 998 
39 3 59 66 186 205 218 246 305 399 401 463 499 514 515 520 524 533 547 564 569 594 604 609 620 628 649 672 784 807 814 847 916 953 968 973 981 994 995 996 
49 10 19 45 83 98 104 105 114 116 118 143 160 192 285 290 297 317 332 345 363 367 373 387 389 433 444 448 462 466 493 510 566 587 632 655 659 664 729 840 851 879 889 904 934 938 946 951 962 965 
49 14 26 33 68 97 99 132 148 188 200 223 266 285 317 352 395 400 410 450 457 458 470 495 556 593 599 629 633 634 638 642 683 719 721 731 732 750 758 778 784 803 807 849 900 901 907 914 926 933 
59 4 6 45 91 152 181 216 220 230 235 239 258 266 267 268 269 276 279 289 300 303 305 323 387 401 411 445 451 454 480 483 484 487 501 516 534 584 604 619 628 639 692 708 716 752 771 783 797 806 822 830 843 863 887 893 930 934 939 945 
55 5 87 96 121 163 192 211 230 236 241 275 280 306 320 328 347 349 358 369 387 388 401 410 420 463 479 496 509 526 544 563 566 574 586 596 609 620 624 639 652 671 672 718 720 779 795 799 822 843 853 908 910 943 944 997 
50 21 33 73 76 105 140 188 191 201 203 219 225 230 265 288 298 307 318 331 332 341 382 406 412 413 431 432 434 437 452 473 548 589 628 670 725 736 741 748 777 781 809 818 831 879 888 892 918 928 963 
49 7 13 14 18 28 58 100 110 121 197 206 217 235 239 250 290 302 305 310 367 398 414 434 461 469 491 502 507 543 561 594 620 622 640 706 727 757 787 788 843 873 902 907 915 921 922 932 979 992 
50 19 27 56 58 85 89 95 107 125 155 174 178 203 206 207 232 313 340 355 420 437 453 545 552 564 570 593 623 626 647 669 691 703 767 785 787 797 802 821 856 878 896 901 903 908 930 952 959 968 974 
45 10 77 86 92 93 112 136 145 182 254 286 289 303 309 322 365 417 450 465 492 497 508 532 586 619 639 665 670 687 708 711 726 770 772 802 841 847 862 890 905 930 947 948 959 980 
52 0 1 18 34 85 104 115 183 185 188 218 227 264 272 306 339 349 400 402 411 419 427 475 499 502 551 600 627 637 676 681 685 687 732 762 773 782 797 801 826 838 843 847 850 857 905 948 950 954 960 981 988 
54 0 28 67 91 104 109 111 116 119 142 145 184 229 255 309 368 406 427 454 465 489 491 494 516 561 605 609 611 615 627 673 674 686 690 755 769 777 780 785 808 816 817 855 878 882 904 905 908 911 914 934 938 957 961 
46 2 32 87 158 180 193 202 262 281 296 329 330 347 352 374 422 455 458 468 474 478 501 533 555 581 590 601 623 631 639 686 720 739 770 783 789 796 800 821 892 911 920 942 956 985 998 
52 0 3 14 56 75 76 122 128 133 135 139 149 158 182 198 203 265 349 361 366 384 390 411 419 439 463 484 518 545 560 573 574 580 597 635 692 698 706 710 738 768 802 808 857 858 869 891 896 899 944 948 951 
36 56 80 119 129 149 218 246 258 262 318 354 386 501 578 619 642 652 666 685 699 723 744 774 810 812 834 844 865 868 876 879 950 955 977 993 995 
42 20 51 53 54 67 116 131 161 168 173 183 201 231 240 256 287 322 337 378 381 419 432 458 497 503 508 562 563 583 594 596 683 702 757 769 834 842 844 881 891 909 965 
44 37 81 89 94 110 140 141 160 167 169 205 225 261 280 296 297 317 327 337 353 363 409 422 484 486 492 515 516 521 584 632 640 683 691 711 766 773 788 800 835 868 952 967 970 
48 1 33 69 71 78 88 89 91 115 131 143 163 278 293 302 340 427 429 444 458 459 472 514 561 587 589 602 607 609 648 654 691 697 724 771 787 813 830 836 888 900 915 921 953 959 966 983 996 
47 56 96 110 116 117 137 159 163 201 250 274 304 306 317 319 360 419 462 482 484 500 512 533 556 572 617 647 653 659 670 699 715 723 735 739 763 793 799 828 856 861 909 913 916 940 979 997 
45 27 46 59 65 68 95 109 123 127 136 153 196 242 255 273 285 287 304 327 332 344 353 390 425 495 536 567 575 606 638 679 686 690 691 794 803 821 824 834 841 851 882 946 977 995 
59 35 97 98 120 126 132 139 147 153 162 169 202 204 214 225 242 257 273 291 314 391 405 406 409 413 414 439 440 449 471 491 497 501 504 515 534 535 600 621 640 652 671 672 683 691 702 734 799 818 840 846 860 879 926 929 949 959 972 974 
43 5 8 13 15 20 28 57 88 99 106 125 226 237 258 304 337 349 360 378 433 447 562 570 600 606 608 626 648 751 794 802 812 813 816 820 831 847 849 854 865 894 901 984 
50 25 65 115 186 193 217 218 219 246 253 258 320 334 340 355 357 410 419 423 441 443 453 477 500 503 509 531 539 563 567 570 588 592 600 681 718 721 749 758 773 785 809 855 870 871 872 904 935 936 997 
42 19 46 93 97 148 166 170 189 197 213 221 226 248 294 304 312 338 368 411 424 443 460 524 537 584 658 675 684 687 715 769 772 781 835 836 855 864 880 910 914 950 994 
44 23 28 29 52 56 66 89 119 127 132 137 150 152 184 191 236 242 247 266 276 277 290 307 319 343 349 355 368 398 413 426 473 542 699 747 761 786 801 850 875 882 951 958 969 
55 13 27 29 50 63 75 107 108 118 130 171 262 265 282 297 317 332 342 348 353 360 426 484 499 510 543 552 560 567 586 598 602 612 621 667 713 734 746 754 776 838 844 861 875 892 912 918 929 933 940 943 957 970 974 977 
47 2 38 51 90 100 116 130 143 146 161 181 196 228 237 246 331 341 365 380 410 443 457 497 513 518 523 550 557 583 607 614 698 704 748 752 753 800 816 827 829 833 881 912 914 922 923 973 
41 106 108 123 140 240 252 269 286 294 320 344 352 389 403 414 442 444 513 528 547 574 602 623 639 677 700 712 734 759 767 789 801 805 808 828 854 868 869 889 961 964 
43 15 37 61 65 68 83 99 138 150 194 205 217 236 246 285 286 318 325 338 350 365 422 500 576 592 603 632 638 742 751 754 793 805 812 833 837 884 885 925 929 981 986 992 
52 3 27 71 83 92 107 180 183 189 230 273 277 316 344 413 431 433 452 461 516 532 536 576 583 591 619 621 660 683 713 724 726 752 765 769 773 797 799 809 819 838 853 856 870 878 880 902 933 946 953 974 982 
54 2 36 42 69 89 102 108 113 135 146 164 169 210 233 252 290 320 342 354 364 365 366 377 378 428 458 460 483 511 514 542 577 587 604 629 633 642 660 662 678 720 721 745 805 853 857 895 899 915 931 938 957 968 977 
51 3 31 33 37 50 113 164 179 204 229 242 263 265 275 276 303 338 340 376 385 398 399 412 413 419 452 506 515 520 540 550 557 565 574 582 587 653 661 673 675 722 734 749 772 773 813 831 842 919 935 994 
46 6 29 34 42 59 61 109 135 154 205 235 237 273 275 291 303 313 316 388 412 452 467 469 514 530 545 564 568 572 613 617 628 690 695 730 742 753 788 792 804 820 911 916 939 941 973 
52 57 65 88 100 135 142 151 153 176 179 188 193 199 208 210 234 246 258 268 278 288 293 321 410 422 453 456 468 505 538 582 629 707 713 740 758 789 805 848 854 876 897 914 919 923 929 937 941 968 986 987 988 
48 1 4 58 68 133 173 180 181 190 203 233 240 316 322 331 342 347 353 354 407 409 442 471 475 511 542 554 620 623 658 693 739 740 747 789 810 819 832 833 852 863 924 932 933 940 947 967 994 
45 0 34 46 65 134 164 176 179 202 240 262 298 356 365 379 393 410 412 416 462 467 469 478 496 499 525 565 570 584 609 635 683 706 709 760 778 800 826 902 916 939 940 949 953 994 
53 11 18 31 47 65 68 84 101 136 165 173 202 240 259 276 287 305 307 313 322 329 338 376 441 445 455 464 488 498 508 529 578 602 603 611 646 660 675 679 681 684 686 705 736 745 748 762 767 769 770 806 903 985 
43 16 66 72 77 81 102 165 185 194 237 257 266 303 305 325 381 387 401 449 497 579 583 615 617 626 631 679 699 716 728 750 756 771 803 815 830 879 907 922 959 971 984 988 
48 39 60 78 81 84 117 121 128 205 251 257 275 320 362 391 397 401 403 442 455 473 487 524 546 574 579 593 613 645 646 648 686 728 733 744 749 764 786 811 818 837 862 864 888 890 908 935 946 
52 35 44 55 82 85 99 120 122 123 137 148 258 265 267 304 322 336 344 356 391 397 398 417 449 460 490 493 501 504 517 536 553 563 603 626 648 663 692 728 750 751 758 778 857 881 892 936 939 948 982 990 993 
46 12 29 58 60 87 95 107 112 127 168 184 195 219 236 294 299 305 306 319 386 401 470 476 518 523 540 565 572 578 598 626 644 690 729 764 806 839 840 858 864 872 911 912 924 974 982 
48 0 20 37 43 114 118 176 177 210 214 235 259 303 307 308 352 361 368 391 403 405 415 424 505 509 522 523 535 563 567 596 631 638 644 650 660 695 696 702 705 801 806 843 868 908 947 957 962 
41 27 29 67 69 81 106 114 120 170 246 267 290 323 359 366 368 377 450 455 504 513 517 529 615 627 631 639 647 651 664 679 683 710 743 753 775 798 873 889 919 986 
47 39 49 53 71 76 86 118 125 165 185 197 250 257 277 282 302 310 319 333 339 368 413 438 480 504 508 563 579 607 622 640 658 676 684 719 742 768 775 806 823 841 853 870 884 891 896 978 
59 7 27 29 33 57 67 88 107 123 124 127 131 138 161 184 232 238 251 255 265 269 287 293 295 339 344 355 394 440 445 488 510 522 577 581 586 587 602 607 628 662 676 707 734 776 781 807 812 851 855 865 904 908 917 924 927 952 960 990 
48 2 5 94 141 148 160 180 182 197 269 291 299 323 344 396 400 419 422 426 488 528 551 586 628 664 667 699 707 740 790 802 806 820 827 856 870 876 885 919 920 930 937 947 950 958 977 980 983 
55 3 12 49 51 59 68 87 101 123 124 126 128 137 148 165 174 189 218 254 260 275 285 329 330 357 405 465 472 474 515 523 558 560 566 590 639 651 666 690 700 706 709 736 766 790 810 819 845 871 879 890 913 926 946 983 
54 9 12 17 64 90 93 142 149 156 190 251 306 308 319 339 354 360 364 407 412 419 433 434 453 494 506 513 514 520 528 584 640 649 652 661 670 683 688 689 693 706 745 784 794 800 859 892 905 927 934 959 966 982 987 
48 12 21 28 77 78 101 116 119 128 135 147 150 182 211 264 344 347 394 432 437 441 467 482 524 554 574 617 624 659 666 670 678 694 757 771 800 803 835 843 908 918 928 934 949 950 966 968 987 
50 15 57 68 78 111 121 137 162 164 187 197 204 217 219 271 273 275 285 318 345 348 358 359 361 375 398 467 471 475 489 521 524 537 576 591 600 611 618 670 714 748 756 772 777 784 864 888 904 926 950 
57 31 57 91 92 107 118 121 126 130 143 157 185 247 272 278 287 291 293 294 354 361 362 369 378 380 389 392 401 445 468 545 575 583 620 627 646 656 659 665 706 710 746 749 754 783 786 814 815 819 847 877 891 931 934 955 961 971 
35 31 44 47 66 79 217 219 228 231 294 309 327 392 406 454 469 489 492 513 552 569 575 640 678 679 736 739 790 857 859 863 880 883 901 965 
43 45 66 130 147 148 159 177 191 193 198 206 207 260 266 307 315 340 342 378 411 419 435 440 483 496 546 547 587 679 680 687 698 703 752 767 773 784 797 808 835 898 921 956 
57 4 20 48 49 59 60 124 150 151 154 184 214 222 240 241 249 262 288 294 346 359 374 400 437 475 481 510 513 558 567 576 588 612 618 619 635 660 663 735 736 788 791 799 806 845 854 883 885 921 923 924 961 965 972 974 978 981 
53 36 58 73 89 124 126 144 181 231 235 237 257 259 267 277 282 287 312 333 340 344 351 378 387 391 425 443 451 511 512 529 544 554 567 576 608 622 633 639 643 662 670 689 698 707 714 721 775 833 834 898 947 979 
55 22 26 40 92 95 99 106 115 172 174 179 213 308 320 337 344 372 409 411 431 432 433 447 462 472 477 518 519 546 564 566 628 634 636 657 700 708 731 735 738 747 755 764 776 780 785 821 845 855 859 879 909 936 944 966 
50 18 98 106 128 146 148 166 189 192 204 242 243 264 267 284 286 290 307 352 353 367 378 402 410 421 494 504 540 549 573 583 596 612 637 653 664 683 728 729 765 809 832 876 897 903 904 926 949 987 990 
52 3 4 29 72 89 98 118 137 149 171 185 204 226 236 253 277 293 309 319 337 346 348 356 442 503 517 524 534 538 583 617 622 625 632 641 655 661 693 719 759 777 791 808 821 839 840 845 857 907 910 946 989 
51 79 80 91 99 130 144 176 258 275 289 309 310 330 345 358 365 419 421 434 459 463 471 478 489 493 514 528 558 563 583 589 592 614 620 636 645 664 673 683 692 736 749 794 853 880 883 905 925 965 966 998 
52 7 44 46 83 96 102 120 132 140 149 152 192 231 320 374 377 392 393 397 399 422 433 462 471 473 489 510 554 566 576 585 625 626 634 641 652 683 703 773 776 794 799 817 826 844 856 868 896 899 963 978 989 
49 29 47 77 120 125 158 159 163 172 173 174 190 219 226 328 337 369 389 391 394 434 501 569 577 585 622 650 660 663 684 739 759 768 783 784 795 799 822 842 847 869 879 884 913 939 941 982 984 989 
55 15 18 31 32 87 112 115 123 144 169 180 216 245 275 292 297 360 377 384 395 407 417 464 472 473 480 482 493 495 500 507 512 514 528 545 576 585 661 701 719 722 732 747 756 760 789 795 803 839 871 882 906 909 960 983 
49 20 29 108 161 169 198 211 213 222 239 243 269 278 311 344 356 379 383 414 451 459 470 473 507 541 576 583 586 615 670 681 687 707 720 742 750 759 783 801 810 824 885 892 916 922 935 942 949 959 
49 0 10 39 43 75 116 121 127 139 145 171 189 213 218 233 246 273 281 302 316 346 389 474 489 496 575 581 584 605 614 727 738 743 771 781 785 798 806 823 841 845 868 869 888 903 913 952 984 996 
51 13 76 124 145 168 186 190 207 209 226 271 282 302 308 323 395 403 435 456 506 508 513 530 545 546 551 569 587 612 623 646 653 659 662 668 677 686 736 763 794 820 856 857 864 890 893 904 928 938 979 991 
44 31 35 53 125 154 213 225 229 248 252 288 324 362 405 416 440 456 463 479 536 571 576 621 647 663 664 670 672 673 676 683 723 765 833 844 847 854 860 889 894 936 965 968 992 
41 55 62 66 67 77 98 128 192 194 249 257 263 274 279 310 396 444 464 472 490 508 533 597 605 607 667 703 710 711 751 787 792 800 803 805 818 838 844 897 960 987 
47 4 14 15 60 70 93 179 195 226 245 246 259 276 339 346 355 358 364 367 388 393 408 419 425 466 477 492 494 506 527 572 631 663 675 734 745 746 776 798 816 851 859 903 934 959 979 987 
43 30 32 35 56 58 65 81 135 179 229 235 303 309 367 374 385 393 404 455 478 481 505 618 650 659 665 671 687 719 737 765 785 827 835 841 853 880 900 903 930 931 980 986 
48 16 49 81 98 105 122 148 156 160 235 248 292 327 341 359 362 397 399 403 415 446 485 534 549 556 557 559 608 628 647 665 674 693 698 702 704 706 710 711 755 770 837 846 894 897 964 969 975 
53 23 24 46 77 88 103 143 159 191 206 207 218 240 250 253 273 274 289 290 324 337 346 371 383 415 486 527 555 568 607 661 686 688 696 699 723 727 745 752 754 757 758 801 808 825 828 896 911 955 963 968 976 995 
50 123 138 139 140 167 259 260 274 282 293 301 319 347 384 389 392 410 421 470 491 492 515 532 548 550 590 643 646 649 650 664 680 682 684 734 737 741 742 745 751 797 821 834 843 884 906 935 956 962 968 
44 24 71 128 136 148 151 181 231 232 235 283 352 359 363 403 424 437 472 479 502 529 534 539 615 658 675 692 699 737 747 757 792 819 843 854 878 893 922 923 934 935 957 958 997 
38 20 21 27 30 37 49 106 205 248 295 320 343 353 401 404 496 509 515 535 546 583 625 647 655 700 707 772 798 869 873 882 889 895 908 924 942 960 988 
51 1 58 64 79 82 122 134 161 193 221 273 312 316 323 346 397 413 427 434 435 458 473 485 535 550 555 559 565 597 601 612 626 627 631 632 637 654 687 736 830 872 875 909 927 937 951 958 971 975 986 992 
47 21 66 70 82 99 104 117 121 126 139 160 170 179 187 212 224 247 256 309 333 336 338 343 363 382 418 523 534 562 585 629 683 693 698 703 719 728 766 778 785 807 822 828 836 870 871 872 
52 4 12 40 48 111 126 150 156 163 199 215 263 276 301 329 339 366 370 374 375 394 450 464 476 494 531 538 539 546 552 564 574 586 607 614 626 703 751 770 779 823 834 836 841 850 858 875 935 957 972 978 996 
40 79 109 158 188 215 217 236 252 276 307 311 338 351 428 429 433 439 502 509 575 578 617 689 700 744 751 754 761 767 786 798 829 846 902 910 937 947 949 964 980 
63 5 25 43 44 56 58 66 70 82 94 122 158 164 167 170 239 306 413 433 437 459 465 477 486 489 497 498 507 539 540 544 554 575 579 591 632 640 647 648 649 664 691 710 737 754 768 770 791 809 822 826 832 845 862 866 887 903 905 910 941 966 970 978 
49 5 30 42 117 151 158 196 206 207 217 223 228 239 263 273 283 289 308 323 430 432 504 514 553 557 567 589 596 617 649 650 673 687 690 696 766 778 782 805 849 857 866 879 903 916 919 936 938 974 
41 42 44 76 114 120 123 144 169 195 208 229 235 252 325 329 374 429 471 474 477 489 507 563 567 585 597 666 670 677 711 762 767 792 793 834 836 853 888 907 917 922 
52 3 60 65 92 109 136 153 170 172 173 208 229 236 238 265 272 311 339 376 391 392 398 446 480 500 541 555 612 642 646 654 658 670 701 708 714 719 724 752 761 843 848 909 938 939 941 947 955 957 967 981 983 
47 0 17 48 141 144 151 170 176 202 244 249 255 269 273 297 316 344 400 406 414 416 436 445 451 470 484 486 499 513 548 564 659 709 727 754 759 762 786 787 807 829 840 870 874 904 906 963 
61 10 42 43 83 99 149 157 166 172 178 184 202 207 228 229 236 243 283 284 292 306 309 321 341 383 398 448 452 454 459 486 517 531 585 599 618 624 632 665 695 702 706 713 744 772 774 811 832 842 844 849 855 864 865 867 903 932 936 953 984 985 
43 0 13 47 90 102 117 138 153 217 227 230 262 273 282 311 358 364 388 399 443 450 492 501 505 514 535 537 551 669 775 794 846 851 866 873 887 910 917 923 924 958 962 984 
45 5 15 51 87 121 146 162 216 232 253 257 279 348 365 366 398 402 421 443 450 457 460 472 473 508 510 513 521 584 613 641 646 651 670 694 724 763 797 816 823 850 910 921 930 931 
44 0 20 76 108 118 125 136 186 190 227 229 301 309 367 383 393 407 454 469 538 542 601 603 623 634 636 647 701 719 741 753 764 783 787 839 840 866 869 889 910 935 953 978 990 
53 4 49 76 77 91 101 125 137 143 150 157 191 217 320 323 326 353 370 436 439 455 479 498 559 576 586 611 630 643 668 706 708 738 743 748 752 754 775 783 824 838 855 900 946 947 964 966 968 975 983 984 993 997 
50 21 33 38 39 43 79 80 143 145 154 235 257 263 291 302 343 391 427 440 446 467 505 535 552 585 587 597 641 655 659 672 686 687 688 715 753 780 787 792 803 809 835 858 870 877 881 908 944 965 971 
37 11 30 53 90 97 101 105 136 188 211 318 376 386 392 471 529 549 557 571 576 592 608 697 708 735 737 756 759 763 785 797 869 915 934 948 962 997 
47 2 45 61 94 139 146 157 180 208 223 232 268 293 321 328 342 350 390 424 452 459 472 516 526 528 533 556 559 574 596 603 635 662 673 722 774 787 788 876 883 889 921 926 929 975 991 999 
61 9 58 134 168 179 191 203 209 216 230 234 249 261 270 280 313 330 337 345 357 366 385 388 397 420 424 448 461 464 485 499 516 529 547 565 578 580 594 604 617 631 633 658 671 674 695 734 741 743 754 769 820 828 839 877 886 897 900 921 943 970 
51 22 28 44 81 83 146 155 193 197 217 237 242 339 341 377 379 395 398 432 444 450 466 475 495 499 502 510 522 542 558 565 574 593 616 643 658 667 680 691 720 744 748 761 767 790 806 834 861 862 932 958 
55 1 11 29 42 62 65 78 105 125 135 162 175 191 199 206 227 237 240 251 274 302 315 338 368 389 397 399 409 454 505 513 519 576 595 604 610 623 629 639 673 690 711 725 726 787 789 812 821 872 913 922 931 960 967 984 
53 24 45 53 56 76 81 105 119 126 133 140 147 158 197 214 248 262 306 331 338 352 363 364 415 470 485 492 500 596 603 605 619 626 627 656 667 674 680 693 712 756 778 806 817 825 833 848 886 912 925 926 943 962 
54 25 43 46 63 121 157 217 225 234 253 293 300 333 345 347 375 376 389 409 421 423 428 522 525 561 564 588 604 613 615 620 634 706 707 775 784 811 819 825 841 844 845 862 868 880 884 887 898 902 911 916 935 969 974 
46 146 175 225 226 228 229 240 241 278 289 295 306 349 379 393 405 412 442 506 538 540 585 640 652 659 670 699 708 735 741 750 755 767 802 815 829 847 854 862 868 884 913 938 940 948 981 
33 62 76 100 135 139 185 190 200 244 264 293 319 328 339 452 487 536 565 574 580 589 598 613 674 688 749 758 762 811 863 875 957 986 
43 44 87 97 103 117 118 123 173 176 183 222 226 238 303 324 354 358 366 376 411 435 460 485 488 513 547 567 591 641 711 722 742 750 759 774 825 836 851 927 928 965 970 980 
51 1 32 59 106 116 161 167 183 198 199 218 220 266 267 270 280 281 295 329 345 377 397 410 451 455 469 509 539 568 588 595 603 605 649 710 729 737 746 753 761 782 788 837 840 845 860 863 871 892 909 973 
44 5 11 15 39 46 65 67 77 101 120 121 183 198 216 225 322 353 385 402 437 453 461 469 499 516 523 539 550 551 594 596 604 709 724 786 806 823 852 864 882 939 965 970 988 
49 0 9 136 148 159 166 187 188 225 248 252 259 264 275 291 301 308 311 312 313 354 387 421 457 461 462 486 499 538 570 577 588 606 611 698 706 714 720 724 739 767 782 869 874 902 908 914 949 976 
51 1 15 38 66 78 85 89 100 101 187 205 266 316 324 329 330 335 353 425 476 494 508 513 554 568 589 605 645 665 671 681 724 742 751 757 804 849 855 909 914 920 924 936 940 941 946 947 951 952 983 999 
49 30 57 94 123 147 168 170 173 184 187 194 212 235 247 260 271 328 332 365 374 408 416 423 428 458 480 483 525 556 584 605 633 652 670 681 717 720 768 796 802 817 829 849 856 878 890 932 942 955 
