200 1000
300 782
337 488
700 1160
260 602
484 648
31 149
63 140
295 1290
85 645
505 1438
70 971
649 856
382 1365
115 636
917 1904
373 626
25 132
421 605
564 1415
664 1215
851 1095
508 1063
296 687
267 1201
119 675
908 1799
67 73
732 1048
733 1163
754 1210
308 847
362 823
282 1195
869 1810
458 822
308 1001
67 415
709 1677
269 366
716 1153
420 971
932 1531
225 1040
685 1354
784 1185
153 270
641 1473
122 768
524 1264
425 1278
606 1044
470 593
24 310
863 1513
44 882
427 1259
460 1120
971 1684
174 959
263 946
829 1032
292 1274
679 1570
574 1357
262 742
818 1811
217 742
487 1373
276 372
905 1139
982 1215
262 834
492 677
847 964
882 1296
364 1286
162 488
804 1156
706 1573
82 511
699 790
133 652
108 968
744 1586
382 478
964 1127
371 1259
308 1145
854 1295
382 927
671 733
524 827
681 1293
472 1083
624 893
686 1636
435 531
610 1303
877 1483
263 427
675 999
808 1749
348 1243
467 654
468 902
626 829
498 1324
83 907
82 681
993 1586
497 1337
298 359
143 755
204 630
122 1006
334 1119
418 586
238 1171
156 245
660 1272
557 623
737 875
489 495
278 1239
5 141
835 1149
54 866
428 509
55 357
845 1438
592 1435
125 858
806 1761
231 1073
966 1014
229 740
627 1322
255 625
795 1628
138 270
746 1349
460 506
643 731
707 1220
376 919
715 811
358 534
603 1099
778 1453
439 1263
118 163
668 713
672 1646
653 924
153 411
403 616
295 516
318 1085
831 881
961 1860
407 583
301 975
983 1457
98 583
168 632
632 1336
500 1484
91 440
337 653
51 870
148 896
1 749
718 1461
115 982
33 886
395 675
429 1121
413 713
292 1258
483 642
630 908
120 132
409 749
198 506
982 1084
892 1074
878 1583
782 1335
529 1338
184 1108
486 589
849 954
970 1853
933 1635
103 198
656 818
977 1507
393 1182
345 1322
333 666
781 1690
994 1643
500 1353
477 528
955 1128
536 1186
800 1565
310 922
833 1125
710 1572
147 1015
601 1119
146 223
343 1204
966 1269
910 1484
768 983
328 755
768 1093
219 1013
740 741
286 826
344 1036
154 422
312 682
130 674
703 1132
660 714
257 1014
836 865
288 1249
51 847
232 444
436 669
99 941
646 1065
352 1206
216 745
846 1168
523 1297
111 640
827 827
366 808
926 1059
598 1520
145 392
258 515
410 967
621 1453
654 1121
227 929
640 1300
269 596
163 1123
320 525
939 949
531 1131
43 459
294 887
321 668
993 1570
798 1158
138 378
209 1065
273 492
545 1178
448 1113
999 1035
100 228
878 1069
171 933
881 1224
386 1160
998 1059
210 516
24 436
691 1003
955 1571
124 344
891 1413
81 367
193 824
37 670
12 454
892 1864
164 567
252 332
970 1219
662 972
743 1659
387 1234
935 1011
342 809
327 700
979 1575
565 641
660 1640
109 598
607 844
307 1027
136 1125
774 1479
687 737
72 739
594 1266
804 1063
94 756
572 914
726 1560
355 1334
298 479
826 1295
554 664
144 776
167 1030
66 464
999 1713
167 414
319 1038
640 790
928 1444
775 1445
844 1638
856 1079
124 378
821 1535
442 650
905 1564
214 1128
626 628
887 1024
505 802
131 1085
544 958
24 834
664 904
655 1475
170 441
136 735
829 1037
935 1381
698 723
700 1267
308 378
112 615
361 581
92 722
336 1068
944 1371
217 517
685 831
325 456
174 859
190 1075
761 1606
402 1209
731 865
448 1260
962 1916
264 361
628 933
760 1737
894 1067
241 539
420 1088
638 686
528 1367
535 1153
31 766
186 1122
329 779
381 866
966 1318
558 755
359 1073
615 1010
746 1293
23 507
904 1889
652 1011
50 614
605 1378
727 1060
392 1073
581 795
266 858
889 957
226 396
82 219
428 672
230 542
343 444
46 95
210 607
338 836
569 811
501 843
390 1002
187 301
882 1486
329 774
845 1539
481 680
783 1002
404 922
527 564
946 1648
524 1175
797 1303
780 1427
950 1726
489 1359
643 1331
329 516
51 697
738 946
185 195
549 1296
783 1738
587 653
351 1135
317 704
861 1742
869 1568
580 1400
630 1288
671 896
686 920
191 850
967 999
885 1074
984 1267
331 577
372 577
704 1213
920 1157
842 1211
798 846
160 926
784 1343
524 721
442 746
450 798
798 1018
627 1349
0 86
306 454
803 1629
914 1740
51 587
549 1312
394 987
714 1500
914 1096
414 717
548 867
879 1116
70 806
427 1259
160 824
139 629
148 660
878 885
461 676
181 244
599 617
188 854
26 117
885 1508
630 1210
964 1577
467 1261
725 1511
689 1216
887 1339
778 889
665 722
768 958
32 62
115 756
449 1266
82 753
57 368
205 1084
80 585
881 1588
793 1687
516 848
267 827
305 1295
530 590
454 602
2 413
382 533
836 1383
43 617
313 1097
945 1336
188 671
897 979
221 592
516 925
917 1840
288 967
227 987
321 1293
142 967
680 1110
638 1280
214 255
297 926
166 977
207 641
855 1784
83 782
345 352
931 1580
855 1055
758 1178
698 1636
971 1246
751 899
901 1153
1000 1413
272 1136
973 1289
176 307
967 1025
797 1318
254 799
646 967
112 360
458 862
622 970
547 569
644 886
407 1271
786 1275
877 1474
578 1183
374 1119
363 450
210 233
259 508
951 1452
229 609
858 1150
31 413
338 797
761 1290
599 746
611 1145
550 1404
5 616
409 1052
268 488
684 1596
373 1149
176 836
888 1545
533 992
978 1851
370 1366
714 1320
24 151
233 679
865 1268
832 1268
902 1459
926 1073
685 715
413 456
622 1245
515 1251
872 1293
323 386
213 534
608 1206
893 1293
288 1165
677 707
623 1162
32 940
907 1141
36 348
83 757
773 1044
106 483
823 1645
216 671
881 1540
468 855
907 1307
182 862
159 587
825 1760
871 1681
71 181
273 313
711 1020
428 1322
114 942
738 1118
265 521
183 703
289 985
136 1056
659 1288
709 1022
775 1583
939 991
297 556
527 829
819 1582
99 834
977 1493
868 1727
285 826
407 608
137 365
593 1286
723 839
244 266
712 1528
468 905
450 606
671 721
59 1028
202 808
958 1484
449 1319
181 1074
804 1090
756 1410
336 962
756 857
42 1021
731 1497
563 1022
672 1492
279 803
3 94
628 1135
94 382
864 1805
624 770
359 384
306 590
62 427
377 714
917 1229
474 1137
701 945
125 997
143 329
916 1913
375 1333
414 1085
238 284
897 1155
541 724
863 980
926 1483
731 1344
92 202
588 753
845 1668
762 1629
91 184
199 1156
155 514
451 1396
53 1049
953 1262
184 243
410 1069
8 545
582 1509
640 1000
946 1180
18 97
116 752
407 900
644 916
893 1104
513 1047
395 1353
25 514
70 635
527 1160
800 1535
324 594
142 649
248 852
395 594
434 780
51 381
116 759
905 1182
418 757
827 1339
989 1563
221 955
336 801
433 1015
835 1338
511 1150
223 528
125 635
172 858
555 940
976 1333
403 506
325 711
936 1128
442 1238
893 1411
258 1235
803 1172
314 509
621 674
344 512
507 1262
844 1023
310 757
64 431
55 343
77 626
803 1598
961 1180
464 707
539 1149
349 426
870 1002
950 1604
267 1115
279 588
684 735
281 470
521 786
737 1170
249 361
107 772
844 1187
663 786
637 1175
920 1704
993 1598
686 777
166 848
485 1272
441 714
346 744
77 587
897 1646
800 1371
629 1271
232 1057
590 1002
177 851
302 1004
976 1457
428 759
769 1426
287 820
199 989
444 1001
133 639
710 1230
948 1663
895 913
197 683
20 313
914 1604
550 1096
723 781
261 1078
490 1024
123 858
612 999
611 1504
916 988
282 1131
158 905
131 983
360 1312
713 1524
391 786
967 1363
392 990
691 963
796 843
407 749
884 1190
612 915
908 1717
706 1447
284 761
99 587
158 309
599 1322
495 720
194 986
302 1243
830 884
283 347
189 694
759 1252
850 1482
613 1542
241 673
759 1510
670 950
696 1174
396 614
853 1306
723 1323
928 1456
793 1563
922 1609
727 1560
704 1082
119 424
40 142
588 1395
883 1801
818 1746
954 1928
823 1796
651 1404
82 364
685 1242
14 769
594 1333
807 1408
711 1459
111 974
23 858
594 1405
443 663
199 926
474 855
571 1523
719 1422
571 640
490 783
136 645
33 859
486 992
12 492
201 301
293 527
779 789
155 387
453 942
790 1002
450 977
826 1305
380 1060
786 1295
760 1518
579 969
328 1289
768 1395
486 641
74 346
929 958
239 1108
22 201
669 1569
855 1737
916 1813
261 1189
795 796
66 584
650 689
871 1129
776 1301
75 376
193 829
190 935
517 980
4 540
772 1328
876 1067
834 1017
586 1092
986 1545
55 683
216 543
68 781
700 1149
374 1061
750 1026
551 805
430 691
330 1282
832 991
867 1153
316 1170
467 969
440 986
685 833
543 659
585 1230
590 1093
385 1239
432 1068
690 1185
394 1301
11 204
137 857
723 1716
35 88
283 595
518 1174
495 1090
137 403
247 1188
372 393
497 598
401 819
913 1285
621 1509
285 828
810 1691
891 1528
737 913
219 1170
739 1562
294 464
466 685
227 652
684 1133
179 270
24 163
992 1011
838 1576
240 518
566 1497
836 1284
226 389
470 831
862 1336
615 649
885 1147
315 535
456 1155
193 921
383 925
538 1420
289 1160
265 1032
685 924
55 177
471 863
382 774
257 1045
543 1315
484 827
26 598
585 700
450 699
447 1371
281 877
277 812
855 1240
507 937
292 477
909 1328
210 1178
705 1272
718 1471
28 722
342 667
509 570
336 506
667 987
585 1021
83 154
388 565
933 1722
233 684
611 1192
711 1570
629 1437
333 515
560 780
458 835
492 1417
729 972
787 1337
27 560
327 811
806 1725
785 1775
399 771
723 1375
366 878
305 680
17 90 213 229 288 350 415 487 490 517 566 719 720 734 752 767 927 989 
18 21 46 98 191 298 321 339 499 618 627 639 662 708 735 795 843 929 969 
26 1 36 55 114 150 159 177 181 217 227 344 387 586 587 606 613 628 634 635 672 756 792 799 848 872 928 
15 1 92 124 327 333 336 390 401 558 696 702 732 780 789 908 
23 17 80 84 115 164 260 276 279 289 330 337 352 399 505 539 556 589 652 711 714 801 883 977 
17 13 50 77 199 235 316 331 468 494 577 700 711 789 821 829 838 987 
19 77 128 434 458 490 511 547 550 575 639 642 647 651 812 915 947 953 982 998 
17 119 149 275 277 378 388 436 492 506 536 567 607 620 709 769 907 934 
19 52 58 135 138 177 213 257 287 306 327 475 631 654 734 757 792 879 885 948 
18 2 5 63 100 103 143 179 275 401 421 537 599 634 637 693 730 888 941 
16 65 117 254 277 433 462 479 554 575 633 668 673 687 750 882 963 
22 2 23 28 44 59 73 116 135 161 231 317 370 399 420 432 459 611 658 659 778 799 834 
11 13 135 384 388 425 545 701 777 788 830 969 
15 67 98 204 274 363 422 542 558 568 608 637 641 692 835 857 
24 48 126 148 180 184 227 331 374 425 435 436 485 513 569 593 600 807 813 817 826 873 902 959 971 
18 85 241 353 364 404 417 427 448 546 564 597 651 681 683 779 828 851 864 
25 5 16 32 114 171 179 201 224 296 297 316 389 450 525 527 546 594 653 679 708 742 800 803 890 929 
19 0 79 97 121 145 161 327 393 413 444 459 500 588 621 680 690 806 840 844 
14 14 96 111 174 252 323 420 453 604 714 745 784 842 988 
17 35 124 143 184 194 218 272 302 370 398 399 582 621 624 680 725 968 
11 43 108 124 148 186 455 579 672 677 803 896 
19 56 79 115 157 171 266 286 293 312 337 389 400 454 475 491 559 628 681 752 
20 15 18 62 66 81 84 304 370 428 438 451 559 619 629 630 646 680 751 846 930 
30 105 109 128 140 179 197 212 226 243 369 395 396 409 471 486 499 597 628 635 640 689 724 776 831 851 914 955 982 990 992 
25 72 117 121 147 158 163 182 208 321 364 376 469 470 516 659 666 706 746 854 879 882 930 935 936 983 
17 27 51 146 164 176 187 316 322 324 329 467 530 694 735 781 807 972 
18 34 137 193 293 311 314 338 351 509 555 584 626 670 679 723 783 838 950 
15 11 278 301 306 449 477 550 602 624 643 686 756 820 870 991 
20 31 33 66 69 98 105 159 449 459 478 532 584 611 617 673 712 755 860 908 934 
21 70 110 114 257 267 275 365 517 522 607 635 667 727 767 853 858 915 920 923 927 985 
18 10 47 120 130 140 196 265 278 375 446 567 570 693 701 864 873 903 936 
29 0 16 19 36 83 131 162 183 301 321 357 389 418 534 552 556 565 568 584 644 729 731 745 770 775 785 903 904 981 
17 10 95 154 180 245 397 411 445 469 555 605 622 706 713 813 888 913 
12 134 274 277 334 401 498 499 541 602 665 735 868 
25 38 42 197 204 237 344 364 404 420 473 535 619 639 646 650 671 721 830 864 898 953 958 960 967 988 
21 15 34 114 209 223 278 310 323 352 441 446 480 484 554 611 663 672 699 866 951 989 
25 90 154 197 250 295 309 371 461 462 542 579 596 599 609 707 747 750 760 767 775 818 845 862 870 923 
24 62 66 97 227 241 244 247 280 300 335 373 387 442 469 483 605 618 684 741 838 868 947 957 965 
30 7 82 136 198 233 237 238 251 294 330 344 369 458 526 558 651 734 752 775 776 819 843 870 881 882 884 917 935 946 955 
29 43 79 144 194 205 215 290 319 333 376 413 529 556 622 628 636 647 656 663 741 799 810 867 879 925 941 951 966 983 
23 37 45 71 94 144 275 306 316 341 363 398 501 644 651 690 699 761 772 799 807 939 961 976 
15 120 221 257 343 357 466 483 557 651 691 698 798 836 897 961 
22 76 123 184 324 331 345 380 452 476 512 577 589 591 626 652 690 773 819 820 836 920 985 
19 34 43 65 106 197 198 249 341 354 397 412 455 534 631 754 840 862 872 934 
24 17 160 169 295 329 377 405 465 576 585 632 650 654 680 686 705 708 711 758 820 874 924 938 948 
20 18 121 162 205 247 312 341 410 444 453 529 574 578 611 628 727 822 835 863 984 
23 13 28 124 185 235 239 366 454 493 602 620 626 666 732 742 748 769 808 839 843 861 866 967 
13 76 225 314 320 344 388 618 776 785 837 936 957 960 
21 12 65 200 234 296 346 354 403 408 494 596 606 655 682 720 725 733 891 948 967 989 
21 45 175 227 290 298 317 338 356 358 501 583 653 739 776 834 868 869 876 920 966 996 
21 20 82 122 157 190 193 198 199 219 246 403 414 418 530 617 698 716 745 794 832 857 
22 77 130 166 177 211 218 251 258 318 340 381 428 439 511 534 535 557 669 752 854 965 981 
20 19 29 104 115 153 208 219 222 293 378 387 482 523 686 747 767 826 926 986 991 
19 119 121 124 153 157 262 295 318 338 456 495 567 596 699 701 738 777 821 990 
15 60 121 319 322 361 378 391 661 686 722 876 902 910 960 999 
24 77 88 107 129 162 170 226 232 265 389 410 416 500 640 648 713 793 827 829 853 871 913 967 972 
19 115 198 246 328 386 407 413 430 563 572 597 649 741 743 809 835 880 909 926 
18 126 143 207 249 270 441 469 489 535 540 545 649 658 674 681 775 779 784 
18 84 150 207 270 342 350 545 588 590 603 650 709 717 721 769 786 957 981 
27 25 99 230 253 273 295 398 424 448 501 557 571 596 600 658 700 717 725 741 748 752 765 791 824 957 966 980 
23 12 13 18 20 178 228 261 363 364 380 388 443 450 474 508 557 584 605 626 632 652 799 869 
19 89 100 139 152 256 311 334 369 424 453 469 508 537 559 575 685 739 822 930 
26 46 81 136 179 209 210 240 348 380 426 469 550 560 578 583 626 643 647 719 797 827 894 972 975 981 995 
17 29 71 127 137 146 147 162 201 317 436 513 638 759 933 949 954 963 
29 7 13 52 66 89 95 187 233 353 368 373 423 487 523 575 691 694 773 798 848 850 853 875 937 950 962 985 986 987 
25 16 35 79 185 284 335 339 438 462 499 502 540 580 623 627 719 787 814 847 870 889 919 941 965 983 
15 27 157 212 258 307 381 421 570 587 706 792 849 891 928 946 
30 27 59 77 126 220 248 352 363 435 453 499 516 527 558 578 598 618 646 648 739 782 795 818 848 865 894 957 965 970 982 
16 102 199 242 286 312 344 489 504 545 564 692 695 789 801 922 991 
17 54 65 162 167 206 362 387 415 530 640 711 736 815 829 863 919 968 
21 42 125 151 184 225 278 296 306 332 400 446 541 560 594 648 685 698 786 850 890 919 
13 12 97 114 307 401 432 465 467 472 524 561 647 921 
14 20 258 277 329 337 394 475 533 561 618 660 813 926 946 
14 51 248 273 359 575 672 679 709 724 845 852 865 871 960 
18 0 29 78 122 268 299 390 411 502 505 548 612 659 704 781 892 902 928 
25 0 3 17 28 49 50 113 147 159 260 273 325 447 508 602 710 720 722 726 827 834 868 902 957 971 
24 17 114 206 301 316 327 330 331 344 355 382 383 385 491 523 568 661 719 770 797 809 858 909 990 
17 6 31 44 121 281 356 358 443 454 707 748 755 809 819 830 871 908 
20 12 39 91 166 173 254 392 426 451 460 493 538 554 581 606 668 702 808 834 881 
25 61 108 109 266 269 288 329 349 358 367 377 434 466 472 486 503 583 586 672 684 690 744 746 837 967 
22 23 24 71 203 292 319 416 474 491 540 562 581 586 665 676 700 755 758 839 863 993 997 
21 8 23 78 146 265 267 294 384 500 529 531 555 603 642 671 743 767 879 901 986 987 
15 88 121 208 268 421 442 604 672 766 806 849 920 924 943 994 
18 12 46 72 184 251 257 265 546 562 596 604 697 703 718 738 752 845 921 
26 60 91 93 215 247 295 361 363 376 420 426 445 489 598 627 660 708 723 728 739 754 760 844 877 974 987 
23 4 30 123 148 219 262 266 304 349 402 419 515 563 584 592 622 630 641 653 726 808 892 935 
20 192 274 352 354 395 401 435 527 534 563 684 710 800 834 835 840 875 923 936 950 
27 41 57 78 97 130 142 208 241 250 294 348 390 490 493 509 523 524 537 585 597 669 787 809 810 819 849 911 
18 19 29 86 121 178 269 273 359 419 423 424 433 483 658 681 753 855 865 
20 44 57 147 192 238 258 321 463 539 542 547 569 696 712 751 774 793 926 981 989 
16 53 73 176 246 327 359 402 471 496 660 721 746 792 912 922 926 
15 6 27 151 191 237 255 313 379 576 770 771 835 856 917 975 
18 65 107 128 188 239 276 289 410 451 488 506 551 619 631 684 772 855 893 
19 9 42 81 92 218 266 367 433 449 457 548 580 671 706 760 788 791 927 944 
19 5 40 83 160 311 340 400 405 442 489 558 777 833 853 868 869 936 944 979 
23 5 43 85 157 158 175 226 236 273 410 536 541 585 675 785 876 887 910 920 931 935 976 994 
20 12 62 81 92 206 218 283 287 354 374 402 407 481 557 646 833 858 871 874 887 
17 2 247 513 518 520 528 548 568 605 617 673 785 812 916 981 992 997 
24 98 107 114 294 334 344 367 387 391 432 443 447 464 492 510 570 655 728 887 902 939 947 949 965 
25 18 74 97 149 190 265 285 399 475 494 560 598 627 629 633 683 719 723 754 764 895 901 905 929 932 
23 49 182 221 235 305 387 451 484 515 534 619 685 753 770 811 820 831 843 864 898 934 940 941 
29 3 90 126 160 188 210 238 241 349 387 389 424 462 470 508 538 576 589 596 609 617 673 718 722 777 797 911 943 995 
13 80 141 189 202 300 414 434 450 476 736 778 888 959 
18 28 110 217 244 292 303 305 405 410 501 556 593 617 720 750 905 906 919 
20 78 105 123 147 178 202 230 438 455 592 652 767 798 823 859 878 928 946 958 970 
20 4 79 81 138 180 286 302 323 413 461 497 509 639 670 800 836 863 899 958 974 
29 0 78 102 115 181 190 272 310 346 412 427 473 500 549 626 634 678 686 687 727 768 798 801 841 843 849 856 904 954 
19 1 70 89 112 117 139 308 427 456 489 495 515 556 688 779 781 854 908 918 
23 8 95 183 185 259 296 332 380 419 458 472 554 579 601 623 637 639 688 784 787 802 938 990 
23 1 2 75 80 135 148 201 202 346 353 368 392 412 439 577 685 706 707 771 800 890 893 947 
20 61 83 119 148 259 261 355 619 649 667 686 698 742 808 810 844 875 881 968 996 
14 47 50 158 165 174 203 231 240 376 509 596 750 844 890 
17 88 141 163 280 294 296 319 340 406 515 518 588 640 768 802 838 975 
15 65 66 77 87 89 131 274 460 603 647 653 692 783 835 971 
20 90 136 160 275 310 318 358 464 484 560 566 670 713 725 737 797 826 861 909 910 
19 56 122 138 152 195 279 329 360 392 494 565 607 633 679 688 691 790 805 968 
26 31 152 154 161 204 212 228 242 394 403 406 411 437 471 600 640 649 692 703 797 819 845 927 958 967 970 
18 3 28 94 106 225 236 374 561 569 606 607 647 790 810 814 821 847 855 
18 68 185 217 220 261 440 446 499 508 564 584 587 749 768 806 869 902 935 
16 19 168 187 214 225 253 301 309 365 412 539 658 687 773 918 992 
19 15 32 51 87 136 145 151 186 246 265 276 311 341 346 365 411 789 801 966 
25 16 34 75 132 259 282 319 338 423 510 552 565 597 611 621 710 775 841 874 900 912 927 942 943 969 
16 101 143 195 236 247 342 366 457 555 583 603 704 753 759 879 919 
20 106 122 248 286 297 402 410 524 576 623 639 699 735 757 767 801 804 826 855 887 
22 33 64 82 103 145 196 217 238 285 286 317 366 602 636 743 751 793 828 880 925 985 988 
21 105 181 233 279 429 432 459 574 583 619 621 683 753 798 872 878 884 932 949 953 982 
20 27 150 159 211 232 248 322 355 458 483 578 632 645 676 804 853 856 891 915 939 
27 2 29 33 37 55 159 179 204 276 281 339 343 375 398 405 411 421 450 504 513 546 555 591 671 721 840 992 
21 10 56 135 146 235 279 302 315 389 463 551 566 567 689 726 759 786 821 913 916 945 
21 58 135 139 155 173 190 205 268 289 417 419 503 580 629 709 710 764 787 889 973 984 
25 74 182 194 316 330 338 355 360 404 406 471 473 511 544 738 740 746 787 818 828 852 864 932 933 942 
15 46 68 240 259 359 366 388 464 496 569 588 683 706 708 906 
20 9 26 170 276 328 339 375 452 498 526 581 602 604 648 675 682 693 736 744 987 
15 76 236 376 387 448 497 583 615 698 714 729 831 905 958 977 
20 60 76 84 249 394 400 402 452 476 525 612 688 742 749 761 834 862 863 937 949 
22 31 42 78 116 121 122 136 149 301 323 345 397 413 490 540 663 685 751 879 900 940 982 
18 93 111 186 192 516 535 566 571 641 691 761 811 839 842 862 912 913 982 
21 1 118 211 235 302 307 353 365 403 508 564 596 633 641 646 689 694 843 908 952 964 
15 76 116 320 368 379 452 506 514 519 526 664 679 683 747 776 
16 30 48 80 81 123 200 273 318 337 436 477 564 582 771 853 872 
29 32 58 122 140 158 186 239 249 254 267 288 362 390 437 444 488 510 591 604 660 678 709 775 778 810 908 914 926 946 
20 8 149 163 299 345 395 419 423 638 664 665 698 738 791 871 883 928 950 952 968 
23 47 48 56 122 125 127 136 255 260 328 403 461 472 474 523 639 667 691 706 791 818 881 983 
17 59 91 414 432 504 513 649 650 662 683 684 744 785 802 904 934 958 
17 25 79 99 125 145 180 345 433 440 620 659 670 696 750 934 973 984 
26 14 58 204 217 220 271 281 317 348 352 357 378 463 489 517 525 539 574 590 670 712 745 758 785 888 929 
24 58 105 118 157 246 274 291 293 297 353 372 374 381 400 444 551 583 617 626 707 749 763 812 963 
11 45 217 220 393 409 552 575 676 679 857 965 
17 49 67 185 189 207 260 265 313 338 343 374 701 768 838 892 921 951 
19 56 145 146 155 240 347 399 473 514 628 797 811 883 921 922 923 965 970 978 
24 27 57 87 124 127 144 236 264 269 273 288 309 351 374 512 538 574 632 644 670 690 701 719 837 
21 38 93 307 322 345 429 432 433 479 516 627 635 657 723 737 760 775 788 846 944 971 
25 26 106 125 149 167 187 188 204 242 243 263 284 356 367 573 583 596 634 654 664 728 756 806 832 984 
22 2 87 118 169 191 225 273 293 308 445 499 519 525 534 620 625 636 839 842 856 905 911 
22 85 132 173 287 306 366 421 422 434 478 492 524 585 614 685 736 790 853 885 904 925 965 
20 82 128 141 151 231 388 397 471 489 510 622 630 642 702 768 844 859 893 959 986 
18 45 116 166 172 176 327 372 391 502 586 646 668 797 880 940 982 986 993 
17 115 144 245 294 379 385 404 492 512 574 662 700 721 746 794 907 983 
22 32 109 158 161 210 243 267 274 377 460 476 507 541 574 687 743 754 784 808 822 919 938 
24 1 4 44 117 133 137 222 232 247 279 303 579 614 720 747 770 788 811 825 836 888 910 946 993 
18 80 153 165 184 271 396 454 509 549 611 648 660 677 762 790 902 931 972 
14 123 214 228 470 572 574 652 671 756 828 844 894 935 988 
22 53 70 79 188 278 306 447 490 509 528 608 702 707 715 783 802 804 805 841 889 961 984 
23 6 13 69 179 225 337 347 364 407 479 504 566 663 675 744 748 803 816 857 903 958 972 984 
19 57 61 68 76 135 179 235 308 367 383 478 618 661 687 756 827 853 884 930 
18 12 48 76 121 163 235 342 397 398 442 486 534 545 674 695 715 962 966 
23 15 22 46 94 189 252 326 340 347 371 377 415 554 603 662 684 688 694 750 753 824 896 959 
22 137 164 275 393 491 493 531 546 547 664 693 741 743 744 751 823 837 843 880 937 951 973 
18 22 125 230 235 283 352 363 470 534 615 658 698 734 750 818 855 922 934 
13 21 33 496 508 518 803 868 870 887 891 908 938 961 
19 57 59 129 158 309 320 347 397 411 458 543 554 599 630 926 936 957 985 988 
17 67 69 86 179 206 219 246 308 333 363 586 629 683 724 826 872 876 
19 127 145 156 160 262 276 328 337 465 495 536 563 603 825 836 848 960 978 994 
12 339 425 432 508 575 699 742 751 789 845 948 974 
25 3 24 57 67 69 86 121 159 164 168 460 461 535 537 538 707 734 806 820 846 897 903 904 971 978 
22 43 207 223 287 520 553 555 565 585 596 620 646 650 687 765 780 865 881 903 924 939 970 
15 43 122 144 161 205 229 248 755 767 793 835 853 888 914 919 
19 60 96 108 152 205 238 239 266 442 505 554 658 843 851 940 945 956 981 983 
24 142 144 168 173 237 250 267 316 399 416 484 485 514 547 563 708 720 757 763 783 809 873 902 959 
28 4 44 82 167 186 198 227 290 308 342 443 456 485 661 689 703 710 742 772 807 832 844 847 854 862 866 903 935 
16 1 45 100 226 282 312 398 502 503 549 666 845 850 911 957 964 
14 47 252 348 408 422 474 514 517 612 648 670 762 798 816 
20 21 80 123 377 388 469 536 544 601 602 627 700 724 741 759 761 783 784 937 999 
22 123 143 189 320 325 470 574 589 631 706 716 745 753 763 784 841 952 962 973 979 995 996 
18 25 30 83 143 153 257 303 341 437 503 543 655 659 673 805 806 879 977 
14 9 138 375 393 555 587 697 734 737 757 762 788 934 954 
18 88 157 268 293 392 450 460 524 528 532 559 769 783 786 885 887 921 927 
28 7 129 179 216 234 250 258 270 315 332 340 354 389 397 428 443 500 526 548 571 658 689 826 839 877 889 895 969 
17 42 236 379 382 433 501 521 576 592 613 658 665 680 692 742 767 837 
17 0 226 236 313 365 398 406 595 610 629 639 671 730 783 823 869 910 
21 22 54 76 107 200 259 310 356 363 364 415 491 602 608 630 656 695 758 817 882 912 
20 24 44 126 157 293 298 375 391 420 556 563 584 612 617 807 836 846 880 937 966 
21 150 175 225 229 274 287 346 382 414 445 536 649 659 670 737 741 754 800 863 875 981 
19 63 135 137 191 197 237 263 318 337 577 585 597 674 684 749 755 807 874 985 
19 42 118 122 174 357 368 412 435 486 514 565 590 715 721 769 850 926 931 974 
28 0 56 106 158 221 265 269 277 280 295 328 344 451 469 508 537 595 608 707 734 766 780 786 834 846 860 864 909 
16 14 30 68 99 116 228 360 383 500 605 852 862 886 965 969 998 
16 193 253 264 291 307 355 387 422 459 485 616 712 722 767 873 976 
27 0 14 39 77 78 87 99 101 209 328 431 509 557 567 643 731 743 750 751 799 847 854 909 942 947 983 991 
17 35 88 122 165 235 271 327 416 458 477 483 722 796 859 899 938 956 
