200 1000
711 716
329 827
833 1399
905 1260
400 1166
280 1075
504 1299
381 1038
450 1364
835 926
720 866
783 1433
368 925
9 733
872 1810
726 1300
792 978
77 740
561 818
173 558
868 912
513 1064
111 398
957 1210
503 699
980 1196
501 1064
452 776
388 708
691 955
646 1038
771 1235
263 1261
857 1055
94 688
234 290
869 1611
192 530
390 1280
849 1301
707 1483
240 811
699 890
167 786
227 536
977 1479
148 152
435 537
947 1064
726 1635
390 1017
738 1374
123 143
375 627
123 923
2 246
234 1123
177 615
351 733
326 918
152 988
508 766
182 315
335 803
243 341
816 1319
959 1471
71 1019
115 1022
893 1624
542 1504
862 1674
384 1054
556 921
928 1380
236 816
317 1211
387 899
772 1615
375 430
702 748
199 477
29 374
230 400
891 1202
70 429
572 725
480 494
801 1332
923 1227
900 969
775 816
142 948
878 1253
89 1081
703 1210
573 1034
511 1010
420 1296
399 843
511 1371
868 1191
355 438
528 980
121 150
138 403
40 222
253 528
300 894
199 1082
297 412
455 931
782 1131
84 222
420 457
466 1431
651 1460
600 1317
304 314
416 830
286 1087
602 1187
639 1452
873 1394
924 1872
997 1778
979 1064
151 334
320 923
786 905
510 682
740 1059
900 930
441 1246
99 929
498 1308
31 1005
569 1494
736 1615
39 220
938 1144
223 546
469 1134
764 1745
333 438
218 291
391 1077
505 959
438 922
759 1604
110 811
24 866
347 489
280 1269
935 1836
382 698
861 863
326 689
943 1930
664 674
152 876
664 1193
825 1652
372 626
191 1146
224 332
86 856
236 636
579 744
294 504
850 1673
468 559
186 1183
433 1329
824 1692
904 1753
294 1227
392 772
730 1725
672 1398
560 651
66 370
119 486
953 977
597 1439
860 925
300 1206
25 88
828 939
931 1267
411 1253
100 1031
793 1258
866 1465
42 259
432 488
347 936
348 1278
857 1042
316 316
537 1034
40 1009
550 958
80 992
66 234
239 648
157 1082
508 1333
314 518
267 464
727 816
833 1007
827 1327
971 1942
324 768
962 1660
663 691
70 421
212 1180
728 1566
236 357
525 724
985 1428
628 1461
710 759
878 1099
17 867
955 1820
341 526
966 1863
454 665
558 731
220 449
136 188
295 558
52 347
761 796
811 1711
700 1653
821 1580
304 1125
904 1191
861 1675
699 776
951 1495
354 478
489 511
226 327
448 806
901 1139
737 1596
58 293
246 655
974 1834
385 1294
544 936
12 329
502 697
44 652
728 1437
624 1159
229 285
185 529
933 1631
964 1471
483 703
735 1537
494 798
48 402
278 354
631 1083
898 1040
573 1498
399 717
48 964
561 635
565 765
770 1434
113 729
134 855
363 598
616 1122
310 985
625 1286
126 747
793 872
91 322
979 1145
170 606
248 768
461 1152
749 1366
610 1073
599 1297
233 815
631 983
845 1542
243 718
153 371
831 1233
758 923
716 1381
332 486
201 1045
194 454
998 1002
487 615
310 699
825 1300
368 513
344 661
358 376
255 707
381 1167
82 799
747 1079
556 694
550 704
145 417
845 1055
666 832
791 1602
305 1095
808 1089
621 1317
656 1135
945 1787
887 1484
546 960
399 1229
873 1178
204 420
472 1059
132 714
477 1325
777 1243
790 1426
118 1019
821 1425
113 362
255 411
389 1116
294 560
425 1184
428 1113
96 730
18 840
403 613
88 417
477 574
887 1501
374 511
759 1316
462 1065
660 1377
189 273
186 1041
289 667
880 1532
556 1101
901 1092
264 638
470 626
718 1212
220 809
34 912
521 1112
332 508
943 1923
774 860
569 1506
174 537
278 929
447 717
779 961
757 996
71 788
509 801
128 958
972 1634
349 560
787 1746
236 828
280 750
761 1590
202 1035
385 894
578 1165
390 1112
811 1605
212 620
82 932
264 602
1000 1063
765 1079
560 782
686 1601
648 1422
18 463
359 1189
335 1082
10 297
398 850
237 855
454 1397
346 753
508 543
590 1387
540 1397
576 635
536 626
215 300
884 1016
930 1649
188 417
147 386
624 916
141 1088
984 1373
835 1556
642 1415
842 1410
294 830
192 1153
83 471
602 855
610 1332
956 1549
45 942
646 1385
32 42
14 68
332 1055
21 572
428 1262
241 363
252 444
32 392
7 91
627 874
722 1067
216 1032
896 1087
231 586
182 364
954 1237
558 1182
232 875
143 836
851 1289
766 1561
910 1719
80 690
951 1750
42 870
982 1687
873 1617
609 850
495 1166
868 1220
303 696
676 1303
96 903
423 495
945 1826
245 524
902 1331
987 1720
5 363
902 1336
620 1540
559 985
674 1616
828 1331
538 1158
338 991
316 678
677 1350
522 1237
914 985
709 1335
821 1622
484 1069
295 832
801 984
614 816
733 1358
292 703
24 249
664 1315
211 324
809 1163
345 1146
490 576
513 786
730 1462
479 893
971 1081
504 790
620 1313
803 1051
720 967
772 1460
716 1012
943 1805
70 879
879 1548
131 265
307 407
957 1854
320 1164
402 1069
511 1442
821 1142
566 706
817 1039
932 1267
836 1553
370 549
86 259
887 1246
928 1401
321 477
819 1571
868 1603
517 1041
13 20
386 474
922 942
88 722
435 1399
118 741
814 1456
927 1913
388 1200
599 874
818 1525
533 1100
846 1478
37 957
685 1056
295 747
105 993
349 902
405 776
879 1667
72 1060
948 1497
377 781
318 445
87 121
19 952
812 1153
403 636
406 991
103 273
40 872
889 1053
599 795
927 1326
1 823
667 1353
948 1049
955 1381
484 1137
394 1139
975 1330
465 791
234 896
118 479
91 110
447 812
632 735
290 593
146 571
101 195
97 410
461 1448
419 510
573 1166
178 743
321 555
938 1643
862 1085
947 1864
797 1298
978 1610
959 1818
197 433
146 596
189 431
61 424
973 1805
640 705
61 434
441 552
542 805
617 868
538 1007
67 887
100 273
363 1147
309 1036
273 1024
645 1447
125 1068
518 717
225 1046
82 560
508 747
456 727
428 1377
670 1585
923 1635
277 1198
96 759
197 600
88 708
148 973
316 764
686 1396
653 1371
854 1810
982 1305
105 206
775 864
727 1429
256 744
592 850
430 841
140 1000
611 1177
192 1149
326 866
484 933
922 1746
504 773
916 1792
958 1095
676 1118
210 1088
734 1492
577 841
549 748
533 1100
172 576
616 736
733 1524
210 446
393 1229
275 964
337 630
556 746
404 562
415 488
131 409
890 1638
159 437
204 810
17 43
671 783
813 1468
87 437
730 1543
200 242
922 1592
68 178
629 780
987 1914
630 1188
359 502
717 1208
513 517
94 596
599 1062
333 425
949 1767
592 1010
392 674
861 1488
436 927
952 1419
457 1123
403 910
771 1575
858 1693
214 229
723 1604
859 1251
889 1346
929 1569
309 771
66 405
513 514
167 954
456 894
231 426
533 844
437 1408
731 1057
540 851
97 304
187 460
517 675
856 1186
799 1736
296 1139
376 383
304 1169
245 685
917 973
108 712
21 954
294 969
413 711
534 728
649 1214
248 567
852 939
896 1162
845 1094
25 970
23 946
331 889
880 1773
847 1742
940 1422
450 587
864 1072
480 750
680 1352
525 863
701 1042
120 609
278 954
331 580
440 1355
290 1253
276 387
466 1311
483 1123
564 1428
161 525
199 934
32 622
653 884
281 1267
912 1484
329 1114
616 1340
582 1147
507 630
730 748
288 509
672 1590
448 859
822 1471
88 234
349 568
76 648
243 697
282 624
492 1360
220 1085
71 309
797 1311
769 1323
712 1332
677 992
445 993
589 1193
315 888
476 1199
342 588
83 303
43 414
383 1327
321 506
941 1126
908 1664
791 985
905 1334
523 1241
8 574
266 1207
43 628
944 1009
642 692
78 997
713 1472
43 1003
955 1907
574 1040
136 949
621 910
255 547
843 964
988 1318
628 776
929 1267
340 1250
47 446
515 1197
723 1227
771 1159
777 960
151 925
633 1552
658 1649
179 270
926 1433
181 674
98 941
556 1124
613 974
687 1225
447 1283
154 922
601 749
24 674
340 671
182 807
903 1824
72 184
961 1132
121 469
272 428
344 413
218 1023
592 1211
981 1517
724 1079
427 1091
468 1018
835 1530
428 877
703 1465
415 701
471 901
134 913
632 1048
480 1008
965 1147
817 1676
674 691
592 1133
573 699
319 730
284 1150
776 804
664 1222
175 1021
220 493
225 648
65 892
310 330
576 845
286 831
828 836
65 977
531 717
810 1790
145 675
925 1125
688 1433
23 844
331 363
152 626
723 966
999 1444
213 522
699 1622
532 1010
55 230
533 1500
391 482
818 1666
799 1357
887 1705
758 1734
714 1208
969 1552
288 976
247 780
683 1169
351 835
685 1256
985 1032
428 712
702 914
17 551
489 610
132 1089
773 1773
958 1417
319 836
617 1077
483 1150
953 1740
241 460
41 230
75 1065
880 1439
869 1394
261 902
216 581
611 1082
329 682
640 1157
891 1880
260 437
664 1093
832 1126
393 780
815 900
774 1342
798 1226
353 586
778 1253
167 853
748 1493
63 689
955 1569
821 837
78 392
705 745
833 1789
94 1030
608 1292
152 662
456 620
808 1073
684 741
486 1379
297 916
907 1580
380 738
182 712
282 513
607 1226
872 1792
619 1012
568 640
57 822
217 248
409 821
604 1533
328 672
588 1497
925 1150
794 1178
685 1685
788 852
677 1177
256 721
720 1188
663 1596
548 882
805 1690
250 968
26 46
233 552
828 1503
539 1534
428 750
895 1892
940 1000
549 1355
329 414
117 1066
26 97
883 1876
549 1110
949 1568
277 509
532 549
318 756
913 1905
937 1722
122 308
676 792
34 218
687 802
593 1527
673 824
387 1158
956 1832
563 855
282 863
546 754
538 1503
848 1810
483 983
472 1104
788 793
363 598
499 1244
905 937
485 905
745 1152
17 90 213 229 288 350 415 487 490 517 566 719 720 734 752 767 927 989 
18 21 46 98 191 298 321 339 499 618 627 639 662 708 735 795 843 929 969 
26 1 36 55 114 150 159 177 181 217 227 344 387 586 587 606 613 628 634 635 672 756 792 799 848 872 928 
15 1 92 124 327 333 336 390 401 558 696 702 732 780 789 908 
23 17 80 84 115 164 260 276 279 289 330 337 352 399 505 539 556 589 652 711 714 801 883 977 
17 13 50 77 199 235 316 331 468 494 577 700 711 789 821 829 838 987 
19 77 128 434 458 490 511 547 550 575 639 642 647 651 812 915 947 953 982 998 
17 119 149 275 277 378 388 436 492 506 536 567 607 620 709 769 907 934 
19 52 58 135 138 177 213 257 287 306 327 475 631 654 734 757 792 879 885 948 
18 2 5 63 100 103 143 179 275 401 421 537 599 634 637 693 730 888 941 
16 65 117 254 277 433 462 479 554 575 633 668 673 687 750 882 963 
22 2 23 28 44 59 73 116 135 161 231 317 370 399 420 432 459 611 658 659 778 799 834 
11 13 135 384 388 425 545 701 777 788 830 969 
15 67 98 204 274 363 422 542 558 568 608 637 641 692 835 857 
24 48 126 148 180 184 227 331 374 425 435 436 485 513 569 593 600 807 813 817 826 873 902 959 971 
18 85 241 353 364 404 417 427 448 546 564 597 651 681 683 779 828 851 864 
25 5 16 32 114 171 179 201 224 296 297 316 389 450 525 527 546 594 653 679 708 742 800 803 890 929 
19 0 79 97 121 145 161 327 393 413 444 459 500 588 621 680 690 806 840 844 
14 14 96 111 174 252 323 420 453 604 714 745 784 842 988 
17 35 124 143 184 194 218 272 302 370 398 399 582 621 624 680 725 968 
11 43 108 124 148 186 455 579 672 677 803 896 
19 56 79 115 157 171 266 286 293 312 337 389 400 454 475 491 559 628 681 752 
20 15 18 62 66 81 84 304 370 428 438 451 559 619 629 630 646 680 751 846 930 
30 105 109 128 140 179 197 212 226 243 369 395 396 409 471 486 499 597 628 635 640 689 724 776 831 851 914 955 982 990 992 
25 72 117 121 147 158 163 182 208 321 364 376 469 470 516 659 666 706 746 854 879 882 930 935 936 983 
17 27 51 146 164 176 187 316 322 324 329 467 530 694 735 781 807 972 
18 34 137 193 293 311 314 338 351 509 555 584 626 670 679 723 783 838 950 
15 11 278 301 306 449 477 550 602 624 643 686 756 820 870 991 
20 31 33 66 69 98 105 159 449 459 478 532 584 611 617 673 712 755 860 908 934 
21 70 110 114 257 267 275 365 517 522 607 635 667 727 767 853 858 915 920 923 927 985 
18 10 47 120 130 140 196 265 278 375 446 567 570 693 701 864 873 903 936 
29 0 16 19 36 83 131 162 183 301 321 357 389 418 534 552 556 565 568 584 644 729 731 745 770 775 785 903 904 981 
17 10 95 154 180 245 397 411 445 469 555 605 622 706 713 813 888 913 
12 134 274 277 334 401 498 499 541 602 665 735 868 
25 38 42 197 204 237 344 364 404 420 473 535 619 639 646 650 671 721 830 864 898 953 958 960 967 988 
21 15 34 114 209 223 278 310 323 352 441 446 480 484 554 611 663 672 699 866 951 989 
25 90 154 197 250 295 309 371 461 462 542 579 596 599 609 707 747 750 760 767 775 818 845 862 870 923 
24 62 66 97 227 241 244 247 280 300 335 373 387 442 469 483 605 618 684 741 838 868 947 957 965 
30 7 82 136 198 233 237 238 251 294 330 344 369 458 526 558 651 734 752 775 776 819 843 870 881 882 884 917 935 946 955 
29 43 79 144 194 205 215 290 319 333 376 413 529 556 622 628 636 647 656 663 741 799 810 867 879 925 941 951 966 983 
23 37 45 71 94 144 275 306 316 341 363 398 501 644 651 690 699 761 772 799 807 939 961 976 
15 120 221 257 343 357 466 483 557 651 691 698 798 836 897 961 
22 76 123 184 324 331 345 380 452 476 512 577 589 591 626 652 690 773 819 820 836 920 985 
19 34 43 65 106 197 198 249 341 354 397 412 455 534 631 754 840 862 872 934 
24 17 160 169 295 329 377 405 465 576 585 632 650 654 680 686 705 708 711 758 820 874 924 938 948 
20 18 121 162 205 247 312 341 410 444 453 529 574 578 611 628 727 822 835 863 984 
23 13 28 124 185 235 239 366 454 493 602 620 626 666 732 742 748 769 808 839 843 861 866 967 
13 76 225 314 320 344 388 618 776 785 837 936 957 960 
21 12 65 200 234 296 346 354 403 408 494 596 606 655 682 720 725 733 891 948 967 989 
21 45 175 227 290 298 317 338 356 358 501 583 653 739 776 834 868 869 876 920 966 996 
21 20 82 122 157 190 193 198 199 219 246 403 414 418 530 617 698 716 745 794 832 857 
22 77 130 166 177 211 218 251 258 318 340 381 428 439 511 534 535 557 669 752 854 965 981 
20 19 29 104 115 153 208 219 222 293 378 387 482 523 686 747 767 826 926 986 991 
19 119 121 124 153 157 262 295 318 338 456 495 567 596 699 701 738 777 821 990 
15 60 121 319 322 361 378 391 661 686 722 876 902 910 960 999 
24 77 88 107 129 162 170 226 232 265 389 410 416 500 640 648 713 793 827 829 853 871 913 967 972 
19 115 198 246 328 386 407 413 430 563 572 597 649 741 743 809 835 880 909 926 
18 126 143 207 249 270 441 469 489 535 540 545 649 658 674 681 775 779 784 
18 84 150 207 270 342 350 545 588 590 603 650 709 717 721 769 786 957 981 
27 25 99 230 253 273 295 398 424 448 501 557 571 596 600 658 700 717 725 741 748 752 765 791 824 957 966 980 
23 12 13 18 20 178 228 261 363 364 380 388 443 450 474 508 557 584 605 626 632 652 799 869 
19 89 100 139 152 256 311 334 369 424 453 469 508 537 559 575 685 739 822 930 
26 46 81 136 179 209 210 240 348 380 426 469 550 560 578 583 626 643 647 719 797 827 894 972 975 981 995 
17 29 71 127 137 146 147 162 201 317 436 513 638 759 933 949 954 963 
29 7 13 52 66 89 95 187 233 353 368 373 423 487 523 575 691 694 773 798 848 850 853 875 937 950 962 985 986 987 
25 16 35 79 185 284 335 339 438 462 499 502 540 580 623 627 719 787 814 847 870 889 919 941 965 983 
15 27 157 212 258 307 381 421 570 587 706 792 849 891 928 946 
30 27 59 77 126 220 248 352 363 435 453 499 516 527 558 578 598 618 646 648 739 782 795 818 848 865 894 957 965 970 982 
16 102 199 242 286 312 344 489 504 545 564 692 695 789 801 922 991 
17 54 65 162 167 206 362 387 415 530 640 711 736 815 829 863 919 968 
21 42 125 151 184 225 278 296 306 332 400 446 541 560 594 648 685 698 786 850 890 919 
13 12 97 114 307 401 432 465 467 472 524 561 647 921 
14 20 258 277 329 337 394 475 533 561 618 660 813 926 946 
14 51 248 273 359 575 672 679 709 724 845 852 865 871 960 
18 0 29 78 122 268 299 390 411 502 505 548 612 659 704 781 892 902 928 
25 0 3 17 28 49 50 113 147 159 260 273 325 447 508 602 710 720 722 726 827 834 868 902 957 971 
24 17 114 206 301 316 327 330 331 344 355 382 383 385 491 523 568 661 719 770 797 809 858 909 990 
17 6 31 44 121 281 356 358 443 454 707 748 755 809 819 830 871 908 
20 12 39 91 166 173 254 392 426 451 460 493 538 554 581 606 668 702 808 834 881 
25 61 108 109 266 269 288 329 349 358 367 377 434 466 472 486 503 583 586 672 684 690 744 746 837 967 
22 23 24 71 203 292 319 416 474 491 540 562 581 586 665 676 700 755 758 839 863 993 997 
21 8 23 78 146 265 267 294 384 500 529 531 555 603 642 671 743 767 879 901 986 987 
15 88 121 208 268 421 442 604 672 766 806 849 920 924 943 994 
18 12 46 72 184 251 257 265 546 562 596 604 697 703 718 738 752 845 921 
26 60 91 93 215 247 295 361 363 376 420 426 445 489 598 627 660 708 723 728 739 754 760 844 877 974 987 
23 4 30 123 148 219 262 266 304 349 402 419 515 563 584 592 622 630 641 653 726 808 892 935 
20 192 274 352 354 395 401 435 527 534 563 684 710 800 834 835 840 875 923 936 950 
27 41 57 78 97 130 142 208 241 250 294 348 390 490 493 509 523 524 537 585 597 669 787 809 810 819 849 911 
18 19 29 86 121 178 269 273 359 419 423 424 433 483 658 681 753 855 865 
20 44 57 147 192 238 258 321 463 539 542 547 569 696 712 751 774 793 926 981 989 
16 53 73 176 246 327 359 402 471 496 660 721 746 792 912 922 926 
15 6 27 151 191 237 255 313 379 576 770 771 835 856 917 975 
18 65 107 128 188 239 276 289 410 451 488 506 551 619 631 684 772 855 893 
19 9 42 81 92 218 266 367 433 449 457 548 580 671 706 760 788 791 927 944 
19 5 40 83 160 311 340 400 405 442 489 558 777 833 853 868 869 936 944 979 
23 5 43 85 157 158 175 226 236 273 410 536 541 585 675 785 876 887 910 920 931 935 976 994 
20 12 62 81 92 206 218 283 287 354 374 402 407 481 557 646 833 858 871 874 887 
17 2 247 513 518 520 528 548 568 605 617 673 785 812 916 981 992 997 
24 98 107 114 294 334 344 367 387 391 432 443 447 464 492 510 570 655 728 887 902 939 947 949 965 
25 18 74 97 149 190 265 285 399 475 494 560 598 627 629 633 683 719 723 754 764 895 901 905 929 932 
23 49 182 221 235 305 387 451 484 515 534 619 685 753 770 811 820 831 843 864 898 934 940 941 
29 3 90 126 160 188 210 238 241 349 387 389 424 462 470 508 538 576 589 596 609 617 673 718 722 777 797 911 943 995 
13 80 141 189 202 300 414 434 450 476 736 778 888 959 
18 28 110 217 244 292 303 305 405 410 501 556 593 617 720 750 905 906 919 
20 78 105 123 147 178 202 230 438 455 592 652 767 798 823 859 878 928 946 958 970 
20 4 79 81 138 180 286 302 323 413 461 497 509 639 670 800 836 863 899 958 974 
29 0 78 102 115 181 190 272 310 346 412 427 473 500 549 626 634 678 686 687 727 768 798 801 841 843 849 856 904 954 
19 1 70 89 112 117 139 308 427 456 489 495 515 556 688 779 781 854 908 918 
23 8 95 183 185 259 296 332 380 419 458 472 554 579 601 623 637 639 688 784 787 802 938 990 
23 1 2 75 80 135 148 201 202 346 353 368 392 412 439 577 685 706 707 771 800 890 893 947 
20 61 83 119 148 259 261 355 619 649 667 686 698 742 808 810 844 875 881 968 996 
14 47 50 158 165 174 203 231 240 376 509 596 750 844 890 
17 88 141 163 280 294 296 319 340 406 515 518 588 640 768 802 838 975 
15 65 66 77 87 89 131 274 460 603 647 653 692 783 835 971 
20 90 136 160 275 310 318 358 464 484 560 566 670 713 725 737 797 826 861 909 910 
19 56 122 138 152 195 279 329 360 392 494 565 607 633 679 688 691 790 805 968 
26 31 152 154 161 204 212 228 242 394 403 406 411 437 471 600 640 649 692 703 797 819 845 927 958 967 970 
18 3 28 94 106 225 236 374 561 569 606 607 647 790 810 814 821 847 855 
18 68 185 217 220 261 440 446 499 508 564 584 587 749 768 806 869 902 935 
16 19 168 187 214 225 253 301 309 365 412 539 658 687 773 918 992 
19 15 32 51 87 136 145 151 186 246 265 276 311 341 346 365 411 789 801 966 
25 16 34 75 132 259 282 319 338 423 510 552 565 597 611 621 710 775 841 874 900 912 927 942 943 969 
16 101 143 195 236 247 342 366 457 555 583 603 704 753 759 879 919 
20 106 122 248 286 297 402 410 524 576 623 639 699 735 757 767 801 804 826 855 887 
22 33 64 82 103 145 196 217 238 285 286 317 366 602 636 743 751 793 828 880 925 985 988 
21 105 181 233 279 429 432 459 574 583 619 621 683 753 798 872 878 884 932 949 953 982 
20 27 150 159 211 232 248 322 355 458 483 578 632 645 676 804 853 856 891 915 939 
27 2 29 33 37 55 159 179 204 276 281 339 343 375 398 405 411 421 450 504 513 546 555 591 671 721 840 992 
21 10 56 135 146 235 279 302 315 389 463 551 566 567 689 726 759 786 821 913 916 945 
21 58 135 139 155 173 190 205 268 289 417 419 503 580 629 709 710 764 787 889 973 984 
25 74 182 194 316 330 338 355 360 404 406 471 473 511 544 738 740 746 787 818 828 852 864 932 933 942 
15 46 68 240 259 359 366 388 464 496 569 588 683 706 708 906 
20 9 26 170 276 328 339 375 452 498 526 581 602 604 648 675 682 693 736 744 987 
15 76 236 376 387 448 497 583 615 698 714 729 831 905 958 977 
20 60 76 84 249 394 400 402 452 476 525 612 688 742 749 761 834 862 863 937 949 
22 31 42 78 116 121 122 136 149 301 323 345 397 413 490 540 663 685 751 879 900 940 982 
18 93 111 186 192 516 535 566 571 641 691 761 811 839 842 862 912 913 982 
21 1 118 211 235 302 307 353 365 403 508 564 596 633 641 646 689 694 843 908 952 964 
15 76 116 320 368 379 452 506 514 519 526 664 679 683 747 776 
16 30 48 80 81 123 200 273 318 337 436 477 564 582 771 853 872 
29 32 58 122 140 158 186 239 249 254 267 288 362 390 437 444 488 510 591 604 660 678 709 775 778 810 908 914 926 946 
20 8 149 163 299 345 395 419 423 638 664 665 698 738 791 871 883 928 950 952 968 
23 47 48 56 122 125 127 136 255 260 328 403 461 472 474 523 639 667 691 706 791 818 881 983 
17 59 91 414 432 504 513 649 650 662 683 684 744 785 802 904 934 958 
17 25 79 99 125 145 180 345 433 440 620 659 670 696 750 934 973 984 
26 14 58 204 217 220 271 281 317 348 352 357 378 463 489 517 525 539 574 590 670 712 745 758 785 888 929 
24 58 105 118 157 246 274 291 293 297 353 372 374 381 400 444 551 583 617 626 707 749 763 812 963 
11 45 217 220 393 409 552 575 676 679 857 965 
17 49 67 185 189 207 260 265 313 338 343 374 701 768 838 892 921 951 
19 56 145 146 155 240 347 399 473 514 628 797 811 883 921 922 923 965 970 978 
24 27 57 87 124 127 144 236 264 269 273 288 309 351 374 512 538 574 632 644 670 690 701 719 837 
21 38 93 307 322 345 429 432 433 479 516 627 635 657 723 737 760 775 788 846 944 971 
25 26 106 125 149 167 187 188 204 242 243 263 284 356 367 573 583 596 634 654 664 728 756 806 832 984 
22 2 87 118 169 191 225 273 293 308 445 499 519 525 534 620 625 636 839 842 856 905 911 
22 85 132 173 287 306 366 421 422 434 478 492 524 585 614 685 736 790 853 885 904 925 965 
20 82 128 141 151 231 388 397 471 489 510 622 630 642 702 768 844 859 893 959 986 
18 45 116 166 172 176 327 372 391 502 586 646 668 797 880 940 982 986 993 
17 115 144 245 294 379 385 404 492 512 574 662 700 721 746 794 907 983 
22 32 109 158 161 210 243 267 274 377 460 476 507 541 574 687 743 754 784 808 822 919 938 
24 1 4 44 117 133 137 222 232 247 279 303 579 614 720 747 770 788 811 825 836 888 910 946 993 
18 80 153 165 184 271 396 454 509 549 611 648 660 677 762 790 902 931 972 
14 123 214 228 470 572 574 652 671 756 828 844 894 935 988 
22 53 70 79 188 278 306 447 490 509 528 608 702 707 715 783 802 804 805 841 889 961 984 
23 6 13 69 179 225 337 347 364 407 479 504 566 663 675 744 748 803 816 857 903 958 972 984 
19 57 61 68 76 135 179 235 308 367 383 478 618 661 687 756 827 853 884 930 
18 12 48 76 121 163 235 342 397 398 442 486 534 545 674 695 715 962 966 
23 15 22 46 94 189 252 326 340 347 371 377 415 554 603 662 684 688 694 750 753 824 896 959 
22 137 164 275 393 491 493 531 546 547 664 693 741 743 744 751 823 837 843 880 937 951 973 
18 22 125 230 235 283 352 363 470 534 615 658 698 734 750 818 855 922 934 
13 21 33 496 508 518 803 868 870 887 891 908 938 961 
19 57 59 129 158 309 320 347 397 411 458 543 554 599 630 926 936 957 985 988 
17 67 69 86 179 206 219 246 308 333 363 586 629 683 724 826 872 876 
19 127 145 156 160 262 276 328 337 465 495 536 563 603 825 836 848 960 978 994 
12 339 425 432 508 575 699 742 751 789 845 948 974 
25 3 24 57 67 69 86 121 159 164 168 460 461 535 537 538 707 734 806 820 846 897 903 904 971 978 
22 43 207 223 287 520 553 555 565 585 596 620 646 650 687 765 780 865 881 903 924 939 970 
15 43 122 144 161 205 229 248 755 767 793 835 853 888 914 919 
19 60 96 108 152 205 238 239 266 442 505 554 658 843 851 940 945 956 981 983 
24 142 144 168 173 237 250 267 316 399 416 484 485 514 547 563 708 720 757 763 783 809 873 902 959 
28 4 44 82 167 186 198 227 290 308 342 443 456 485 661 689 703 710 742 772 807 832 844 847 854 862 866 903 935 
16 1 45 100 226 282 312 398 502 503 549 666 845 850 911 957 964 
14 47 252 348 408 422 474 514 517 612 648 670 762 798 816 
20 21 80 123 377 388 469 536 544 601 602 627 700 724 741 759 761 783 784 937 999 
22 123 143 189 320 325 470 574 589 631 706 716 745 753 763 784 841 952 962 973 979 995 996 
18 25 30 83 143 153 257 303 341 437 503 543 655 659 673 805 806 879 977 
14 9 138 375 393 555 587 697 734 737 757 762 788 934 954 
18 88 157 268 293 392 450 460 524 528 532 559 769 783 786 885 887 921 927 
28 7 129 179 216 234 250 258 270 315 332 340 354 389 397 428 443 500 526 548 571 658 689 826 839 877 889 895 969 
17 42 236 379 382 433 501 521 576 592 613 658 665 680 692 742 767 837 
17 0 226 236 313 365 398 406 595 610 629 639 671 730 783 823 869 910 
21 22 54 76 107 200 259 310 356 363 364 415 491 602 608 630 656 695 758 817 882 912 
20 24 44 126 157 293 298 375 391 420 556 563 584 612 617 807 836 846 880 937 966 
21 150 175 225 229 274 287 346 382 414 445 536 649 659 670 737 741 754 800 863 875 981 
19 63 135 137 191 197 237 263 318 337 577 585 597 674 684 749 755 807 874 985 
19 42 118 122 174 357 368 412 435 486 514 565 590 715 721 769 850 926 931 974 
28 0 56 106 158 221 265 269 277 280 295 328 344 451 469 508 537 595 608 707 734 766 780 786 834 846 860 864 909 
16 14 30 68 99 116 228 360 383 500 605 852 862 886 965 969 998 
16 193 253 264 291 307 355 387 422 459 485 616 712 722 767 873 976 
27 0 14 39 77 78 87 99 101 209 328 431 509 557 567 643 731 743 750 751 799 847 854 909 942 947 983 991 
17 35 88 122 165 235 271 327 416 458 477 483 722 796 859 899 938 956 
