200 1000
711 716
329 827
833 1399
905 1260
400 1166
280 1075
504 1299
381 1038
450 1364
835 926
720 866
783 1433
368 925
9 733
872 1810
726 1300
792 978
77 740
561 818
173 558
868 912
513 1064
111 398
957 1210
503 699
980 1196
501 1064
452 776
388 708
691 955
646 1038
771 1235
263 1261
857 1055
94 688
234 290
869 1611
192 530
390 1280
849 1301
707 1483
240 811
699 890
167 786
227 536
977 1479
148 152
435 537
947 1064
726 1635
390 1017
738 1374
123 143
375 627
123 923
2 246
234 1123
177 615
351 733
326 918
152 988
508 766
182 315
335 803
243 341
816 1319
959 1471
71 1019
115 1022
893 1624
542 1504
862 1674
384 1054
556 921
928 1380
236 816
317 1211
387 899
772 1615
375 430
702 748
199 477
29 374
230 400
891 1202
70 429
572 725
480 494
801 1332
923 1227
900 969
775 816
142 948
878 1253
89 1081
703 1210
573 1034
511 1010
420 1296
399 843
511 1371
868 1191
355 438
528 980
121 150
138 403
40 222
253 528
300 894
199 1082
297 412
455 931
782 1131
84 222
420 457
466 1431
651 1460
600 1317
304 314
416 830
286 1087
602 1187
639 1452
873 1394
924 1872
997 1778
979 1064
151 334
320 923
786 905
510 682
740 1059
900 930
441 1246
99 929
498 1308
31 1005
569 1494
736 1615
39 220
938 1144
223 546
469 1134
764 1745
333 438
218 291
391 1077
505 959
438 922
759 1604
110 811
24 866
347 489
280 1269
935 1836
382 698
861 863
326 689
943 1930
664 674
152 876
664 1193
825 1652
372 626
191 1146
224 332
86 856
236 636
579 744
294 504
850 1673
468 559
186 1183
433 1329
824 1692
904 1753
294 1227
392 772
730 1725
672 1398
560 651
66 370
119 486
953 977
597 1439
860 925
300 1206
25 88
828 939
931 1267
411 1253
100 1031
793 1258
866 1465
42 259
432 488
347 936
348 1278
857 1042
316 316
537 1034
40 1009
550 958
80 992
66 234
239 648
157 1082
508 1333
314 518
267 464
727 816
833 1007
827 1327
971 1942
324 768
962 1660
663 691
70 421
212 1180
728 1566
236 357
525 724
985 1428
628 1461
710 759
878 1099
17 867
955 1820
341 526
966 1863
454 665
558 731
220 449
136 188
295 558
52 347
761 796
811 1711
700 1653
821 1580
304 1125
904 1191
861 1675
699 776
951 1495
354 478
489 511
226 327
448 806
901 1139
737 1596
58 293
246 655
974 1834
385 1294
544 936
12 329
502 697
44 652
728 1437
624 1159
229 285
185 529
933 1631
964 1471
483 703
735 1537
494 798
48 402
278 354
631 1083
898 1040
573 1498
399 717
48 964
561 635
565 765
770 1434
113 729
134 855
363 598
616 1122
310 985
625 1286
126 747
793 872
91 322
979 1145
170 606
248 768
461 1152
749 1366
610 1073
599 1297
233 815
631 983
845 1542
243 718
153 371
831 1233
758 923
716 1381
332 486
201 1045
194 454
998 1002
487 615
310 699
825 1300
368 513
344 661
358 376
255 707
381 1167
82 799
747 1079
556 694
550 704
145 417
845 1055
666 832
791 1602
305 1095
808 1089
621 1317
656 1135
945 1787
887 1484
546 960
399 1229
873 1178
204 420
472 1059
132 714
477 1325
777 1243
790 1426
118 1019
821 1425
113 362
255 411
389 1116
294 560
425 1184
428 1113
96 730
18 840
403 613
88 417
477 574
887 1501
374 511
759 1316
462 1065
660 1377
189 273
186 1041
289 667
880 1532
556 1101
901 1092
264 638
470 626
718 1212
220 809
34 912
521 1112
332 508
943 1923
774 860
569 1506
174 537
278 929
447 717
779 961
757 996
71 788
509 801
128 958
972 1634
349 560
787 1746
236 828
280 750
761 1590
202 1035
385 894
578 1165
390 1112
811 1605
212 620
82 932
264 602
1000 1063
765 1079
560 782
686 1601
648 1422
18 463
359 1189
335 1082
10 297
398 850
237 855
454 1397
346 753
508 543
590 1387
540 1397
576 635
536 626
215 300
884 1016
930 1649
188 417
147 386
624 916
141 1088
984 1373
835 1556
642 1415
842 1410
294 830
192 1153
83 471
602 855
610 1332
956 1549
45 942
646 1385
32 42
14 68
332 1055
21 572
428 1262
241 363
252 444
32 392
7 91
627 874
722 1067
216 1032
896 1087
231 586
182 364
954 1237
558 1182
232 875
143 836
851 1289
766 1561
910 1719
80 690
951 1750
42 870
982 1687
873 1617
609 850
495 1166
868 1220
303 696
676 1303
96 903
423 495
945 1826
245 524
902 1331
987 1720
5 363
902 1336
620 1540
559 985
674 1616
828 1331
538 1158
338 991
316 678
677 1350
522 1237
914 985
709 1335
821 1622
484 1069
295 832
801 984
614 816
733 1358
292 703
24 249
664 1315
211 324
809 1163
345 1146
490 576
513 786
730 1462
479 893
971 1081
504 790
620 1313
803 1051
720 967
772 1460
716 1012
943 1805
70 879
879 1548
131 265
307 407
957 1854
320 1164
402 1069
511 1442
821 1142
566 706
817 1039
932 1267
836 1553
370 549
86 259
887 1246
928 1401
321 477
819 1571
868 1603
517 1041
13 20
386 474
922 942
88 722
435 1399
118 741
814 1456
927 1913
388 1200
599 874
818 1525
533 1100
846 1478
37 957
685 1056
295 747
105 993
349 902
405 776
879 1667
72 1060
948 1497
377 781
318 445
87 121
19 952
812 1153
403 636
406 991
103 273
40 872
889 1053
599 795
927 1326
1 823
667 1353
948 1049
955 1381
484 1137
394 1139
975 1330
465 791
234 896
118 479
91 110
447 812
632 735
290 593
146 571
101 195
97 410
461 1448
419 510
573 1166
178 743
321 555
938 1643
862 1085
947 1864
797 1298
978 1610
959 1818
197 433
146 596
189 431
61 424
973 1805
640 705
61 434
441 552
542 805
617 868
538 1007
67 887
100 273
363 1147
309 1036
273 1024
645 1447
125 1068
518 717
225 1046
82 560
508 747
456 727
428 1377
670 1585
923 1635
277 1198
96 759
197 600
88 708
148 973
316 764
686 1396
653 1371
854 1810
982 1305
105 206
775 864
727 1429
256 744
592 850
430 841
140 1000
611 1177
192 1149
326 866
484 933
922 1746
504 773
916 1792
958 1095
676 1118
210 1088
734 1492
577 841
549 748
533 1100
172 576
616 736
733 1524
210 446
393 1229
275 964
337 630
556 746
404 562
415 488
131 409
890 1638
159 437
204 810
17 43
671 783
813 1468
87 437
730 1543
200 242
922 1592
68 178
629 780
987 1914
630 1188
359 502
717 1208
513 517
94 596
599 1062
333 425
949 1767
592 1010
392 674
861 1488
436 927
952 1419
457 1123
403 910
771 1575
858 1693
214 229
723 1604
859 1251
889 1346
929 1569
309 771
66 405
513 514
167 954
456 894
231 426
533 844
437 1408
731 1057
540 851
97 304
187 460
517 675
856 1186
799 1736
296 1139
376 383
304 1169
245 685
917 973
108 712
21 954
294 969
413 711
534 728
649 1214
248 567
852 939
896 1162
845 1094
25 970
23 946
331 889
880 1773
847 1742
940 1422
450 587
864 1072
480 750
680 1352
525 863
701 1042
120 609
278 954
331 580
440 1355
290 1253
276 387
466 1311
483 1123
564 1428
161 525
199 934
32 622
653 884
281 1267
912 1484
329 1114
616 1340
582 1147
507 630
730 748
288 509
672 1590
448 859
822 1471
88 234
349 568
76 648
243 697
282 624
492 1360
220 1085
71 309
797 1311
769 1323
712 1332
677 992
445 993
589 1193
315 888
476 1199
342 588
83 303
43 414
383 1327
321 506
941 1126
908 1664
791 985
905 1334
523 1241
8 574
266 1207
43 628
944 1009
642 692
78 997
713 1472
43 1003
955 1907
574 1040
136 949
621 910
255 547
843 964
988 1318
628 776
929 1267
340 1250
47 446
515 1197
723 1227
771 1159
777 960
151 925
633 1552
658 1649
179 270
926 1433
181 674
98 941
556 1124
613 974
687 1225
447 1283
154 922
601 749
24 674
340 671
182 807
903 1824
72 184
961 1132
121 469
272 428
344 413
218 1023
592 1211
981 1517
724 1079
427 1091
468 1018
835 1530
428 877
703 1465
415 701
471 901
134 913
632 1048
480 1008
965 1147
817 1676
674 691
592 1133
573 699
319 730
284 1150
776 804
664 1222
175 1021
220 493
225 648
65 892
310 330
576 845
286 831
828 836
65 977
531 717
810 1790
145 675
925 1125
688 1433
23 844
331 363
152 626
723 966
999 1444
213 522
699 1622
532 1010
55 230
533 1500
391 482
818 1666
799 1357
887 1705
758 1734
714 1208
969 1552
288 976
247 780
683 1169
351 835
685 1256
985 1032
428 712
702 914
17 551
489 610
132 1089
773 1773
958 1417
319 836
617 1077
483 1150
953 1740
241 460
41 230
75 1065
880 1439
869 1394
261 902
216 581
611 1082
329 682
640 1157
891 1880
260 437
664 1093
832 1126
393 780
815 900
774 1342
798 1226
353 586
778 1253
167 853
748 1493
63 689
955 1569
821 837
78 392
705 745
833 1789
94 1030
608 1292
152 662
456 620
808 1073
684 741
486 1379
297 916
907 1580
380 738
182 712
282 513
607 1226
872 1792
619 1012
568 640
57 822
217 248
409 821
604 1533
328 672
588 1497
925 1150
794 1178
685 1685
788 852
677 1177
256 721
720 1188
663 1596
548 882
805 1690
250 968
26 46
233 552
828 1503
539 1534
428 750
895 1892
940 1000
549 1355
329 414
117 1066
26 97
883 1876
549 1110
949 1568
277 509
532 549
318 756
913 1905
937 1722
122 308
676 792
34 218
687 802
593 1527
673 824
387 1158
956 1832
563 855
282 863
546 754
538 1503
848 1810
483 983
472 1104
788 793
363 598
499 1244
905 937
485 905
745 1152
18 17 112 163 269 308 319 380 403 409 432 451 490 586 638 843 854 934 969 
21 9 16 58 183 237 253 354 418 422 443 447 611 624 676 684 687 706 756 843 947 950 
16 219 272 283 293 345 433 445 510 586 718 745 752 787 922 956 974 
16 16 27 164 217 316 339 404 406 446 462 541 661 747 919 965 986 
17 16 69 103 123 162 202 288 362 380 602 633 656 800 861 885 949 992 
18 176 177 205 209 233 253 339 343 369 379 405 411 701 703 744 766 909 913 
22 17 21 145 219 222 237 238 308 428 476 534 556 580 642 681 795 798 800 865 879 907 981 
31 28 32 67 111 186 244 284 342 366 390 407 417 443 534 568 574 630 631 661 704 746 769 772 774 802 855 863 909 950 975 996 
16 20 126 184 293 346 439 472 503 519 526 589 602 762 883 894 938 
22 102 173 289 342 349 396 455 487 522 535 664 765 774 846 851 870 873 876 958 986 995 999 
15 33 53 68 102 265 483 534 567 612 620 629 651 688 773 868 
26 18 90 154 162 206 274 328 347 428 434 437 487 504 559 561 607 718 733 760 787 803 827 866 870 931 974 
22 127 162 201 205 233 290 308 318 324 402 404 481 654 655 684 706 730 842 893 937 951 991 
15 47 172 182 190 279 460 567 576 604 630 790 811 817 835 962 
22 11 112 124 139 297 320 353 378 433 454 515 539 562 603 615 666 790 818 851 853 866 928 
19 58 64 144 246 258 259 297 306 338 358 415 436 478 526 625 802 908 970 982 
18 28 29 122 344 346 426 466 526 538 543 559 560 617 686 840 862 904 950 
25 61 76 102 141 234 305 306 382 392 487 515 531 537 567 601 652 658 666 688 693 700 701 884 885 942 
22 29 63 90 154 212 217 225 255 373 443 501 562 715 801 810 823 824 918 935 963 969 992 
24 60 103 114 202 298 343 370 388 391 423 433 434 447 475 567 618 645 658 675 700 751 856 863 983 
22 72 135 156 198 233 271 418 440 507 525 529 531 544 604 657 714 730 822 839 843 880 955 
13 40 226 252 296 394 443 453 460 527 562 648 825 982 
19 20 21 60 67 90 154 237 298 367 448 461 531 636 662 680 805 860 886 929 
24 30 75 206 210 234 243 244 299 441 485 512 514 589 593 622 664 673 775 785 813 871 877 889 897 
12 46 107 191 303 354 445 470 561 643 687 692 742 
19 22 45 62 92 93 272 278 287 362 363 378 415 526 558 628 817 852 854 981 
19 144 178 250 448 506 512 523 579 628 674 752 768 771 805 806 834 853 885 977 
17 6 11 46 67 100 183 272 417 635 648 725 753 803 879 899 904 967 
14 208 251 305 321 577 618 639 645 723 904 914 955 975 989 
17 19 33 74 100 149 171 209 235 345 417 548 557 570 594 831 839 859 
18 5 10 219 319 371 385 390 392 509 518 530 585 615 641 648 793 859 903 
20 39 66 78 85 97 107 144 200 343 358 379 421 476 496 591 630 649 722 898 899 
17 160 333 371 430 433 543 582 635 684 694 729 818 864 890 892 994 995 
20 167 187 199 338 346 369 420 440 462 485 498 507 528 557 594 643 686 721 812 828 
28 28 49 88 100 137 182 191 240 244 288 302 362 479 515 529 561 685 695 732 759 805 823 825 840 907 920 959 996 
16 18 101 123 253 308 353 377 434 468 486 582 604 648 650 685 948 
18 42 117 130 146 208 240 284 376 433 518 536 632 688 752 887 922 930 946 
17 69 131 161 222 230 355 360 416 484 488 496 571 682 774 862 892 950 
26 14 28 42 110 155 162 171 223 259 262 334 336 501 656 682 699 700 718 731 751 761 805 846 938 939 997 
20 19 49 70 104 107 153 159 327 366 447 483 489 497 594 598 777 781 834 861 966 
20 25 107 111 163 165 220 221 249 297 422 453 460 491 519 568 589 607 683 715 931 
17 135 215 236 241 348 358 377 401 504 659 706 712 842 848 894 936 939 
21 81 135 145 146 147 210 306 326 376 390 459 480 537 648 743 755 777 778 791 929 945 
22 30 54 57 77 100 142 173 214 235 291 391 434 525 538 544 575 673 742 835 839 896 957 
22 29 31 42 91 102 112 118 152 165 360 456 536 537 547 659 665 734 768 793 797 877 976 
24 18 104 174 195 261 264 291 310 380 385 437 471 480 520 543 595 630 638 700 709 725 751 888 951 
23 1 47 72 99 127 145 158 211 263 406 627 628 676 690 745 762 822 842 850 884 933 952 964 
20 2 132 252 277 285 420 433 477 577 618 648 679 716 731 788 817 930 976 981 985 
16 23 58 91 96 270 279 284 361 433 461 484 497 629 724 799 919 
24 75 184 218 245 317 358 360 368 444 450 537 538 663 671 682 701 720 733 775 864 972 974 990 995 
24 27 28 92 176 218 271 276 281 292 321 344 446 449 533 547 621 650 696 759 796 835 855 906 915 
20 17 20 164 203 370 401 522 561 601 677 704 720 731 781 782 790 839 861 905 967 
23 58 143 146 178 199 232 262 342 344 391 461 478 637 640 660 689 719 753 797 839 841 915 968 
20 29 102 173 287 291 395 408 420 431 460 563 623 625 801 834 836 857 907 974 993 
26 53 94 97 197 220 268 283 306 312 316 410 519 521 533 538 553 565 616 629 669 671 738 851 958 965 985 
27 8 69 75 83 129 251 297 330 359 381 439 465 486 514 626 629 651 655 689 706 753 773 812 857 913 936 945 
27 17 31 44 151 165 208 249 296 311 375 470 495 532 601 662 692 728 740 745 826 864 866 884 886 934 984 994 
19 0 46 151 175 194 200 224 243 311 331 405 439 497 588 657 781 859 947 969 
20 62 106 125 156 165 208 227 298 317 328 558 566 641 672 733 758 791 866 949 992 
28 242 261 286 328 330 343 375 409 500 555 575 579 611 615 651 687 731 733 737 748 769 823 853 855 865 917 963 981 
14 19 238 293 318 327 429 485 495 551 578 630 917 959 971 
23 33 59 71 82 192 210 236 246 348 376 400 404 424 495 542 632 657 735 816 898 900 950 982 
11 361 375 424 473 517 540 650 760 790 816 834 
21 36 59 61 125 126 143 148 164 213 234 251 451 544 545 675 707 801 824 862 921 967 
19 13 62 70 83 123 173 202 238 242 256 425 426 558 568 654 776 778 846 851 
22 49 51 81 90 156 218 225 271 298 347 364 369 438 673 738 770 797 819 837 922 946 998 
19 65 83 123 162 222 249 297 318 388 400 420 451 583 584 603 656 667 748 926 
26 4 65 102 121 167 183 255 267 367 424 451 455 543 603 619 631 655 721 738 834 874 945 957 970 982 999 
20 62 370 376 386 457 525 550 574 656 686 737 757 824 867 892 907 921 943 975 980 
21 3 72 86 89 231 262 365 402 415 436 463 469 474 601 655 837 863 866 883 944 970 
25 30 162 283 299 320 346 362 455 462 465 552 605 660 678 706 710 732 786 791 804 825 851 875 896 994 
21 13 29 59 81 114 217 245 254 301 423 457 525 545 649 746 757 764 884 922 977 998 
26 45 48 121 171 252 342 349 357 399 402 410 415 417 456 463 501 520 525 530 548 595 772 798 822 860 907 
20 44 48 211 291 301 306 355 358 412 435 495 547 628 742 753 763 800 840 868 976 
20 16 30 234 251 305 416 452 479 481 502 572 640 694 796 862 899 902 911 920 994 
19 76 112 166 233 260 273 275 337 425 516 526 527 560 590 629 650 656 766 841 
21 96 101 128 135 254 298 323 327 344 379 384 423 552 637 667 689 708 796 839 869 984 
29 0 32 108 171 172 209 234 250 375 394 404 476 532 548 549 553 591 593 642 670 731 745 754 795 823 842 864 916 967 
18 159 219 250 341 395 396 403 540 651 672 690 742 852 900 910 923 926 978 
20 111 203 235 239 290 312 381 389 419 425 434 452 488 571 743 750 908 934 959 975 
18 63 77 84 152 221 329 363 386 450 535 574 609 615 643 767 785 885 992 
19 44 64 102 197 225 249 380 397 414 501 567 652 657 677 723 788 792 907 985 
27 15 57 69 105 108 121 186 218 259 264 312 322 456 479 512 557 590 591 655 828 830 855 876 886 926 947 971 
19 42 136 162 202 233 317 325 415 436 539 549 595 658 690 851 867 893 894 908 
15 66 93 227 260 405 516 570 589 628 838 883 901 919 925 972 
14 255 262 273 376 435 642 675 707 734 773 819 914 933 994 
25 23 32 75 103 200 334 344 401 421 453 464 480 506 513 514 543 590 600 661 666 792 957 964 967 974 
23 1 3 146 148 186 199 214 323 356 363 409 411 450 496 545 590 599 637 764 844 866 867 952 
9 57 162 174 305 339 401 430 688 783 
22 4 20 76 179 185 228 236 271 402 438 443 480 483 485 514 546 602 638 701 808 844 895 
20 76 103 136 229 234 296 307 397 415 423 436 464 622 659 702 783 805 851 914 921 
25 72 91 137 139 149 260 307 341 352 406 446 463 471 623 635 658 711 841 872 894 920 944 945 968 993 
23 31 98 115 218 307 324 365 372 450 468 511 513 546 616 634 665 684 703 716 747 829 870 956 
22 82 101 148 159 203 224 231 234 262 313 360 385 408 421 536 577 681 776 783 833 881 992 
25 11 18 40 45 188 296 313 363 427 435 474 511 552 581 615 617 620 632 641 719 732 750 772 784 956 
19 68 136 153 175 224 242 299 342 362 412 527 580 750 773 824 830 844 869 923 
25 6 28 45 127 185 188 292 320 362 364 420 452 462 479 503 550 607 655 735 780 782 838 845 858 875 
19 44 101 119 201 205 275 296 301 375 445 449 499 500 565 667 671 714 853 878 
20 55 131 141 166 289 292 316 332 526 596 604 668 671 691 718 751 777 862 864 906 
27 39 61 71 266 274 317 319 339 364 372 386 442 446 463 479 534 616 649 653 660 697 706 761 776 845 891 937 
10 0 79 90 137 309 525 712 726 819 981 
18 10 58 105 109 233 282 285 311 360 445 483 508 611 702 780 821 883 997 
18 0 2 7 94 269 357 402 428 434 567 591 648 682 822 862 930 962 996 
20 112 226 239 241 244 308 321 333 342 347 437 467 554 598 653 679 707 737 765 781 
18 16 29 67 246 292 384 437 454 461 535 580 672 731 775 844 865 932 996 
21 42 48 68 101 114 143 203 243 343 460 507 517 549 597 601 624 682 689 754 910 958 
22 34 78 105 147 217 252 340 403 435 451 655 706 720 750 840 852 876 910 929 933 959 968 
24 87 103 160 192 307 361 374 393 421 489 502 535 549 593 596 615 618 743 872 888 911 927 969 988 
18 61 245 299 368 383 462 467 474 551 620 719 747 784 817 932 960 967 975 
25 28 42 50 272 284 316 329 394 421 450 469 505 535 551 640 699 734 741 780 789 873 892 895 953 981 
18 5 16 54 85 134 194 223 249 345 444 466 579 597 632 661 677 685 882 
13 116 175 244 273 325 573 580 683 695 739 769 807 949 
21 5 104 126 207 220 223 286 332 464 505 544 578 695 723 726 813 845 862 908 958 961 
20 21 25 84 86 113 177 185 206 304 312 443 512 649 796 863 948 954 955 989 996 
17 100 143 166 211 243 317 331 358 508 551 560 673 708 724 748 925 929 
25 43 73 81 113 210 217 285 348 407 458 476 567 570 722 763 771 856 871 880 920 930 940 944 969 997 
24 46 128 131 335 353 375 410 426 448 505 559 578 680 682 686 698 708 826 856 869 892 927 932 935 
19 31 43 143 169 171 228 375 403 512 530 628 673 771 839 845 895 924 986 992 
21 86 121 184 194 305 404 443 481 546 568 590 613 668 675 691 698 763 771 807 815 931 
18 9 114 165 195 198 368 530 577 635 649 671 696 703 784 803 816 894 955 
12 1 67 116 148 220 288 433 580 717 765 814 870 
21 87 88 129 143 153 209 235 300 336 343 358 402 489 581 654 670 683 700 913 993 994 
19 24 38 47 108 155 219 368 403 531 592 616 687 697 831 849 923 936 955 992 
19 43 127 208 318 322 418 486 702 735 754 755 763 841 847 883 920 940 973 974 
17 3 32 57 137 267 271 293 415 427 461 500 617 672 810 968 971 995 
12 119 172 289 323 376 517 543 861 932 938 952 977 
22 31 34 101 111 122 153 261 346 452 478 490 521 541 571 610 628 662 674 772 847 908 976 
15 17 166 179 180 345 379 394 444 527 570 647 694 789 961 968 
15 57 93 115 225 376 458 608 610 629 675 682 710 824 827 919 
22 52 57 91 118 122 160 280 294 335 474 478 491 554 588 589 733 751 808 878 970 976 993 
17 49 81 100 104 209 243 278 343 395 583 609 619 725 780 871 889 941 
21 17 37 154 163 174 193 227 261 285 309 505 530 727 746 773 820 852 893 929 939 957 
16 113 125 147 154 171 217 280 331 354 359 406 500 513 561 619 690 
18 68 168 220 294 305 310 313 318 336 359 512 513 656 745 758 797 826 861 
23 69 124 164 184 195 221 242 245 265 277 349 367 424 453 543 590 592 718 786 861 912 923 999 
15 58 177 243 256 297 450 564 593 719 734 739 909 912 931 945 
18 10 101 124 135 190 209 216 342 413 416 524 610 644 659 749 766 842 893 
22 22 51 129 152 158 166 191 260 325 344 361 398 482 515 525 563 629 650 693 875 888 978 
19 50 116 138 320 359 450 502 583 646 667 740 771 773 853 856 867 898 946 978 
20 34 83 87 134 163 422 451 478 521 524 640 674 720 739 779 854 865 921 931 995 
14 6 23 50 94 201 247 326 433 546 606 799 896 976 979 
22 10 67 107 124 193 257 261 330 363 405 475 557 573 688 693 732 910 919 971 977 985 993 
20 66 68 100 115 125 204 278 287 305 306 492 504 528 539 585 653 684 718 747 829 
17 12 51 71 221 338 417 427 528 615 668 750 829 855 868 874 909 923 
15 37 64 133 136 170 419 460 466 537 583 592 807 864 865 875 
22 18 63 66 68 84 121 133 187 264 276 277 309 365 375 419 569 575 605 657 683 832 996 
27 46 69 106 143 208 377 388 454 502 649 652 658 718 742 775 818 838 869 875 880 886 909 920 944 946 949 979 
22 18 37 38 82 90 122 132 178 191 221 274 280 286 441 469 539 578 606 677 887 951 975 
16 44 50 109 263 266 291 350 396 452 528 594 608 634 767 885 892 
21 9 101 152 177 178 192 342 350 401 434 481 503 546 553 577 605 618 630 711 794 885 
23 62 81 143 236 323 352 415 426 440 467 516 585 664 672 674 798 810 897 900 944 951 971 972 
19 30 152 168 175 273 345 477 499 633 653 714 721 789 849 875 879 895 899 948 
22 57 59 168 186 230 239 260 295 329 351 443 482 559 592 600 674 683 784 815 830 836 890 
20 41 52 132 157 176 310 435 447 500 557 559 584 628 664 665 709 756 806 852 911 
21 65 78 247 290 307 320 349 416 423 472 532 576 587 682 715 764 794 823 836 924 949 
20 3 17 200 300 366 503 529 578 755 828 863 883 898 901 912 916 945 960 979 982 
18 4 26 70 135 144 257 292 303 309 316 318 416 422 566 676 774 925 970 
23 24 77 122 193 212 284 294 305 311 378 394 404 408 418 474 494 560 592 660 867 921 941 972 
14 19 57 169 191 211 217 244 359 361 460 501 509 755 804 
11 60 150 287 352 557 572 621 682 820 847 888 
14 43 47 135 149 187 250 295 350 564 608 728 881 911 948 
23 2 82 106 155 181 235 286 419 544 552 582 599 633 672 673 687 732 744 764 785 848 922 953 
17 14 105 245 317 337 351 389 433 545 573 581 595 683 742 821 843 925 
19 21 171 222 291 384 443 482 533 578 579 621 631 684 742 763 805 858 946 948 
23 100 137 263 344 365 404 453 464 488 493 520 527 569 646 666 692 752 779 782 809 825 852 997 
23 24 79 125 126 172 193 378 399 420 438 468 517 529 544 569 668 762 792 798 901 960 968 975 
16 7 140 254 342 351 377 555 605 704 709 738 780 903 913 919 926 
24 155 162 185 189 214 228 242 292 301 319 332 369 385 479 571 603 604 644 652 705 759 785 884 983 
17 91 179 218 285 377 384 454 490 515 579 581 799 835 915 924 930 936 
25 19 52 71 105 119 196 199 219 367 422 504 516 550 567 602 640 701 732 736 827 840 878 887 957 997 
20 56 78 156 220 235 321 336 416 460 605 650 686 714 739 762 809 857 942 953 995 
17 70 224 233 237 277 318 345 452 510 548 563 577 672 691 762 772 983 
17 25 82 122 136 152 385 444 534 584 593 640 678 754 764 788 865 960 
13 5 33 58 86 258 259 274 278 283 337 436 572 837 
20 60 92 189 283 310 336 355 384 416 478 481 547 569 636 806 863 886 918 924 967 
23 1 9 35 94 111 122 155 162 184 288 322 395 398 425 494 536 557 602 787 816 903 905 956 
10 130 167 188 340 361 363 373 377 715 983 
23 64 104 204 208 219 248 250 296 316 465 500 612 705 758 762 805 809 811 815 872 882 929 947 
16 22 84 88 187 212 242 395 501 572 664 665 671 765 781 875 974 
22 8 34 59 71 100 145 263 268 342 386 401 475 484 548 634 800 873 897 929 935 954 988 
24 36 38 79 85 95 106 138 167 229 337 435 491 494 513 587 616 619 672 676 685 708 788 808 998 
27 61 117 142 176 192 359 360 364 417 418 461 498 514 534 568 631 632 664 678 685 691 692 734 783 902 919 987 
21 43 116 157 260 286 302 419 523 534 547 562 623 633 665 674 735 787 799 851 861 895 
24 18 36 147 163 172 221 226 246 315 322 324 382 387 550 622 671 680 729 736 750 771 801 892 954 
17 4 238 249 316 348 356 365 378 528 540 587 614 826 841 877 935 947 
11 59 118 140 153 164 506 805 910 912 934 980 
29 0 20 32 45 121 181 191 256 264 300 387 389 401 402 436 480 503 553 563 586 615 671 718 793 832 834 868 970 990 
24 0 17 77 121 152 161 168 201 212 366 411 438 484 513 558 703 714 724 736 822 887 920 956 961 
18 35 43 44 85 92 106 180 183 223 259 364 482 504 536 591 780 834 984 
18 22 95 173 291 300 319 360 387 429 554 560 596 651 713 746 856 858 981 
18 1 2 18 70 115 124 191 279 293 314 405 545 636 707 789 876 902 992 
19 16 42 65 76 128 138 196 314 397 418 454 527 564 710 767 861 884 908 969 
16 12 53 73 136 174 204 213 316 358 518 588 627 696 700 883 937 
16 48 123 130 199 249 261 347 478 529 601 640 679 711 756 782 973 
22 19 60 74 117 158 338 359 403 483 564 577 626 649 722 736 787 796 802 854 877 933 993 
23 75 80 89 113 183 213 217 296 361 394 398 407 419 480 494 502 534 558 565 579 727 914 993 
22 16 57 120 139 192 209 218 226 279 324 396 582 589 606 652 663 713 815 835 946 992 995 
20 7 63 153 157 169 248 326 479 581 597 609 617 631 659 666 671 854 916 987 994 
14 293 317 475 525 603 606 669 676 768 805 806 932 944 984 
22 26 35 93 123 150 259 319 403 413 482 544 617 634 702 707 737 757 772 774 836 893 977 
