200 1000
300 782
337 488
700 1160
260 602
484 648
31 149
63 140
295 1290
85 645
505 1438
70 971
649 856
382 1365
115 636
917 1904
373 626
25 132
421 605
564 1415
664 1215
851 1095
508 1063
296 687
267 1201
119 675
908 1799
67 73
732 1048
733 1163
754 1210
308 847
362 823
282 1195
869 1810
458 822
308 1001
67 415
709 1677
269 366
716 1153
420 971
932 1531
225 1040
685 1354
784 1185
153 270
641 1473
122 768
524 1264
425 1278
606 1044
470 593
24 310
863 1513
44 882
427 1259
460 1120
971 1684
174 959
263 946
829 1032
292 1274
679 1570
574 1357
262 742
818 1811
217 742
487 1373
276 372
905 1139
982 1215
262 834
492 677
847 964
882 1296
364 1286
162 488
804 1156
706 1573
82 511
699 790
133 652
108 968
744 1586
382 478
964 1127
371 1259
308 1145
854 1295
382 927
671 733
524 827
681 1293
472 1083
624 893
686 1636
435 531
610 1303
877 1483
263 427
675 999
808 1749
348 1243
467 654
468 902
626 829
498 1324
83 907
82 681
993 1586
497 1337
298 359
143 755
204 630
122 1006
334 1119
418 586
238 1171
156 245
660 1272
557 623
737 875
489 495
278 1239
5 141
835 1149
54 866
428 509
55 357
845 1438
592 1435
125 858
806 1761
231 1073
966 1014
229 740
627 1322
255 625
795 1628
138 270
746 1349
460 506
643 731
707 1220
376 919
715 811
358 534
603 1099
778 1453
439 1263
118 163
668 713
672 1646
653 924
153 411
403 616
295 516
318 1085
831 881
961 1860
407 583
301 975
983 1457
98 583
168 632
632 1336
500 1484
91 440
337 653
51 870
148 896
1 749
718 1461
115 982
33 886
395 675
429 1121
413 713
292 1258
483 642
630 908
120 132
409 749
198 506
982 1084
892 1074
878 1583
782 1335
529 1338
184 1108
486 589
849 954
970 1853
933 1635
103 198
656 818
977 1507
393 1182
345 1322
333 666
781 1690
994 1643
500 1353
477 528
955 1128
536 1186
800 1565
310 922
833 1125
710 1572
147 1015
601 1119
146 223
343 1204
966 1269
910 1484
768 983
328 755
768 1093
219 1013
740 741
286 826
344 1036
154 422
312 682
130 674
703 1132
660 714
257 1014
836 865
288 1249
51 847
232 444
436 669
99 941
646 1065
352 1206
216 745
846 1168
523 1297
111 640
827 827
366 808
926 1059
598 1520
145 392
258 515
410 967
621 1453
654 1121
227 929
640 1300
269 596
163 1123
320 525
939 949
531 1131
43 459
294 887
321 668
993 1570
798 1158
138 378
209 1065
273 492
545 1178
448 1113
999 1035
100 228
878 1069
171 933
881 1224
386 1160
998 1059
210 516
24 436
691 1003
955 1571
124 344
891 1413
81 367
193 824
37 670
12 454
892 1864
164 567
252 332
970 1219
662 972
743 1659
387 1234
935 1011
342 809
327 700
979 1575
565 641
660 1640
109 598
607 844
307 1027
136 1125
774 1479
687 737
72 739
594 1266
804 1063
94 756
572 914
726 1560
355 1334
298 479
826 1295
554 664
144 776
167 1030
66 464
999 1713
167 414
319 1038
640 790
928 1444
775 1445
844 1638
856 1079
124 378
821 1535
442 650
905 1564
214 1128
626 628
887 1024
505 802
131 1085
544 958
24 834
664 904
655 1475
170 441
136 735
829 1037
935 1381
698 723
700 1267
308 378
112 615
361 581
92 722
336 1068
944 1371
217 517
685 831
325 456
174 859
190 1075
761 1606
402 1209
731 865
448 1260
962 1916
264 361
628 933
760 1737
894 1067
241 539
420 1088
638 686
528 1367
535 1153
31 766
186 1122
329 779
381 866
966 1318
558 755
359 1073
615 1010
746 1293
23 507
904 1889
652 1011
50 614
605 1378
727 1060
392 1073
581 795
266 858
889 957
226 396
82 219
428 672
230 542
343 444
46 95
210 607
338 836
569 811
501 843
390 1002
187 301
882 1486
329 774
845 1539
481 680
783 1002
404 922
527 564
946 1648
524 1175
797 1303
780 1427
950 1726
489 1359
643 1331
329 516
51 697
738 946
185 195
549 1296
783 1738
587 653
351 1135
317 704
861 1742
869 1568
580 1400
630 1288
671 896
686 920
191 850
967 999
885 1074
984 1267
331 577
372 577
704 1213
920 1157
842 1211
798 846
160 926
784 1343
524 721
442 746
450 798
798 1018
627 1349
0 86
306 454
803 1629
914 1740
51 587
549 1312
394 987
714 1500
914 1096
414 717
548 867
879 1116
70 806
427 1259
160 824
139 629
148 660
878 885
461 676
181 244
599 617
188 854
26 117
885 1508
630 1210
964 1577
467 1261
725 1511
689 1216
887 1339
778 889
665 722
768 958
32 62
115 756
449 1266
82 753
57 368
205 1084
80 585
881 1588
793 1687
516 848
267 827
305 1295
530 590
454 602
2 413
382 533
836 1383
43 617
313 1097
945 1336
188 671
897 979
221 592
516 925
917 1840
288 967
227 987
321 1293
142 967
680 1110
638 1280
214 255
297 926
166 977
207 641
855 1784
83 782
345 352
931 1580
855 1055
758 1178
698 1636
971 1246
751 899
901 1153
1000 1413
272 1136
973 1289
176 307
967 1025
797 1318
254 799
646 967
112 360
458 862
622 970
547 569
644 886
407 1271
786 1275
877 1474
578 1183
374 1119
363 450
210 233
259 508
951 1452
229 609
858 1150
31 413
338 797
761 1290
599 746
611 1145
550 1404
5 616
409 1052
268 488
684 1596
373 1149
176 836
888 1545
533 992
978 1851
370 1366
714 1320
24 151
233 679
865 1268
832 1268
902 1459
926 1073
685 715
413 456
622 1245
515 1251
872 1293
323 386
213 534
608 1206
893 1293
288 1165
677 707
623 1162
32 940
907 1141
36 348
83 757
773 1044
106 483
823 1645
216 671
881 1540
468 855
907 1307
182 862
159 587
825 1760
871 1681
71 181
273 313
711 1020
428 1322
114 942
738 1118
265 521
183 703
289 985
136 1056
659 1288
709 1022
775 1583
939 991
297 556
527 829
819 1582
99 834
977 1493
868 1727
285 826
407 608
137 365
593 1286
723 839
244 266
712 1528
468 905
450 606
671 721
59 1028
202 808
958 1484
449 1319
181 1074
804 1090
756 1410
336 962
756 857
42 1021
731 1497
563 1022
672 1492
279 803
3 94
628 1135
94 382
864 1805
624 770
359 384
306 590
62 427
377 714
917 1229
474 1137
701 945
125 997
143 329
916 1913
375 1333
414 1085
238 284
897 1155
541 724
863 980
926 1483
731 1344
92 202
588 753
845 1668
762 1629
91 184
199 1156
155 514
451 1396
53 1049
953 1262
184 243
410 1069
8 545
582 1509
640 1000
946 1180
18 97
116 752
407 900
644 916
893 1104
513 1047
395 1353
25 514
70 635
527 1160
800 1535
324 594
142 649
248 852
395 594
434 780
51 381
116 759
905 1182
418 757
827 1339
989 1563
221 955
336 801
433 1015
835 1338
511 1150
223 528
125 635
172 858
555 940
976 1333
403 506
325 711
936 1128
442 1238
893 1411
258 1235
803 1172
314 509
621 674
344 512
507 1262
844 1023
310 757
64 431
55 343
77 626
803 1598
961 1180
464 707
539 1149
349 426
870 1002
950 1604
267 1115
279 588
684 735
281 470
521 786
737 1170
249 361
107 772
844 1187
663 786
637 1175
920 1704
993 1598
686 777
166 848
485 1272
441 714
346 744
77 587
897 1646
800 1371
629 1271
232 1057
590 1002
177 851
302 1004
976 1457
428 759
769 1426
287 820
199 989
444 1001
133 639
710 1230
948 1663
895 913
197 683
20 313
914 1604
550 1096
723 781
261 1078
490 1024
123 858
612 999
611 1504
916 988
282 1131
158 905
131 983
360 1312
713 1524
391 786
967 1363
392 990
691 963
796 843
407 749
884 1190
612 915
908 1717
706 1447
284 761
99 587
158 309
599 1322
495 720
194 986
302 1243
830 884
283 347
189 694
759 1252
850 1482
613 1542
241 673
759 1510
670 950
696 1174
396 614
853 1306
723 1323
928 1456
793 1563
922 1609
727 1560
704 1082
119 424
40 142
588 1395
883 1801
818 1746
954 1928
823 1796
651 1404
82 364
685 1242
14 769
594 1333
807 1408
711 1459
111 974
23 858
594 1405
443 663
199 926
474 855
571 1523
719 1422
571 640
490 783
136 645
33 859
486 992
12 492
201 301
293 527
779 789
155 387
453 942
790 1002
450 977
826 1305
380 1060
786 1295
760 1518
579 969
328 1289
768 1395
486 641
74 346
929 958
239 1108
22 201
669 1569
855 1737
916 1813
261 1189
795 796
66 584
650 689
871 1129
776 1301
75 376
193 829
190 935
517 980
4 540
772 1328
876 1067
834 1017
586 1092
986 1545
55 683
216 543
68 781
700 1149
374 1061
750 1026
551 805
430 691
330 1282
832 991
867 1153
316 1170
467 969
440 986
685 833
543 659
585 1230
590 1093
385 1239
432 1068
690 1185
394 1301
11 204
137 857
723 1716
35 88
283 595
518 1174
495 1090
137 403
247 1188
372 393
497 598
401 819
913 1285
621 1509
285 828
810 1691
891 1528
737 913
219 1170
739 1562
294 464
466 685
227 652
684 1133
179 270
24 163
992 1011
838 1576
240 518
566 1497
836 1284
226 389
470 831
862 1336
615 649
885 1147
315 535
456 1155
193 921
383 925
538 1420
289 1160
265 1032
685 924
55 177
471 863
382 774
257 1045
543 1315
484 827
26 598
585 700
450 699
447 1371
281 877
277 812
855 1240
507 937
292 477
909 1328
210 1178
705 1272
718 1471
28 722
342 667
509 570
336 506
667 987
585 1021
83 154
388 565
933 1722
233 684
611 1192
711 1570
629 1437
333 515
560 780
458 835
492 1417
729 972
787 1337
27 560
327 811
806 1725
785 1775
399 771
723 1375
366 878
305 680
20 20 67 85 155 186 246 360 368 399 411 443 444 598 638 658 698 739 915 934 961 
21 24 139 161 258 275 378 471 500 589 634 658 662 762 796 799 859 861 884 914 936 940 
17 50 96 142 204 235 266 319 322 350 369 451 491 499 682 895 918 958 
19 56 202 248 338 354 369 394 410 433 448 502 557 601 639 831 920 935 981 985 
19 6 50 83 165 196 199 280 345 356 516 674 692 758 778 839 905 923 932 957 
18 4 19 37 65 85 240 243 267 332 529 537 594 624 657 764 848 878 965 
16 82 241 255 356 359 394 445 455 547 680 714 922 926 957 964 992 
16 32 162 204 324 333 450 461 466 483 542 559 574 865 929 935 946 
18 19 102 313 337 347 385 392 418 430 474 539 551 579 596 669 771 925 979 
10 29 78 99 112 238 296 398 497 639 893 
24 30 44 155 330 420 440 454 477 504 529 554 619 640 654 677 684 708 724 777 789 854 877 940 976 
17 21 242 270 323 360 488 568 595 691 704 739 763 779 788 838 914 918 
25 5 35 60 76 87 108 110 133 141 215 327 348 545 546 558 591 614 720 758 799 825 850 859 876 943 
24 18 115 272 288 319 367 369 378 379 381 427 489 495 508 586 629 719 803 805 834 857 867 887 978 
20 19 26 95 105 143 171 213 260 271 413 414 499 501 547 683 785 810 839 962 991 
20 15 17 82 118 142 145 226 361 374 567 646 722 763 770 832 907 952 960 974 990 
23 32 45 84 93 122 233 304 437 455 460 511 534 580 588 619 656 672 751 758 818 956 964 993 
24 11 31 66 223 227 231 242 268 275 295 315 334 335 422 425 484 569 650 686 717 725 753 784 800 
24 49 138 140 141 208 214 315 366 415 449 550 588 597 615 627 714 776 786 795 796 828 910 953 992 
17 50 93 127 154 186 227 267 499 502 508 562 572 594 762 829 842 921 
21 21 35 98 148 194 243 254 265 298 479 517 532 542 556 571 689 697 784 828 921 924 
21 101 203 365 397 502 517 521 551 566 603 654 714 717 798 877 928 936 943 952 953 980 
21 83 84 106 147 153 179 207 305 359 432 435 465 647 656 670 696 732 742 781 828 935 
17 48 51 52 63 106 231 441 472 480 577 620 651 659 869 875 908 964 
26 46 143 197 306 356 357 359 368 382 404 512 517 525 529 543 584 622 655 662 664 673 729 765 827 947 961 
13 47 257 287 323 338 370 429 526 652 669 691 731 940 
19 76 86 154 165 200 257 385 415 416 423 591 633 691 756 757 759 831 995 998 
17 47 123 135 172 179 302 319 549 564 611 612 671 724 755 854 929 952 
18 9 10 77 97 170 295 498 522 559 568 573 660 706 711 729 737 784 952 
22 80 107 132 147 167 193 279 295 346 356 403 421 432 524 555 618 657 666 680 833 876 928 
19 17 148 192 224 239 282 329 365 398 458 461 604 660 669 686 770 830 874 896 
24 90 121 158 215 239 244 245 259 309 333 349 391 450 485 530 594 633 718 731 833 896 909 942 979 
20 179 191 202 205 222 228 260 294 301 311 312 357 516 800 807 819 862 875 891 925 
15 31 225 240 312 365 549 567 594 655 736 808 829 841 881 970 
18 131 160 254 309 409 445 453 516 527 611 618 649 686 787 798 808 881 915 
25 9 25 66 84 94 144 259 311 317 339 340 408 431 467 530 545 558 598 654 676 814 823 846 950 987 
26 38 62 153 203 226 255 264 266 269 271 317 327 328 360 439 449 457 517 535 538 564 701 793 813 983 996 
24 37 94 107 126 186 239 262 311 393 449 463 477 480 491 509 533 599 645 651 665 715 792 795 809 
8 170 171 229 239 453 680 725 963 
22 133 147 166 208 320 340 367 378 497 665 719 725 773 807 829 852 875 886 890 901 932 994 
20 3 67 93 128 146 154 158 367 421 532 553 572 628 704 812 839 843 853 883 967 
24 78 151 174 228 285 323 427 441 453 456 471 504 540 584 662 677 736 748 756 826 839 870 922 965 
14 40 71 203 228 302 308 497 704 728 736 808 858 868 887 
17 1 12 169 231 345 457 614 687 761 786 810 829 882 915 955 985 993 
19 27 93 183 245 284 308 450 466 472 487 573 574 640 650 689 712 847 872 992 
14 180 243 398 422 482 640 667 724 726 736 838 873 893 943 
23 16 35 64 68 94 124 191 216 294 304 413 437 452 543 616 730 774 795 811 923 960 969 990 
21 40 75 120 129 218 227 258 297 350 406 407 422 433 482 495 538 585 659 777 831 914 
22 48 68 73 157 166 168 282 308 428 431 436 444 459 492 577 682 694 706 716 727 892 970 
25 5 76 92 132 148 179 215 292 334 350 372 391 462 472 497 621 672 728 748 752 767 835 893 894 923 
14 27 82 320 388 537 681 692 712 766 790 794 828 842 948 
22 13 30 31 65 66 113 236 240 289 363 390 493 526 679 740 744 756 774 777 785 818 959 
23 119 126 167 180 202 247 270 301 304 306 389 398 399 403 670 690 721 738 806 922 941 953 980 
14 23 55 306 333 609 698 707 710 712 722 888 921 922 996 
13 68 88 305 319 338 427 532 640 749 832 904 920 943 
15 51 62 66 72 129 140 278 280 335 594 635 734 867 902 942 
22 65 114 150 156 198 213 247 343 378 398 494 511 616 622 691 784 888 894 917 928 963 971 
12 57 63 161 250 320 351 361 478 586 615 959 963 
24 7 57 84 128 157 166 188 195 298 372 452 454 465 503 596 656 660 719 725 792 833 903 934 957 
17 28 105 112 120 204 529 578 579 587 745 791 802 842 860 897 933 975 
18 77 127 168 178 310 342 352 368 565 576 715 724 757 821 824 954 979 980 
13 61 171 257 264 413 523 621 629 656 713 752 985 995 
21 59 89 198 245 311 326 336 355 358 383 566 578 674 771 799 869 886 894 904 917 946 
17 33 105 210 292 336 347 468 597 646 652 716 776 798 825 848 924 926 
26 66 96 209 237 294 301 346 387 416 421 510 540 544 548 577 589 601 673 675 698 720 733 813 840 884 911 
23 37 56 107 147 196 230 316 367 426 499 510 531 568 638 740 759 897 947 953 960 973 976 978 
19 100 104 110 119 170 264 272 335 339 359 386 508 515 588 596 768 795 903 919 
17 17 21 131 156 159 189 242 247 434 568 680 797 821 844 868 930 966 
24 2 30 94 184 205 210 264 275 414 432 449 478 552 556 590 592 687 717 734 857 885 890 904 913 
24 52 75 113 178 200 248 261 264 333 342 400 481 500 564 603 671 702 736 778 817 850 851 919 958 
18 26 41 66 96 108 166 294 347 381 459 537 632 819 840 846 871 892 893 
20 57 77 153 174 182 292 297 313 324 362 388 395 492 582 602 638 728 849 863 944 
22 33 43 49 99 111 121 258 259 265 278 308 331 350 354 484 561 593 634 728 900 955 984 
22 20 21 210 270 279 380 454 481 488 501 606 629 670 698 699 790 810 831 872 946 970 988 
20 1 24 100 208 234 243 362 511 513 531 565 687 697 738 744 838 857 886 947 976 
16 123 140 206 216 226 289 293 324 486 536 613 676 956 962 963 964 
25 2 54 56 70 116 124 146 281 321 346 362 506 535 560 566 615 672 682 692 715 720 818 851 879 927 
27 64 138 141 187 218 301 331 387 440 463 493 505 556 649 671 724 740 770 781 786 831 844 907 916 977 981 984 
19 18 149 273 316 384 416 476 486 491 646 683 685 690 733 796 851 895 915 983 
20 55 119 148 175 205 291 345 365 386 392 460 485 594 628 639 716 810 831 848 883 
18 155 182 278 281 347 401 529 538 585 592 641 664 749 765 878 893 899 938 
17 6 17 62 67 83 93 111 134 141 310 336 522 674 675 780 787 832 
24 2 93 109 154 156 194 203 273 307 308 379 399 440 463 495 555 589 646 766 782 852 915 978 987 
24 12 67 85 126 229 328 341 440 543 548 614 680 681 713 725 751 764 788 825 840 894 904 973 974 
14 8 36 164 256 335 385 481 489 599 600 646 650 664 996 
20 36 63 153 241 247 289 365 383 411 491 517 518 595 637 693 729 739 839 855 856 
24 8 30 69 73 303 332 385 425 507 532 595 613 620 630 641 663 725 740 784 791 914 927 934 982 
20 95 230 265 309 378 382 410 435 451 510 758 763 767 771 798 830 897 936 967 988 
19 1 45 62 126 167 245 251 383 400 442 497 501 514 544 748 754 787 865 875 
21 14 63 74 86 139 196 231 274 289 357 358 384 388 396 415 500 749 758 805 901 982 
17 22 72 105 130 244 418 431 450 606 732 738 739 769 788 869 879 912 
24 108 129 149 150 155 165 172 205 265 333 374 402 440 497 615 616 633 655 730 793 835 874 966 997 
22 141 169 173 236 379 392 433 452 482 497 508 539 583 598 686 688 766 807 873 953 956 959 
29 91 111 138 154 217 225 266 291 302 431 448 449 451 479 480 504 549 570 631 650 730 737 761 777 806 814 828 849 986 
16 48 145 206 249 254 314 375 491 612 726 771 780 807 868 923 926 
21 121 167 187 207 232 365 469 546 557 651 684 696 705 708 735 766 767 785 839 942 960 
22 17 109 147 229 253 265 296 302 312 325 339 385 386 406 509 564 581 639 819 948 966 989 
21 44 49 58 160 180 185 187 295 389 394 455 467 509 560 607 681 695 831 918 954 964 
18 0 53 118 127 140 146 217 224 252 307 424 529 555 618 737 785 823 921 
25 10 66 71 97 112 173 183 366 404 477 481 487 519 549 588 639 648 684 687 854 867 884 958 985 998 
16 48 82 118 225 291 321 521 676 678 741 839 871 877 892 902 997 
17 27 58 128 129 178 263 299 338 349 386 483 621 627 632 802 932 965 
19 131 165 179 182 253 271 283 286 316 391 479 597 673 713 752 797 902 914 944 
20 24 60 172 195 225 306 311 312 332 390 400 535 554 565 629 657 675 738 805 981 
24 82 118 178 187 253 269 343 409 440 463 536 566 582 602 630 772 775 826 851 874 876 892 907 933 
17 38 150 266 301 322 340 544 598 607 608 623 706 724 737 801 820 870 
24 55 60 96 104 137 139 288 307 351 362 384 441 498 555 588 630 692 712 743 784 849 874 971 991 
29 18 25 79 152 153 188 264 291 309 333 408 417 468 491 522 535 557 582 711 811 818 848 853 887 894 932 937 944 977 
20 30 67 111 125 152 180 232 341 424 455 480 499 503 542 624 644 667 766 829 876 
26 25 55 139 166 173 186 192 201 229 256 272 326 356 375 544 545 600 603 615 620 718 726 821 829 850 952 
13 54 303 309 543 611 666 725 797 853 879 883 914 955 
24 44 47 105 134 155 240 254 288 325 332 380 461 490 567 611 625 727 781 848 865 892 932 939 941 
26 11 78 157 183 190 243 250 284 306 377 381 418 440 446 471 510 536 655 679 741 759 778 801 805 922 937 
18 68 73 279 347 376 390 403 519 636 679 702 746 786 905 916 918 931 972 
17 0 54 86 209 220 225 280 401 447 496 520 565 751 819 933 938 951 
23 45 58 232 258 290 335 395 396 413 426 456 473 517 530 537 548 606 617 628 729 828 830 979 
16 24 136 276 290 302 332 379 453 612 654 808 835 845 848 902 905 
21 115 159 190 221 253 349 394 412 424 451 498 603 611 614 690 809 810 861 878 895 968 
23 0 74 85 95 138 168 204 234 238 242 246 298 463 516 524 574 700 766 822 884 914 923 926 
27 14 97 149 230 244 279 333 357 370 383 387 539 550 578 611 631 638 648 681 747 787 796 815 838 845 909 965 
22 21 57 68 198 299 345 399 408 413 417 421 438 443 469 518 543 626 680 754 830 893 965 
17 29 239 252 322 325 370 383 386 429 459 492 561 562 631 770 836 972 
10 421 470 655 673 680 681 779 821 910 945 
17 83 102 177 195 242 268 302 399 508 548 554 616 693 757 776 904 958 
16 11 76 97 157 190 222 257 274 442 465 513 668 734 748 852 953 
18 69 91 110 151 220 227 289 322 341 363 418 516 523 531 617 658 982 985 
26 0 9 42 98 120 158 241 266 267 268 288 300 319 348 364 366 511 521 553 612 659 674 681 837 862 968 
25 11 171 189 253 278 379 380 397 436 464 465 509 546 669 709 795 803 818 838 877 898 908 924 978 984 
18 90 135 172 185 280 296 301 303 329 337 400 473 530 581 631 736 784 947 
15 134 142 188 192 240 405 407 421 422 460 717 769 786 866 906 
24 1 36 89 154 188 195 197 223 351 387 398 400 423 477 571 588 671 680 694 729 760 790 795 933 
14 36 59 64 114 269 310 361 372 402 614 716 726 736 948 
8 170 176 320 361 452 456 993 995 
20 11 55 81 118 193 320 358 446 464 512 617 631 635 661 676 732 737 767 858 966 
13 54 181 184 297 302 313 421 462 505 535 750 858 984 
17 53 56 140 156 181 270 274 323 378 413 527 591 637 647 795 941 973 
20 2 20 41 86 130 249 255 324 395 431 541 604 727 732 788 823 829 832 915 980 
25 45 49 51 81 95 100 109 227 241 269 312 348 364 376 383 492 602 707 760 787 849 855 888 929 931 
22 44 77 105 106 127 143 146 149 235 396 479 493 603 627 648 761 806 822 914 943 952 978 
21 10 15 37 38 78 79 113 174 199 214 219 307 357 458 469 556 642 718 727 804 840 
22 33 40 76 132 239 248 288 366 389 406 438 466 485 556 557 580 649 703 727 891 892 972 
19 36 77 104 273 281 371 518 519 684 748 749 778 786 796 820 912 919 942 949 
17 3 19 44 54 132 187 336 349 399 407 414 450 468 536 762 786 954 
20 39 88 241 242 428 567 615 627 707 709 715 718 723 768 785 806 849 915 932 981 
16 23 120 144 176 267 390 432 468 596 628 649 695 763 766 921 951 
22 56 80 165 184 228 233 297 344 346 540 555 564 590 599 648 701 767 791 809 917 988 990 
21 101 120 126 169 244 290 334 339 345 348 387 580 660 730 776 793 811 812 859 896 941 
20 1 13 18 169 276 278 374 483 517 525 547 559 578 627 641 644 683 731 768 900 
25 6 19 20 34 107 119 204 207 217 238 271 314 388 486 536 593 608 768 794 850 866 875 880 884 994 
24 17 39 41 99 148 246 315 368 406 419 428 449 494 596 609 682 728 867 876 878 892 916 984 987 
18 18 188 201 225 464 557 596 604 671 699 748 750 757 789 801 807 820 879 
27 44 61 80 118 155 163 230 238 267 272 288 371 406 409 477 478 479 502 509 605 715 805 924 961 977 991 992 
17 103 119 135 159 191 274 284 294 366 454 697 753 769 775 820 882 921 
26 46 88 293 304 336 380 519 533 579 630 699 713 731 785 809 836 854 878 880 911 925 949 956 962 977 984 
16 17 92 213 220 238 268 319 373 417 444 446 475 565 642 856 880 
20 10 35 66 186 203 214 226 245 270 287 303 496 506 523 542 569 750 772 784 893 
21 44 46 69 104 125 201 221 240 305 309 563 613 647 657 672 683 800 816 883 915 957 
23 5 17 23 55 79 110 168 200 238 241 290 303 342 360 364 419 442 617 677 779 789 898 902 
20 54 64 94 117 134 138 153 166 226 285 352 356 424 588 607 670 675 776 838 968 
24 7 32 42 137 158 214 266 373 375 387 503 563 565 580 653 675 705 805 807 840 841 933 938 941 
19 35 58 130 146 153 178 189 197 199 239 409 484 508 573 721 750 769 917 954 
8 3 357 367 458 541 570 937 992 
28 23 37 66 116 196 213 227 230 283 292 301 305 310 449 473 484 500 581 647 683 724 737 789 813 860 936 940 979 
16 0 36 89 168 303 377 434 435 464 501 610 666 688 895 914 977 
18 66 162 181 206 232 254 304 337 383 442 467 520 604 632 643 755 828 834 
18 19 20 30 35 70 295 385 457 645 648 678 695 724 830 898 914 959 989 
23 7 10 52 78 87 122 169 195 199 207 238 378 564 642 705 714 809 850 920 950 986 992 999 
22 149 219 229 249 334 368 416 431 453 470 478 483 520 542 572 601 661 678 710 817 830 933 
27 0 4 18 38 39 69 77 104 163 209 261 268 289 332 334 335 359 514 518 543 545 597 650 726 866 876 892 
21 1 72 76 118 157 186 239 314 358 401 407 408 558 649 654 693 704 783 814 865 971 
14 32 56 66 79 211 288 290 320 321 481 545 678 841 952 
19 117 130 131 196 219 269 327 337 358 550 590 661 799 804 818 822 883 963 986 
12 58 67 71 133 190 215 305 415 525 735 806 899 
15 153 165 211 216 267 288 344 402 512 524 738 830 906 908 916 
15 9 22 104 226 238 243 301 397 441 467 677 782 841 866 994 
20 55 80 105 214 353 470 534 552 581 673 714 725 760 768 780 787 815 818 883 993 
21 59 70 80 81 189 251 326 328 389 430 480 623 690 693 701 733 764 785 788 843 964 
11 197 256 329 383 395 413 423 618 625 669 708 
24 31 34 67 154 225 237 309 310 320 384 394 406 452 463 474 488 529 531 598 773 808 896 916 945 
20 12 38 70 128 283 304 325 371 469 482 560 616 670 671 776 797 874 917 955 992 
23 13 22 33 45 122 200 216 318 353 528 672 673 713 755 796 812 885 889 902 930 934 942 968 
24 37 45 57 260 314 321 337 414 432 440 477 518 520 522 544 558 605 659 736 743 798 815 877 969 
17 46 81 106 228 345 369 384 388 552 570 577 646 658 694 792 865 989 
25 0 79 107 112 156 198 309 313 417 433 478 494 559 595 638 665 672 726 749 752 753 860 885 935 976 
20 25 34 109 139 195 264 358 419 420 422 443 447 450 619 669 670 685 875 883 927 
18 54 61 146 256 389 434 474 533 605 654 661 699 762 828 838 874 967 993 
14 22 76 255 383 426 485 521 547 553 772 838 903 934 967 
32 31 39 98 156 181 206 240 246 319 330 334 408 544 551 575 579 614 627 663 685 696 724 754 819 850 851 852 855 865 881 905 969 
23 28 106 153 203 345 347 423 425 444 492 555 571 632 651 653 757 797 864 927 940 941 986 987 
21 4 45 265 323 346 363 382 421 423 493 564 629 634 652 663 799 932 944 966 969 976 
23 0 106 175 182 205 244 253 286 291 296 320 422 443 475 530 575 583 643 684 861 940 963 994 
24 9 76 104 204 218 333 349 352 398 464 470 498 542 577 597 647 674 685 778 811 822 824 853 897 
22 54 81 133 212 213 346 396 449 496 516 569 595 605 700 730 753 824 855 898 903 945 946 
20 39 78 136 196 208 277 296 299 319 388 440 486 600 655 767 777 843 849 885 899 
24 26 59 87 127 144 203 244 288 410 445 546 646 657 674 703 705 712 733 751 760 761 773 806 940 
16 9 90 322 332 386 419 440 451 494 500 569 636 694 783 903 949 
15 26 145 165 273 307 321 381 407 516 570 682 759 866 906 954 
18 282 348 356 384 420 466 498 519 571 595 646 656 742 800 833 886 889 919 
16 12 30 47 61 128 160 167 197 332 611 628 700 712 856 925 945 
22 46 47 50 60 104 108 212 294 295 298 326 332 334 373 487 630 727 816 834 836 915 934 
