200 1000
711 716
329 827
833 1399
905 1260
400 1166
280 1075
504 1299
381 1038
450 1364
835 926
720 866
783 1433
368 925
9 733
872 1810
726 1300
792 978
77 740
561 818
173 558
868 912
513 1064
111 398
957 1210
503 699
980 1196
501 1064
452 776
388 708
691 955
646 1038
771 1235
263 1261
857 1055
94 688
234 290
869 1611
192 530
390 1280
849 1301
707 1483
240 811
699 890
167 786
227 536
977 1479
148 152
435 537
947 1064
726 1635
390 1017
738 1374
123 143
375 627
123 923
2 246
234 1123
177 615
351 733
326 918
152 988
508 766
182 315
335 803
243 341
816 1319
959 1471
71 1019
115 1022
893 1624
542 1504
862 1674
384 1054
556 921
928 1380
236 816
317 1211
387 899
772 1615
375 430
702 748
199 477
29 374
230 400
891 1202
70 429
572 725
480 494
801 1332
923 1227
900 969
775 816
142 948
878 1253
89 1081
703 1210
573 1034
511 1010
420 1296
399 843
511 1371
868 1191
355 438
528 980
121 150
138 403
40 222
253 528
300 894
199 1082
297 412
455 931
782 1131
84 222
420 457
466 1431
651 1460
600 1317
304 314
416 830
286 1087
602 1187
639 1452
873 1394
924 1872
997 1778
979 1064
151 334
320 923
786 905
510 682
740 1059
900 930
441 1246
99 929
498 1308
31 1005
569 1494
736 1615
39 220
938 1144
223 546
469 1134
764 1745
333 438
218 291
391 1077
505 959
438 922
759 1604
110 811
24 866
347 489
280 1269
935 1836
382 698
861 863
326 689
943 1930
664 674
152 876
664 1193
825 1652
372 626
191 1146
224 332
86 856
236 636
579 744
294 504
850 1673
468 559
186 1183
433 1329
824 1692
904 1753
294 1227
392 772
730 1725
672 1398
560 651
66 370
119 486
953 977
597 1439
860 925
300 1206
25 88
828 939
931 1267
411 1253
100 1031
793 1258
866 1465
42 259
432 488
347 936
348 1278
857 1042
316 316
537 1034
40 1009
550 958
80 992
66 234
239 648
157 1082
508 1333
314 518
267 464
727 816
833 1007
827 1327
971 1942
324 768
962 1660
663 691
70 421
212 1180
728 1566
236 357
525 724
985 1428
628 1461
710 759
878 1099
17 867
955 1820
341 526
966 1863
454 665
558 731
220 449
136 188
295 558
52 347
761 796
811 1711
700 1653
821 1580
304 1125
904 1191
861 1675
699 776
951 1495
354 478
489 511
226 327
448 806
901 1139
737 1596
58 293
246 655
974 1834
385 1294
544 936
12 329
502 697
44 652
728 1437
624 1159
229 285
185 529
933 1631
964 1471
483 703
735 1537
494 798
48 402
278 354
631 1083
898 1040
573 1498
399 717
48 964
561 635
565 765
770 1434
113 729
134 855
363 598
616 1122
310 985
625 1286
126 747
793 872
91 322
979 1145
170 606
248 768
461 1152
749 1366
610 1073
599 1297
233 815
631 983
845 1542
243 718
153 371
831 1233
758 923
716 1381
332 486
201 1045
194 454
998 1002
487 615
310 699
825 1300
368 513
344 661
358 376
255 707
381 1167
82 799
747 1079
556 694
550 704
145 417
845 1055
666 832
791 1602
305 1095
808 1089
621 1317
656 1135
945 1787
887 1484
546 960
399 1229
873 1178
204 420
472 1059
132 714
477 1325
777 1243
790 1426
118 1019
821 1425
113 362
255 411
389 1116
294 560
425 1184
428 1113
96 730
18 840
403 613
88 417
477 574
887 1501
374 511
759 1316
462 1065
660 1377
189 273
186 1041
289 667
880 1532
556 1101
901 1092
264 638
470 626
718 1212
220 809
34 912
521 1112
332 508
943 1923
774 860
569 1506
174 537
278 929
447 717
779 961
757 996
71 788
509 801
128 958
972 1634
349 560
787 1746
236 828
280 750
761 1590
202 1035
385 894
578 1165
390 1112
811 1605
212 620
82 932
264 602
1000 1063
765 1079
560 782
686 1601
648 1422
18 463
359 1189
335 1082
10 297
398 850
237 855
454 1397
346 753
508 543
590 1387
540 1397
576 635
536 626
215 300
884 1016
930 1649
188 417
147 386
624 916
141 1088
984 1373
835 1556
642 1415
842 1410
294 830
192 1153
83 471
602 855
610 1332
956 1549
45 942
646 1385
32 42
14 68
332 1055
21 572
428 1262
241 363
252 444
32 392
7 91
627 874
722 1067
216 1032
896 1087
231 586
182 364
954 1237
558 1182
232 875
143 836
851 1289
766 1561
910 1719
80 690
951 1750
42 870
982 1687
873 1617
609 850
495 1166
868 1220
303 696
676 1303
96 903
423 495
945 1826
245 524
902 1331
987 1720
5 363
902 1336
620 1540
559 985
674 1616
828 1331
538 1158
338 991
316 678
677 1350
522 1237
914 985
709 1335
821 1622
484 1069
295 832
801 984
614 816
733 1358
292 703
24 249
664 1315
211 324
809 1163
345 1146
490 576
513 786
730 1462
479 893
971 1081
504 790
620 1313
803 1051
720 967
772 1460
716 1012
943 1805
70 879
879 1548
131 265
307 407
957 1854
320 1164
402 1069
511 1442
821 1142
566 706
817 1039
932 1267
836 1553
370 549
86 259
887 1246
928 1401
321 477
819 1571
868 1603
517 1041
13 20
386 474
922 942
88 722
435 1399
118 741
814 1456
927 1913
388 1200
599 874
818 1525
533 1100
846 1478
37 957
685 1056
295 747
105 993
349 902
405 776
879 1667
72 1060
948 1497
377 781
318 445
87 121
19 952
812 1153
403 636
406 991
103 273
40 872
889 1053
599 795
927 1326
1 823
667 1353
948 1049
955 1381
484 1137
394 1139
975 1330
465 791
234 896
118 479
91 110
447 812
632 735
290 593
146 571
101 195
97 410
461 1448
419 510
573 1166
178 743
321 555
938 1643
862 1085
947 1864
797 1298
978 1610
959 1818
197 433
146 596
189 431
61 424
973 1805
640 705
61 434
441 552
542 805
617 868
538 1007
67 887
100 273
363 1147
309 1036
273 1024
645 1447
125 1068
518 717
225 1046
82 560
508 747
456 727
428 1377
670 1585
923 1635
277 1198
96 759
197 600
88 708
148 973
316 764
686 1396
653 1371
854 1810
982 1305
105 206
775 864
727 1429
256 744
592 850
430 841
140 1000
611 1177
192 1149
326 866
484 933
922 1746
504 773
916 1792
958 1095
676 1118
210 1088
734 1492
577 841
549 748
533 1100
172 576
616 736
733 1524
210 446
393 1229
275 964
337 630
556 746
404 562
415 488
131 409
890 1638
159 437
204 810
17 43
671 783
813 1468
87 437
730 1543
200 242
922 1592
68 178
629 780
987 1914
630 1188
359 502
717 1208
513 517
94 596
599 1062
333 425
949 1767
592 1010
392 674
861 1488
436 927
952 1419
457 1123
403 910
771 1575
858 1693
214 229
723 1604
859 1251
889 1346
929 1569
309 771
66 405
513 514
167 954
456 894
231 426
533 844
437 1408
731 1057
540 851
97 304
187 460
517 675
856 1186
799 1736
296 1139
376 383
304 1169
245 685
917 973
108 712
21 954
294 969
413 711
534 728
649 1214
248 567
852 939
896 1162
845 1094
25 970
23 946
331 889
880 1773
847 1742
940 1422
450 587
864 1072
480 750
680 1352
525 863
701 1042
120 609
278 954
331 580
440 1355
290 1253
276 387
466 1311
483 1123
564 1428
161 525
199 934
32 622
653 884
281 1267
912 1484
329 1114
616 1340
582 1147
507 630
730 748
288 509
672 1590
448 859
822 1471
88 234
349 568
76 648
243 697
282 624
492 1360
220 1085
71 309
797 1311
769 1323
712 1332
677 992
445 993
589 1193
315 888
476 1199
342 588
83 303
43 414
383 1327
321 506
941 1126
908 1664
791 985
905 1334
523 1241
8 574
266 1207
43 628
944 1009
642 692
78 997
713 1472
43 1003
955 1907
574 1040
136 949
621 910
255 547
843 964
988 1318
628 776
929 1267
340 1250
47 446
515 1197
723 1227
771 1159
777 960
151 925
633 1552
658 1649
179 270
926 1433
181 674
98 941
556 1124
613 974
687 1225
447 1283
154 922
601 749
24 674
340 671
182 807
903 1824
72 184
961 1132
121 469
272 428
344 413
218 1023
592 1211
981 1517
724 1079
427 1091
468 1018
835 1530
428 877
703 1465
415 701
471 901
134 913
632 1048
480 1008
965 1147
817 1676
674 691
592 1133
573 699
319 730
284 1150
776 804
664 1222
175 1021
220 493
225 648
65 892
310 330
576 845
286 831
828 836
65 977
531 717
810 1790
145 675
925 1125
688 1433
23 844
331 363
152 626
723 966
999 1444
213 522
699 1622
532 1010
55 230
533 1500
391 482
818 1666
799 1357
887 1705
758 1734
714 1208
969 1552
288 976
247 780
683 1169
351 835
685 1256
985 1032
428 712
702 914
17 551
489 610
132 1089
773 1773
958 1417
319 836
617 1077
483 1150
953 1740
241 460
41 230
75 1065
880 1439
869 1394
261 902
216 581
611 1082
329 682
640 1157
891 1880
260 437
664 1093
832 1126
393 780
815 900
774 1342
798 1226
353 586
778 1253
167 853
748 1493
63 689
955 1569
821 837
78 392
705 745
833 1789
94 1030
608 1292
152 662
456 620
808 1073
684 741
486 1379
297 916
907 1580
380 738
182 712
282 513
607 1226
872 1792
619 1012
568 640
57 822
217 248
409 821
604 1533
328 672
588 1497
925 1150
794 1178
685 1685
788 852
677 1177
256 721
720 1188
663 1596
548 882
805 1690
250 968
26 46
233 552
828 1503
539 1534
428 750
895 1892
940 1000
549 1355
329 414
117 1066
26 97
883 1876
549 1110
949 1568
277 509
532 549
318 756
913 1905
937 1722
122 308
676 792
34 218
687 802
593 1527
673 824
387 1158
956 1832
563 855
282 863
546 754
538 1503
848 1810
483 983
472 1104
788 793
363 598
499 1244
905 937
485 905
745 1152
20 20 67 85 155 186 246 360 368 399 411 443 444 598 638 658 698 739 915 934 961 
21 24 139 161 258 275 378 471 500 589 634 658 662 762 796 799 859 861 884 914 936 940 
17 50 96 142 204 235 266 319 322 350 369 451 491 499 682 895 918 958 
19 56 202 248 338 354 369 394 410 433 448 502 557 601 639 831 920 935 981 985 
19 6 50 83 165 196 199 280 345 356 516 674 692 758 778 839 905 923 932 957 
18 4 19 37 65 85 240 243 267 332 529 537 594 624 657 764 848 878 965 
16 82 241 255 356 359 394 445 455 547 680 714 922 926 957 964 992 
16 32 162 204 324 333 450 461 466 483 542 559 574 865 929 935 946 
18 19 102 313 337 347 385 392 418 430 474 539 551 579 596 669 771 925 979 
10 29 78 99 112 238 296 398 497 639 893 
24 30 44 155 330 420 440 454 477 504 529 554 619 640 654 677 684 708 724 777 789 854 877 940 976 
17 21 242 270 323 360 488 568 595 691 704 739 763 779 788 838 914 918 
25 5 35 60 76 87 108 110 133 141 215 327 348 545 546 558 591 614 720 758 799 825 850 859 876 943 
24 18 115 272 288 319 367 369 378 379 381 427 489 495 508 586 629 719 803 805 834 857 867 887 978 
20 19 26 95 105 143 171 213 260 271 413 414 499 501 547 683 785 810 839 962 991 
20 15 17 82 118 142 145 226 361 374 567 646 722 763 770 832 907 952 960 974 990 
23 32 45 84 93 122 233 304 437 455 460 511 534 580 588 619 656 672 751 758 818 956 964 993 
24 11 31 66 223 227 231 242 268 275 295 315 334 335 422 425 484 569 650 686 717 725 753 784 800 
24 49 138 140 141 208 214 315 366 415 449 550 588 597 615 627 714 776 786 795 796 828 910 953 992 
17 50 93 127 154 186 227 267 499 502 508 562 572 594 762 829 842 921 
21 21 35 98 148 194 243 254 265 298 479 517 532 542 556 571 689 697 784 828 921 924 
21 101 203 365 397 502 517 521 551 566 603 654 714 717 798 877 928 936 943 952 953 980 
21 83 84 106 147 153 179 207 305 359 432 435 465 647 656 670 696 732 742 781 828 935 
17 48 51 52 63 106 231 441 472 480 577 620 651 659 869 875 908 964 
26 46 143 197 306 356 357 359 368 382 404 512 517 525 529 543 584 622 655 662 664 673 729 765 827 947 961 
13 47 257 287 323 338 370 429 526 652 669 691 731 940 
19 76 86 154 165 200 257 385 415 416 423 591 633 691 756 757 759 831 995 998 
17 47 123 135 172 179 302 319 549 564 611 612 671 724 755 854 929 952 
18 9 10 77 97 170 295 498 522 559 568 573 660 706 711 729 737 784 952 
22 80 107 132 147 167 193 279 295 346 356 403 421 432 524 555 618 657 666 680 833 876 928 
19 17 148 192 224 239 282 329 365 398 458 461 604 660 669 686 770 830 874 896 
24 90 121 158 215 239 244 245 259 309 333 349 391 450 485 530 594 633 718 731 833 896 909 942 979 
20 179 191 202 205 222 228 260 294 301 311 312 357 516 800 807 819 862 875 891 925 
15 31 225 240 312 365 549 567 594 655 736 808 829 841 881 970 
18 131 160 254 309 409 445 453 516 527 611 618 649 686 787 798 808 881 915 
25 9 25 66 84 94 144 259 311 317 339 340 408 431 467 530 545 558 598 654 676 814 823 846 950 987 
26 38 62 153 203 226 255 264 266 269 271 317 327 328 360 439 449 457 517 535 538 564 701 793 813 983 996 
24 37 94 107 126 186 239 262 311 393 449 463 477 480 491 509 533 599 645 651 665 715 792 795 809 
8 170 171 229 239 453 680 725 963 
22 133 147 166 208 320 340 367 378 497 665 719 725 773 807 829 852 875 886 890 901 932 994 
20 3 67 93 128 146 154 158 367 421 532 553 572 628 704 812 839 843 853 883 967 
24 78 151 174 228 285 323 427 441 453 456 471 504 540 584 662 677 736 748 756 826 839 870 922 965 
14 40 71 203 228 302 308 497 704 728 736 808 858 868 887 
17 1 12 169 231 345 457 614 687 761 786 810 829 882 915 955 985 993 
19 27 93 183 245 284 308 450 466 472 487 573 574 640 650 689 712 847 872 992 
14 180 243 398 422 482 640 667 724 726 736 838 873 893 943 
23 16 35 64 68 94 124 191 216 294 304 413 437 452 543 616 730 774 795 811 923 960 969 990 
21 40 75 120 129 218 227 258 297 350 406 407 422 433 482 495 538 585 659 777 831 914 
22 48 68 73 157 166 168 282 308 428 431 436 444 459 492 577 682 694 706 716 727 892 970 
25 5 76 92 132 148 179 215 292 334 350 372 391 462 472 497 621 672 728 748 752 767 835 893 894 923 
14 27 82 320 388 537 681 692 712 766 790 794 828 842 948 
22 13 30 31 65 66 113 236 240 289 363 390 493 526 679 740 744 756 774 777 785 818 959 
23 119 126 167 180 202 247 270 301 304 306 389 398 399 403 670 690 721 738 806 922 941 953 980 
14 23 55 306 333 609 698 707 710 712 722 888 921 922 996 
13 68 88 305 319 338 427 532 640 749 832 904 920 943 
15 51 62 66 72 129 140 278 280 335 594 635 734 867 902 942 
22 65 114 150 156 198 213 247 343 378 398 494 511 616 622 691 784 888 894 917 928 963 971 
12 57 63 161 250 320 351 361 478 586 615 959 963 
24 7 57 84 128 157 166 188 195 298 372 452 454 465 503 596 656 660 719 725 792 833 903 934 957 
17 28 105 112 120 204 529 578 579 587 745 791 802 842 860 897 933 975 
18 77 127 168 178 310 342 352 368 565 576 715 724 757 821 824 954 979 980 
13 61 171 257 264 413 523 621 629 656 713 752 985 995 
21 59 89 198 245 311 326 336 355 358 383 566 578 674 771 799 869 886 894 904 917 946 
17 33 105 210 292 336 347 468 597 646 652 716 776 798 825 848 924 926 
26 66 96 209 237 294 301 346 387 416 421 510 540 544 548 577 589 601 673 675 698 720 733 813 840 884 911 
23 37 56 107 147 196 230 316 367 426 499 510 531 568 638 740 759 897 947 953 960 973 976 978 
19 100 104 110 119 170 264 272 335 339 359 386 508 515 588 596 768 795 903 919 
17 17 21 131 156 159 189 242 247 434 568 680 797 821 844 868 930 966 
24 2 30 94 184 205 210 264 275 414 432 449 478 552 556 590 592 687 717 734 857 885 890 904 913 
24 52 75 113 178 200 248 261 264 333 342 400 481 500 564 603 671 702 736 778 817 850 851 919 958 
18 26 41 66 96 108 166 294 347 381 459 537 632 819 840 846 871 892 893 
20 57 77 153 174 182 292 297 313 324 362 388 395 492 582 602 638 728 849 863 944 
22 33 43 49 99 111 121 258 259 265 278 308 331 350 354 484 561 593 634 728 900 955 984 
22 20 21 210 270 279 380 454 481 488 501 606 629 670 698 699 790 810 831 872 946 970 988 
20 1 24 100 208 234 243 362 511 513 531 565 687 697 738 744 838 857 886 947 976 
16 123 140 206 216 226 289 293 324 486 536 613 676 956 962 963 964 
25 2 54 56 70 116 124 146 281 321 346 362 506 535 560 566 615 672 682 692 715 720 818 851 879 927 
27 64 138 141 187 218 301 331 387 440 463 493 505 556 649 671 724 740 770 781 786 831 844 907 916 977 981 984 
19 18 149 273 316 384 416 476 486 491 646 683 685 690 733 796 851 895 915 983 
20 55 119 148 175 205 291 345 365 386 392 460 485 594 628 639 716 810 831 848 883 
18 155 182 278 281 347 401 529 538 585 592 641 664 749 765 878 893 899 938 
17 6 17 62 67 83 93 111 134 141 310 336 522 674 675 780 787 832 
24 2 93 109 154 156 194 203 273 307 308 379 399 440 463 495 555 589 646 766 782 852 915 978 987 
24 12 67 85 126 229 328 341 440 543 548 614 680 681 713 725 751 764 788 825 840 894 904 973 974 
14 8 36 164 256 335 385 481 489 599 600 646 650 664 996 
20 36 63 153 241 247 289 365 383 411 491 517 518 595 637 693 729 739 839 855 856 
24 8 30 69 73 303 332 385 425 507 532 595 613 620 630 641 663 725 740 784 791 914 927 934 982 
20 95 230 265 309 378 382 410 435 451 510 758 763 767 771 798 830 897 936 967 988 
19 1 45 62 126 167 245 251 383 400 442 497 501 514 544 748 754 787 865 875 
21 14 63 74 86 139 196 231 274 289 357 358 384 388 396 415 500 749 758 805 901 982 
17 22 72 105 130 244 418 431 450 606 732 738 739 769 788 869 879 912 
24 108 129 149 150 155 165 172 205 265 333 374 402 440 497 615 616 633 655 730 793 835 874 966 997 
22 141 169 173 236 379 392 433 452 482 497 508 539 583 598 686 688 766 807 873 953 956 959 
29 91 111 138 154 217 225 266 291 302 431 448 449 451 479 480 504 549 570 631 650 730 737 761 777 806 814 828 849 986 
16 48 145 206 249 254 314 375 491 612 726 771 780 807 868 923 926 
21 121 167 187 207 232 365 469 546 557 651 684 696 705 708 735 766 767 785 839 942 960 
22 17 109 147 229 253 265 296 302 312 325 339 385 386 406 509 564 581 639 819 948 966 989 
21 44 49 58 160 180 185 187 295 389 394 455 467 509 560 607 681 695 831 918 954 964 
18 0 53 118 127 140 146 217 224 252 307 424 529 555 618 737 785 823 921 
25 10 66 71 97 112 173 183 366 404 477 481 487 519 549 588 639 648 684 687 854 867 884 958 985 998 
16 48 82 118 225 291 321 521 676 678 741 839 871 877 892 902 997 
17 27 58 128 129 178 263 299 338 349 386 483 621 627 632 802 932 965 
19 131 165 179 182 253 271 283 286 316 391 479 597 673 713 752 797 902 914 944 
20 24 60 172 195 225 306 311 312 332 390 400 535 554 565 629 657 675 738 805 981 
24 82 118 178 187 253 269 343 409 440 463 536 566 582 602 630 772 775 826 851 874 876 892 907 933 
17 38 150 266 301 322 340 544 598 607 608 623 706 724 737 801 820 870 
24 55 60 96 104 137 139 288 307 351 362 384 441 498 555 588 630 692 712 743 784 849 874 971 991 
29 18 25 79 152 153 188 264 291 309 333 408 417 468 491 522 535 557 582 711 811 818 848 853 887 894 932 937 944 977 
20 30 67 111 125 152 180 232 341 424 455 480 499 503 542 624 644 667 766 829 876 
26 25 55 139 166 173 186 192 201 229 256 272 326 356 375 544 545 600 603 615 620 718 726 821 829 850 952 
13 54 303 309 543 611 666 725 797 853 879 883 914 955 
24 44 47 105 134 155 240 254 288 325 332 380 461 490 567 611 625 727 781 848 865 892 932 939 941 
26 11 78 157 183 190 243 250 284 306 377 381 418 440 446 471 510 536 655 679 741 759 778 801 805 922 937 
18 68 73 279 347 376 390 403 519 636 679 702 746 786 905 916 918 931 972 
17 0 54 86 209 220 225 280 401 447 496 520 565 751 819 933 938 951 
23 45 58 232 258 290 335 395 396 413 426 456 473 517 530 537 548 606 617 628 729 828 830 979 
16 24 136 276 290 302 332 379 453 612 654 808 835 845 848 902 905 
21 115 159 190 221 253 349 394 412 424 451 498 603 611 614 690 809 810 861 878 895 968 
23 0 74 85 95 138 168 204 234 238 242 246 298 463 516 524 574 700 766 822 884 914 923 926 
27 14 97 149 230 244 279 333 357 370 383 387 539 550 578 611 631 638 648 681 747 787 796 815 838 845 909 965 
22 21 57 68 198 299 345 399 408 413 417 421 438 443 469 518 543 626 680 754 830 893 965 
17 29 239 252 322 325 370 383 386 429 459 492 561 562 631 770 836 972 
10 421 470 655 673 680 681 779 821 910 945 
17 83 102 177 195 242 268 302 399 508 548 554 616 693 757 776 904 958 
16 11 76 97 157 190 222 257 274 442 465 513 668 734 748 852 953 
18 69 91 110 151 220 227 289 322 341 363 418 516 523 531 617 658 982 985 
26 0 9 42 98 120 158 241 266 267 268 288 300 319 348 364 366 511 521 553 612 659 674 681 837 862 968 
25 11 171 189 253 278 379 380 397 436 464 465 509 546 669 709 795 803 818 838 877 898 908 924 978 984 
18 90 135 172 185 280 296 301 303 329 337 400 473 530 581 631 736 784 947 
15 134 142 188 192 240 405 407 421 422 460 717 769 786 866 906 
24 1 36 89 154 188 195 197 223 351 387 398 400 423 477 571 588 671 680 694 729 760 790 795 933 
14 36 59 64 114 269 310 361 372 402 614 716 726 736 948 
8 170 176 320 361 452 456 993 995 
20 11 55 81 118 193 320 358 446 464 512 617 631 635 661 676 732 737 767 858 966 
13 54 181 184 297 302 313 421 462 505 535 750 858 984 
17 53 56 140 156 181 270 274 323 378 413 527 591 637 647 795 941 973 
20 2 20 41 86 130 249 255 324 395 431 541 604 727 732 788 823 829 832 915 980 
25 45 49 51 81 95 100 109 227 241 269 312 348 364 376 383 492 602 707 760 787 849 855 888 929 931 
22 44 77 105 106 127 143 146 149 235 396 479 493 603 627 648 761 806 822 914 943 952 978 
21 10 15 37 38 78 79 113 174 199 214 219 307 357 458 469 556 642 718 727 804 840 
22 33 40 76 132 239 248 288 366 389 406 438 466 485 556 557 580 649 703 727 891 892 972 
19 36 77 104 273 281 371 518 519 684 748 749 778 786 796 820 912 919 942 949 
17 3 19 44 54 132 187 336 349 399 407 414 450 468 536 762 786 954 
20 39 88 241 242 428 567 615 627 707 709 715 718 723 768 785 806 849 915 932 981 
16 23 120 144 176 267 390 432 468 596 628 649 695 763 766 921 951 
22 56 80 165 184 228 233 297 344 346 540 555 564 590 599 648 701 767 791 809 917 988 990 
21 101 120 126 169 244 290 334 339 345 348 387 580 660 730 776 793 811 812 859 896 941 
20 1 13 18 169 276 278 374 483 517 525 547 559 578 627 641 644 683 731 768 900 
25 6 19 20 34 107 119 204 207 217 238 271 314 388 486 536 593 608 768 794 850 866 875 880 884 994 
24 17 39 41 99 148 246 315 368 406 419 428 449 494 596 609 682 728 867 876 878 892 916 984 987 
18 18 188 201 225 464 557 596 604 671 699 748 750 757 789 801 807 820 879 
27 44 61 80 118 155 163 230 238 267 272 288 371 406 409 477 478 479 502 509 605 715 805 924 961 977 991 992 
17 103 119 135 159 191 274 284 294 366 454 697 753 769 775 820 882 921 
26 46 88 293 304 336 380 519 533 579 630 699 713 731 785 809 836 854 878 880 911 925 949 956 962 977 984 
16 17 92 213 220 238 268 319 373 417 444 446 475 565 642 856 880 
20 10 35 66 186 203 214 226 245 270 287 303 496 506 523 542 569 750 772 784 893 
21 44 46 69 104 125 201 221 240 305 309 563 613 647 657 672 683 800 816 883 915 957 
23 5 17 23 55 79 110 168 200 238 241 290 303 342 360 364 419 442 617 677 779 789 898 902 
20 54 64 94 117 134 138 153 166 226 285 352 356 424 588 607 670 675 776 838 968 
24 7 32 42 137 158 214 266 373 375 387 503 563 565 580 653 675 705 805 807 840 841 933 938 941 
19 35 58 130 146 153 178 189 197 199 239 409 484 508 573 721 750 769 917 954 
8 3 357 367 458 541 570 937 992 
28 23 37 66 116 196 213 227 230 283 292 301 305 310 449 473 484 500 581 647 683 724 737 789 813 860 936 940 979 
16 0 36 89 168 303 377 434 435 464 501 610 666 688 895 914 977 
18 66 162 181 206 232 254 304 337 383 442 467 520 604 632 643 755 828 834 
18 19 20 30 35 70 295 385 457 645 648 678 695 724 830 898 914 959 989 
23 7 10 52 78 87 122 169 195 199 207 238 378 564 642 705 714 809 850 920 950 986 992 999 
22 149 219 229 249 334 368 416 431 453 470 478 483 520 542 572 601 661 678 710 817 830 933 
27 0 4 18 38 39 69 77 104 163 209 261 268 289 332 334 335 359 514 518 543 545 597 650 726 866 876 892 
21 1 72 76 118 157 186 239 314 358 401 407 408 558 649 654 693 704 783 814 865 971 
14 32 56 66 79 211 288 290 320 321 481 545 678 841 952 
19 117 130 131 196 219 269 327 337 358 550 590 661 799 804 818 822 883 963 986 
12 58 67 71 133 190 215 305 415 525 735 806 899 
15 153 165 211 216 267 288 344 402 512 524 738 830 906 908 916 
15 9 22 104 226 238 243 301 397 441 467 677 782 841 866 994 
20 55 80 105 214 353 470 534 552 581 673 714 725 760 768 780 787 815 818 883 993 
21 59 70 80 81 189 251 326 328 389 430 480 623 690 693 701 733 764 785 788 843 964 
11 197 256 329 383 395 413 423 618 625 669 708 
24 31 34 67 154 225 237 309 310 320 384 394 406 452 463 474 488 529 531 598 773 808 896 916 945 
20 12 38 70 128 283 304 325 371 469 482 560 616 670 671 776 797 874 917 955 992 
23 13 22 33 45 122 200 216 318 353 528 672 673 713 755 796 812 885 889 902 930 934 942 968 
24 37 45 57 260 314 321 337 414 432 440 477 518 520 522 544 558 605 659 736 743 798 815 877 969 
17 46 81 106 228 345 369 384 388 552 570 577 646 658 694 792 865 989 
25 0 79 107 112 156 198 309 313 417 433 478 494 559 595 638 665 672 726 749 752 753 860 885 935 976 
20 25 34 109 139 195 264 358 419 420 422 443 447 450 619 669 670 685 875 883 927 
18 54 61 146 256 389 434 474 533 605 654 661 699 762 828 838 874 967 993 
14 22 76 255 383 426 485 521 547 553 772 838 903 934 967 
32 31 39 98 156 181 206 240 246 319 330 334 408 544 551 575 579 614 627 663 685 696 724 754 819 850 851 852 855 865 881 905 969 
23 28 106 153 203 345 347 423 425 444 492 555 571 632 651 653 757 797 864 927 940 941 986 987 
21 4 45 265 323 346 363 382 421 423 493 564 629 634 652 663 799 932 944 966 969 976 
23 0 106 175 182 205 244 253 286 291 296 320 422 443 475 530 575 583 643 684 861 940 963 994 
24 9 76 104 204 218 333 349 352 398 464 470 498 542 577 597 647 674 685 778 811 822 824 853 897 
22 54 81 133 212 213 346 396 449 496 516 569 595 605 700 730 753 824 855 898 903 945 946 
20 39 78 136 196 208 277 296 299 319 388 440 486 600 655 767 777 843 849 885 899 
24 26 59 87 127 144 203 244 288 410 445 546 646 657 674 703 705 712 733 751 760 761 773 806 940 
16 9 90 322 332 386 419 440 451 494 500 569 636 694 783 903 949 
15 26 145 165 273 307 321 381 407 516 570 682 759 866 906 954 
18 282 348 356 384 420 466 498 519 571 595 646 656 742 800 833 886 889 919 
16 12 30 47 61 128 160 167 197 332 611 628 700 712 856 925 945 
22 46 47 50 60 104 108 212 294 295 298 326 332 334 373 487 630 727 816 834 836 915 934 
