200 1000
471 1259
657 922
647 1461
247 1126
452 693
810 905
511 1034
386 1151
911 1270
160 397
556 1043
443 1284
438 1326
762 1059
554 745
292 621
753 1661
952 1415
869 1209
674 980
538 1322
956 1110
24 123
919 1263
517 819
292 430
897 1031
448 803
985 1308
844 975
281 556
796 966
920 1021
209 802
506 666
672 1569
603 741
168 829
530 1350
701 1383
856 1739
826 1257
26 265
347 1330
443 1379
228 1228
890 1775
342 1178
286 1215
818 854
579 1412
344 1170
708 1044
508 1484
507 1418
925 1637
667 1584
753 1057
623 897
546 563
114 436
431 1127
804 1408
837 1174
3 328
425 714
846 1665
714 869
722 916
324 391
184 624
581 1538
937 1677
552 1302
175 550
736 1679
518 1459
913 1052
383 1062
938 1088
234 767
239 798
103 933
110 419
363 897
326 741
684 1268
674 1289
57 914
204 925
624 1323
569 620
564 1183
878 947
74 326
334 842
750 1612
451 1145
108 276
220 294
559 1533
735 894
352 1026
807 1746
648 1365
441 718
645 1530
72 316
371 623
105 475
466 856
733 1036
272 362
716 1389
564 849
132 1062
665 988
137 549
65 316
179 548
622 1603
540 1479
930 1401
941 1593
217 1206
612 1590
498 1222
299 1059
613 841
69 142
179 959
476 1418
163 518
762 1140
641 1138
1000 1543
566 715
880 1203
355 907
831 1271
545 832
692 934
479 1333
704 1456
204 817
670 1079
963 1202
604 651
765 1426
75 1071
257 406
399 1286
146 343
798 1517
641 901
559 656
885 1743
295 1011
533 635
334 1321
518 1000
619 708
828 1614
875 1605
188 937
414 740
663 884
369 1098
853 1258
70 578
421 958
379 522
190 737
743 1652
36 814
980 1336
412 1278
281 535
145 585
159 1025
367 505
329 1064
287 419
869 1580
109 495
362 378
626 1444
831 973
634 1310
114 425
2 832
361 459
117 834
344 586
116 603
463 897
213 1079
964 1262
693 1480
82 275
879 1039
33 719
725 806
399 773
639 1210
935 1859
651 1237
35 806
67 948
587 637
311 397
170 329
416 1201
25 888
613 1606
48 763
964 1641
222 440
967 1443
651 867
624 993
727 759
884 1298
317 1198
358 812
178 1002
353 567
345 841
679 995
590 787
696 1205
210 700
600 1346
201 990
400 988
559 602
305 714
790 1155
30 78
282 1122
84 775
780 1178
688 914
928 1316
468 595
906 1659
558 1150
611 1475
388 918
241 629
289 964
92 782
527 1447
35 272
742 800
387 440
623 932
402 780
728 1594
349 944
906 1740
948 1437
523 1279
191 598
76 713
70 852
966 1229
823 1776
410 1060
299 1249
243 654
837 1437
738 1457
449 1035
40 590
478 1447
625 970
542 1014
497 906
270 628
561 812
783 1093
868 1812
304 321
51 475
805 1705
140 799
156 1009
644 1290
88 351
959 1102
583 664
38 679
656 1343
912 1044
368 520
147 512
679 1116
939 1125
676 1601
133 370
580 1465
238 520
571 1318
81 959
596 1273
791 1511
502 1155
292 1189
603 1166
783 954
255 1202
213 521
177 579
241 928
70 987
152 957
487 726
952 1624
479 973
657 1146
374 710
997 1709
895 1217
471 1031
255 462
316 1025
309 953
74 1042
213 681
995 1794
69 771
841 1603
694 1670
897 1077
924 1346
502 900
650 1463
948 1576
886 1208
238 912
642 923
754 1358
870 1296
153 923
7 452
295 807
979 1037
36 409
96 847
405 1030
339 1266
693 1458
899 1407
725 908
444 1221
569 644
726 1231
511 1331
273 329
109 377
806 1321
49 732
790 1669
21 960
470 1187
561 1530
657 1481
171 711
574 1187
877 1776
945 1323
759 1425
324 1263
924 1890
567 691
385 576
798 1297
375 838
457 1434
544 1368
571 1378
921 1820
701 736
633 1526
259 573
667 966
567 665
73 515
174 742
888 1225
367 730
862 1144
694 1617
736 770
770 1162
682 973
813 1400
206 271
854 981
812 1261
2 934
199 477
28 207
45 416
970 1939
469 672
215 712
66 246
338 1320
900 1027
9 151
211 548
743 780
18 282
62 391
647 1053
793 1689
420 953
159 1087
750 1034
134 808
78 499
956 1245
686 1441
460 1310
987 1817
287 747
489 734
958 1442
378 1263
656 1362
757 920
456 1453
736 1294
974 1889
364 684
787 1596
322 1293
858 1665
988 1165
497 714
182 250
989 1149
710 1243
899 1449
284 1253
52 603
491 1261
295 745
143 489
651 1334
362 895
632 955
367 828
630 1199
57 964
809 1472
680 1056
308 517
177 455
508 1119
987 1473
343 520
134 328
24 901
108 357
379 1154
543 543
392 412
851 1793
992 1856
68 538
83 349
593 651
47 1044
437 1000
975 1084
241 756
343 1033
800 1463
157 459
114 550
533 1234
21 351
738 859
460 1022
734 942
684 1348
46 331
234 443
307 503
741 1194
676 1193
332 1129
909 1797
209 722
125 621
559 1333
493 1269
196 591
731 928
201 684
864 1411
643 1063
999 1571
766 1598
884 952
13 997
452 1167
508 1442
184 343
686 849
117 962
312 537
722 1258
874 1332
837 1360
85 862
840 1615
456 1245
519 1407
166 666
882 1428
555 1125
211 1114
670 1110
266 964
176 543
470 1260
729 1157
272 477
915 980
576 1468
415 975
767 1670
977 1137
157 1030
394 1363
375 578
901 1129
604 1268
485 1058
201 969
144 1137
428 762
364 376
587 1442
955 1408
703 932
546 1266
728 1143
738 747
792 1012
606 775
292 1121
561 1179
288 673
456 1046
349 643
448 1250
910 999
487 921
504 1145
559 606
260 374
283 1072
280 362
808 1200
564 645
852 1354
276 738
193 205
611 1159
799 1634
122 195
260 855
818 1648
609 690
513 1501
626 1236
299 543
406 967
353 675
807 1166
402 1090
487 695
456 609
292 703
584 814
530 1454
623 1468
778 1318
538 1537
605 1519
978 1750
565 1000
48 290
780 795
849 1598
688 929
390 1293
273 1225
895 1880
874 1751
104 746
649 798
154 155
510 560
925 1433
202 249
388 1233
984 1788
807 1696
91 653
356 521
723 1081
479 1221
57 921
350 1294
63 138
187 979
89 742
777 1755
726 1654
714 1109
390 717
132 883
172 786
500 779
794 949
631 1395
490 928
677 1242
397 1092
403 1283
177 891
990 1550
975 1344
611 1150
229 1193
813 982
194 1161
417 604
155 986
821 1456
883 1354
211 571
788 1410
736 1548
878 1627
361 1022
8 172
79 709
967 1078
741 1497
114 798
609 1195
3 941
989 1911
616 751
534 639
306 375
934 1237
383 712
170 195
763 1131
824 1542
970 1556
577 1281
599 631
626 1220
631 743
141 1020
647 826
864 1792
119 549
459 948
381 728
780 1411
1000 1646
662 990
435 1037
961 1026
302 1075
41 526
672 1045
675 1602
830 1143
383 1109
219 302
819 862
206 1019
387 912
729 1312
884 1288
643 1337
381 405
791 1749
427 611
243 716
434 608
966 1850
504 1057
678 1632
678 739
601 913
509 542
6 591
895 1183
565 973
725 1628
789 1516
810 1168
447 851
213 1135
882 1099
868 946
667 722
165 298
239 614
745 1587
839 1263
992 1409
780 1001
338 881
827 1196
606 694
230 607
437 1161
607 1151
81 756
222 326
956 1900
215 503
502 566
85 540
130 1044
546 1079
931 1818
452 904
912 1119
647 1166
260 1124
975 1835
606 714
463 941
139 750
655 972
408 1387
720 1229
143 821
696 1562
790 1734
151 859
52 838
231 688
842 1547
136 709
793 1721
764 964
376 1046
10 370
180 607
104 223
627 1483
825 1003
485 965
934 1382
133 996
139 805
536 1008
528 866
653 1260
202 1095
301 1257
549 1036
512 569
653 1227
676 1478
182 183
871 1322
650 979
625 940
94 1012
405 697
148 966
544 826
350 561
729 1358
288 677
377 991
908 1547
48 78
434 574
132 310
711 1417
968 1361
744 1109
988 1493
70 1015
928 1128
939 1862
987 1574
935 1101
454 1068
242 1099
860 1234
554 1421
859 1498
980 1185
116 186
877 999
170 290
61 1040
962 1850
68 138
235 339
797 971
372 1243
319 703
443 1189
430 830
118 289
23 941
304 578
169 1041
663 1131
976 1212
589 1234
534 882
519 1138
319 767
200 1075
622 877
685 750
664 1468
181 917
628 951
676 697
25 988
177 1109
796 1335
339 1331
156 658
849 1037
542 749
611 956
332 635
801 1351
191 333
417 468
349 691
483 570
897 1544
598 1467
250 866
707 977
842 1681
290 1088
224 652
716 1370
436 913
33 296
894 1145
733 1195
524 1279
829 1514
955 962
915 1686
767 1325
556 905
851 1331
84 471
834 1002
266 1082
794 1715
573 1471
720 740
102 527
742 989
444 962
703 881
881 1727
873 1500
564 1439
121 964
723 1133
306 416
426 704
523 1155
305 709
99 1077
72 709
470 1079
315 1255
842 1490
272 870
714 1192
773 1094
379 777
945 1081
660 998
157 456
784 1420
892 1162
703 748
306 967
611 1368
420 589
987 1733
852 1153
676 941
372 1075
247 573
161 615
96 169
979 1705
1 633
706 1615
880 1464
971 1426
670 676
619 935
362 1117
436 537
143 351
478 494
365 688
939 1435
243 375
550 1463
323 1000
119 559
678 1239
841 1835
86 575
923 1011
784 1387
487 858
175 218
126 385
879 1143
558 1435
500 711
863 1376
146 304
571 1326
560 1224
428 1324
81 417
621 645
685 1205
433 675
336 361
928 1349
461 672
324 798
752 831
871 1769
150 566
46 298
492 788
878 1164
312 337
624 1480
483 1163
631 863
9 729
410 899
937 1542
234 446
951 1316
496 590
698 1311
859 1240
436 925
405 564
43 222
912 1649
52 500
258 1139
466 1447
815 1541
4 144
794 939
1000 1896
613 1152
409 573
178 491
964 1713
333 436
330 792
886 1067
291 572
191 664
955 1240
174 282
264 630
466 515
20 20 67 85 155 186 246 360 368 399 411 443 444 598 638 658 698 739 915 934 961 
21 24 139 161 258 275 378 471 500 589 634 658 662 762 796 799 859 861 884 914 936 940 
17 50 96 142 204 235 266 319 322 350 369 451 491 499 682 895 918 958 
19 56 202 248 338 354 369 394 410 433 448 502 557 601 639 831 920 935 981 985 
19 6 50 83 165 196 199 280 345 356 516 674 692 758 778 839 905 923 932 957 
18 4 19 37 65 85 240 243 267 332 529 537 594 624 657 764 848 878 965 
16 82 241 255 356 359 394 445 455 547 680 714 922 926 957 964 992 
16 32 162 204 324 333 450 461 466 483 542 559 574 865 929 935 946 
18 19 102 313 337 347 385 392 418 430 474 539 551 579 596 669 771 925 979 
10 29 78 99 112 238 296 398 497 639 893 
24 30 44 155 330 420 440 454 477 504 529 554 619 640 654 677 684 708 724 777 789 854 877 940 976 
17 21 242 270 323 360 488 568 595 691 704 739 763 779 788 838 914 918 
25 5 35 60 76 87 108 110 133 141 215 327 348 545 546 558 591 614 720 758 799 825 850 859 876 943 
24 18 115 272 288 319 367 369 378 379 381 427 489 495 508 586 629 719 803 805 834 857 867 887 978 
20 19 26 95 105 143 171 213 260 271 413 414 499 501 547 683 785 810 839 962 991 
20 15 17 82 118 142 145 226 361 374 567 646 722 763 770 832 907 952 960 974 990 
23 32 45 84 93 122 233 304 437 455 460 511 534 580 588 619 656 672 751 758 818 956 964 993 
24 11 31 66 223 227 231 242 268 275 295 315 334 335 422 425 484 569 650 686 717 725 753 784 800 
24 49 138 140 141 208 214 315 366 415 449 550 588 597 615 627 714 776 786 795 796 828 910 953 992 
17 50 93 127 154 186 227 267 499 502 508 562 572 594 762 829 842 921 
21 21 35 98 148 194 243 254 265 298 479 517 532 542 556 571 689 697 784 828 921 924 
21 101 203 365 397 502 517 521 551 566 603 654 714 717 798 877 928 936 943 952 953 980 
21 83 84 106 147 153 179 207 305 359 432 435 465 647 656 670 696 732 742 781 828 935 
17 48 51 52 63 106 231 441 472 480 577 620 651 659 869 875 908 964 
26 46 143 197 306 356 357 359 368 382 404 512 517 525 529 543 584 622 655 662 664 673 729 765 827 947 961 
13 47 257 287 323 338 370 429 526 652 669 691 731 940 
19 76 86 154 165 200 257 385 415 416 423 591 633 691 756 757 759 831 995 998 
17 47 123 135 172 179 302 319 549 564 611 612 671 724 755 854 929 952 
18 9 10 77 97 170 295 498 522 559 568 573 660 706 711 729 737 784 952 
22 80 107 132 147 167 193 279 295 346 356 403 421 432 524 555 618 657 666 680 833 876 928 
19 17 148 192 224 239 282 329 365 398 458 461 604 660 669 686 770 830 874 896 
24 90 121 158 215 239 244 245 259 309 333 349 391 450 485 530 594 633 718 731 833 896 909 942 979 
20 179 191 202 205 222 228 260 294 301 311 312 357 516 800 807 819 862 875 891 925 
15 31 225 240 312 365 549 567 594 655 736 808 829 841 881 970 
18 131 160 254 309 409 445 453 516 527 611 618 649 686 787 798 808 881 915 
25 9 25 66 84 94 144 259 311 317 339 340 408 431 467 530 545 558 598 654 676 814 823 846 950 987 
26 38 62 153 203 226 255 264 266 269 271 317 327 328 360 439 449 457 517 535 538 564 701 793 813 983 996 
24 37 94 107 126 186 239 262 311 393 449 463 477 480 491 509 533 599 645 651 665 715 792 795 809 
8 170 171 229 239 453 680 725 963 
22 133 147 166 208 320 340 367 378 497 665 719 725 773 807 829 852 875 886 890 901 932 994 
20 3 67 93 128 146 154 158 367 421 532 553 572 628 704 812 839 843 853 883 967 
24 78 151 174 228 285 323 427 441 453 456 471 504 540 584 662 677 736 748 756 826 839 870 922 965 
14 40 71 203 228 302 308 497 704 728 736 808 858 868 887 
17 1 12 169 231 345 457 614 687 761 786 810 829 882 915 955 985 993 
19 27 93 183 245 284 308 450 466 472 487 573 574 640 650 689 712 847 872 992 
14 180 243 398 422 482 640 667 724 726 736 838 873 893 943 
23 16 35 64 68 94 124 191 216 294 304 413 437 452 543 616 730 774 795 811 923 960 969 990 
21 40 75 120 129 218 227 258 297 350 406 407 422 433 482 495 538 585 659 777 831 914 
22 48 68 73 157 166 168 282 308 428 431 436 444 459 492 577 682 694 706 716 727 892 970 
25 5 76 92 132 148 179 215 292 334 350 372 391 462 472 497 621 672 728 748 752 767 835 893 894 923 
14 27 82 320 388 537 681 692 712 766 790 794 828 842 948 
22 13 30 31 65 66 113 236 240 289 363 390 493 526 679 740 744 756 774 777 785 818 959 
23 119 126 167 180 202 247 270 301 304 306 389 398 399 403 670 690 721 738 806 922 941 953 980 
14 23 55 306 333 609 698 707 710 712 722 888 921 922 996 
13 68 88 305 319 338 427 532 640 749 832 904 920 943 
15 51 62 66 72 129 140 278 280 335 594 635 734 867 902 942 
22 65 114 150 156 198 213 247 343 378 398 494 511 616 622 691 784 888 894 917 928 963 971 
12 57 63 161 250 320 351 361 478 586 615 959 963 
24 7 57 84 128 157 166 188 195 298 372 452 454 465 503 596 656 660 719 725 792 833 903 934 957 
17 28 105 112 120 204 529 578 579 587 745 791 802 842 860 897 933 975 
18 77 127 168 178 310 342 352 368 565 576 715 724 757 821 824 954 979 980 
13 61 171 257 264 413 523 621 629 656 713 752 985 995 
21 59 89 198 245 311 326 336 355 358 383 566 578 674 771 799 869 886 894 904 917 946 
17 33 105 210 292 336 347 468 597 646 652 716 776 798 825 848 924 926 
26 66 96 209 237 294 301 346 387 416 421 510 540 544 548 577 589 601 673 675 698 720 733 813 840 884 911 
23 37 56 107 147 196 230 316 367 426 499 510 531 568 638 740 759 897 947 953 960 973 976 978 
19 100 104 110 119 170 264 272 335 339 359 386 508 515 588 596 768 795 903 919 
17 17 21 131 156 159 189 242 247 434 568 680 797 821 844 868 930 966 
24 2 30 94 184 205 210 264 275 414 432 449 478 552 556 590 592 687 717 734 857 885 890 904 913 
24 52 75 113 178 200 248 261 264 333 342 400 481 500 564 603 671 702 736 778 817 850 851 919 958 
18 26 41 66 96 108 166 294 347 381 459 537 632 819 840 846 871 892 893 
20 57 77 153 174 182 292 297 313 324 362 388 395 492 582 602 638 728 849 863 944 
22 33 43 49 99 111 121 258 259 265 278 308 331 350 354 484 561 593 634 728 900 955 984 
22 20 21 210 270 279 380 454 481 488 501 606 629 670 698 699 790 810 831 872 946 970 988 
20 1 24 100 208 234 243 362 511 513 531 565 687 697 738 744 838 857 886 947 976 
16 123 140 206 216 226 289 293 324 486 536 613 676 956 962 963 964 
25 2 54 56 70 116 124 146 281 321 346 362 506 535 560 566 615 672 682 692 715 720 818 851 879 927 
27 64 138 141 187 218 301 331 387 440 463 493 505 556 649 671 724 740 770 781 786 831 844 907 916 977 981 984 
19 18 149 273 316 384 416 476 486 491 646 683 685 690 733 796 851 895 915 983 
20 55 119 148 175 205 291 345 365 386 392 460 485 594 628 639 716 810 831 848 883 
18 155 182 278 281 347 401 529 538 585 592 641 664 749 765 878 893 899 938 
17 6 17 62 67 83 93 111 134 141 310 336 522 674 675 780 787 832 
24 2 93 109 154 156 194 203 273 307 308 379 399 440 463 495 555 589 646 766 782 852 915 978 987 
24 12 67 85 126 229 328 341 440 543 548 614 680 681 713 725 751 764 788 825 840 894 904 973 974 
14 8 36 164 256 335 385 481 489 599 600 646 650 664 996 
20 36 63 153 241 247 289 365 383 411 491 517 518 595 637 693 729 739 839 855 856 
24 8 30 69 73 303 332 385 425 507 532 595 613 620 630 641 663 725 740 784 791 914 927 934 982 
20 95 230 265 309 378 382 410 435 451 510 758 763 767 771 798 830 897 936 967 988 
19 1 45 62 126 167 245 251 383 400 442 497 501 514 544 748 754 787 865 875 
21 14 63 74 86 139 196 231 274 289 357 358 384 388 396 415 500 749 758 805 901 982 
17 22 72 105 130 244 418 431 450 606 732 738 739 769 788 869 879 912 
24 108 129 149 150 155 165 172 205 265 333 374 402 440 497 615 616 633 655 730 793 835 874 966 997 
22 141 169 173 236 379 392 433 452 482 497 508 539 583 598 686 688 766 807 873 953 956 959 
29 91 111 138 154 217 225 266 291 302 431 448 449 451 479 480 504 549 570 631 650 730 737 761 777 806 814 828 849 986 
16 48 145 206 249 254 314 375 491 612 726 771 780 807 868 923 926 
21 121 167 187 207 232 365 469 546 557 651 684 696 705 708 735 766 767 785 839 942 960 
22 17 109 147 229 253 265 296 302 312 325 339 385 386 406 509 564 581 639 819 948 966 989 
21 44 49 58 160 180 185 187 295 389 394 455 467 509 560 607 681 695 831 918 954 964 
18 0 53 118 127 140 146 217 224 252 307 424 529 555 618 737 785 823 921 
25 10 66 71 97 112 173 183 366 404 477 481 487 519 549 588 639 648 684 687 854 867 884 958 985 998 
16 48 82 118 225 291 321 521 676 678 741 839 871 877 892 902 997 
17 27 58 128 129 178 263 299 338 349 386 483 621 627 632 802 932 965 
19 131 165 179 182 253 271 283 286 316 391 479 597 673 713 752 797 902 914 944 
20 24 60 172 195 225 306 311 312 332 390 400 535 554 565 629 657 675 738 805 981 
24 82 118 178 187 253 269 343 409 440 463 536 566 582 602 630 772 775 826 851 874 876 892 907 933 
17 38 150 266 301 322 340 544 598 607 608 623 706 724 737 801 820 870 
24 55 60 96 104 137 139 288 307 351 362 384 441 498 555 588 630 692 712 743 784 849 874 971 991 
29 18 25 79 152 153 188 264 291 309 333 408 417 468 491 522 535 557 582 711 811 818 848 853 887 894 932 937 944 977 
20 30 67 111 125 152 180 232 341 424 455 480 499 503 542 624 644 667 766 829 876 
26 25 55 139 166 173 186 192 201 229 256 272 326 356 375 544 545 600 603 615 620 718 726 821 829 850 952 
13 54 303 309 543 611 666 725 797 853 879 883 914 955 
24 44 47 105 134 155 240 254 288 325 332 380 461 490 567 611 625 727 781 848 865 892 932 939 941 
26 11 78 157 183 190 243 250 284 306 377 381 418 440 446 471 510 536 655 679 741 759 778 801 805 922 937 
18 68 73 279 347 376 390 403 519 636 679 702 746 786 905 916 918 931 972 
17 0 54 86 209 220 225 280 401 447 496 520 565 751 819 933 938 951 
23 45 58 232 258 290 335 395 396 413 426 456 473 517 530 537 548 606 617 628 729 828 830 979 
16 24 136 276 290 302 332 379 453 612 654 808 835 845 848 902 905 
21 115 159 190 221 253 349 394 412 424 451 498 603 611 614 690 809 810 861 878 895 968 
23 0 74 85 95 138 168 204 234 238 242 246 298 463 516 524 574 700 766 822 884 914 923 926 
27 14 97 149 230 244 279 333 357 370 383 387 539 550 578 611 631 638 648 681 747 787 796 815 838 845 909 965 
22 21 57 68 198 299 345 399 408 413 417 421 438 443 469 518 543 626 680 754 830 893 965 
17 29 239 252 322 325 370 383 386 429 459 492 561 562 631 770 836 972 
10 421 470 655 673 680 681 779 821 910 945 
17 83 102 177 195 242 268 302 399 508 548 554 616 693 757 776 904 958 
16 11 76 97 157 190 222 257 274 442 465 513 668 734 748 852 953 
18 69 91 110 151 220 227 289 322 341 363 418 516 523 531 617 658 982 985 
26 0 9 42 98 120 158 241 266 267 268 288 300 319 348 364 366 511 521 553 612 659 674 681 837 862 968 
25 11 171 189 253 278 379 380 397 436 464 465 509 546 669 709 795 803 818 838 877 898 908 924 978 984 
18 90 135 172 185 280 296 301 303 329 337 400 473 530 581 631 736 784 947 
15 134 142 188 192 240 405 407 421 422 460 717 769 786 866 906 
24 1 36 89 154 188 195 197 223 351 387 398 400 423 477 571 588 671 680 694 729 760 790 795 933 
14 36 59 64 114 269 310 361 372 402 614 716 726 736 948 
8 170 176 320 361 452 456 993 995 
20 11 55 81 118 193 320 358 446 464 512 617 631 635 661 676 732 737 767 858 966 
13 54 181 184 297 302 313 421 462 505 535 750 858 984 
17 53 56 140 156 181 270 274 323 378 413 527 591 637 647 795 941 973 
20 2 20 41 86 130 249 255 324 395 431 541 604 727 732 788 823 829 832 915 980 
25 45 49 51 81 95 100 109 227 241 269 312 348 364 376 383 492 602 707 760 787 849 855 888 929 931 
22 44 77 105 106 127 143 146 149 235 396 479 493 603 627 648 761 806 822 914 943 952 978 
21 10 15 37 38 78 79 113 174 199 214 219 307 357 458 469 556 642 718 727 804 840 
22 33 40 76 132 239 248 288 366 389 406 438 466 485 556 557 580 649 703 727 891 892 972 
19 36 77 104 273 281 371 518 519 684 748 749 778 786 796 820 912 919 942 949 
17 3 19 44 54 132 187 336 349 399 407 414 450 468 536 762 786 954 
20 39 88 241 242 428 567 615 627 707 709 715 718 723 768 785 806 849 915 932 981 
16 23 120 144 176 267 390 432 468 596 628 649 695 763 766 921 951 
22 56 80 165 184 228 233 297 344 346 540 555 564 590 599 648 701 767 791 809 917 988 990 
21 101 120 126 169 244 290 334 339 345 348 387 580 660 730 776 793 811 812 859 896 941 
20 1 13 18 169 276 278 374 483 517 525 547 559 578 627 641 644 683 731 768 900 
25 6 19 20 34 107 119 204 207 217 238 271 314 388 486 536 593 608 768 794 850 866 875 880 884 994 
24 17 39 41 99 148 246 315 368 406 419 428 449 494 596 609 682 728 867 876 878 892 916 984 987 
18 18 188 201 225 464 557 596 604 671 699 748 750 757 789 801 807 820 879 
27 44 61 80 118 155 163 230 238 267 272 288 371 406 409 477 478 479 502 509 605 715 805 924 961 977 991 992 
17 103 119 135 159 191 274 284 294 366 454 697 753 769 775 820 882 921 
26 46 88 293 304 336 380 519 533 579 630 699 713 731 785 809 836 854 878 880 911 925 949 956 962 977 984 
16 17 92 213 220 238 268 319 373 417 444 446 475 565 642 856 880 
20 10 35 66 186 203 214 226 245 270 287 303 496 506 523 542 569 750 772 784 893 
21 44 46 69 104 125 201 221 240 305 309 563 613 647 657 672 683 800 816 883 915 957 
23 5 17 23 55 79 110 168 200 238 241 290 303 342 360 364 419 442 617 677 779 789 898 902 
20 54 64 94 117 134 138 153 166 226 285 352 356 424 588 607 670 675 776 838 968 
24 7 32 42 137 158 214 266 373 375 387 503 563 565 580 653 675 705 805 807 840 841 933 938 941 
19 35 58 130 146 153 178 189 197 199 239 409 484 508 573 721 750 769 917 954 
8 3 357 367 458 541 570 937 992 
28 23 37 66 116 196 213 227 230 283 292 301 305 310 449 473 484 500 581 647 683 724 737 789 813 860 936 940 979 
16 0 36 89 168 303 377 434 435 464 501 610 666 688 895 914 977 
18 66 162 181 206 232 254 304 337 383 442 467 520 604 632 643 755 828 834 
18 19 20 30 35 70 295 385 457 645 648 678 695 724 830 898 914 959 989 
23 7 10 52 78 87 122 169 195 199 207 238 378 564 642 705 714 809 850 920 950 986 992 999 
22 149 219 229 249 334 368 416 431 453 470 478 483 520 542 572 601 661 678 710 817 830 933 
27 0 4 18 38 39 69 77 104 163 209 261 268 289 332 334 335 359 514 518 543 545 597 650 726 866 876 892 
21 1 72 76 118 157 186 239 314 358 401 407 408 558 649 654 693 704 783 814 865 971 
14 32 56 66 79 211 288 290 320 321 481 545 678 841 952 
19 117 130 131 196 219 269 327 337 358 550 590 661 799 804 818 822 883 963 986 
12 58 67 71 133 190 215 305 415 525 735 806 899 
15 153 165 211 216 267 288 344 402 512 524 738 830 906 908 916 
15 9 22 104 226 238 243 301 397 441 467 677 782 841 866 994 
20 55 80 105 214 353 470 534 552 581 673 714 725 760 768 780 787 815 818 883 993 
21 59 70 80 81 189 251 326 328 389 430 480 623 690 693 701 733 764 785 788 843 964 
11 197 256 329 383 395 413 423 618 625 669 708 
24 31 34 67 154 225 237 309 310 320 384 394 406 452 463 474 488 529 531 598 773 808 896 916 945 
20 12 38 70 128 283 304 325 371 469 482 560 616 670 671 776 797 874 917 955 992 
23 13 22 33 45 122 200 216 318 353 528 672 673 713 755 796 812 885 889 902 930 934 942 968 
24 37 45 57 260 314 321 337 414 432 440 477 518 520 522 544 558 605 659 736 743 798 815 877 969 
17 46 81 106 228 345 369 384 388 552 570 577 646 658 694 792 865 989 
25 0 79 107 112 156 198 309 313 417 433 478 494 559 595 638 665 672 726 749 752 753 860 885 935 976 
20 25 34 109 139 195 264 358 419 420 422 443 447 450 619 669 670 685 875 883 927 
18 54 61 146 256 389 434 474 533 605 654 661 699 762 828 838 874 967 993 
14 22 76 255 383 426 485 521 547 553 772 838 903 934 967 
32 31 39 98 156 181 206 240 246 319 330 334 408 544 551 575 579 614 627 663 685 696 724 754 819 850 851 852 855 865 881 905 969 
23 28 106 153 203 345 347 423 425 444 492 555 571 632 651 653 757 797 864 927 940 941 986 987 
21 4 45 265 323 346 363 382 421 423 493 564 629 634 652 663 799 932 944 966 969 976 
23 0 106 175 182 205 244 253 286 291 296 320 422 443 475 530 575 583 643 684 861 940 963 994 
24 9 76 104 204 218 333 349 352 398 464 470 498 542 577 597 647 674 685 778 811 822 824 853 897 
22 54 81 133 212 213 346 396 449 496 516 569 595 605 700 730 753 824 855 898 903 945 946 
20 39 78 136 196 208 277 296 299 319 388 440 486 600 655 767 777 843 849 885 899 
24 26 59 87 127 144 203 244 288 410 445 546 646 657 674 703 705 712 733 751 760 761 773 806 940 
16 9 90 322 332 386 419 440 451 494 500 569 636 694 783 903 949 
15 26 145 165 273 307 321 381 407 516 570 682 759 866 906 954 
18 282 348 356 384 420 466 498 519 571 595 646 656 742 800 833 886 889 919 
16 12 30 47 61 128 160 167 197 332 611 628 700 712 856 925 945 
22 46 47 50 60 104 108 212 294 295 298 326 332 334 373 487 630 727 816 834 836 915 934 
