200 1000
300 782
337 488
700 1160
260 602
484 648
31 149
63 140
295 1290
85 645
505 1438
70 971
649 856
382 1365
115 636
917 1904
373 626
25 132
421 605
564 1415
664 1215
851 1095
508 1063
296 687
267 1201
119 675
908 1799
67 73
732 1048
733 1163
754 1210
308 847
362 823
282 1195
869 1810
458 822
308 1001
67 415
709 1677
269 366
716 1153
420 971
932 1531
225 1040
685 1354
784 1185
153 270
641 1473
122 768
524 1264
425 1278
606 1044
470 593
24 310
863 1513
44 882
427 1259
460 1120
971 1684
174 959
263 946
829 1032
292 1274
679 1570
574 1357
262 742
818 1811
217 742
487 1373
276 372
905 1139
982 1215
262 834
492 677
847 964
882 1296
364 1286
162 488
804 1156
706 1573
82 511
699 790
133 652
108 968
744 1586
382 478
964 1127
371 1259
308 1145
854 1295
382 927
671 733
524 827
681 1293
472 1083
624 893
686 1636
435 531
610 1303
877 1483
263 427
675 999
808 1749
348 1243
467 654
468 902
626 829
498 1324
83 907
82 681
993 1586
497 1337
298 359
143 755
204 630
122 1006
334 1119
418 586
238 1171
156 245
660 1272
557 623
737 875
489 495
278 1239
5 141
835 1149
54 866
428 509
55 357
845 1438
592 1435
125 858
806 1761
231 1073
966 1014
229 740
627 1322
255 625
795 1628
138 270
746 1349
460 506
643 731
707 1220
376 919
715 811
358 534
603 1099
778 1453
439 1263
118 163
668 713
672 1646
653 924
153 411
403 616
295 516
318 1085
831 881
961 1860
407 583
301 975
983 1457
98 583
168 632
632 1336
500 1484
91 440
337 653
51 870
148 896
1 749
718 1461
115 982
33 886
395 675
429 1121
413 713
292 1258
483 642
630 908
120 132
409 749
198 506
982 1084
892 1074
878 1583
782 1335
529 1338
184 1108
486 589
849 954
970 1853
933 1635
103 198
656 818
977 1507
393 1182
345 1322
333 666
781 1690
994 1643
500 1353
477 528
955 1128
536 1186
800 1565
310 922
833 1125
710 1572
147 1015
601 1119
146 223
343 1204
966 1269
910 1484
768 983
328 755
768 1093
219 1013
740 741
286 826
344 1036
154 422
312 682
130 674
703 1132
660 714
257 1014
836 865
288 1249
51 847
232 444
436 669
99 941
646 1065
352 1206
216 745
846 1168
523 1297
111 640
827 827
366 808
926 1059
598 1520
145 392
258 515
410 967
621 1453
654 1121
227 929
640 1300
269 596
163 1123
320 525
939 949
531 1131
43 459
294 887
321 668
993 1570
798 1158
138 378
209 1065
273 492
545 1178
448 1113
999 1035
100 228
878 1069
171 933
881 1224
386 1160
998 1059
210 516
24 436
691 1003
955 1571
124 344
891 1413
81 367
193 824
37 670
12 454
892 1864
164 567
252 332
970 1219
662 972
743 1659
387 1234
935 1011
342 809
327 700
979 1575
565 641
660 1640
109 598
607 844
307 1027
136 1125
774 1479
687 737
72 739
594 1266
804 1063
94 756
572 914
726 1560
355 1334
298 479
826 1295
554 664
144 776
167 1030
66 464
999 1713
167 414
319 1038
640 790
928 1444
775 1445
844 1638
856 1079
124 378
821 1535
442 650
905 1564
214 1128
626 628
887 1024
505 802
131 1085
544 958
24 834
664 904
655 1475
170 441
136 735
829 1037
935 1381
698 723
700 1267
308 378
112 615
361 581
92 722
336 1068
944 1371
217 517
685 831
325 456
174 859
190 1075
761 1606
402 1209
731 865
448 1260
962 1916
264 361
628 933
760 1737
894 1067
241 539
420 1088
638 686
528 1367
535 1153
31 766
186 1122
329 779
381 866
966 1318
558 755
359 1073
615 1010
746 1293
23 507
904 1889
652 1011
50 614
605 1378
727 1060
392 1073
581 795
266 858
889 957
226 396
82 219
428 672
230 542
343 444
46 95
210 607
338 836
569 811
501 843
390 1002
187 301
882 1486
329 774
845 1539
481 680
783 1002
404 922
527 564
946 1648
524 1175
797 1303
780 1427
950 1726
489 1359
643 1331
329 516
51 697
738 946
185 195
549 1296
783 1738
587 653
351 1135
317 704
861 1742
869 1568
580 1400
630 1288
671 896
686 920
191 850
967 999
885 1074
984 1267
331 577
372 577
704 1213
920 1157
842 1211
798 846
160 926
784 1343
524 721
442 746
450 798
798 1018
627 1349
0 86
306 454
803 1629
914 1740
51 587
549 1312
394 987
714 1500
914 1096
414 717
548 867
879 1116
70 806
427 1259
160 824
139 629
148 660
878 885
461 676
181 244
599 617
188 854
26 117
885 1508
630 1210
964 1577
467 1261
725 1511
689 1216
887 1339
778 889
665 722
768 958
32 62
115 756
449 1266
82 753
57 368
205 1084
80 585
881 1588
793 1687
516 848
267 827
305 1295
530 590
454 602
2 413
382 533
836 1383
43 617
313 1097
945 1336
188 671
897 979
221 592
516 925
917 1840
288 967
227 987
321 1293
142 967
680 1110
638 1280
214 255
297 926
166 977
207 641
855 1784
83 782
345 352
931 1580
855 1055
758 1178
698 1636
971 1246
751 899
901 1153
1000 1413
272 1136
973 1289
176 307
967 1025
797 1318
254 799
646 967
112 360
458 862
622 970
547 569
644 886
407 1271
786 1275
877 1474
578 1183
374 1119
363 450
210 233
259 508
951 1452
229 609
858 1150
31 413
338 797
761 1290
599 746
611 1145
550 1404
5 616
409 1052
268 488
684 1596
373 1149
176 836
888 1545
533 992
978 1851
370 1366
714 1320
24 151
233 679
865 1268
832 1268
902 1459
926 1073
685 715
413 456
622 1245
515 1251
872 1293
323 386
213 534
608 1206
893 1293
288 1165
677 707
623 1162
32 940
907 1141
36 348
83 757
773 1044
106 483
823 1645
216 671
881 1540
468 855
907 1307
182 862
159 587
825 1760
871 1681
71 181
273 313
711 1020
428 1322
114 942
738 1118
265 521
183 703
289 985
136 1056
659 1288
709 1022
775 1583
939 991
297 556
527 829
819 1582
99 834
977 1493
868 1727
285 826
407 608
137 365
593 1286
723 839
244 266
712 1528
468 905
450 606
671 721
59 1028
202 808
958 1484
449 1319
181 1074
804 1090
756 1410
336 962
756 857
42 1021
731 1497
563 1022
672 1492
279 803
3 94
628 1135
94 382
864 1805
624 770
359 384
306 590
62 427
377 714
917 1229
474 1137
701 945
125 997
143 329
916 1913
375 1333
414 1085
238 284
897 1155
541 724
863 980
926 1483
731 1344
92 202
588 753
845 1668
762 1629
91 184
199 1156
155 514
451 1396
53 1049
953 1262
184 243
410 1069
8 545
582 1509
640 1000
946 1180
18 97
116 752
407 900
644 916
893 1104
513 1047
395 1353
25 514
70 635
527 1160
800 1535
324 594
142 649
248 852
395 594
434 780
51 381
116 759
905 1182
418 757
827 1339
989 1563
221 955
336 801
433 1015
835 1338
511 1150
223 528
125 635
172 858
555 940
976 1333
403 506
325 711
936 1128
442 1238
893 1411
258 1235
803 1172
314 509
621 674
344 512
507 1262
844 1023
310 757
64 431
55 343
77 626
803 1598
961 1180
464 707
539 1149
349 426
870 1002
950 1604
267 1115
279 588
684 735
281 470
521 786
737 1170
249 361
107 772
844 1187
663 786
637 1175
920 1704
993 1598
686 777
166 848
485 1272
441 714
346 744
77 587
897 1646
800 1371
629 1271
232 1057
590 1002
177 851
302 1004
976 1457
428 759
769 1426
287 820
199 989
444 1001
133 639
710 1230
948 1663
895 913
197 683
20 313
914 1604
550 1096
723 781
261 1078
490 1024
123 858
612 999
611 1504
916 988
282 1131
158 905
131 983
360 1312
713 1524
391 786
967 1363
392 990
691 963
796 843
407 749
884 1190
612 915
908 1717
706 1447
284 761
99 587
158 309
599 1322
495 720
194 986
302 1243
830 884
283 347
189 694
759 1252
850 1482
613 1542
241 673
759 1510
670 950
696 1174
396 614
853 1306
723 1323
928 1456
793 1563
922 1609
727 1560
704 1082
119 424
40 142
588 1395
883 1801
818 1746
954 1928
823 1796
651 1404
82 364
685 1242
14 769
594 1333
807 1408
711 1459
111 974
23 858
594 1405
443 663
199 926
474 855
571 1523
719 1422
571 640
490 783
136 645
33 859
486 992
12 492
201 301
293 527
779 789
155 387
453 942
790 1002
450 977
826 1305
380 1060
786 1295
760 1518
579 969
328 1289
768 1395
486 641
74 346
929 958
239 1108
22 201
669 1569
855 1737
916 1813
261 1189
795 796
66 584
650 689
871 1129
776 1301
75 376
193 829
190 935
517 980
4 540
772 1328
876 1067
834 1017
586 1092
986 1545
55 683
216 543
68 781
700 1149
374 1061
750 1026
551 805
430 691
330 1282
832 991
867 1153
316 1170
467 969
440 986
685 833
543 659
585 1230
590 1093
385 1239
432 1068
690 1185
394 1301
11 204
137 857
723 1716
35 88
283 595
518 1174
495 1090
137 403
247 1188
372 393
497 598
401 819
913 1285
621 1509
285 828
810 1691
891 1528
737 913
219 1170
739 1562
294 464
466 685
227 652
684 1133
179 270
24 163
992 1011
838 1576
240 518
566 1497
836 1284
226 389
470 831
862 1336
615 649
885 1147
315 535
456 1155
193 921
383 925
538 1420
289 1160
265 1032
685 924
55 177
471 863
382 774
257 1045
543 1315
484 827
26 598
585 700
450 699
447 1371
281 877
277 812
855 1240
507 937
292 477
909 1328
210 1178
705 1272
718 1471
28 722
342 667
509 570
336 506
667 987
585 1021
83 154
388 565
933 1722
233 684
611 1192
711 1570
629 1437
333 515
560 780
458 835
492 1417
729 972
787 1337
27 560
327 811
806 1725
785 1775
399 771
723 1375
366 878
305 680
24 29 69 81 131 148 167 285 297 304 312 332 485 548 597 659 669 686 714 741 793 802 816 882 907 
16 167 228 231 248 263 380 401 424 470 483 570 603 638 681 712 883 
26 35 41 59 77 115 120 267 270 311 388 410 471 483 514 556 561 562 769 803 824 832 898 899 902 933 956 
20 67 115 119 139 163 177 244 327 330 342 349 385 415 571 758 782 784 852 912 947 
25 99 117 130 150 155 185 206 289 403 485 501 517 547 608 621 659 699 747 787 804 820 843 925 938 966 
22 26 77 184 249 322 331 350 376 383 404 478 516 563 630 651 732 738 888 926 928 982 992 
15 72 122 123 128 236 243 414 420 432 644 685 700 835 845 856 
25 16 43 73 179 215 222 345 359 400 424 438 449 516 525 527 580 634 677 704 847 861 873 875 896 981 
22 47 96 169 236 382 486 569 573 574 593 597 694 712 715 742 783 818 846 867 918 927 990 
16 60 119 171 252 276 442 485 504 510 528 688 699 703 863 940 964 
29 44 119 147 169 186 195 220 246 267 282 328 469 474 491 583 589 612 670 673 698 730 812 818 860 872 886 914 941 998 
12 31 213 429 528 582 625 649 743 801 841 882 994 
21 15 79 81 154 230 236 246 354 372 408 457 509 525 626 673 701 847 869 915 923 924 
15 95 175 316 330 458 467 501 570 578 699 737 761 912 959 975 
19 20 44 148 172 204 260 365 368 397 448 524 561 584 598 690 707 756 813 868 
15 40 71 193 248 254 292 398 405 427 627 671 727 882 913 946 
20 7 69 139 192 316 348 385 400 403 425 446 510 521 538 742 778 779 854 915 925 
23 23 42 81 87 108 250 322 325 406 427 596 607 613 661 713 740 805 843 904 929 938 945 950 
15 0 22 65 68 113 131 294 398 508 746 749 824 838 881 991 
22 163 277 313 349 370 430 434 458 508 517 602 629 650 659 711 736 761 853 891 944 955 987 
29 7 30 67 128 151 212 361 381 384 437 463 464 478 499 526 531 532 533 566 570 594 641 655 656 675 742 914 916 977 
24 4 69 138 153 181 214 362 364 368 373 428 502 516 546 652 676 756 806 825 860 865 923 928 950 
16 14 42 58 91 141 221 462 598 630 667 760 857 873 909 913 976 
24 34 76 118 251 268 402 452 496 560 575 587 633 639 641 642 657 716 719 758 909 912 973 984 989 
20 57 98 145 209 280 293 313 349 380 419 445 448 536 544 654 669 742 756 817 837 
23 83 115 190 258 271 286 401 458 551 552 607 717 726 728 735 742 804 815 822 867 918 929 930 
22 24 82 87 120 151 222 223 224 305 414 447 489 498 513 557 566 574 613 724 802 942 991 
21 19 33 74 112 147 268 274 313 378 397 446 508 528 547 645 698 737 799 811 903 942 
21 0 27 116 133 163 331 337 375 402 515 518 649 663 670 673 736 737 758 789 835 981 
17 21 39 81 183 225 277 278 374 432 527 602 626 780 812 826 845 912 
24 71 121 147 196 217 265 328 373 381 407 470 472 514 570 586 601 606 613 641 700 746 873 938 994 
21 2 5 32 88 116 143 155 387 484 548 649 698 729 778 781 800 805 838 848 915 936 
21 0 7 114 181 189 399 413 436 468 476 547 557 595 673 713 776 817 825 850 856 945 
15 15 28 116 150 238 239 406 449 464 491 508 644 726 889 962 
18 18 20 25 49 125 128 205 277 327 328 364 564 629 659 714 902 955 997 
22 39 74 105 110 146 165 173 195 215 236 264 350 392 404 473 572 667 698 721 740 814 963 
18 9 26 78 157 197 213 306 446 538 561 609 632 679 716 787 849 917 937 
27 16 100 105 116 142 162 195 234 290 307 315 348 445 460 473 479 524 549 610 645 680 708 719 730 849 916 971 
23 84 110 119 220 221 226 239 260 426 478 515 519 531 575 599 728 732 736 742 849 855 896 994 
22 173 189 198 204 227 274 284 286 301 348 359 400 414 433 436 488 505 559 564 716 792 992 
29 62 90 129 289 313 347 352 361 366 375 401 409 425 461 465 484 504 550 559 569 570 586 609 689 713 730 757 786 973 
22 70 139 148 239 328 363 410 499 535 536 546 597 620 624 646 696 701 799 819 884 957 980 
23 120 123 131 269 313 332 346 417 423 465 494 597 610 745 809 821 823 828 840 870 877 951 960 
19 0 16 21 82 86 115 140 272 386 412 450 465 479 495 669 691 701 799 829 
23 16 92 96 148 197 265 302 382 447 464 559 727 771 817 821 822 831 850 851 883 955 988 995 
20 4 108 147 179 203 278 296 417 425 428 456 484 521 546 584 651 759 835 842 951 
15 121 243 291 295 474 479 503 522 573 605 635 643 780 790 882 
17 44 150 198 448 459 470 587 592 676 692 745 789 826 859 876 884 939 
14 45 57 98 186 202 519 530 548 551 697 778 844 966 977 
17 58 61 129 145 310 317 387 423 474 560 582 600 668 743 774 783 830 
18 31 41 229 247 291 292 450 464 587 601 635 650 671 804 881 922 954 970 
27 13 17 24 27 50 86 96 148 202 207 257 361 393 507 522 582 584 604 628 633 666 737 845 848 874 879 891 
24 36 73 125 177 185 349 392 424 440 574 640 649 660 665 752 759 772 798 822 839 926 939 947 997 
16 68 81 118 134 140 197 375 384 477 492 581 767 771 801 849 911 
19 72 165 196 216 236 247 256 257 269 395 405 408 546 655 791 838 858 888 962 
20 2 83 185 241 385 417 425 445 496 583 595 744 798 803 836 845 874 904 974 981 
10 106 202 446 486 502 634 687 701 770 963 
17 100 102 106 148 149 151 253 362 476 619 697 755 808 810 825 827 866 
22 18 124 128 159 190 229 242 249 257 279 281 355 571 642 708 726 779 875 877 891 911 993 
27 10 28 68 88 105 138 238 285 315 397 403 440 466 483 511 555 561 645 648 711 723 785 787 792 798 928 983 
21 138 139 164 168 218 288 296 308 333 360 392 446 497 518 617 726 745 756 790 961 999 
16 51 111 183 196 328 450 458 468 674 743 898 902 925 956 983 996 
26 37 56 71 87 93 143 149 178 331 338 394 428 496 533 569 620 621 663 712 824 840 892 941 962 968 989 
20 188 191 213 232 324 475 513 531 561 682 690 774 777 787 815 816 837 894 960 987 
26 5 26 40 75 238 383 396 432 434 447 469 489 493 515 548 575 577 604 614 636 687 739 789 846 858 876 
9 15 114 219 254 490 539 615 666 803 
18 59 62 101 191 234 291 317 368 451 611 634 671 706 759 778 819 857 892 
24 140 183 205 213 240 242 253 286 370 381 405 496 498 514 552 573 657 678 794 808 845 901 948 978 
27 6 19 30 73 116 165 229 248 278 386 393 416 445 486 526 601 607 613 714 731 792 815 885 973 979 996 998 
24 97 107 118 294 469 475 491 494 537 598 625 651 733 766 853 856 873 877 887 897 905 911 917 927 
15 9 40 141 174 180 192 214 332 433 485 570 600 773 798 928 
16 46 162 187 209 241 320 344 393 560 577 623 684 702 740 932 964 
28 0 11 22 33 64 71 73 106 138 183 239 246 382 433 484 526 534 542 584 652 653 681 686 771 850 885 906 987 
22 44 69 243 259 295 300 318 330 387 498 508 510 533 571 597 625 705 814 817 836 864 911 
25 6 39 58 174 176 200 206 280 310 315 375 383 392 397 452 506 520 528 616 726 790 905 916 934 997 
25 137 159 180 232 257 333 427 435 442 481 487 496 546 552 559 560 639 648 679 686 757 795 798 856 919 
24 2 76 107 112 119 271 315 334 387 403 451 543 559 590 652 788 800 812 837 840 884 887 922 986 
17 123 245 262 333 486 603 642 658 666 688 702 710 726 756 787 858 971 
18 6 13 91 258 415 459 532 622 649 713 768 816 835 919 929 933 949 982 
17 3 40 96 153 155 165 174 270 319 415 427 476 487 525 668 757 841 
18 102 124 312 371 438 461 488 519 616 635 710 798 813 881 914 961 974 983 
26 1 20 46 48 131 177 187 274 299 306 385 393 436 498 551 703 717 727 772 802 806 864 869 949 976 990 
22 16 32 37 93 184 223 246 273 291 327 542 582 617 641 650 663 801 836 854 935 940 970 
18 206 226 229 318 340 374 535 615 623 678 738 751 784 811 891 927 929 961 
23 120 128 183 194 235 264 287 292 297 312 343 367 490 556 593 656 691 798 814 933 952 956 988 
21 45 154 175 196 274 297 312 332 419 438 446 466 496 497 606 620 682 715 791 810 860 
20 34 195 282 320 357 395 422 433 556 563 660 722 751 773 802 825 851 876 929 951 
27 135 186 221 225 261 293 338 365 368 400 445 482 485 525 548 569 578 579 608 674 801 841 854 866 934 943 947 
26 75 80 112 138 164 249 257 291 319 351 477 589 598 742 749 764 807 814 841 848 852 880 884 905 958 969 
8 166 201 244 277 279 481 507 709 
17 3 30 156 236 417 484 503 520 543 554 587 609 686 711 833 835 959 
26 30 41 83 86 130 183 186 189 256 285 319 342 369 377 501 543 621 640 641 727 834 857 861 893 987 998 
20 42 121 139 150 182 194 369 412 443 565 626 680 711 781 798 846 857 900 944 961 
18 4 297 369 525 553 627 630 650 681 718 734 804 807 830 851 878 891 965 
16 3 39 66 115 128 144 202 277 287 323 340 382 401 795 853 870 
16 30 121 295 372 420 543 581 585 611 693 702 788 831 842 895 923 
20 82 110 219 223 254 268 305 371 376 483 572 631 782 870 886 907 909 960 991 996 
13 105 145 185 276 381 426 486 526 534 576 668 877 954 
23 43 165 266 273 300 341 402 407 414 429 432 448 525 608 631 643 675 677 693 768 799 887 902 
21 17 25 47 195 275 390 485 489 554 564 592 632 659 778 801 823 842 876 879 936 942 
17 5 30 75 215 305 306 308 311 485 493 509 667 789 801 839 856 943 
21 97 118 164 182 219 295 350 409 416 438 488 495 549 588 589 662 712 715 901 917 958 
24 18 48 61 74 104 108 109 133 175 447 514 630 637 651 683 696 719 729 805 822 835 838 938 995 
22 67 71 89 153 204 220 224 231 249 337 439 453 487 553 581 588 592 666 708 796 850 862 
24 4 6 25 26 56 60 122 230 252 312 321 394 429 464 591 621 760 765 838 926 932 939 987 992 
19 19 122 129 168 184 236 487 489 493 497 527 573 614 704 740 741 791 804 906 
19 8 64 166 233 363 407 415 424 435 448 529 569 583 638 661 711 785 959 988 
22 130 143 167 241 256 287 294 309 338 428 484 505 615 616 637 793 829 830 901 903 931 975 
17 2 284 353 356 383 388 439 465 526 585 590 739 874 904 934 955 968 
24 63 78 129 142 237 272 275 284 345 384 396 529 567 722 741 789 793 820 840 869 908 948 965 971 
22 21 39 70 72 201 246 288 342 363 366 369 468 496 540 542 606 691 715 740 756 946 963 
15 207 327 339 374 401 452 534 613 748 761 787 878 887 889 935 
23 9 132 155 171 201 205 224 330 369 396 416 465 467 483 503 542 620 623 839 871 873 876 901 
21 1 13 39 68 158 216 233 337 339 344 458 586 614 676 690 703 728 776 806 838 913 
21 1 16 31 36 99 101 188 229 256 314 320 327 618 620 661 823 879 892 917 918 944 
11 419 467 472 499 562 664 729 770 824 955 976 
16 3 49 107 117 274 480 545 560 584 635 666 828 880 892 893 942 
12 54 161 173 203 213 386 415 492 585 866 873 926 
18 32 130 158 260 309 476 479 486 490 549 590 662 689 731 790 814 883 902 
19 0 40 41 52 63 79 140 190 303 392 474 510 600 629 680 744 800 878 922 
19 51 55 56 148 232 267 353 530 547 581 606 714 763 818 844 922 935 957 990 
26 1 8 53 86 212 248 252 262 310 317 384 394 433 445 471 618 636 652 653 677 704 750 797 846 912 993 
20 9 81 87 149 152 255 293 307 410 574 616 628 643 687 690 817 843 906 941 981 
23 5 23 40 107 151 175 184 205 212 228 341 392 446 525 576 638 684 705 741 773 815 835 871 
23 8 17 92 208 234 238 353 390 434 491 575 583 597 599 608 610 674 707 890 922 938 950 990 
21 14 24 59 171 207 222 391 401 433 488 624 625 633 643 656 676 770 790 930 958 960 
20 97 130 147 170 284 291 309 402 437 508 509 563 620 650 688 720 743 893 894 992 
24 33 136 138 147 185 271 276 300 316 348 394 449 591 613 660 700 717 781 785 788 809 819 970 994 
14 31 106 129 394 435 449 487 562 630 788 926 930 973 983 
17 17 96 212 226 280 306 346 354 356 413 642 706 816 878 881 886 952 
17 1 17 90 189 250 349 360 399 462 571 580 582 644 675 721 891 985 
14 240 276 301 304 326 445 565 597 608 803 859 888 903 922 
16 53 89 166 178 338 369 483 499 523 650 655 688 757 899 908 948 
16 86 163 242 284 368 464 475 492 547 579 582 670 723 814 866 924 
22 19 160 163 166 212 316 523 542 586 588 602 652 659 691 705 713 752 760 795 799 946 984 
16 77 98 199 237 284 359 407 411 484 526 550 643 705 724 855 924 
17 1 150 188 279 285 340 546 686 695 711 749 823 866 867 871 873 877 
19 20 25 101 118 190 195 199 336 337 434 448 488 506 567 602 620 666 763 874 
27 12 31 86 113 152 237 268 370 381 436 452 465 529 541 622 687 710 736 773 779 807 839 840 873 904 911 971 
19 10 16 29 48 94 152 196 217 314 441 444 454 546 591 605 816 958 960 990 
17 12 35 73 75 98 110 169 269 437 549 550 599 607 665 744 759 806 
18 34 67 170 201 258 335 372 480 500 526 558 559 560 572 584 675 717 762 
24 42 184 247 257 259 349 390 393 454 473 497 499 530 550 599 741 776 782 827 867 920 930 959 987 
18 8 71 111 126 149 237 247 298 367 391 539 679 688 702 707 775 788 967 
15 35 41 90 226 275 283 348 477 485 562 601 603 710 790 863 
27 12 50 57 65 89 128 136 141 218 258 304 314 329 341 392 395 468 502 538 549 559 563 585 720 775 819 845 
18 47 87 150 157 191 281 296 305 315 360 384 437 455 566 740 847 868 901 
28 7 57 88 132 201 203 237 298 339 392 404 426 469 492 553 571 649 697 712 738 744 754 818 874 923 940 956 967 
33 11 67 72 147 164 208 212 217 239 323 371 382 383 455 473 488 506 527 537 647 711 778 783 802 814 832 836 852 925 928 932 957 995 
20 43 147 188 250 467 480 486 488 498 613 640 682 683 710 805 834 842 846 962 999 
13 51 148 220 307 365 500 504 639 660 780 800 924 972 
20 83 212 238 246 269 304 460 487 553 597 706 714 779 801 811 822 860 974 985 987 
22 2 33 49 122 144 221 252 304 362 383 389 400 415 465 473 500 578 753 760 789 822 847 
26 28 68 227 229 239 273 285 339 395 426 509 532 540 548 646 660 668 710 718 727 796 809 839 858 861 931 
21 23 36 82 123 220 329 395 447 458 487 496 505 512 674 686 692 756 794 835 895 903 
20 74 109 112 135 137 216 275 294 299 393 421 430 555 699 715 738 771 890 913 921 
21 0 39 67 125 153 235 321 381 423 441 491 697 728 767 770 788 848 859 894 946 993 
25 59 111 154 164 222 313 324 329 378 388 423 432 508 509 527 697 757 800 829 839 866 884 930 956 970 
15 23 61 129 200 227 230 263 307 327 447 522 601 689 866 989 
16 60 158 195 269 355 520 607 622 699 703 748 807 820 822 939 982 
19 24 109 149 164 174 195 255 338 453 587 599 658 662 728 771 862 897 931 953 
10 37 351 434 459 493 500 577 593 658 664 
13 22 45 126 359 371 474 475 517 554 710 901 941 975 
25 29 58 133 164 166 192 213 230 233 308 344 359 411 431 432 501 551 617 644 739 792 823 826 894 923 
20 50 57 251 261 368 508 583 597 609 698 733 747 753 764 795 800 803 910 986 995 
13 58 73 113 134 267 405 431 470 579 631 639 881 889 
18 138 154 163 176 329 403 464 473 517 536 558 621 622 623 754 758 791 952 
19 46 144 237 298 308 312 314 343 360 418 445 473 528 542 585 667 726 838 965 
18 131 220 322 451 466 502 511 615 689 731 787 797 810 824 827 846 883 937 
15 178 199 215 237 340 418 463 473 547 586 602 815 847 852 872 
11 84 115 251 475 486 532 549 647 697 736 842 
20 60 72 78 168 197 219 225 256 270 276 299 325 337 361 368 400 416 460 543 725 
21 17 32 107 143 214 219 251 339 358 389 462 568 572 632 683 698 791 800 833 907 988 
18 39 62 170 206 237 305 348 368 377 393 409 414 525 794 841 905 914 927 
18 20 68 105 139 187 267 373 418 450 477 629 661 673 736 750 766 848 931 
14 74 77 117 185 292 670 686 780 821 836 927 932 972 991 
23 43 85 96 97 103 379 449 461 483 559 562 621 638 645 653 654 662 695 737 814 903 914 981 
25 0 5 75 111 179 204 214 231 286 292 314 341 348 494 496 606 642 697 747 765 856 875 904 923 947 
18 100 108 131 141 156 238 256 275 304 366 512 550 561 618 677 892 922 964 
18 1 6 99 172 211 256 278 311 379 386 466 581 589 651 687 759 794 940 
29 11 124 149 236 237 288 318 337 408 483 490 535 544 617 639 684 774 793 803 815 826 827 828 844 875 910 924 943 991 
18 18 71 193 231 373 396 423 446 546 638 729 746 762 772 818 875 970 985 
21 96 109 114 161 176 214 230 244 276 329 514 614 620 624 667 700 758 782 856 868 972 
18 89 117 142 156 173 225 382 418 450 544 581 600 632 741 784 786 792 986 
23 18 72 96 129 152 157 163 203 247 266 449 515 527 547 640 750 761 843 866 885 908 981 984 
16 19 56 74 184 268 432 614 654 664 719 727 740 762 808 911 957 
28 4 18 52 116 128 163 241 259 374 393 396 503 564 565 583 610 613 675 704 706 720 745 838 882 885 925 989 993 
20 69 88 117 198 352 354 365 367 370 416 482 511 540 588 597 622 640 647 721 956 
19 14 21 76 146 174 180 293 392 492 576 594 692 777 799 805 859 886 919 921 
20 72 186 210 331 351 381 400 451 466 508 527 560 627 654 740 772 847 955 957 961 
16 47 151 187 219 221 250 259 271 386 516 646 676 709 788 913 920 
21 10 142 240 281 296 343 404 414 419 432 478 489 539 622 657 678 687 779 796 808 841 
24 27 42 46 132 160 173 229 241 242 350 406 590 598 633 669 719 743 816 837 857 895 925 938 948 
22 56 82 183 253 261 302 398 467 594 603 613 629 694 775 799 802 896 903 916 959 963 970 
26 3 16 48 56 79 108 210 260 376 484 508 531 537 569 624 640 661 674 712 716 838 839 893 902 936 953 
14 176 232 275 290 352 377 497 700 701 840 924 949 955 972 
18 22 38 222 227 274 321 435 526 547 639 651 672 685 741 770 915 957 989 
14 16 127 130 240 253 268 402 432 530 552 634 638 659 958 
23 88 106 177 224 267 279 284 372 389 406 490 494 529 543 588 623 631 851 857 862 883 982 988 
23 2 27 45 76 223 236 240 262 270 272 359 385 453 518 555 560 600 653 693 748 781 817 888 
