200 1000
471 1259
657 922
647 1461
247 1126
452 693
810 905
511 1034
386 1151
911 1270
160 397
556 1043
443 1284
438 1326
762 1059
554 745
292 621
753 1661
952 1415
869 1209
674 980
538 1322
956 1110
24 123
919 1263
517 819
292 430
897 1031
448 803
985 1308
844 975
281 556
796 966
920 1021
209 802
506 666
672 1569
603 741
168 829
530 1350
701 1383
856 1739
826 1257
26 265
347 1330
443 1379
228 1228
890 1775
342 1178
286 1215
818 854
579 1412
344 1170
708 1044
508 1484
507 1418
925 1637
667 1584
753 1057
623 897
546 563
114 436
431 1127
804 1408
837 1174
3 328
425 714
846 1665
714 869
722 916
324 391
184 624
581 1538
937 1677
552 1302
175 550
736 1679
518 1459
913 1052
383 1062
938 1088
234 767
239 798
103 933
110 419
363 897
326 741
684 1268
674 1289
57 914
204 925
624 1323
569 620
564 1183
878 947
74 326
334 842
750 1612
451 1145
108 276
220 294
559 1533
735 894
352 1026
807 1746
648 1365
441 718
645 1530
72 316
371 623
105 475
466 856
733 1036
272 362
716 1389
564 849
132 1062
665 988
137 549
65 316
179 548
622 1603
540 1479
930 1401
941 1593
217 1206
612 1590
498 1222
299 1059
613 841
69 142
179 959
476 1418
163 518
762 1140
641 1138
1000 1543
566 715
880 1203
355 907
831 1271
545 832
692 934
479 1333
704 1456
204 817
670 1079
963 1202
604 651
765 1426
75 1071
257 406
399 1286
146 343
798 1517
641 901
559 656
885 1743
295 1011
533 635
334 1321
518 1000
619 708
828 1614
875 1605
188 937
414 740
663 884
369 1098
853 1258
70 578
421 958
379 522
190 737
743 1652
36 814
980 1336
412 1278
281 535
145 585
159 1025
367 505
329 1064
287 419
869 1580
109 495
362 378
626 1444
831 973
634 1310
114 425
2 832
361 459
117 834
344 586
116 603
463 897
213 1079
964 1262
693 1480
82 275
879 1039
33 719
725 806
399 773
639 1210
935 1859
651 1237
35 806
67 948
587 637
311 397
170 329
416 1201
25 888
613 1606
48 763
964 1641
222 440
967 1443
651 867
624 993
727 759
884 1298
317 1198
358 812
178 1002
353 567
345 841
679 995
590 787
696 1205
210 700
600 1346
201 990
400 988
559 602
305 714
790 1155
30 78
282 1122
84 775
780 1178
688 914
928 1316
468 595
906 1659
558 1150
611 1475
388 918
241 629
289 964
92 782
527 1447
35 272
742 800
387 440
623 932
402 780
728 1594
349 944
906 1740
948 1437
523 1279
191 598
76 713
70 852
966 1229
823 1776
410 1060
299 1249
243 654
837 1437
738 1457
449 1035
40 590
478 1447
625 970
542 1014
497 906
270 628
561 812
783 1093
868 1812
304 321
51 475
805 1705
140 799
156 1009
644 1290
88 351
959 1102
583 664
38 679
656 1343
912 1044
368 520
147 512
679 1116
939 1125
676 1601
133 370
580 1465
238 520
571 1318
81 959
596 1273
791 1511
502 1155
292 1189
603 1166
783 954
255 1202
213 521
177 579
241 928
70 987
152 957
487 726
952 1624
479 973
657 1146
374 710
997 1709
895 1217
471 1031
255 462
316 1025
309 953
74 1042
213 681
995 1794
69 771
841 1603
694 1670
897 1077
924 1346
502 900
650 1463
948 1576
886 1208
238 912
642 923
754 1358
870 1296
153 923
7 452
295 807
979 1037
36 409
96 847
405 1030
339 1266
693 1458
899 1407
725 908
444 1221
569 644
726 1231
511 1331
273 329
109 377
806 1321
49 732
790 1669
21 960
470 1187
561 1530
657 1481
171 711
574 1187
877 1776
945 1323
759 1425
324 1263
924 1890
567 691
385 576
798 1297
375 838
457 1434
544 1368
571 1378
921 1820
701 736
633 1526
259 573
667 966
567 665
73 515
174 742
888 1225
367 730
862 1144
694 1617
736 770
770 1162
682 973
813 1400
206 271
854 981
812 1261
2 934
199 477
28 207
45 416
970 1939
469 672
215 712
66 246
338 1320
900 1027
9 151
211 548
743 780
18 282
62 391
647 1053
793 1689
420 953
159 1087
750 1034
134 808
78 499
956 1245
686 1441
460 1310
987 1817
287 747
489 734
958 1442
378 1263
656 1362
757 920
456 1453
736 1294
974 1889
364 684
787 1596
322 1293
858 1665
988 1165
497 714
182 250
989 1149
710 1243
899 1449
284 1253
52 603
491 1261
295 745
143 489
651 1334
362 895
632 955
367 828
630 1199
57 964
809 1472
680 1056
308 517
177 455
508 1119
987 1473
343 520
134 328
24 901
108 357
379 1154
543 543
392 412
851 1793
992 1856
68 538
83 349
593 651
47 1044
437 1000
975 1084
241 756
343 1033
800 1463
157 459
114 550
533 1234
21 351
738 859
460 1022
734 942
684 1348
46 331
234 443
307 503
741 1194
676 1193
332 1129
909 1797
209 722
125 621
559 1333
493 1269
196 591
731 928
201 684
864 1411
643 1063
999 1571
766 1598
884 952
13 997
452 1167
508 1442
184 343
686 849
117 962
312 537
722 1258
874 1332
837 1360
85 862
840 1615
456 1245
519 1407
166 666
882 1428
555 1125
211 1114
670 1110
266 964
176 543
470 1260
729 1157
272 477
915 980
576 1468
415 975
767 1670
977 1137
157 1030
394 1363
375 578
901 1129
604 1268
485 1058
201 969
144 1137
428 762
364 376
587 1442
955 1408
703 932
546 1266
728 1143
738 747
792 1012
606 775
292 1121
561 1179
288 673
456 1046
349 643
448 1250
910 999
487 921
504 1145
559 606
260 374
283 1072
280 362
808 1200
564 645
852 1354
276 738
193 205
611 1159
799 1634
122 195
260 855
818 1648
609 690
513 1501
626 1236
299 543
406 967
353 675
807 1166
402 1090
487 695
456 609
292 703
584 814
530 1454
623 1468
778 1318
538 1537
605 1519
978 1750
565 1000
48 290
780 795
849 1598
688 929
390 1293
273 1225
895 1880
874 1751
104 746
649 798
154 155
510 560
925 1433
202 249
388 1233
984 1788
807 1696
91 653
356 521
723 1081
479 1221
57 921
350 1294
63 138
187 979
89 742
777 1755
726 1654
714 1109
390 717
132 883
172 786
500 779
794 949
631 1395
490 928
677 1242
397 1092
403 1283
177 891
990 1550
975 1344
611 1150
229 1193
813 982
194 1161
417 604
155 986
821 1456
883 1354
211 571
788 1410
736 1548
878 1627
361 1022
8 172
79 709
967 1078
741 1497
114 798
609 1195
3 941
989 1911
616 751
534 639
306 375
934 1237
383 712
170 195
763 1131
824 1542
970 1556
577 1281
599 631
626 1220
631 743
141 1020
647 826
864 1792
119 549
459 948
381 728
780 1411
1000 1646
662 990
435 1037
961 1026
302 1075
41 526
672 1045
675 1602
830 1143
383 1109
219 302
819 862
206 1019
387 912
729 1312
884 1288
643 1337
381 405
791 1749
427 611
243 716
434 608
966 1850
504 1057
678 1632
678 739
601 913
509 542
6 591
895 1183
565 973
725 1628
789 1516
810 1168
447 851
213 1135
882 1099
868 946
667 722
165 298
239 614
745 1587
839 1263
992 1409
780 1001
338 881
827 1196
606 694
230 607
437 1161
607 1151
81 756
222 326
956 1900
215 503
502 566
85 540
130 1044
546 1079
931 1818
452 904
912 1119
647 1166
260 1124
975 1835
606 714
463 941
139 750
655 972
408 1387
720 1229
143 821
696 1562
790 1734
151 859
52 838
231 688
842 1547
136 709
793 1721
764 964
376 1046
10 370
180 607
104 223
627 1483
825 1003
485 965
934 1382
133 996
139 805
536 1008
528 866
653 1260
202 1095
301 1257
549 1036
512 569
653 1227
676 1478
182 183
871 1322
650 979
625 940
94 1012
405 697
148 966
544 826
350 561
729 1358
288 677
377 991
908 1547
48 78
434 574
132 310
711 1417
968 1361
744 1109
988 1493
70 1015
928 1128
939 1862
987 1574
935 1101
454 1068
242 1099
860 1234
554 1421
859 1498
980 1185
116 186
877 999
170 290
61 1040
962 1850
68 138
235 339
797 971
372 1243
319 703
443 1189
430 830
118 289
23 941
304 578
169 1041
663 1131
976 1212
589 1234
534 882
519 1138
319 767
200 1075
622 877
685 750
664 1468
181 917
628 951
676 697
25 988
177 1109
796 1335
339 1331
156 658
849 1037
542 749
611 956
332 635
801 1351
191 333
417 468
349 691
483 570
897 1544
598 1467
250 866
707 977
842 1681
290 1088
224 652
716 1370
436 913
33 296
894 1145
733 1195
524 1279
829 1514
955 962
915 1686
767 1325
556 905
851 1331
84 471
834 1002
266 1082
794 1715
573 1471
720 740
102 527
742 989
444 962
703 881
881 1727
873 1500
564 1439
121 964
723 1133
306 416
426 704
523 1155
305 709
99 1077
72 709
470 1079
315 1255
842 1490
272 870
714 1192
773 1094
379 777
945 1081
660 998
157 456
784 1420
892 1162
703 748
306 967
611 1368
420 589
987 1733
852 1153
676 941
372 1075
247 573
161 615
96 169
979 1705
1 633
706 1615
880 1464
971 1426
670 676
619 935
362 1117
436 537
143 351
478 494
365 688
939 1435
243 375
550 1463
323 1000
119 559
678 1239
841 1835
86 575
923 1011
784 1387
487 858
175 218
126 385
879 1143
558 1435
500 711
863 1376
146 304
571 1326
560 1224
428 1324
81 417
621 645
685 1205
433 675
336 361
928 1349
461 672
324 798
752 831
871 1769
150 566
46 298
492 788
878 1164
312 337
624 1480
483 1163
631 863
9 729
410 899
937 1542
234 446
951 1316
496 590
698 1311
859 1240
436 925
405 564
43 222
912 1649
52 500
258 1139
466 1447
815 1541
4 144
794 939
1000 1896
613 1152
409 573
178 491
964 1713
333 436
330 792
886 1067
291 572
191 664
955 1240
174 282
264 630
466 515
24 29 69 81 131 148 167 285 297 304 312 332 485 548 597 659 669 686 714 741 793 802 816 882 907 
16 167 228 231 248 263 380 401 424 470 483 570 603 638 681 712 883 
26 35 41 59 77 115 120 267 270 311 388 410 471 483 514 556 561 562 769 803 824 832 898 899 902 933 956 
20 67 115 119 139 163 177 244 327 330 342 349 385 415 571 758 782 784 852 912 947 
25 99 117 130 150 155 185 206 289 403 485 501 517 547 608 621 659 699 747 787 804 820 843 925 938 966 
22 26 77 184 249 322 331 350 376 383 404 478 516 563 630 651 732 738 888 926 928 982 992 
15 72 122 123 128 236 243 414 420 432 644 685 700 835 845 856 
25 16 43 73 179 215 222 345 359 400 424 438 449 516 525 527 580 634 677 704 847 861 873 875 896 981 
22 47 96 169 236 382 486 569 573 574 593 597 694 712 715 742 783 818 846 867 918 927 990 
16 60 119 171 252 276 442 485 504 510 528 688 699 703 863 940 964 
29 44 119 147 169 186 195 220 246 267 282 328 469 474 491 583 589 612 670 673 698 730 812 818 860 872 886 914 941 998 
12 31 213 429 528 582 625 649 743 801 841 882 994 
21 15 79 81 154 230 236 246 354 372 408 457 509 525 626 673 701 847 869 915 923 924 
15 95 175 316 330 458 467 501 570 578 699 737 761 912 959 975 
19 20 44 148 172 204 260 365 368 397 448 524 561 584 598 690 707 756 813 868 
15 40 71 193 248 254 292 398 405 427 627 671 727 882 913 946 
20 7 69 139 192 316 348 385 400 403 425 446 510 521 538 742 778 779 854 915 925 
23 23 42 81 87 108 250 322 325 406 427 596 607 613 661 713 740 805 843 904 929 938 945 950 
15 0 22 65 68 113 131 294 398 508 746 749 824 838 881 991 
22 163 277 313 349 370 430 434 458 508 517 602 629 650 659 711 736 761 853 891 944 955 987 
29 7 30 67 128 151 212 361 381 384 437 463 464 478 499 526 531 532 533 566 570 594 641 655 656 675 742 914 916 977 
24 4 69 138 153 181 214 362 364 368 373 428 502 516 546 652 676 756 806 825 860 865 923 928 950 
16 14 42 58 91 141 221 462 598 630 667 760 857 873 909 913 976 
24 34 76 118 251 268 402 452 496 560 575 587 633 639 641 642 657 716 719 758 909 912 973 984 989 
20 57 98 145 209 280 293 313 349 380 419 445 448 536 544 654 669 742 756 817 837 
23 83 115 190 258 271 286 401 458 551 552 607 717 726 728 735 742 804 815 822 867 918 929 930 
22 24 82 87 120 151 222 223 224 305 414 447 489 498 513 557 566 574 613 724 802 942 991 
21 19 33 74 112 147 268 274 313 378 397 446 508 528 547 645 698 737 799 811 903 942 
21 0 27 116 133 163 331 337 375 402 515 518 649 663 670 673 736 737 758 789 835 981 
17 21 39 81 183 225 277 278 374 432 527 602 626 780 812 826 845 912 
24 71 121 147 196 217 265 328 373 381 407 470 472 514 570 586 601 606 613 641 700 746 873 938 994 
21 2 5 32 88 116 143 155 387 484 548 649 698 729 778 781 800 805 838 848 915 936 
21 0 7 114 181 189 399 413 436 468 476 547 557 595 673 713 776 817 825 850 856 945 
15 15 28 116 150 238 239 406 449 464 491 508 644 726 889 962 
18 18 20 25 49 125 128 205 277 327 328 364 564 629 659 714 902 955 997 
22 39 74 105 110 146 165 173 195 215 236 264 350 392 404 473 572 667 698 721 740 814 963 
18 9 26 78 157 197 213 306 446 538 561 609 632 679 716 787 849 917 937 
27 16 100 105 116 142 162 195 234 290 307 315 348 445 460 473 479 524 549 610 645 680 708 719 730 849 916 971 
23 84 110 119 220 221 226 239 260 426 478 515 519 531 575 599 728 732 736 742 849 855 896 994 
22 173 189 198 204 227 274 284 286 301 348 359 400 414 433 436 488 505 559 564 716 792 992 
29 62 90 129 289 313 347 352 361 366 375 401 409 425 461 465 484 504 550 559 569 570 586 609 689 713 730 757 786 973 
22 70 139 148 239 328 363 410 499 535 536 546 597 620 624 646 696 701 799 819 884 957 980 
23 120 123 131 269 313 332 346 417 423 465 494 597 610 745 809 821 823 828 840 870 877 951 960 
19 0 16 21 82 86 115 140 272 386 412 450 465 479 495 669 691 701 799 829 
23 16 92 96 148 197 265 302 382 447 464 559 727 771 817 821 822 831 850 851 883 955 988 995 
20 4 108 147 179 203 278 296 417 425 428 456 484 521 546 584 651 759 835 842 951 
15 121 243 291 295 474 479 503 522 573 605 635 643 780 790 882 
17 44 150 198 448 459 470 587 592 676 692 745 789 826 859 876 884 939 
14 45 57 98 186 202 519 530 548 551 697 778 844 966 977 
17 58 61 129 145 310 317 387 423 474 560 582 600 668 743 774 783 830 
18 31 41 229 247 291 292 450 464 587 601 635 650 671 804 881 922 954 970 
27 13 17 24 27 50 86 96 148 202 207 257 361 393 507 522 582 584 604 628 633 666 737 845 848 874 879 891 
24 36 73 125 177 185 349 392 424 440 574 640 649 660 665 752 759 772 798 822 839 926 939 947 997 
16 68 81 118 134 140 197 375 384 477 492 581 767 771 801 849 911 
19 72 165 196 216 236 247 256 257 269 395 405 408 546 655 791 838 858 888 962 
20 2 83 185 241 385 417 425 445 496 583 595 744 798 803 836 845 874 904 974 981 
10 106 202 446 486 502 634 687 701 770 963 
17 100 102 106 148 149 151 253 362 476 619 697 755 808 810 825 827 866 
22 18 124 128 159 190 229 242 249 257 279 281 355 571 642 708 726 779 875 877 891 911 993 
27 10 28 68 88 105 138 238 285 315 397 403 440 466 483 511 555 561 645 648 711 723 785 787 792 798 928 983 
21 138 139 164 168 218 288 296 308 333 360 392 446 497 518 617 726 745 756 790 961 999 
16 51 111 183 196 328 450 458 468 674 743 898 902 925 956 983 996 
26 37 56 71 87 93 143 149 178 331 338 394 428 496 533 569 620 621 663 712 824 840 892 941 962 968 989 
20 188 191 213 232 324 475 513 531 561 682 690 774 777 787 815 816 837 894 960 987 
26 5 26 40 75 238 383 396 432 434 447 469 489 493 515 548 575 577 604 614 636 687 739 789 846 858 876 
9 15 114 219 254 490 539 615 666 803 
18 59 62 101 191 234 291 317 368 451 611 634 671 706 759 778 819 857 892 
24 140 183 205 213 240 242 253 286 370 381 405 496 498 514 552 573 657 678 794 808 845 901 948 978 
27 6 19 30 73 116 165 229 248 278 386 393 416 445 486 526 601 607 613 714 731 792 815 885 973 979 996 998 
24 97 107 118 294 469 475 491 494 537 598 625 651 733 766 853 856 873 877 887 897 905 911 917 927 
15 9 40 141 174 180 192 214 332 433 485 570 600 773 798 928 
16 46 162 187 209 241 320 344 393 560 577 623 684 702 740 932 964 
28 0 11 22 33 64 71 73 106 138 183 239 246 382 433 484 526 534 542 584 652 653 681 686 771 850 885 906 987 
22 44 69 243 259 295 300 318 330 387 498 508 510 533 571 597 625 705 814 817 836 864 911 
25 6 39 58 174 176 200 206 280 310 315 375 383 392 397 452 506 520 528 616 726 790 905 916 934 997 
25 137 159 180 232 257 333 427 435 442 481 487 496 546 552 559 560 639 648 679 686 757 795 798 856 919 
24 2 76 107 112 119 271 315 334 387 403 451 543 559 590 652 788 800 812 837 840 884 887 922 986 
17 123 245 262 333 486 603 642 658 666 688 702 710 726 756 787 858 971 
18 6 13 91 258 415 459 532 622 649 713 768 816 835 919 929 933 949 982 
17 3 40 96 153 155 165 174 270 319 415 427 476 487 525 668 757 841 
18 102 124 312 371 438 461 488 519 616 635 710 798 813 881 914 961 974 983 
26 1 20 46 48 131 177 187 274 299 306 385 393 436 498 551 703 717 727 772 802 806 864 869 949 976 990 
22 16 32 37 93 184 223 246 273 291 327 542 582 617 641 650 663 801 836 854 935 940 970 
18 206 226 229 318 340 374 535 615 623 678 738 751 784 811 891 927 929 961 
23 120 128 183 194 235 264 287 292 297 312 343 367 490 556 593 656 691 798 814 933 952 956 988 
21 45 154 175 196 274 297 312 332 419 438 446 466 496 497 606 620 682 715 791 810 860 
20 34 195 282 320 357 395 422 433 556 563 660 722 751 773 802 825 851 876 929 951 
27 135 186 221 225 261 293 338 365 368 400 445 482 485 525 548 569 578 579 608 674 801 841 854 866 934 943 947 
26 75 80 112 138 164 249 257 291 319 351 477 589 598 742 749 764 807 814 841 848 852 880 884 905 958 969 
8 166 201 244 277 279 481 507 709 
17 3 30 156 236 417 484 503 520 543 554 587 609 686 711 833 835 959 
26 30 41 83 86 130 183 186 189 256 285 319 342 369 377 501 543 621 640 641 727 834 857 861 893 987 998 
20 42 121 139 150 182 194 369 412 443 565 626 680 711 781 798 846 857 900 944 961 
18 4 297 369 525 553 627 630 650 681 718 734 804 807 830 851 878 891 965 
16 3 39 66 115 128 144 202 277 287 323 340 382 401 795 853 870 
16 30 121 295 372 420 543 581 585 611 693 702 788 831 842 895 923 
20 82 110 219 223 254 268 305 371 376 483 572 631 782 870 886 907 909 960 991 996 
13 105 145 185 276 381 426 486 526 534 576 668 877 954 
23 43 165 266 273 300 341 402 407 414 429 432 448 525 608 631 643 675 677 693 768 799 887 902 
21 17 25 47 195 275 390 485 489 554 564 592 632 659 778 801 823 842 876 879 936 942 
17 5 30 75 215 305 306 308 311 485 493 509 667 789 801 839 856 943 
21 97 118 164 182 219 295 350 409 416 438 488 495 549 588 589 662 712 715 901 917 958 
24 18 48 61 74 104 108 109 133 175 447 514 630 637 651 683 696 719 729 805 822 835 838 938 995 
22 67 71 89 153 204 220 224 231 249 337 439 453 487 553 581 588 592 666 708 796 850 862 
24 4 6 25 26 56 60 122 230 252 312 321 394 429 464 591 621 760 765 838 926 932 939 987 992 
19 19 122 129 168 184 236 487 489 493 497 527 573 614 704 740 741 791 804 906 
19 8 64 166 233 363 407 415 424 435 448 529 569 583 638 661 711 785 959 988 
22 130 143 167 241 256 287 294 309 338 428 484 505 615 616 637 793 829 830 901 903 931 975 
17 2 284 353 356 383 388 439 465 526 585 590 739 874 904 934 955 968 
24 63 78 129 142 237 272 275 284 345 384 396 529 567 722 741 789 793 820 840 869 908 948 965 971 
22 21 39 70 72 201 246 288 342 363 366 369 468 496 540 542 606 691 715 740 756 946 963 
15 207 327 339 374 401 452 534 613 748 761 787 878 887 889 935 
23 9 132 155 171 201 205 224 330 369 396 416 465 467 483 503 542 620 623 839 871 873 876 901 
21 1 13 39 68 158 216 233 337 339 344 458 586 614 676 690 703 728 776 806 838 913 
21 1 16 31 36 99 101 188 229 256 314 320 327 618 620 661 823 879 892 917 918 944 
11 419 467 472 499 562 664 729 770 824 955 976 
16 3 49 107 117 274 480 545 560 584 635 666 828 880 892 893 942 
12 54 161 173 203 213 386 415 492 585 866 873 926 
18 32 130 158 260 309 476 479 486 490 549 590 662 689 731 790 814 883 902 
19 0 40 41 52 63 79 140 190 303 392 474 510 600 629 680 744 800 878 922 
19 51 55 56 148 232 267 353 530 547 581 606 714 763 818 844 922 935 957 990 
26 1 8 53 86 212 248 252 262 310 317 384 394 433 445 471 618 636 652 653 677 704 750 797 846 912 993 
20 9 81 87 149 152 255 293 307 410 574 616 628 643 687 690 817 843 906 941 981 
23 5 23 40 107 151 175 184 205 212 228 341 392 446 525 576 638 684 705 741 773 815 835 871 
23 8 17 92 208 234 238 353 390 434 491 575 583 597 599 608 610 674 707 890 922 938 950 990 
21 14 24 59 171 207 222 391 401 433 488 624 625 633 643 656 676 770 790 930 958 960 
20 97 130 147 170 284 291 309 402 437 508 509 563 620 650 688 720 743 893 894 992 
24 33 136 138 147 185 271 276 300 316 348 394 449 591 613 660 700 717 781 785 788 809 819 970 994 
14 31 106 129 394 435 449 487 562 630 788 926 930 973 983 
17 17 96 212 226 280 306 346 354 356 413 642 706 816 878 881 886 952 
17 1 17 90 189 250 349 360 399 462 571 580 582 644 675 721 891 985 
14 240 276 301 304 326 445 565 597 608 803 859 888 903 922 
16 53 89 166 178 338 369 483 499 523 650 655 688 757 899 908 948 
16 86 163 242 284 368 464 475 492 547 579 582 670 723 814 866 924 
22 19 160 163 166 212 316 523 542 586 588 602 652 659 691 705 713 752 760 795 799 946 984 
16 77 98 199 237 284 359 407 411 484 526 550 643 705 724 855 924 
17 1 150 188 279 285 340 546 686 695 711 749 823 866 867 871 873 877 
19 20 25 101 118 190 195 199 336 337 434 448 488 506 567 602 620 666 763 874 
27 12 31 86 113 152 237 268 370 381 436 452 465 529 541 622 687 710 736 773 779 807 839 840 873 904 911 971 
19 10 16 29 48 94 152 196 217 314 441 444 454 546 591 605 816 958 960 990 
17 12 35 73 75 98 110 169 269 437 549 550 599 607 665 744 759 806 
18 34 67 170 201 258 335 372 480 500 526 558 559 560 572 584 675 717 762 
24 42 184 247 257 259 349 390 393 454 473 497 499 530 550 599 741 776 782 827 867 920 930 959 987 
18 8 71 111 126 149 237 247 298 367 391 539 679 688 702 707 775 788 967 
15 35 41 90 226 275 283 348 477 485 562 601 603 710 790 863 
27 12 50 57 65 89 128 136 141 218 258 304 314 329 341 392 395 468 502 538 549 559 563 585 720 775 819 845 
18 47 87 150 157 191 281 296 305 315 360 384 437 455 566 740 847 868 901 
28 7 57 88 132 201 203 237 298 339 392 404 426 469 492 553 571 649 697 712 738 744 754 818 874 923 940 956 967 
33 11 67 72 147 164 208 212 217 239 323 371 382 383 455 473 488 506 527 537 647 711 778 783 802 814 832 836 852 925 928 932 957 995 
20 43 147 188 250 467 480 486 488 498 613 640 682 683 710 805 834 842 846 962 999 
13 51 148 220 307 365 500 504 639 660 780 800 924 972 
20 83 212 238 246 269 304 460 487 553 597 706 714 779 801 811 822 860 974 985 987 
22 2 33 49 122 144 221 252 304 362 383 389 400 415 465 473 500 578 753 760 789 822 847 
26 28 68 227 229 239 273 285 339 395 426 509 532 540 548 646 660 668 710 718 727 796 809 839 858 861 931 
21 23 36 82 123 220 329 395 447 458 487 496 505 512 674 686 692 756 794 835 895 903 
20 74 109 112 135 137 216 275 294 299 393 421 430 555 699 715 738 771 890 913 921 
21 0 39 67 125 153 235 321 381 423 441 491 697 728 767 770 788 848 859 894 946 993 
25 59 111 154 164 222 313 324 329 378 388 423 432 508 509 527 697 757 800 829 839 866 884 930 956 970 
15 23 61 129 200 227 230 263 307 327 447 522 601 689 866 989 
16 60 158 195 269 355 520 607 622 699 703 748 807 820 822 939 982 
19 24 109 149 164 174 195 255 338 453 587 599 658 662 728 771 862 897 931 953 
10 37 351 434 459 493 500 577 593 658 664 
13 22 45 126 359 371 474 475 517 554 710 901 941 975 
25 29 58 133 164 166 192 213 230 233 308 344 359 411 431 432 501 551 617 644 739 792 823 826 894 923 
20 50 57 251 261 368 508 583 597 609 698 733 747 753 764 795 800 803 910 986 995 
13 58 73 113 134 267 405 431 470 579 631 639 881 889 
18 138 154 163 176 329 403 464 473 517 536 558 621 622 623 754 758 791 952 
19 46 144 237 298 308 312 314 343 360 418 445 473 528 542 585 667 726 838 965 
18 131 220 322 451 466 502 511 615 689 731 787 797 810 824 827 846 883 937 
15 178 199 215 237 340 418 463 473 547 586 602 815 847 852 872 
11 84 115 251 475 486 532 549 647 697 736 842 
20 60 72 78 168 197 219 225 256 270 276 299 325 337 361 368 400 416 460 543 725 
21 17 32 107 143 214 219 251 339 358 389 462 568 572 632 683 698 791 800 833 907 988 
18 39 62 170 206 237 305 348 368 377 393 409 414 525 794 841 905 914 927 
18 20 68 105 139 187 267 373 418 450 477 629 661 673 736 750 766 848 931 
14 74 77 117 185 292 670 686 780 821 836 927 932 972 991 
23 43 85 96 97 103 379 449 461 483 559 562 621 638 645 653 654 662 695 737 814 903 914 981 
25 0 5 75 111 179 204 214 231 286 292 314 341 348 494 496 606 642 697 747 765 856 875 904 923 947 
18 100 108 131 141 156 238 256 275 304 366 512 550 561 618 677 892 922 964 
18 1 6 99 172 211 256 278 311 379 386 466 581 589 651 687 759 794 940 
29 11 124 149 236 237 288 318 337 408 483 490 535 544 617 639 684 774 793 803 815 826 827 828 844 875 910 924 943 991 
18 18 71 193 231 373 396 423 446 546 638 729 746 762 772 818 875 970 985 
21 96 109 114 161 176 214 230 244 276 329 514 614 620 624 667 700 758 782 856 868 972 
18 89 117 142 156 173 225 382 418 450 544 581 600 632 741 784 786 792 986 
23 18 72 96 129 152 157 163 203 247 266 449 515 527 547 640 750 761 843 866 885 908 981 984 
16 19 56 74 184 268 432 614 654 664 719 727 740 762 808 911 957 
28 4 18 52 116 128 163 241 259 374 393 396 503 564 565 583 610 613 675 704 706 720 745 838 882 885 925 989 993 
20 69 88 117 198 352 354 365 367 370 416 482 511 540 588 597 622 640 647 721 956 
19 14 21 76 146 174 180 293 392 492 576 594 692 777 799 805 859 886 919 921 
20 72 186 210 331 351 381 400 451 466 508 527 560 627 654 740 772 847 955 957 961 
16 47 151 187 219 221 250 259 271 386 516 646 676 709 788 913 920 
21 10 142 240 281 296 343 404 414 419 432 478 489 539 622 657 678 687 779 796 808 841 
24 27 42 46 132 160 173 229 241 242 350 406 590 598 633 669 719 743 816 837 857 895 925 938 948 
22 56 82 183 253 261 302 398 467 594 603 613 629 694 775 799 802 896 903 916 959 963 970 
26 3 16 48 56 79 108 210 260 376 484 508 531 537 569 624 640 661 674 712 716 838 839 893 902 936 953 
14 176 232 275 290 352 377 497 700 701 840 924 949 955 972 
18 22 38 222 227 274 321 435 526 547 639 651 672 685 741 770 915 957 989 
14 16 127 130 240 253 268 402 432 530 552 634 638 659 958 
23 88 106 177 224 267 279 284 372 389 406 490 494 529 543 588 623 631 851 857 862 883 982 988 
23 2 27 45 76 223 236 240 262 270 272 359 385 453 518 555 560 600 653 693 748 781 817 888 
