200 1000
711 716
329 827
833 1399
905 1260
400 1166
280 1075
504 1299
381 1038
450 1364
835 926
720 866
783 1433
368 925
9 733
872 1810
726 1300
792 978
77 740
561 818
173 558
868 912
513 1064
111 398
957 1210
503 699
980 1196
501 1064
452 776
388 708
691 955
646 1038
771 1235
263 1261
857 1055
94 688
234 290
869 1611
192 530
390 1280
849 1301
707 1483
240 811
699 890
167 786
227 536
977 1479
148 152
435 537
947 1064
726 1635
390 1017
738 1374
123 143
375 627
123 923
2 246
234 1123
177 615
351 733
326 918
152 988
508 766
182 315
335 803
243 341
816 1319
959 1471
71 1019
115 1022
893 1624
542 1504
862 1674
384 1054
556 921
928 1380
236 816
317 1211
387 899
772 1615
375 430
702 748
199 477
29 374
230 400
891 1202
70 429
572 725
480 494
801 1332
923 1227
900 969
775 816
142 948
878 1253
89 1081
703 1210
573 1034
511 1010
420 1296
399 843
511 1371
868 1191
355 438
528 980
121 150
138 403
40 222
253 528
300 894
199 1082
297 412
455 931
782 1131
84 222
420 457
466 1431
651 1460
600 1317
304 314
416 830
286 1087
602 1187
639 1452
873 1394
924 1872
997 1778
979 1064
151 334
320 923
786 905
510 682
740 1059
900 930
441 1246
99 929
498 1308
31 1005
569 1494
736 1615
39 220
938 1144
223 546
469 1134
764 1745
333 438
218 291
391 1077
505 959
438 922
759 1604
110 811
24 866
347 489
280 1269
935 1836
382 698
861 863
326 689
943 1930
664 674
152 876
664 1193
825 1652
372 626
191 1146
224 332
86 856
236 636
579 744
294 504
850 1673
468 559
186 1183
433 1329
824 1692
904 1753
294 1227
392 772
730 1725
672 1398
560 651
66 370
119 486
953 977
597 1439
860 925
300 1206
25 88
828 939
931 1267
411 1253
100 1031
793 1258
866 1465
42 259
432 488
347 936
348 1278
857 1042
316 316
537 1034
40 1009
550 958
80 992
66 234
239 648
157 1082
508 1333
314 518
267 464
727 816
833 1007
827 1327
971 1942
324 768
962 1660
663 691
70 421
212 1180
728 1566
236 357
525 724
985 1428
628 1461
710 759
878 1099
17 867
955 1820
341 526
966 1863
454 665
558 731
220 449
136 188
295 558
52 347
761 796
811 1711
700 1653
821 1580
304 1125
904 1191
861 1675
699 776
951 1495
354 478
489 511
226 327
448 806
901 1139
737 1596
58 293
246 655
974 1834
385 1294
544 936
12 329
502 697
44 652
728 1437
624 1159
229 285
185 529
933 1631
964 1471
483 703
735 1537
494 798
48 402
278 354
631 1083
898 1040
573 1498
399 717
48 964
561 635
565 765
770 1434
113 729
134 855
363 598
616 1122
310 985
625 1286
126 747
793 872
91 322
979 1145
170 606
248 768
461 1152
749 1366
610 1073
599 1297
233 815
631 983
845 1542
243 718
153 371
831 1233
758 923
716 1381
332 486
201 1045
194 454
998 1002
487 615
310 699
825 1300
368 513
344 661
358 376
255 707
381 1167
82 799
747 1079
556 694
550 704
145 417
845 1055
666 832
791 1602
305 1095
808 1089
621 1317
656 1135
945 1787
887 1484
546 960
399 1229
873 1178
204 420
472 1059
132 714
477 1325
777 1243
790 1426
118 1019
821 1425
113 362
255 411
389 1116
294 560
425 1184
428 1113
96 730
18 840
403 613
88 417
477 574
887 1501
374 511
759 1316
462 1065
660 1377
189 273
186 1041
289 667
880 1532
556 1101
901 1092
264 638
470 626
718 1212
220 809
34 912
521 1112
332 508
943 1923
774 860
569 1506
174 537
278 929
447 717
779 961
757 996
71 788
509 801
128 958
972 1634
349 560
787 1746
236 828
280 750
761 1590
202 1035
385 894
578 1165
390 1112
811 1605
212 620
82 932
264 602
1000 1063
765 1079
560 782
686 1601
648 1422
18 463
359 1189
335 1082
10 297
398 850
237 855
454 1397
346 753
508 543
590 1387
540 1397
576 635
536 626
215 300
884 1016
930 1649
188 417
147 386
624 916
141 1088
984 1373
835 1556
642 1415
842 1410
294 830
192 1153
83 471
602 855
610 1332
956 1549
45 942
646 1385
32 42
14 68
332 1055
21 572
428 1262
241 363
252 444
32 392
7 91
627 874
722 1067
216 1032
896 1087
231 586
182 364
954 1237
558 1182
232 875
143 836
851 1289
766 1561
910 1719
80 690
951 1750
42 870
982 1687
873 1617
609 850
495 1166
868 1220
303 696
676 1303
96 903
423 495
945 1826
245 524
902 1331
987 1720
5 363
902 1336
620 1540
559 985
674 1616
828 1331
538 1158
338 991
316 678
677 1350
522 1237
914 985
709 1335
821 1622
484 1069
295 832
801 984
614 816
733 1358
292 703
24 249
664 1315
211 324
809 1163
345 1146
490 576
513 786
730 1462
479 893
971 1081
504 790
620 1313
803 1051
720 967
772 1460
716 1012
943 1805
70 879
879 1548
131 265
307 407
957 1854
320 1164
402 1069
511 1442
821 1142
566 706
817 1039
932 1267
836 1553
370 549
86 259
887 1246
928 1401
321 477
819 1571
868 1603
517 1041
13 20
386 474
922 942
88 722
435 1399
118 741
814 1456
927 1913
388 1200
599 874
818 1525
533 1100
846 1478
37 957
685 1056
295 747
105 993
349 902
405 776
879 1667
72 1060
948 1497
377 781
318 445
87 121
19 952
812 1153
403 636
406 991
103 273
40 872
889 1053
599 795
927 1326
1 823
667 1353
948 1049
955 1381
484 1137
394 1139
975 1330
465 791
234 896
118 479
91 110
447 812
632 735
290 593
146 571
101 195
97 410
461 1448
419 510
573 1166
178 743
321 555
938 1643
862 1085
947 1864
797 1298
978 1610
959 1818
197 433
146 596
189 431
61 424
973 1805
640 705
61 434
441 552
542 805
617 868
538 1007
67 887
100 273
363 1147
309 1036
273 1024
645 1447
125 1068
518 717
225 1046
82 560
508 747
456 727
428 1377
670 1585
923 1635
277 1198
96 759
197 600
88 708
148 973
316 764
686 1396
653 1371
854 1810
982 1305
105 206
775 864
727 1429
256 744
592 850
430 841
140 1000
611 1177
192 1149
326 866
484 933
922 1746
504 773
916 1792
958 1095
676 1118
210 1088
734 1492
577 841
549 748
533 1100
172 576
616 736
733 1524
210 446
393 1229
275 964
337 630
556 746
404 562
415 488
131 409
890 1638
159 437
204 810
17 43
671 783
813 1468
87 437
730 1543
200 242
922 1592
68 178
629 780
987 1914
630 1188
359 502
717 1208
513 517
94 596
599 1062
333 425
949 1767
592 1010
392 674
861 1488
436 927
952 1419
457 1123
403 910
771 1575
858 1693
214 229
723 1604
859 1251
889 1346
929 1569
309 771
66 405
513 514
167 954
456 894
231 426
533 844
437 1408
731 1057
540 851
97 304
187 460
517 675
856 1186
799 1736
296 1139
376 383
304 1169
245 685
917 973
108 712
21 954
294 969
413 711
534 728
649 1214
248 567
852 939
896 1162
845 1094
25 970
23 946
331 889
880 1773
847 1742
940 1422
450 587
864 1072
480 750
680 1352
525 863
701 1042
120 609
278 954
331 580
440 1355
290 1253
276 387
466 1311
483 1123
564 1428
161 525
199 934
32 622
653 884
281 1267
912 1484
329 1114
616 1340
582 1147
507 630
730 748
288 509
672 1590
448 859
822 1471
88 234
349 568
76 648
243 697
282 624
492 1360
220 1085
71 309
797 1311
769 1323
712 1332
677 992
445 993
589 1193
315 888
476 1199
342 588
83 303
43 414
383 1327
321 506
941 1126
908 1664
791 985
905 1334
523 1241
8 574
266 1207
43 628
944 1009
642 692
78 997
713 1472
43 1003
955 1907
574 1040
136 949
621 910
255 547
843 964
988 1318
628 776
929 1267
340 1250
47 446
515 1197
723 1227
771 1159
777 960
151 925
633 1552
658 1649
179 270
926 1433
181 674
98 941
556 1124
613 974
687 1225
447 1283
154 922
601 749
24 674
340 671
182 807
903 1824
72 184
961 1132
121 469
272 428
344 413
218 1023
592 1211
981 1517
724 1079
427 1091
468 1018
835 1530
428 877
703 1465
415 701
471 901
134 913
632 1048
480 1008
965 1147
817 1676
674 691
592 1133
573 699
319 730
284 1150
776 804
664 1222
175 1021
220 493
225 648
65 892
310 330
576 845
286 831
828 836
65 977
531 717
810 1790
145 675
925 1125
688 1433
23 844
331 363
152 626
723 966
999 1444
213 522
699 1622
532 1010
55 230
533 1500
391 482
818 1666
799 1357
887 1705
758 1734
714 1208
969 1552
288 976
247 780
683 1169
351 835
685 1256
985 1032
428 712
702 914
17 551
489 610
132 1089
773 1773
958 1417
319 836
617 1077
483 1150
953 1740
241 460
41 230
75 1065
880 1439
869 1394
261 902
216 581
611 1082
329 682
640 1157
891 1880
260 437
664 1093
832 1126
393 780
815 900
774 1342
798 1226
353 586
778 1253
167 853
748 1493
63 689
955 1569
821 837
78 392
705 745
833 1789
94 1030
608 1292
152 662
456 620
808 1073
684 741
486 1379
297 916
907 1580
380 738
182 712
282 513
607 1226
872 1792
619 1012
568 640
57 822
217 248
409 821
604 1533
328 672
588 1497
925 1150
794 1178
685 1685
788 852
677 1177
256 721
720 1188
663 1596
548 882
805 1690
250 968
26 46
233 552
828 1503
539 1534
428 750
895 1892
940 1000
549 1355
329 414
117 1066
26 97
883 1876
549 1110
949 1568
277 509
532 549
318 756
913 1905
937 1722
122 308
676 792
34 218
687 802
593 1527
673 824
387 1158
956 1832
563 855
282 863
546 754
538 1503
848 1810
483 983
472 1104
788 793
363 598
499 1244
905 937
485 905
745 1152
19 7 115 126 186 206 274 290 439 486 541 552 656 716 774 779 798 864 868 943 
30 38 50 78 113 130 155 195 205 217 261 295 317 324 370 393 400 412 436 457 532 630 657 681 707 731 738 767 797 988 991 
25 2 34 35 97 166 302 379 476 495 597 722 732 733 743 747 814 833 865 880 888 930 964 975 985 987 
27 32 72 160 185 205 210 260 300 349 355 371 422 435 438 483 518 532 639 647 649 717 752 800 850 905 932 988 
25 81 130 149 152 181 221 237 298 363 367 403 421 422 475 493 539 574 598 678 692 812 821 921 951 977 
21 45 59 110 130 137 284 287 341 346 394 414 424 472 481 529 641 756 770 863 944 975 
29 22 145 162 164 170 178 188 297 309 312 431 447 452 530 554 572 594 605 667 679 714 718 786 843 851 874 907 918 947 
20 20 81 97 144 184 191 280 517 562 609 621 654 705 734 736 785 816 818 890 996 
27 39 104 203 237 248 285 346 483 527 543 583 587 615 627 696 716 739 756 772 794 830 843 855 884 900 919 953 
20 20 76 78 120 173 277 334 364 387 393 549 580 618 662 672 731 767 853 888 937 
21 44 76 97 185 249 285 303 401 431 432 453 461 514 532 681 800 824 842 857 936 982 
15 7 18 68 95 158 200 210 340 459 573 587 642 722 930 994 
19 15 19 136 166 274 281 337 392 500 545 560 594 611 638 730 739 827 830 953 
17 7 15 79 83 88 255 263 428 469 628 681 755 769 795 854 927 980 
25 89 136 170 172 231 235 270 357 396 420 432 451 467 528 555 556 705 738 765 769 827 885 902 912 933 
21 11 41 55 77 160 269 278 299 313 355 537 569 632 648 691 737 798 815 816 899 945 
18 9 35 87 106 180 236 250 352 371 468 469 559 572 608 735 770 842 860 
22 24 56 71 112 176 199 215 242 243 251 345 403 423 432 634 686 705 749 777 793 862 877 
18 17 108 111 124 159 169 187 269 316 327 339 522 544 664 674 730 808 870 
16 48 101 104 121 122 172 246 301 319 541 689 758 768 815 832 970 
21 18 185 191 255 264 296 392 396 416 529 537 552 626 630 663 727 847 868 948 969 974 
17 0 14 77 149 154 311 388 405 507 508 551 678 702 789 821 919 952 
21 80 192 231 246 279 319 321 359 465 474 503 511 571 685 708 736 762 845 852 926 928 
23 41 43 58 89 123 190 236 245 328 333 426 440 465 499 563 593 595 697 819 859 912 948 973 
19 42 80 84 103 154 373 409 450 457 470 665 683 752 775 806 844 900 934 986 
15 66 187 245 256 287 307 352 370 459 575 579 683 716 756 828 
17 17 53 74 227 256 274 296 325 419 421 472 559 680 747 780 792 921 
17 41 92 97 168 252 272 308 334 351 400 419 471 529 539 598 686 920 
20 8 49 275 379 410 430 505 564 582 589 684 747 791 816 818 883 931 933 952 974 
26 45 152 183 193 226 234 257 310 338 365 378 384 402 446 450 452 515 561 595 715 717 799 806 853 905 927 
12 198 216 350 378 420 437 591 638 812 886 914 971 
23 36 63 67 70 107 127 210 217 286 411 427 488 567 620 663 729 731 811 812 864 888 932 983 
17 58 182 239 305 363 404 498 530 551 638 745 749 753 755 847 904 941 
23 34 83 128 193 238 279 283 289 290 304 309 314 340 351 465 538 661 684 785 805 869 931 995 
20 3 41 46 57 86 205 257 304 330 465 487 599 617 646 673 730 800 823 903 949 
16 8 98 137 177 224 231 238 239 265 413 454 610 615 690 819 954 
27 17 44 110 194 196 235 257 301 334 371 372 377 393 397 413 432 470 518 535 595 725 726 818 908 928 931 966 
19 33 52 94 114 133 195 364 371 374 426 446 522 589 707 838 851 870 886 927 
16 20 43 85 156 185 322 329 379 429 484 498 577 604 762 939 991 
23 8 94 99 105 135 141 205 244 393 403 419 423 442 572 619 651 664 673 705 798 830 954 962 
29 9 45 48 91 100 127 170 199 288 302 309 325 367 451 496 542 548 552 558 565 660 672 673 688 699 812 873 899 913 
21 48 128 131 335 373 417 449 460 550 557 560 614 660 697 703 741 857 902 921 942 958 
22 22 41 49 128 208 299 366 427 436 453 539 676 701 767 768 803 804 815 817 835 852 903 
36 174 180 181 182 225 229 235 266 285 297 315 321 370 395 438 481 519 531 537 564 572 573 619 629 685 724 754 791 800 819 874 887 909 953 956 959 
19 4 73 82 100 241 247 248 484 558 563 622 654 670 699 766 809 862 863 958 
28 62 67 121 129 134 168 262 266 300 319 328 368 379 404 424 480 623 646 744 763 837 914 928 935 953 965 978 999 
28 8 72 77 97 101 138 183 233 320 385 405 447 512 521 570 576 590 609 611 658 680 715 747 864 902 927 937 981 
17 26 74 120 143 182 236 379 676 680 729 732 753 814 843 870 881 989 
17 26 43 88 99 132 155 341 391 420 438 452 491 521 527 625 842 930 
16 159 281 370 411 455 466 602 738 786 814 830 836 843 887 979 980 
20 5 169 192 206 222 276 327 398 404 442 509 654 671 718 729 737 757 820 918 998 
22 46 106 151 279 310 350 411 430 434 495 504 518 525 597 641 644 655 728 796 880 900 945 
14 44 83 124 228 272 309 405 521 699 809 834 860 929 964 
17 12 22 56 97 264 287 363 378 564 603 632 652 687 752 775 780 786 
17 45 68 100 232 242 245 280 292 308 365 407 454 485 879 897 900 991 
14 104 217 339 391 440 451 530 572 621 697 729 910 955 994 
18 137 209 291 433 451 518 523 527 539 616 666 691 705 909 944 961 981 992 
15 157 251 375 391 445 473 619 711 718 736 798 870 933 934 987 
12 150 151 224 232 237 259 335 386 450 485 871 886 
23 10 80 104 122 222 224 358 366 428 446 511 586 634 720 741 745 750 817 867 893 943 947 988 
18 124 253 300 312 381 420 617 709 726 758 804 810 834 849 882 951 963 976 
27 19 30 46 64 113 128 168 211 218 243 338 350 354 356 482 512 581 591 645 656 677 757 812 856 888 909 982 
24 29 67 99 101 122 218 235 243 248 291 354 366 461 468 473 493 581 595 601 654 721 774 788 993 
23 2 4 32 42 77 79 185 186 244 287 288 471 532 614 670 697 768 786 813 835 871 946 953 
18 61 150 221 245 252 390 430 445 533 574 661 696 842 863 938 945 947 954 
13 8 43 46 145 188 215 450 463 702 743 843 854 944 
15 25 121 205 257 296 376 409 489 545 553 575 630 842 857 957 
25 47 66 109 130 155 221 222 234 252 267 384 390 425 467 482 607 627 688 697 700 741 757 839 912 989 
19 0 19 33 150 155 311 367 453 456 531 600 663 743 823 826 865 904 909 992 
20 17 30 44 68 88 118 152 166 175 183 191 227 248 412 685 752 798 803 932 968 
27 34 65 67 88 90 97 244 282 285 295 328 342 344 348 453 528 573 596 651 670 681 700 728 744 831 887 956 
15 11 134 156 231 369 483 541 549 592 674 867 899 903 954 967 
18 18 193 209 271 328 366 454 519 534 550 660 686 736 739 903 913 917 939 
31 7 18 23 73 76 92 176 188 217 225 255 264 295 508 563 615 618 623 651 715 751 768 797 801 808 814 855 867 959 983 988 
18 74 139 181 219 236 275 305 309 456 471 544 568 638 647 743 805 849 966 
20 0 5 27 106 142 232 238 277 318 441 459 500 505 681 709 765 786 816 840 918 
17 16 41 147 285 305 363 368 452 524 714 733 831 883 899 933 960 988 
12 181 258 280 345 379 436 608 659 759 808 880 901 
21 13 111 130 189 207 276 356 425 460 528 612 653 661 675 763 788 842 846 894 991 995 
30 7 75 141 155 161 248 264 271 275 363 382 392 446 451 472 483 514 578 592 612 652 684 698 717 732 767 787 797 906 967 
13 182 265 407 408 433 445 664 714 771 822 924 990 992 
20 100 114 125 249 253 254 274 332 415 481 517 635 677 678 697 764 767 822 978 996 
14 47 107 115 136 138 171 271 529 538 539 646 712 772 976 
23 120 169 192 214 240 244 314 419 441 444 453 456 487 506 531 583 639 645 647 744 745 850 990 
17 159 177 196 333 336 364 481 528 624 674 729 787 842 888 911 920 924 
18 87 131 171 216 237 285 467 511 558 562 598 651 662 714 825 862 877 989 
19 157 177 181 188 209 247 320 352 505 507 530 559 596 670 682 849 870 882 968 
15 18 45 86 90 235 258 337 414 482 582 802 942 955 974 989 
23 56 81 89 103 137 188 295 321 356 370 385 398 493 504 520 530 566 590 641 752 781 839 950 
29 3 26 53 104 128 145 278 294 335 343 365 380 385 448 529 548 587 708 768 796 807 862 865 872 901 962 976 987 993 
19 44 50 52 97 184 216 240 245 286 362 599 613 627 746 844 876 887 917 992 
22 1 21 123 129 173 207 221 274 285 311 316 371 420 456 494 784 848 881 893 899 969 990 
13 27 88 97 292 391 455 548 573 670 755 782 790 919 
24 34 38 59 79 148 158 184 434 435 457 483 507 549 595 668 714 718 721 773 779 832 900 941 978 
21 14 62 179 186 200 262 299 458 510 547 548 626 635 657 671 725 891 899 912 927 955 
14 66 102 265 560 586 588 644 657 678 687 697 698 740 916 
22 102 206 223 277 288 300 320 330 372 384 386 411 465 469 529 576 626 668 715 822 873 993 
17 109 198 207 249 324 387 411 437 475 540 773 806 824 857 878 912 947 
21 24 29 120 172 308 311 358 391 426 451 509 583 587 607 721 763 830 923 953 954 956 
19 40 93 204 221 301 378 445 495 513 536 567 584 600 666 677 771 864 892 900 
19 56 185 187 250 263 311 432 504 524 548 581 597 651 653 772 792 865 871 943 
17 30 41 69 158 159 306 310 337 481 524 540 693 717 921 927 928 989 
19 66 90 158 208 329 362 497 548 600 601 680 691 705 796 813 849 857 927 970 
18 19 40 103 129 215 319 321 397 592 622 630 661 677 787 852 889 920 955 
11 2 138 179 433 505 519 533 579 674 711 800 
28 37 82 226 235 373 401 409 414 452 455 480 506 527 561 588 589 624 651 660 664 707 708 786 844 858 944 981 987 
18 57 120 218 243 325 327 436 466 513 613 639 714 769 872 879 880 934 976 
23 13 43 105 110 146 175 352 378 430 439 536 611 655 656 736 742 756 820 833 850 882 895 915 
20 4 19 43 60 123 221 231 237 252 281 355 392 416 436 462 527 746 818 962 995 
17 45 289 353 358 531 545 561 565 572 639 674 680 698 802 891 919 970 
14 50 75 121 169 178 201 207 378 478 481 504 682 818 984 
15 190 195 215 340 395 399 419 461 468 538 542 543 753 900 963 
18 16 145 155 191 223 249 259 286 319 335 426 449 477 490 563 622 961 999 
20 146 243 276 308 336 353 430 437 516 551 570 644 679 741 781 802 807 833 838 892 
18 99 173 189 308 427 549 560 564 598 627 673 698 753 857 885 890 946 977 
14 155 244 303 364 380 479 626 650 652 661 713 783 794 830 
19 7 42 174 211 212 225 247 448 513 560 633 731 819 862 873 875 911 932 963 
18 11 171 184 225 234 282 293 407 411 412 493 497 499 640 776 781 843 977 
23 21 25 86 189 243 259 322 378 412 435 471 504 526 636 639 687 706 717 815 825 847 875 955 
22 3 39 72 182 224 226 259 285 287 354 360 364 425 432 621 628 694 754 831 915 925 954 
13 38 102 124 192 384 403 497 509 587 710 753 770 821 
23 102 117 146 165 196 222 233 247 272 310 381 384 457 485 527 562 614 683 730 743 752 759 843 
13 109 110 202 208 306 434 483 486 573 871 931 943 948 
26 8 135 138 139 171 219 231 265 270 334 370 378 446 452 467 494 587 629 706 752 841 869 883 890 922 994 
16 126 163 167 173 246 448 458 465 520 521 527 744 881 889 935 955 
15 91 109 161 184 253 275 327 338 370 388 403 510 541 633 975 
19 6 9 28 29 54 82 370 390 424 466 482 504 542 686 715 837 884 922 929 
18 0 48 63 183 239 310 530 567 636 640 670 780 786 813 833 870 896 997 
22 12 75 76 131 211 272 283 334 347 451 481 488 497 618 642 706 812 813 820 840 976 978 
30 60 66 68 69 93 140 145 148 181 201 235 273 330 383 470 477 548 582 613 642 724 734 797 841 849 852 870 940 941 958 
21 10 32 47 154 218 296 327 353 442 454 494 517 538 568 663 699 719 753 924 935 979 
26 14 100 263 279 323 451 481 493 496 506 507 519 528 571 613 631 703 764 783 861 862 879 923 930 972 974 
26 75 123 135 154 183 193 206 212 241 267 303 420 428 445 542 611 612 625 637 649 652 692 693 706 817 901 
19 7 12 21 72 97 145 343 370 448 474 550 561 642 714 732 771 891 935 966 
12 7 163 210 273 371 378 390 412 478 530 767 918 
19 42 135 158 170 309 365 435 572 588 669 682 701 742 749 834 845 863 954 977 
23 73 86 96 190 222 234 271 272 418 424 580 590 591 604 682 773 779 782 789 862 868 889 997 
12 61 118 183 236 250 263 298 772 783 895 898 997 
19 21 99 106 115 156 162 208 220 267 382 459 466 556 606 611 692 791 815 997 
24 1 66 76 129 250 391 445 464 519 533 612 643 682 694 712 732 757 770 780 838 845 846 897 966 
22 47 51 78 165 181 434 541 558 648 660 671 730 755 804 849 851 859 862 886 968 975 993 
14 42 47 164 168 176 212 268 296 394 447 631 683 730 774 
13 86 142 335 383 554 620 715 729 769 775 799 851 872 
21 122 149 183 233 268 331 351 417 506 596 740 746 778 790 862 867 894 936 938 963 990 
22 10 37 71 84 87 132 169 187 322 323 331 372 467 469 527 537 780 807 928 931 940 972 
14 41 181 353 413 434 505 558 595 651 731 733 812 899 949 
20 11 27 112 147 230 232 258 379 380 444 494 553 644 707 734 833 871 881 936 976 
18 28 125 135 297 336 449 502 544 645 706 718 748 768 772 773 925 930 971 
22 23 315 316 329 389 397 439 495 525 569 577 600 611 692 705 719 755 771 776 779 835 980 
17 33 57 91 162 175 312 319 326 328 372 406 423 546 740 741 904 946 
27 39 69 233 243 318 357 381 405 431 438 468 484 486 494 671 681 691 729 760 799 813 865 872 929 968 982 987 
23 54 221 276 302 330 379 404 413 416 453 559 597 601 614 628 643 680 688 735 746 851 962 966 
25 70 120 121 163 182 216 238 351 415 441 458 466 496 505 535 541 612 642 662 676 684 817 845 866 962 
18 78 182 187 260 304 342 641 643 660 675 689 731 779 803 822 860 884 943 
25 2 23 36 103 140 186 224 387 390 470 479 520 593 629 643 667 676 711 719 744 766 768 874 892 993 
14 53 112 147 168 256 331 374 506 566 590 700 908 975 998 
24 98 111 121 153 213 223 230 312 381 403 433 470 665 709 787 811 850 862 893 896 910 935 946 987 
19 31 51 109 151 156 277 310 406 558 596 675 704 777 871 879 928 953 961 994 
12 98 172 273 392 492 559 587 640 751 866 944 985 
24 0 10 56 60 116 157 164 262 342 419 435 445 499 528 560 565 669 804 831 854 863 866 913 969 
22 148 154 167 229 317 326 367 408 430 452 465 508 517 653 662 672 702 754 809 892 963 998 
17 103 126 133 315 433 454 695 745 857 862 866 922 938 950 961 971 995 
20 44 59 89 161 207 278 314 320 360 368 369 370 422 559 565 730 767 771 786 872 
18 62 111 182 232 336 344 476 550 555 587 605 638 769 836 863 910 934 965 
21 20 51 101 105 132 146 191 240 273 286 393 473 485 534 660 816 818 821 864 901 990 
19 25 86 87 140 194 209 221 256 332 458 498 512 528 588 589 662 748 813 879 
18 24 42 126 174 184 228 273 314 482 510 546 555 558 620 899 925 936 974 
33 9 17 70 194 238 244 271 299 322 368 421 440 452 466 508 523 537 580 585 693 695 719 740 776 796 819 864 887 889 890 905 956 977 
13 47 125 147 408 415 462 518 522 534 585 603 796 970 
18 17 95 110 112 271 287 386 548 567 713 720 723 727 752 776 801 831 879 
14 24 46 105 128 157 233 262 323 472 640 879 908 929 933 
16 35 146 157 194 298 392 602 615 758 813 820 828 837 863 886 943 
23 34 52 100 160 327 465 476 501 549 613 638 742 748 760 769 774 777 802 832 836 853 967 968 
19 33 37 49 101 136 156 297 357 517 531 562 604 620 655 908 965 979 984 994 
18 223 289 295 313 466 559 672 699 770 779 792 815 842 881 902 906 920 923 
23 22 32 61 124 160 181 308 316 320 467 488 496 617 737 741 810 814 891 916 926 957 966 988 
15 9 67 98 109 116 120 255 298 419 422 533 729 940 956 992 
22 1 7 43 65 149 154 245 251 293 311 312 337 359 543 566 574 627 653 788 815 817 893 
18 18 56 89 215 227 246 266 308 354 576 687 742 829 844 890 957 967 973 
15 183 205 236 334 350 361 433 454 665 670 789 790 850 882 961 
20 10 17 91 123 220 324 351 359 390 431 448 475 603 606 628 673 695 799 880 991 
12 42 55 58 114 141 243 360 385 520 523 569 995 
23 113 182 222 223 271 313 355 443 468 504 528 634 706 735 741 761 778 817 878 901 918 967 974 
16 58 75 87 326 394 422 455 491 504 697 701 743 762 780 799 876 
28 13 22 46 97 102 146 154 258 313 353 423 425 447 454 500 538 697 721 742 754 779 801 846 918 929 932 969 996 
19 161 165 229 246 247 268 361 413 449 529 624 671 716 739 760 784 787 987 990 
20 33 148 162 209 315 329 399 484 501 568 599 611 781 797 803 805 814 844 886 961 
18 69 71 79 90 99 109 288 490 553 562 599 720 733 824 858 926 962 975 
14 50 98 129 578 722 723 736 782 801 919 964 966 975 989 
19 31 159 197 318 561 572 574 575 602 616 675 685 710 738 745 823 859 889 974 
18 48 117 226 350 414 430 447 453 502 554 563 575 584 680 754 775 816 957 
20 20 87 147 186 219 286 380 431 579 580 616 658 694 716 737 826 830 850 858 972 
12 297 469 487 532 546 617 672 758 761 820 875 915 
20 8 28 228 286 394 396 421 437 446 460 466 481 623 666 797 814 883 939 967 977 
19 17 23 54 98 156 208 251 285 295 352 389 626 698 761 770 789 832 847 969 
25 1 21 49 57 64 139 192 244 278 335 339 386 406 445 455 601 616 671 698 759 846 894 908 929 937 
19 71 119 309 317 341 381 431 474 561 579 619 631 788 834 914 934 945 949 974 
15 32 136 181 197 363 374 468 515 517 543 566 714 720 730 750 
16 70 98 380 395 412 421 443 486 489 629 640 641 742 748 793 832 
17 36 122 125 135 205 206 284 323 467 482 618 691 710 796 812 864 996 
