200 1000
300 782
337 488
700 1160
260 602
484 648
31 149
63 140
295 1290
85 645
505 1438
70 971
649 856
382 1365
115 636
917 1904
373 626
25 132
421 605
564 1415
664 1215
851 1095
508 1063
296 687
267 1201
119 675
908 1799
67 73
732 1048
733 1163
754 1210
308 847
362 823
282 1195
869 1810
458 822
308 1001
67 415
709 1677
269 366
716 1153
420 971
932 1531
225 1040
685 1354
784 1185
153 270
641 1473
122 768
524 1264
425 1278
606 1044
470 593
24 310
863 1513
44 882
427 1259
460 1120
971 1684
174 959
263 946
829 1032
292 1274
679 1570
574 1357
262 742
818 1811
217 742
487 1373
276 372
905 1139
982 1215
262 834
492 677
847 964
882 1296
364 1286
162 488
804 1156
706 1573
82 511
699 790
133 652
108 968
744 1586
382 478
964 1127
371 1259
308 1145
854 1295
382 927
671 733
524 827
681 1293
472 1083
624 893
686 1636
435 531
610 1303
877 1483
263 427
675 999
808 1749
348 1243
467 654
468 902
626 829
498 1324
83 907
82 681
993 1586
497 1337
298 359
143 755
204 630
122 1006
334 1119
418 586
238 1171
156 245
660 1272
557 623
737 875
489 495
278 1239
5 141
835 1149
54 866
428 509
55 357
845 1438
592 1435
125 858
806 1761
231 1073
966 1014
229 740
627 1322
255 625
795 1628
138 270
746 1349
460 506
643 731
707 1220
376 919
715 811
358 534
603 1099
778 1453
439 1263
118 163
668 713
672 1646
653 924
153 411
403 616
295 516
318 1085
831 881
961 1860
407 583
301 975
983 1457
98 583
168 632
632 1336
500 1484
91 440
337 653
51 870
148 896
1 749
718 1461
115 982
33 886
395 675
429 1121
413 713
292 1258
483 642
630 908
120 132
409 749
198 506
982 1084
892 1074
878 1583
782 1335
529 1338
184 1108
486 589
849 954
970 1853
933 1635
103 198
656 818
977 1507
393 1182
345 1322
333 666
781 1690
994 1643
500 1353
477 528
955 1128
536 1186
800 1565
310 922
833 1125
710 1572
147 1015
601 1119
146 223
343 1204
966 1269
910 1484
768 983
328 755
768 1093
219 1013
740 741
286 826
344 1036
154 422
312 682
130 674
703 1132
660 714
257 1014
836 865
288 1249
51 847
232 444
436 669
99 941
646 1065
352 1206
216 745
846 1168
523 1297
111 640
827 827
366 808
926 1059
598 1520
145 392
258 515
410 967
621 1453
654 1121
227 929
640 1300
269 596
163 1123
320 525
939 949
531 1131
43 459
294 887
321 668
993 1570
798 1158
138 378
209 1065
273 492
545 1178
448 1113
999 1035
100 228
878 1069
171 933
881 1224
386 1160
998 1059
210 516
24 436
691 1003
955 1571
124 344
891 1413
81 367
193 824
37 670
12 454
892 1864
164 567
252 332
970 1219
662 972
743 1659
387 1234
935 1011
342 809
327 700
979 1575
565 641
660 1640
109 598
607 844
307 1027
136 1125
774 1479
687 737
72 739
594 1266
804 1063
94 756
572 914
726 1560
355 1334
298 479
826 1295
554 664
144 776
167 1030
66 464
999 1713
167 414
319 1038
640 790
928 1444
775 1445
844 1638
856 1079
124 378
821 1535
442 650
905 1564
214 1128
626 628
887 1024
505 802
131 1085
544 958
24 834
664 904
655 1475
170 441
136 735
829 1037
935 1381
698 723
700 1267
308 378
112 615
361 581
92 722
336 1068
944 1371
217 517
685 831
325 456
174 859
190 1075
761 1606
402 1209
731 865
448 1260
962 1916
264 361
628 933
760 1737
894 1067
241 539
420 1088
638 686
528 1367
535 1153
31 766
186 1122
329 779
381 866
966 1318
558 755
359 1073
615 1010
746 1293
23 507
904 1889
652 1011
50 614
605 1378
727 1060
392 1073
581 795
266 858
889 957
226 396
82 219
428 672
230 542
343 444
46 95
210 607
338 836
569 811
501 843
390 1002
187 301
882 1486
329 774
845 1539
481 680
783 1002
404 922
527 564
946 1648
524 1175
797 1303
780 1427
950 1726
489 1359
643 1331
329 516
51 697
738 946
185 195
549 1296
783 1738
587 653
351 1135
317 704
861 1742
869 1568
580 1400
630 1288
671 896
686 920
191 850
967 999
885 1074
984 1267
331 577
372 577
704 1213
920 1157
842 1211
798 846
160 926
784 1343
524 721
442 746
450 798
798 1018
627 1349
0 86
306 454
803 1629
914 1740
51 587
549 1312
394 987
714 1500
914 1096
414 717
548 867
879 1116
70 806
427 1259
160 824
139 629
148 660
878 885
461 676
181 244
599 617
188 854
26 117
885 1508
630 1210
964 1577
467 1261
725 1511
689 1216
887 1339
778 889
665 722
768 958
32 62
115 756
449 1266
82 753
57 368
205 1084
80 585
881 1588
793 1687
516 848
267 827
305 1295
530 590
454 602
2 413
382 533
836 1383
43 617
313 1097
945 1336
188 671
897 979
221 592
516 925
917 1840
288 967
227 987
321 1293
142 967
680 1110
638 1280
214 255
297 926
166 977
207 641
855 1784
83 782
345 352
931 1580
855 1055
758 1178
698 1636
971 1246
751 899
901 1153
1000 1413
272 1136
973 1289
176 307
967 1025
797 1318
254 799
646 967
112 360
458 862
622 970
547 569
644 886
407 1271
786 1275
877 1474
578 1183
374 1119
363 450
210 233
259 508
951 1452
229 609
858 1150
31 413
338 797
761 1290
599 746
611 1145
550 1404
5 616
409 1052
268 488
684 1596
373 1149
176 836
888 1545
533 992
978 1851
370 1366
714 1320
24 151
233 679
865 1268
832 1268
902 1459
926 1073
685 715
413 456
622 1245
515 1251
872 1293
323 386
213 534
608 1206
893 1293
288 1165
677 707
623 1162
32 940
907 1141
36 348
83 757
773 1044
106 483
823 1645
216 671
881 1540
468 855
907 1307
182 862
159 587
825 1760
871 1681
71 181
273 313
711 1020
428 1322
114 942
738 1118
265 521
183 703
289 985
136 1056
659 1288
709 1022
775 1583
939 991
297 556
527 829
819 1582
99 834
977 1493
868 1727
285 826
407 608
137 365
593 1286
723 839
244 266
712 1528
468 905
450 606
671 721
59 1028
202 808
958 1484
449 1319
181 1074
804 1090
756 1410
336 962
756 857
42 1021
731 1497
563 1022
672 1492
279 803
3 94
628 1135
94 382
864 1805
624 770
359 384
306 590
62 427
377 714
917 1229
474 1137
701 945
125 997
143 329
916 1913
375 1333
414 1085
238 284
897 1155
541 724
863 980
926 1483
731 1344
92 202
588 753
845 1668
762 1629
91 184
199 1156
155 514
451 1396
53 1049
953 1262
184 243
410 1069
8 545
582 1509
640 1000
946 1180
18 97
116 752
407 900
644 916
893 1104
513 1047
395 1353
25 514
70 635
527 1160
800 1535
324 594
142 649
248 852
395 594
434 780
51 381
116 759
905 1182
418 757
827 1339
989 1563
221 955
336 801
433 1015
835 1338
511 1150
223 528
125 635
172 858
555 940
976 1333
403 506
325 711
936 1128
442 1238
893 1411
258 1235
803 1172
314 509
621 674
344 512
507 1262
844 1023
310 757
64 431
55 343
77 626
803 1598
961 1180
464 707
539 1149
349 426
870 1002
950 1604
267 1115
279 588
684 735
281 470
521 786
737 1170
249 361
107 772
844 1187
663 786
637 1175
920 1704
993 1598
686 777
166 848
485 1272
441 714
346 744
77 587
897 1646
800 1371
629 1271
232 1057
590 1002
177 851
302 1004
976 1457
428 759
769 1426
287 820
199 989
444 1001
133 639
710 1230
948 1663
895 913
197 683
20 313
914 1604
550 1096
723 781
261 1078
490 1024
123 858
612 999
611 1504
916 988
282 1131
158 905
131 983
360 1312
713 1524
391 786
967 1363
392 990
691 963
796 843
407 749
884 1190
612 915
908 1717
706 1447
284 761
99 587
158 309
599 1322
495 720
194 986
302 1243
830 884
283 347
189 694
759 1252
850 1482
613 1542
241 673
759 1510
670 950
696 1174
396 614
853 1306
723 1323
928 1456
793 1563
922 1609
727 1560
704 1082
119 424
40 142
588 1395
883 1801
818 1746
954 1928
823 1796
651 1404
82 364
685 1242
14 769
594 1333
807 1408
711 1459
111 974
23 858
594 1405
443 663
199 926
474 855
571 1523
719 1422
571 640
490 783
136 645
33 859
486 992
12 492
201 301
293 527
779 789
155 387
453 942
790 1002
450 977
826 1305
380 1060
786 1295
760 1518
579 969
328 1289
768 1395
486 641
74 346
929 958
239 1108
22 201
669 1569
855 1737
916 1813
261 1189
795 796
66 584
650 689
871 1129
776 1301
75 376
193 829
190 935
517 980
4 540
772 1328
876 1067
834 1017
586 1092
986 1545
55 683
216 543
68 781
700 1149
374 1061
750 1026
551 805
430 691
330 1282
832 991
867 1153
316 1170
467 969
440 986
685 833
543 659
585 1230
590 1093
385 1239
432 1068
690 1185
394 1301
11 204
137 857
723 1716
35 88
283 595
518 1174
495 1090
137 403
247 1188
372 393
497 598
401 819
913 1285
621 1509
285 828
810 1691
891 1528
737 913
219 1170
739 1562
294 464
466 685
227 652
684 1133
179 270
24 163
992 1011
838 1576
240 518
566 1497
836 1284
226 389
470 831
862 1336
615 649
885 1147
315 535
456 1155
193 921
383 925
538 1420
289 1160
265 1032
685 924
55 177
471 863
382 774
257 1045
543 1315
484 827
26 598
585 700
450 699
447 1371
281 877
277 812
855 1240
507 937
292 477
909 1328
210 1178
705 1272
718 1471
28 722
342 667
509 570
336 506
667 987
585 1021
83 154
388 565
933 1722
233 684
611 1192
711 1570
629 1437
333 515
560 780
458 835
492 1417
729 972
787 1337
27 560
327 811
806 1725
785 1775
399 771
723 1375
366 878
305 680
19 19 94 97 215 221 286 306 349 416 429 466 589 623 646 746 768 817 871 997 
15 6 48 109 167 225 295 327 399 402 508 671 720 742 848 871 
24 6 20 67 100 129 152 174 257 411 412 532 559 594 730 767 830 849 855 860 864 887 898 903 929 
11 268 381 430 628 633 777 805 812 848 903 977 
20 82 203 213 260 277 310 314 439 556 563 662 710 774 779 783 825 843 899 910 927 
17 86 120 199 221 223 295 417 448 500 688 705 797 833 835 878 906 971 
20 23 50 88 159 196 208 212 254 366 369 379 420 432 457 668 707 718 755 766 985 
22 6 20 139 151 163 185 226 241 298 337 416 435 513 615 681 743 785 830 913 977 980 995 
27 24 31 104 112 131 142 169 201 209 270 297 302 353 367 405 437 445 466 540 625 725 762 856 873 937 952 957 
22 7 87 124 186 260 350 357 431 440 471 472 531 594 748 780 825 916 922 928 936 948 961 
23 35 41 153 209 211 229 233 275 335 368 382 431 492 548 651 767 775 791 828 842 914 924 978 
26 15 42 51 76 136 208 255 277 325 368 430 450 516 523 565 571 603 658 673 674 693 763 770 773 935 958 
25 73 81 172 210 243 267 358 375 382 432 458 623 634 636 703 719 736 777 792 881 883 926 942 954 984 
14 28 64 172 197 325 363 407 485 502 552 556 914 946 964 
21 3 4 51 121 217 233 247 256 335 390 419 439 457 595 670 715 717 719 849 892 899 
19 25 65 111 161 224 272 281 295 299 333 482 725 745 778 810 826 870 885 918 
20 6 73 204 209 333 335 390 391 427 428 483 501 571 646 702 795 805 850 869 944 
24 5 28 101 157 202 295 299 307 363 376 387 406 495 521 536 657 720 768 809 856 913 935 947 982 
19 109 182 211 252 361 395 464 547 622 625 687 709 955 959 963 988 989 990 993 
15 18 283 321 353 366 418 446 465 608 621 653 722 736 784 851 
20 15 72 79 102 142 150 340 429 465 478 524 546 550 554 562 564 621 647 759 783 
24 2 8 78 110 132 154 186 230 266 276 318 448 452 481 500 501 557 562 659 726 744 942 962 977 
19 3 25 37 130 172 222 266 341 348 366 393 515 517 730 773 817 820 845 896 
26 21 70 73 101 162 185 201 291 342 352 365 391 509 557 558 567 596 670 713 759 764 767 867 897 913 969 
22 19 62 70 190 237 261 399 400 408 415 455 471 500 528 582 603 619 655 701 761 870 972 
18 16 161 281 287 340 415 536 558 559 579 660 719 751 800 812 831 939 980 
33 4 62 71 103 105 121 139 143 152 346 476 493 515 526 533 553 556 558 590 644 646 666 671 735 739 748 764 794 817 823 831 920 951 
18 74 89 137 195 320 332 435 456 539 603 634 693 700 701 882 883 911 922 
20 19 82 120 135 232 241 263 312 395 427 440 447 564 589 654 680 702 801 843 898 
17 1 50 115 162 199 202 217 285 342 344 527 560 567 804 818 836 929 
26 5 51 141 164 180 207 210 273 311 320 361 421 443 465 517 522 547 579 656 661 737 815 820 876 928 937 
22 19 23 81 145 297 336 338 358 498 505 506 517 637 641 755 768 771 780 801 824 871 991 
21 49 72 131 153 171 176 218 237 243 399 468 519 527 574 690 692 752 791 806 807 913 
17 49 76 91 124 292 350 371 380 387 497 498 580 592 701 727 770 881 
13 109 203 224 242 276 350 541 703 721 849 902 978 985 
18 26 173 184 207 271 351 375 454 469 534 765 787 830 835 846 929 937 979 
29 172 178 198 236 273 280 295 301 308 320 321 332 369 423 492 514 566 682 684 762 768 798 817 922 934 950 971 978 993 
26 13 70 127 155 171 201 234 351 392 393 418 540 607 647 708 721 743 753 788 836 840 851 879 923 973 995 
18 16 53 85 140 171 334 395 427 500 517 523 549 590 696 711 733 807 880 
20 44 48 107 158 160 254 290 300 313 332 410 555 623 641 688 817 844 893 931 960 
23 146 269 289 313 318 319 346 363 386 402 439 478 489 490 506 608 613 660 671 695 734 826 872 
23 38 58 105 246 291 330 343 386 433 472 488 514 526 543 557 602 646 717 850 884 917 959 962 
14 144 200 299 413 447 471 624 652 718 762 785 817 889 954 
24 35 101 103 141 150 179 192 229 232 348 383 391 405 542 563 635 729 767 792 852 928 964 975 983 
17 19 50 107 108 113 132 284 649 700 750 760 778 793 825 883 906 921 
17 31 50 66 154 191 314 320 442 497 512 596 639 794 807 813 864 930 
27 1 34 84 86 186 215 233 248 330 360 372 449 462 502 591 614 632 665 706 740 811 832 856 895 917 969 981 
20 13 14 25 122 181 235 268 331 359 371 407 468 473 484 514 559 599 777 778 915 
21 29 38 109 119 130 267 308 388 421 439 474 507 555 672 714 797 819 863 926 941 980 
24 49 161 174 194 233 258 271 339 345 503 515 576 634 655 659 669 744 766 767 817 871 905 921 939 
18 13 70 97 139 141 241 326 352 478 527 586 658 756 767 780 852 891 970 
19 80 83 121 173 183 227 234 278 519 555 581 658 729 823 844 881 904 940 957 
18 26 82 193 282 375 501 532 637 723 745 794 809 818 885 901 904 920 992 
20 60 82 143 211 280 330 361 376 397 424 447 477 496 535 673 777 780 889 930 998 
20 46 84 228 238 284 306 322 354 438 480 593 635 708 731 759 762 770 886 930 977 
20 32 225 244 300 303 309 315 407 454 465 482 491 492 515 537 546 615 646 873 990 
16 48 60 142 179 184 189 259 370 419 429 511 525 538 601 603 630 
22 30 62 113 330 415 469 531 599 602 621 623 656 663 749 821 826 829 904 916 977 991 993 
26 9 39 41 71 130 140 199 202 227 439 505 518 532 570 636 652 721 731 737 778 786 796 804 822 828 882 
18 17 69 195 255 280 293 321 359 533 557 625 654 717 740 758 842 859 891 
22 20 91 93 111 112 134 150 156 161 197 301 389 394 489 495 505 670 681 793 818 935 954 
19 7 109 124 241 243 249 412 425 468 470 543 578 621 628 735 742 764 779 881 
30 12 13 47 55 102 111 115 116 136 265 298 343 357 470 479 529 558 572 623 728 744 747 800 824 850 855 903 960 982 992 
25 11 13 29 56 84 144 224 248 288 396 535 592 597 640 673 674 678 770 771 797 819 846 884 908 996 
21 63 177 206 219 341 370 375 415 480 548 556 574 582 614 734 790 887 913 932 939 945 
29 59 70 82 155 254 275 287 292 293 311 386 388 405 427 443 444 467 477 494 531 544 584 718 763 769 803 819 958 996 
21 12 122 126 177 194 326 444 513 521 581 616 691 749 803 830 833 861 868 903 906 999 
26 39 95 104 135 357 364 389 477 507 511 557 564 584 624 692 696 722 750 808 819 853 904 936 950 951 972 
13 290 347 417 508 539 563 591 621 777 779 799 919 990 
25 62 70 116 140 229 241 363 405 406 456 461 487 489 537 568 676 718 784 785 803 806 811 957 979 984 
19 52 66 145 160 183 313 321 324 476 516 524 549 589 645 678 748 816 852 853 
21 14 77 86 129 134 164 220 325 346 491 499 523 574 650 695 709 789 843 905 952 991 
17 84 152 164 218 339 415 495 701 708 721 777 790 800 836 852 894 941 
18 130 181 218 319 352 360 433 495 521 573 595 655 680 681 699 770 862 892 
23 45 52 55 165 353 361 375 503 553 577 633 634 700 713 742 792 793 798 834 867 914 915 936 
17 80 110 204 259 333 363 501 566 652 659 676 778 853 903 913 914 993 
22 22 44 62 149 176 191 202 239 259 402 496 510 601 623 653 681 712 734 744 818 854 969 
18 130 131 269 323 364 399 509 573 627 656 693 718 780 893 895 896 901 993 
19 104 131 171 263 370 414 432 513 551 598 714 738 784 841 869 909 958 963 990 
19 54 90 91 126 187 264 265 362 470 482 535 680 713 859 899 929 930 959 966 
16 158 300 343 344 441 476 501 561 711 746 782 830 884 892 970 980 
16 84 121 147 285 306 418 612 629 651 709 736 748 775 870 888 907 
23 15 33 74 191 219 287 288 307 331 355 392 428 456 521 524 611 659 700 760 767 859 874 986 
23 57 109 168 171 186 235 377 425 442 550 624 648 670 671 707 766 804 825 848 870 896 948 995 
19 95 157 174 280 285 334 601 610 681 682 707 732 810 844 866 885 914 956 964 
20 62 75 94 154 174 175 270 308 343 397 422 523 553 648 687 701 745 830 863 968 
25 51 167 246 348 364 368 383 443 444 465 525 550 578 642 670 709 772 799 838 851 872 875 905 987 994 
29 43 57 66 72 114 118 150 239 242 296 303 360 365 389 399 489 494 551 605 639 684 705 723 724 730 767 804 897 958 
20 26 29 65 130 184 219 274 379 432 441 517 571 615 622 734 741 834 947 981 983 
13 145 221 260 369 423 444 459 506 547 569 647 830 950 
24 4 38 120 182 188 198 212 227 244 250 326 337 408 428 434 479 523 534 609 716 832 882 948 966 
22 108 137 142 181 242 282 347 429 509 539 594 603 612 648 694 711 749 800 896 921 934 968 
26 81 103 156 157 231 269 293 294 336 359 367 408 430 483 505 560 670 694 769 773 796 812 833 851 918 949 
16 67 216 307 312 313 341 350 459 460 499 708 724 840 877 951 991 
14 10 36 62 63 247 373 490 612 726 792 795 970 994 999 
25 5 14 42 71 129 212 290 400 402 465 475 522 589 636 658 685 772 777 795 832 850 866 894 924 971 
20 30 79 192 214 220 386 441 502 540 550 590 683 699 761 786 859 876 900 906 957 
25 106 132 133 137 145 212 238 334 350 385 427 455 456 459 493 497 521 555 560 576 593 662 687 860 898 
23 3 34 78 114 172 173 227 278 294 318 390 398 451 467 575 597 675 679 723 791 863 914 953 
15 39 42 122 171 262 341 439 525 629 685 759 808 809 866 949 
16 0 146 170 172 236 390 518 534 548 640 671 754 791 816 820 882 
24 41 55 82 83 126 219 242 314 351 409 416 430 448 456 522 536 560 595 699 744 829 860 891 893 
21 11 83 153 182 185 204 260 359 367 374 469 546 597 611 638 665 667 682 959 982 986 
25 14 100 197 219 251 289 308 331 341 356 373 425 445 456 510 514 529 624 702 716 739 777 862 961 977 
19 0 2 186 200 337 351 410 412 590 630 699 705 720 799 828 837 859 923 978 
18 281 305 342 358 382 417 419 509 556 561 622 640 662 733 734 862 897 912 
20 70 81 112 139 234 257 306 542 643 682 686 733 818 827 834 841 861 870 932 965 
23 11 49 62 149 210 273 274 284 323 333 476 478 479 600 609 613 700 703 802 861 903 953 998 
14 191 268 294 310 334 365 392 404 492 525 602 607 729 820 
24 74 81 103 172 259 292 345 388 455 461 482 498 499 526 605 612 635 671 732 751 778 804 859 983 
20 0 2 110 143 154 335 354 372 409 436 454 457 681 743 772 798 803 855 913 979 
13 11 64 67 102 163 209 324 357 570 668 756 765 975 
22 18 19 61 110 115 179 216 378 389 440 444 476 490 504 570 632 672 704 771 892 934 958 
18 1 7 50 85 173 214 336 340 372 442 459 525 552 782 836 875 894 971 
12 22 26 32 89 119 262 304 470 490 736 742 933 
16 73 76 148 151 185 218 276 362 400 436 506 524 660 661 774 848 
20 35 104 111 188 200 252 256 323 351 381 429 433 491 546 570 660 670 743 823 861 
16 9 27 135 165 178 226 291 309 356 401 445 456 496 558 677 882 
18 0 233 280 297 389 407 454 541 612 632 710 735 796 819 832 913 915 968 
22 52 65 72 79 182 230 291 321 452 547 618 679 682 710 730 749 760 767 822 860 918 941 
21 1 28 133 161 191 219 245 287 334 336 386 505 548 592 613 620 722 796 872 892 924 
17 3 196 358 366 394 399 532 614 627 628 635 674 680 818 854 949 977 
20 15 53 63 111 148 183 221 231 236 328 336 364 370 441 507 540 633 775 933 962 
15 123 127 165 273 322 394 457 468 535 707 712 765 907 967 980 
17 29 72 228 240 257 287 378 484 492 577 670 708 726 795 811 916 917 
23 13 22 114 150 153 175 250 261 283 364 380 414 436 531 602 751 770 831 864 891 896 952 961 
23 3 62 68 85 88 102 182 267 312 363 376 391 408 510 556 625 666 697 725 729 805 806 929 
22 59 180 365 411 422 434 476 481 506 514 533 573 575 612 638 682 715 771 812 838 875 922 
23 56 102 166 192 220 249 331 357 400 403 518 522 528 613 621 626 665 674 707 709 721 761 978 
21 20 25 37 92 99 134 136 148 296 309 331 407 477 542 554 576 604 686 727 834 997 
23 10 65 159 187 214 359 376 420 476 486 490 547 561 571 572 626 663 701 707 781 838 847 915 
20 94 100 169 175 189 296 333 353 368 401 434 505 508 527 671 676 777 791 933 947 
21 5 12 33 86 119 164 234 263 311 345 420 439 491 498 532 555 621 778 781 830 932 
14 81 83 255 309 405 500 587 631 637 737 760 878 899 949 
18 98 209 237 262 268 333 344 364 447 544 602 689 709 762 821 874 925 936 
22 25 77 84 92 105 125 289 304 330 431 440 473 485 486 511 521 570 595 603 626 851 973 
24 40 87 155 228 243 244 261 289 310 330 338 365 516 524 591 620 626 636 729 742 860 920 931 997 
23 52 180 228 235 259 291 310 331 409 413 454 455 501 546 570 660 724 759 778 834 903 904 963 
23 2 36 53 63 101 123 152 170 209 267 272 388 445 457 458 477 494 541 579 708 776 803 968 
14 26 71 345 428 487 488 502 601 698 707 839 890 922 995 
24 15 35 61 71 81 192 237 267 309 421 491 601 606 635 638 683 694 707 713 757 819 861 940 978 
28 8 12 41 71 77 129 173 206 238 324 424 443 478 505 577 615 724 729 759 805 806 832 833 843 928 940 955 979 
20 37 58 151 181 279 357 375 377 422 493 513 515 580 632 653 659 669 719 871 940 
13 162 271 272 337 390 427 575 695 747 749 752 994 998 
19 5 27 69 254 297 450 455 477 522 601 605 613 672 711 720 768 822 893 898 
13 64 87 138 184 231 529 552 637 658 810 888 939 982 
24 48 143 144 268 317 348 428 467 513 583 627 647 670 684 699 700 831 844 845 853 881 942 984 990 
28 83 85 93 259 298 306 417 436 437 441 443 483 485 487 503 590 604 633 723 735 759 761 823 867 895 905 948 970 
17 56 174 269 315 316 320 384 385 427 481 589 591 617 802 865 940 943 
17 20 68 82 89 107 119 194 252 256 382 422 558 658 738 858 916 992 
18 78 96 141 181 259 307 371 398 416 446 449 484 491 601 672 719 746 805 
19 100 220 228 293 322 454 496 616 632 707 750 783 826 832 919 931 972 979 994 
21 63 88 122 209 308 403 417 420 426 442 493 526 580 629 699 760 774 818 917 931 943 
19 19 100 116 138 162 171 227 270 271 282 401 455 521 652 675 680 740 836 854 
12 123 211 223 368 454 460 609 658 900 935 948 992 
17 1 183 241 335 399 406 427 449 453 467 588 617 638 769 776 863 960 
22 20 239 253 341 373 388 406 418 430 490 516 546 557 561 632 664 686 748 786 788 807 847 
18 17 23 64 177 225 238 259 377 408 418 426 582 583 598 622 635 639 802 
20 27 96 113 132 269 318 332 346 451 467 489 505 522 692 768 813 822 824 886 974 
15 21 30 151 193 196 227 307 309 310 391 489 500 568 708 773 
19 88 151 166 205 489 612 702 772 807 820 837 843 874 903 922 930 947 969 999 
19 166 264 331 435 458 481 500 531 572 602 686 702 729 750 798 822 925 978 996 
18 19 75 88 100 174 217 222 318 428 479 534 683 731 751 776 777 835 891 
22 8 40 101 143 323 341 384 392 404 441 442 455 458 622 634 661 664 694 709 862 908 915 
10 11 12 139 334 396 458 607 892 938 991 
17 85 121 236 317 319 350 358 383 411 431 518 585 662 680 716 818 895 
24 2 133 191 213 314 319 365 455 479 520 533 540 547 647 648 661 698 699 787 803 843 865 891 981 
21 241 274 290 315 324 336 349 354 438 468 479 562 728 753 771 794 859 873 932 947 990 
21 49 119 171 316 393 497 531 539 605 667 809 811 827 835 837 854 872 939 960 969 987 
22 119 120 141 187 241 322 329 338 344 347 387 555 636 663 684 741 781 817 821 857 894 950 
22 48 71 100 150 163 173 187 233 279 343 423 476 559 633 658 808 831 848 877 895 988 991 
21 85 131 258 261 270 289 379 461 462 534 577 593 624 627 704 839 859 928 931 973 981 
27 16 75 80 140 210 253 322 332 342 355 401 457 463 554 574 576 581 649 697 720 730 792 813 915 925 932 939 
23 36 83 87 124 139 142 200 230 283 292 299 305 339 416 459 476 530 604 688 710 846 956 961 
18 4 11 35 86 213 217 360 400 454 463 464 474 532 571 604 614 729 820 
13 12 20 41 89 217 245 252 508 754 764 824 886 967 
13 36 86 112 119 147 267 302 440 631 683 847 909 947 
22 4 206 252 308 366 380 382 415 469 472 514 528 601 610 614 719 742 801 814 928 929 940 
31 0 35 43 133 229 234 241 260 282 283 302 335 355 369 409 415 424 440 458 586 606 651 673 708 712 735 838 841 842 928 968 
20 1 21 27 48 183 203 205 253 272 344 345 399 503 504 657 664 671 810 904 981 
20 43 53 105 106 134 163 262 298 306 462 471 521 522 634 670 703 732 839 916 965 
22 2 92 182 281 319 342 375 387 403 477 557 632 659 704 748 808 831 849 922 958 960 974 
22 90 103 125 152 195 217 330 338 354 428 516 594 649 782 805 850 864 944 947 950 953 990 
14 168 176 210 230 278 307 401 624 718 738 789 845 928 933 
24 67 101 223 261 270 284 311 367 377 399 446 507 513 551 618 628 690 781 819 835 894 897 938 979 
26 37 62 140 147 161 222 255 288 312 342 343 384 435 486 541 571 593 659 675 693 797 868 894 923 952 980 
23 31 38 58 74 188 205 352 358 378 381 421 488 536 549 569 572 714 715 763 846 849 970 991 
20 49 51 87 129 235 245 246 342 352 386 460 494 585 642 804 821 837 840 844 982 
23 0 57 64 66 175 253 341 357 374 376 415 466 512 533 539 606 608 633 685 710 722 769 943 
22 106 120 125 218 265 318 347 349 367 483 535 545 555 570 677 692 745 769 781 893 910 949 
15 28 110 193 199 218 290 382 446 466 493 495 513 565 650 833 
27 83 90 100 117 127 129 132 140 146 178 184 190 199 277 319 372 382 410 480 531 613 617 619 637 881 934 951 
19 138 139 144 251 275 359 383 419 477 573 601 604 622 643 663 706 815 957 959 
25 54 84 162 185 312 337 387 406 410 480 490 492 559 616 648 672 761 763 769 782 793 843 848 865 961 
27 14 24 133 178 181 182 200 235 288 311 356 437 478 507 523 575 592 641 646 649 743 753 806 847 919 976 992 
22 25 75 181 201 271 342 363 364 393 429 469 475 541 578 692 707 712 779 844 848 976 977 
18 81 123 242 405 480 520 596 647 677 703 774 793 799 814 844 923 938 968 
23 54 93 98 288 327 328 332 371 433 434 445 466 539 556 559 607 651 654 685 739 833 845 893 
17 70 128 274 316 327 494 589 650 689 704 731 750 752 779 821 831 907 
27 21 25 45 101 156 173 176 177 264 296 301 306 344 349 530 549 606 650 653 683 727 765 827 908 947 957 981 
