200 1000
711 716
329 827
833 1399
905 1260
400 1166
280 1075
504 1299
381 1038
450 1364
835 926
720 866
783 1433
368 925
9 733
872 1810
726 1300
792 978
77 740
561 818
173 558
868 912
513 1064
111 398
957 1210
503 699
980 1196
501 1064
452 776
388 708
691 955
646 1038
771 1235
263 1261
857 1055
94 688
234 290
869 1611
192 530
390 1280
849 1301
707 1483
240 811
699 890
167 786
227 536
977 1479
148 152
435 537
947 1064
726 1635
390 1017
738 1374
123 143
375 627
123 923
2 246
234 1123
177 615
351 733
326 918
152 988
508 766
182 315
335 803
243 341
816 1319
959 1471
71 1019
115 1022
893 1624
542 1504
862 1674
384 1054
556 921
928 1380
236 816
317 1211
387 899
772 1615
375 430
702 748
199 477
29 374
230 400
891 1202
70 429
572 725
480 494
801 1332
923 1227
900 969
775 816
142 948
878 1253
89 1081
703 1210
573 1034
511 1010
420 1296
399 843
511 1371
868 1191
355 438
528 980
121 150
138 403
40 222
253 528
300 894
199 1082
297 412
455 931
782 1131
84 222
420 457
466 1431
651 1460
600 1317
304 314
416 830
286 1087
602 1187
639 1452
873 1394
924 1872
997 1778
979 1064
151 334
320 923
786 905
510 682
740 1059
900 930
441 1246
99 929
498 1308
31 1005
569 1494
736 1615
39 220
938 1144
223 546
469 1134
764 1745
333 438
218 291
391 1077
505 959
438 922
759 1604
110 811
24 866
347 489
280 1269
935 1836
382 698
861 863
326 689
943 1930
664 674
152 876
664 1193
825 1652
372 626
191 1146
224 332
86 856
236 636
579 744
294 504
850 1673
468 559
186 1183
433 1329
824 1692
904 1753
294 1227
392 772
730 1725
672 1398
560 651
66 370
119 486
953 977
597 1439
860 925
300 1206
25 88
828 939
931 1267
411 1253
100 1031
793 1258
866 1465
42 259
432 488
347 936
348 1278
857 1042
316 316
537 1034
40 1009
550 958
80 992
66 234
239 648
157 1082
508 1333
314 518
267 464
727 816
833 1007
827 1327
971 1942
324 768
962 1660
663 691
70 421
212 1180
728 1566
236 357
525 724
985 1428
628 1461
710 759
878 1099
17 867
955 1820
341 526
966 1863
454 665
558 731
220 449
136 188
295 558
52 347
761 796
811 1711
700 1653
821 1580
304 1125
904 1191
861 1675
699 776
951 1495
354 478
489 511
226 327
448 806
901 1139
737 1596
58 293
246 655
974 1834
385 1294
544 936
12 329
502 697
44 652
728 1437
624 1159
229 285
185 529
933 1631
964 1471
483 703
735 1537
494 798
48 402
278 354
631 1083
898 1040
573 1498
399 717
48 964
561 635
565 765
770 1434
113 729
134 855
363 598
616 1122
310 985
625 1286
126 747
793 872
91 322
979 1145
170 606
248 768
461 1152
749 1366
610 1073
599 1297
233 815
631 983
845 1542
243 718
153 371
831 1233
758 923
716 1381
332 486
201 1045
194 454
998 1002
487 615
310 699
825 1300
368 513
344 661
358 376
255 707
381 1167
82 799
747 1079
556 694
550 704
145 417
845 1055
666 832
791 1602
305 1095
808 1089
621 1317
656 1135
945 1787
887 1484
546 960
399 1229
873 1178
204 420
472 1059
132 714
477 1325
777 1243
790 1426
118 1019
821 1425
113 362
255 411
389 1116
294 560
425 1184
428 1113
96 730
18 840
403 613
88 417
477 574
887 1501
374 511
759 1316
462 1065
660 1377
189 273
186 1041
289 667
880 1532
556 1101
901 1092
264 638
470 626
718 1212
220 809
34 912
521 1112
332 508
943 1923
774 860
569 1506
174 537
278 929
447 717
779 961
757 996
71 788
509 801
128 958
972 1634
349 560
787 1746
236 828
280 750
761 1590
202 1035
385 894
578 1165
390 1112
811 1605
212 620
82 932
264 602
1000 1063
765 1079
560 782
686 1601
648 1422
18 463
359 1189
335 1082
10 297
398 850
237 855
454 1397
346 753
508 543
590 1387
540 1397
576 635
536 626
215 300
884 1016
930 1649
188 417
147 386
624 916
141 1088
984 1373
835 1556
642 1415
842 1410
294 830
192 1153
83 471
602 855
610 1332
956 1549
45 942
646 1385
32 42
14 68
332 1055
21 572
428 1262
241 363
252 444
32 392
7 91
627 874
722 1067
216 1032
896 1087
231 586
182 364
954 1237
558 1182
232 875
143 836
851 1289
766 1561
910 1719
80 690
951 1750
42 870
982 1687
873 1617
609 850
495 1166
868 1220
303 696
676 1303
96 903
423 495
945 1826
245 524
902 1331
987 1720
5 363
902 1336
620 1540
559 985
674 1616
828 1331
538 1158
338 991
316 678
677 1350
522 1237
914 985
709 1335
821 1622
484 1069
295 832
801 984
614 816
733 1358
292 703
24 249
664 1315
211 324
809 1163
345 1146
490 576
513 786
730 1462
479 893
971 1081
504 790
620 1313
803 1051
720 967
772 1460
716 1012
943 1805
70 879
879 1548
131 265
307 407
957 1854
320 1164
402 1069
511 1442
821 1142
566 706
817 1039
932 1267
836 1553
370 549
86 259
887 1246
928 1401
321 477
819 1571
868 1603
517 1041
13 20
386 474
922 942
88 722
435 1399
118 741
814 1456
927 1913
388 1200
599 874
818 1525
533 1100
846 1478
37 957
685 1056
295 747
105 993
349 902
405 776
879 1667
72 1060
948 1497
377 781
318 445
87 121
19 952
812 1153
403 636
406 991
103 273
40 872
889 1053
599 795
927 1326
1 823
667 1353
948 1049
955 1381
484 1137
394 1139
975 1330
465 791
234 896
118 479
91 110
447 812
632 735
290 593
146 571
101 195
97 410
461 1448
419 510
573 1166
178 743
321 555
938 1643
862 1085
947 1864
797 1298
978 1610
959 1818
197 433
146 596
189 431
61 424
973 1805
640 705
61 434
441 552
542 805
617 868
538 1007
67 887
100 273
363 1147
309 1036
273 1024
645 1447
125 1068
518 717
225 1046
82 560
508 747
456 727
428 1377
670 1585
923 1635
277 1198
96 759
197 600
88 708
148 973
316 764
686 1396
653 1371
854 1810
982 1305
105 206
775 864
727 1429
256 744
592 850
430 841
140 1000
611 1177
192 1149
326 866
484 933
922 1746
504 773
916 1792
958 1095
676 1118
210 1088
734 1492
577 841
549 748
533 1100
172 576
616 736
733 1524
210 446
393 1229
275 964
337 630
556 746
404 562
415 488
131 409
890 1638
159 437
204 810
17 43
671 783
813 1468
87 437
730 1543
200 242
922 1592
68 178
629 780
987 1914
630 1188
359 502
717 1208
513 517
94 596
599 1062
333 425
949 1767
592 1010
392 674
861 1488
436 927
952 1419
457 1123
403 910
771 1575
858 1693
214 229
723 1604
859 1251
889 1346
929 1569
309 771
66 405
513 514
167 954
456 894
231 426
533 844
437 1408
731 1057
540 851
97 304
187 460
517 675
856 1186
799 1736
296 1139
376 383
304 1169
245 685
917 973
108 712
21 954
294 969
413 711
534 728
649 1214
248 567
852 939
896 1162
845 1094
25 970
23 946
331 889
880 1773
847 1742
940 1422
450 587
864 1072
480 750
680 1352
525 863
701 1042
120 609
278 954
331 580
440 1355
290 1253
276 387
466 1311
483 1123
564 1428
161 525
199 934
32 622
653 884
281 1267
912 1484
329 1114
616 1340
582 1147
507 630
730 748
288 509
672 1590
448 859
822 1471
88 234
349 568
76 648
243 697
282 624
492 1360
220 1085
71 309
797 1311
769 1323
712 1332
677 992
445 993
589 1193
315 888
476 1199
342 588
83 303
43 414
383 1327
321 506
941 1126
908 1664
791 985
905 1334
523 1241
8 574
266 1207
43 628
944 1009
642 692
78 997
713 1472
43 1003
955 1907
574 1040
136 949
621 910
255 547
843 964
988 1318
628 776
929 1267
340 1250
47 446
515 1197
723 1227
771 1159
777 960
151 925
633 1552
658 1649
179 270
926 1433
181 674
98 941
556 1124
613 974
687 1225
447 1283
154 922
601 749
24 674
340 671
182 807
903 1824
72 184
961 1132
121 469
272 428
344 413
218 1023
592 1211
981 1517
724 1079
427 1091
468 1018
835 1530
428 877
703 1465
415 701
471 901
134 913
632 1048
480 1008
965 1147
817 1676
674 691
592 1133
573 699
319 730
284 1150
776 804
664 1222
175 1021
220 493
225 648
65 892
310 330
576 845
286 831
828 836
65 977
531 717
810 1790
145 675
925 1125
688 1433
23 844
331 363
152 626
723 966
999 1444
213 522
699 1622
532 1010
55 230
533 1500
391 482
818 1666
799 1357
887 1705
758 1734
714 1208
969 1552
288 976
247 780
683 1169
351 835
685 1256
985 1032
428 712
702 914
17 551
489 610
132 1089
773 1773
958 1417
319 836
617 1077
483 1150
953 1740
241 460
41 230
75 1065
880 1439
869 1394
261 902
216 581
611 1082
329 682
640 1157
891 1880
260 437
664 1093
832 1126
393 780
815 900
774 1342
798 1226
353 586
778 1253
167 853
748 1493
63 689
955 1569
821 837
78 392
705 745
833 1789
94 1030
608 1292
152 662
456 620
808 1073
684 741
486 1379
297 916
907 1580
380 738
182 712
282 513
607 1226
872 1792
619 1012
568 640
57 822
217 248
409 821
604 1533
328 672
588 1497
925 1150
794 1178
685 1685
788 852
677 1177
256 721
720 1188
663 1596
548 882
805 1690
250 968
26 46
233 552
828 1503
539 1534
428 750
895 1892
940 1000
549 1355
329 414
117 1066
26 97
883 1876
549 1110
949 1568
277 509
532 549
318 756
913 1905
937 1722
122 308
676 792
34 218
687 802
593 1527
673 824
387 1158
956 1832
563 855
282 863
546 754
538 1503
848 1810
483 983
472 1104
788 793
363 598
499 1244
905 937
485 905
745 1152
19 19 94 97 215 221 286 306 349 416 429 466 589 623 646 746 768 817 871 997 
15 6 48 109 167 225 295 327 399 402 508 671 720 742 848 871 
24 6 20 67 100 129 152 174 257 411 412 532 559 594 730 767 830 849 855 860 864 887 898 903 929 
11 268 381 430 628 633 777 805 812 848 903 977 
20 82 203 213 260 277 310 314 439 556 563 662 710 774 779 783 825 843 899 910 927 
17 86 120 199 221 223 295 417 448 500 688 705 797 833 835 878 906 971 
20 23 50 88 159 196 208 212 254 366 369 379 420 432 457 668 707 718 755 766 985 
22 6 20 139 151 163 185 226 241 298 337 416 435 513 615 681 743 785 830 913 977 980 995 
27 24 31 104 112 131 142 169 201 209 270 297 302 353 367 405 437 445 466 540 625 725 762 856 873 937 952 957 
22 7 87 124 186 260 350 357 431 440 471 472 531 594 748 780 825 916 922 928 936 948 961 
23 35 41 153 209 211 229 233 275 335 368 382 431 492 548 651 767 775 791 828 842 914 924 978 
26 15 42 51 76 136 208 255 277 325 368 430 450 516 523 565 571 603 658 673 674 693 763 770 773 935 958 
25 73 81 172 210 243 267 358 375 382 432 458 623 634 636 703 719 736 777 792 881 883 926 942 954 984 
14 28 64 172 197 325 363 407 485 502 552 556 914 946 964 
21 3 4 51 121 217 233 247 256 335 390 419 439 457 595 670 715 717 719 849 892 899 
19 25 65 111 161 224 272 281 295 299 333 482 725 745 778 810 826 870 885 918 
20 6 73 204 209 333 335 390 391 427 428 483 501 571 646 702 795 805 850 869 944 
24 5 28 101 157 202 295 299 307 363 376 387 406 495 521 536 657 720 768 809 856 913 935 947 982 
19 109 182 211 252 361 395 464 547 622 625 687 709 955 959 963 988 989 990 993 
15 18 283 321 353 366 418 446 465 608 621 653 722 736 784 851 
20 15 72 79 102 142 150 340 429 465 478 524 546 550 554 562 564 621 647 759 783 
24 2 8 78 110 132 154 186 230 266 276 318 448 452 481 500 501 557 562 659 726 744 942 962 977 
19 3 25 37 130 172 222 266 341 348 366 393 515 517 730 773 817 820 845 896 
26 21 70 73 101 162 185 201 291 342 352 365 391 509 557 558 567 596 670 713 759 764 767 867 897 913 969 
22 19 62 70 190 237 261 399 400 408 415 455 471 500 528 582 603 619 655 701 761 870 972 
18 16 161 281 287 340 415 536 558 559 579 660 719 751 800 812 831 939 980 
33 4 62 71 103 105 121 139 143 152 346 476 493 515 526 533 553 556 558 590 644 646 666 671 735 739 748 764 794 817 823 831 920 951 
18 74 89 137 195 320 332 435 456 539 603 634 693 700 701 882 883 911 922 
20 19 82 120 135 232 241 263 312 395 427 440 447 564 589 654 680 702 801 843 898 
17 1 50 115 162 199 202 217 285 342 344 527 560 567 804 818 836 929 
26 5 51 141 164 180 207 210 273 311 320 361 421 443 465 517 522 547 579 656 661 737 815 820 876 928 937 
22 19 23 81 145 297 336 338 358 498 505 506 517 637 641 755 768 771 780 801 824 871 991 
21 49 72 131 153 171 176 218 237 243 399 468 519 527 574 690 692 752 791 806 807 913 
17 49 76 91 124 292 350 371 380 387 497 498 580 592 701 727 770 881 
13 109 203 224 242 276 350 541 703 721 849 902 978 985 
18 26 173 184 207 271 351 375 454 469 534 765 787 830 835 846 929 937 979 
29 172 178 198 236 273 280 295 301 308 320 321 332 369 423 492 514 566 682 684 762 768 798 817 922 934 950 971 978 993 
26 13 70 127 155 171 201 234 351 392 393 418 540 607 647 708 721 743 753 788 836 840 851 879 923 973 995 
18 16 53 85 140 171 334 395 427 500 517 523 549 590 696 711 733 807 880 
20 44 48 107 158 160 254 290 300 313 332 410 555 623 641 688 817 844 893 931 960 
23 146 269 289 313 318 319 346 363 386 402 439 478 489 490 506 608 613 660 671 695 734 826 872 
23 38 58 105 246 291 330 343 386 433 472 488 514 526 543 557 602 646 717 850 884 917 959 962 
14 144 200 299 413 447 471 624 652 718 762 785 817 889 954 
24 35 101 103 141 150 179 192 229 232 348 383 391 405 542 563 635 729 767 792 852 928 964 975 983 
17 19 50 107 108 113 132 284 649 700 750 760 778 793 825 883 906 921 
17 31 50 66 154 191 314 320 442 497 512 596 639 794 807 813 864 930 
27 1 34 84 86 186 215 233 248 330 360 372 449 462 502 591 614 632 665 706 740 811 832 856 895 917 969 981 
20 13 14 25 122 181 235 268 331 359 371 407 468 473 484 514 559 599 777 778 915 
21 29 38 109 119 130 267 308 388 421 439 474 507 555 672 714 797 819 863 926 941 980 
24 49 161 174 194 233 258 271 339 345 503 515 576 634 655 659 669 744 766 767 817 871 905 921 939 
18 13 70 97 139 141 241 326 352 478 527 586 658 756 767 780 852 891 970 
19 80 83 121 173 183 227 234 278 519 555 581 658 729 823 844 881 904 940 957 
18 26 82 193 282 375 501 532 637 723 745 794 809 818 885 901 904 920 992 
20 60 82 143 211 280 330 361 376 397 424 447 477 496 535 673 777 780 889 930 998 
20 46 84 228 238 284 306 322 354 438 480 593 635 708 731 759 762 770 886 930 977 
20 32 225 244 300 303 309 315 407 454 465 482 491 492 515 537 546 615 646 873 990 
16 48 60 142 179 184 189 259 370 419 429 511 525 538 601 603 630 
22 30 62 113 330 415 469 531 599 602 621 623 656 663 749 821 826 829 904 916 977 991 993 
26 9 39 41 71 130 140 199 202 227 439 505 518 532 570 636 652 721 731 737 778 786 796 804 822 828 882 
18 17 69 195 255 280 293 321 359 533 557 625 654 717 740 758 842 859 891 
22 20 91 93 111 112 134 150 156 161 197 301 389 394 489 495 505 670 681 793 818 935 954 
19 7 109 124 241 243 249 412 425 468 470 543 578 621 628 735 742 764 779 881 
30 12 13 47 55 102 111 115 116 136 265 298 343 357 470 479 529 558 572 623 728 744 747 800 824 850 855 903 960 982 992 
25 11 13 29 56 84 144 224 248 288 396 535 592 597 640 673 674 678 770 771 797 819 846 884 908 996 
21 63 177 206 219 341 370 375 415 480 548 556 574 582 614 734 790 887 913 932 939 945 
29 59 70 82 155 254 275 287 292 293 311 386 388 405 427 443 444 467 477 494 531 544 584 718 763 769 803 819 958 996 
21 12 122 126 177 194 326 444 513 521 581 616 691 749 803 830 833 861 868 903 906 999 
26 39 95 104 135 357 364 389 477 507 511 557 564 584 624 692 696 722 750 808 819 853 904 936 950 951 972 
13 290 347 417 508 539 563 591 621 777 779 799 919 990 
25 62 70 116 140 229 241 363 405 406 456 461 487 489 537 568 676 718 784 785 803 806 811 957 979 984 
19 52 66 145 160 183 313 321 324 476 516 524 549 589 645 678 748 816 852 853 
21 14 77 86 129 134 164 220 325 346 491 499 523 574 650 695 709 789 843 905 952 991 
17 84 152 164 218 339 415 495 701 708 721 777 790 800 836 852 894 941 
18 130 181 218 319 352 360 433 495 521 573 595 655 680 681 699 770 862 892 
23 45 52 55 165 353 361 375 503 553 577 633 634 700 713 742 792 793 798 834 867 914 915 936 
17 80 110 204 259 333 363 501 566 652 659 676 778 853 903 913 914 993 
22 22 44 62 149 176 191 202 239 259 402 496 510 601 623 653 681 712 734 744 818 854 969 
18 130 131 269 323 364 399 509 573 627 656 693 718 780 893 895 896 901 993 
19 104 131 171 263 370 414 432 513 551 598 714 738 784 841 869 909 958 963 990 
19 54 90 91 126 187 264 265 362 470 482 535 680 713 859 899 929 930 959 966 
16 158 300 343 344 441 476 501 561 711 746 782 830 884 892 970 980 
16 84 121 147 285 306 418 612 629 651 709 736 748 775 870 888 907 
23 15 33 74 191 219 287 288 307 331 355 392 428 456 521 524 611 659 700 760 767 859 874 986 
23 57 109 168 171 186 235 377 425 442 550 624 648 670 671 707 766 804 825 848 870 896 948 995 
19 95 157 174 280 285 334 601 610 681 682 707 732 810 844 866 885 914 956 964 
20 62 75 94 154 174 175 270 308 343 397 422 523 553 648 687 701 745 830 863 968 
25 51 167 246 348 364 368 383 443 444 465 525 550 578 642 670 709 772 799 838 851 872 875 905 987 994 
29 43 57 66 72 114 118 150 239 242 296 303 360 365 389 399 489 494 551 605 639 684 705 723 724 730 767 804 897 958 
20 26 29 65 130 184 219 274 379 432 441 517 571 615 622 734 741 834 947 981 983 
13 145 221 260 369 423 444 459 506 547 569 647 830 950 
24 4 38 120 182 188 198 212 227 244 250 326 337 408 428 434 479 523 534 609 716 832 882 948 966 
22 108 137 142 181 242 282 347 429 509 539 594 603 612 648 694 711 749 800 896 921 934 968 
26 81 103 156 157 231 269 293 294 336 359 367 408 430 483 505 560 670 694 769 773 796 812 833 851 918 949 
16 67 216 307 312 313 341 350 459 460 499 708 724 840 877 951 991 
14 10 36 62 63 247 373 490 612 726 792 795 970 994 999 
25 5 14 42 71 129 212 290 400 402 465 475 522 589 636 658 685 772 777 795 832 850 866 894 924 971 
20 30 79 192 214 220 386 441 502 540 550 590 683 699 761 786 859 876 900 906 957 
25 106 132 133 137 145 212 238 334 350 385 427 455 456 459 493 497 521 555 560 576 593 662 687 860 898 
23 3 34 78 114 172 173 227 278 294 318 390 398 451 467 575 597 675 679 723 791 863 914 953 
15 39 42 122 171 262 341 439 525 629 685 759 808 809 866 949 
16 0 146 170 172 236 390 518 534 548 640 671 754 791 816 820 882 
24 41 55 82 83 126 219 242 314 351 409 416 430 448 456 522 536 560 595 699 744 829 860 891 893 
21 11 83 153 182 185 204 260 359 367 374 469 546 597 611 638 665 667 682 959 982 986 
25 14 100 197 219 251 289 308 331 341 356 373 425 445 456 510 514 529 624 702 716 739 777 862 961 977 
19 0 2 186 200 337 351 410 412 590 630 699 705 720 799 828 837 859 923 978 
18 281 305 342 358 382 417 419 509 556 561 622 640 662 733 734 862 897 912 
20 70 81 112 139 234 257 306 542 643 682 686 733 818 827 834 841 861 870 932 965 
23 11 49 62 149 210 273 274 284 323 333 476 478 479 600 609 613 700 703 802 861 903 953 998 
14 191 268 294 310 334 365 392 404 492 525 602 607 729 820 
24 74 81 103 172 259 292 345 388 455 461 482 498 499 526 605 612 635 671 732 751 778 804 859 983 
20 0 2 110 143 154 335 354 372 409 436 454 457 681 743 772 798 803 855 913 979 
13 11 64 67 102 163 209 324 357 570 668 756 765 975 
22 18 19 61 110 115 179 216 378 389 440 444 476 490 504 570 632 672 704 771 892 934 958 
18 1 7 50 85 173 214 336 340 372 442 459 525 552 782 836 875 894 971 
12 22 26 32 89 119 262 304 470 490 736 742 933 
16 73 76 148 151 185 218 276 362 400 436 506 524 660 661 774 848 
20 35 104 111 188 200 252 256 323 351 381 429 433 491 546 570 660 670 743 823 861 
16 9 27 135 165 178 226 291 309 356 401 445 456 496 558 677 882 
18 0 233 280 297 389 407 454 541 612 632 710 735 796 819 832 913 915 968 
22 52 65 72 79 182 230 291 321 452 547 618 679 682 710 730 749 760 767 822 860 918 941 
21 1 28 133 161 191 219 245 287 334 336 386 505 548 592 613 620 722 796 872 892 924 
17 3 196 358 366 394 399 532 614 627 628 635 674 680 818 854 949 977 
20 15 53 63 111 148 183 221 231 236 328 336 364 370 441 507 540 633 775 933 962 
15 123 127 165 273 322 394 457 468 535 707 712 765 907 967 980 
17 29 72 228 240 257 287 378 484 492 577 670 708 726 795 811 916 917 
23 13 22 114 150 153 175 250 261 283 364 380 414 436 531 602 751 770 831 864 891 896 952 961 
23 3 62 68 85 88 102 182 267 312 363 376 391 408 510 556 625 666 697 725 729 805 806 929 
22 59 180 365 411 422 434 476 481 506 514 533 573 575 612 638 682 715 771 812 838 875 922 
23 56 102 166 192 220 249 331 357 400 403 518 522 528 613 621 626 665 674 707 709 721 761 978 
21 20 25 37 92 99 134 136 148 296 309 331 407 477 542 554 576 604 686 727 834 997 
23 10 65 159 187 214 359 376 420 476 486 490 547 561 571 572 626 663 701 707 781 838 847 915 
20 94 100 169 175 189 296 333 353 368 401 434 505 508 527 671 676 777 791 933 947 
21 5 12 33 86 119 164 234 263 311 345 420 439 491 498 532 555 621 778 781 830 932 
14 81 83 255 309 405 500 587 631 637 737 760 878 899 949 
18 98 209 237 262 268 333 344 364 447 544 602 689 709 762 821 874 925 936 
22 25 77 84 92 105 125 289 304 330 431 440 473 485 486 511 521 570 595 603 626 851 973 
24 40 87 155 228 243 244 261 289 310 330 338 365 516 524 591 620 626 636 729 742 860 920 931 997 
23 52 180 228 235 259 291 310 331 409 413 454 455 501 546 570 660 724 759 778 834 903 904 963 
23 2 36 53 63 101 123 152 170 209 267 272 388 445 457 458 477 494 541 579 708 776 803 968 
14 26 71 345 428 487 488 502 601 698 707 839 890 922 995 
24 15 35 61 71 81 192 237 267 309 421 491 601 606 635 638 683 694 707 713 757 819 861 940 978 
28 8 12 41 71 77 129 173 206 238 324 424 443 478 505 577 615 724 729 759 805 806 832 833 843 928 940 955 979 
20 37 58 151 181 279 357 375 377 422 493 513 515 580 632 653 659 669 719 871 940 
13 162 271 272 337 390 427 575 695 747 749 752 994 998 
19 5 27 69 254 297 450 455 477 522 601 605 613 672 711 720 768 822 893 898 
13 64 87 138 184 231 529 552 637 658 810 888 939 982 
24 48 143 144 268 317 348 428 467 513 583 627 647 670 684 699 700 831 844 845 853 881 942 984 990 
28 83 85 93 259 298 306 417 436 437 441 443 483 485 487 503 590 604 633 723 735 759 761 823 867 895 905 948 970 
17 56 174 269 315 316 320 384 385 427 481 589 591 617 802 865 940 943 
17 20 68 82 89 107 119 194 252 256 382 422 558 658 738 858 916 992 
18 78 96 141 181 259 307 371 398 416 446 449 484 491 601 672 719 746 805 
19 100 220 228 293 322 454 496 616 632 707 750 783 826 832 919 931 972 979 994 
21 63 88 122 209 308 403 417 420 426 442 493 526 580 629 699 760 774 818 917 931 943 
19 19 100 116 138 162 171 227 270 271 282 401 455 521 652 675 680 740 836 854 
12 123 211 223 368 454 460 609 658 900 935 948 992 
17 1 183 241 335 399 406 427 449 453 467 588 617 638 769 776 863 960 
22 20 239 253 341 373 388 406 418 430 490 516 546 557 561 632 664 686 748 786 788 807 847 
18 17 23 64 177 225 238 259 377 408 418 426 582 583 598 622 635 639 802 
20 27 96 113 132 269 318 332 346 451 467 489 505 522 692 768 813 822 824 886 974 
15 21 30 151 193 196 227 307 309 310 391 489 500 568 708 773 
19 88 151 166 205 489 612 702 772 807 820 837 843 874 903 922 930 947 969 999 
19 166 264 331 435 458 481 500 531 572 602 686 702 729 750 798 822 925 978 996 
18 19 75 88 100 174 217 222 318 428 479 534 683 731 751 776 777 835 891 
22 8 40 101 143 323 341 384 392 404 441 442 455 458 622 634 661 664 694 709 862 908 915 
10 11 12 139 334 396 458 607 892 938 991 
17 85 121 236 317 319 350 358 383 411 431 518 585 662 680 716 818 895 
24 2 133 191 213 314 319 365 455 479 520 533 540 547 647 648 661 698 699 787 803 843 865 891 981 
21 241 274 290 315 324 336 349 354 438 468 479 562 728 753 771 794 859 873 932 947 990 
21 49 119 171 316 393 497 531 539 605 667 809 811 827 835 837 854 872 939 960 969 987 
22 119 120 141 187 241 322 329 338 344 347 387 555 636 663 684 741 781 817 821 857 894 950 
22 48 71 100 150 163 173 187 233 279 343 423 476 559 633 658 808 831 848 877 895 988 991 
21 85 131 258 261 270 289 379 461 462 534 577 593 624 627 704 839 859 928 931 973 981 
27 16 75 80 140 210 253 322 332 342 355 401 457 463 554 574 576 581 649 697 720 730 792 813 915 925 932 939 
23 36 83 87 124 139 142 200 230 283 292 299 305 339 416 459 476 530 604 688 710 846 956 961 
18 4 11 35 86 213 217 360 400 454 463 464 474 532 571 604 614 729 820 
13 12 20 41 89 217 245 252 508 754 764 824 886 967 
13 36 86 112 119 147 267 302 440 631 683 847 909 947 
22 4 206 252 308 366 380 382 415 469 472 514 528 601 610 614 719 742 801 814 928 929 940 
31 0 35 43 133 229 234 241 260 282 283 302 335 355 369 409 415 424 440 458 586 606 651 673 708 712 735 838 841 842 928 968 
20 1 21 27 48 183 203 205 253 272 344 345 399 503 504 657 664 671 810 904 981 
20 43 53 105 106 134 163 262 298 306 462 471 521 522 634 670 703 732 839 916 965 
22 2 92 182 281 319 342 375 387 403 477 557 632 659 704 748 808 831 849 922 958 960 974 
22 90 103 125 152 195 217 330 338 354 428 516 594 649 782 805 850 864 944 947 950 953 990 
14 168 176 210 230 278 307 401 624 718 738 789 845 928 933 
24 67 101 223 261 270 284 311 367 377 399 446 507 513 551 618 628 690 781 819 835 894 897 938 979 
26 37 62 140 147 161 222 255 288 312 342 343 384 435 486 541 571 593 659 675 693 797 868 894 923 952 980 
23 31 38 58 74 188 205 352 358 378 381 421 488 536 549 569 572 714 715 763 846 849 970 991 
20 49 51 87 129 235 245 246 342 352 386 460 494 585 642 804 821 837 840 844 982 
23 0 57 64 66 175 253 341 357 374 376 415 466 512 533 539 606 608 633 685 710 722 769 943 
22 106 120 125 218 265 318 347 349 367 483 535 545 555 570 677 692 745 769 781 893 910 949 
15 28 110 193 199 218 290 382 446 466 493 495 513 565 650 833 
27 83 90 100 117 127 129 132 140 146 178 184 190 199 277 319 372 382 410 480 531 613 617 619 637 881 934 951 
19 138 139 144 251 275 359 383 419 477 573 601 604 622 643 663 706 815 957 959 
25 54 84 162 185 312 337 387 406 410 480 490 492 559 616 648 672 761 763 769 782 793 843 848 865 961 
27 14 24 133 178 181 182 200 235 288 311 356 437 478 507 523 575 592 641 646 649 743 753 806 847 919 976 992 
22 25 75 181 201 271 342 363 364 393 429 469 475 541 578 692 707 712 779 844 848 976 977 
18 81 123 242 405 480 520 596 647 677 703 774 793 799 814 844 923 938 968 
23 54 93 98 288 327 328 332 371 433 434 445 466 539 556 559 607 651 654 685 739 833 845 893 
17 70 128 274 316 327 494 589 650 689 704 731 750 752 779 821 831 907 
27 21 25 45 101 156 173 176 177 264 296 301 306 344 349 530 549 606 650 653 683 727 765 827 908 947 957 981 
