200 1000
300 782
337 488
700 1160
260 602
484 648
31 149
63 140
295 1290
85 645
505 1438
70 971
649 856
382 1365
115 636
917 1904
373 626
25 132
421 605
564 1415
664 1215
851 1095
508 1063
296 687
267 1201
119 675
908 1799
67 73
732 1048
733 1163
754 1210
308 847
362 823
282 1195
869 1810
458 822
308 1001
67 415
709 1677
269 366
716 1153
420 971
932 1531
225 1040
685 1354
784 1185
153 270
641 1473
122 768
524 1264
425 1278
606 1044
470 593
24 310
863 1513
44 882
427 1259
460 1120
971 1684
174 959
263 946
829 1032
292 1274
679 1570
574 1357
262 742
818 1811
217 742
487 1373
276 372
905 1139
982 1215
262 834
492 677
847 964
882 1296
364 1286
162 488
804 1156
706 1573
82 511
699 790
133 652
108 968
744 1586
382 478
964 1127
371 1259
308 1145
854 1295
382 927
671 733
524 827
681 1293
472 1083
624 893
686 1636
435 531
610 1303
877 1483
263 427
675 999
808 1749
348 1243
467 654
468 902
626 829
498 1324
83 907
82 681
993 1586
497 1337
298 359
143 755
204 630
122 1006
334 1119
418 586
238 1171
156 245
660 1272
557 623
737 875
489 495
278 1239
5 141
835 1149
54 866
428 509
55 357
845 1438
592 1435
125 858
806 1761
231 1073
966 1014
229 740
627 1322
255 625
795 1628
138 270
746 1349
460 506
643 731
707 1220
376 919
715 811
358 534
603 1099
778 1453
439 1263
118 163
668 713
672 1646
653 924
153 411
403 616
295 516
318 1085
831 881
961 1860
407 583
301 975
983 1457
98 583
168 632
632 1336
500 1484
91 440
337 653
51 870
148 896
1 749
718 1461
115 982
33 886
395 675
429 1121
413 713
292 1258
483 642
630 908
120 132
409 749
198 506
982 1084
892 1074
878 1583
782 1335
529 1338
184 1108
486 589
849 954
970 1853
933 1635
103 198
656 818
977 1507
393 1182
345 1322
333 666
781 1690
994 1643
500 1353
477 528
955 1128
536 1186
800 1565
310 922
833 1125
710 1572
147 1015
601 1119
146 223
343 1204
966 1269
910 1484
768 983
328 755
768 1093
219 1013
740 741
286 826
344 1036
154 422
312 682
130 674
703 1132
660 714
257 1014
836 865
288 1249
51 847
232 444
436 669
99 941
646 1065
352 1206
216 745
846 1168
523 1297
111 640
827 827
366 808
926 1059
598 1520
145 392
258 515
410 967
621 1453
654 1121
227 929
640 1300
269 596
163 1123
320 525
939 949
531 1131
43 459
294 887
321 668
993 1570
798 1158
138 378
209 1065
273 492
545 1178
448 1113
999 1035
100 228
878 1069
171 933
881 1224
386 1160
998 1059
210 516
24 436
691 1003
955 1571
124 344
891 1413
81 367
193 824
37 670
12 454
892 1864
164 567
252 332
970 1219
662 972
743 1659
387 1234
935 1011
342 809
327 700
979 1575
565 641
660 1640
109 598
607 844
307 1027
136 1125
774 1479
687 737
72 739
594 1266
804 1063
94 756
572 914
726 1560
355 1334
298 479
826 1295
554 664
144 776
167 1030
66 464
999 1713
167 414
319 1038
640 790
928 1444
775 1445
844 1638
856 1079
124 378
821 1535
442 650
905 1564
214 1128
626 628
887 1024
505 802
131 1085
544 958
24 834
664 904
655 1475
170 441
136 735
829 1037
935 1381
698 723
700 1267
308 378
112 615
361 581
92 722
336 1068
944 1371
217 517
685 831
325 456
174 859
190 1075
761 1606
402 1209
731 865
448 1260
962 1916
264 361
628 933
760 1737
894 1067
241 539
420 1088
638 686
528 1367
535 1153
31 766
186 1122
329 779
381 866
966 1318
558 755
359 1073
615 1010
746 1293
23 507
904 1889
652 1011
50 614
605 1378
727 1060
392 1073
581 795
266 858
889 957
226 396
82 219
428 672
230 542
343 444
46 95
210 607
338 836
569 811
501 843
390 1002
187 301
882 1486
329 774
845 1539
481 680
783 1002
404 922
527 564
946 1648
524 1175
797 1303
780 1427
950 1726
489 1359
643 1331
329 516
51 697
738 946
185 195
549 1296
783 1738
587 653
351 1135
317 704
861 1742
869 1568
580 1400
630 1288
671 896
686 920
191 850
967 999
885 1074
984 1267
331 577
372 577
704 1213
920 1157
842 1211
798 846
160 926
784 1343
524 721
442 746
450 798
798 1018
627 1349
0 86
306 454
803 1629
914 1740
51 587
549 1312
394 987
714 1500
914 1096
414 717
548 867
879 1116
70 806
427 1259
160 824
139 629
148 660
878 885
461 676
181 244
599 617
188 854
26 117
885 1508
630 1210
964 1577
467 1261
725 1511
689 1216
887 1339
778 889
665 722
768 958
32 62
115 756
449 1266
82 753
57 368
205 1084
80 585
881 1588
793 1687
516 848
267 827
305 1295
530 590
454 602
2 413
382 533
836 1383
43 617
313 1097
945 1336
188 671
897 979
221 592
516 925
917 1840
288 967
227 987
321 1293
142 967
680 1110
638 1280
214 255
297 926
166 977
207 641
855 1784
83 782
345 352
931 1580
855 1055
758 1178
698 1636
971 1246
751 899
901 1153
1000 1413
272 1136
973 1289
176 307
967 1025
797 1318
254 799
646 967
112 360
458 862
622 970
547 569
644 886
407 1271
786 1275
877 1474
578 1183
374 1119
363 450
210 233
259 508
951 1452
229 609
858 1150
31 413
338 797
761 1290
599 746
611 1145
550 1404
5 616
409 1052
268 488
684 1596
373 1149
176 836
888 1545
533 992
978 1851
370 1366
714 1320
24 151
233 679
865 1268
832 1268
902 1459
926 1073
685 715
413 456
622 1245
515 1251
872 1293
323 386
213 534
608 1206
893 1293
288 1165
677 707
623 1162
32 940
907 1141
36 348
83 757
773 1044
106 483
823 1645
216 671
881 1540
468 855
907 1307
182 862
159 587
825 1760
871 1681
71 181
273 313
711 1020
428 1322
114 942
738 1118
265 521
183 703
289 985
136 1056
659 1288
709 1022
775 1583
939 991
297 556
527 829
819 1582
99 834
977 1493
868 1727
285 826
407 608
137 365
593 1286
723 839
244 266
712 1528
468 905
450 606
671 721
59 1028
202 808
958 1484
449 1319
181 1074
804 1090
756 1410
336 962
756 857
42 1021
731 1497
563 1022
672 1492
279 803
3 94
628 1135
94 382
864 1805
624 770
359 384
306 590
62 427
377 714
917 1229
474 1137
701 945
125 997
143 329
916 1913
375 1333
414 1085
238 284
897 1155
541 724
863 980
926 1483
731 1344
92 202
588 753
845 1668
762 1629
91 184
199 1156
155 514
451 1396
53 1049
953 1262
184 243
410 1069
8 545
582 1509
640 1000
946 1180
18 97
116 752
407 900
644 916
893 1104
513 1047
395 1353
25 514
70 635
527 1160
800 1535
324 594
142 649
248 852
395 594
434 780
51 381
116 759
905 1182
418 757
827 1339
989 1563
221 955
336 801
433 1015
835 1338
511 1150
223 528
125 635
172 858
555 940
976 1333
403 506
325 711
936 1128
442 1238
893 1411
258 1235
803 1172
314 509
621 674
344 512
507 1262
844 1023
310 757
64 431
55 343
77 626
803 1598
961 1180
464 707
539 1149
349 426
870 1002
950 1604
267 1115
279 588
684 735
281 470
521 786
737 1170
249 361
107 772
844 1187
663 786
637 1175
920 1704
993 1598
686 777
166 848
485 1272
441 714
346 744
77 587
897 1646
800 1371
629 1271
232 1057
590 1002
177 851
302 1004
976 1457
428 759
769 1426
287 820
199 989
444 1001
133 639
710 1230
948 1663
895 913
197 683
20 313
914 1604
550 1096
723 781
261 1078
490 1024
123 858
612 999
611 1504
916 988
282 1131
158 905
131 983
360 1312
713 1524
391 786
967 1363
392 990
691 963
796 843
407 749
884 1190
612 915
908 1717
706 1447
284 761
99 587
158 309
599 1322
495 720
194 986
302 1243
830 884
283 347
189 694
759 1252
850 1482
613 1542
241 673
759 1510
670 950
696 1174
396 614
853 1306
723 1323
928 1456
793 1563
922 1609
727 1560
704 1082
119 424
40 142
588 1395
883 1801
818 1746
954 1928
823 1796
651 1404
82 364
685 1242
14 769
594 1333
807 1408
711 1459
111 974
23 858
594 1405
443 663
199 926
474 855
571 1523
719 1422
571 640
490 783
136 645
33 859
486 992
12 492
201 301
293 527
779 789
155 387
453 942
790 1002
450 977
826 1305
380 1060
786 1295
760 1518
579 969
328 1289
768 1395
486 641
74 346
929 958
239 1108
22 201
669 1569
855 1737
916 1813
261 1189
795 796
66 584
650 689
871 1129
776 1301
75 376
193 829
190 935
517 980
4 540
772 1328
876 1067
834 1017
586 1092
986 1545
55 683
216 543
68 781
700 1149
374 1061
750 1026
551 805
430 691
330 1282
832 991
867 1153
316 1170
467 969
440 986
685 833
543 659
585 1230
590 1093
385 1239
432 1068
690 1185
394 1301
11 204
137 857
723 1716
35 88
283 595
518 1174
495 1090
137 403
247 1188
372 393
497 598
401 819
913 1285
621 1509
285 828
810 1691
891 1528
737 913
219 1170
739 1562
294 464
466 685
227 652
684 1133
179 270
24 163
992 1011
838 1576
240 518
566 1497
836 1284
226 389
470 831
862 1336
615 649
885 1147
315 535
456 1155
193 921
383 925
538 1420
289 1160
265 1032
685 924
55 177
471 863
382 774
257 1045
543 1315
484 827
26 598
585 700
450 699
447 1371
281 877
277 812
855 1240
507 937
292 477
909 1328
210 1178
705 1272
718 1471
28 722
342 667
509 570
336 506
667 987
585 1021
83 154
388 565
933 1722
233 684
611 1192
711 1570
629 1437
333 515
560 780
458 835
492 1417
729 972
787 1337
27 560
327 811
806 1725
785 1775
399 771
723 1375
366 878
305 680
25 65 79 114 130 139 173 176 257 278 288 295 417 428 504 537 633 663 678 707 781 825 855 899 975 982 
23 0 25 75 135 143 164 204 208 211 237 268 333 363 391 675 695 722 729 824 840 886 922 948 
24 25 31 232 251 320 363 395 474 493 525 628 643 670 697 713 785 804 863 925 927 950 951 993 995 
15 63 124 156 219 248 271 301 351 355 374 384 664 801 865 918 
23 3 87 174 205 209 248 281 386 389 398 407 525 549 563 748 775 843 854 872 899 927 985 997 
23 9 70 147 149 163 243 279 333 348 399 461 503 589 613 622 728 759 788 801 866 906 938 987 
20 249 263 274 374 376 404 441 478 502 537 572 697 788 789 802 823 842 857 909 953 
19 0 70 250 260 283 327 330 383 458 477 494 515 522 534 668 788 815 878 970 
22 70 167 180 220 246 268 346 385 396 449 477 490 512 539 573 628 629 637 744 774 829 839 
27 7 10 46 49 57 69 112 211 234 244 320 359 374 382 454 553 560 577 587 701 717 745 801 803 843 869 937 
23 11 131 142 147 159 293 442 447 496 515 523 532 538 614 646 666 689 745 771 884 906 931 946 
21 28 35 98 126 158 375 390 398 448 600 629 638 658 719 747 748 856 919 945 946 960 
14 212 224 340 404 502 537 538 544 558 566 605 626 879 889 
26 45 147 205 342 354 379 487 490 512 563 577 593 627 631 651 670 675 729 764 799 848 866 916 923 960 990 
14 17 41 115 237 279 608 681 767 771 794 797 864 893 998 
21 36 43 49 69 113 229 232 309 401 417 443 455 654 676 713 737 745 810 860 887 984 
16 21 64 167 395 410 519 559 576 585 601 620 631 718 858 968 996 
20 90 105 147 249 374 408 417 426 469 513 523 603 637 700 795 813 835 856 864 959 
25 100 113 189 258 268 307 347 367 369 411 428 490 592 607 624 645 678 693 697 711 743 764 771 773 875 
20 7 28 61 114 208 276 290 313 315 357 385 481 494 503 540 593 642 704 784 825 
21 9 32 36 102 118 229 240 270 285 320 338 428 434 566 583 601 629 731 782 972 990 
20 26 106 274 284 296 308 333 343 357 376 431 534 554 630 699 715 774 791 893 915 
23 21 42 65 90 124 149 156 190 207 233 292 309 319 426 703 751 793 859 860 863 875 944 974 
13 44 140 183 312 441 526 534 546 609 612 659 724 817 
21 49 88 152 162 263 326 414 456 468 508 548 559 708 729 746 757 800 817 839 908 920 
15 58 84 138 148 222 233 258 319 378 383 461 545 550 697 783 
14 113 280 316 406 413 445 448 585 696 737 747 835 861 985 
20 83 112 201 280 341 364 385 391 405 440 520 627 630 648 664 794 863 906 909 931 
23 53 93 121 144 173 259 291 308 441 479 490 504 524 555 682 698 776 838 917 935 937 946 952 
18 64 153 159 164 204 261 269 312 371 416 581 745 803 876 906 909 944 949 
17 60 73 98 141 277 300 359 383 393 439 498 589 595 658 852 857 954 
25 26 67 98 197 200 279 287 302 316 331 366 368 417 450 532 540 596 625 671 704 733 748 808 850 886 
17 33 37 40 61 62 118 120 186 281 388 412 746 781 792 873 976 979 
20 13 14 24 136 227 249 262 343 354 376 416 435 476 514 716 838 847 903 913 961 
19 113 123 200 222 224 283 321 418 468 474 565 617 641 693 719 781 847 856 901 
20 3 5 96 302 310 318 346 384 431 448 476 587 644 692 735 754 803 884 890 954 
23 52 140 185 201 202 255 346 352 376 383 429 437 483 536 550 587 638 763 802 867 915 927 933 
22 18 108 242 270 298 323 371 378 389 443 450 494 521 527 613 667 704 727 746 854 953 971 
25 19 57 174 181 191 365 380 394 401 411 531 632 652 684 693 703 772 794 819 825 844 883 916 948 980 
15 55 106 206 346 353 440 468 481 498 547 549 564 824 875 946 
21 4 108 112 174 187 207 219 275 325 427 441 445 515 574 579 616 741 915 934 961 964 
18 7 84 128 178 245 281 301 328 386 468 528 568 654 683 730 810 860 866 
23 52 64 180 189 261 352 392 439 442 444 475 577 600 613 614 649 838 856 877 878 884 966 987 
19 24 59 65 138 161 162 172 248 297 425 696 777 793 857 932 956 957 967 984 
13 42 57 191 301 349 430 494 551 570 660 833 870 975 
11 15 182 190 323 466 473 538 585 603 855 865 
17 2 48 60 137 141 157 197 233 369 632 722 808 831 836 838 894 963 
16 44 178 275 318 398 403 490 492 596 656 657 730 807 867 906 941 
21 27 34 63 302 420 506 531 623 686 754 765 791 812 831 868 872 877 906 918 938 944 
22 25 36 122 132 149 233 299 313 335 347 413 419 429 470 491 530 537 592 615 618 680 734 
16 26 193 204 208 352 375 386 408 484 541 580 594 604 749 792 826 
19 50 59 73 94 293 310 332 403 406 434 529 549 745 820 841 885 926 940 964 
24 49 54 88 97 160 235 284 308 321 375 379 399 415 438 441 478 491 506 588 617 803 939 962 975 
20 57 65 83 88 197 231 234 325 387 444 447 483 613 627 657 716 817 875 882 970 
20 51 107 160 165 179 215 324 346 348 368 448 493 508 539 565 606 680 756 863 951 
24 85 166 205 278 300 337 380 398 425 476 502 514 600 613 685 757 786 819 821 874 882 907 918 969 
20 2 66 102 144 199 232 309 406 521 619 685 695 698 713 760 761 805 816 915 946 
22 6 67 87 99 108 201 394 418 464 496 500 502 524 527 566 571 601 681 759 841 927 960 
20 14 64 80 83 117 147 252 451 632 645 682 699 701 724 731 769 783 834 895 935 
28 0 1 138 227 232 269 292 399 402 447 518 532 542 567 604 624 628 755 773 830 833 865 893 926 936 959 961 974 
20 27 81 184 193 206 226 337 463 556 630 682 688 714 737 748 791 818 900 933 953 
25 86 96 110 288 309 311 381 394 460 466 475 476 496 608 651 655 675 714 745 890 932 945 963 979 988 
22 50 52 76 77 259 265 303 375 404 420 454 459 477 507 565 583 723 809 928 937 947 986 
20 51 72 140 166 204 253 271 370 410 421 520 610 615 619 710 719 725 847 941 962 
21 87 107 138 147 150 151 199 279 466 510 544 590 614 616 697 706 785 791 809 930 942 
18 97 158 184 225 248 270 302 367 386 434 520 521 636 671 737 794 865 993 
20 51 105 125 155 272 277 384 393 467 535 600 602 638 709 732 761 771 836 965 994 
23 6 14 64 91 95 119 139 172 183 223 259 421 447 460 617 662 681 724 755 844 895 982 983 
17 20 43 104 106 114 176 232 405 634 665 691 699 789 798 854 919 954 
23 17 88 178 196 273 289 291 392 430 466 490 497 505 558 568 612 666 680 713 825 893 899 918 
20 26 54 68 116 235 236 310 323 431 433 471 561 565 579 681 758 884 895 920 947 
21 15 31 78 172 175 176 215 245 248 301 383 412 506 549 687 693 838 849 937 979 989 
17 18 28 60 98 162 189 241 242 431 518 526 702 733 766 822 959 984 
23 28 65 115 140 195 251 443 523 590 591 656 661 702 724 727 734 801 815 859 908 916 930 980 
19 84 169 277 319 384 430 456 544 615 623 626 745 775 819 828 843 934 944 946 
23 107 109 289 325 406 433 436 437 557 568 613 620 640 664 806 839 875 893 911 916 933 959 977 
23 0 84 132 230 495 509 551 559 562 615 624 691 695 706 781 801 806 811 813 832 840 855 919 
23 24 53 73 84 91 144 158 175 252 369 475 495 553 578 607 618 635 684 724 828 840 861 948 
19 49 64 73 121 205 262 278 315 353 362 377 447 549 792 851 859 915 984 992 
15 27 218 350 465 466 504 508 597 662 715 775 847 914 992 997 
15 1 37 133 370 409 413 436 557 662 703 755 791 871 931 972 
12 103 258 269 359 469 505 509 516 560 671 790 907 
20 12 21 23 35 38 106 181 198 273 291 316 353 442 451 463 513 565 691 797 827 
16 132 227 244 352 406 422 499 588 615 713 717 758 777 809 915 930 
17 76 154 184 229 264 278 370 555 661 714 733 772 855 875 894 960 999 
12 158 291 371 388 475 491 609 677 697 725 749 894 
18 29 30 113 232 246 337 367 374 399 424 465 552 624 674 685 756 812 829 
26 16 142 161 199 220 265 301 347 405 496 505 550 554 570 688 726 838 853 866 870 882 885 898 908 942 963 
17 63 75 320 355 364 380 460 485 586 626 640 699 718 873 880 923 969 
21 8 11 19 25 66 83 222 223 226 334 492 577 614 621 672 675 821 824 876 941 995 
22 12 34 101 113 183 277 327 398 424 493 500 509 537 556 588 602 648 661 738 772 806 830 
21 47 60 99 126 177 197 242 258 308 420 429 464 532 562 665 716 735 889 951 962 988 
21 20 31 204 210 250 262 292 303 356 372 391 598 619 644 649 658 724 742 785 827 905 
18 6 68 105 171 199 237 415 467 487 557 695 697 747 750 824 913 952 997 
30 52 152 163 203 251 293 347 368 409 432 455 457 495 588 621 682 700 718 720 754 784 820 826 828 882 891 926 937 974 981 
27 0 48 85 86 177 224 291 300 364 415 432 471 474 504 591 600 647 660 670 677 689 700 738 739 894 911 926 
24 74 100 105 148 158 173 292 310 335 339 416 429 435 444 464 484 656 683 830 854 868 937 959 978 
24 6 30 39 86 145 165 167 280 312 354 398 409 442 445 478 581 687 778 813 814 818 864 959 981 
14 35 90 104 125 177 250 334 482 503 547 586 601 707 757 
17 40 46 59 71 94 155 270 304 360 402 521 576 648 684 933 945 999 
27 62 89 99 139 182 273 329 375 396 507 520 535 565 597 623 650 677 680 683 734 738 752 773 844 951 960 977 
17 51 62 146 179 355 387 491 520 582 614 616 637 725 756 768 802 925 
19 114 164 171 178 262 336 366 429 462 535 615 623 705 793 855 931 932 940 951 
15 64 186 258 390 536 600 670 726 782 812 858 876 881 913 917 
26 25 179 319 324 355 362 399 414 443 491 499 502 533 550 569 607 619 705 829 864 871 891 897 915 940 986 
17 222 254 334 341 357 362 462 470 473 492 611 629 638 646 685 765 804 
24 66 83 103 150 201 216 254 305 375 377 378 411 449 457 502 656 658 700 716 727 745 748 841 931 
24 0 133 197 249 256 325 363 364 382 546 652 671 733 782 827 863 875 879 896 909 942 956 971 998 
22 22 102 114 140 154 163 264 315 467 478 523 536 614 626 848 858 894 896 922 930 960 968 
13 32 49 134 196 252 358 433 584 602 786 842 959 995 
13 13 16 217 267 283 356 492 564 898 937 954 967 977 
23 4 12 41 85 89 103 181 190 461 479 574 604 627 632 805 816 882 890 907 910 932 937 983 
23 12 29 176 225 286 314 346 453 480 485 577 610 660 701 728 746 796 827 833 838 867 958 985 
17 113 117 193 216 286 387 472 500 514 525 604 639 679 779 793 869 918 
12 171 245 268 297 350 384 666 691 694 733 888 910 
20 53 62 69 83 108 177 194 197 206 260 269 270 452 548 591 598 676 735 831 879 
12 88 173 191 213 372 451 573 618 658 839 854 917 
17 49 175 189 286 300 389 400 415 419 511 516 623 684 781 871 910 994 
18 13 27 43 104 111 121 198 210 409 542 663 760 791 794 807 828 878 985 
20 58 84 106 153 156 180 202 226 254 276 386 466 522 615 637 648 739 864 871 907 
16 13 15 72 97 112 180 204 365 401 443 554 634 653 725 947 976 
18 116 127 222 338 349 400 442 491 501 585 680 702 826 920 937 949 976 988 
22 71 76 135 183 194 205 216 224 272 294 447 540 570 605 606 637 740 824 832 845 957 995 
19 159 192 205 207 223 305 338 366 400 435 641 692 708 739 773 893 910 916 919 
23 33 72 214 240 323 349 351 365 377 421 432 446 453 469 567 577 670 672 776 786 834 879 961 
19 17 59 119 122 200 313 345 392 430 463 479 511 639 715 782 804 911 940 955 
23 16 66 168 169 206 275 279 280 293 300 334 406 433 434 452 464 472 561 585 643 656 726 835 
14 91 105 137 173 211 216 321 476 493 506 508 856 939 953 
19 2 13 50 78 81 150 233 250 260 373 377 402 510 615 626 728 784 814 938 
25 44 61 112 175 215 280 308 311 335 362 366 510 512 575 660 670 671 876 883 889 893 953 960 986 993 
19 30 86 89 203 294 295 321 333 383 531 541 585 623 707 733 791 816 924 943 
20 44 96 110 131 195 196 215 322 362 365 372 433 450 492 498 550 682 763 863 885 
17 57 162 181 191 192 221 329 447 622 673 690 736 824 848 886 945 968 
18 96 123 197 322 324 326 419 460 534 573 640 673 753 787 847 850 887 921 
18 41 42 70 100 141 170 324 363 541 554 624 713 741 792 898 912 961 984 
24 3 74 147 155 161 182 235 284 319 353 378 486 545 574 683 730 771 774 793 832 854 930 959 975 
15 55 71 117 129 240 314 403 470 580 620 623 692 812 888 933 
20 54 66 67 180 209 309 348 497 515 567 633 672 683 692 733 736 763 786 932 963 
16 8 34 92 148 151 204 264 402 423 594 644 781 799 863 870 872 
21 5 41 95 98 161 241 340 397 420 475 526 631 714 721 750 795 803 850 855 955 959 
25 27 52 94 114 120 124 145 255 266 346 366 429 452 545 561 575 663 706 778 814 897 907 916 953 991 
18 2 230 259 260 272 278 285 303 308 454 477 512 545 690 724 849 900 902 
23 22 29 56 108 134 261 324 405 435 464 490 492 505 535 680 720 721 725 770 866 944 952 978 
20 97 171 188 198 296 430 449 467 474 479 553 568 586 608 667 693 727 783 801 897 
19 93 115 198 317 326 423 438 493 536 565 590 595 605 624 625 651 661 805 840 
20 59 115 153 168 200 363 370 374 432 437 538 587 592 618 768 785 822 883 894 907 
16 112 138 185 348 416 477 492 511 522 579 580 595 618 774 853 985 
17 27 92 109 249 297 319 422 428 444 480 613 657 715 716 732 896 962 
22 24 79 99 143 154 159 277 282 440 491 566 596 603 691 698 736 747 764 792 793 830 857 
24 14 47 49 58 63 68 131 252 311 384 441 462 481 493 556 605 657 673 701 868 944 952 980 986 
18 101 116 131 132 238 268 353 363 364 385 450 582 616 766 842 852 989 991 
14 42 189 192 198 222 293 374 424 552 576 594 848 921 976 
17 26 85 138 240 277 321 405 436 479 546 607 625 679 776 787 951 968 
21 38 45 55 68 282 300 314 336 472 513 550 562 672 673 706 721 751 789 909 914 984 
11 62 412 449 625 659 699 750 867 939 964 993 
19 65 77 168 187 215 234 255 287 336 430 507 535 669 710 796 862 869 878 954 
16 15 33 80 147 202 501 573 613 650 656 674 698 742 784 839 955 
20 1 105 127 149 171 241 337 401 403 431 504 524 635 686 692 749 763 772 815 996 
17 69 147 172 260 301 322 339 383 432 522 553 606 614 682 917 970 973 
18 151 247 338 347 352 361 400 403 431 497 513 531 578 785 796 812 817 908 
19 3 30 210 266 302 306 321 358 369 482 560 602 657 659 734 772 774 837 897 
17 26 68 194 223 265 357 387 535 601 674 749 754 776 851 898 930 952 
16 42 61 93 218 230 239 240 249 259 549 551 600 754 773 807 990 
18 101 231 385 389 400 478 480 524 552 591 617 691 694 700 884 945 954 989 
18 2 146 150 172 212 319 442 467 553 668 704 726 728 800 831 912 920 928 
26 5 96 160 171 172 190 236 362 388 428 465 474 475 586 642 648 671 681 712 713 724 766 795 813 908 974 
17 142 148 181 197 322 341 384 397 448 514 555 595 754 782 838 953 978 
25 8 9 107 195 209 242 317 356 398 436 446 483 551 567 574 614 669 670 727 775 784 875 876 883 887 
13 4 122 134 253 298 328 415 464 637 765 795 917 937 
19 67 223 274 285 319 320 391 438 465 521 531 606 616 625 768 826 868 893 969 
23 5 8 41 177 189 272 354 367 448 488 539 547 579 625 680 681 715 758 802 827 908 944 965 
16 24 39 46 58 74 86 110 171 224 474 588 594 623 687 759 788 
18 32 50 71 236 243 375 475 581 590 679 735 772 798 815 854 875 880 896 
20 16 58 61 71 134 191 331 395 557 578 603 630 705 726 782 783 784 874 926 949 
30 18 72 86 96 132 152 166 193 302 311 349 358 360 405 428 451 465 569 586 587 592 643 674 703 713 767 895 896 897 910 
25 4 7 29 64 119 147 171 225 241 258 304 323 408 421 494 552 571 613 682 702 792 882 903 916 952 
14 19 24 66 301 306 327 617 676 760 771 888 921 937 993 
13 70 143 253 304 333 390 469 680 767 865 894 910 987 
22 24 84 136 152 160 201 228 251 266 339 490 533 551 552 613 663 733 802 818 869 873 906 
10 182 294 328 471 507 538 575 756 845 883 
23 20 87 109 187 234 336 356 423 439 441 450 593 602 642 680 694 735 816 842 877 904 939 945 
13 67 217 278 282 363 416 531 558 678 736 783 805 974 
15 85 165 176 250 287 346 399 432 517 554 556 589 603 849 987 
20 133 141 235 248 261 300 407 410 419 614 623 691 740 779 808 814 870 877 958 998 
19 82 83 182 205 218 244 334 342 376 461 543 649 650 813 902 936 986 993 999 
18 58 75 184 185 195 228 292 340 361 371 452 551 659 670 783 787 804 935 
17 25 43 50 115 120 186 199 241 248 503 549 639 747 762 786 790 797 
21 3 50 59 118 223 271 365 455 514 536 539 633 657 682 709 755 757 814 855 895 908 
26 45 97 107 172 225 241 263 290 322 335 344 364 368 415 446 465 495 503 533 624 780 826 829 841 907 996 
14 31 57 74 228 267 291 362 422 593 662 681 731 746 810 
19 85 133 135 174 520 535 550 599 653 680 714 717 720 755 846 891 938 966 984 
22 69 133 175 208 217 242 295 362 363 434 449 499 533 558 586 600 616 659 734 815 926 951 
12 77 407 520 528 641 667 681 708 752 796 828 956 
24 1 92 180 189 190 379 381 400 401 418 453 480 544 577 578 601 628 802 867 892 917 931 952 965 
24 49 109 139 158 281 296 408 418 490 513 521 569 585 631 637 645 698 725 746 881 895 901 906 951 
27 116 123 148 170 271 282 291 330 339 351 407 417 425 474 486 694 705 709 781 892 904 909 912 924 934 985 994 
15 12 51 87 112 139 185 190 294 393 517 683 686 740 764 834 
15 60 151 174 200 240 476 489 516 535 589 611 825 885 929 977 
21 45 192 194 196 207 256 269 333 350 352 383 402 512 555 602 680 717 747 847 971 994 
26 1 10 72 89 131 243 268 273 320 346 362 374 388 390 482 536 619 625 665 680 686 782 787 900 927 960 
