200 1000
711 716
329 827
833 1399
905 1260
400 1166
280 1075
504 1299
381 1038
450 1364
835 926
720 866
783 1433
368 925
9 733
872 1810
726 1300
792 978
77 740
561 818
173 558
868 912
513 1064
111 398
957 1210
503 699
980 1196
501 1064
452 776
388 708
691 955
646 1038
771 1235
263 1261
857 1055
94 688
234 290
869 1611
192 530
390 1280
849 1301
707 1483
240 811
699 890
167 786
227 536
977 1479
148 152
435 537
947 1064
726 1635
390 1017
738 1374
123 143
375 627
123 923
2 246
234 1123
177 615
351 733
326 918
152 988
508 766
182 315
335 803
243 341
816 1319
959 1471
71 1019
115 1022
893 1624
542 1504
862 1674
384 1054
556 921
928 1380
236 816
317 1211
387 899
772 1615
375 430
702 748
199 477
29 374
230 400
891 1202
70 429
572 725
480 494
801 1332
923 1227
900 969
775 816
142 948
878 1253
89 1081
703 1210
573 1034
511 1010
420 1296
399 843
511 1371
868 1191
355 438
528 980
121 150
138 403
40 222
253 528
300 894
199 1082
297 412
455 931
782 1131
84 222
420 457
466 1431
651 1460
600 1317
304 314
416 830
286 1087
602 1187
639 1452
873 1394
924 1872
997 1778
979 1064
151 334
320 923
786 905
510 682
740 1059
900 930
441 1246
99 929
498 1308
31 1005
569 1494
736 1615
39 220
938 1144
223 546
469 1134
764 1745
333 438
218 291
391 1077
505 959
438 922
759 1604
110 811
24 866
347 489
280 1269
935 1836
382 698
861 863
326 689
943 1930
664 674
152 876
664 1193
825 1652
372 626
191 1146
224 332
86 856
236 636
579 744
294 504
850 1673
468 559
186 1183
433 1329
824 1692
904 1753
294 1227
392 772
730 1725
672 1398
560 651
66 370
119 486
953 977
597 1439
860 925
300 1206
25 88
828 939
931 1267
411 1253
100 1031
793 1258
866 1465
42 259
432 488
347 936
348 1278
857 1042
316 316
537 1034
40 1009
550 958
80 992
66 234
239 648
157 1082
508 1333
314 518
267 464
727 816
833 1007
827 1327
971 1942
324 768
962 1660
663 691
70 421
212 1180
728 1566
236 357
525 724
985 1428
628 1461
710 759
878 1099
17 867
955 1820
341 526
966 1863
454 665
558 731
220 449
136 188
295 558
52 347
761 796
811 1711
700 1653
821 1580
304 1125
904 1191
861 1675
699 776
951 1495
354 478
489 511
226 327
448 806
901 1139
737 1596
58 293
246 655
974 1834
385 1294
544 936
12 329
502 697
44 652
728 1437
624 1159
229 285
185 529
933 1631
964 1471
483 703
735 1537
494 798
48 402
278 354
631 1083
898 1040
573 1498
399 717
48 964
561 635
565 765
770 1434
113 729
134 855
363 598
616 1122
310 985
625 1286
126 747
793 872
91 322
979 1145
170 606
248 768
461 1152
749 1366
610 1073
599 1297
233 815
631 983
845 1542
243 718
153 371
831 1233
758 923
716 1381
332 486
201 1045
194 454
998 1002
487 615
310 699
825 1300
368 513
344 661
358 376
255 707
381 1167
82 799
747 1079
556 694
550 704
145 417
845 1055
666 832
791 1602
305 1095
808 1089
621 1317
656 1135
945 1787
887 1484
546 960
399 1229
873 1178
204 420
472 1059
132 714
477 1325
777 1243
790 1426
118 1019
821 1425
113 362
255 411
389 1116
294 560
425 1184
428 1113
96 730
18 840
403 613
88 417
477 574
887 1501
374 511
759 1316
462 1065
660 1377
189 273
186 1041
289 667
880 1532
556 1101
901 1092
264 638
470 626
718 1212
220 809
34 912
521 1112
332 508
943 1923
774 860
569 1506
174 537
278 929
447 717
779 961
757 996
71 788
509 801
128 958
972 1634
349 560
787 1746
236 828
280 750
761 1590
202 1035
385 894
578 1165
390 1112
811 1605
212 620
82 932
264 602
1000 1063
765 1079
560 782
686 1601
648 1422
18 463
359 1189
335 1082
10 297
398 850
237 855
454 1397
346 753
508 543
590 1387
540 1397
576 635
536 626
215 300
884 1016
930 1649
188 417
147 386
624 916
141 1088
984 1373
835 1556
642 1415
842 1410
294 830
192 1153
83 471
602 855
610 1332
956 1549
45 942
646 1385
32 42
14 68
332 1055
21 572
428 1262
241 363
252 444
32 392
7 91
627 874
722 1067
216 1032
896 1087
231 586
182 364
954 1237
558 1182
232 875
143 836
851 1289
766 1561
910 1719
80 690
951 1750
42 870
982 1687
873 1617
609 850
495 1166
868 1220
303 696
676 1303
96 903
423 495
945 1826
245 524
902 1331
987 1720
5 363
902 1336
620 1540
559 985
674 1616
828 1331
538 1158
338 991
316 678
677 1350
522 1237
914 985
709 1335
821 1622
484 1069
295 832
801 984
614 816
733 1358
292 703
24 249
664 1315
211 324
809 1163
345 1146
490 576
513 786
730 1462
479 893
971 1081
504 790
620 1313
803 1051
720 967
772 1460
716 1012
943 1805
70 879
879 1548
131 265
307 407
957 1854
320 1164
402 1069
511 1442
821 1142
566 706
817 1039
932 1267
836 1553
370 549
86 259
887 1246
928 1401
321 477
819 1571
868 1603
517 1041
13 20
386 474
922 942
88 722
435 1399
118 741
814 1456
927 1913
388 1200
599 874
818 1525
533 1100
846 1478
37 957
685 1056
295 747
105 993
349 902
405 776
879 1667
72 1060
948 1497
377 781
318 445
87 121
19 952
812 1153
403 636
406 991
103 273
40 872
889 1053
599 795
927 1326
1 823
667 1353
948 1049
955 1381
484 1137
394 1139
975 1330
465 791
234 896
118 479
91 110
447 812
632 735
290 593
146 571
101 195
97 410
461 1448
419 510
573 1166
178 743
321 555
938 1643
862 1085
947 1864
797 1298
978 1610
959 1818
197 433
146 596
189 431
61 424
973 1805
640 705
61 434
441 552
542 805
617 868
538 1007
67 887
100 273
363 1147
309 1036
273 1024
645 1447
125 1068
518 717
225 1046
82 560
508 747
456 727
428 1377
670 1585
923 1635
277 1198
96 759
197 600
88 708
148 973
316 764
686 1396
653 1371
854 1810
982 1305
105 206
775 864
727 1429
256 744
592 850
430 841
140 1000
611 1177
192 1149
326 866
484 933
922 1746
504 773
916 1792
958 1095
676 1118
210 1088
734 1492
577 841
549 748
533 1100
172 576
616 736
733 1524
210 446
393 1229
275 964
337 630
556 746
404 562
415 488
131 409
890 1638
159 437
204 810
17 43
671 783
813 1468
87 437
730 1543
200 242
922 1592
68 178
629 780
987 1914
630 1188
359 502
717 1208
513 517
94 596
599 1062
333 425
949 1767
592 1010
392 674
861 1488
436 927
952 1419
457 1123
403 910
771 1575
858 1693
214 229
723 1604
859 1251
889 1346
929 1569
309 771
66 405
513 514
167 954
456 894
231 426
533 844
437 1408
731 1057
540 851
97 304
187 460
517 675
856 1186
799 1736
296 1139
376 383
304 1169
245 685
917 973
108 712
21 954
294 969
413 711
534 728
649 1214
248 567
852 939
896 1162
845 1094
25 970
23 946
331 889
880 1773
847 1742
940 1422
450 587
864 1072
480 750
680 1352
525 863
701 1042
120 609
278 954
331 580
440 1355
290 1253
276 387
466 1311
483 1123
564 1428
161 525
199 934
32 622
653 884
281 1267
912 1484
329 1114
616 1340
582 1147
507 630
730 748
288 509
672 1590
448 859
822 1471
88 234
349 568
76 648
243 697
282 624
492 1360
220 1085
71 309
797 1311
769 1323
712 1332
677 992
445 993
589 1193
315 888
476 1199
342 588
83 303
43 414
383 1327
321 506
941 1126
908 1664
791 985
905 1334
523 1241
8 574
266 1207
43 628
944 1009
642 692
78 997
713 1472
43 1003
955 1907
574 1040
136 949
621 910
255 547
843 964
988 1318
628 776
929 1267
340 1250
47 446
515 1197
723 1227
771 1159
777 960
151 925
633 1552
658 1649
179 270
926 1433
181 674
98 941
556 1124
613 974
687 1225
447 1283
154 922
601 749
24 674
340 671
182 807
903 1824
72 184
961 1132
121 469
272 428
344 413
218 1023
592 1211
981 1517
724 1079
427 1091
468 1018
835 1530
428 877
703 1465
415 701
471 901
134 913
632 1048
480 1008
965 1147
817 1676
674 691
592 1133
573 699
319 730
284 1150
776 804
664 1222
175 1021
220 493
225 648
65 892
310 330
576 845
286 831
828 836
65 977
531 717
810 1790
145 675
925 1125
688 1433
23 844
331 363
152 626
723 966
999 1444
213 522
699 1622
532 1010
55 230
533 1500
391 482
818 1666
799 1357
887 1705
758 1734
714 1208
969 1552
288 976
247 780
683 1169
351 835
685 1256
985 1032
428 712
702 914
17 551
489 610
132 1089
773 1773
958 1417
319 836
617 1077
483 1150
953 1740
241 460
41 230
75 1065
880 1439
869 1394
261 902
216 581
611 1082
329 682
640 1157
891 1880
260 437
664 1093
832 1126
393 780
815 900
774 1342
798 1226
353 586
778 1253
167 853
748 1493
63 689
955 1569
821 837
78 392
705 745
833 1789
94 1030
608 1292
152 662
456 620
808 1073
684 741
486 1379
297 916
907 1580
380 738
182 712
282 513
607 1226
872 1792
619 1012
568 640
57 822
217 248
409 821
604 1533
328 672
588 1497
925 1150
794 1178
685 1685
788 852
677 1177
256 721
720 1188
663 1596
548 882
805 1690
250 968
26 46
233 552
828 1503
539 1534
428 750
895 1892
940 1000
549 1355
329 414
117 1066
26 97
883 1876
549 1110
949 1568
277 509
532 549
318 756
913 1905
937 1722
122 308
676 792
34 218
687 802
593 1527
673 824
387 1158
956 1832
563 855
282 863
546 754
538 1503
848 1810
483 983
472 1104
788 793
363 598
499 1244
905 937
485 905
745 1152
20 47 53 139 334 417 472 479 496 540 545 563 601 647 696 709 789 855 868 964 966 
18 136 212 295 395 433 521 530 532 534 588 665 682 774 785 819 821 836 994 
13 16 23 321 343 403 566 621 671 694 879 943 976 977 
13 5 129 154 238 266 456 541 699 715 717 801 827 865 
20 45 54 85 139 144 156 319 325 369 370 397 417 500 525 691 698 739 832 939 979 
18 75 78 98 189 192 212 299 388 418 554 708 753 812 813 842 878 887 905 
17 73 158 214 225 227 261 301 327 340 430 679 720 886 899 901 958 965 
28 29 38 66 79 102 174 182 185 189 254 393 434 468 523 527 547 553 605 670 695 825 836 841 850 875 918 935 980 
15 84 109 133 178 235 525 553 593 615 750 775 816 819 840 872 
20 23 63 65 72 117 131 205 264 302 367 464 487 606 830 833 889 923 977 994 996 
21 0 30 31 74 154 280 327 392 405 432 492 511 520 569 583 667 736 757 842 930 935 
16 5 27 56 138 203 228 344 387 496 497 500 623 667 743 962 984 
29 23 67 141 147 185 236 270 320 370 375 421 465 491 549 581 628 643 644 651 652 693 853 893 910 927 931 961 965 982 
25 22 31 36 54 119 137 169 236 266 303 312 463 464 472 588 671 681 752 757 769 812 873 876 946 947 
24 46 67 89 157 158 165 167 313 339 348 441 455 574 651 671 680 701 787 806 814 851 933 934 978 
20 94 113 121 187 270 320 394 454 470 505 522 556 558 588 653 682 708 788 823 983 
17 18 76 112 118 162 262 373 455 537 639 657 662 721 851 889 921 940 
19 9 90 135 178 187 279 281 308 324 336 390 455 456 586 655 673 683 734 788 
17 117 230 246 302 307 318 389 396 431 470 553 631 740 743 750 817 835 
19 42 99 110 159 182 213 351 367 430 464 516 697 724 762 826 845 877 919 969 
24 52 66 102 103 155 178 184 234 361 454 525 533 550 560 561 575 579 636 684 715 743 755 814 879 
19 16 105 120 291 338 469 479 526 529 587 588 589 687 746 794 797 876 893 926 
23 44 84 111 129 147 185 201 280 416 437 447 550 613 647 688 698 725 734 782 784 811 831 925 
15 1 31 100 139 218 265 326 365 392 549 579 584 648 831 982 
23 78 85 98 125 173 207 280 320 322 331 377 385 431 493 504 559 581 626 841 851 899 934 950 
23 38 61 67 105 129 156 161 244 261 271 274 306 335 416 433 441 501 517 530 576 580 920 991 
16 111 199 207 218 235 428 461 518 519 615 697 702 885 906 935 995 
24 34 35 93 154 161 180 183 231 262 367 379 405 443 473 476 499 523 532 608 759 793 794 865 883 
17 13 88 97 142 148 159 295 321 354 474 508 590 634 648 668 676 739 
19 22 43 169 174 198 457 482 493 516 534 594 667 672 744 770 887 934 968 982 
24 16 48 68 117 226 259 290 360 395 513 601 615 616 650 743 759 764 841 882 899 938 958 959 991 
24 26 101 333 349 404 417 430 445 493 562 577 624 637 666 668 684 689 783 831 847 880 897 951 977 
22 94 100 101 103 280 309 336 350 465 468 518 629 632 679 722 728 731 737 881 907 991 992 
22 1 19 114 135 157 192 221 293 300 324 356 437 445 461 549 613 630 636 683 700 966 980 
23 12 51 52 60 100 112 151 173 213 272 332 353 358 435 481 660 725 748 846 894 915 923 940 
21 12 33 56 96 185 196 211 214 273 319 359 430 448 459 514 645 688 871 912 952 998 
22 47 69 93 165 223 224 268 337 342 414 481 601 644 665 698 711 719 813 820 871 900 970 
26 43 47 50 64 169 181 251 260 273 398 416 430 449 467 483 536 547 707 713 808 857 859 867 876 920 950 
20 74 117 232 352 396 403 478 486 516 545 577 647 669 679 752 829 893 970 977 980 
19 34 121 204 243 274 289 304 305 332 351 352 453 523 544 560 695 729 815 921 
21 64 67 118 127 180 185 237 305 315 326 340 355 400 442 512 649 680 896 909 911 967 
15 63 73 124 159 234 408 425 507 615 618 673 714 733 815 995 
13 20 59 106 166 258 275 390 394 728 756 775 804 864 
23 21 23 46 108 126 128 215 276 370 382 412 568 576 582 643 693 745 773 838 842 858 921 963 
19 41 99 149 172 307 318 441 448 452 502 512 532 646 698 807 885 908 977 978 
18 81 94 113 141 142 180 186 188 304 313 397 409 449 524 636 751 861 959 
24 64 101 114 126 188 206 250 322 323 346 357 387 489 491 649 656 710 722 774 783 901 921 935 948 
17 69 215 344 429 495 580 589 590 675 737 743 774 824 857 937 939 997 
26 94 99 106 182 195 203 215 232 286 397 398 465 466 497 501 597 602 631 734 767 816 864 891 907 911 922 
21 109 235 263 277 328 341 414 483 520 521 596 628 632 659 730 821 835 861 907 937 990 
20 12 101 185 217 251 282 310 364 374 379 393 412 418 419 526 678 744 808 830 917 
19 43 46 101 147 243 284 306 394 509 587 596 613 614 634 760 861 913 932 969 
25 57 138 201 234 292 300 343 349 419 478 491 526 587 616 626 687 724 726 746 757 787 813 830 868 978 
23 7 28 42 74 154 243 308 332 399 460 463 544 554 555 614 617 727 750 860 865 906 908 981 
19 6 122 181 187 291 312 376 387 440 465 640 737 741 790 884 904 930 936 947 
21 42 43 160 203 225 248 354 378 415 457 468 490 522 554 563 670 748 758 793 938 965 
18 115 183 233 245 301 314 317 477 552 575 577 629 663 786 800 820 860 957 
24 21 70 85 89 196 212 236 271 353 368 395 404 443 449 475 647 712 744 773 787 813 847 915 924 
26 16 33 42 58 97 107 127 186 194 197 204 309 322 334 419 425 433 511 596 607 613 655 699 891 934 949 
18 21 83 142 272 321 357 428 429 444 684 697 785 823 860 866 955 967 987 
18 124 290 319 330 393 448 451 471 505 539 586 637 648 679 760 862 936 938 
26 42 70 128 170 191 192 211 294 349 376 393 399 400 480 485 491 495 605 607 614 711 733 759 832 857 994 
15 2 5 111 114 116 250 266 405 499 544 580 624 681 921 953 
21 60 180 193 229 281 480 504 551 557 614 647 682 695 707 805 845 934 944 971 981 986 
30 12 25 87 158 210 344 362 374 376 412 462 498 510 523 589 616 635 655 658 678 693 694 696 729 742 792 848 855 876 914 
13 170 177 279 332 451 469 593 731 766 914 916 922 998 
14 74 140 194 266 373 387 526 630 638 709 810 855 986 996 
18 8 113 121 364 411 475 543 559 591 601 640 689 747 756 772 776 810 914 
21 0 38 70 71 108 311 351 387 388 444 449 588 625 649 654 693 769 917 919 948 959 
23 14 23 61 102 113 138 227 297 312 324 375 391 414 529 558 575 603 724 730 739 761 790 926 
20 25 185 197 238 243 259 285 491 499 545 570 617 637 707 721 738 923 934 941 996 
17 55 72 126 191 210 259 267 560 668 709 732 749 770 793 808 822 921 
15 47 62 73 120 137 157 208 295 366 392 407 411 492 533 986 
15 9 180 192 200 213 251 267 310 320 392 413 516 584 650 765 
21 65 171 226 260 280 322 345 349 437 457 484 485 548 712 715 778 810 833 897 906 958 
18 77 127 142 150 194 349 382 484 503 528 591 613 655 660 693 710 727 963 
30 81 126 140 162 168 186 194 229 247 262 349 379 413 422 436 440 466 555 561 653 670 672 703 765 832 886 887 905 912 995 
14 278 438 611 661 668 748 767 782 798 804 828 869 907 993 
14 82 124 126 199 327 333 392 534 576 608 773 774 819 820 
21 76 120 142 144 177 196 202 357 403 407 509 524 591 633 729 758 805 863 901 922 960 
16 45 125 244 246 427 523 544 575 744 757 793 830 848 916 935 968 
18 58 96 326 335 369 426 517 538 607 647 685 709 742 761 866 881 885 917 
16 17 51 75 119 213 277 381 438 524 584 631 693 731 877 889 966 
16 3 58 88 90 127 345 369 380 398 487 542 587 650 669 833 950 
11 117 272 316 418 459 575 606 712 737 860 934 
21 35 122 149 181 183 236 264 267 269 279 363 578 597 633 657 671 708 859 860 879 950 
16 4 141 233 307 317 356 426 466 524 626 630 669 736 744 795 999 
18 63 66 84 169 172 195 438 501 540 574 603 617 680 722 784 837 838 968 
19 35 84 184 195 249 361 375 485 499 648 683 696 705 737 749 825 842 912 993 
28 64 94 95 120 131 314 326 359 425 438 451 495 536 587 628 652 670 711 719 794 797 818 834 843 848 910 917 972 
11 174 275 306 394 502 590 635 679 757 763 786 
18 77 85 92 147 165 171 297 312 407 425 445 560 582 627 793 866 883 922 
14 73 100 175 189 383 497 500 587 604 702 703 764 866 933 
26 32 98 107 248 253 341 397 413 421 449 458 471 478 481 520 545 592 605 711 778 856 860 880 897 980 988 
21 44 56 80 155 158 186 247 278 292 300 480 509 575 672 681 763 822 872 888 978 992 
15 56 187 256 338 383 387 457 514 565 694 922 929 946 948 966 
17 42 75 111 127 144 208 230 246 293 301 334 413 439 578 612 760 861 
29 20 24 97 113 137 146 174 185 268 351 352 377 438 439 464 576 638 641 649 660 669 690 701 739 796 877 886 896 922 
16 2 28 345 358 361 528 560 583 603 604 747 789 844 860 895 948 
24 1 16 37 72 159 180 208 299 342 415 431 558 564 593 595 604 658 780 823 832 845 859 862 965 
20 111 193 216 227 362 368 410 429 440 463 577 599 766 832 854 872 918 938 959 971 
18 130 138 160 172 287 368 408 423 551 591 627 738 741 747 890 898 954 983 
20 61 91 104 179 224 238 261 294 346 375 494 517 533 554 694 720 732 831 904 980 
19 84 90 103 140 168 334 361 406 418 442 450 494 506 527 597 810 835 899 939 
18 167 192 196 245 266 383 399 415 416 620 648 719 776 777 786 814 849 895 
23 53 112 195 225 243 252 416 448 467 479 535 548 566 591 601 603 686 793 794 847 862 974 998 
22 48 62 152 170 218 296 317 429 442 454 514 542 546 602 639 722 762 785 834 839 903 913 
17 31 127 175 259 308 450 571 602 714 755 762 816 830 832 867 922 926 
23 36 94 211 268 340 435 481 513 547 574 596 626 714 720 727 768 774 824 830 839 864 927 951 
25 95 134 156 157 192 220 323 358 425 456 502 524 533 548 614 653 667 704 729 783 819 905 923 958 968 
12 40 75 130 131 207 226 503 662 822 843 898 978 
19 6 12 204 291 300 356 379 393 414 480 500 525 587 730 786 804 908 916 947 
22 24 45 107 186 231 283 286 329 368 372 419 460 495 500 531 538 544 613 750 788 824 865 
21 8 18 27 44 104 194 237 249 261 284 452 483 617 712 743 762 846 890 900 927 961 
17 21 33 66 100 151 460 488 578 685 732 743 794 853 868 888 947 969 
17 4 88 96 133 146 150 191 212 228 378 388 393 394 479 503 508 760 
19 95 103 138 159 182 219 270 271 319 341 374 427 597 654 749 819 834 906 951 
20 56 76 164 167 241 250 266 351 353 389 420 427 439 518 581 589 697 839 846 887 
25 106 138 163 176 260 337 365 366 420 436 481 482 517 546 562 590 594 602 674 713 745 841 878 886 991 
22 17 39 76 89 126 200 207 230 341 361 363 413 491 545 644 685 723 802 809 855 897 940 
26 15 32 233 273 285 302 343 363 378 396 412 443 466 470 628 662 667 850 924 939 941 949 961 965 988 992 
26 8 43 160 180 204 216 266 280 353 361 401 430 479 492 505 516 546 606 619 620 651 673 836 870 904 938 
15 6 25 33 282 412 427 533 553 619 728 746 753 838 954 956 
25 56 74 136 176 191 210 225 235 261 266 325 382 413 425 553 609 646 653 677 738 784 793 857 863 988 
13 15 129 247 381 428 486 539 563 591 719 740 878 967 
21 5 87 177 191 233 408 426 502 535 548 569 629 641 741 758 777 803 837 845 882 997 
21 10 130 132 214 284 302 350 420 482 513 535 546 562 564 577 594 637 815 831 854 966 
16 33 59 60 70 229 254 275 304 350 403 502 509 570 792 937 970 
20 50 104 130 144 209 219 225 234 272 279 283 305 311 478 503 713 810 821 971 972 
23 187 207 217 247 269 310 313 328 342 347 448 451 579 585 592 828 844 848 864 897 900 909 985 
27 2 10 87 112 156 239 301 320 340 380 387 424 507 515 537 554 562 620 667 671 721 737 897 936 941 945 982 
20 22 123 235 240 244 263 290 318 365 388 423 476 519 622 686 834 844 845 894 906 
19 12 44 71 85 88 102 146 155 191 290 392 494 524 527 643 700 911 937 959 
24 95 97 99 154 210 234 245 248 297 329 354 413 414 473 479 567 647 746 749 781 827 855 942 988 
24 36 77 84 253 296 372 396 406 412 417 440 480 526 558 621 664 676 694 784 889 935 946 981 993 
22 19 59 78 128 132 262 282 333 384 402 523 576 598 613 633 642 740 744 799 822 849 864 
17 14 80 105 131 240 259 313 407 426 476 511 638 758 762 782 861 944 
21 2 24 25 49 57 63 141 155 233 333 380 410 446 504 531 664 668 783 850 852 918 
28 4 23 26 137 154 207 255 288 314 321 432 437 505 651 735 782 783 802 811 826 856 901 909 940 949 965 972 989 
22 22 143 154 156 166 197 209 211 246 340 378 437 538 590 601 639 735 862 902 960 979 992 
11 160 161 227 235 253 269 342 352 593 672 752 
23 12 14 15 16 17 97 102 171 276 401 413 480 534 572 592 599 652 688 751 820 829 928 952 
23 20 76 107 145 175 210 228 292 486 559 600 627 671 672 682 726 729 730 806 825 863 902 929 
20 1 17 50 62 63 74 87 191 204 378 412 439 519 629 707 771 793 842 967 997 
15 104 144 168 211 233 242 429 523 525 541 723 745 782 812 906 
23 4 20 39 68 69 106 129 269 284 377 392 527 545 578 582 589 745 777 849 892 905 946 979 
28 0 40 80 123 155 158 234 249 311 367 507 590 611 628 637 656 720 737 740 748 780 847 863 880 924 942 973 981 
21 32 62 105 148 203 207 208 220 228 254 330 367 380 535 546 623 680 716 802 876 912 
22 122 170 191 222 244 267 274 347 380 466 467 577 627 642 667 772 812 819 848 885 898 943 
24 21 32 157 260 271 298 362 384 406 421 483 512 559 598 630 647 678 686 868 891 949 962 975 989 
24 24 36 71 77 134 137 145 166 207 279 304 325 374 396 530 677 713 779 796 803 811 830 844 910 
13 29 100 384 574 592 593 618 668 719 727 757 761 810 
22 21 63 78 123 167 231 281 410 464 478 482 483 525 612 710 744 761 764 819 852 913 988 
18 31 32 44 176 259 321 360 425 427 434 447 712 739 795 858 905 925 934 
21 0 4 7 13 34 176 268 309 355 404 458 579 580 681 727 754 768 776 825 877 937 
23 2 20 30 31 54 92 95 143 226 394 567 613 648 674 757 768 787 842 860 899 904 946 953 
24 115 166 179 248 268 281 409 418 550 553 595 631 674 683 751 775 783 791 807 831 834 931 978 989 
24 20 48 86 112 145 340 350 371 404 481 489 503 509 561 652 669 674 675 704 747 780 811 835 860 
17 37 137 148 167 193 205 291 371 439 516 574 594 642 836 841 905 932 
22 43 62 95 214 243 281 355 463 613 651 668 670 707 738 740 755 763 841 897 925 931 979 
15 65 73 96 145 194 469 484 622 656 699 711 759 927 955 983 
21 3 11 42 56 101 181 190 313 343 510 534 551 581 582 601 636 657 742 789 890 952 
19 49 123 233 296 444 467 478 533 566 649 656 675 714 758 784 803 831 879 907 
17 3 21 62 127 303 323 441 464 517 549 565 603 610 708 745 776 823 
29 2 21 45 48 57 117 145 198 205 303 315 324 388 494 515 523 534 641 650 657 718 737 738 741 751 767 820 855 897 
21 86 118 132 141 178 199 203 270 369 375 417 579 648 667 690 717 719 883 888 916 928 
24 22 73 110 119 139 174 228 233 273 325 463 496 504 537 594 673 728 765 843 876 898 900 929 969 
28 5 20 138 140 195 245 255 283 291 329 376 381 389 395 435 478 510 585 595 598 609 636 669 763 870 886 918 984 
22 53 91 128 137 209 225 263 374 448 450 462 509 540 637 639 654 692 719 747 802 946 960 
16 3 26 186 208 244 282 420 482 638 659 759 843 881 898 965 973 
21 52 68 118 143 165 229 263 415 535 661 687 706 709 728 748 760 771 833 837 873 878 
23 27 79 84 168 350 386 409 415 428 432 448 508 588 604 618 658 796 856 897 904 936 974 977 
20 35 46 96 108 181 203 221 252 316 349 492 616 652 766 805 860 870 892 898 976 
16 33 62 65 96 174 314 344 379 422 454 501 534 708 743 877 987 
18 22 174 203 209 260 377 411 431 493 506 576 602 745 904 948 984 986 990 
20 31 86 149 177 203 212 226 312 315 316 352 372 393 589 607 639 701 773 794 843 
26 0 22 37 51 58 75 98 117 216 227 382 400 456 500 501 506 616 638 640 679 777 791 869 924 925 932 
25 3 7 20 100 104 105 126 146 193 292 300 328 436 459 484 499 510 552 669 733 746 778 814 869 877 
16 1 65 103 140 193 233 312 390 423 478 636 874 882 892 909 979 
18 24 45 66 166 223 315 528 571 619 653 677 779 782 788 795 864 928 987 
19 77 165 217 302 374 511 524 544 558 650 679 700 763 821 846 850 921 989 990 
17 20 32 143 163 406 465 475 599 650 707 710 758 778 779 844 867 919 
20 73 142 192 209 230 233 293 319 415 513 547 550 558 602 615 661 710 810 811 962 
17 37 94 188 208 259 269 303 426 454 547 574 609 641 667 709 833 862 
23 6 186 323 374 397 455 496 556 601 610 645 668 716 773 802 817 824 888 916 921 924 987 990 
23 64 139 293 294 322 350 458 574 583 626 627 670 675 681 761 887 897 911 915 923 928 930 961 
21 0 13 94 126 152 165 175 225 239 241 283 332 446 455 499 707 716 764 781 902 960 
26 46 79 86 125 153 245 260 270 434 529 531 592 626 629 638 654 659 668 670 739 807 815 847 910 936 981 
18 64 128 316 340 341 364 367 429 440 512 561 574 608 708 782 862 956 975 
12 24 121 193 222 252 498 510 627 636 645 858 936 
15 34 69 82 215 378 414 430 499 544 568 621 667 760 846 939 
16 17 39 57 274 279 367 388 421 431 518 565 640 673 676 867 925 
26 13 42 114 188 290 371 395 422 429 437 448 485 533 536 548 572 604 632 679 680 696 718 754 861 926 958 
22 49 91 267 301 361 405 412 424 449 487 528 559 573 600 605 682 753 835 934 947 986 999 
22 31 79 137 165 452 539 564 578 588 614 717 723 737 738 746 754 775 806 840 856 899 947 
13 0 1 31 209 362 606 642 721 885 890 891 904 987 
18 34 100 141 150 155 206 217 229 287 319 385 389 403 695 707 785 908 973 
17 67 119 122 139 143 392 468 469 488 533 587 598 617 680 759 811 849 
19 68 140 216 237 257 298 370 428 501 511 546 663 672 720 852 863 871 878 879 
12 44 173 198 379 381 419 450 463 595 649 694 863 
