200 1000
300 782
337 488
700 1160
260 602
484 648
31 149
63 140
295 1290
85 645
505 1438
70 971
649 856
382 1365
115 636
917 1904
373 626
25 132
421 605
564 1415
664 1215
851 1095
508 1063
296 687
267 1201
119 675
908 1799
67 73
732 1048
733 1163
754 1210
308 847
362 823
282 1195
869 1810
458 822
308 1001
67 415
709 1677
269 366
716 1153
420 971
932 1531
225 1040
685 1354
784 1185
153 270
641 1473
122 768
524 1264
425 1278
606 1044
470 593
24 310
863 1513
44 882
427 1259
460 1120
971 1684
174 959
263 946
829 1032
292 1274
679 1570
574 1357
262 742
818 1811
217 742
487 1373
276 372
905 1139
982 1215
262 834
492 677
847 964
882 1296
364 1286
162 488
804 1156
706 1573
82 511
699 790
133 652
108 968
744 1586
382 478
964 1127
371 1259
308 1145
854 1295
382 927
671 733
524 827
681 1293
472 1083
624 893
686 1636
435 531
610 1303
877 1483
263 427
675 999
808 1749
348 1243
467 654
468 902
626 829
498 1324
83 907
82 681
993 1586
497 1337
298 359
143 755
204 630
122 1006
334 1119
418 586
238 1171
156 245
660 1272
557 623
737 875
489 495
278 1239
5 141
835 1149
54 866
428 509
55 357
845 1438
592 1435
125 858
806 1761
231 1073
966 1014
229 740
627 1322
255 625
795 1628
138 270
746 1349
460 506
643 731
707 1220
376 919
715 811
358 534
603 1099
778 1453
439 1263
118 163
668 713
672 1646
653 924
153 411
403 616
295 516
318 1085
831 881
961 1860
407 583
301 975
983 1457
98 583
168 632
632 1336
500 1484
91 440
337 653
51 870
148 896
1 749
718 1461
115 982
33 886
395 675
429 1121
413 713
292 1258
483 642
630 908
120 132
409 749
198 506
982 1084
892 1074
878 1583
782 1335
529 1338
184 1108
486 589
849 954
970 1853
933 1635
103 198
656 818
977 1507
393 1182
345 1322
333 666
781 1690
994 1643
500 1353
477 528
955 1128
536 1186
800 1565
310 922
833 1125
710 1572
147 1015
601 1119
146 223
343 1204
966 1269
910 1484
768 983
328 755
768 1093
219 1013
740 741
286 826
344 1036
154 422
312 682
130 674
703 1132
660 714
257 1014
836 865
288 1249
51 847
232 444
436 669
99 941
646 1065
352 1206
216 745
846 1168
523 1297
111 640
827 827
366 808
926 1059
598 1520
145 392
258 515
410 967
621 1453
654 1121
227 929
640 1300
269 596
163 1123
320 525
939 949
531 1131
43 459
294 887
321 668
993 1570
798 1158
138 378
209 1065
273 492
545 1178
448 1113
999 1035
100 228
878 1069
171 933
881 1224
386 1160
998 1059
210 516
24 436
691 1003
955 1571
124 344
891 1413
81 367
193 824
37 670
12 454
892 1864
164 567
252 332
970 1219
662 972
743 1659
387 1234
935 1011
342 809
327 700
979 1575
565 641
660 1640
109 598
607 844
307 1027
136 1125
774 1479
687 737
72 739
594 1266
804 1063
94 756
572 914
726 1560
355 1334
298 479
826 1295
554 664
144 776
167 1030
66 464
999 1713
167 414
319 1038
640 790
928 1444
775 1445
844 1638
856 1079
124 378
821 1535
442 650
905 1564
214 1128
626 628
887 1024
505 802
131 1085
544 958
24 834
664 904
655 1475
170 441
136 735
829 1037
935 1381
698 723
700 1267
308 378
112 615
361 581
92 722
336 1068
944 1371
217 517
685 831
325 456
174 859
190 1075
761 1606
402 1209
731 865
448 1260
962 1916
264 361
628 933
760 1737
894 1067
241 539
420 1088
638 686
528 1367
535 1153
31 766
186 1122
329 779
381 866
966 1318
558 755
359 1073
615 1010
746 1293
23 507
904 1889
652 1011
50 614
605 1378
727 1060
392 1073
581 795
266 858
889 957
226 396
82 219
428 672
230 542
343 444
46 95
210 607
338 836
569 811
501 843
390 1002
187 301
882 1486
329 774
845 1539
481 680
783 1002
404 922
527 564
946 1648
524 1175
797 1303
780 1427
950 1726
489 1359
643 1331
329 516
51 697
738 946
185 195
549 1296
783 1738
587 653
351 1135
317 704
861 1742
869 1568
580 1400
630 1288
671 896
686 920
191 850
967 999
885 1074
984 1267
331 577
372 577
704 1213
920 1157
842 1211
798 846
160 926
784 1343
524 721
442 746
450 798
798 1018
627 1349
0 86
306 454
803 1629
914 1740
51 587
549 1312
394 987
714 1500
914 1096
414 717
548 867
879 1116
70 806
427 1259
160 824
139 629
148 660
878 885
461 676
181 244
599 617
188 854
26 117
885 1508
630 1210
964 1577
467 1261
725 1511
689 1216
887 1339
778 889
665 722
768 958
32 62
115 756
449 1266
82 753
57 368
205 1084
80 585
881 1588
793 1687
516 848
267 827
305 1295
530 590
454 602
2 413
382 533
836 1383
43 617
313 1097
945 1336
188 671
897 979
221 592
516 925
917 1840
288 967
227 987
321 1293
142 967
680 1110
638 1280
214 255
297 926
166 977
207 641
855 1784
83 782
345 352
931 1580
855 1055
758 1178
698 1636
971 1246
751 899
901 1153
1000 1413
272 1136
973 1289
176 307
967 1025
797 1318
254 799
646 967
112 360
458 862
622 970
547 569
644 886
407 1271
786 1275
877 1474
578 1183
374 1119
363 450
210 233
259 508
951 1452
229 609
858 1150
31 413
338 797
761 1290
599 746
611 1145
550 1404
5 616
409 1052
268 488
684 1596
373 1149
176 836
888 1545
533 992
978 1851
370 1366
714 1320
24 151
233 679
865 1268
832 1268
902 1459
926 1073
685 715
413 456
622 1245
515 1251
872 1293
323 386
213 534
608 1206
893 1293
288 1165
677 707
623 1162
32 940
907 1141
36 348
83 757
773 1044
106 483
823 1645
216 671
881 1540
468 855
907 1307
182 862
159 587
825 1760
871 1681
71 181
273 313
711 1020
428 1322
114 942
738 1118
265 521
183 703
289 985
136 1056
659 1288
709 1022
775 1583
939 991
297 556
527 829
819 1582
99 834
977 1493
868 1727
285 826
407 608
137 365
593 1286
723 839
244 266
712 1528
468 905
450 606
671 721
59 1028
202 808
958 1484
449 1319
181 1074
804 1090
756 1410
336 962
756 857
42 1021
731 1497
563 1022
672 1492
279 803
3 94
628 1135
94 382
864 1805
624 770
359 384
306 590
62 427
377 714
917 1229
474 1137
701 945
125 997
143 329
916 1913
375 1333
414 1085
238 284
897 1155
541 724
863 980
926 1483
731 1344
92 202
588 753
845 1668
762 1629
91 184
199 1156
155 514
451 1396
53 1049
953 1262
184 243
410 1069
8 545
582 1509
640 1000
946 1180
18 97
116 752
407 900
644 916
893 1104
513 1047
395 1353
25 514
70 635
527 1160
800 1535
324 594
142 649
248 852
395 594
434 780
51 381
116 759
905 1182
418 757
827 1339
989 1563
221 955
336 801
433 1015
835 1338
511 1150
223 528
125 635
172 858
555 940
976 1333
403 506
325 711
936 1128
442 1238
893 1411
258 1235
803 1172
314 509
621 674
344 512
507 1262
844 1023
310 757
64 431
55 343
77 626
803 1598
961 1180
464 707
539 1149
349 426
870 1002
950 1604
267 1115
279 588
684 735
281 470
521 786
737 1170
249 361
107 772
844 1187
663 786
637 1175
920 1704
993 1598
686 777
166 848
485 1272
441 714
346 744
77 587
897 1646
800 1371
629 1271
232 1057
590 1002
177 851
302 1004
976 1457
428 759
769 1426
287 820
199 989
444 1001
133 639
710 1230
948 1663
895 913
197 683
20 313
914 1604
550 1096
723 781
261 1078
490 1024
123 858
612 999
611 1504
916 988
282 1131
158 905
131 983
360 1312
713 1524
391 786
967 1363
392 990
691 963
796 843
407 749
884 1190
612 915
908 1717
706 1447
284 761
99 587
158 309
599 1322
495 720
194 986
302 1243
830 884
283 347
189 694
759 1252
850 1482
613 1542
241 673
759 1510
670 950
696 1174
396 614
853 1306
723 1323
928 1456
793 1563
922 1609
727 1560
704 1082
119 424
40 142
588 1395
883 1801
818 1746
954 1928
823 1796
651 1404
82 364
685 1242
14 769
594 1333
807 1408
711 1459
111 974
23 858
594 1405
443 663
199 926
474 855
571 1523
719 1422
571 640
490 783
136 645
33 859
486 992
12 492
201 301
293 527
779 789
155 387
453 942
790 1002
450 977
826 1305
380 1060
786 1295
760 1518
579 969
328 1289
768 1395
486 641
74 346
929 958
239 1108
22 201
669 1569
855 1737
916 1813
261 1189
795 796
66 584
650 689
871 1129
776 1301
75 376
193 829
190 935
517 980
4 540
772 1328
876 1067
834 1017
586 1092
986 1545
55 683
216 543
68 781
700 1149
374 1061
750 1026
551 805
430 691
330 1282
832 991
867 1153
316 1170
467 969
440 986
685 833
543 659
585 1230
590 1093
385 1239
432 1068
690 1185
394 1301
11 204
137 857
723 1716
35 88
283 595
518 1174
495 1090
137 403
247 1188
372 393
497 598
401 819
913 1285
621 1509
285 828
810 1691
891 1528
737 913
219 1170
739 1562
294 464
466 685
227 652
684 1133
179 270
24 163
992 1011
838 1576
240 518
566 1497
836 1284
226 389
470 831
862 1336
615 649
885 1147
315 535
456 1155
193 921
383 925
538 1420
289 1160
265 1032
685 924
55 177
471 863
382 774
257 1045
543 1315
484 827
26 598
585 700
450 699
447 1371
281 877
277 812
855 1240
507 937
292 477
909 1328
210 1178
705 1272
718 1471
28 722
342 667
509 570
336 506
667 987
585 1021
83 154
388 565
933 1722
233 684
611 1192
711 1570
629 1437
333 515
560 780
458 835
492 1417
729 972
787 1337
27 560
327 811
806 1725
785 1775
399 771
723 1375
366 878
305 680
20 47 53 139 334 417 472 479 496 540 545 563 601 647 696 709 789 855 868 964 966 
18 136 212 295 395 433 521 530 532 534 588 665 682 774 785 819 821 836 994 
13 16 23 321 343 403 566 621 671 694 879 943 976 977 
13 5 129 154 238 266 456 541 699 715 717 801 827 865 
20 45 54 85 139 144 156 319 325 369 370 397 417 500 525 691 698 739 832 939 979 
18 75 78 98 189 192 212 299 388 418 554 708 753 812 813 842 878 887 905 
17 73 158 214 225 227 261 301 327 340 430 679 720 886 899 901 958 965 
28 29 38 66 79 102 174 182 185 189 254 393 434 468 523 527 547 553 605 670 695 825 836 841 850 875 918 935 980 
15 84 109 133 178 235 525 553 593 615 750 775 816 819 840 872 
20 23 63 65 72 117 131 205 264 302 367 464 487 606 830 833 889 923 977 994 996 
21 0 30 31 74 154 280 327 392 405 432 492 511 520 569 583 667 736 757 842 930 935 
16 5 27 56 138 203 228 344 387 496 497 500 623 667 743 962 984 
29 23 67 141 147 185 236 270 320 370 375 421 465 491 549 581 628 643 644 651 652 693 853 893 910 927 931 961 965 982 
25 22 31 36 54 119 137 169 236 266 303 312 463 464 472 588 671 681 752 757 769 812 873 876 946 947 
24 46 67 89 157 158 165 167 313 339 348 441 455 574 651 671 680 701 787 806 814 851 933 934 978 
20 94 113 121 187 270 320 394 454 470 505 522 556 558 588 653 682 708 788 823 983 
17 18 76 112 118 162 262 373 455 537 639 657 662 721 851 889 921 940 
19 9 90 135 178 187 279 281 308 324 336 390 455 456 586 655 673 683 734 788 
17 117 230 246 302 307 318 389 396 431 470 553 631 740 743 750 817 835 
19 42 99 110 159 182 213 351 367 430 464 516 697 724 762 826 845 877 919 969 
24 52 66 102 103 155 178 184 234 361 454 525 533 550 560 561 575 579 636 684 715 743 755 814 879 
19 16 105 120 291 338 469 479 526 529 587 588 589 687 746 794 797 876 893 926 
23 44 84 111 129 147 185 201 280 416 437 447 550 613 647 688 698 725 734 782 784 811 831 925 
15 1 31 100 139 218 265 326 365 392 549 579 584 648 831 982 
23 78 85 98 125 173 207 280 320 322 331 377 385 431 493 504 559 581 626 841 851 899 934 950 
23 38 61 67 105 129 156 161 244 261 271 274 306 335 416 433 441 501 517 530 576 580 920 991 
16 111 199 207 218 235 428 461 518 519 615 697 702 885 906 935 995 
24 34 35 93 154 161 180 183 231 262 367 379 405 443 473 476 499 523 532 608 759 793 794 865 883 
17 13 88 97 142 148 159 295 321 354 474 508 590 634 648 668 676 739 
19 22 43 169 174 198 457 482 493 516 534 594 667 672 744 770 887 934 968 982 
24 16 48 68 117 226 259 290 360 395 513 601 615 616 650 743 759 764 841 882 899 938 958 959 991 
24 26 101 333 349 404 417 430 445 493 562 577 624 637 666 668 684 689 783 831 847 880 897 951 977 
22 94 100 101 103 280 309 336 350 465 468 518 629 632 679 722 728 731 737 881 907 991 992 
22 1 19 114 135 157 192 221 293 300 324 356 437 445 461 549 613 630 636 683 700 966 980 
23 12 51 52 60 100 112 151 173 213 272 332 353 358 435 481 660 725 748 846 894 915 923 940 
21 12 33 56 96 185 196 211 214 273 319 359 430 448 459 514 645 688 871 912 952 998 
22 47 69 93 165 223 224 268 337 342 414 481 601 644 665 698 711 719 813 820 871 900 970 
26 43 47 50 64 169 181 251 260 273 398 416 430 449 467 483 536 547 707 713 808 857 859 867 876 920 950 
20 74 117 232 352 396 403 478 486 516 545 577 647 669 679 752 829 893 970 977 980 
19 34 121 204 243 274 289 304 305 332 351 352 453 523 544 560 695 729 815 921 
21 64 67 118 127 180 185 237 305 315 326 340 355 400 442 512 649 680 896 909 911 967 
15 63 73 124 159 234 408 425 507 615 618 673 714 733 815 995 
13 20 59 106 166 258 275 390 394 728 756 775 804 864 
23 21 23 46 108 126 128 215 276 370 382 412 568 576 582 643 693 745 773 838 842 858 921 963 
19 41 99 149 172 307 318 441 448 452 502 512 532 646 698 807 885 908 977 978 
18 81 94 113 141 142 180 186 188 304 313 397 409 449 524 636 751 861 959 
24 64 101 114 126 188 206 250 322 323 346 357 387 489 491 649 656 710 722 774 783 901 921 935 948 
17 69 215 344 429 495 580 589 590 675 737 743 774 824 857 937 939 997 
26 94 99 106 182 195 203 215 232 286 397 398 465 466 497 501 597 602 631 734 767 816 864 891 907 911 922 
21 109 235 263 277 328 341 414 483 520 521 596 628 632 659 730 821 835 861 907 937 990 
20 12 101 185 217 251 282 310 364 374 379 393 412 418 419 526 678 744 808 830 917 
19 43 46 101 147 243 284 306 394 509 587 596 613 614 634 760 861 913 932 969 
25 57 138 201 234 292 300 343 349 419 478 491 526 587 616 626 687 724 726 746 757 787 813 830 868 978 
23 7 28 42 74 154 243 308 332 399 460 463 544 554 555 614 617 727 750 860 865 906 908 981 
19 6 122 181 187 291 312 376 387 440 465 640 737 741 790 884 904 930 936 947 
21 42 43 160 203 225 248 354 378 415 457 468 490 522 554 563 670 748 758 793 938 965 
18 115 183 233 245 301 314 317 477 552 575 577 629 663 786 800 820 860 957 
24 21 70 85 89 196 212 236 271 353 368 395 404 443 449 475 647 712 744 773 787 813 847 915 924 
26 16 33 42 58 97 107 127 186 194 197 204 309 322 334 419 425 433 511 596 607 613 655 699 891 934 949 
18 21 83 142 272 321 357 428 429 444 684 697 785 823 860 866 955 967 987 
18 124 290 319 330 393 448 451 471 505 539 586 637 648 679 760 862 936 938 
26 42 70 128 170 191 192 211 294 349 376 393 399 400 480 485 491 495 605 607 614 711 733 759 832 857 994 
15 2 5 111 114 116 250 266 405 499 544 580 624 681 921 953 
21 60 180 193 229 281 480 504 551 557 614 647 682 695 707 805 845 934 944 971 981 986 
30 12 25 87 158 210 344 362 374 376 412 462 498 510 523 589 616 635 655 658 678 693 694 696 729 742 792 848 855 876 914 
13 170 177 279 332 451 469 593 731 766 914 916 922 998 
14 74 140 194 266 373 387 526 630 638 709 810 855 986 996 
18 8 113 121 364 411 475 543 559 591 601 640 689 747 756 772 776 810 914 
21 0 38 70 71 108 311 351 387 388 444 449 588 625 649 654 693 769 917 919 948 959 
23 14 23 61 102 113 138 227 297 312 324 375 391 414 529 558 575 603 724 730 739 761 790 926 
20 25 185 197 238 243 259 285 491 499 545 570 617 637 707 721 738 923 934 941 996 
17 55 72 126 191 210 259 267 560 668 709 732 749 770 793 808 822 921 
15 47 62 73 120 137 157 208 295 366 392 407 411 492 533 986 
15 9 180 192 200 213 251 267 310 320 392 413 516 584 650 765 
21 65 171 226 260 280 322 345 349 437 457 484 485 548 712 715 778 810 833 897 906 958 
18 77 127 142 150 194 349 382 484 503 528 591 613 655 660 693 710 727 963 
30 81 126 140 162 168 186 194 229 247 262 349 379 413 422 436 440 466 555 561 653 670 672 703 765 832 886 887 905 912 995 
14 278 438 611 661 668 748 767 782 798 804 828 869 907 993 
14 82 124 126 199 327 333 392 534 576 608 773 774 819 820 
21 76 120 142 144 177 196 202 357 403 407 509 524 591 633 729 758 805 863 901 922 960 
16 45 125 244 246 427 523 544 575 744 757 793 830 848 916 935 968 
18 58 96 326 335 369 426 517 538 607 647 685 709 742 761 866 881 885 917 
16 17 51 75 119 213 277 381 438 524 584 631 693 731 877 889 966 
16 3 58 88 90 127 345 369 380 398 487 542 587 650 669 833 950 
11 117 272 316 418 459 575 606 712 737 860 934 
21 35 122 149 181 183 236 264 267 269 279 363 578 597 633 657 671 708 859 860 879 950 
16 4 141 233 307 317 356 426 466 524 626 630 669 736 744 795 999 
18 63 66 84 169 172 195 438 501 540 574 603 617 680 722 784 837 838 968 
19 35 84 184 195 249 361 375 485 499 648 683 696 705 737 749 825 842 912 993 
28 64 94 95 120 131 314 326 359 425 438 451 495 536 587 628 652 670 711 719 794 797 818 834 843 848 910 917 972 
11 174 275 306 394 502 590 635 679 757 763 786 
18 77 85 92 147 165 171 297 312 407 425 445 560 582 627 793 866 883 922 
14 73 100 175 189 383 497 500 587 604 702 703 764 866 933 
26 32 98 107 248 253 341 397 413 421 449 458 471 478 481 520 545 592 605 711 778 856 860 880 897 980 988 
21 44 56 80 155 158 186 247 278 292 300 480 509 575 672 681 763 822 872 888 978 992 
15 56 187 256 338 383 387 457 514 565 694 922 929 946 948 966 
17 42 75 111 127 144 208 230 246 293 301 334 413 439 578 612 760 861 
29 20 24 97 113 137 146 174 185 268 351 352 377 438 439 464 576 638 641 649 660 669 690 701 739 796 877 886 896 922 
16 2 28 345 358 361 528 560 583 603 604 747 789 844 860 895 948 
24 1 16 37 72 159 180 208 299 342 415 431 558 564 593 595 604 658 780 823 832 845 859 862 965 
20 111 193 216 227 362 368 410 429 440 463 577 599 766 832 854 872 918 938 959 971 
18 130 138 160 172 287 368 408 423 551 591 627 738 741 747 890 898 954 983 
20 61 91 104 179 224 238 261 294 346 375 494 517 533 554 694 720 732 831 904 980 
19 84 90 103 140 168 334 361 406 418 442 450 494 506 527 597 810 835 899 939 
18 167 192 196 245 266 383 399 415 416 620 648 719 776 777 786 814 849 895 
23 53 112 195 225 243 252 416 448 467 479 535 548 566 591 601 603 686 793 794 847 862 974 998 
22 48 62 152 170 218 296 317 429 442 454 514 542 546 602 639 722 762 785 834 839 903 913 
17 31 127 175 259 308 450 571 602 714 755 762 816 830 832 867 922 926 
23 36 94 211 268 340 435 481 513 547 574 596 626 714 720 727 768 774 824 830 839 864 927 951 
25 95 134 156 157 192 220 323 358 425 456 502 524 533 548 614 653 667 704 729 783 819 905 923 958 968 
12 40 75 130 131 207 226 503 662 822 843 898 978 
19 6 12 204 291 300 356 379 393 414 480 500 525 587 730 786 804 908 916 947 
22 24 45 107 186 231 283 286 329 368 372 419 460 495 500 531 538 544 613 750 788 824 865 
21 8 18 27 44 104 194 237 249 261 284 452 483 617 712 743 762 846 890 900 927 961 
17 21 33 66 100 151 460 488 578 685 732 743 794 853 868 888 947 969 
17 4 88 96 133 146 150 191 212 228 378 388 393 394 479 503 508 760 
19 95 103 138 159 182 219 270 271 319 341 374 427 597 654 749 819 834 906 951 
20 56 76 164 167 241 250 266 351 353 389 420 427 439 518 581 589 697 839 846 887 
25 106 138 163 176 260 337 365 366 420 436 481 482 517 546 562 590 594 602 674 713 745 841 878 886 991 
22 17 39 76 89 126 200 207 230 341 361 363 413 491 545 644 685 723 802 809 855 897 940 
26 15 32 233 273 285 302 343 363 378 396 412 443 466 470 628 662 667 850 924 939 941 949 961 965 988 992 
26 8 43 160 180 204 216 266 280 353 361 401 430 479 492 505 516 546 606 619 620 651 673 836 870 904 938 
15 6 25 33 282 412 427 533 553 619 728 746 753 838 954 956 
25 56 74 136 176 191 210 225 235 261 266 325 382 413 425 553 609 646 653 677 738 784 793 857 863 988 
13 15 129 247 381 428 486 539 563 591 719 740 878 967 
21 5 87 177 191 233 408 426 502 535 548 569 629 641 741 758 777 803 837 845 882 997 
21 10 130 132 214 284 302 350 420 482 513 535 546 562 564 577 594 637 815 831 854 966 
16 33 59 60 70 229 254 275 304 350 403 502 509 570 792 937 970 
20 50 104 130 144 209 219 225 234 272 279 283 305 311 478 503 713 810 821 971 972 
23 187 207 217 247 269 310 313 328 342 347 448 451 579 585 592 828 844 848 864 897 900 909 985 
27 2 10 87 112 156 239 301 320 340 380 387 424 507 515 537 554 562 620 667 671 721 737 897 936 941 945 982 
20 22 123 235 240 244 263 290 318 365 388 423 476 519 622 686 834 844 845 894 906 
19 12 44 71 85 88 102 146 155 191 290 392 494 524 527 643 700 911 937 959 
24 95 97 99 154 210 234 245 248 297 329 354 413 414 473 479 567 647 746 749 781 827 855 942 988 
24 36 77 84 253 296 372 396 406 412 417 440 480 526 558 621 664 676 694 784 889 935 946 981 993 
22 19 59 78 128 132 262 282 333 384 402 523 576 598 613 633 642 740 744 799 822 849 864 
17 14 80 105 131 240 259 313 407 426 476 511 638 758 762 782 861 944 
21 2 24 25 49 57 63 141 155 233 333 380 410 446 504 531 664 668 783 850 852 918 
28 4 23 26 137 154 207 255 288 314 321 432 437 505 651 735 782 783 802 811 826 856 901 909 940 949 965 972 989 
22 22 143 154 156 166 197 209 211 246 340 378 437 538 590 601 639 735 862 902 960 979 992 
11 160 161 227 235 253 269 342 352 593 672 752 
23 12 14 15 16 17 97 102 171 276 401 413 480 534 572 592 599 652 688 751 820 829 928 952 
23 20 76 107 145 175 210 228 292 486 559 600 627 671 672 682 726 729 730 806 825 863 902 929 
20 1 17 50 62 63 74 87 191 204 378 412 439 519 629 707 771 793 842 967 997 
15 104 144 168 211 233 242 429 523 525 541 723 745 782 812 906 
23 4 20 39 68 69 106 129 269 284 377 392 527 545 578 582 589 745 777 849 892 905 946 979 
28 0 40 80 123 155 158 234 249 311 367 507 590 611 628 637 656 720 737 740 748 780 847 863 880 924 942 973 981 
21 32 62 105 148 203 207 208 220 228 254 330 367 380 535 546 623 680 716 802 876 912 
22 122 170 191 222 244 267 274 347 380 466 467 577 627 642 667 772 812 819 848 885 898 943 
24 21 32 157 260 271 298 362 384 406 421 483 512 559 598 630 647 678 686 868 891 949 962 975 989 
24 24 36 71 77 134 137 145 166 207 279 304 325 374 396 530 677 713 779 796 803 811 830 844 910 
13 29 100 384 574 592 593 618 668 719 727 757 761 810 
22 21 63 78 123 167 231 281 410 464 478 482 483 525 612 710 744 761 764 819 852 913 988 
18 31 32 44 176 259 321 360 425 427 434 447 712 739 795 858 905 925 934 
21 0 4 7 13 34 176 268 309 355 404 458 579 580 681 727 754 768 776 825 877 937 
23 2 20 30 31 54 92 95 143 226 394 567 613 648 674 757 768 787 842 860 899 904 946 953 
24 115 166 179 248 268 281 409 418 550 553 595 631 674 683 751 775 783 791 807 831 834 931 978 989 
24 20 48 86 112 145 340 350 371 404 481 489 503 509 561 652 669 674 675 704 747 780 811 835 860 
17 37 137 148 167 193 205 291 371 439 516 574 594 642 836 841 905 932 
22 43 62 95 214 243 281 355 463 613 651 668 670 707 738 740 755 763 841 897 925 931 979 
15 65 73 96 145 194 469 484 622 656 699 711 759 927 955 983 
21 3 11 42 56 101 181 190 313 343 510 534 551 581 582 601 636 657 742 789 890 952 
19 49 123 233 296 444 467 478 533 566 649 656 675 714 758 784 803 831 879 907 
17 3 21 62 127 303 323 441 464 517 549 565 603 610 708 745 776 823 
29 2 21 45 48 57 117 145 198 205 303 315 324 388 494 515 523 534 641 650 657 718 737 738 741 751 767 820 855 897 
21 86 118 132 141 178 199 203 270 369 375 417 579 648 667 690 717 719 883 888 916 928 
24 22 73 110 119 139 174 228 233 273 325 463 496 504 537 594 673 728 765 843 876 898 900 929 969 
28 5 20 138 140 195 245 255 283 291 329 376 381 389 395 435 478 510 585 595 598 609 636 669 763 870 886 918 984 
22 53 91 128 137 209 225 263 374 448 450 462 509 540 637 639 654 692 719 747 802 946 960 
16 3 26 186 208 244 282 420 482 638 659 759 843 881 898 965 973 
21 52 68 118 143 165 229 263 415 535 661 687 706 709 728 748 760 771 833 837 873 878 
23 27 79 84 168 350 386 409 415 428 432 448 508 588 604 618 658 796 856 897 904 936 974 977 
20 35 46 96 108 181 203 221 252 316 349 492 616 652 766 805 860 870 892 898 976 
16 33 62 65 96 174 314 344 379 422 454 501 534 708 743 877 987 
18 22 174 203 209 260 377 411 431 493 506 576 602 745 904 948 984 986 990 
20 31 86 149 177 203 212 226 312 315 316 352 372 393 589 607 639 701 773 794 843 
26 0 22 37 51 58 75 98 117 216 227 382 400 456 500 501 506 616 638 640 679 777 791 869 924 925 932 
25 3 7 20 100 104 105 126 146 193 292 300 328 436 459 484 499 510 552 669 733 746 778 814 869 877 
16 1 65 103 140 193 233 312 390 423 478 636 874 882 892 909 979 
18 24 45 66 166 223 315 528 571 619 653 677 779 782 788 795 864 928 987 
19 77 165 217 302 374 511 524 544 558 650 679 700 763 821 846 850 921 989 990 
17 20 32 143 163 406 465 475 599 650 707 710 758 778 779 844 867 919 
20 73 142 192 209 230 233 293 319 415 513 547 550 558 602 615 661 710 810 811 962 
17 37 94 188 208 259 269 303 426 454 547 574 609 641 667 709 833 862 
23 6 186 323 374 397 455 496 556 601 610 645 668 716 773 802 817 824 888 916 921 924 987 990 
23 64 139 293 294 322 350 458 574 583 626 627 670 675 681 761 887 897 911 915 923 928 930 961 
21 0 13 94 126 152 165 175 225 239 241 283 332 446 455 499 707 716 764 781 902 960 
26 46 79 86 125 153 245 260 270 434 529 531 592 626 629 638 654 659 668 670 739 807 815 847 910 936 981 
18 64 128 316 340 341 364 367 429 440 512 561 574 608 708 782 862 956 975 
12 24 121 193 222 252 498 510 627 636 645 858 936 
15 34 69 82 215 378 414 430 499 544 568 621 667 760 846 939 
16 17 39 57 274 279 367 388 421 431 518 565 640 673 676 867 925 
26 13 42 114 188 290 371 395 422 429 437 448 485 533 536 548 572 604 632 679 680 696 718 754 861 926 958 
22 49 91 267 301 361 405 412 424 449 487 528 559 573 600 605 682 753 835 934 947 986 999 
22 31 79 137 165 452 539 564 578 588 614 717 723 737 738 746 754 775 806 840 856 899 947 
13 0 1 31 209 362 606 642 721 885 890 891 904 987 
18 34 100 141 150 155 206 217 229 287 319 385 389 403 695 707 785 908 973 
17 67 119 122 139 143 392 468 469 488 533 587 598 617 680 759 811 849 
19 68 140 216 237 257 298 370 428 501 511 546 663 672 720 852 863 871 878 879 
12 44 173 198 379 381 419 450 463 595 649 694 863 
