200 1000
711 716
329 827
833 1399
905 1260
400 1166
280 1075
504 1299
381 1038
450 1364
835 926
720 866
783 1433
368 925
9 733
872 1810
726 1300
792 978
77 740
561 818
173 558
868 912
513 1064
111 398
957 1210
503 699
980 1196
501 1064
452 776
388 708
691 955
646 1038
771 1235
263 1261
857 1055
94 688
234 290
869 1611
192 530
390 1280
849 1301
707 1483
240 811
699 890
167 786
227 536
977 1479
148 152
435 537
947 1064
726 1635
390 1017
738 1374
123 143
375 627
123 923
2 246
234 1123
177 615
351 733
326 918
152 988
508 766
182 315
335 803
243 341
816 1319
959 1471
71 1019
115 1022
893 1624
542 1504
862 1674
384 1054
556 921
928 1380
236 816
317 1211
387 899
772 1615
375 430
702 748
199 477
29 374
230 400
891 1202
70 429
572 725
480 494
801 1332
923 1227
900 969
775 816
142 948
878 1253
89 1081
703 1210
573 1034
511 1010
420 1296
399 843
511 1371
868 1191
355 438
528 980
121 150
138 403
40 222
253 528
300 894
199 1082
297 412
455 931
782 1131
84 222
420 457
466 1431
651 1460
600 1317
304 314
416 830
286 1087
602 1187
639 1452
873 1394
924 1872
997 1778
979 1064
151 334
320 923
786 905
510 682
740 1059
900 930
441 1246
99 929
498 1308
31 1005
569 1494
736 1615
39 220
938 1144
223 546
469 1134
764 1745
333 438
218 291
391 1077
505 959
438 922
759 1604
110 811
24 866
347 489
280 1269
935 1836
382 698
861 863
326 689
943 1930
664 674
152 876
664 1193
825 1652
372 626
191 1146
224 332
86 856
236 636
579 744
294 504
850 1673
468 559
186 1183
433 1329
824 1692
904 1753
294 1227
392 772
730 1725
672 1398
560 651
66 370
119 486
953 977
597 1439
860 925
300 1206
25 88
828 939
931 1267
411 1253
100 1031
793 1258
866 1465
42 259
432 488
347 936
348 1278
857 1042
316 316
537 1034
40 1009
550 958
80 992
66 234
239 648
157 1082
508 1333
314 518
267 464
727 816
833 1007
827 1327
971 1942
324 768
962 1660
663 691
70 421
212 1180
728 1566
236 357
525 724
985 1428
628 1461
710 759
878 1099
17 867
955 1820
341 526
966 1863
454 665
558 731
220 449
136 188
295 558
52 347
761 796
811 1711
700 1653
821 1580
304 1125
904 1191
861 1675
699 776
951 1495
354 478
489 511
226 327
448 806
901 1139
737 1596
58 293
246 655
974 1834
385 1294
544 936
12 329
502 697
44 652
728 1437
624 1159
229 285
185 529
933 1631
964 1471
483 703
735 1537
494 798
48 402
278 354
631 1083
898 1040
573 1498
399 717
48 964
561 635
565 765
770 1434
113 729
134 855
363 598
616 1122
310 985
625 1286
126 747
793 872
91 322
979 1145
170 606
248 768
461 1152
749 1366
610 1073
599 1297
233 815
631 983
845 1542
243 718
153 371
831 1233
758 923
716 1381
332 486
201 1045
194 454
998 1002
487 615
310 699
825 1300
368 513
344 661
358 376
255 707
381 1167
82 799
747 1079
556 694
550 704
145 417
845 1055
666 832
791 1602
305 1095
808 1089
621 1317
656 1135
945 1787
887 1484
546 960
399 1229
873 1178
204 420
472 1059
132 714
477 1325
777 1243
790 1426
118 1019
821 1425
113 362
255 411
389 1116
294 560
425 1184
428 1113
96 730
18 840
403 613
88 417
477 574
887 1501
374 511
759 1316
462 1065
660 1377
189 273
186 1041
289 667
880 1532
556 1101
901 1092
264 638
470 626
718 1212
220 809
34 912
521 1112
332 508
943 1923
774 860
569 1506
174 537
278 929
447 717
779 961
757 996
71 788
509 801
128 958
972 1634
349 560
787 1746
236 828
280 750
761 1590
202 1035
385 894
578 1165
390 1112
811 1605
212 620
82 932
264 602
1000 1063
765 1079
560 782
686 1601
648 1422
18 463
359 1189
335 1082
10 297
398 850
237 855
454 1397
346 753
508 543
590 1387
540 1397
576 635
536 626
215 300
884 1016
930 1649
188 417
147 386
624 916
141 1088
984 1373
835 1556
642 1415
842 1410
294 830
192 1153
83 471
602 855
610 1332
956 1549
45 942
646 1385
32 42
14 68
332 1055
21 572
428 1262
241 363
252 444
32 392
7 91
627 874
722 1067
216 1032
896 1087
231 586
182 364
954 1237
558 1182
232 875
143 836
851 1289
766 1561
910 1719
80 690
951 1750
42 870
982 1687
873 1617
609 850
495 1166
868 1220
303 696
676 1303
96 903
423 495
945 1826
245 524
902 1331
987 1720
5 363
902 1336
620 1540
559 985
674 1616
828 1331
538 1158
338 991
316 678
677 1350
522 1237
914 985
709 1335
821 1622
484 1069
295 832
801 984
614 816
733 1358
292 703
24 249
664 1315
211 324
809 1163
345 1146
490 576
513 786
730 1462
479 893
971 1081
504 790
620 1313
803 1051
720 967
772 1460
716 1012
943 1805
70 879
879 1548
131 265
307 407
957 1854
320 1164
402 1069
511 1442
821 1142
566 706
817 1039
932 1267
836 1553
370 549
86 259
887 1246
928 1401
321 477
819 1571
868 1603
517 1041
13 20
386 474
922 942
88 722
435 1399
118 741
814 1456
927 1913
388 1200
599 874
818 1525
533 1100
846 1478
37 957
685 1056
295 747
105 993
349 902
405 776
879 1667
72 1060
948 1497
377 781
318 445
87 121
19 952
812 1153
403 636
406 991
103 273
40 872
889 1053
599 795
927 1326
1 823
667 1353
948 1049
955 1381
484 1137
394 1139
975 1330
465 791
234 896
118 479
91 110
447 812
632 735
290 593
146 571
101 195
97 410
461 1448
419 510
573 1166
178 743
321 555
938 1643
862 1085
947 1864
797 1298
978 1610
959 1818
197 433
146 596
189 431
61 424
973 1805
640 705
61 434
441 552
542 805
617 868
538 1007
67 887
100 273
363 1147
309 1036
273 1024
645 1447
125 1068
518 717
225 1046
82 560
508 747
456 727
428 1377
670 1585
923 1635
277 1198
96 759
197 600
88 708
148 973
316 764
686 1396
653 1371
854 1810
982 1305
105 206
775 864
727 1429
256 744
592 850
430 841
140 1000
611 1177
192 1149
326 866
484 933
922 1746
504 773
916 1792
958 1095
676 1118
210 1088
734 1492
577 841
549 748
533 1100
172 576
616 736
733 1524
210 446
393 1229
275 964
337 630
556 746
404 562
415 488
131 409
890 1638
159 437
204 810
17 43
671 783
813 1468
87 437
730 1543
200 242
922 1592
68 178
629 780
987 1914
630 1188
359 502
717 1208
513 517
94 596
599 1062
333 425
949 1767
592 1010
392 674
861 1488
436 927
952 1419
457 1123
403 910
771 1575
858 1693
214 229
723 1604
859 1251
889 1346
929 1569
309 771
66 405
513 514
167 954
456 894
231 426
533 844
437 1408
731 1057
540 851
97 304
187 460
517 675
856 1186
799 1736
296 1139
376 383
304 1169
245 685
917 973
108 712
21 954
294 969
413 711
534 728
649 1214
248 567
852 939
896 1162
845 1094
25 970
23 946
331 889
880 1773
847 1742
940 1422
450 587
864 1072
480 750
680 1352
525 863
701 1042
120 609
278 954
331 580
440 1355
290 1253
276 387
466 1311
483 1123
564 1428
161 525
199 934
32 622
653 884
281 1267
912 1484
329 1114
616 1340
582 1147
507 630
730 748
288 509
672 1590
448 859
822 1471
88 234
349 568
76 648
243 697
282 624
492 1360
220 1085
71 309
797 1311
769 1323
712 1332
677 992
445 993
589 1193
315 888
476 1199
342 588
83 303
43 414
383 1327
321 506
941 1126
908 1664
791 985
905 1334
523 1241
8 574
266 1207
43 628
944 1009
642 692
78 997
713 1472
43 1003
955 1907
574 1040
136 949
621 910
255 547
843 964
988 1318
628 776
929 1267
340 1250
47 446
515 1197
723 1227
771 1159
777 960
151 925
633 1552
658 1649
179 270
926 1433
181 674
98 941
556 1124
613 974
687 1225
447 1283
154 922
601 749
24 674
340 671
182 807
903 1824
72 184
961 1132
121 469
272 428
344 413
218 1023
592 1211
981 1517
724 1079
427 1091
468 1018
835 1530
428 877
703 1465
415 701
471 901
134 913
632 1048
480 1008
965 1147
817 1676
674 691
592 1133
573 699
319 730
284 1150
776 804
664 1222
175 1021
220 493
225 648
65 892
310 330
576 845
286 831
828 836
65 977
531 717
810 1790
145 675
925 1125
688 1433
23 844
331 363
152 626
723 966
999 1444
213 522
699 1622
532 1010
55 230
533 1500
391 482
818 1666
799 1357
887 1705
758 1734
714 1208
969 1552
288 976
247 780
683 1169
351 835
685 1256
985 1032
428 712
702 914
17 551
489 610
132 1089
773 1773
958 1417
319 836
617 1077
483 1150
953 1740
241 460
41 230
75 1065
880 1439
869 1394
261 902
216 581
611 1082
329 682
640 1157
891 1880
260 437
664 1093
832 1126
393 780
815 900
774 1342
798 1226
353 586
778 1253
167 853
748 1493
63 689
955 1569
821 837
78 392
705 745
833 1789
94 1030
608 1292
152 662
456 620
808 1073
684 741
486 1379
297 916
907 1580
380 738
182 712
282 513
607 1226
872 1792
619 1012
568 640
57 822
217 248
409 821
604 1533
328 672
588 1497
925 1150
794 1178
685 1685
788 852
677 1177
256 721
720 1188
663 1596
548 882
805 1690
250 968
26 46
233 552
828 1503
539 1534
428 750
895 1892
940 1000
549 1355
329 414
117 1066
26 97
883 1876
549 1110
949 1568
277 509
532 549
318 756
913 1905
937 1722
122 308
676 792
34 218
687 802
593 1527
673 824
387 1158
956 1832
563 855
282 863
546 754
538 1503
848 1810
483 983
472 1104
788 793
363 598
499 1244
905 937
485 905
745 1152
27 41 59 90 139 147 234 265 326 327 496 537 560 589 616 653 672 681 720 745 771 792 841 872 873 943 962 966 
25 33 45 47 78 81 160 255 284 332 338 372 389 404 419 480 553 630 734 746 794 797 814 833 874 882 
19 20 30 63 145 205 280 295 326 442 467 481 612 626 721 767 829 856 916 986 
20 67 72 123 173 175 216 308 309 424 462 491 495 537 550 555 592 638 764 770 857 
17 37 61 68 74 193 277 285 333 354 463 632 700 702 747 777 825 950 
15 287 432 488 518 547 551 627 706 713 728 749 881 925 949 961 
21 37 66 70 205 221 307 343 355 377 381 572 589 610 698 731 756 815 841 911 942 978 
17 20 26 187 204 374 634 669 775 828 829 847 892 909 972 977 982 999 
17 19 80 230 248 253 254 270 452 472 494 562 611 624 635 789 915 916 
23 34 45 184 248 281 431 454 530 596 637 700 706 708 739 743 791 792 800 879 943 963 977 995 
19 25 128 212 248 255 330 357 438 471 527 528 531 534 608 664 693 703 763 771 
23 68 75 78 84 87 93 107 117 204 290 389 492 506 590 641 716 737 776 830 880 890 897 919 
20 19 272 324 357 376 416 423 434 455 514 552 570 603 760 817 830 833 924 939 951 
19 9 202 267 369 413 427 433 454 471 514 528 570 576 585 648 709 745 817 982 
15 56 58 73 164 222 282 297 469 526 654 712 720 744 788 811 
19 15 150 171 311 376 390 453 569 595 643 714 803 906 910 928 947 985 988 996 
26 13 38 64 74 85 174 183 197 344 407 431 493 507 508 516 627 649 657 687 710 717 773 855 913 926 954 
23 57 110 116 159 172 185 249 250 259 329 365 474 511 585 638 722 736 747 765 833 843 895 987 
16 98 109 125 137 158 165 312 344 404 517 552 554 590 748 762 945 
16 44 62 101 127 217 243 262 293 306 435 459 499 533 675 717 904 
16 120 155 226 238 248 347 408 501 526 587 692 730 745 748 867 901 
15 31 44 137 196 201 239 268 374 457 527 648 710 755 768 991 
21 79 152 159 250 287 317 339 343 359 463 465 523 572 668 724 818 827 857 917 923 983 
19 40 126 134 148 216 447 582 593 630 648 662 716 735 765 838 873 926 941 972 
18 11 54 118 135 175 205 330 333 443 482 515 561 739 773 802 935 937 988 
19 104 158 183 186 206 217 229 393 425 441 471 529 586 625 713 790 800 832 836 
23 21 37 60 218 354 356 388 416 462 463 472 474 559 562 583 591 757 778 796 814 897 902 954 
24 241 276 293 311 316 345 355 431 475 525 538 554 560 565 580 636 638 758 840 849 909 916 991 993 
25 5 36 53 102 103 148 182 352 390 401 472 513 537 618 677 685 694 697 705 724 849 850 891 932 938 
13 68 119 157 261 336 343 408 428 436 492 617 679 835 
15 49 119 126 135 157 216 328 535 590 616 678 777 793 817 939 
17 67 161 195 234 266 299 334 409 532 654 679 695 751 808 842 887 917 
31 23 67 96 103 146 177 196 305 318 331 415 426 441 482 527 550 597 607 610 624 629 633 653 654 671 713 765 776 812 843 909 
28 30 55 127 145 164 166 200 207 226 319 405 446 471 473 480 497 599 650 666 707 725 805 817 831 865 908 968 986 
14 88 112 188 231 315 346 362 394 424 542 551 676 766 791 
20 201 250 273 314 369 396 470 475 496 585 619 653 774 794 807 882 904 918 962 974 
16 117 161 169 468 514 526 529 564 602 671 730 898 941 953 960 998 
17 38 220 255 373 394 452 467 483 662 688 749 805 819 845 868 870 993 
14 0 33 232 279 288 313 346 399 410 514 713 750 860 862 
23 21 43 56 71 87 115 119 140 383 453 489 493 500 626 637 642 701 707 736 788 789 871 948 
16 122 126 196 226 229 465 493 522 635 666 755 786 888 901 975 980 
16 101 221 241 281 297 325 346 375 553 556 635 732 736 748 822 973 
30 89 181 187 188 224 272 313 326 338 410 415 427 479 530 531 554 567 572 667 713 744 752 764 858 864 871 912 937 952 991 
12 36 109 136 486 555 594 724 728 764 766 907 918 
20 7 26 58 115 116 213 457 458 482 487 533 615 626 633 634 640 682 713 900 952 
22 30 77 98 235 259 328 363 369 418 428 544 553 606 651 678 710 738 766 851 910 966 969 
19 53 103 113 208 222 245 261 298 305 409 506 608 648 735 751 887 930 951 953 
21 5 193 210 219 326 366 388 399 415 476 482 637 650 685 688 866 876 907 934 960 976 
22 44 137 157 176 182 217 287 350 371 375 510 561 597 633 640 645 665 699 768 848 853 906 
25 36 56 117 162 199 200 203 211 233 285 347 387 503 617 649 714 716 738 751 877 893 902 930 995 998 
22 29 44 73 125 132 234 269 284 460 468 476 541 551 601 606 641 720 770 774 904 939 951 
29 87 126 134 135 154 214 252 259 261 348 380 403 544 552 565 584 608 617 646 659 686 709 753 773 830 900 906 910 925 
17 13 193 224 286 313 438 470 545 574 584 600 630 806 812 875 887 926 
20 45 117 121 159 234 363 642 655 659 689 780 802 820 854 872 943 947 948 974 993 
17 0 44 63 146 171 315 378 392 426 477 519 569 704 725 776 878 949 
22 11 73 83 144 160 181 211 221 282 312 325 327 332 383 406 414 511 652 816 851 881 894 
19 3 138 143 220 294 467 491 520 584 606 607 652 707 740 819 881 927 928 972 
19 3 55 154 276 337 363 392 433 456 497 613 641 729 745 768 786 788 791 874 
23 31 70 200 207 229 287 292 390 411 425 458 485 501 565 581 608 641 762 865 897 907 921 940 
16 22 124 161 173 266 364 375 460 461 507 561 686 749 771 773 936 
15 12 30 70 78 105 145 240 249 316 323 389 488 578 644 991 
17 3 13 46 77 223 230 276 307 324 562 563 583 744 783 844 859 956 
18 19 32 100 251 324 405 428 448 487 542 711 763 790 852 888 917 938 944 
14 0 24 62 120 281 327 374 380 426 541 569 736 801 845 
21 68 153 174 194 252 261 290 321 356 368 448 518 596 652 708 715 797 823 876 879 920 
15 79 96 150 151 334 337 349 434 457 491 540 589 676 858 929 
20 39 40 75 100 159 253 262 287 303 345 402 415 471 534 598 627 678 714 811 873 
24 36 45 54 93 115 171 186 243 355 455 464 487 489 509 523 584 607 639 677 695 723 916 950 952 
18 174 185 306 340 344 368 394 403 456 489 523 642 664 721 779 905 953 991 
23 32 73 205 223 282 349 421 463 465 487 490 495 526 542 572 620 682 720 724 756 760 768 821 
14 6 147 188 224 279 306 397 535 654 679 719 735 797 899 
19 90 105 107 238 262 274 377 498 509 527 546 582 583 618 767 836 849 890 920 
12 17 219 335 389 410 419 481 496 588 727 892 984 
13 75 260 392 434 467 515 629 689 691 737 842 955 963 
23 18 63 146 317 404 439 562 613 623 677 697 707 726 811 852 854 871 918 937 947 954 974 985 
15 107 166 239 269 368 403 446 488 489 533 558 859 911 916 973 
18 46 71 108 110 227 317 326 339 449 573 686 729 750 815 852 887 938 992 
25 167 182 183 209 223 269 334 402 417 437 530 564 606 622 626 633 686 691 825 828 837 861 917 969 982 
19 44 48 156 343 401 528 548 584 607 624 633 639 665 670 792 793 817 894 977 
20 22 102 131 261 313 368 371 391 442 521 526 543 598 645 646 652 847 916 948 978 
23 24 55 79 101 125 127 136 190 259 260 665 708 712 716 769 810 813 822 862 898 940 971 996 
20 14 32 49 89 188 205 241 270 301 388 407 420 505 512 542 634 671 795 799 834 
23 29 99 184 259 288 324 585 611 636 660 687 703 710 728 795 804 839 845 851 871 890 908 994 
27 6 52 128 178 246 304 388 411 437 454 455 457 501 536 590 599 616 627 650 670 822 872 883 885 896 988 990 
24 128 153 320 354 362 365 417 425 455 504 536 545 616 680 717 733 752 763 789 851 853 918 947 975 
21 141 256 268 310 317 368 451 471 499 551 582 760 808 817 865 873 878 920 921 941 994 
13 10 37 69 79 192 291 499 535 603 746 773 798 872 
17 235 263 279 398 427 473 532 617 634 656 672 742 803 805 826 908 971 
18 13 62 73 84 191 333 500 515 530 629 657 680 687 778 834 904 929 972 
20 92 108 128 182 218 219 302 308 423 501 528 584 596 639 641 719 871 887 910 971 
20 34 119 149 174 276 385 487 526 609 624 636 642 643 707 752 802 808 875 931 964 
21 116 142 163 171 174 280 337 444 463 471 560 619 635 636 640 648 658 667 688 767 883 
23 142 204 307 310 312 418 423 440 463 579 582 607 636 672 686 740 757 791 801 832 898 957 973 
19 87 199 229 258 275 372 464 495 578 595 678 707 709 826 870 905 920 939 963 
23 91 184 192 196 198 229 259 306 334 459 483 504 521 610 668 698 764 766 777 784 869 890 898 
20 37 58 114 157 167 262 420 443 528 542 561 623 661 731 804 856 909 926 936 946 
18 23 110 145 160 318 422 490 497 527 556 612 643 758 778 785 812 819 925 
16 0 3 55 77 94 206 344 389 486 602 644 740 746 773 956 980 
16 115 230 251 339 396 400 457 463 480 516 655 835 858 927 949 996 
27 1 48 49 131 136 197 228 256 279 296 312 315 370 473 483 496 505 617 630 634 661 683 690 780 815 841 972 
21 8 64 170 278 336 417 543 551 582 651 652 655 758 759 791 820 850 895 955 965 997 
15 124 150 180 269 277 305 318 472 490 504 691 811 835 868 971 
16 50 75 88 107 149 153 249 342 379 391 418 570 780 891 987 993 
25 109 115 218 242 271 346 349 447 469 471 514 531 574 586 592 624 625 640 730 808 814 905 962 994 995 
21 30 71 104 106 248 382 388 476 497 517 531 568 573 618 633 634 741 754 855 936 983 
23 8 51 54 80 189 242 341 369 402 472 481 514 564 606 615 627 629 634 719 741 783 845 942 
19 47 147 287 364 490 491 515 549 587 627 727 745 764 821 829 874 899 958 966 
22 56 111 160 210 258 287 371 384 411 526 532 546 564 573 605 614 649 737 759 765 876 976 
13 21 23 60 244 503 571 575 611 724 776 787 809 884 
20 27 99 111 176 205 231 239 254 366 474 477 588 628 725 726 732 762 789 831 888 
25 17 32 87 271 309 353 362 385 390 422 464 560 582 588 618 676 687 729 746 775 781 788 807 963 975 
16 25 134 135 143 168 225 230 296 483 577 635 637 656 849 887 894 
17 110 236 252 276 356 378 406 422 494 503 519 586 619 663 711 791 840 
24 31 69 81 83 118 173 232 234 251 264 282 351 368 417 431 437 460 678 717 743 765 839 859 891 
17 1 86 126 139 157 175 198 394 439 442 464 484 544 592 865 919 955 
22 31 47 50 65 180 241 256 331 372 395 485 502 520 526 550 632 647 820 873 945 947 949 
18 44 57 92 173 244 407 411 421 423 453 505 506 585 625 828 880 916 965 
14 25 73 289 355 454 465 487 647 648 824 843 851 872 936 
17 52 122 145 334 430 470 515 633 644 648 792 801 823 853 888 889 973 
30 5 46 47 131 136 194 225 304 314 338 416 466 485 487 508 520 552 556 562 583 635 643 649 727 741 749 769 774 810 836 
18 7 27 87 121 278 312 516 550 665 682 709 714 744 788 908 962 974 978 
17 4 44 95 110 206 254 343 363 436 466 489 534 558 795 912 965 985 
13 80 114 218 236 416 492 595 796 831 842 866 919 975 
18 79 162 297 300 346 478 509 620 621 665 677 688 701 711 747 886 904 982 
20 72 80 82 107 114 325 328 340 356 562 620 658 708 724 754 755 765 820 831 957 
15 0 36 72 158 183 333 510 529 555 714 744 755 790 809 897 
27 54 67 90 102 107 111 146 165 183 212 230 237 241 278 319 379 426 427 453 522 680 707 750 823 866 965 996 
22 7 45 54 109 213 222 236 265 314 388 410 431 503 517 564 583 661 726 798 810 895 911 
21 0 57 87 98 161 323 348 360 424 446 572 587 625 628 666 776 821 940 955 979 990 
22 54 94 167 329 347 453 500 526 554 599 609 616 645 717 787 794 813 849 889 947 976 985 
21 12 37 150 179 185 189 191 304 362 479 488 508 618 624 775 796 818 829 850 914 962 
14 186 191 246 279 388 420 498 718 722 782 799 810 919 944 
14 116 145 475 477 487 622 746 756 761 781 819 917 952 971 
18 29 57 73 88 91 99 243 289 359 382 468 519 561 594 613 676 690 809 
19 145 151 168 219 235 327 362 443 505 527 647 667 682 781 782 800 860 948 994 
24 20 42 59 87 163 171 199 244 274 393 395 513 516 561 568 715 769 779 796 806 952 971 983 984 
17 58 64 99 138 202 249 253 280 526 550 589 709 725 735 797 984 999 
15 21 39 76 87 165 268 325 395 488 532 546 680 818 899 964 
17 43 140 151 221 229 313 316 330 373 395 607 633 762 798 803 841 948 
21 98 121 137 208 264 326 347 367 439 472 532 538 575 608 631 698 735 747 852 907 922 
20 29 74 138 171 250 295 412 433 445 525 539 625 633 637 677 790 793 936 978 998 
22 35 76 77 88 132 219 220 349 380 403 480 487 560 595 629 674 748 774 837 857 913 938 
21 82 211 280 295 325 350 373 412 435 466 468 481 501 552 688 798 799 817 844 929 953 
19 24 61 73 89 94 104 106 242 254 295 396 440 490 493 697 855 878 974 984 
24 14 67 69 146 172 216 295 298 383 386 387 453 519 559 614 681 715 762 842 849 906 923 925 943 
19 26 55 112 222 233 278 324 369 416 423 489 624 653 753 834 869 904 958 967 
35 12 20 31 48 54 75 125 162 172 270 292 357 390 422 434 447 454 502 512 563 583 621 663 724 726 763 773 794 829 835 919 927 937 968 992 
14 2 15 69 147 159 357 574 609 637 652 669 727 922 947 
21 16 95 111 151 263 289 329 456 458 464 506 553 608 635 692 739 839 947 957 968 987 
21 61 98 109 207 215 305 350 389 444 466 471 494 516 554 557 568 583 742 757 792 866 
18 20 21 55 186 235 304 315 342 356 358 472 504 529 714 784 900 937 940 
24 12 83 88 90 103 112 250 260 364 370 391 418 454 542 593 723 735 785 789 795 911 915 950 976 
18 2 74 106 129 283 318 417 456 492 518 560 662 665 725 770 854 877 967 
24 29 93 187 189 215 225 252 283 335 392 393 456 543 570 689 707 753 865 905 928 936 963 977 992 
34 23 41 42 45 50 92 100 108 144 148 223 316 337 366 382 419 476 491 495 510 528 550 636 652 654 730 772 808 843 849 851 942 950 951 
20 125 154 204 314 376 377 384 391 422 473 507 624 638 709 716 759 861 959 980 981 
18 29 91 101 141 182 237 277 333 459 517 572 625 704 708 775 852 877 888 
14 71 89 90 108 335 397 429 521 597 657 712 813 818 893 
21 60 134 136 155 172 283 355 424 469 560 572 673 679 686 736 763 830 865 869 948 971 
18 15 24 78 176 197 277 296 534 548 553 656 693 744 832 850 905 914 964 
23 1 4 36 105 127 149 162 186 257 260 309 354 382 402 535 701 708 728 910 942 974 992 993 
30 1 81 133 148 183 199 216 284 286 307 343 351 390 396 435 436 442 453 501 507 557 563 577 585 609 631 843 868 950 979 
25 19 68 129 185 229 365 386 391 413 422 445 488 494 515 533 583 652 655 700 725 793 938 948 983 992 
10 400 415 444 530 573 574 651 708 713 967 
18 1 2 16 59 100 146 259 336 540 566 569 639 689 726 778 854 865 871 
16 82 113 134 190 299 314 341 557 646 824 828 841 844 853 962 997 
23 1 19 108 114 149 169 190 260 517 538 561 586 636 638 657 668 670 722 745 777 790 877 973 
15 25 41 81 249 432 478 492 514 596 660 718 733 809 961 975 
30 2 36 61 92 130 229 372 388 393 410 445 480 490 515 531 559 560 571 600 609 655 687 699 773 850 874 893 903 954 992 
21 117 268 400 412 435 443 451 524 575 621 683 698 713 744 789 833 852 876 889 932 951 
20 16 48 196 198 281 290 291 315 351 354 432 516 568 616 651 719 756 849 972 979 
20 130 145 164 197 325 336 389 419 432 438 536 558 601 684 699 715 779 808 933 944 
20 38 57 74 133 231 345 356 434 526 577 626 650 652 665 666 687 689 738 850 930 
25 77 114 123 172 192 204 240 298 308 333 354 484 573 582 595 628 679 681 705 727 867 900 917 939 989 
23 40 54 56 85 122 130 135 139 182 292 333 386 415 502 503 527 614 649 697 718 750 763 941 
17 11 59 118 251 263 320 324 340 345 361 518 591 600 676 819 889 899 
24 14 22 45 46 120 126 146 163 206 322 364 400 440 449 505 529 639 752 777 778 782 875 882 885 
13 39 49 189 206 353 379 575 591 612 714 792 949 991 
14 50 172 210 344 358 368 388 432 484 572 653 694 737 896 
17 11 28 99 288 401 412 414 421 543 611 666 761 766 772 875 892 997 
19 6 177 184 203 209 214 237 316 334 420 547 628 659 702 713 719 736 905 931 
27 145 163 182 195 209 313 322 363 370 373 378 417 429 431 498 522 524 576 692 699 718 750 757 764 774 880 953 
17 179 209 218 260 277 296 419 425 529 616 909 914 921 936 956 964 973 
23 102 125 140 149 247 253 300 320 404 491 545 563 587 606 681 696 697 753 754 769 846 879 913 
20 4 39 60 125 184 185 187 235 276 502 521 588 622 676 723 775 849 863 949 982 
16 118 148 152 197 409 464 465 528 537 582 725 834 848 916 937 958 
19 51 70 112 235 238 243 355 418 422 450 461 482 568 744 747 754 908 927 995 
14 22 216 273 295 348 352 488 527 601 658 667 751 790 912 
22 120 147 194 245 408 473 475 492 619 630 640 644 724 745 783 846 874 878 879 918 959 970 
17 129 157 248 271 358 433 483 563 667 676 703 721 726 860 949 983 989 
20 123 208 220 276 317 370 385 406 464 563 665 699 715 779 809 837 838 842 844 969 
20 32 158 234 288 312 392 418 428 502 504 522 576 610 648 666 793 812 821 853 897 
23 46 152 177 208 217 289 293 314 400 401 416 455 527 551 645 660 690 773 774 818 944 984 986 
24 93 111 166 178 204 257 290 327 328 383 528 536 579 604 626 677 686 700 749 820 906 907 912 972 
23 77 97 108 173 198 201 242 291 321 335 381 458 473 481 518 606 631 658 669 687 828 856 897 
15 0 190 277 391 437 576 578 628 742 832 850 928 950 976 979 
23 38 86 89 95 207 217 264 345 371 384 487 519 642 650 656 698 729 767 775 838 846 925 945 
20 29 33 77 116 294 348 401 405 433 436 450 473 474 506 520 607 684 690 718 774 
16 34 78 91 158 278 398 489 517 580 612 668 683 707 748 799 804 
16 164 178 319 387 429 442 478 508 539 598 667 702 762 788 867 906 
