200 1000
300 782
337 488
700 1160
260 602
484 648
31 149
63 140
295 1290
85 645
505 1438
70 971
649 856
382 1365
115 636
917 1904
373 626
25 132
421 605
564 1415
664 1215
851 1095
508 1063
296 687
267 1201
119 675
908 1799
67 73
732 1048
733 1163
754 1210
308 847
362 823
282 1195
869 1810
458 822
308 1001
67 415
709 1677
269 366
716 1153
420 971
932 1531
225 1040
685 1354
784 1185
153 270
641 1473
122 768
524 1264
425 1278
606 1044
470 593
24 310
863 1513
44 882
427 1259
460 1120
971 1684
174 959
263 946
829 1032
292 1274
679 1570
574 1357
262 742
818 1811
217 742
487 1373
276 372
905 1139
982 1215
262 834
492 677
847 964
882 1296
364 1286
162 488
804 1156
706 1573
82 511
699 790
133 652
108 968
744 1586
382 478
964 1127
371 1259
308 1145
854 1295
382 927
671 733
524 827
681 1293
472 1083
624 893
686 1636
435 531
610 1303
877 1483
263 427
675 999
808 1749
348 1243
467 654
468 902
626 829
498 1324
83 907
82 681
993 1586
497 1337
298 359
143 755
204 630
122 1006
334 1119
418 586
238 1171
156 245
660 1272
557 623
737 875
489 495
278 1239
5 141
835 1149
54 866
428 509
55 357
845 1438
592 1435
125 858
806 1761
231 1073
966 1014
229 740
627 1322
255 625
795 1628
138 270
746 1349
460 506
643 731
707 1220
376 919
715 811
358 534
603 1099
778 1453
439 1263
118 163
668 713
672 1646
653 924
153 411
403 616
295 516
318 1085
831 881
961 1860
407 583
301 975
983 1457
98 583
168 632
632 1336
500 1484
91 440
337 653
51 870
148 896
1 749
718 1461
115 982
33 886
395 675
429 1121
413 713
292 1258
483 642
630 908
120 132
409 749
198 506
982 1084
892 1074
878 1583
782 1335
529 1338
184 1108
486 589
849 954
970 1853
933 1635
103 198
656 818
977 1507
393 1182
345 1322
333 666
781 1690
994 1643
500 1353
477 528
955 1128
536 1186
800 1565
310 922
833 1125
710 1572
147 1015
601 1119
146 223
343 1204
966 1269
910 1484
768 983
328 755
768 1093
219 1013
740 741
286 826
344 1036
154 422
312 682
130 674
703 1132
660 714
257 1014
836 865
288 1249
51 847
232 444
436 669
99 941
646 1065
352 1206
216 745
846 1168
523 1297
111 640
827 827
366 808
926 1059
598 1520
145 392
258 515
410 967
621 1453
654 1121
227 929
640 1300
269 596
163 1123
320 525
939 949
531 1131
43 459
294 887
321 668
993 1570
798 1158
138 378
209 1065
273 492
545 1178
448 1113
999 1035
100 228
878 1069
171 933
881 1224
386 1160
998 1059
210 516
24 436
691 1003
955 1571
124 344
891 1413
81 367
193 824
37 670
12 454
892 1864
164 567
252 332
970 1219
662 972
743 1659
387 1234
935 1011
342 809
327 700
979 1575
565 641
660 1640
109 598
607 844
307 1027
136 1125
774 1479
687 737
72 739
594 1266
804 1063
94 756
572 914
726 1560
355 1334
298 479
826 1295
554 664
144 776
167 1030
66 464
999 1713
167 414
319 1038
640 790
928 1444
775 1445
844 1638
856 1079
124 378
821 1535
442 650
905 1564
214 1128
626 628
887 1024
505 802
131 1085
544 958
24 834
664 904
655 1475
170 441
136 735
829 1037
935 1381
698 723
700 1267
308 378
112 615
361 581
92 722
336 1068
944 1371
217 517
685 831
325 456
174 859
190 1075
761 1606
402 1209
731 865
448 1260
962 1916
264 361
628 933
760 1737
894 1067
241 539
420 1088
638 686
528 1367
535 1153
31 766
186 1122
329 779
381 866
966 1318
558 755
359 1073
615 1010
746 1293
23 507
904 1889
652 1011
50 614
605 1378
727 1060
392 1073
581 795
266 858
889 957
226 396
82 219
428 672
230 542
343 444
46 95
210 607
338 836
569 811
501 843
390 1002
187 301
882 1486
329 774
845 1539
481 680
783 1002
404 922
527 564
946 1648
524 1175
797 1303
780 1427
950 1726
489 1359
643 1331
329 516
51 697
738 946
185 195
549 1296
783 1738
587 653
351 1135
317 704
861 1742
869 1568
580 1400
630 1288
671 896
686 920
191 850
967 999
885 1074
984 1267
331 577
372 577
704 1213
920 1157
842 1211
798 846
160 926
784 1343
524 721
442 746
450 798
798 1018
627 1349
0 86
306 454
803 1629
914 1740
51 587
549 1312
394 987
714 1500
914 1096
414 717
548 867
879 1116
70 806
427 1259
160 824
139 629
148 660
878 885
461 676
181 244
599 617
188 854
26 117
885 1508
630 1210
964 1577
467 1261
725 1511
689 1216
887 1339
778 889
665 722
768 958
32 62
115 756
449 1266
82 753
57 368
205 1084
80 585
881 1588
793 1687
516 848
267 827
305 1295
530 590
454 602
2 413
382 533
836 1383
43 617
313 1097
945 1336
188 671
897 979
221 592
516 925
917 1840
288 967
227 987
321 1293
142 967
680 1110
638 1280
214 255
297 926
166 977
207 641
855 1784
83 782
345 352
931 1580
855 1055
758 1178
698 1636
971 1246
751 899
901 1153
1000 1413
272 1136
973 1289
176 307
967 1025
797 1318
254 799
646 967
112 360
458 862
622 970
547 569
644 886
407 1271
786 1275
877 1474
578 1183
374 1119
363 450
210 233
259 508
951 1452
229 609
858 1150
31 413
338 797
761 1290
599 746
611 1145
550 1404
5 616
409 1052
268 488
684 1596
373 1149
176 836
888 1545
533 992
978 1851
370 1366
714 1320
24 151
233 679
865 1268
832 1268
902 1459
926 1073
685 715
413 456
622 1245
515 1251
872 1293
323 386
213 534
608 1206
893 1293
288 1165
677 707
623 1162
32 940
907 1141
36 348
83 757
773 1044
106 483
823 1645
216 671
881 1540
468 855
907 1307
182 862
159 587
825 1760
871 1681
71 181
273 313
711 1020
428 1322
114 942
738 1118
265 521
183 703
289 985
136 1056
659 1288
709 1022
775 1583
939 991
297 556
527 829
819 1582
99 834
977 1493
868 1727
285 826
407 608
137 365
593 1286
723 839
244 266
712 1528
468 905
450 606
671 721
59 1028
202 808
958 1484
449 1319
181 1074
804 1090
756 1410
336 962
756 857
42 1021
731 1497
563 1022
672 1492
279 803
3 94
628 1135
94 382
864 1805
624 770
359 384
306 590
62 427
377 714
917 1229
474 1137
701 945
125 997
143 329
916 1913
375 1333
414 1085
238 284
897 1155
541 724
863 980
926 1483
731 1344
92 202
588 753
845 1668
762 1629
91 184
199 1156
155 514
451 1396
53 1049
953 1262
184 243
410 1069
8 545
582 1509
640 1000
946 1180
18 97
116 752
407 900
644 916
893 1104
513 1047
395 1353
25 514
70 635
527 1160
800 1535
324 594
142 649
248 852
395 594
434 780
51 381
116 759
905 1182
418 757
827 1339
989 1563
221 955
336 801
433 1015
835 1338
511 1150
223 528
125 635
172 858
555 940
976 1333
403 506
325 711
936 1128
442 1238
893 1411
258 1235
803 1172
314 509
621 674
344 512
507 1262
844 1023
310 757
64 431
55 343
77 626
803 1598
961 1180
464 707
539 1149
349 426
870 1002
950 1604
267 1115
279 588
684 735
281 470
521 786
737 1170
249 361
107 772
844 1187
663 786
637 1175
920 1704
993 1598
686 777
166 848
485 1272
441 714
346 744
77 587
897 1646
800 1371
629 1271
232 1057
590 1002
177 851
302 1004
976 1457
428 759
769 1426
287 820
199 989
444 1001
133 639
710 1230
948 1663
895 913
197 683
20 313
914 1604
550 1096
723 781
261 1078
490 1024
123 858
612 999
611 1504
916 988
282 1131
158 905
131 983
360 1312
713 1524
391 786
967 1363
392 990
691 963
796 843
407 749
884 1190
612 915
908 1717
706 1447
284 761
99 587
158 309
599 1322
495 720
194 986
302 1243
830 884
283 347
189 694
759 1252
850 1482
613 1542
241 673
759 1510
670 950
696 1174
396 614
853 1306
723 1323
928 1456
793 1563
922 1609
727 1560
704 1082
119 424
40 142
588 1395
883 1801
818 1746
954 1928
823 1796
651 1404
82 364
685 1242
14 769
594 1333
807 1408
711 1459
111 974
23 858
594 1405
443 663
199 926
474 855
571 1523
719 1422
571 640
490 783
136 645
33 859
486 992
12 492
201 301
293 527
779 789
155 387
453 942
790 1002
450 977
826 1305
380 1060
786 1295
760 1518
579 969
328 1289
768 1395
486 641
74 346
929 958
239 1108
22 201
669 1569
855 1737
916 1813
261 1189
795 796
66 584
650 689
871 1129
776 1301
75 376
193 829
190 935
517 980
4 540
772 1328
876 1067
834 1017
586 1092
986 1545
55 683
216 543
68 781
700 1149
374 1061
750 1026
551 805
430 691
330 1282
832 991
867 1153
316 1170
467 969
440 986
685 833
543 659
585 1230
590 1093
385 1239
432 1068
690 1185
394 1301
11 204
137 857
723 1716
35 88
283 595
518 1174
495 1090
137 403
247 1188
372 393
497 598
401 819
913 1285
621 1509
285 828
810 1691
891 1528
737 913
219 1170
739 1562
294 464
466 685
227 652
684 1133
179 270
24 163
992 1011
838 1576
240 518
566 1497
836 1284
226 389
470 831
862 1336
615 649
885 1147
315 535
456 1155
193 921
383 925
538 1420
289 1160
265 1032
685 924
55 177
471 863
382 774
257 1045
543 1315
484 827
26 598
585 700
450 699
447 1371
281 877
277 812
855 1240
507 937
292 477
909 1328
210 1178
705 1272
718 1471
28 722
342 667
509 570
336 506
667 987
585 1021
83 154
388 565
933 1722
233 684
611 1192
711 1570
629 1437
333 515
560 780
458 835
492 1417
729 972
787 1337
27 560
327 811
806 1725
785 1775
399 771
723 1375
366 878
305 680
27 41 59 90 139 147 234 265 326 327 496 537 560 589 616 653 672 681 720 745 771 792 841 872 873 943 962 966 
25 33 45 47 78 81 160 255 284 332 338 372 389 404 419 480 553 630 734 746 794 797 814 833 874 882 
19 20 30 63 145 205 280 295 326 442 467 481 612 626 721 767 829 856 916 986 
20 67 72 123 173 175 216 308 309 424 462 491 495 537 550 555 592 638 764 770 857 
17 37 61 68 74 193 277 285 333 354 463 632 700 702 747 777 825 950 
15 287 432 488 518 547 551 627 706 713 728 749 881 925 949 961 
21 37 66 70 205 221 307 343 355 377 381 572 589 610 698 731 756 815 841 911 942 978 
17 20 26 187 204 374 634 669 775 828 829 847 892 909 972 977 982 999 
17 19 80 230 248 253 254 270 452 472 494 562 611 624 635 789 915 916 
23 34 45 184 248 281 431 454 530 596 637 700 706 708 739 743 791 792 800 879 943 963 977 995 
19 25 128 212 248 255 330 357 438 471 527 528 531 534 608 664 693 703 763 771 
23 68 75 78 84 87 93 107 117 204 290 389 492 506 590 641 716 737 776 830 880 890 897 919 
20 19 272 324 357 376 416 423 434 455 514 552 570 603 760 817 830 833 924 939 951 
19 9 202 267 369 413 427 433 454 471 514 528 570 576 585 648 709 745 817 982 
15 56 58 73 164 222 282 297 469 526 654 712 720 744 788 811 
19 15 150 171 311 376 390 453 569 595 643 714 803 906 910 928 947 985 988 996 
26 13 38 64 74 85 174 183 197 344 407 431 493 507 508 516 627 649 657 687 710 717 773 855 913 926 954 
23 57 110 116 159 172 185 249 250 259 329 365 474 511 585 638 722 736 747 765 833 843 895 987 
16 98 109 125 137 158 165 312 344 404 517 552 554 590 748 762 945 
16 44 62 101 127 217 243 262 293 306 435 459 499 533 675 717 904 
16 120 155 226 238 248 347 408 501 526 587 692 730 745 748 867 901 
15 31 44 137 196 201 239 268 374 457 527 648 710 755 768 991 
21 79 152 159 250 287 317 339 343 359 463 465 523 572 668 724 818 827 857 917 923 983 
19 40 126 134 148 216 447 582 593 630 648 662 716 735 765 838 873 926 941 972 
18 11 54 118 135 175 205 330 333 443 482 515 561 739 773 802 935 937 988 
19 104 158 183 186 206 217 229 393 425 441 471 529 586 625 713 790 800 832 836 
23 21 37 60 218 354 356 388 416 462 463 472 474 559 562 583 591 757 778 796 814 897 902 954 
24 241 276 293 311 316 345 355 431 475 525 538 554 560 565 580 636 638 758 840 849 909 916 991 993 
25 5 36 53 102 103 148 182 352 390 401 472 513 537 618 677 685 694 697 705 724 849 850 891 932 938 
13 68 119 157 261 336 343 408 428 436 492 617 679 835 
15 49 119 126 135 157 216 328 535 590 616 678 777 793 817 939 
17 67 161 195 234 266 299 334 409 532 654 679 695 751 808 842 887 917 
31 23 67 96 103 146 177 196 305 318 331 415 426 441 482 527 550 597 607 610 624 629 633 653 654 671 713 765 776 812 843 909 
28 30 55 127 145 164 166 200 207 226 319 405 446 471 473 480 497 599 650 666 707 725 805 817 831 865 908 968 986 
14 88 112 188 231 315 346 362 394 424 542 551 676 766 791 
20 201 250 273 314 369 396 470 475 496 585 619 653 774 794 807 882 904 918 962 974 
16 117 161 169 468 514 526 529 564 602 671 730 898 941 953 960 998 
17 38 220 255 373 394 452 467 483 662 688 749 805 819 845 868 870 993 
14 0 33 232 279 288 313 346 399 410 514 713 750 860 862 
23 21 43 56 71 87 115 119 140 383 453 489 493 500 626 637 642 701 707 736 788 789 871 948 
16 122 126 196 226 229 465 493 522 635 666 755 786 888 901 975 980 
16 101 221 241 281 297 325 346 375 553 556 635 732 736 748 822 973 
30 89 181 187 188 224 272 313 326 338 410 415 427 479 530 531 554 567 572 667 713 744 752 764 858 864 871 912 937 952 991 
12 36 109 136 486 555 594 724 728 764 766 907 918 
20 7 26 58 115 116 213 457 458 482 487 533 615 626 633 634 640 682 713 900 952 
22 30 77 98 235 259 328 363 369 418 428 544 553 606 651 678 710 738 766 851 910 966 969 
19 53 103 113 208 222 245 261 298 305 409 506 608 648 735 751 887 930 951 953 
21 5 193 210 219 326 366 388 399 415 476 482 637 650 685 688 866 876 907 934 960 976 
22 44 137 157 176 182 217 287 350 371 375 510 561 597 633 640 645 665 699 768 848 853 906 
25 36 56 117 162 199 200 203 211 233 285 347 387 503 617 649 714 716 738 751 877 893 902 930 995 998 
22 29 44 73 125 132 234 269 284 460 468 476 541 551 601 606 641 720 770 774 904 939 951 
29 87 126 134 135 154 214 252 259 261 348 380 403 544 552 565 584 608 617 646 659 686 709 753 773 830 900 906 910 925 
17 13 193 224 286 313 438 470 545 574 584 600 630 806 812 875 887 926 
20 45 117 121 159 234 363 642 655 659 689 780 802 820 854 872 943 947 948 974 993 
17 0 44 63 146 171 315 378 392 426 477 519 569 704 725 776 878 949 
22 11 73 83 144 160 181 211 221 282 312 325 327 332 383 406 414 511 652 816 851 881 894 
19 3 138 143 220 294 467 491 520 584 606 607 652 707 740 819 881 927 928 972 
19 3 55 154 276 337 363 392 433 456 497 613 641 729 745 768 786 788 791 874 
23 31 70 200 207 229 287 292 390 411 425 458 485 501 565 581 608 641 762 865 897 907 921 940 
16 22 124 161 173 266 364 375 460 461 507 561 686 749 771 773 936 
15 12 30 70 78 105 145 240 249 316 323 389 488 578 644 991 
17 3 13 46 77 223 230 276 307 324 562 563 583 744 783 844 859 956 
18 19 32 100 251 324 405 428 448 487 542 711 763 790 852 888 917 938 944 
14 0 24 62 120 281 327 374 380 426 541 569 736 801 845 
21 68 153 174 194 252 261 290 321 356 368 448 518 596 652 708 715 797 823 876 879 920 
15 79 96 150 151 334 337 349 434 457 491 540 589 676 858 929 
20 39 40 75 100 159 253 262 287 303 345 402 415 471 534 598 627 678 714 811 873 
24 36 45 54 93 115 171 186 243 355 455 464 487 489 509 523 584 607 639 677 695 723 916 950 952 
18 174 185 306 340 344 368 394 403 456 489 523 642 664 721 779 905 953 991 
23 32 73 205 223 282 349 421 463 465 487 490 495 526 542 572 620 682 720 724 756 760 768 821 
14 6 147 188 224 279 306 397 535 654 679 719 735 797 899 
19 90 105 107 238 262 274 377 498 509 527 546 582 583 618 767 836 849 890 920 
12 17 219 335 389 410 419 481 496 588 727 892 984 
13 75 260 392 434 467 515 629 689 691 737 842 955 963 
23 18 63 146 317 404 439 562 613 623 677 697 707 726 811 852 854 871 918 937 947 954 974 985 
15 107 166 239 269 368 403 446 488 489 533 558 859 911 916 973 
18 46 71 108 110 227 317 326 339 449 573 686 729 750 815 852 887 938 992 
25 167 182 183 209 223 269 334 402 417 437 530 564 606 622 626 633 686 691 825 828 837 861 917 969 982 
19 44 48 156 343 401 528 548 584 607 624 633 639 665 670 792 793 817 894 977 
20 22 102 131 261 313 368 371 391 442 521 526 543 598 645 646 652 847 916 948 978 
23 24 55 79 101 125 127 136 190 259 260 665 708 712 716 769 810 813 822 862 898 940 971 996 
20 14 32 49 89 188 205 241 270 301 388 407 420 505 512 542 634 671 795 799 834 
23 29 99 184 259 288 324 585 611 636 660 687 703 710 728 795 804 839 845 851 871 890 908 994 
27 6 52 128 178 246 304 388 411 437 454 455 457 501 536 590 599 616 627 650 670 822 872 883 885 896 988 990 
24 128 153 320 354 362 365 417 425 455 504 536 545 616 680 717 733 752 763 789 851 853 918 947 975 
21 141 256 268 310 317 368 451 471 499 551 582 760 808 817 865 873 878 920 921 941 994 
13 10 37 69 79 192 291 499 535 603 746 773 798 872 
17 235 263 279 398 427 473 532 617 634 656 672 742 803 805 826 908 971 
18 13 62 73 84 191 333 500 515 530 629 657 680 687 778 834 904 929 972 
20 92 108 128 182 218 219 302 308 423 501 528 584 596 639 641 719 871 887 910 971 
20 34 119 149 174 276 385 487 526 609 624 636 642 643 707 752 802 808 875 931 964 
21 116 142 163 171 174 280 337 444 463 471 560 619 635 636 640 648 658 667 688 767 883 
23 142 204 307 310 312 418 423 440 463 579 582 607 636 672 686 740 757 791 801 832 898 957 973 
19 87 199 229 258 275 372 464 495 578 595 678 707 709 826 870 905 920 939 963 
23 91 184 192 196 198 229 259 306 334 459 483 504 521 610 668 698 764 766 777 784 869 890 898 
20 37 58 114 157 167 262 420 443 528 542 561 623 661 731 804 856 909 926 936 946 
18 23 110 145 160 318 422 490 497 527 556 612 643 758 778 785 812 819 925 
16 0 3 55 77 94 206 344 389 486 602 644 740 746 773 956 980 
16 115 230 251 339 396 400 457 463 480 516 655 835 858 927 949 996 
27 1 48 49 131 136 197 228 256 279 296 312 315 370 473 483 496 505 617 630 634 661 683 690 780 815 841 972 
21 8 64 170 278 336 417 543 551 582 651 652 655 758 759 791 820 850 895 955 965 997 
15 124 150 180 269 277 305 318 472 490 504 691 811 835 868 971 
16 50 75 88 107 149 153 249 342 379 391 418 570 780 891 987 993 
25 109 115 218 242 271 346 349 447 469 471 514 531 574 586 592 624 625 640 730 808 814 905 962 994 995 
21 30 71 104 106 248 382 388 476 497 517 531 568 573 618 633 634 741 754 855 936 983 
23 8 51 54 80 189 242 341 369 402 472 481 514 564 606 615 627 629 634 719 741 783 845 942 
19 47 147 287 364 490 491 515 549 587 627 727 745 764 821 829 874 899 958 966 
22 56 111 160 210 258 287 371 384 411 526 532 546 564 573 605 614 649 737 759 765 876 976 
13 21 23 60 244 503 571 575 611 724 776 787 809 884 
20 27 99 111 176 205 231 239 254 366 474 477 588 628 725 726 732 762 789 831 888 
25 17 32 87 271 309 353 362 385 390 422 464 560 582 588 618 676 687 729 746 775 781 788 807 963 975 
16 25 134 135 143 168 225 230 296 483 577 635 637 656 849 887 894 
17 110 236 252 276 356 378 406 422 494 503 519 586 619 663 711 791 840 
24 31 69 81 83 118 173 232 234 251 264 282 351 368 417 431 437 460 678 717 743 765 839 859 891 
17 1 86 126 139 157 175 198 394 439 442 464 484 544 592 865 919 955 
22 31 47 50 65 180 241 256 331 372 395 485 502 520 526 550 632 647 820 873 945 947 949 
18 44 57 92 173 244 407 411 421 423 453 505 506 585 625 828 880 916 965 
14 25 73 289 355 454 465 487 647 648 824 843 851 872 936 
17 52 122 145 334 430 470 515 633 644 648 792 801 823 853 888 889 973 
30 5 46 47 131 136 194 225 304 314 338 416 466 485 487 508 520 552 556 562 583 635 643 649 727 741 749 769 774 810 836 
18 7 27 87 121 278 312 516 550 665 682 709 714 744 788 908 962 974 978 
17 4 44 95 110 206 254 343 363 436 466 489 534 558 795 912 965 985 
13 80 114 218 236 416 492 595 796 831 842 866 919 975 
18 79 162 297 300 346 478 509 620 621 665 677 688 701 711 747 886 904 982 
20 72 80 82 107 114 325 328 340 356 562 620 658 708 724 754 755 765 820 831 957 
15 0 36 72 158 183 333 510 529 555 714 744 755 790 809 897 
27 54 67 90 102 107 111 146 165 183 212 230 237 241 278 319 379 426 427 453 522 680 707 750 823 866 965 996 
22 7 45 54 109 213 222 236 265 314 388 410 431 503 517 564 583 661 726 798 810 895 911 
21 0 57 87 98 161 323 348 360 424 446 572 587 625 628 666 776 821 940 955 979 990 
22 54 94 167 329 347 453 500 526 554 599 609 616 645 717 787 794 813 849 889 947 976 985 
21 12 37 150 179 185 189 191 304 362 479 488 508 618 624 775 796 818 829 850 914 962 
14 186 191 246 279 388 420 498 718 722 782 799 810 919 944 
14 116 145 475 477 487 622 746 756 761 781 819 917 952 971 
18 29 57 73 88 91 99 243 289 359 382 468 519 561 594 613 676 690 809 
19 145 151 168 219 235 327 362 443 505 527 647 667 682 781 782 800 860 948 994 
24 20 42 59 87 163 171 199 244 274 393 395 513 516 561 568 715 769 779 796 806 952 971 983 984 
17 58 64 99 138 202 249 253 280 526 550 589 709 725 735 797 984 999 
15 21 39 76 87 165 268 325 395 488 532 546 680 818 899 964 
17 43 140 151 221 229 313 316 330 373 395 607 633 762 798 803 841 948 
21 98 121 137 208 264 326 347 367 439 472 532 538 575 608 631 698 735 747 852 907 922 
20 29 74 138 171 250 295 412 433 445 525 539 625 633 637 677 790 793 936 978 998 
22 35 76 77 88 132 219 220 349 380 403 480 487 560 595 629 674 748 774 837 857 913 938 
21 82 211 280 295 325 350 373 412 435 466 468 481 501 552 688 798 799 817 844 929 953 
19 24 61 73 89 94 104 106 242 254 295 396 440 490 493 697 855 878 974 984 
24 14 67 69 146 172 216 295 298 383 386 387 453 519 559 614 681 715 762 842 849 906 923 925 943 
19 26 55 112 222 233 278 324 369 416 423 489 624 653 753 834 869 904 958 967 
35 12 20 31 48 54 75 125 162 172 270 292 357 390 422 434 447 454 502 512 563 583 621 663 724 726 763 773 794 829 835 919 927 937 968 992 
14 2 15 69 147 159 357 574 609 637 652 669 727 922 947 
21 16 95 111 151 263 289 329 456 458 464 506 553 608 635 692 739 839 947 957 968 987 
21 61 98 109 207 215 305 350 389 444 466 471 494 516 554 557 568 583 742 757 792 866 
18 20 21 55 186 235 304 315 342 356 358 472 504 529 714 784 900 937 940 
24 12 83 88 90 103 112 250 260 364 370 391 418 454 542 593 723 735 785 789 795 911 915 950 976 
18 2 74 106 129 283 318 417 456 492 518 560 662 665 725 770 854 877 967 
24 29 93 187 189 215 225 252 283 335 392 393 456 543 570 689 707 753 865 905 928 936 963 977 992 
34 23 41 42 45 50 92 100 108 144 148 223 316 337 366 382 419 476 491 495 510 528 550 636 652 654 730 772 808 843 849 851 942 950 951 
20 125 154 204 314 376 377 384 391 422 473 507 624 638 709 716 759 861 959 980 981 
18 29 91 101 141 182 237 277 333 459 517 572 625 704 708 775 852 877 888 
14 71 89 90 108 335 397 429 521 597 657 712 813 818 893 
21 60 134 136 155 172 283 355 424 469 560 572 673 679 686 736 763 830 865 869 948 971 
18 15 24 78 176 197 277 296 534 548 553 656 693 744 832 850 905 914 964 
23 1 4 36 105 127 149 162 186 257 260 309 354 382 402 535 701 708 728 910 942 974 992 993 
30 1 81 133 148 183 199 216 284 286 307 343 351 390 396 435 436 442 453 501 507 557 563 577 585 609 631 843 868 950 979 
25 19 68 129 185 229 365 386 391 413 422 445 488 494 515 533 583 652 655 700 725 793 938 948 983 992 
10 400 415 444 530 573 574 651 708 713 967 
18 1 2 16 59 100 146 259 336 540 566 569 639 689 726 778 854 865 871 
16 82 113 134 190 299 314 341 557 646 824 828 841 844 853 962 997 
23 1 19 108 114 149 169 190 260 517 538 561 586 636 638 657 668 670 722 745 777 790 877 973 
15 25 41 81 249 432 478 492 514 596 660 718 733 809 961 975 
30 2 36 61 92 130 229 372 388 393 410 445 480 490 515 531 559 560 571 600 609 655 687 699 773 850 874 893 903 954 992 
21 117 268 400 412 435 443 451 524 575 621 683 698 713 744 789 833 852 876 889 932 951 
20 16 48 196 198 281 290 291 315 351 354 432 516 568 616 651 719 756 849 972 979 
20 130 145 164 197 325 336 389 419 432 438 536 558 601 684 699 715 779 808 933 944 
20 38 57 74 133 231 345 356 434 526 577 626 650 652 665 666 687 689 738 850 930 
25 77 114 123 172 192 204 240 298 308 333 354 484 573 582 595 628 679 681 705 727 867 900 917 939 989 
23 40 54 56 85 122 130 135 139 182 292 333 386 415 502 503 527 614 649 697 718 750 763 941 
17 11 59 118 251 263 320 324 340 345 361 518 591 600 676 819 889 899 
24 14 22 45 46 120 126 146 163 206 322 364 400 440 449 505 529 639 752 777 778 782 875 882 885 
13 39 49 189 206 353 379 575 591 612 714 792 949 991 
14 50 172 210 344 358 368 388 432 484 572 653 694 737 896 
17 11 28 99 288 401 412 414 421 543 611 666 761 766 772 875 892 997 
19 6 177 184 203 209 214 237 316 334 420 547 628 659 702 713 719 736 905 931 
27 145 163 182 195 209 313 322 363 370 373 378 417 429 431 498 522 524 576 692 699 718 750 757 764 774 880 953 
17 179 209 218 260 277 296 419 425 529 616 909 914 921 936 956 964 973 
23 102 125 140 149 247 253 300 320 404 491 545 563 587 606 681 696 697 753 754 769 846 879 913 
20 4 39 60 125 184 185 187 235 276 502 521 588 622 676 723 775 849 863 949 982 
16 118 148 152 197 409 464 465 528 537 582 725 834 848 916 937 958 
19 51 70 112 235 238 243 355 418 422 450 461 482 568 744 747 754 908 927 995 
14 22 216 273 295 348 352 488 527 601 658 667 751 790 912 
22 120 147 194 245 408 473 475 492 619 630 640 644 724 745 783 846 874 878 879 918 959 970 
17 129 157 248 271 358 433 483 563 667 676 703 721 726 860 949 983 989 
20 123 208 220 276 317 370 385 406 464 563 665 699 715 779 809 837 838 842 844 969 
20 32 158 234 288 312 392 418 428 502 504 522 576 610 648 666 793 812 821 853 897 
23 46 152 177 208 217 289 293 314 400 401 416 455 527 551 645 660 690 773 774 818 944 984 986 
24 93 111 166 178 204 257 290 327 328 383 528 536 579 604 626 677 686 700 749 820 906 907 912 972 
23 77 97 108 173 198 201 242 291 321 335 381 458 473 481 518 606 631 658 669 687 828 856 897 
15 0 190 277 391 437 576 578 628 742 832 850 928 950 976 979 
23 38 86 89 95 207 217 264 345 371 384 487 519 642 650 656 698 729 767 775 838 846 925 945 
20 29 33 77 116 294 348 401 405 433 436 450 473 474 506 520 607 684 690 718 774 
16 34 78 91 158 278 398 489 517 580 612 668 683 707 748 799 804 
16 164 178 319 387 429 442 478 508 539 598 667 702 762 788 867 906 
