200 1000
471 1259
657 922
647 1461
247 1126
452 693
810 905
511 1034
386 1151
911 1270
160 397
556 1043
443 1284
438 1326
762 1059
554 745
292 621
753 1661
952 1415
869 1209
674 980
538 1322
956 1110
24 123
919 1263
517 819
292 430
897 1031
448 803
985 1308
844 975
281 556
796 966
920 1021
209 802
506 666
672 1569
603 741
168 829
530 1350
701 1383
856 1739
826 1257
26 265
347 1330
443 1379
228 1228
890 1775
342 1178
286 1215
818 854
579 1412
344 1170
708 1044
508 1484
507 1418
925 1637
667 1584
753 1057
623 897
546 563
114 436
431 1127
804 1408
837 1174
3 328
425 714
846 1665
714 869
722 916
324 391
184 624
581 1538
937 1677
552 1302
175 550
736 1679
518 1459
913 1052
383 1062
938 1088
234 767
239 798
103 933
110 419
363 897
326 741
684 1268
674 1289
57 914
204 925
624 1323
569 620
564 1183
878 947
74 326
334 842
750 1612
451 1145
108 276
220 294
559 1533
735 894
352 1026
807 1746
648 1365
441 718
645 1530
72 316
371 623
105 475
466 856
733 1036
272 362
716 1389
564 849
132 1062
665 988
137 549
65 316
179 548
622 1603
540 1479
930 1401
941 1593
217 1206
612 1590
498 1222
299 1059
613 841
69 142
179 959
476 1418
163 518
762 1140
641 1138
1000 1543
566 715
880 1203
355 907
831 1271
545 832
692 934
479 1333
704 1456
204 817
670 1079
963 1202
604 651
765 1426
75 1071
257 406
399 1286
146 343
798 1517
641 901
559 656
885 1743
295 1011
533 635
334 1321
518 1000
619 708
828 1614
875 1605
188 937
414 740
663 884
369 1098
853 1258
70 578
421 958
379 522
190 737
743 1652
36 814
980 1336
412 1278
281 535
145 585
159 1025
367 505
329 1064
287 419
869 1580
109 495
362 378
626 1444
831 973
634 1310
114 425
2 832
361 459
117 834
344 586
116 603
463 897
213 1079
964 1262
693 1480
82 275
879 1039
33 719
725 806
399 773
639 1210
935 1859
651 1237
35 806
67 948
587 637
311 397
170 329
416 1201
25 888
613 1606
48 763
964 1641
222 440
967 1443
651 867
624 993
727 759
884 1298
317 1198
358 812
178 1002
353 567
345 841
679 995
590 787
696 1205
210 700
600 1346
201 990
400 988
559 602
305 714
790 1155
30 78
282 1122
84 775
780 1178
688 914
928 1316
468 595
906 1659
558 1150
611 1475
388 918
241 629
289 964
92 782
527 1447
35 272
742 800
387 440
623 932
402 780
728 1594
349 944
906 1740
948 1437
523 1279
191 598
76 713
70 852
966 1229
823 1776
410 1060
299 1249
243 654
837 1437
738 1457
449 1035
40 590
478 1447
625 970
542 1014
497 906
270 628
561 812
783 1093
868 1812
304 321
51 475
805 1705
140 799
156 1009
644 1290
88 351
959 1102
583 664
38 679
656 1343
912 1044
368 520
147 512
679 1116
939 1125
676 1601
133 370
580 1465
238 520
571 1318
81 959
596 1273
791 1511
502 1155
292 1189
603 1166
783 954
255 1202
213 521
177 579
241 928
70 987
152 957
487 726
952 1624
479 973
657 1146
374 710
997 1709
895 1217
471 1031
255 462
316 1025
309 953
74 1042
213 681
995 1794
69 771
841 1603
694 1670
897 1077
924 1346
502 900
650 1463
948 1576
886 1208
238 912
642 923
754 1358
870 1296
153 923
7 452
295 807
979 1037
36 409
96 847
405 1030
339 1266
693 1458
899 1407
725 908
444 1221
569 644
726 1231
511 1331
273 329
109 377
806 1321
49 732
790 1669
21 960
470 1187
561 1530
657 1481
171 711
574 1187
877 1776
945 1323
759 1425
324 1263
924 1890
567 691
385 576
798 1297
375 838
457 1434
544 1368
571 1378
921 1820
701 736
633 1526
259 573
667 966
567 665
73 515
174 742
888 1225
367 730
862 1144
694 1617
736 770
770 1162
682 973
813 1400
206 271
854 981
812 1261
2 934
199 477
28 207
45 416
970 1939
469 672
215 712
66 246
338 1320
900 1027
9 151
211 548
743 780
18 282
62 391
647 1053
793 1689
420 953
159 1087
750 1034
134 808
78 499
956 1245
686 1441
460 1310
987 1817
287 747
489 734
958 1442
378 1263
656 1362
757 920
456 1453
736 1294
974 1889
364 684
787 1596
322 1293
858 1665
988 1165
497 714
182 250
989 1149
710 1243
899 1449
284 1253
52 603
491 1261
295 745
143 489
651 1334
362 895
632 955
367 828
630 1199
57 964
809 1472
680 1056
308 517
177 455
508 1119
987 1473
343 520
134 328
24 901
108 357
379 1154
543 543
392 412
851 1793
992 1856
68 538
83 349
593 651
47 1044
437 1000
975 1084
241 756
343 1033
800 1463
157 459
114 550
533 1234
21 351
738 859
460 1022
734 942
684 1348
46 331
234 443
307 503
741 1194
676 1193
332 1129
909 1797
209 722
125 621
559 1333
493 1269
196 591
731 928
201 684
864 1411
643 1063
999 1571
766 1598
884 952
13 997
452 1167
508 1442
184 343
686 849
117 962
312 537
722 1258
874 1332
837 1360
85 862
840 1615
456 1245
519 1407
166 666
882 1428
555 1125
211 1114
670 1110
266 964
176 543
470 1260
729 1157
272 477
915 980
576 1468
415 975
767 1670
977 1137
157 1030
394 1363
375 578
901 1129
604 1268
485 1058
201 969
144 1137
428 762
364 376
587 1442
955 1408
703 932
546 1266
728 1143
738 747
792 1012
606 775
292 1121
561 1179
288 673
456 1046
349 643
448 1250
910 999
487 921
504 1145
559 606
260 374
283 1072
280 362
808 1200
564 645
852 1354
276 738
193 205
611 1159
799 1634
122 195
260 855
818 1648
609 690
513 1501
626 1236
299 543
406 967
353 675
807 1166
402 1090
487 695
456 609
292 703
584 814
530 1454
623 1468
778 1318
538 1537
605 1519
978 1750
565 1000
48 290
780 795
849 1598
688 929
390 1293
273 1225
895 1880
874 1751
104 746
649 798
154 155
510 560
925 1433
202 249
388 1233
984 1788
807 1696
91 653
356 521
723 1081
479 1221
57 921
350 1294
63 138
187 979
89 742
777 1755
726 1654
714 1109
390 717
132 883
172 786
500 779
794 949
631 1395
490 928
677 1242
397 1092
403 1283
177 891
990 1550
975 1344
611 1150
229 1193
813 982
194 1161
417 604
155 986
821 1456
883 1354
211 571
788 1410
736 1548
878 1627
361 1022
8 172
79 709
967 1078
741 1497
114 798
609 1195
3 941
989 1911
616 751
534 639
306 375
934 1237
383 712
170 195
763 1131
824 1542
970 1556
577 1281
599 631
626 1220
631 743
141 1020
647 826
864 1792
119 549
459 948
381 728
780 1411
1000 1646
662 990
435 1037
961 1026
302 1075
41 526
672 1045
675 1602
830 1143
383 1109
219 302
819 862
206 1019
387 912
729 1312
884 1288
643 1337
381 405
791 1749
427 611
243 716
434 608
966 1850
504 1057
678 1632
678 739
601 913
509 542
6 591
895 1183
565 973
725 1628
789 1516
810 1168
447 851
213 1135
882 1099
868 946
667 722
165 298
239 614
745 1587
839 1263
992 1409
780 1001
338 881
827 1196
606 694
230 607
437 1161
607 1151
81 756
222 326
956 1900
215 503
502 566
85 540
130 1044
546 1079
931 1818
452 904
912 1119
647 1166
260 1124
975 1835
606 714
463 941
139 750
655 972
408 1387
720 1229
143 821
696 1562
790 1734
151 859
52 838
231 688
842 1547
136 709
793 1721
764 964
376 1046
10 370
180 607
104 223
627 1483
825 1003
485 965
934 1382
133 996
139 805
536 1008
528 866
653 1260
202 1095
301 1257
549 1036
512 569
653 1227
676 1478
182 183
871 1322
650 979
625 940
94 1012
405 697
148 966
544 826
350 561
729 1358
288 677
377 991
908 1547
48 78
434 574
132 310
711 1417
968 1361
744 1109
988 1493
70 1015
928 1128
939 1862
987 1574
935 1101
454 1068
242 1099
860 1234
554 1421
859 1498
980 1185
116 186
877 999
170 290
61 1040
962 1850
68 138
235 339
797 971
372 1243
319 703
443 1189
430 830
118 289
23 941
304 578
169 1041
663 1131
976 1212
589 1234
534 882
519 1138
319 767
200 1075
622 877
685 750
664 1468
181 917
628 951
676 697
25 988
177 1109
796 1335
339 1331
156 658
849 1037
542 749
611 956
332 635
801 1351
191 333
417 468
349 691
483 570
897 1544
598 1467
250 866
707 977
842 1681
290 1088
224 652
716 1370
436 913
33 296
894 1145
733 1195
524 1279
829 1514
955 962
915 1686
767 1325
556 905
851 1331
84 471
834 1002
266 1082
794 1715
573 1471
720 740
102 527
742 989
444 962
703 881
881 1727
873 1500
564 1439
121 964
723 1133
306 416
426 704
523 1155
305 709
99 1077
72 709
470 1079
315 1255
842 1490
272 870
714 1192
773 1094
379 777
945 1081
660 998
157 456
784 1420
892 1162
703 748
306 967
611 1368
420 589
987 1733
852 1153
676 941
372 1075
247 573
161 615
96 169
979 1705
1 633
706 1615
880 1464
971 1426
670 676
619 935
362 1117
436 537
143 351
478 494
365 688
939 1435
243 375
550 1463
323 1000
119 559
678 1239
841 1835
86 575
923 1011
784 1387
487 858
175 218
126 385
879 1143
558 1435
500 711
863 1376
146 304
571 1326
560 1224
428 1324
81 417
621 645
685 1205
433 675
336 361
928 1349
461 672
324 798
752 831
871 1769
150 566
46 298
492 788
878 1164
312 337
624 1480
483 1163
631 863
9 729
410 899
937 1542
234 446
951 1316
496 590
698 1311
859 1240
436 925
405 564
43 222
912 1649
52 500
258 1139
466 1447
815 1541
4 144
794 939
1000 1896
613 1152
409 573
178 491
964 1713
333 436
330 792
886 1067
291 572
191 664
955 1240
174 282
264 630
466 515
27 41 59 90 139 147 234 265 326 327 496 537 560 589 616 653 672 681 720 745 771 792 841 872 873 943 962 966 
25 33 45 47 78 81 160 255 284 332 338 372 389 404 419 480 553 630 734 746 794 797 814 833 874 882 
19 20 30 63 145 205 280 295 326 442 467 481 612 626 721 767 829 856 916 986 
20 67 72 123 173 175 216 308 309 424 462 491 495 537 550 555 592 638 764 770 857 
17 37 61 68 74 193 277 285 333 354 463 632 700 702 747 777 825 950 
15 287 432 488 518 547 551 627 706 713 728 749 881 925 949 961 
21 37 66 70 205 221 307 343 355 377 381 572 589 610 698 731 756 815 841 911 942 978 
17 20 26 187 204 374 634 669 775 828 829 847 892 909 972 977 982 999 
17 19 80 230 248 253 254 270 452 472 494 562 611 624 635 789 915 916 
23 34 45 184 248 281 431 454 530 596 637 700 706 708 739 743 791 792 800 879 943 963 977 995 
19 25 128 212 248 255 330 357 438 471 527 528 531 534 608 664 693 703 763 771 
23 68 75 78 84 87 93 107 117 204 290 389 492 506 590 641 716 737 776 830 880 890 897 919 
20 19 272 324 357 376 416 423 434 455 514 552 570 603 760 817 830 833 924 939 951 
19 9 202 267 369 413 427 433 454 471 514 528 570 576 585 648 709 745 817 982 
15 56 58 73 164 222 282 297 469 526 654 712 720 744 788 811 
19 15 150 171 311 376 390 453 569 595 643 714 803 906 910 928 947 985 988 996 
26 13 38 64 74 85 174 183 197 344 407 431 493 507 508 516 627 649 657 687 710 717 773 855 913 926 954 
23 57 110 116 159 172 185 249 250 259 329 365 474 511 585 638 722 736 747 765 833 843 895 987 
16 98 109 125 137 158 165 312 344 404 517 552 554 590 748 762 945 
16 44 62 101 127 217 243 262 293 306 435 459 499 533 675 717 904 
16 120 155 226 238 248 347 408 501 526 587 692 730 745 748 867 901 
15 31 44 137 196 201 239 268 374 457 527 648 710 755 768 991 
21 79 152 159 250 287 317 339 343 359 463 465 523 572 668 724 818 827 857 917 923 983 
19 40 126 134 148 216 447 582 593 630 648 662 716 735 765 838 873 926 941 972 
18 11 54 118 135 175 205 330 333 443 482 515 561 739 773 802 935 937 988 
19 104 158 183 186 206 217 229 393 425 441 471 529 586 625 713 790 800 832 836 
23 21 37 60 218 354 356 388 416 462 463 472 474 559 562 583 591 757 778 796 814 897 902 954 
24 241 276 293 311 316 345 355 431 475 525 538 554 560 565 580 636 638 758 840 849 909 916 991 993 
25 5 36 53 102 103 148 182 352 390 401 472 513 537 618 677 685 694 697 705 724 849 850 891 932 938 
13 68 119 157 261 336 343 408 428 436 492 617 679 835 
15 49 119 126 135 157 216 328 535 590 616 678 777 793 817 939 
17 67 161 195 234 266 299 334 409 532 654 679 695 751 808 842 887 917 
31 23 67 96 103 146 177 196 305 318 331 415 426 441 482 527 550 597 607 610 624 629 633 653 654 671 713 765 776 812 843 909 
28 30 55 127 145 164 166 200 207 226 319 405 446 471 473 480 497 599 650 666 707 725 805 817 831 865 908 968 986 
14 88 112 188 231 315 346 362 394 424 542 551 676 766 791 
20 201 250 273 314 369 396 470 475 496 585 619 653 774 794 807 882 904 918 962 974 
16 117 161 169 468 514 526 529 564 602 671 730 898 941 953 960 998 
17 38 220 255 373 394 452 467 483 662 688 749 805 819 845 868 870 993 
14 0 33 232 279 288 313 346 399 410 514 713 750 860 862 
23 21 43 56 71 87 115 119 140 383 453 489 493 500 626 637 642 701 707 736 788 789 871 948 
16 122 126 196 226 229 465 493 522 635 666 755 786 888 901 975 980 
16 101 221 241 281 297 325 346 375 553 556 635 732 736 748 822 973 
30 89 181 187 188 224 272 313 326 338 410 415 427 479 530 531 554 567 572 667 713 744 752 764 858 864 871 912 937 952 991 
12 36 109 136 486 555 594 724 728 764 766 907 918 
20 7 26 58 115 116 213 457 458 482 487 533 615 626 633 634 640 682 713 900 952 
22 30 77 98 235 259 328 363 369 418 428 544 553 606 651 678 710 738 766 851 910 966 969 
19 53 103 113 208 222 245 261 298 305 409 506 608 648 735 751 887 930 951 953 
21 5 193 210 219 326 366 388 399 415 476 482 637 650 685 688 866 876 907 934 960 976 
22 44 137 157 176 182 217 287 350 371 375 510 561 597 633 640 645 665 699 768 848 853 906 
25 36 56 117 162 199 200 203 211 233 285 347 387 503 617 649 714 716 738 751 877 893 902 930 995 998 
22 29 44 73 125 132 234 269 284 460 468 476 541 551 601 606 641 720 770 774 904 939 951 
29 87 126 134 135 154 214 252 259 261 348 380 403 544 552 565 584 608 617 646 659 686 709 753 773 830 900 906 910 925 
17 13 193 224 286 313 438 470 545 574 584 600 630 806 812 875 887 926 
20 45 117 121 159 234 363 642 655 659 689 780 802 820 854 872 943 947 948 974 993 
17 0 44 63 146 171 315 378 392 426 477 519 569 704 725 776 878 949 
22 11 73 83 144 160 181 211 221 282 312 325 327 332 383 406 414 511 652 816 851 881 894 
19 3 138 143 220 294 467 491 520 584 606 607 652 707 740 819 881 927 928 972 
19 3 55 154 276 337 363 392 433 456 497 613 641 729 745 768 786 788 791 874 
23 31 70 200 207 229 287 292 390 411 425 458 485 501 565 581 608 641 762 865 897 907 921 940 
16 22 124 161 173 266 364 375 460 461 507 561 686 749 771 773 936 
15 12 30 70 78 105 145 240 249 316 323 389 488 578 644 991 
17 3 13 46 77 223 230 276 307 324 562 563 583 744 783 844 859 956 
18 19 32 100 251 324 405 428 448 487 542 711 763 790 852 888 917 938 944 
14 0 24 62 120 281 327 374 380 426 541 569 736 801 845 
21 68 153 174 194 252 261 290 321 356 368 448 518 596 652 708 715 797 823 876 879 920 
15 79 96 150 151 334 337 349 434 457 491 540 589 676 858 929 
20 39 40 75 100 159 253 262 287 303 345 402 415 471 534 598 627 678 714 811 873 
24 36 45 54 93 115 171 186 243 355 455 464 487 489 509 523 584 607 639 677 695 723 916 950 952 
18 174 185 306 340 344 368 394 403 456 489 523 642 664 721 779 905 953 991 
23 32 73 205 223 282 349 421 463 465 487 490 495 526 542 572 620 682 720 724 756 760 768 821 
14 6 147 188 224 279 306 397 535 654 679 719 735 797 899 
19 90 105 107 238 262 274 377 498 509 527 546 582 583 618 767 836 849 890 920 
12 17 219 335 389 410 419 481 496 588 727 892 984 
13 75 260 392 434 467 515 629 689 691 737 842 955 963 
23 18 63 146 317 404 439 562 613 623 677 697 707 726 811 852 854 871 918 937 947 954 974 985 
15 107 166 239 269 368 403 446 488 489 533 558 859 911 916 973 
18 46 71 108 110 227 317 326 339 449 573 686 729 750 815 852 887 938 992 
25 167 182 183 209 223 269 334 402 417 437 530 564 606 622 626 633 686 691 825 828 837 861 917 969 982 
19 44 48 156 343 401 528 548 584 607 624 633 639 665 670 792 793 817 894 977 
20 22 102 131 261 313 368 371 391 442 521 526 543 598 645 646 652 847 916 948 978 
23 24 55 79 101 125 127 136 190 259 260 665 708 712 716 769 810 813 822 862 898 940 971 996 
20 14 32 49 89 188 205 241 270 301 388 407 420 505 512 542 634 671 795 799 834 
23 29 99 184 259 288 324 585 611 636 660 687 703 710 728 795 804 839 845 851 871 890 908 994 
27 6 52 128 178 246 304 388 411 437 454 455 457 501 536 590 599 616 627 650 670 822 872 883 885 896 988 990 
24 128 153 320 354 362 365 417 425 455 504 536 545 616 680 717 733 752 763 789 851 853 918 947 975 
21 141 256 268 310 317 368 451 471 499 551 582 760 808 817 865 873 878 920 921 941 994 
13 10 37 69 79 192 291 499 535 603 746 773 798 872 
17 235 263 279 398 427 473 532 617 634 656 672 742 803 805 826 908 971 
18 13 62 73 84 191 333 500 515 530 629 657 680 687 778 834 904 929 972 
20 92 108 128 182 218 219 302 308 423 501 528 584 596 639 641 719 871 887 910 971 
20 34 119 149 174 276 385 487 526 609 624 636 642 643 707 752 802 808 875 931 964 
21 116 142 163 171 174 280 337 444 463 471 560 619 635 636 640 648 658 667 688 767 883 
23 142 204 307 310 312 418 423 440 463 579 582 607 636 672 686 740 757 791 801 832 898 957 973 
19 87 199 229 258 275 372 464 495 578 595 678 707 709 826 870 905 920 939 963 
23 91 184 192 196 198 229 259 306 334 459 483 504 521 610 668 698 764 766 777 784 869 890 898 
20 37 58 114 157 167 262 420 443 528 542 561 623 661 731 804 856 909 926 936 946 
18 23 110 145 160 318 422 490 497 527 556 612 643 758 778 785 812 819 925 
16 0 3 55 77 94 206 344 389 486 602 644 740 746 773 956 980 
16 115 230 251 339 396 400 457 463 480 516 655 835 858 927 949 996 
27 1 48 49 131 136 197 228 256 279 296 312 315 370 473 483 496 505 617 630 634 661 683 690 780 815 841 972 
21 8 64 170 278 336 417 543 551 582 651 652 655 758 759 791 820 850 895 955 965 997 
15 124 150 180 269 277 305 318 472 490 504 691 811 835 868 971 
16 50 75 88 107 149 153 249 342 379 391 418 570 780 891 987 993 
25 109 115 218 242 271 346 349 447 469 471 514 531 574 586 592 624 625 640 730 808 814 905 962 994 995 
21 30 71 104 106 248 382 388 476 497 517 531 568 573 618 633 634 741 754 855 936 983 
23 8 51 54 80 189 242 341 369 402 472 481 514 564 606 615 627 629 634 719 741 783 845 942 
19 47 147 287 364 490 491 515 549 587 627 727 745 764 821 829 874 899 958 966 
22 56 111 160 210 258 287 371 384 411 526 532 546 564 573 605 614 649 737 759 765 876 976 
13 21 23 60 244 503 571 575 611 724 776 787 809 884 
20 27 99 111 176 205 231 239 254 366 474 477 588 628 725 726 732 762 789 831 888 
25 17 32 87 271 309 353 362 385 390 422 464 560 582 588 618 676 687 729 746 775 781 788 807 963 975 
16 25 134 135 143 168 225 230 296 483 577 635 637 656 849 887 894 
17 110 236 252 276 356 378 406 422 494 503 519 586 619 663 711 791 840 
24 31 69 81 83 118 173 232 234 251 264 282 351 368 417 431 437 460 678 717 743 765 839 859 891 
17 1 86 126 139 157 175 198 394 439 442 464 484 544 592 865 919 955 
22 31 47 50 65 180 241 256 331 372 395 485 502 520 526 550 632 647 820 873 945 947 949 
18 44 57 92 173 244 407 411 421 423 453 505 506 585 625 828 880 916 965 
14 25 73 289 355 454 465 487 647 648 824 843 851 872 936 
17 52 122 145 334 430 470 515 633 644 648 792 801 823 853 888 889 973 
30 5 46 47 131 136 194 225 304 314 338 416 466 485 487 508 520 552 556 562 583 635 643 649 727 741 749 769 774 810 836 
18 7 27 87 121 278 312 516 550 665 682 709 714 744 788 908 962 974 978 
17 4 44 95 110 206 254 343 363 436 466 489 534 558 795 912 965 985 
13 80 114 218 236 416 492 595 796 831 842 866 919 975 
18 79 162 297 300 346 478 509 620 621 665 677 688 701 711 747 886 904 982 
20 72 80 82 107 114 325 328 340 356 562 620 658 708 724 754 755 765 820 831 957 
15 0 36 72 158 183 333 510 529 555 714 744 755 790 809 897 
27 54 67 90 102 107 111 146 165 183 212 230 237 241 278 319 379 426 427 453 522 680 707 750 823 866 965 996 
22 7 45 54 109 213 222 236 265 314 388 410 431 503 517 564 583 661 726 798 810 895 911 
21 0 57 87 98 161 323 348 360 424 446 572 587 625 628 666 776 821 940 955 979 990 
22 54 94 167 329 347 453 500 526 554 599 609 616 645 717 787 794 813 849 889 947 976 985 
21 12 37 150 179 185 189 191 304 362 479 488 508 618 624 775 796 818 829 850 914 962 
14 186 191 246 279 388 420 498 718 722 782 799 810 919 944 
14 116 145 475 477 487 622 746 756 761 781 819 917 952 971 
18 29 57 73 88 91 99 243 289 359 382 468 519 561 594 613 676 690 809 
19 145 151 168 219 235 327 362 443 505 527 647 667 682 781 782 800 860 948 994 
24 20 42 59 87 163 171 199 244 274 393 395 513 516 561 568 715 769 779 796 806 952 971 983 984 
17 58 64 99 138 202 249 253 280 526 550 589 709 725 735 797 984 999 
15 21 39 76 87 165 268 325 395 488 532 546 680 818 899 964 
17 43 140 151 221 229 313 316 330 373 395 607 633 762 798 803 841 948 
21 98 121 137 208 264 326 347 367 439 472 532 538 575 608 631 698 735 747 852 907 922 
20 29 74 138 171 250 295 412 433 445 525 539 625 633 637 677 790 793 936 978 998 
22 35 76 77 88 132 219 220 349 380 403 480 487 560 595 629 674 748 774 837 857 913 938 
21 82 211 280 295 325 350 373 412 435 466 468 481 501 552 688 798 799 817 844 929 953 
19 24 61 73 89 94 104 106 242 254 295 396 440 490 493 697 855 878 974 984 
24 14 67 69 146 172 216 295 298 383 386 387 453 519 559 614 681 715 762 842 849 906 923 925 943 
19 26 55 112 222 233 278 324 369 416 423 489 624 653 753 834 869 904 958 967 
35 12 20 31 48 54 75 125 162 172 270 292 357 390 422 434 447 454 502 512 563 583 621 663 724 726 763 773 794 829 835 919 927 937 968 992 
14 2 15 69 147 159 357 574 609 637 652 669 727 922 947 
21 16 95 111 151 263 289 329 456 458 464 506 553 608 635 692 739 839 947 957 968 987 
21 61 98 109 207 215 305 350 389 444 466 471 494 516 554 557 568 583 742 757 792 866 
18 20 21 55 186 235 304 315 342 356 358 472 504 529 714 784 900 937 940 
24 12 83 88 90 103 112 250 260 364 370 391 418 454 542 593 723 735 785 789 795 911 915 950 976 
18 2 74 106 129 283 318 417 456 492 518 560 662 665 725 770 854 877 967 
24 29 93 187 189 215 225 252 283 335 392 393 456 543 570 689 707 753 865 905 928 936 963 977 992 
34 23 41 42 45 50 92 100 108 144 148 223 316 337 366 382 419 476 491 495 510 528 550 636 652 654 730 772 808 843 849 851 942 950 951 
20 125 154 204 314 376 377 384 391 422 473 507 624 638 709 716 759 861 959 980 981 
18 29 91 101 141 182 237 277 333 459 517 572 625 704 708 775 852 877 888 
14 71 89 90 108 335 397 429 521 597 657 712 813 818 893 
21 60 134 136 155 172 283 355 424 469 560 572 673 679 686 736 763 830 865 869 948 971 
18 15 24 78 176 197 277 296 534 548 553 656 693 744 832 850 905 914 964 
23 1 4 36 105 127 149 162 186 257 260 309 354 382 402 535 701 708 728 910 942 974 992 993 
30 1 81 133 148 183 199 216 284 286 307 343 351 390 396 435 436 442 453 501 507 557 563 577 585 609 631 843 868 950 979 
25 19 68 129 185 229 365 386 391 413 422 445 488 494 515 533 583 652 655 700 725 793 938 948 983 992 
10 400 415 444 530 573 574 651 708 713 967 
18 1 2 16 59 100 146 259 336 540 566 569 639 689 726 778 854 865 871 
16 82 113 134 190 299 314 341 557 646 824 828 841 844 853 962 997 
23 1 19 108 114 149 169 190 260 517 538 561 586 636 638 657 668 670 722 745 777 790 877 973 
15 25 41 81 249 432 478 492 514 596 660 718 733 809 961 975 
30 2 36 61 92 130 229 372 388 393 410 445 480 490 515 531 559 560 571 600 609 655 687 699 773 850 874 893 903 954 992 
21 117 268 400 412 435 443 451 524 575 621 683 698 713 744 789 833 852 876 889 932 951 
20 16 48 196 198 281 290 291 315 351 354 432 516 568 616 651 719 756 849 972 979 
20 130 145 164 197 325 336 389 419 432 438 536 558 601 684 699 715 779 808 933 944 
20 38 57 74 133 231 345 356 434 526 577 626 650 652 665 666 687 689 738 850 930 
25 77 114 123 172 192 204 240 298 308 333 354 484 573 582 595 628 679 681 705 727 867 900 917 939 989 
23 40 54 56 85 122 130 135 139 182 292 333 386 415 502 503 527 614 649 697 718 750 763 941 
17 11 59 118 251 263 320 324 340 345 361 518 591 600 676 819 889 899 
24 14 22 45 46 120 126 146 163 206 322 364 400 440 449 505 529 639 752 777 778 782 875 882 885 
13 39 49 189 206 353 379 575 591 612 714 792 949 991 
14 50 172 210 344 358 368 388 432 484 572 653 694 737 896 
17 11 28 99 288 401 412 414 421 543 611 666 761 766 772 875 892 997 
19 6 177 184 203 209 214 237 316 334 420 547 628 659 702 713 719 736 905 931 
27 145 163 182 195 209 313 322 363 370 373 378 417 429 431 498 522 524 576 692 699 718 750 757 764 774 880 953 
17 179 209 218 260 277 296 419 425 529 616 909 914 921 936 956 964 973 
23 102 125 140 149 247 253 300 320 404 491 545 563 587 606 681 696 697 753 754 769 846 879 913 
20 4 39 60 125 184 185 187 235 276 502 521 588 622 676 723 775 849 863 949 982 
16 118 148 152 197 409 464 465 528 537 582 725 834 848 916 937 958 
19 51 70 112 235 238 243 355 418 422 450 461 482 568 744 747 754 908 927 995 
14 22 216 273 295 348 352 488 527 601 658 667 751 790 912 
22 120 147 194 245 408 473 475 492 619 630 640 644 724 745 783 846 874 878 879 918 959 970 
17 129 157 248 271 358 433 483 563 667 676 703 721 726 860 949 983 989 
20 123 208 220 276 317 370 385 406 464 563 665 699 715 779 809 837 838 842 844 969 
20 32 158 234 288 312 392 418 428 502 504 522 576 610 648 666 793 812 821 853 897 
23 46 152 177 208 217 289 293 314 400 401 416 455 527 551 645 660 690 773 774 818 944 984 986 
24 93 111 166 178 204 257 290 327 328 383 528 536 579 604 626 677 686 700 749 820 906 907 912 972 
23 77 97 108 173 198 201 242 291 321 335 381 458 473 481 518 606 631 658 669 687 828 856 897 
15 0 190 277 391 437 576 578 628 742 832 850 928 950 976 979 
23 38 86 89 95 207 217 264 345 371 384 487 519 642 650 656 698 729 767 775 838 846 925 945 
20 29 33 77 116 294 348 401 405 433 436 450 473 474 506 520 607 684 690 718 774 
16 34 78 91 158 278 398 489 517 580 612 668 683 707 748 799 804 
16 164 178 319 387 429 442 478 508 539 598 667 702 762 788 867 906 
