200 1000
471 1259
657 922
647 1461
247 1126
452 693
810 905
511 1034
386 1151
911 1270
160 397
556 1043
443 1284
438 1326
762 1059
554 745
292 621
753 1661
952 1415
869 1209
674 980
538 1322
956 1110
24 123
919 1263
517 819
292 430
897 1031
448 803
985 1308
844 975
281 556
796 966
920 1021
209 802
506 666
672 1569
603 741
168 829
530 1350
701 1383
856 1739
826 1257
26 265
347 1330
443 1379
228 1228
890 1775
342 1178
286 1215
818 854
579 1412
344 1170
708 1044
508 1484
507 1418
925 1637
667 1584
753 1057
623 897
546 563
114 436
431 1127
804 1408
837 1174
3 328
425 714
846 1665
714 869
722 916
324 391
184 624
581 1538
937 1677
552 1302
175 550
736 1679
518 1459
913 1052
383 1062
938 1088
234 767
239 798
103 933
110 419
363 897
326 741
684 1268
674 1289
57 914
204 925
624 1323
569 620
564 1183
878 947
74 326
334 842
750 1612
451 1145
108 276
220 294
559 1533
735 894
352 1026
807 1746
648 1365
441 718
645 1530
72 316
371 623
105 475
466 856
733 1036
272 362
716 1389
564 849
132 1062
665 988
137 549
65 316
179 548
622 1603
540 1479
930 1401
941 1593
217 1206
612 1590
498 1222
299 1059
613 841
69 142
179 959
476 1418
163 518
762 1140
641 1138
1000 1543
566 715
880 1203
355 907
831 1271
545 832
692 934
479 1333
704 1456
204 817
670 1079
963 1202
604 651
765 1426
75 1071
257 406
399 1286
146 343
798 1517
641 901
559 656
885 1743
295 1011
533 635
334 1321
518 1000
619 708
828 1614
875 1605
188 937
414 740
663 884
369 1098
853 1258
70 578
421 958
379 522
190 737
743 1652
36 814
980 1336
412 1278
281 535
145 585
159 1025
367 505
329 1064
287 419
869 1580
109 495
362 378
626 1444
831 973
634 1310
114 425
2 832
361 459
117 834
344 586
116 603
463 897
213 1079
964 1262
693 1480
82 275
879 1039
33 719
725 806
399 773
639 1210
935 1859
651 1237
35 806
67 948
587 637
311 397
170 329
416 1201
25 888
613 1606
48 763
964 1641
222 440
967 1443
651 867
624 993
727 759
884 1298
317 1198
358 812
178 1002
353 567
345 841
679 995
590 787
696 1205
210 700
600 1346
201 990
400 988
559 602
305 714
790 1155
30 78
282 1122
84 775
780 1178
688 914
928 1316
468 595
906 1659
558 1150
611 1475
388 918
241 629
289 964
92 782
527 1447
35 272
742 800
387 440
623 932
402 780
728 1594
349 944
906 1740
948 1437
523 1279
191 598
76 713
70 852
966 1229
823 1776
410 1060
299 1249
243 654
837 1437
738 1457
449 1035
40 590
478 1447
625 970
542 1014
497 906
270 628
561 812
783 1093
868 1812
304 321
51 475
805 1705
140 799
156 1009
644 1290
88 351
959 1102
583 664
38 679
656 1343
912 1044
368 520
147 512
679 1116
939 1125
676 1601
133 370
580 1465
238 520
571 1318
81 959
596 1273
791 1511
502 1155
292 1189
603 1166
783 954
255 1202
213 521
177 579
241 928
70 987
152 957
487 726
952 1624
479 973
657 1146
374 710
997 1709
895 1217
471 1031
255 462
316 1025
309 953
74 1042
213 681
995 1794
69 771
841 1603
694 1670
897 1077
924 1346
502 900
650 1463
948 1576
886 1208
238 912
642 923
754 1358
870 1296
153 923
7 452
295 807
979 1037
36 409
96 847
405 1030
339 1266
693 1458
899 1407
725 908
444 1221
569 644
726 1231
511 1331
273 329
109 377
806 1321
49 732
790 1669
21 960
470 1187
561 1530
657 1481
171 711
574 1187
877 1776
945 1323
759 1425
324 1263
924 1890
567 691
385 576
798 1297
375 838
457 1434
544 1368
571 1378
921 1820
701 736
633 1526
259 573
667 966
567 665
73 515
174 742
888 1225
367 730
862 1144
694 1617
736 770
770 1162
682 973
813 1400
206 271
854 981
812 1261
2 934
199 477
28 207
45 416
970 1939
469 672
215 712
66 246
338 1320
900 1027
9 151
211 548
743 780
18 282
62 391
647 1053
793 1689
420 953
159 1087
750 1034
134 808
78 499
956 1245
686 1441
460 1310
987 1817
287 747
489 734
958 1442
378 1263
656 1362
757 920
456 1453
736 1294
974 1889
364 684
787 1596
322 1293
858 1665
988 1165
497 714
182 250
989 1149
710 1243
899 1449
284 1253
52 603
491 1261
295 745
143 489
651 1334
362 895
632 955
367 828
630 1199
57 964
809 1472
680 1056
308 517
177 455
508 1119
987 1473
343 520
134 328
24 901
108 357
379 1154
543 543
392 412
851 1793
992 1856
68 538
83 349
593 651
47 1044
437 1000
975 1084
241 756
343 1033
800 1463
157 459
114 550
533 1234
21 351
738 859
460 1022
734 942
684 1348
46 331
234 443
307 503
741 1194
676 1193
332 1129
909 1797
209 722
125 621
559 1333
493 1269
196 591
731 928
201 684
864 1411
643 1063
999 1571
766 1598
884 952
13 997
452 1167
508 1442
184 343
686 849
117 962
312 537
722 1258
874 1332
837 1360
85 862
840 1615
456 1245
519 1407
166 666
882 1428
555 1125
211 1114
670 1110
266 964
176 543
470 1260
729 1157
272 477
915 980
576 1468
415 975
767 1670
977 1137
157 1030
394 1363
375 578
901 1129
604 1268
485 1058
201 969
144 1137
428 762
364 376
587 1442
955 1408
703 932
546 1266
728 1143
738 747
792 1012
606 775
292 1121
561 1179
288 673
456 1046
349 643
448 1250
910 999
487 921
504 1145
559 606
260 374
283 1072
280 362
808 1200
564 645
852 1354
276 738
193 205
611 1159
799 1634
122 195
260 855
818 1648
609 690
513 1501
626 1236
299 543
406 967
353 675
807 1166
402 1090
487 695
456 609
292 703
584 814
530 1454
623 1468
778 1318
538 1537
605 1519
978 1750
565 1000
48 290
780 795
849 1598
688 929
390 1293
273 1225
895 1880
874 1751
104 746
649 798
154 155
510 560
925 1433
202 249
388 1233
984 1788
807 1696
91 653
356 521
723 1081
479 1221
57 921
350 1294
63 138
187 979
89 742
777 1755
726 1654
714 1109
390 717
132 883
172 786
500 779
794 949
631 1395
490 928
677 1242
397 1092
403 1283
177 891
990 1550
975 1344
611 1150
229 1193
813 982
194 1161
417 604
155 986
821 1456
883 1354
211 571
788 1410
736 1548
878 1627
361 1022
8 172
79 709
967 1078
741 1497
114 798
609 1195
3 941
989 1911
616 751
534 639
306 375
934 1237
383 712
170 195
763 1131
824 1542
970 1556
577 1281
599 631
626 1220
631 743
141 1020
647 826
864 1792
119 549
459 948
381 728
780 1411
1000 1646
662 990
435 1037
961 1026
302 1075
41 526
672 1045
675 1602
830 1143
383 1109
219 302
819 862
206 1019
387 912
729 1312
884 1288
643 1337
381 405
791 1749
427 611
243 716
434 608
966 1850
504 1057
678 1632
678 739
601 913
509 542
6 591
895 1183
565 973
725 1628
789 1516
810 1168
447 851
213 1135
882 1099
868 946
667 722
165 298
239 614
745 1587
839 1263
992 1409
780 1001
338 881
827 1196
606 694
230 607
437 1161
607 1151
81 756
222 326
956 1900
215 503
502 566
85 540
130 1044
546 1079
931 1818
452 904
912 1119
647 1166
260 1124
975 1835
606 714
463 941
139 750
655 972
408 1387
720 1229
143 821
696 1562
790 1734
151 859
52 838
231 688
842 1547
136 709
793 1721
764 964
376 1046
10 370
180 607
104 223
627 1483
825 1003
485 965
934 1382
133 996
139 805
536 1008
528 866
653 1260
202 1095
301 1257
549 1036
512 569
653 1227
676 1478
182 183
871 1322
650 979
625 940
94 1012
405 697
148 966
544 826
350 561
729 1358
288 677
377 991
908 1547
48 78
434 574
132 310
711 1417
968 1361
744 1109
988 1493
70 1015
928 1128
939 1862
987 1574
935 1101
454 1068
242 1099
860 1234
554 1421
859 1498
980 1185
116 186
877 999
170 290
61 1040
962 1850
68 138
235 339
797 971
372 1243
319 703
443 1189
430 830
118 289
23 941
304 578
169 1041
663 1131
976 1212
589 1234
534 882
519 1138
319 767
200 1075
622 877
685 750
664 1468
181 917
628 951
676 697
25 988
177 1109
796 1335
339 1331
156 658
849 1037
542 749
611 956
332 635
801 1351
191 333
417 468
349 691
483 570
897 1544
598 1467
250 866
707 977
842 1681
290 1088
224 652
716 1370
436 913
33 296
894 1145
733 1195
524 1279
829 1514
955 962
915 1686
767 1325
556 905
851 1331
84 471
834 1002
266 1082
794 1715
573 1471
720 740
102 527
742 989
444 962
703 881
881 1727
873 1500
564 1439
121 964
723 1133
306 416
426 704
523 1155
305 709
99 1077
72 709
470 1079
315 1255
842 1490
272 870
714 1192
773 1094
379 777
945 1081
660 998
157 456
784 1420
892 1162
703 748
306 967
611 1368
420 589
987 1733
852 1153
676 941
372 1075
247 573
161 615
96 169
979 1705
1 633
706 1615
880 1464
971 1426
670 676
619 935
362 1117
436 537
143 351
478 494
365 688
939 1435
243 375
550 1463
323 1000
119 559
678 1239
841 1835
86 575
923 1011
784 1387
487 858
175 218
126 385
879 1143
558 1435
500 711
863 1376
146 304
571 1326
560 1224
428 1324
81 417
621 645
685 1205
433 675
336 361
928 1349
461 672
324 798
752 831
871 1769
150 566
46 298
492 788
878 1164
312 337
624 1480
483 1163
631 863
9 729
410 899
937 1542
234 446
951 1316
496 590
698 1311
859 1240
436 925
405 564
43 222
912 1649
52 500
258 1139
466 1447
815 1541
4 144
794 939
1000 1896
613 1152
409 573
178 491
964 1713
333 436
330 792
886 1067
291 572
191 664
955 1240
174 282
264 630
466 515
19 10 131 216 365 409 428 475 510 645 667 669 686 687 722 762 807 835 875 982 
34 30 60 95 111 115 133 157 174 184 188 201 214 234 256 259 265 285 304 379 452 461 473 488 528 604 689 816 820 855 858 896 924 970 993 
16 6 73 83 152 153 170 289 291 388 453 473 490 669 721 813 995 
14 7 82 364 456 535 554 560 568 570 578 687 756 867 974 
20 5 63 156 288 446 455 475 492 549 679 823 830 836 858 922 926 936 961 981 992 
30 13 21 58 77 149 169 240 270 289 297 306 373 397 466 471 544 641 671 731 828 830 875 879 895 915 921 944 958 976 992 
25 85 372 382 485 495 507 514 579 581 635 656 690 742 778 790 799 845 850 858 860 886 898 921 923 947 
21 18 27 97 130 133 138 140 150 189 215 330 356 450 515 577 695 726 746 911 938 967 
18 59 133 158 298 340 524 535 552 605 606 636 670 705 714 716 743 929 949 
16 2 186 222 227 356 428 468 482 588 628 745 783 814 874 981 986 
25 13 57 67 102 116 263 304 306 318 345 383 445 458 500 573 650 651 704 737 777 826 875 895 907 973 
15 39 41 99 162 427 529 543 569 664 730 733 744 853 920 923 
26 19 26 71 140 180 210 213 251 312 329 384 441 479 496 574 624 729 789 811 814 835 838 868 881 911 980 
25 8 151 155 185 265 338 363 416 465 504 508 537 559 628 678 685 706 730 763 777 844 888 910 961 985 
12 1 93 284 531 533 554 603 620 632 743 766 810 
23 39 46 73 98 143 201 287 323 358 444 474 502 504 513 529 623 636 651 726 745 789 794 880 
19 24 55 211 235 238 341 354 396 469 471 500 505 507 569 613 641 723 871 922 
15 67 96 97 116 132 205 240 253 307 384 607 664 687 839 841 
20 13 183 235 290 308 317 394 438 476 537 542 565 679 764 775 857 897 914 931 962 
12 12 56 147 269 277 420 545 624 860 896 916 955 
25 1 19 107 162 197 215 250 341 396 420 474 477 498 501 519 554 566 621 642 707 720 790 820 840 997 
21 82 138 166 183 198 220 288 290 324 371 372 408 438 491 493 554 659 819 869 933 959 
13 18 95 204 353 392 541 566 670 765 903 912 949 959 
13 55 163 203 252 284 285 457 534 622 635 818 820 963 
22 26 39 73 88 113 119 169 337 350 357 509 555 580 602 627 726 791 828 849 905 940 951 
11 12 112 145 210 282 286 375 425 522 799 841 
19 7 23 101 106 139 158 366 439 568 573 596 656 791 848 857 882 891 895 930 
15 67 69 151 214 271 281 315 333 345 511 634 713 727 859 881 
19 44 64 88 128 221 471 479 512 556 565 630 681 700 715 784 867 925 952 981 
18 34 171 218 245 279 438 517 524 557 567 676 790 799 805 838 868 890 951 
14 2 173 205 227 233 298 306 400 477 582 680 822 862 967 
21 39 42 58 60 72 138 180 343 410 454 464 570 669 680 755 759 859 913 949 975 996 
22 113 182 202 215 246 248 301 352 449 455 501 529 541 556 604 610 695 724 815 852 860 933 
12 24 63 124 139 143 367 380 464 475 618 636 976 
25 84 140 177 237 273 276 289 311 335 359 376 449 493 542 551 567 653 716 760 821 886 920 965 980 999 
23 81 83 112 117 206 421 454 569 590 596 635 637 657 667 686 689 711 730 887 926 932 949 986 
25 39 59 100 145 149 153 158 163 181 235 236 237 336 422 481 502 507 520 547 571 608 721 761 783 958 
20 39 96 137 198 211 266 289 328 384 386 418 437 471 504 598 621 743 821 839 952 
22 60 95 248 352 356 368 383 544 579 619 621 629 661 712 726 740 788 822 876 905 963 982 
19 82 98 125 134 141 159 221 321 340 343 376 429 601 620 646 702 859 883 970 
16 67 87 120 151 332 346 397 464 513 531 555 583 701 943 964 998 
27 28 77 103 132 167 169 185 212 238 364 370 422 445 468 481 517 543 555 557 564 626 661 748 749 858 941 945 
22 11 98 108 119 142 183 220 323 335 377 411 453 492 498 535 670 678 812 847 870 943 949 
12 81 131 206 234 250 284 302 316 525 553 634 639 
22 70 96 149 373 466 496 528 634 648 655 659 694 736 742 743 800 804 835 851 871 943 984 
20 118 164 271 348 361 364 454 593 601 689 730 736 747 753 814 840 842 851 909 996 
19 15 72 168 255 271 373 517 584 585 631 679 692 723 729 843 849 854 920 942 
15 62 74 129 243 399 422 434 484 575 620 629 690 698 727 749 
16 92 174 187 210 234 273 347 383 461 492 540 589 660 822 903 981 
21 21 53 164 173 342 346 415 427 503 514 520 523 529 540 635 644 760 837 862 989 992 
21 17 44 49 98 374 447 463 506 550 575 652 678 680 770 775 859 899 903 944 963 968 
20 15 143 147 193 245 268 301 390 411 458 597 626 729 750 775 854 879 885 980 983 
19 109 188 205 237 330 376 383 386 430 511 548 637 755 788 812 863 932 938 990 
25 13 143 167 247 302 448 490 520 528 556 564 641 726 733 752 761 763 784 814 818 829 833 893 938 940 
16 90 109 161 194 329 405 424 463 572 669 714 723 740 746 805 917 
17 207 297 299 303 423 453 463 470 499 522 723 727 756 789 870 931 984 
17 50 149 192 223 231 274 428 430 434 448 498 539 647 737 818 822 978 
19 56 57 246 252 266 270 286 321 432 457 614 671 684 791 825 829 855 873 876 
18 0 26 113 159 199 231 244 534 626 641 646 706 768 859 878 881 937 990 
20 97 139 148 177 247 254 267 315 373 563 594 669 676 775 783 803 860 886 913 991 
23 10 160 187 188 203 396 401 435 496 561 613 635 660 688 728 783 803 862 891 945 948 958 975 
25 107 154 250 255 278 314 395 435 521 597 620 638 661 679 773 785 789 809 825 829 841 870 897 912 942 
17 87 89 95 99 270 281 366 389 578 587 594 670 706 749 796 969 985 
24 4 94 96 145 219 281 342 344 402 469 569 584 690 717 723 726 727 743 744 767 788 920 973 984 
22 0 43 71 106 151 173 221 308 411 417 530 547 571 582 639 692 703 808 902 959 988 994 
25 29 39 54 59 72 81 100 155 179 245 275 290 358 366 503 530 686 721 735 744 774 811 836 854 990 
18 116 154 263 270 276 278 291 336 365 520 576 606 654 733 885 939 959 980 
12 141 379 397 423 521 605 678 681 684 742 811 835 
14 16 125 236 435 436 555 652 672 674 740 802 833 884 971 
24 49 116 239 276 292 305 307 326 365 419 435 467 512 604 644 663 718 753 781 837 890 900 972 993 
18 9 57 155 185 196 212 240 242 251 418 433 536 684 776 784 838 910 988 
18 14 45 87 108 128 137 142 201 230 264 274 298 398 490 539 794 871 927 
20 36 95 201 209 217 263 334 353 433 437 579 614 625 631 733 774 832 945 990 998 
16 256 274 286 388 429 453 484 517 571 653 656 728 848 856 952 974 
16 0 68 89 139 177 214 224 297 368 421 429 585 610 735 869 894 
23 31 86 95 167 194 221 269 272 294 324 327 341 367 411 420 467 543 562 708 736 745 926 982 
20 35 47 116 184 186 192 273 322 372 499 559 581 637 660 699 714 741 812 919 943 
17 28 91 234 252 272 282 297 313 321 453 518 535 618 712 846 849 972 
18 162 253 254 288 349 390 406 532 594 608 639 675 707 736 752 777 874 935 
19 31 75 200 256 268 282 350 374 447 518 528 533 563 578 707 715 774 832 852 
20 59 76 99 159 225 240 325 356 366 480 627 634 747 757 784 875 891 905 934 974 
16 20 256 257 278 378 418 609 717 732 783 786 803 866 887 888 989 
31 12 66 87 119 160 193 244 250 274 375 386 481 485 518 539 621 622 654 658 708 722 727 750 756 779 781 804 817 921 974 982 
23 22 26 100 172 211 297 327 335 486 498 534 538 598 606 638 678 686 762 824 835 939 945 947 
20 6 161 229 368 413 415 450 491 534 654 655 665 707 709 738 774 780 969 972 977 
24 7 12 32 53 67 70 72 96 172 196 241 342 344 477 500 622 624 696 712 811 893 933 944 982 
8 190 426 435 439 830 933 943 953 
18 16 47 90 202 334 483 505 548 652 656 683 745 801 813 843 889 908 970 
25 70 74 157 160 208 272 308 353 355 374 375 518 636 648 684 685 736 743 763 788 797 836 904 942 969 
10 122 266 298 513 551 791 800 819 828 888 
21 41 158 246 247 291 306 360 369 425 437 458 593 615 746 759 798 799 887 906 931 966 
24 29 66 77 110 126 149 170 192 202 321 341 402 554 570 583 607 727 740 751 768 792 874 878 994 
9 262 426 479 601 691 834 885 889 910 
19 54 68 69 75 234 318 385 519 521 538 620 702 717 721 746 772 776 935 997 
20 3 4 38 47 86 114 142 176 181 228 290 326 340 390 487 574 780 834 850 901 
25 106 128 161 187 226 349 367 372 380 393 413 416 418 421 447 472 501 539 558 635 760 795 806 862 931 
15 58 120 185 249 258 308 319 489 505 560 671 711 766 812 880 
18 55 122 135 214 246 297 333 392 571 572 595 617 620 640 657 670 772 834 
19 47 183 239 280 293 354 355 418 456 504 541 605 632 683 693 788 838 861 883 
13 109 152 220 243 300 444 454 468 504 595 785 816 880 
24 48 91 103 163 216 220 229 250 257 296 388 434 473 501 562 594 639 710 761 774 876 954 965 969 
19 1 17 50 95 101 130 277 286 301 357 464 476 547 731 770 802 819 851 956 
17 25 45 86 185 262 322 349 382 459 509 539 608 623 699 946 989 991 
19 62 66 151 171 269 348 465 499 671 719 765 779 831 839 924 961 962 985 989 
24 6 14 25 116 127 129 130 153 178 275 310 369 436 480 523 586 617 650 680 742 796 801 856 977 
23 8 79 119 150 170 195 302 357 366 383 385 410 454 459 585 586 623 665 792 901 904 933 993 
11 17 106 108 300 321 497 530 623 820 839 903 
20 4 35 121 170 172 239 288 306 362 460 480 556 557 655 724 734 737 758 836 908 
19 32 43 120 141 184 186 250 261 263 325 379 465 467 531 626 760 780 834 872 
22 102 123 144 236 261 344 345 419 471 542 554 578 602 643 683 697 750 842 857 878 934 971 
15 9 44 61 73 184 377 382 434 502 576 623 711 809 958 999 
28 20 25 48 75 107 122 140 156 157 159 185 210 221 235 237 262 273 424 433 472 516 552 575 751 785 838 974 997 
22 40 56 187 260 323 398 403 422 537 586 609 620 628 660 681 695 789 790 791 870 894 950 
21 14 96 157 223 283 294 304 325 462 494 563 593 637 701 743 744 799 863 932 959 966 
20 42 189 253 339 379 396 419 441 483 519 578 627 630 653 712 808 836 853 904 942 
20 8 33 42 81 169 194 199 253 382 398 404 417 446 456 595 706 760 779 810 903 
24 106 188 277 297 300 364 368 391 433 442 483 528 530 673 793 819 835 841 888 898 911 921 946 984 
14 24 54 155 193 218 234 331 334 353 482 568 678 739 950 
17 13 56 58 88 212 222 244 311 455 474 545 732 874 929 971 973 987 
14 10 228 241 359 372 455 471 500 511 527 769 788 849 961 
18 26 68 275 282 288 434 436 445 490 532 580 594 741 880 897 904 962 995 
24 28 40 55 64 207 219 261 280 306 307 346 383 466 497 611 616 634 643 679 714 755 858 865 944 
17 76 90 213 321 361 403 474 510 561 696 718 755 793 812 853 894 975 
21 49 57 134 198 224 245 282 326 348 365 414 529 532 634 673 674 739 801 824 834 885 
24 110 144 195 245 265 353 384 444 461 467 472 488 529 531 595 614 666 806 837 848 890 895 986 991 
27 8 16 48 117 176 199 204 223 228 288 307 337 360 365 444 596 604 622 640 651 714 727 741 758 793 807 865 
20 4 51 138 202 203 226 244 255 265 316 385 682 688 739 828 831 876 903 915 975 
20 2 118 215 298 376 421 433 446 480 520 548 604 718 727 728 757 758 806 849 896 
27 129 167 225 252 254 323 402 422 456 464 483 604 605 625 650 731 738 743 773 781 787 815 836 863 890 979 987 
16 5 37 207 232 277 323 328 364 398 600 737 743 795 830 836 928 
16 62 157 400 416 491 526 545 588 593 636 687 706 746 758 894 923 
27 25 111 121 136 139 174 201 269 283 310 328 343 455 494 540 568 584 662 711 771 800 827 835 845 877 917 985 
24 29 204 205 220 251 253 309 331 410 490 519 530 549 681 712 736 742 747 818 875 897 928 960 971 
12 12 21 212 238 324 416 542 603 758 844 882 976 
16 31 84 130 200 208 279 400 409 412 512 558 789 821 962 964 983 
17 43 55 171 201 226 254 431 457 464 517 722 734 750 779 814 838 903 
12 192 234 454 566 629 731 739 775 850 859 865 889 
24 273 299 380 391 424 434 506 526 580 599 622 669 742 744 745 767 861 878 883 885 893 951 961 980 
14 2 69 342 486 561 600 672 683 697 698 769 782 961 994 
17 168 183 196 246 247 324 340 453 627 638 643 805 840 864 932 955 982 
15 3 49 104 132 144 291 306 605 635 653 660 759 819 972 998 
17 3 9 52 141 217 220 539 590 682 721 811 824 859 863 927 972 978 
26 1 123 132 193 197 202 255 290 309 374 447 453 538 553 589 637 659 683 748 807 811 851 937 939 951 969 
25 5 16 55 68 86 108 153 160 173 222 232 269 270 344 440 454 533 536 557 621 729 761 762 848 877 
15 41 222 281 367 382 401 486 552 587 620 625 651 738 759 963 
23 7 105 241 274 295 309 316 320 333 345 409 414 471 521 534 550 563 564 669 715 719 742 748 
22 20 27 137 168 176 292 310 311 340 366 399 436 460 462 474 650 776 802 807 855 856 934 
19 15 242 275 333 343 498 503 532 562 650 713 766 801 811 813 864 886 927 948 
23 0 3 120 140 141 184 224 317 333 387 466 473 546 567 633 716 724 744 848 850 949 957 970 
20 54 89 299 385 417 453 518 536 598 607 662 697 710 742 778 792 840 872 893 964 
21 27 33 42 54 156 261 308 378 417 426 465 493 579 624 661 685 732 734 782 815 931 
14 189 210 238 283 336 370 492 523 528 580 872 885 987 988 
27 4 30 98 183 227 233 261 341 364 386 387 487 500 536 548 550 555 599 634 638 756 764 805 826 832 835 858 
22 47 110 121 167 241 259 261 333 353 377 468 499 522 534 572 582 613 701 757 768 778 973 
20 29 66 78 186 224 438 475 551 578 606 647 680 799 802 874 879 942 952 978 981 
17 27 102 142 194 213 262 334 348 397 417 556 663 696 794 928 959 986 
26 40 66 82 83 190 195 223 267 451 460 465 482 535 610 657 713 795 800 818 828 866 877 882 900 949 984 
20 28 100 154 268 284 347 416 433 480 494 603 642 668 682 698 712 722 852 873 965 
15 54 257 424 437 566 637 669 711 764 834 851 876 877 947 966 
27 24 28 184 192 288 306 355 365 410 473 499 522 559 560 608 640 681 754 776 778 821 848 849 937 941 949 960 
21 67 111 114 123 203 206 239 285 378 396 403 445 547 593 682 688 853 861 894 921 958 
23 34 48 71 112 129 150 174 211 236 267 322 374 425 446 508 561 606 655 792 821 887 911 967 
20 2 168 171 175 245 347 401 436 476 502 519 682 706 707 708 815 818 843 915 958 
23 41 88 128 134 172 206 261 289 342 404 463 479 508 509 549 594 605 636 848 850 946 947 980 
27 97 106 128 133 169 186 190 225 246 264 307 312 386 536 554 567 581 600 644 652 716 762 794 797 802 820 910 
25 15 49 50 52 71 142 204 226 272 279 301 573 593 624 645 695 756 839 874 893 904 913 924 925 953 
16 272 389 456 470 479 554 582 669 672 709 742 757 804 820 854 892 
23 36 50 175 209 213 247 269 341 373 389 472 479 481 659 671 799 893 906 907 916 942 970 998 
23 14 101 137 211 225 372 378 399 476 549 604 609 612 616 642 722 777 837 860 902 906 920 964 
23 30 54 117 131 154 194 264 299 305 309 322 355 384 391 540 566 597 602 640 834 913 944 960 
16 234 251 410 507 510 517 555 592 607 646 651 654 695 732 804 987 
20 27 51 66 97 124 159 191 230 380 387 445 463 505 544 640 645 698 699 818 819 
18 25 31 91 126 152 365 377 487 583 723 726 744 803 812 925 930 949 958 
13 18 283 469 517 541 558 625 693 774 775 837 922 980 
20 47 89 117 262 271 281 307 317 409 412 446 518 670 726 747 767 800 809 899 973 
28 22 33 81 103 128 149 165 168 262 264 293 310 321 409 427 448 450 467 570 596 650 671 702 704 720 861 922 932 
23 0 6 19 69 70 86 117 135 152 216 280 453 515 611 649 662 663 721 755 798 837 864 977 
21 1 40 130 175 208 292 382 418 506 580 612 620 661 673 728 783 818 834 934 968 971 
20 24 285 300 338 358 373 384 528 560 563 621 652 700 706 715 724 775 852 886 893 
11 12 109 146 383 506 630 636 684 749 816 909 
15 3 69 97 197 346 354 372 394 615 620 713 792 819 866 970 
9 87 193 444 480 737 743 878 886 953 
28 61 118 150 167 212 213 221 227 288 327 355 417 443 484 538 548 564 567 587 599 711 758 808 864 918 936 949 960 
25 48 65 68 78 99 175 252 288 337 381 457 466 479 491 535 543 604 625 708 738 777 793 806 935 960 
13 46 354 540 572 677 770 842 858 873 887 889 914 935 
18 146 210 231 275 276 334 359 495 508 525 556 562 611 659 696 725 971 985 
19 57 107 235 269 315 335 423 493 514 560 639 642 700 724 751 801 914 920 950 
18 48 104 137 295 309 375 381 385 399 412 498 524 547 670 728 756 765 988 
16 55 158 167 298 417 419 449 459 546 597 757 790 796 946 981 983 
21 30 70 138 179 192 195 210 244 283 347 420 440 495 542 581 612 664 748 757 844 846 
12 152 258 270 433 561 569 579 620 675 697 755 831 
13 56 129 299 351 393 419 454 568 638 691 726 888 950 
14 18 303 325 425 433 445 448 516 538 574 634 759 823 912 
20 32 76 118 178 212 250 271 322 519 562 570 658 711 763 776 813 898 907 945 950 
16 80 85 189 291 321 333 351 354 420 478 485 713 722 771 860 895 
21 17 24 99 211 236 249 364 416 444 458 463 534 541 579 620 685 742 774 823 879 979 
26 14 66 74 101 149 229 230 250 251 258 340 382 416 482 517 538 578 581 638 812 829 892 912 954 983 991 
18 106 170 278 303 315 324 423 463 471 560 595 666 769 800 877 896 960 999 
18 68 92 131 248 263 350 409 472 591 709 783 813 923 936 962 969 986 997 
18 0 5 60 61 86 150 244 387 407 421 439 669 703 797 965 980 983 987 
