200 1000
711 716
329 827
833 1399
905 1260
400 1166
280 1075
504 1299
381 1038
450 1364
835 926
720 866
783 1433
368 925
9 733
872 1810
726 1300
792 978
77 740
561 818
173 558
868 912
513 1064
111 398
957 1210
503 699
980 1196
501 1064
452 776
388 708
691 955
646 1038
771 1235
263 1261
857 1055
94 688
234 290
869 1611
192 530
390 1280
849 1301
707 1483
240 811
699 890
167 786
227 536
977 1479
148 152
435 537
947 1064
726 1635
390 1017
738 1374
123 143
375 627
123 923
2 246
234 1123
177 615
351 733
326 918
152 988
508 766
182 315
335 803
243 341
816 1319
959 1471
71 1019
115 1022
893 1624
542 1504
862 1674
384 1054
556 921
928 1380
236 816
317 1211
387 899
772 1615
375 430
702 748
199 477
29 374
230 400
891 1202
70 429
572 725
480 494
801 1332
923 1227
900 969
775 816
142 948
878 1253
89 1081
703 1210
573 1034
511 1010
420 1296
399 843
511 1371
868 1191
355 438
528 980
121 150
138 403
40 222
253 528
300 894
199 1082
297 412
455 931
782 1131
84 222
420 457
466 1431
651 1460
600 1317
304 314
416 830
286 1087
602 1187
639 1452
873 1394
924 1872
997 1778
979 1064
151 334
320 923
786 905
510 682
740 1059
900 930
441 1246
99 929
498 1308
31 1005
569 1494
736 1615
39 220
938 1144
223 546
469 1134
764 1745
333 438
218 291
391 1077
505 959
438 922
759 1604
110 811
24 866
347 489
280 1269
935 1836
382 698
861 863
326 689
943 1930
664 674
152 876
664 1193
825 1652
372 626
191 1146
224 332
86 856
236 636
579 744
294 504
850 1673
468 559
186 1183
433 1329
824 1692
904 1753
294 1227
392 772
730 1725
672 1398
560 651
66 370
119 486
953 977
597 1439
860 925
300 1206
25 88
828 939
931 1267
411 1253
100 1031
793 1258
866 1465
42 259
432 488
347 936
348 1278
857 1042
316 316
537 1034
40 1009
550 958
80 992
66 234
239 648
157 1082
508 1333
314 518
267 464
727 816
833 1007
827 1327
971 1942
324 768
962 1660
663 691
70 421
212 1180
728 1566
236 357
525 724
985 1428
628 1461
710 759
878 1099
17 867
955 1820
341 526
966 1863
454 665
558 731
220 449
136 188
295 558
52 347
761 796
811 1711
700 1653
821 1580
304 1125
904 1191
861 1675
699 776
951 1495
354 478
489 511
226 327
448 806
901 1139
737 1596
58 293
246 655
974 1834
385 1294
544 936
12 329
502 697
44 652
728 1437
624 1159
229 285
185 529
933 1631
964 1471
483 703
735 1537
494 798
48 402
278 354
631 1083
898 1040
573 1498
399 717
48 964
561 635
565 765
770 1434
113 729
134 855
363 598
616 1122
310 985
625 1286
126 747
793 872
91 322
979 1145
170 606
248 768
461 1152
749 1366
610 1073
599 1297
233 815
631 983
845 1542
243 718
153 371
831 1233
758 923
716 1381
332 486
201 1045
194 454
998 1002
487 615
310 699
825 1300
368 513
344 661
358 376
255 707
381 1167
82 799
747 1079
556 694
550 704
145 417
845 1055
666 832
791 1602
305 1095
808 1089
621 1317
656 1135
945 1787
887 1484
546 960
399 1229
873 1178
204 420
472 1059
132 714
477 1325
777 1243
790 1426
118 1019
821 1425
113 362
255 411
389 1116
294 560
425 1184
428 1113
96 730
18 840
403 613
88 417
477 574
887 1501
374 511
759 1316
462 1065
660 1377
189 273
186 1041
289 667
880 1532
556 1101
901 1092
264 638
470 626
718 1212
220 809
34 912
521 1112
332 508
943 1923
774 860
569 1506
174 537
278 929
447 717
779 961
757 996
71 788
509 801
128 958
972 1634
349 560
787 1746
236 828
280 750
761 1590
202 1035
385 894
578 1165
390 1112
811 1605
212 620
82 932
264 602
1000 1063
765 1079
560 782
686 1601
648 1422
18 463
359 1189
335 1082
10 297
398 850
237 855
454 1397
346 753
508 543
590 1387
540 1397
576 635
536 626
215 300
884 1016
930 1649
188 417
147 386
624 916
141 1088
984 1373
835 1556
642 1415
842 1410
294 830
192 1153
83 471
602 855
610 1332
956 1549
45 942
646 1385
32 42
14 68
332 1055
21 572
428 1262
241 363
252 444
32 392
7 91
627 874
722 1067
216 1032
896 1087
231 586
182 364
954 1237
558 1182
232 875
143 836
851 1289
766 1561
910 1719
80 690
951 1750
42 870
982 1687
873 1617
609 850
495 1166
868 1220
303 696
676 1303
96 903
423 495
945 1826
245 524
902 1331
987 1720
5 363
902 1336
620 1540
559 985
674 1616
828 1331
538 1158
338 991
316 678
677 1350
522 1237
914 985
709 1335
821 1622
484 1069
295 832
801 984
614 816
733 1358
292 703
24 249
664 1315
211 324
809 1163
345 1146
490 576
513 786
730 1462
479 893
971 1081
504 790
620 1313
803 1051
720 967
772 1460
716 1012
943 1805
70 879
879 1548
131 265
307 407
957 1854
320 1164
402 1069
511 1442
821 1142
566 706
817 1039
932 1267
836 1553
370 549
86 259
887 1246
928 1401
321 477
819 1571
868 1603
517 1041
13 20
386 474
922 942
88 722
435 1399
118 741
814 1456
927 1913
388 1200
599 874
818 1525
533 1100
846 1478
37 957
685 1056
295 747
105 993
349 902
405 776
879 1667
72 1060
948 1497
377 781
318 445
87 121
19 952
812 1153
403 636
406 991
103 273
40 872
889 1053
599 795
927 1326
1 823
667 1353
948 1049
955 1381
484 1137
394 1139
975 1330
465 791
234 896
118 479
91 110
447 812
632 735
290 593
146 571
101 195
97 410
461 1448
419 510
573 1166
178 743
321 555
938 1643
862 1085
947 1864
797 1298
978 1610
959 1818
197 433
146 596
189 431
61 424
973 1805
640 705
61 434
441 552
542 805
617 868
538 1007
67 887
100 273
363 1147
309 1036
273 1024
645 1447
125 1068
518 717
225 1046
82 560
508 747
456 727
428 1377
670 1585
923 1635
277 1198
96 759
197 600
88 708
148 973
316 764
686 1396
653 1371
854 1810
982 1305
105 206
775 864
727 1429
256 744
592 850
430 841
140 1000
611 1177
192 1149
326 866
484 933
922 1746
504 773
916 1792
958 1095
676 1118
210 1088
734 1492
577 841
549 748
533 1100
172 576
616 736
733 1524
210 446
393 1229
275 964
337 630
556 746
404 562
415 488
131 409
890 1638
159 437
204 810
17 43
671 783
813 1468
87 437
730 1543
200 242
922 1592
68 178
629 780
987 1914
630 1188
359 502
717 1208
513 517
94 596
599 1062
333 425
949 1767
592 1010
392 674
861 1488
436 927
952 1419
457 1123
403 910
771 1575
858 1693
214 229
723 1604
859 1251
889 1346
929 1569
309 771
66 405
513 514
167 954
456 894
231 426
533 844
437 1408
731 1057
540 851
97 304
187 460
517 675
856 1186
799 1736
296 1139
376 383
304 1169
245 685
917 973
108 712
21 954
294 969
413 711
534 728
649 1214
248 567
852 939
896 1162
845 1094
25 970
23 946
331 889
880 1773
847 1742
940 1422
450 587
864 1072
480 750
680 1352
525 863
701 1042
120 609
278 954
331 580
440 1355
290 1253
276 387
466 1311
483 1123
564 1428
161 525
199 934
32 622
653 884
281 1267
912 1484
329 1114
616 1340
582 1147
507 630
730 748
288 509
672 1590
448 859
822 1471
88 234
349 568
76 648
243 697
282 624
492 1360
220 1085
71 309
797 1311
769 1323
712 1332
677 992
445 993
589 1193
315 888
476 1199
342 588
83 303
43 414
383 1327
321 506
941 1126
908 1664
791 985
905 1334
523 1241
8 574
266 1207
43 628
944 1009
642 692
78 997
713 1472
43 1003
955 1907
574 1040
136 949
621 910
255 547
843 964
988 1318
628 776
929 1267
340 1250
47 446
515 1197
723 1227
771 1159
777 960
151 925
633 1552
658 1649
179 270
926 1433
181 674
98 941
556 1124
613 974
687 1225
447 1283
154 922
601 749
24 674
340 671
182 807
903 1824
72 184
961 1132
121 469
272 428
344 413
218 1023
592 1211
981 1517
724 1079
427 1091
468 1018
835 1530
428 877
703 1465
415 701
471 901
134 913
632 1048
480 1008
965 1147
817 1676
674 691
592 1133
573 699
319 730
284 1150
776 804
664 1222
175 1021
220 493
225 648
65 892
310 330
576 845
286 831
828 836
65 977
531 717
810 1790
145 675
925 1125
688 1433
23 844
331 363
152 626
723 966
999 1444
213 522
699 1622
532 1010
55 230
533 1500
391 482
818 1666
799 1357
887 1705
758 1734
714 1208
969 1552
288 976
247 780
683 1169
351 835
685 1256
985 1032
428 712
702 914
17 551
489 610
132 1089
773 1773
958 1417
319 836
617 1077
483 1150
953 1740
241 460
41 230
75 1065
880 1439
869 1394
261 902
216 581
611 1082
329 682
640 1157
891 1880
260 437
664 1093
832 1126
393 780
815 900
774 1342
798 1226
353 586
778 1253
167 853
748 1493
63 689
955 1569
821 837
78 392
705 745
833 1789
94 1030
608 1292
152 662
456 620
808 1073
684 741
486 1379
297 916
907 1580
380 738
182 712
282 513
607 1226
872 1792
619 1012
568 640
57 822
217 248
409 821
604 1533
328 672
588 1497
925 1150
794 1178
685 1685
788 852
677 1177
256 721
720 1188
663 1596
548 882
805 1690
250 968
26 46
233 552
828 1503
539 1534
428 750
895 1892
940 1000
549 1355
329 414
117 1066
26 97
883 1876
549 1110
949 1568
277 509
532 549
318 756
913 1905
937 1722
122 308
676 792
34 218
687 802
593 1527
673 824
387 1158
956 1832
563 855
282 863
546 754
538 1503
848 1810
483 983
472 1104
788 793
363 598
499 1244
905 937
485 905
745 1152
19 10 131 216 365 409 428 475 510 645 667 669 686 687 722 762 807 835 875 982 
34 30 60 95 111 115 133 157 174 184 188 201 214 234 256 259 265 285 304 379 452 461 473 488 528 604 689 816 820 855 858 896 924 970 993 
16 6 73 83 152 153 170 289 291 388 453 473 490 669 721 813 995 
14 7 82 364 456 535 554 560 568 570 578 687 756 867 974 
20 5 63 156 288 446 455 475 492 549 679 823 830 836 858 922 926 936 961 981 992 
30 13 21 58 77 149 169 240 270 289 297 306 373 397 466 471 544 641 671 731 828 830 875 879 895 915 921 944 958 976 992 
25 85 372 382 485 495 507 514 579 581 635 656 690 742 778 790 799 845 850 858 860 886 898 921 923 947 
21 18 27 97 130 133 138 140 150 189 215 330 356 450 515 577 695 726 746 911 938 967 
18 59 133 158 298 340 524 535 552 605 606 636 670 705 714 716 743 929 949 
16 2 186 222 227 356 428 468 482 588 628 745 783 814 874 981 986 
25 13 57 67 102 116 263 304 306 318 345 383 445 458 500 573 650 651 704 737 777 826 875 895 907 973 
15 39 41 99 162 427 529 543 569 664 730 733 744 853 920 923 
26 19 26 71 140 180 210 213 251 312 329 384 441 479 496 574 624 729 789 811 814 835 838 868 881 911 980 
25 8 151 155 185 265 338 363 416 465 504 508 537 559 628 678 685 706 730 763 777 844 888 910 961 985 
12 1 93 284 531 533 554 603 620 632 743 766 810 
23 39 46 73 98 143 201 287 323 358 444 474 502 504 513 529 623 636 651 726 745 789 794 880 
19 24 55 211 235 238 341 354 396 469 471 500 505 507 569 613 641 723 871 922 
15 67 96 97 116 132 205 240 253 307 384 607 664 687 839 841 
20 13 183 235 290 308 317 394 438 476 537 542 565 679 764 775 857 897 914 931 962 
12 12 56 147 269 277 420 545 624 860 896 916 955 
25 1 19 107 162 197 215 250 341 396 420 474 477 498 501 519 554 566 621 642 707 720 790 820 840 997 
21 82 138 166 183 198 220 288 290 324 371 372 408 438 491 493 554 659 819 869 933 959 
13 18 95 204 353 392 541 566 670 765 903 912 949 959 
13 55 163 203 252 284 285 457 534 622 635 818 820 963 
22 26 39 73 88 113 119 169 337 350 357 509 555 580 602 627 726 791 828 849 905 940 951 
11 12 112 145 210 282 286 375 425 522 799 841 
19 7 23 101 106 139 158 366 439 568 573 596 656 791 848 857 882 891 895 930 
15 67 69 151 214 271 281 315 333 345 511 634 713 727 859 881 
19 44 64 88 128 221 471 479 512 556 565 630 681 700 715 784 867 925 952 981 
18 34 171 218 245 279 438 517 524 557 567 676 790 799 805 838 868 890 951 
14 2 173 205 227 233 298 306 400 477 582 680 822 862 967 
21 39 42 58 60 72 138 180 343 410 454 464 570 669 680 755 759 859 913 949 975 996 
22 113 182 202 215 246 248 301 352 449 455 501 529 541 556 604 610 695 724 815 852 860 933 
12 24 63 124 139 143 367 380 464 475 618 636 976 
25 84 140 177 237 273 276 289 311 335 359 376 449 493 542 551 567 653 716 760 821 886 920 965 980 999 
23 81 83 112 117 206 421 454 569 590 596 635 637 657 667 686 689 711 730 887 926 932 949 986 
25 39 59 100 145 149 153 158 163 181 235 236 237 336 422 481 502 507 520 547 571 608 721 761 783 958 
20 39 96 137 198 211 266 289 328 384 386 418 437 471 504 598 621 743 821 839 952 
22 60 95 248 352 356 368 383 544 579 619 621 629 661 712 726 740 788 822 876 905 963 982 
19 82 98 125 134 141 159 221 321 340 343 376 429 601 620 646 702 859 883 970 
16 67 87 120 151 332 346 397 464 513 531 555 583 701 943 964 998 
27 28 77 103 132 167 169 185 212 238 364 370 422 445 468 481 517 543 555 557 564 626 661 748 749 858 941 945 
22 11 98 108 119 142 183 220 323 335 377 411 453 492 498 535 670 678 812 847 870 943 949 
12 81 131 206 234 250 284 302 316 525 553 634 639 
22 70 96 149 373 466 496 528 634 648 655 659 694 736 742 743 800 804 835 851 871 943 984 
20 118 164 271 348 361 364 454 593 601 689 730 736 747 753 814 840 842 851 909 996 
19 15 72 168 255 271 373 517 584 585 631 679 692 723 729 843 849 854 920 942 
15 62 74 129 243 399 422 434 484 575 620 629 690 698 727 749 
16 92 174 187 210 234 273 347 383 461 492 540 589 660 822 903 981 
21 21 53 164 173 342 346 415 427 503 514 520 523 529 540 635 644 760 837 862 989 992 
21 17 44 49 98 374 447 463 506 550 575 652 678 680 770 775 859 899 903 944 963 968 
20 15 143 147 193 245 268 301 390 411 458 597 626 729 750 775 854 879 885 980 983 
19 109 188 205 237 330 376 383 386 430 511 548 637 755 788 812 863 932 938 990 
25 13 143 167 247 302 448 490 520 528 556 564 641 726 733 752 761 763 784 814 818 829 833 893 938 940 
16 90 109 161 194 329 405 424 463 572 669 714 723 740 746 805 917 
17 207 297 299 303 423 453 463 470 499 522 723 727 756 789 870 931 984 
17 50 149 192 223 231 274 428 430 434 448 498 539 647 737 818 822 978 
19 56 57 246 252 266 270 286 321 432 457 614 671 684 791 825 829 855 873 876 
18 0 26 113 159 199 231 244 534 626 641 646 706 768 859 878 881 937 990 
20 97 139 148 177 247 254 267 315 373 563 594 669 676 775 783 803 860 886 913 991 
23 10 160 187 188 203 396 401 435 496 561 613 635 660 688 728 783 803 862 891 945 948 958 975 
25 107 154 250 255 278 314 395 435 521 597 620 638 661 679 773 785 789 809 825 829 841 870 897 912 942 
17 87 89 95 99 270 281 366 389 578 587 594 670 706 749 796 969 985 
24 4 94 96 145 219 281 342 344 402 469 569 584 690 717 723 726 727 743 744 767 788 920 973 984 
22 0 43 71 106 151 173 221 308 411 417 530 547 571 582 639 692 703 808 902 959 988 994 
25 29 39 54 59 72 81 100 155 179 245 275 290 358 366 503 530 686 721 735 744 774 811 836 854 990 
18 116 154 263 270 276 278 291 336 365 520 576 606 654 733 885 939 959 980 
12 141 379 397 423 521 605 678 681 684 742 811 835 
14 16 125 236 435 436 555 652 672 674 740 802 833 884 971 
24 49 116 239 276 292 305 307 326 365 419 435 467 512 604 644 663 718 753 781 837 890 900 972 993 
18 9 57 155 185 196 212 240 242 251 418 433 536 684 776 784 838 910 988 
18 14 45 87 108 128 137 142 201 230 264 274 298 398 490 539 794 871 927 
20 36 95 201 209 217 263 334 353 433 437 579 614 625 631 733 774 832 945 990 998 
16 256 274 286 388 429 453 484 517 571 653 656 728 848 856 952 974 
16 0 68 89 139 177 214 224 297 368 421 429 585 610 735 869 894 
23 31 86 95 167 194 221 269 272 294 324 327 341 367 411 420 467 543 562 708 736 745 926 982 
20 35 47 116 184 186 192 273 322 372 499 559 581 637 660 699 714 741 812 919 943 
17 28 91 234 252 272 282 297 313 321 453 518 535 618 712 846 849 972 
18 162 253 254 288 349 390 406 532 594 608 639 675 707 736 752 777 874 935 
19 31 75 200 256 268 282 350 374 447 518 528 533 563 578 707 715 774 832 852 
20 59 76 99 159 225 240 325 356 366 480 627 634 747 757 784 875 891 905 934 974 
16 20 256 257 278 378 418 609 717 732 783 786 803 866 887 888 989 
31 12 66 87 119 160 193 244 250 274 375 386 481 485 518 539 621 622 654 658 708 722 727 750 756 779 781 804 817 921 974 982 
23 22 26 100 172 211 297 327 335 486 498 534 538 598 606 638 678 686 762 824 835 939 945 947 
20 6 161 229 368 413 415 450 491 534 654 655 665 707 709 738 774 780 969 972 977 
24 7 12 32 53 67 70 72 96 172 196 241 342 344 477 500 622 624 696 712 811 893 933 944 982 
8 190 426 435 439 830 933 943 953 
18 16 47 90 202 334 483 505 548 652 656 683 745 801 813 843 889 908 970 
25 70 74 157 160 208 272 308 353 355 374 375 518 636 648 684 685 736 743 763 788 797 836 904 942 969 
10 122 266 298 513 551 791 800 819 828 888 
21 41 158 246 247 291 306 360 369 425 437 458 593 615 746 759 798 799 887 906 931 966 
24 29 66 77 110 126 149 170 192 202 321 341 402 554 570 583 607 727 740 751 768 792 874 878 994 
9 262 426 479 601 691 834 885 889 910 
19 54 68 69 75 234 318 385 519 521 538 620 702 717 721 746 772 776 935 997 
20 3 4 38 47 86 114 142 176 181 228 290 326 340 390 487 574 780 834 850 901 
25 106 128 161 187 226 349 367 372 380 393 413 416 418 421 447 472 501 539 558 635 760 795 806 862 931 
15 58 120 185 249 258 308 319 489 505 560 671 711 766 812 880 
18 55 122 135 214 246 297 333 392 571 572 595 617 620 640 657 670 772 834 
19 47 183 239 280 293 354 355 418 456 504 541 605 632 683 693 788 838 861 883 
13 109 152 220 243 300 444 454 468 504 595 785 816 880 
24 48 91 103 163 216 220 229 250 257 296 388 434 473 501 562 594 639 710 761 774 876 954 965 969 
19 1 17 50 95 101 130 277 286 301 357 464 476 547 731 770 802 819 851 956 
17 25 45 86 185 262 322 349 382 459 509 539 608 623 699 946 989 991 
19 62 66 151 171 269 348 465 499 671 719 765 779 831 839 924 961 962 985 989 
24 6 14 25 116 127 129 130 153 178 275 310 369 436 480 523 586 617 650 680 742 796 801 856 977 
23 8 79 119 150 170 195 302 357 366 383 385 410 454 459 585 586 623 665 792 901 904 933 993 
11 17 106 108 300 321 497 530 623 820 839 903 
20 4 35 121 170 172 239 288 306 362 460 480 556 557 655 724 734 737 758 836 908 
19 32 43 120 141 184 186 250 261 263 325 379 465 467 531 626 760 780 834 872 
22 102 123 144 236 261 344 345 419 471 542 554 578 602 643 683 697 750 842 857 878 934 971 
15 9 44 61 73 184 377 382 434 502 576 623 711 809 958 999 
28 20 25 48 75 107 122 140 156 157 159 185 210 221 235 237 262 273 424 433 472 516 552 575 751 785 838 974 997 
22 40 56 187 260 323 398 403 422 537 586 609 620 628 660 681 695 789 790 791 870 894 950 
21 14 96 157 223 283 294 304 325 462 494 563 593 637 701 743 744 799 863 932 959 966 
20 42 189 253 339 379 396 419 441 483 519 578 627 630 653 712 808 836 853 904 942 
20 8 33 42 81 169 194 199 253 382 398 404 417 446 456 595 706 760 779 810 903 
24 106 188 277 297 300 364 368 391 433 442 483 528 530 673 793 819 835 841 888 898 911 921 946 984 
14 24 54 155 193 218 234 331 334 353 482 568 678 739 950 
17 13 56 58 88 212 222 244 311 455 474 545 732 874 929 971 973 987 
14 10 228 241 359 372 455 471 500 511 527 769 788 849 961 
18 26 68 275 282 288 434 436 445 490 532 580 594 741 880 897 904 962 995 
24 28 40 55 64 207 219 261 280 306 307 346 383 466 497 611 616 634 643 679 714 755 858 865 944 
17 76 90 213 321 361 403 474 510 561 696 718 755 793 812 853 894 975 
21 49 57 134 198 224 245 282 326 348 365 414 529 532 634 673 674 739 801 824 834 885 
24 110 144 195 245 265 353 384 444 461 467 472 488 529 531 595 614 666 806 837 848 890 895 986 991 
27 8 16 48 117 176 199 204 223 228 288 307 337 360 365 444 596 604 622 640 651 714 727 741 758 793 807 865 
20 4 51 138 202 203 226 244 255 265 316 385 682 688 739 828 831 876 903 915 975 
20 2 118 215 298 376 421 433 446 480 520 548 604 718 727 728 757 758 806 849 896 
27 129 167 225 252 254 323 402 422 456 464 483 604 605 625 650 731 738 743 773 781 787 815 836 863 890 979 987 
16 5 37 207 232 277 323 328 364 398 600 737 743 795 830 836 928 
16 62 157 400 416 491 526 545 588 593 636 687 706 746 758 894 923 
27 25 111 121 136 139 174 201 269 283 310 328 343 455 494 540 568 584 662 711 771 800 827 835 845 877 917 985 
24 29 204 205 220 251 253 309 331 410 490 519 530 549 681 712 736 742 747 818 875 897 928 960 971 
12 12 21 212 238 324 416 542 603 758 844 882 976 
16 31 84 130 200 208 279 400 409 412 512 558 789 821 962 964 983 
17 43 55 171 201 226 254 431 457 464 517 722 734 750 779 814 838 903 
12 192 234 454 566 629 731 739 775 850 859 865 889 
24 273 299 380 391 424 434 506 526 580 599 622 669 742 744 745 767 861 878 883 885 893 951 961 980 
14 2 69 342 486 561 600 672 683 697 698 769 782 961 994 
17 168 183 196 246 247 324 340 453 627 638 643 805 840 864 932 955 982 
15 3 49 104 132 144 291 306 605 635 653 660 759 819 972 998 
17 3 9 52 141 217 220 539 590 682 721 811 824 859 863 927 972 978 
26 1 123 132 193 197 202 255 290 309 374 447 453 538 553 589 637 659 683 748 807 811 851 937 939 951 969 
25 5 16 55 68 86 108 153 160 173 222 232 269 270 344 440 454 533 536 557 621 729 761 762 848 877 
15 41 222 281 367 382 401 486 552 587 620 625 651 738 759 963 
23 7 105 241 274 295 309 316 320 333 345 409 414 471 521 534 550 563 564 669 715 719 742 748 
22 20 27 137 168 176 292 310 311 340 366 399 436 460 462 474 650 776 802 807 855 856 934 
19 15 242 275 333 343 498 503 532 562 650 713 766 801 811 813 864 886 927 948 
23 0 3 120 140 141 184 224 317 333 387 466 473 546 567 633 716 724 744 848 850 949 957 970 
20 54 89 299 385 417 453 518 536 598 607 662 697 710 742 778 792 840 872 893 964 
21 27 33 42 54 156 261 308 378 417 426 465 493 579 624 661 685 732 734 782 815 931 
14 189 210 238 283 336 370 492 523 528 580 872 885 987 988 
27 4 30 98 183 227 233 261 341 364 386 387 487 500 536 548 550 555 599 634 638 756 764 805 826 832 835 858 
22 47 110 121 167 241 259 261 333 353 377 468 499 522 534 572 582 613 701 757 768 778 973 
20 29 66 78 186 224 438 475 551 578 606 647 680 799 802 874 879 942 952 978 981 
17 27 102 142 194 213 262 334 348 397 417 556 663 696 794 928 959 986 
26 40 66 82 83 190 195 223 267 451 460 465 482 535 610 657 713 795 800 818 828 866 877 882 900 949 984 
20 28 100 154 268 284 347 416 433 480 494 603 642 668 682 698 712 722 852 873 965 
15 54 257 424 437 566 637 669 711 764 834 851 876 877 947 966 
27 24 28 184 192 288 306 355 365 410 473 499 522 559 560 608 640 681 754 776 778 821 848 849 937 941 949 960 
21 67 111 114 123 203 206 239 285 378 396 403 445 547 593 682 688 853 861 894 921 958 
23 34 48 71 112 129 150 174 211 236 267 322 374 425 446 508 561 606 655 792 821 887 911 967 
20 2 168 171 175 245 347 401 436 476 502 519 682 706 707 708 815 818 843 915 958 
23 41 88 128 134 172 206 261 289 342 404 463 479 508 509 549 594 605 636 848 850 946 947 980 
27 97 106 128 133 169 186 190 225 246 264 307 312 386 536 554 567 581 600 644 652 716 762 794 797 802 820 910 
25 15 49 50 52 71 142 204 226 272 279 301 573 593 624 645 695 756 839 874 893 904 913 924 925 953 
16 272 389 456 470 479 554 582 669 672 709 742 757 804 820 854 892 
23 36 50 175 209 213 247 269 341 373 389 472 479 481 659 671 799 893 906 907 916 942 970 998 
23 14 101 137 211 225 372 378 399 476 549 604 609 612 616 642 722 777 837 860 902 906 920 964 
23 30 54 117 131 154 194 264 299 305 309 322 355 384 391 540 566 597 602 640 834 913 944 960 
16 234 251 410 507 510 517 555 592 607 646 651 654 695 732 804 987 
20 27 51 66 97 124 159 191 230 380 387 445 463 505 544 640 645 698 699 818 819 
18 25 31 91 126 152 365 377 487 583 723 726 744 803 812 925 930 949 958 
13 18 283 469 517 541 558 625 693 774 775 837 922 980 
20 47 89 117 262 271 281 307 317 409 412 446 518 670 726 747 767 800 809 899 973 
28 22 33 81 103 128 149 165 168 262 264 293 310 321 409 427 448 450 467 570 596 650 671 702 704 720 861 922 932 
23 0 6 19 69 70 86 117 135 152 216 280 453 515 611 649 662 663 721 755 798 837 864 977 
21 1 40 130 175 208 292 382 418 506 580 612 620 661 673 728 783 818 834 934 968 971 
20 24 285 300 338 358 373 384 528 560 563 621 652 700 706 715 724 775 852 886 893 
11 12 109 146 383 506 630 636 684 749 816 909 
15 3 69 97 197 346 354 372 394 615 620 713 792 819 866 970 
9 87 193 444 480 737 743 878 886 953 
28 61 118 150 167 212 213 221 227 288 327 355 417 443 484 538 548 564 567 587 599 711 758 808 864 918 936 949 960 
25 48 65 68 78 99 175 252 288 337 381 457 466 479 491 535 543 604 625 708 738 777 793 806 935 960 
13 46 354 540 572 677 770 842 858 873 887 889 914 935 
18 146 210 231 275 276 334 359 495 508 525 556 562 611 659 696 725 971 985 
19 57 107 235 269 315 335 423 493 514 560 639 642 700 724 751 801 914 920 950 
18 48 104 137 295 309 375 381 385 399 412 498 524 547 670 728 756 765 988 
16 55 158 167 298 417 419 449 459 546 597 757 790 796 946 981 983 
21 30 70 138 179 192 195 210 244 283 347 420 440 495 542 581 612 664 748 757 844 846 
12 152 258 270 433 561 569 579 620 675 697 755 831 
13 56 129 299 351 393 419 454 568 638 691 726 888 950 
14 18 303 325 425 433 445 448 516 538 574 634 759 823 912 
20 32 76 118 178 212 250 271 322 519 562 570 658 711 763 776 813 898 907 945 950 
16 80 85 189 291 321 333 351 354 420 478 485 713 722 771 860 895 
21 17 24 99 211 236 249 364 416 444 458 463 534 541 579 620 685 742 774 823 879 979 
26 14 66 74 101 149 229 230 250 251 258 340 382 416 482 517 538 578 581 638 812 829 892 912 954 983 991 
18 106 170 278 303 315 324 423 463 471 560 595 666 769 800 877 896 960 999 
18 68 92 131 248 263 350 409 472 591 709 783 813 923 936 962 969 986 997 
18 0 5 60 61 86 150 244 387 407 421 439 669 703 797 965 980 983 987 
