200 2000
711 716
329 827
833 1399
905 1260
400 1166
280 1075
504 1299
381 1038
450 1364
835 926
720 866
783 1433
368 925
9 733
872 1810
726 1300
792 978
77 740
561 818
173 558
868 912
513 1064
111 398
957 1210
503 699
980 1196
501 1064
452 776
388 708
691 955
646 1038
771 1235
263 1261
857 1055
94 688
234 290
869 1611
192 530
390 1280
849 1301
707 1483
240 811
699 890
167 786
227 536
977 1479
148 152
435 537
947 1064
726 1635
390 1017
738 1374
123 143
375 627
123 923
2 246
234 1123
177 615
351 733
326 918
152 988
508 766
182 315
335 803
243 341
816 1319
959 1471
71 1019
115 1022
893 1624
542 1504
862 1674
384 1054
556 921
928 1380
236 816
317 1211
387 899
772 1615
375 430
702 748
199 477
29 374
230 400
891 1202
70 429
572 725
480 494
801 1332
923 1227
900 969
775 816
142 948
878 1253
89 1081
703 1210
573 1034
511 1010
420 1296
399 843
511 1371
868 1191
355 438
528 980
121 150
138 403
40 222
253 528
300 894
199 1082
297 412
455 931
782 1131
84 222
420 457
466 1431
651 1460
600 1317
304 314
416 830
286 1087
602 1187
639 1452
873 1394
924 1872
997 1778
979 1064
151 334
320 923
786 905
510 682
740 1059
900 930
441 1246
99 929
498 1308
31 1005
569 1494
736 1615
39 220
938 1144
223 546
469 1134
764 1745
333 438
218 291
391 1077
505 959
438 922
759 1604
110 811
24 866
347 489
280 1269
935 1836
382 698
861 863
326 689
943 1930
664 674
152 876
664 1193
825 1652
372 626
191 1146
224 332
86 856
236 636
579 744
294 504
850 1673
468 559
186 1183
433 1329
824 1692
904 1753
294 1227
392 772
730 1725
672 1398
560 651
66 370
119 486
953 977
597 1439
860 925
300 1206
25 88
828 939
931 1267
411 1253
100 1031
793 1258
866 1465
42 259
432 488
347 936
348 1278
857 1042
316 316
537 1034
40 1009
550 958
80 992
66 234
239 648
157 1082
508 1333
314 518
267 464
727 816
833 1007
827 1327
971 1942
324 768
962 1660
663 691
70 421
212 1180
728 1566
236 357
525 724
985 1428
628 1461
710 759
878 1099
17 867
955 1820
341 526
966 1863
454 665
558 731
220 449
136 188
295 558
52 347
761 796
811 1711
700 1653
821 1580
304 1125
904 1191
861 1675
699 776
951 1495
354 478
489 511
226 327
448 806
901 1139
737 1596
58 293
246 655
974 1834
385 1294
544 936
12 329
502 697
44 652
728 1437
624 1159
229 285
185 529
933 1631
964 1471
483 703
735 1537
494 798
48 402
278 354
631 1083
898 1040
573 1498
399 717
48 964
561 635
565 765
770 1434
113 729
134 855
363 598
616 1122
310 985
625 1286
126 747
793 872
91 322
979 1145
170 606
248 768
461 1152
749 1366
610 1073
599 1297
233 815
631 983
845 1542
243 718
153 371
831 1233
758 923
716 1381
332 486
201 1045
194 454
998 1002
487 615
310 699
825 1300
368 513
344 661
358 376
255 707
381 1167
82 799
747 1079
556 694
550 704
145 417
845 1055
666 832
791 1602
305 1095
808 1089
621 1317
656 1135
945 1787
887 1484
546 960
399 1229
873 1178
204 420
472 1059
132 714
477 1325
777 1243
790 1426
118 1019
821 1425
113 362
255 411
389 1116
294 560
425 1184
428 1113
96 730
18 840
403 613
88 417
477 574
887 1501
374 511
759 1316
462 1065
660 1377
189 273
186 1041
289 667
880 1532
556 1101
901 1092
264 638
470 626
718 1212
220 809
34 912
521 1112
332 508
943 1923
774 860
569 1506
174 537
278 929
447 717
779 961
757 996
71 788
509 801
128 958
972 1634
349 560
787 1746
236 828
280 750
761 1590
202 1035
385 894
578 1165
390 1112
811 1605
212 620
82 932
264 602
1000 1063
765 1079
560 782
686 1601
648 1422
18 463
359 1189
335 1082
10 297
398 850
237 855
454 1397
346 753
508 543
590 1387
540 1397
576 635
536 626
215 300
884 1016
930 1649
188 417
147 386
624 916
141 1088
984 1373
835 1556
642 1415
842 1410
294 830
192 1153
83 471
602 855
610 1332
956 1549
45 942
646 1385
32 42
14 68
332 1055
21 572
428 1262
241 363
252 444
32 392
7 91
627 874
722 1067
216 1032
896 1087
231 586
182 364
954 1237
558 1182
232 875
143 836
851 1289
766 1561
910 1719
80 690
951 1750
42 870
982 1687
873 1617
609 850
495 1166
868 1220
303 696
676 1303
96 903
423 495
945 1826
245 524
902 1331
987 1720
5 363
902 1336
620 1540
559 985
674 1616
828 1331
538 1158
338 991
316 678
677 1350
522 1237
914 985
709 1335
821 1622
484 1069
295 832
801 984
614 816
733 1358
292 703
24 249
664 1315
211 324
809 1163
345 1146
490 576
513 786
730 1462
479 893
971 1081
504 790
620 1313
803 1051
720 967
772 1460
716 1012
943 1805
70 879
879 1548
131 265
307 407
957 1854
320 1164
402 1069
511 1442
821 1142
566 706
817 1039
932 1267
836 1553
370 549
86 259
887 1246
928 1401
321 477
819 1571
868 1603
517 1041
13 20
386 474
922 942
88 722
435 1399
118 741
814 1456
927 1913
388 1200
599 874
818 1525
533 1100
846 1478
37 957
685 1056
295 747
105 993
349 902
405 776
879 1667
72 1060
948 1497
377 781
318 445
87 121
19 952
812 1153
403 636
406 991
103 273
40 872
889 1053
599 795
927 1326
1 823
667 1353
948 1049
955 1381
484 1137
394 1139
975 1330
465 791
234 896
118 479
91 110
447 812
632 735
290 593
146 571
101 195
97 410
461 1448
419 510
573 1166
178 743
321 555
938 1643
862 1085
947 1864
797 1298
978 1610
959 1818
197 433
146 596
189 431
61 424
973 1805
640 705
61 434
441 552
542 805
617 868
538 1007
67 887
100 273
363 1147
309 1036
273 1024
645 1447
125 1068
518 717
225 1046
82 560
508 747
456 727
428 1377
670 1585
923 1635
277 1198
96 759
197 600
88 708
148 973
316 764
686 1396
653 1371
854 1810
982 1305
105 206
775 864
727 1429
256 744
592 850
430 841
140 1000
611 1177
192 1149
326 866
484 933
922 1746
504 773
916 1792
958 1095
676 1118
210 1088
734 1492
577 841
549 748
533 1100
172 576
616 736
733 1524
210 446
393 1229
275 964
337 630
556 746
404 562
415 488
131 409
890 1638
159 437
204 810
17 43
671 783
813 1468
87 437
730 1543
200 242
922 1592
68 178
629 780
987 1914
630 1188
359 502
717 1208
513 517
94 596
599 1062
333 425
949 1767
592 1010
392 674
861 1488
436 927
952 1419
457 1123
403 910
771 1575
858 1693
214 229
723 1604
859 1251
889 1346
929 1569
309 771
66 405
513 514
167 954
456 894
231 426
533 844
437 1408
731 1057
540 851
97 304
187 460
517 675
856 1186
799 1736
296 1139
376 383
304 1169
245 685
917 973
108 712
21 954
294 969
413 711
534 728
649 1214
248 567
852 939
896 1162
845 1094
25 970
23 946
331 889
880 1773
847 1742
940 1422
450 587
864 1072
480 750
680 1352
525 863
701 1042
120 609
278 954
331 580
440 1355
290 1253
276 387
466 1311
483 1123
564 1428
161 525
199 934
32 622
653 884
281 1267
912 1484
329 1114
616 1340
582 1147
507 630
730 748
288 509
672 1590
448 859
822 1471
88 234
349 568
76 648
243 697
282 624
492 1360
220 1085
71 309
797 1311
769 1323
712 1332
677 992
445 993
589 1193
315 888
476 1199
342 588
83 303
43 414
383 1327
321 506
941 1126
908 1664
791 985
905 1334
523 1241
8 574
266 1207
43 628
944 1009
642 692
78 997
713 1472
43 1003
955 1907
574 1040
136 949
621 910
255 547
843 964
988 1318
628 776
929 1267
340 1250
47 446
515 1197
723 1227
771 1159
777 960
151 925
633 1552
658 1649
179 270
926 1433
181 674
98 941
556 1124
613 974
687 1225
447 1283
154 922
601 749
24 674
340 671
182 807
903 1824
72 184
961 1132
121 469
272 428
344 413
218 1023
592 1211
981 1517
724 1079
427 1091
468 1018
835 1530
428 877
703 1465
415 701
471 901
134 913
632 1048
480 1008
965 1147
817 1676
674 691
592 1133
573 699
319 730
284 1150
776 804
664 1222
175 1021
220 493
225 648
65 892
310 330
576 845
286 831
828 836
65 977
531 717
810 1790
145 675
925 1125
688 1433
23 844
331 363
152 626
723 966
999 1444
213 522
699 1622
532 1010
55 230
533 1500
391 482
818 1666
799 1357
887 1705
758 1734
714 1208
969 1552
288 976
247 780
683 1169
351 835
685 1256
985 1032
428 712
702 914
17 551
489 610
132 1089
773 1773
958 1417
319 836
617 1077
483 1150
953 1740
241 460
41 230
75 1065
880 1439
869 1394
261 902
216 581
611 1082
329 682
640 1157
891 1880
260 437
664 1093
832 1126
393 780
815 900
774 1342
798 1226
353 586
778 1253
167 853
748 1493
63 689
955 1569
821 837
78 392
705 745
833 1789
94 1030
608 1292
152 662
456 620
808 1073
684 741
486 1379
297 916
907 1580
380 738
182 712
282 513
607 1226
872 1792
619 1012
568 640
57 822
217 248
409 821
604 1533
328 672
588 1497
925 1150
794 1178
685 1685
788 852
677 1177
256 721
720 1188
663 1596
548 882
805 1690
250 968
26 46
233 552
828 1503
539 1534
428 750
895 1892
940 1000
549 1355
329 414
117 1066
26 97
883 1876
549 1110
949 1568
277 509
532 549
318 756
913 1905
937 1722
122 308
676 792
34 218
687 802
593 1527
673 824
387 1158
956 1832
563 855
282 863
546 754
538 1503
848 1810
483 983
472 1104
788 793
363 598
499 1244
905 937
485 905
745 1152
834 1290
958 1164
151 904
696 779
340 1198
680 896
36 485
696 1002
876 959
90 652
689 768
305 625
652 1015
226 266
234 1106
775 1239
335 1032
514 1204
185 284
383 1309
834 1031
480 1270
304 613
174 932
154 378
425 847
103 610
583 724
102 801
203 981
726 943
834 1655
594 861
366 963
74 531
204 887
790 1288
592 1121
396 524
637 1075
433 1093
426 591
556 1036
880 1564
887 908
420 1247
8 755
870 1161
485 995
184 565
352 1172
165 1002
203 394
740 1129
41 509
435 1079
763 991
536 1505
220 310
44 175
798 1218
103 976
604 1000
710 1483
626 769
523 1150
187 1056
860 962
903 1833
540 803
696 698
667 1578
598 849
129 1026
530 1218
700 1154
715 1260
14 874
178 892
8 217
492 1395
641 1159
696 1633
464 805
683 1449
681 771
463 466
818 836
492 1097
758 943
476 887
341 539
635 1614
992 1600
625 851
282 1119
522 1508
611 1023
804 1530
278 1018
961 1569
229 332
139 422
303 1278
320 325
10 287
723 795
595 803
470 846
304 1042
514 1402
346 1164
135 1049
496 1247
601 1371
114 515
725 1078
44 284
416 1105
775 1573
524 834
168 1087
101 807
507 1146
648 1545
766 876
645 1270
158 837
202 221
528 1219
389 1016
651 866
334 1162
830 1444
283 1114
280 1215
293 1009
628 1009
245 629
718 810
51 119
845 1462
802 1572
113 279
119 207
771 954
957 1377
499 668
763 913
338 1063
364 1097
389 653
746 994
589 1044
450 1280
568 1038
110 156
82 771
586 1533
222 623
54 161
72 638
460 919
643 940
602 1537
136 1005
858 1710
750 1664
532 905
567 1018
971 1538
403 774
76 822
894 1018
990 1311
939 1818
41 968
339 1023
774 993
540 1379
779 1314
588 1197
751 1143
685 1523
98 141
669 719
720 1568
850 1349
92 1070
664 1215
868 1847
393 1026
726 1634
830 1022
620 1471
418 1373
672 1441
637 749
868 1105
217 964
704 729
505 826
583 1478
555 1329
765 1293
201 252
555 1508
330 1276
189 432
37 741
835 853
716 1030
739 1732
915 1152
347 518
365 924
337 1068
829 969
969 1799
540 1540
51 516
578 1195
195 1182
86 1058
719 1026
476 1434
289 1196
783 883
634 702
539 992
565 1456
387 918
248 512
344 918
607 828
231 620
503 591
726 1127
261 645
323 852
56 801
399 654
604 1101
650 1010
327 851
308 726
343 1293
185 945
841 1682
823 1677
70 883
790 1446
20 960
531 631
890 1824
490 1069
977 1942
568 1255
117 964
323 433
988 1947
91 358
396 1291
182 725
354 486
472 1436
466 931
944 1553
392 680
468 608
41 709
582 1028
284 978
509 1053
684 1144
819 992
573 584
108 519
19 193
126 822
954 1800
280 805
997 1530
399 1258
647 651
797 1398
765 952
820 1376
723 1325
996 1123
598 1074
971 1383
114 206
56 312
631 1494
702 1033
999 1580
495 964
592 1079
520 925
609 764
581 785
348 873
211 990
783 1263
123 451
328 1030
525 774
876 1772
85 368
436 1368
560 727
526 1377
825 877
49 644
733 985
327 766
161 772
596 1220
640 1312
80 678
150 1035
5 72
76 584
268 1019
383 713
979 1065
276 644
521 818
734 895
247 349
33 789
349 1302
788 981
476 827
868 1020
49 62
41 247
76 495
618 1556
945 1826
305 375
321 444
787 1681
446 1055
104 535
449 819
902 945
44 1022
429 963
595 1453
565 725
763 1473
721 998
749 1019
467 836
220 773
743 885
17 1015
763 1082
722 1560
875 1194
136 636
699 1179
635 846
257 289
384 984
967 1146
855 1697
460 1274
988 1930
901 1590
422 842
836 1004
401 1023
727 1270
613 1337
841 1110
95 916
319 929
709 1680
345 1132
965 1899
279 1026
555 592
610 871
689 1553
143 957
89 477
731 1264
20 71
469 904
89 1064
613 1583
202 1101
726 829
549 653
985 1211
7 234
848 1839
16 426
953 1276
514 1338
187 481
204 1000
620 1522
791 1581
290 795
763 1425
372 453
99 1049
109 279
145 501
623 861
857 1406
108 296
425 1411
218 627
98 211
838 970
931 1774
548 656
587 1289
913 1407
891 919
526 1413
814 1583
935 1437
412 598
547 1387
845 1150
777 1016
375 998
478 1475
70 539
667 788
883 1638
694 717
670 728
203 955
455 706
995 1364
257 887
787 1006
473 819
604 1084
121 988
962 1840
783 1701
735 1452
533 829
953 1589
122 430
409 875
815 1262
157 395
987 1340
769 1114
675 1517
840 1109
807 860
708 1398
708 1283
414 1033
636 1253
999 1501
448 1353
520 838
261 333
868 1259
526 1176
732 807
770 1055
430 1255
562 1205
541 1467
55 431
993 1743
233 319
513 1012
154 277
305 870
631 997
900 1198
876 1459
157 1094
844 1130
243 398
519 986
6 475
670 1010
148 1090
360 1255
846 1655
106 160
912 1198
489 1465
110 833
308 862
269 829
822 1567
674 1198
173 554
858 1823
134 967
130 232
929 1284
783 1199
792 902
93 1068
803 1502
741 856
902 1072
772 957
606 1014
191 473
964 1004
438 893
556 875
406 1334
587 1548
227 764
163 748
106 686
616 686
838 1444
487 569
527 1055
491 922
734 927
989 1640
626 806
631 1415
408 1063
159 605
608 912
576 684
13 971
777 1657
569 1314
903 1347
841 1013
786 1368
144 173
120 782
107 835
65 409
473 592
355 508
579 940
944 957
447 1002
735 1276
83 199
744 1634
67 667
367 1043
109 417
331 880
788 1069
402 1140
116 444
980 1895
696 1563
312 1027
397 681
955 1354
81 720
629 1484
722 1077
332 1286
45 231
765 1701
817 1227
306 705
694 767
323 452
972 1221
458 974
130 679
654 1477
593 1391
28 901
623 898
657 1198
269 998
80 866
727 1366
151 586
971 1858
418 935
136 328
234 278
893 1702
652 716
160 732
848 1306
874 1261
476 1214
971 1244
844 1086
374 1211
487 785
652 1542
13 53
187 1147
127 882
469 1418
445 1147
880 1417
270 1170
269 703
368 1089
610 1329
792 1417
59 746
213 1140
225 1061
170 914
750 1154
582 1160
764 1107
261 1018
491 1219
799 1744
110 263
47 974
599 1065
362 879
446 811
540 904
492 589
772 1717
663 1316
882 1060
239 301
294 371
301 502
299 532
424 859
439 691
799 811
221 1126
664 975
50 67
307 310
70 758
544 1432
9 563
691 1165
794 1689
227 456
38 67
903 1304
873 1301
824 1420
184 985
795 1342
833 860
597 1117
667 1382
361 1264
426 774
326 460
769 807
340 798
979 1968
152 1089
937 1015
263 389
715 1665
31 946
741 1443
483 1482
74 671
202 567
824 1423
867 1858
48 67
469 982
521 1439
96 643
307 528
266 857
335 551
523 877
768 1391
884 1863
578 644
747 1076
86 191
430 1359
220 577
64 1056
974 1475
702 1484
646 1386
146 1120
752 1515
400 1082
186 698
185 778
92 903
496 795
189 788
427 1199
164 644
954 1934
540 1310
479 602
715 1096
909 1480
256 575
904 1651
417 1041
46 270
825 1197
580 967
21 42
228 928
451 1202
149 1118
681 1380
277 504
263 411
640 696
211 599
728 1208
163 287
826 1380
157 159
750 1350
571 688
774 927
128 681
246 969
73 761
867 1648
530 783
634 1228
723 1676
550 1236
674 1548
774 1196
601 1559
703 1079
627 1479
235 960
209 873
508 586
775 1357
180 241
57 1018
240 481
585 1290
162 504
833 981
725 1426
254 624
18 689
945 1497
149 286
348 890
672 1056
443 536
845 898
412 694
700 1632
908 1845
830 1389
544 1117
902 1003
789 1509
662 871
672 897
401 1358
742 1248
846 996
354 922
493 1250
782 828
903 1439
143 333
433 1232
179 651
50 508
161 661
670 1577
839 1711
709 1147
103 540
236 622
416 1386
660 1297
156 521
582 1361
551 560
668 1512
453 619
376 648
899 1804
917 1812
871 1835
385 670
799 1092
793 1549
279 376
215 433
817 1236
465 1170
536 971
120 164
71 358
26 807
576 968
713 1251
764 1355
387 888
499 786
317 772
925 1337
813 826
525 1336
764 766
507 1358
908 1408
646 878
809 1609
762 1655
758 1537
270 955
70 166
228 518
459 636
504 1130
580 981
497 1074
914 1400
459 1099
788 961
69 608
952 1114
282 682
660 987
848 1588
489 1308
283 834
128 753
423 884
567 576
678 792
50 972
347 635
13 209
583 1080
136 1050
448 601
784 1441
997 1890
349 540
92 639
236 587
209 655
998 1283
256 1154
650 1291
399 429
663 990
650 1391
635 925
317 809
312 1238
418 944
436 1056
737 794
413 1011
390 593
742 1610
336 790
813 1709
587 1226
572 983
280 1021
737 1008
825 1308
31 467
345 655
418 1221
892 1861
363 1212
833 1403
486 1187
850 1513
516 1220
545 1332
647 1216
961 1519
49 564
399 1262
499 650
241 1185
865 1681
15 598
167 1032
816 1040
733 1688
423 644
171 371
800 1453
771 850
647 1080
610 983
1 198
975 1306
711 1381
651 1531
631 1513
348 431
361 1248
366 818
54 280
52 78
121 690
903 1577
686 1563
731 1442
45 197
186 247
605 1599
941 1231
832 1466
811 1074
881 1516
575 1172
9 774
761 1535
36 93
361 946
948 1652
769 872
654 1464
444 1377
810 1229
949 1513
80 775
236 477
515 626
682 1015
738 1644
916 917
599 1068
991 1876
842 1722
274 530
650 1160
888 1727
786 1009
949 1135
163 1049
518 1080
26 843
201 943
176 1109
666 1616
459 1395
205 470
617 1040
599 798
116 974
314 542
164 479
31 203
796 1671
644 829
680 1185
218 613
935 1497
38 98
348 643
595 1062
306 809
214 636
791 1694
244 1205
820 1553
846 1206
356 422
866 938
166 451
212 588
978 1391
922 1857
675 1380
497 534
5 513
988 1116
138 571
879 962
212 1188
358 990
43 31 66 89 106 350 354 388 469 475 517 589 603 639 663 679 685 750 908 969 1021 1060 1075 1107 1136 1152 1161 1201 1240 1248 1255 1291 1312 1364 1438 1530 1550 1596 1611 1633 1713 1811 1889 1953 
42 13 133 154 198 199 328 397 532 668 677 736 752 796 826 890 917 947 991 992 1014 1052 1084 1089 1098 1161 1181 1220 1265 1375 1382 1421 1443 1481 1486 1497 1503 1711 1813 1860 1937 1980 1990 
39 44 144 168 184 211 422 489 540 762 836 859 875 913 940 982 999 1052 1085 1119 1121 1143 1147 1202 1211 1305 1306 1322 1323 1373 1410 1418 1585 1606 1753 1790 1791 1823 1879 1952 
37 1 39 53 84 88 128 151 243 325 326 410 428 452 505 652 665 724 739 761 782 808 907 922 985 1028 1110 1157 1238 1297 1370 1373 1524 1558 1559 1586 1734 1900 
41 70 72 78 165 178 199 211 218 237 242 323 392 405 412 519 561 595 657 708 719 748 809 900 904 921 1004 1034 1066 1067 1080 1151 1161 1166 1223 1232 1319 1504 1712 1731 1872 1963 
31 23 27 101 243 327 337 371 464 465 467 797 805 840 847 951 1082 1089 1120 1213 1392 1538 1547 1556 1560 1565 1587 1610 1665 1780 1824 1904 
43 42 45 77 134 186 195 250 276 278 298 318 330 357 371 398 411 510 572 574 592 617 624 776 786 839 848 1003 1031 1129 1147 1161 1208 1317 1400 1418 1469 1571 1637 1665 1673 1755 1794 1798 
41 0 1 14 291 321 345 447 490 530 550 599 609 654 678 679 682 704 830 941 969 1053 1069 1240 1304 1391 1399 1401 1409 1423 1437 1454 1467 1576 1586 1654 1664 1723 1773 1824 1850 1874 
30 87 109 155 247 298 314 318 668 728 837 840 911 916 975 1016 1020 1024 1197 1223 1262 1269 1466 1498 1524 1532 1551 1720 1896 1942 1951 
39 19 85 106 159 164 181 191 216 426 439 458 472 671 762 771 820 859 902 952 996 1032 1039 1187 1269 1277 1311 1384 1390 1442 1480 1502 1561 1679 1723 1732 1836 1940 1969 1994 
38 57 65 84 142 166 198 289 320 372 459 466 489 500 570 619 624 695 726 842 909 929 1005 1078 1120 1168 1302 1305 1320 1333 1347 1358 1399 1405 1605 1656 1715 1895 1997 
37 64 89 153 214 218 233 288 297 331 350 388 615 652 674 687 783 1020 1076 1295 1319 1422 1434 1505 1519 1529 1548 1562 1564 1627 1672 1707 1750 1784 1791 1864 1918 1978 
38 12 47 65 80 111 132 147 183 366 381 419 431 486 656 709 753 807 850 865 922 1053 1059 1118 1134 1153 1182 1196 1234 1239 1394 1422 1441 1508 1709 1730 1829 1845 1913 
41 2 49 53 131 185 224 226 283 295 300 328 387 451 461 555 576 648 713 754 760 818 888 1030 1040 1072 1107 1120 1199 1323 1347 1414 1500 1513 1703 1724 1747 1825 1875 1917 1957 1981 
46 14 86 125 149 190 202 244 286 441 499 512 573 610 638 672 738 786 800 939 1010 1121 1169 1192 1297 1339 1373 1392 1490 1544 1622 1625 1626 1635 1654 1660 1666 1728 1743 1745 1811 1821 1876 1907 1909 1944 1970 
32 33 123 213 230 265 286 294 426 432 470 535 565 566 614 681 689 772 800 936 1006 1009 1064 1095 1155 1180 1208 1228 1383 1422 1550 1711 1859 
45 3 15 180 185 242 315 328 355 441 473 558 578 588 602 612 656 681 696 709 738 768 836 896 1060 1119 1130 1181 1208 1299 1361 1372 1387 1546 1561 1569 1573 1584 1589 1635 1651 1679 1733 1834 1884 1917 
46 19 51 66 108 116 204 211 243 261 346 389 472 519 555 565 574 588 659 679 733 824 860 905 990 997 1011 1038 1074 1076 1183 1220 1310 1372 1417 1454 1485 1509 1547 1646 1653 1697 1745 1754 1821 1846 1901 
48 21 26 121 168 198 219 255 324 426 427 443 509 510 531 558 575 653 654 666 667 705 721 818 825 919 981 1050 1185 1270 1276 1289 1337 1393 1395 1418 1473 1636 1644 1650 1670 1746 1757 1854 1859 1876 1881 1912 1917 
42 45 68 69 280 284 383 481 529 691 792 795 822 826 839 868 1042 1054 1117 1122 1222 1231 1313 1344 1363 1383 1441 1454 1477 1483 1511 1613 1678 1725 1738 1745 1747 1822 1829 1843 1871 1938 1986 
43 27 73 79 144 203 275 359 382 420 466 493 510 522 529 549 658 726 772 828 837 1012 1047 1117 1168 1228 1349 1358 1391 1399 1420 1532 1711 1713 1726 1733 1761 1762 1830 1833 1941 1963 1980 1991 
37 30 109 161 183 201 241 243 313 343 433 491 520 598 678 708 750 775 777 815 844 864 952 1025 1083 1095 1124 1180 1304 1374 1451 1654 1788 1820 1874 1900 1931 1981 
34 26 53 64 98 100 135 209 212 382 533 541 568 594 635 706 725 897 978 997 1120 1143 1209 1228 1326 1415 1442 1462 1501 1528 1596 1606 1641 1795 1876 
42 9 46 84 99 112 149 169 247 262 367 410 437 467 469 500 685 694 701 747 780 812 865 877 887 996 1076 1128 1142 1188 1204 1327 1606 1618 1708 1725 1738 1770 1857 1863 1884 1968 1994 
42 68 79 123 167 171 195 301 312 382 392 500 542 562 572 641 715 724 725 731 781 866 914 978 1020 1156 1181 1203 1205 1227 1278 1345 1353 1360 1417 1543 1560 1627 1635 1659 1729 1786 1789 
39 16 24 33 89 125 132 261 348 406 444 636 693 723 770 820 902 963 967 980 1005 1116 1123 1201 1221 1237 1238 1328 1351 1419 1443 1547 1561 1565 1693 1802 1883 1918 1924 1979 
44 104 188 256 314 347 411 463 537 664 706 765 791 794 819 846 897 933 938 977 1025 1035 1052 1139 1144 1182 1199 1310 1361 1391 1420 1446 1540 1554 1603 1611 1624 1649 1765 1818 1883 1902 1930 1943 1983 
41 73 165 225 249 434 441 453 592 597 598 612 622 631 672 908 918 1018 1030 1044 1046 1183 1204 1232 1261 1287 1361 1386 1426 1471 1491 1527 1536 1563 1580 1709 1723 1763 1769 1771 1818 1848 
38 71 177 282 284 302 328 497 532 652 677 734 878 886 889 901 902 963 972 1031 1087 1228 1343 1373 1402 1433 1449 1501 1512 1530 1591 1653 1663 1714 1728 1785 1815 1872 1907 
44 6 20 29 85 127 201 219 275 284 292 295 316 348 366 450 471 542 573 680 737 814 840 842 846 857 864 881 1000 1107 1259 1280 1281 1316 1397 1428 1441 1500 1612 1659 1732 1744 1872 1906 1913 
41 0 71 194 209 210 253 399 412 414 422 443 455 474 529 572 621 697 706 741 789 899 917 928 1003 1094 1122 1154 1172 1220 1297 1447 1489 1583 1607 1623 1729 1734 1786 1880 1954 1988 
49 15 16 40 59 80 86 141 150 218 219 254 315 343 345 372 401 432 472 509 714 744 785 806 936 953 999 1104 1105 1137 1167 1185 1272 1294 1374 1419 1425 1501 1504 1507 1536 1589 1603 1716 1789 1829 1837 1926 1941 1967 
39 76 192 221 338 354 378 416 421 425 462 466 477 511 544 559 638 673 747 802 868 870 890 916 934 956 977 1061 1062 1199 1233 1261 1268 1393 1598 1681 1757 1774 1880 1970 
34 31 102 177 225 269 379 427 443 497 509 514 528 530 714 773 809 879 951 966 1152 1156 1185 1327 1391 1401 1448 1460 1520 1565 1576 1689 1709 1826 1942 
37 15 19 82 118 347 456 569 594 692 720 731 755 763 798 815 828 882 933 948 979 1232 1262 1322 1331 1368 1417 1481 1484 1525 1642 1749 1805 1847 1849 1873 1910 1973 
34 65 75 312 472 533 637 708 716 757 770 783 852 859 881 891 915 1051 1052 1144 1165 1186 1190 1391 1494 1566 1608 1636 1680 1703 1730 1768 1833 1972 1977 
43 17 231 322 359 392 498 518 528 538 547 623 648 667 674 677 688 723 734 757 861 932 933 1015 1027 1106 1300 1325 1380 1402 1448 1455 1461 1485 1502 1569 1586 1704 1706 1742 1844 1857 1906 1922 
46 12 70 116 133 187 217 249 252 264 286 370 444 445 450 457 470 515 599 620 632 654 764 787 838 876 931 959 1002 1035 1037 1040 1084 1308 1391 1443 1654 1696 1712 1743 1798 1857 1858 1875 1900 1918 1925 
46 4 64 95 118 126 130 152 204 250 263 312 329 401 407 445 504 577 623 660 795 886 933 937 938 945 950 1007 1057 1059 1102 1105 1112 1114 1155 1244 1396 1472 1598 1635 1646 1690 1801 1840 1859 1925 1972 
38 10 45 48 61 70 107 164 211 322 357 411 501 509 555 635 660 763 795 806 912 1009 1058 1112 1131 1187 1200 1254 1276 1279 1311 1425 1431 1494 1615 1820 1848 1897 1908 
33 37 43 74 162 317 402 537 594 882 884 950 956 962 979 1074 1075 1135 1136 1240 1279 1320 1340 1419 1434 1498 1640 1681 1796 1804 1846 1867 1904 1949 
52 25 30 202 216 221 269 360 373 394 511 557 560 634 763 775 776 780 782 796 799 819 860 894 936 939 1008 1028 1053 1237 1241 1276 1348 1362 1371 1396 1475 1521 1549 1588 1618 1635 1641 1671 1679 1686 1710 1751 1756 1793 1829 1885 1946 
43 21 31 64 121 137 148 168 199 208 415 441 447 468 479 547 574 649 818 885 889 895 903 940 961 1023 1037 1043 1134 1257 1271 1344 1360 1387 1471 1475 1545 1594 1741 1770 1792 1808 1827 1876 
39 77 142 159 168 189 318 329 337 343 353 387 390 569 666 695 798 811 958 1099 1163 1247 1254 1256 1259 1396 1398 1487 1552 1572 1574 1599 1700 1717 1729 1807 1823 1924 1933 1940 
35 172 175 189 306 543 556 653 797 868 936 952 1056 1092 1104 1184 1236 1294 1359 1377 1398 1505 1543 1592 1594 1619 1637 1670 1741 1753 1754 1764 1901 1943 1946 1970 
34 27 88 198 224 264 276 375 393 442 446 476 506 530 558 625 712 749 801 951 1214 1239 1342 1363 1419 1509 1553 1558 1559 1725 1813 1892 1968 1972 1975 
44 129 208 222 246 249 272 363 367 429 554 724 732 738 797 802 880 920 925 1155 1169 1208 1265 1293 1324 1339 1351 1423 1432 1453 1534 1538 1568 1584 1605 1625 1727 1744 1749 1765 1792 1809 1820 1934 1997 
29 126 167 297 382 392 575 599 615 706 712 735 838 870 935 952 1188 1270 1284 1297 1378 1457 1626 1795 1874 1884 1896 1941 1947 1973 
47 1 24 110 144 180 217 263 267 283 335 345 353 512 514 535 540 541 581 752 754 778 785 889 1015 1021 1024 1077 1178 1199 1206 1224 1243 1256 1312 1314 1324 1357 1419 1446 1447 1484 1541 1624 1752 1825 1840 1895 
54 52 64 66 95 128 136 139 142 222 238 313 333 382 411 438 457 475 495 532 564 590 653 680 690 705 749 778 795 804 896 986 1090 1096 1114 1162 1210 1252 1297 1321 1343 1365 1375 1409 1473 1493 1544 1759 1802 1842 1881 1905 1940 1953 1991 
37 11 22 44 193 293 311 467 607 626 657 661 705 708 764 781 788 837 854 874 951 1001 1075 1124 1141 1276 1277 1303 1416 1623 1641 1661 1705 1789 1827 1888 1923 1967 
36 1 5 25 42 81 274 451 484 529 583 631 688 698 704 705 745 799 867 873 899 911 934 935 1015 1043 1080 1120 1205 1671 1687 1736 1762 1763 1844 1871 1928 
39 68 108 140 145 150 188 262 331 456 502 509 557 653 741 768 796 937 1012 1090 1116 1144 1146 1152 1248 1251 1261 1284 1379 1418 1476 1560 1564 1585 1615 1665 1758 1762 1824 1971 
36 3 26 68 115 188 200 222 247 299 365 404 427 631 653 684 777 802 886 938 948 983 998 1123 1149 1258 1310 1334 1343 1403 1442 1503 1593 1712 1723 1843 1999 
38 124 160 202 210 211 385 560 575 654 743 776 816 829 878 914 1004 1052 1060 1103 1232 1270 1292 1302 1395 1429 1468 1559 1560 1577 1584 1658 1678 1784 1797 1828 1844 1874 1988 
37 33 67 106 214 286 311 393 431 477 518 523 611 633 800 816 841 843 861 1034 1076 1152 1175 1187 1205 1360 1502 1518 1630 1638 1651 1664 1689 1814 1918 1939 1971 1983 
35 17 34 42 71 73 90 118 160 210 255 305 450 600 618 813 819 1045 1080 1134 1154 1157 1163 1227 1280 1284 1403 1583 1610 1612 1698 1746 1806 1867 1920 1957 
40 10 29 96 106 143 258 319 323 333 356 384 393 466 474 522 723 751 793 836 869 984 1021 1051 1058 1062 1065 1100 1106 1185 1371 1442 1450 1525 1526 1531 1590 1625 1794 1877 1976 
31 8 9 22 103 213 318 321 327 428 553 605 685 780 839 850 872 873 906 936 987 1146 1153 1156 1159 1172 1508 1568 1583 1742 1780 1919 
42 10 35 51 78 87 294 349 366 416 528 549 746 764 882 912 957 961 974 1054 1057 1079 1232 1241 1255 1300 1316 1356 1377 1427 1449 1474 1526 1623 1638 1670 1691 1776 1810 1917 1922 1946 1992 
40 22 26 65 96 221 236 445 478 481 485 528 541 637 639 768 775 791 838 883 899 907 911 965 1034 1079 1099 1126 1192 1193 1359 1376 1478 1500 1533 1639 1682 1713 1821 1827 1901 
38 20 88 89 96 124 144 177 265 267 343 397 435 654 691 752 924 977 988 996 1001 1078 1079 1081 1110 1122 1200 1288 1371 1562 1567 1641 1645 1663 1687 1835 1865 1895 1902 
47 44 218 223 226 266 334 389 471 473 488 493 540 570 601 711 766 825 844 887 913 949 968 1014 1038 1093 1125 1158 1180 1229 1233 1242 1256 1266 1344 1397 1434 1451 1643 1705 1762 1767 1768 1841 1860 1877 1932 1944 
33 7 110 168 178 184 281 326 346 384 386 551 590 593 631 707 734 818 881 1003 1034 1104 1207 1257 1324 1519 1596 1610 1624 1688 1764 1797 1881 1923 
39 64 66 163 272 383 387 492 539 611 616 672 690 817 882 893 948 999 1000 1002 1008 1053 1075 1125 1281 1333 1392 1429 1451 1472 1535 1564 1651 1652 1697 1899 1920 1943 1982 1985 
36 23 86 121 159 235 368 469 483 625 638 643 652 704 711 739 778 849 856 860 863 1007 1016 1035 1058 1063 1117 1148 1328 1373 1498 1506 1562 1591 1812 1886 1985 
42 0 63 69 199 259 296 325 342 443 471 489 555 594 658 848 854 911 913 921 973 980 981 1014 1023 1097 1119 1121 1238 1323 1435 1444 1470 1496 1564 1613 1630 1654 1675 1795 1796 1823 1944 
39 48 90 133 142 169 197 204 209 210 289 330 332 340 427 531 534 576 598 618 638 744 779 959 1030 1139 1184 1238 1258 1276 1447 1475 1567 1571 1667 1668 1717 1857 1969 1974 
36 19 32 107 109 145 177 181 203 418 448 534 589 652 717 729 742 796 841 855 905 1002 1080 1220 1280 1320 1334 1390 1445 1486 1628 1776 1782 1802 1879 1883 1920 
40 43 85 88 109 113 117 135 332 428 433 477 558 609 627 633 662 698 714 743 749 764 896 926 955 1102 1126 1141 1200 1283 1293 1338 1467 1470 1567 1581 1677 1699 1886 1960 1972 
35 11 52 147 163 234 241 293 344 517 538 552 556 727 764 882 888 942 944 1041 1045 1103 1105 1118 1227 1320 1484 1543 1572 1586 1635 1710 1823 1851 1873 1964 
47 42 163 166 183 273 295 330 489 580 588 596 614 699 718 743 762 781 930 946 1004 1049 1092 1243 1277 1290 1298 1330 1362 1367 1398 1424 1469 1474 1523 1625 1639 1666 1694 1715 1728 1745 1746 1841 1922 1947 1948 1950 
38 44 54 157 253 268 296 384 480 521 533 572 675 739 743 748 751 787 803 923 979 981 1001 1033 1096 1127 1281 1363 1397 1407 1417 1468 1524 1636 1667 1753 1768 1823 1858 
43 12 106 143 145 242 289 301 321 411 425 466 500 515 555 577 621 654 725 789 866 912 982 1015 1076 1252 1384 1429 1447 1459 1479 1495 1506 1509 1638 1661 1730 1747 1773 1787 1795 1798 1824 1919 
44 28 58 110 167 173 180 187 264 304 349 363 370 402 414 421 435 448 544 552 558 576 610 639 670 690 712 784 824 984 1023 1036 1050 1212 1283 1307 1322 1435 1531 1539 1575 1680 1910 1952 1959 
51 57 87 125 167 179 201 208 239 251 316 414 420 492 656 658 695 704 713 718 726 741 749 755 777 804 858 907 935 939 962 1033 1066 1086 1136 1211 1219 1227 1231 1279 1298 1412 1425 1537 1567 1672 1677 1781 1819 1946 1950 1955 
41 261 314 329 365 369 398 519 531 538 604 634 679 682 750 768 813 836 862 872 915 918 962 1081 1190 1206 1277 1311 1326 1378 1420 1424 1442 1456 1468 1553 1614 1616 1926 1942 1954 1992 
42 8 20 56 75 95 150 229 451 537 716 750 751 766 772 805 863 880 946 980 1008 1140 1191 1207 1221 1326 1353 1358 1362 1388 1405 1420 1423 1455 1528 1593 1650 1744 1786 1801 1868 1896 1945 
42 2 167 202 214 271 349 377 501 514 519 590 604 613 837 897 923 930 998 1081 1138 1264 1298 1301 1371 1393 1444 1446 1448 1474 1480 1607 1624 1687 1714 1769 1840 1859 1869 1928 1956 1975 1978 
35 6 88 108 149 208 227 245 260 266 267 301 311 403 617 655 678 796 853 879 943 1102 1142 1290 1419 1442 1452 1474 1499 1550 1563 1677 1831 1855 1960 1970 
44 129 175 241 242 328 368 370 410 413 418 444 499 588 597 655 742 765 797 808 845 848 917 1014 1068 1081 1193 1235 1266 1287 1340 1375 1390 1502 1534 1608 1676 1690 1694 1705 1765 1917 1928 1979 1993 
40 24 42 209 254 367 426 488 506 631 715 726 773 784 851 900 921 1036 1037 1056 1067 1125 1207 1256 1259 1266 1276 1313 1421 1440 1485 1514 1544 1584 1731 1786 1818 1822 1894 1901 1905 
41 89 123 162 220 274 317 331 341 367 388 426 469 550 557 660 683 684 709 729 741 745 776 878 922 1014 1116 1242 1450 1539 1621 1636 1652 1698 1760 1841 1873 1890 1896 1921 1949 1980 
37 4 65 72 120 141 190 191 409 417 512 523 581 614 626 728 765 796 878 1064 1116 1155 1237 1332 1390 1398 1417 1528 1568 1612 1626 1628 1639 1643 1751 1940 1942 1954 
36 28 132 148 178 183 203 271 287 355 385 491 600 617 691 769 811 838 845 870 878 880 883 1171 1236 1301 1332 1386 1484 1525 1534 1609 1663 1750 1838 1927 1929 
33 22 34 40 84 279 291 300 453 470 534 601 759 858 862 881 1014 1040 1042 1182 1186 1202 1239 1299 1327 1353 1394 1436 1488 1535 1619 1726 1842 1961 
48 30 107 121 150 170 179 184 187 189 220 224 306 308 383 414 466 492 499 503 515 599 644 769 780 816 820 830 849 937 1017 1052 1225 1232 1280 1303 1358 1422 1428 1487 1548 1582 1623 1686 1689 1707 1820 1926 1931 
40 32 34 138 154 163 171 227 358 479 587 637 661 688 689 755 981 1016 1032 1077 1134 1142 1187 1245 1289 1449 1477 1518 1593 1666 1758 1766 1818 1820 1822 1862 1872 1932 1950 1968 1981 
43 84 146 160 243 245 286 386 410 497 563 634 661 676 725 780 791 859 864 867 887 891 899 1010 1016 1136 1201 1273 1328 1348 1406 1432 1464 1471 1535 1557 1573 1614 1674 1709 1762 1862 1882 1903 
28 1 19 67 134 200 246 328 330 366 429 540 616 738 753 897 1074 1157 1283 1297 1395 1559 1642 1705 1781 1841 1895 1915 1977 
51 47 113 179 211 296 300 307 312 313 329 351 461 537 574 579 608 631 653 665 804 817 865 967 991 1026 1033 1035 1087 1210 1235 1285 1411 1446 1470 1486 1529 1563 1602 1653 1670 1673 1712 1764 1774 1788 1824 1851 1873 1882 1890 1911 
32 51 98 112 143 145 155 287 305 489 513 528 573 602 748 763 801 815 847 897 976 1084 1157 1181 1233 1433 1526 1555 1671 1818 1859 1965 1966 
55 43 82 87 112 190 346 367 430 455 497 527 548 566 574 613 637 640 653 740 786 797 804 840 858 862 910 964 987 1029 1039 1082 1156 1188 1255 1348 1350 1360 1425 1610 1614 1647 1652 1653 1671 1683 1739 1814 1819 1848 1894 1896 1914 1959 1982 1983 
39 13 141 225 264 341 364 366 395 490 513 635 636 649 683 748 770 875 898 937 1061 1088 1103 1158 1250 1304 1335 1344 1359 1374 1375 1378 1418 1530 1543 1584 1623 1809 1850 1921 
40 25 51 91 217 283 288 290 292 311 314 349 425 539 593 644 711 715 723 762 783 858 885 913 1000 1018 1070 1111 1257 1301 1303 1384 1396 1428 1477 1675 1763 1765 1790 1831 1989 
41 21 22 42 55 71 191 261 294 298 303 335 361 385 548 561 572 606 610 871 878 1030 1031 1183 1211 1223 1277 1335 1381 1401 1410 1445 1510 1545 1648 1659 1702 1727 1732 1759 1885 1973 
41 27 76 112 241 245 271 276 380 410 432 466 559 564 742 777 801 817 942 974 1018 1022 1044 1058 1229 1232 1258 1276 1302 1339 1366 1417 1526 1589 1600 1605 1707 1788 1822 1873 1917 1925 
30 91 367 441 456 458 536 609 634 730 825 841 842 846 924 927 983 996 1104 1152 1200 1282 1300 1808 1818 1842 1894 1912 1942 1950 1984 
41 41 46 103 207 248 288 322 356 469 536 609 689 735 767 779 884 925 926 950 973 1075 1137 1158 1260 1345 1381 1484 1511 1569 1576 1585 1672 1704 1718 1744 1751 1756 1854 1878 1899 1998 
39 7 86 92 161 209 266 324 384 494 526 650 674 680 740 882 884 1005 1019 1022 1056 1205 1230 1246 1379 1444 1471 1515 1538 1582 1594 1605 1656 1736 1764 1788 1812 1833 1878 1958 
37 2 66 163 184 306 344 443 520 523 537 546 587 593 662 663 678 766 784 879 899 900 922 961 995 1020 1040 1093 1216 1231 1325 1381 1391 1513 1568 1632 1674 1684 
36 48 159 161 206 270 299 391 425 434 513 650 665 795 934 965 1129 1204 1234 1339 1459 1461 1478 1545 1546 1562 1627 1724 1737 1743 1769 1778 1786 1787 1866 1894 1944 
35 183 194 320 337 350 442 524 573 630 636 696 701 716 763 787 788 798 838 843 904 977 1299 1306 1309 1352 1358 1503 1509 1528 1556 1583 1587 1673 1708 1900 
47 9 21 43 54 117 122 192 242 269 344 346 359 633 673 707 717 765 839 851 905 906 954 1038 1089 1090 1108 1188 1204 1225 1233 1272 1484 1498 1504 1512 1528 1570 1624 1642 1650 1652 1682 1747 1851 1918 1929 1974 
40 4 179 180 244 274 331 344 366 405 416 496 551 589 603 730 738 839 1006 1085 1108 1138 1177 1301 1347 1426 1476 1498 1552 1571 1599 1628 1645 1694 1702 1805 1810 1862 1909 1926 1989 
44 23 38 67 94 179 180 203 244 290 351 386 580 589 725 729 759 762 846 883 904 913 918 959 972 982 1000 1032 1091 1115 1165 1184 1215 1246 1293 1376 1551 1560 1628 1635 1701 1835 1893 1894 1940 
41 41 93 176 230 263 278 315 411 412 512 513 514 515 528 591 676 682 765 781 817 836 861 862 878 949 959 996 1065 1252 1372 1419 1430 1441 1488 1506 1594 1705 1783 1866 1950 1967 
40 0 27 41 66 71 115 165 205 212 256 273 312 317 379 409 476 526 640 642 726 740 815 898 960 989 990 1181 1257 1304 1345 1376 1380 1390 1430 1463 1504 1543 1630 1727 1793 
42 9 58 76 101 113 145 182 208 254 289 345 349 366 657 769 781 799 837 940 1030 1034 1059 1103 1150 1199 1235 1283 1365 1382 1443 1446 1544 1549 1562 1638 1646 1655 1695 1858 1894 1945 1959 
48 80 212 221 262 268 371 396 404 415 518 536 544 688 710 775 850 901 914 918 919 923 934 948 956 980 999 1118 1165 1262 1263 1286 1316 1321 1341 1424 1449 1464 1485 1511 1746 1750 1874 1894 1900 1912 1947 1957 1967 
29 24 146 165 182 298 417 521 529 742 816 823 928 943 1139 1166 1212 1221 1345 1410 1527 1590 1629 1659 1680 1691 1729 1819 1932 1945 
32 90 151 152 209 265 316 382 386 493 535 587 949 996 1019 1077 1186 1244 1251 1326 1374 1393 1421 1524 1546 1681 1721 1759 1800 1844 1872 1927 1975 
36 32 146 197 240 263 291 315 366 508 669 710 738 766 817 859 958 962 1114 1136 1154 1179 1218 1240 1253 1352 1354 1421 1448 1524 1698 1719 1807 1858 1899 1940 1995 
37 23 94 114 186 538 578 645 673 716 747 819 912 929 939 955 1011 1062 1064 1121 1132 1159 1234 1296 1304 1372 1380 1382 1388 1424 1435 1610 1771 1784 1856 1866 1920 1969 
35 7 104 138 275 285 347 362 412 499 634 652 771 795 800 884 1010 1049 1294 1295 1298 1309 1340 1439 1505 1529 1549 1553 1593 1601 1650 1773 1848 1861 1879 1961 
37 74 238 247 277 398 470 541 545 546 560 656 798 890 896 1032 1056 1065 1142 1180 1210 1263 1286 1300 1431 1441 1517 1525 1533 1543 1573 1608 1657 1736 1876 1944 1951 1993 
34 154 233 289 315 430 531 539 631 700 795 903 1016 1022 1024 1025 1084 1095 1105 1140 1146 1207 1247 1361 1379 1453 1457 1515 1543 1662 1692 1767 1799 1832 1898 
47 22 85 115 130 160 162 185 206 213 221 299 309 562 572 592 643 655 657 704 739 756 796 797 917 1017 1052 1053 1153 1236 1345 1355 1372 1385 1400 1445 1485 1533 1547 1595 1636 1672 1693 1697 1733 1853 1878 1977 
35 270 290 355 367 368 466 560 563 613 672 738 771 782 887 888 977 997 998 1011 1074 1079 1117 1155 1242 1390 1507 1611 1644 1778 1805 1812 1879 1905 1972 1973 
40 136 205 299 343 410 472 491 501 509 576 615 622 671 674 758 859 911 925 1022 1054 1110 1190 1251 1355 1371 1404 1421 1469 1491 1609 1643 1686 1690 1757 1794 1800 1840 1865 1885 1942 
41 29 37 87 166 219 285 297 308 310 334 460 492 543 563 620 798 818 1018 1086 1122 1267 1280 1340 1377 1397 1399 1402 1537 1541 1544 1595 1597 1708 1734 1765 1822 1898 1916 1929 1953 1992 
44 28 121 258 277 295 386 421 430 450 466 467 469 549 588 595 601 652 707 724 725 844 898 919 1015 1055 1085 1091 1202 1205 1224 1268 1308 1322 1341 1346 1422 1452 1656 1675 1687 1748 1803 1811 1828 
49 47 84 160 164 169 170 180 181 333 389 396 415 417 425 428 534 562 621 641 642 699 871 884 955 985 1055 1131 1199 1231 1239 1253 1267 1274 1285 1337 1427 1439 1461 1637 1674 1687 1708 1724 1727 1766 1871 1897 1922 1971 
51 12 70 85 122 141 171 234 242 374 430 452 458 476 507 533 613 628 639 645 668 717 746 774 775 779 827 957 976 1014 1031 1047 1092 1145 1238 1299 1307 1406 1548 1591 1595 1623 1640 1662 1753 1792 1895 1915 1936 1942 1945 1987 
46 20 75 111 125 216 222 504 510 535 542 546 584 611 634 643 730 740 795 799 814 879 916 948 970 989 994 1004 1074 1156 1223 1271 1277 1307 1391 1408 1487 1531 1545 1582 1639 1652 1689 1700 1723 1747 1918 
34 133 241 287 376 446 504 655 673 747 752 824 898 935 964 992 1001 1036 1135 1170 1222 1265 1532 1612 1613 1655 1673 1742 1752 1828 1840 1853 1949 1952 1971 
45 36 64 85 99 109 114 213 284 303 327 360 477 507 510 535 676 698 753 757 836 842 948 1013 1124 1215 1263 1278 1305 1330 1400 1421 1429 1472 1611 1659 1660 1770 1784 1796 1842 1904 1909 1923 1984 1996 
48 92 119 162 283 287 313 336 383 438 495 556 582 591 667 686 762 803 810 843 868 881 950 953 979 988 1026 1035 1052 1085 1109 1153 1180 1224 1342 1436 1467 1472 1572 1606 1613 1656 1688 1706 1723 1755 1825 1826 1977 
41 46 130 143 146 162 171 200 201 358 390 425 432 433 495 545 573 595 609 675 728 754 858 941 1014 1103 1174 1189 1297 1327 1343 1391 1444 1467 1469 1524 1530 1623 1777 1785 1799 1962 
41 127 147 159 169 179 209 232 324 522 614 640 732 733 745 763 767 797 865 906 997 1061 1063 1160 1209 1239 1314 1339 1354 1456 1505 1508 1577 1669 1762 1777 1787 1819 1832 1861 1891 1971 
43 78 84 143 149 208 222 316 374 389 430 446 480 488 496 564 593 637 722 741 771 793 831 853 896 1018 1100 1184 1278 1303 1358 1365 1374 1390 1413 1476 1525 1575 1621 1719 1830 1861 1948 1967 
41 62 86 164 259 375 384 399 408 414 425 529 559 683 692 809 833 845 911 1032 1077 1097 1107 1134 1202 1204 1354 1404 1454 1492 1516 1631 1685 1706 1730 1742 1770 1806 1810 1937 1969 1980 
40 26 101 124 129 192 217 252 467 488 493 494 498 524 596 605 666 739 740 763 769 816 829 944 1078 1109 1302 1304 1358 1499 1609 1632 1651 1655 1688 1706 1707 1737 1777 1797 1934 
44 41 50 55 56 157 251 292 368 384 395 412 420 427 468 545 565 614 655 790 807 823 896 968 1088 1133 1137 1159 1222 1229 1302 1527 1529 1534 1650 1655 1672 1696 1779 1793 1813 1827 1841 1948 1983 
41 21 43 46 73 102 131 225 253 353 369 370 587 639 659 670 688 690 704 798 814 916 1030 1079 1221 1223 1257 1297 1303 1317 1319 1321 1346 1380 1522 1586 1636 1699 1767 1873 1917 1935 
40 19 44 108 148 181 200 229 285 319 343 348 505 658 697 746 821 900 979 1140 1254 1389 1405 1411 1458 1470 1488 1500 1510 1570 1572 1651 1653 1709 1772 1810 1815 1879 1902 1976 1990 
46 2 42 59 84 186 199 203 290 311 350 396 431 449 451 513 521 626 727 746 792 843 861 879 976 1076 1139 1225 1371 1452 1458 1512 1566 1617 1651 1686 1693 1695 1742 1849 1865 1875 1898 1935 1948 1956 1999 
42 5 97 141 208 309 354 366 383 434 491 509 543 556 572 581 632 652 736 852 918 951 998 1113 1141 1180 1225 1243 1259 1339 1341 1441 1469 1524 1575 1582 1588 1616 1748 1772 1825 1852 1991 
40 50 69 220 311 376 388 413 446 495 511 514 659 675 678 688 692 710 799 828 892 957 1015 1033 1111 1323 1350 1358 1560 1634 1643 1686 1693 1722 1800 1845 1850 1880 1882 1888 1943 
35 2 69 114 156 178 224 368 483 596 653 707 719 808 832 847 896 920 1034 1055 1189 1201 1237 1305 1319 1398 1426 1590 1688 1710 1718 1761 1803 1914 1927 1968 
39 30 57 97 266 288 336 410 442 575 587 619 622 623 632 706 887 933 954 957 1007 1048 1055 1183 1191 1198 1214 1226 1287 1582 1602 1617 1624 1670 1678 1692 1775 1852 1921 1953 
46 23 65 67 87 151 158 178 196 212 249 444 534 582 610 652 654 693 714 790 898 933 997 1027 1030 1071 1091 1107 1135 1152 1234 1324 1350 1395 1407 1462 1660 1667 1687 1696 1710 1741 1790 1822 1839 1889 1910 
31 79 163 166 193 284 315 428 487 493 533 583 659 742 743 924 998 1037 1042 1046 1113 1200 1243 1251 1319 1394 1479 1591 1727 1746 1765 1960 
41 131 143 159 257 410 454 475 510 547 635 689 931 1046 1054 1083 1101 1117 1119 1171 1209 1279 1312 1347 1396 1417 1501 1502 1528 1563 1564 1691 1741 1767 1787 1820 1849 1872 1892 1897 1919 1945 
35 14 20 49 128 244 286 338 354 426 452 467 470 559 588 689 744 820 824 855 948 1041 1162 1181 1203 1312 1359 1453 1506 1535 1565 1571 1609 1645 1951 1955 
40 25 93 123 251 252 353 408 413 416 443 490 542 560 562 588 598 709 745 832 938 954 1043 1054 1137 1192 1194 1390 1394 1417 1470 1471 1498 1504 1605 1627 1749 1751 1899 1941 1967 
50 41 64 90 100 108 170 177 201 228 361 426 459 476 512 551 561 575 627 669 688 723 742 802 837 860 879 892 921 984 1018 1057 1176 1182 1267 1292 1351 1368 1418 1426 1473 1508 1514 1539 1560 1566 1620 1682 1785 1862 1968 
49 46 65 121 161 181 202 208 233 302 345 429 435 454 502 587 611 770 779 801 863 920 1001 1026 1108 1111 1137 1138 1159 1160 1164 1179 1286 1340 1418 1447 1484 1496 1514 1561 1629 1707 1735 1741 1776 1878 1911 1924 1943 1949 
45 5 72 76 186 220 256 263 288 347 382 387 389 397 400 419 612 620 633 660 813 858 889 915 986 1030 1048 1216 1220 1315 1392 1394 1490 1545 1607 1655 1662 1668 1731 1821 1891 1917 1930 1939 1972 1995 
49 5 73 106 160 182 187 215 246 320 344 352 400 496 580 675 702 768 775 813 919 934 966 1041 1070 1086 1124 1166 1213 1222 1255 1457 1489 1552 1583 1637 1639 1652 1675 1686 1694 1695 1784 1809 1813 1880 1921 1936 1941 1947 
24 49 141 161 189 237 394 426 589 688 806 869 885 911 1082 1145 1171 1288 1346 1403 1711 1754 1874 1955 1975 
38 34 78 107 127 135 314 525 550 563 593 660 1041 1083 1112 1178 1190 1222 1269 1308 1315 1349 1420 1450 1469 1488 1531 1546 1555 1559 1637 1696 1743 1744 1756 1785 1799 1982 1984 
43 60 100 139 265 346 369 372 374 387 411 415 636 724 789 815 851 862 967 1017 1086 1088 1109 1128 1252 1253 1258 1319 1390 1436 1468 1540 1654 1676 1678 1724 1784 1796 1837 1872 1883 1904 1918 1974 
45 13 20 257 285 386 394 441 442 482 556 582 588 632 684 703 704 727 762 879 894 963 1106 1116 1153 1183 1201 1230 1275 1276 1305 1356 1362 1597 1607 1623 1683 1740 1762 1787 1831 1877 1898 1929 1951 1985 
36 36 41 43 91 123 170 223 231 285 290 356 388 488 511 572 688 707 826 1052 1209 1210 1249 1278 1329 1420 1490 1564 1620 1660 1692 1695 1726 1735 1917 1921 1970 
31 36 198 293 333 335 338 345 377 474 478 501 520 577 610 673 708 744 778 961 1003 1014 1138 1158 1251 1261 1427 1444 1468 1554 1814 1968 
38 41 94 228 236 244 255 336 375 391 436 529 619 710 723 729 783 803 888 1022 1026 1031 1078 1087 1236 1241 1251 1253 1404 1409 1507 1525 1648 1651 1749 1763 1764 1845 1954 
44 4 11 33 96 107 165 229 246 352 357 385 468 471 579 583 591 656 691 726 729 741 784 831 858 886 953 1024 1031 1115 1148 1164 1167 1355 1373 1460 1563 1570 1574 1587 1752 1774 1924 1925 1971 
41 48 74 84 93 126 141 182 352 418 453 509 577 663 767 799 803 830 845 897 903 917 923 1016 1032 1108 1180 1203 1242 1385 1428 1492 1664 1689 1731 1767 1791 1806 1860 1895 1940 1989 
40 44 49 61 70 83 90 144 155 214 235 385 417 431 460 510 517 631 766 858 860 1062 1149 1175 1181 1245 1285 1448 1467 1493 1505 1527 1554 1604 1655 1716 1806 1832 1896 1901 1990 
34 6 7 94 322 352 390 423 425 433 529 579 591 628 640 658 661 687 971 996 997 1220 1309 1313 1320 1329 1450 1498 1547 1589 1656 1775 1857 1888 1962 
39 8 32 55 87 92 127 217 235 248 250 355 436 492 511 525 557 609 632 686 692 693 764 844 902 993 1061 1231 1306 1445 1486 1499 1549 1606 1607 1701 1768 1812 1846 1871 
34 50 68 87 105 214 215 263 283 390 413 516 556 590 705 731 1019 1053 1180 1206 1233 1255 1282 1299 1442 1555 1609 1657 1714 1760 1798 1807 1875 1903 1967 
41 18 177 185 258 287 292 323 330 332 395 412 552 615 616 724 814 899 913 964 986 1101 1123 1155 1281 1302 1333 1372 1431 1529 1559 1566 1580 1592 1638 1661 1735 1771 1811 1861 1913 1976 
35 0 121 156 198 232 252 267 428 434 462 489 503 521 609 619 675 710 744 901 933 941 949 1118 1119 1189 1231 1280 1298 1325 1458 1489 1582 1684 1769 1806 
42 0 8 21 41 86 97 124 132 161 231 232 312 391 442 445 498 625 642 651 672 709 720 767 815 866 885 958 1033 1077 1213 1237 1274 1484 1491 1497 1499 1557 1587 1588 1790 1807 1919 
40 3 72 95 152 157 159 212 367 454 517 578 617 662 841 871 898 912 942 1038 1135 1256 1258 1296 1366 1468 1493 1533 1548 1624 1661 1699 1706 1789 1805 1808 1809 1828 1843 1887 1890 
32 24 102 106 147 210 319 340 344 358 452 531 532 609 681 800 822 1060 1102 1140 1170 1180 1273 1301 1395 1527 1671 1700 1766 1772 1897 1919 1998 
38 11 91 92 122 128 146 218 305 467 632 861 895 940 960 970 993 1102 1141 1153 1195 1212 1220 1231 1236 1349 1364 1392 1423 1433 1527 1647 1728 1732 1763 1809 1857 1878 1955 
35 19 86 99 215 223 317 362 399 403 448 449 792 859 880 883 885 1000 1029 1044 1078 1176 1184 1427 1430 1566 1670 1763 1775 1840 1870 1908 1928 1956 1969 1986 
35 45 75 208 210 220 304 348 571 636 655 670 694 756 816 819 834 978 1036 1222 1282 1291 1300 1321 1323 1336 1359 1376 1544 1623 1640 1657 1658 1763 1793 1941 
37 54 107 137 151 248 285 316 364 407 471 612 633 646 773 900 927 948 956 1074 1106 1160 1184 1235 1288 1298 1307 1443 1465 1578 1582 1724 1749 1889 1897 1903 1941 1947 
43 35 81 160 226 287 303 368 369 373 419 440 457 503 557 689 718 760 762 763 838 883 893 960 1006 1058 1094 1191 1291 1336 1395 1480 1543 1608 1637 1650 1657 1676 1688 1706 1771 1897 1943 1946 
44 6 92 125 304 320 325 380 424 429 445 532 631 664 674 767 813 822 880 942 953 976 1019 1074 1104 1113 1231 1245 1259 1290 1308 1344 1367 1394 1440 1484 1551 1563 1570 1690 1726 1845 1860 1864 1952 
37 28 69 84 117 291 292 313 324 478 555 580 590 602 613 664 711 727 733 749 805 835 883 945 1073 1260 1264 1268 1606 1642 1660 1673 1791 1794 1841 1843 1919 1987 
46 7 23 126 166 174 196 199 227 449 481 516 530 624 631 723 813 837 852 911 912 1063 1083 1097 1103 1108 1123 1168 1182 1203 1249 1284 1295 1298 1392 1516 1544 1577 1598 1652 1674 1690 1844 1847 1882 1886 1920 
35 3 67 93 122 156 200 272 385 447 578 579 638 728 751 776 785 786 840 864 927 943 1021 1152 1154 1330 1331 1475 1545 1561 1641 1752 1821 1834 1842 1973 
40 42 45 89 148 210 227 262 269 339 419 425 427 498 680 728 765 805 821 823 880 886 998 1053 1057 1126 1170 1182 1253 1318 1342 1375 1408 1444 1445 1574 1663 1858 1871 1881 1993 
43 77 91 116 140 164 223 228 261 291 329 429 511 664 697 745 750 766 935 937 958 997 1032 1068 1082 1105 1234 1254 1279 1306 1379 1460 1499 1542 1561 1567 1578 1624 1658 1677 1758 1847 1911 1964 
29 24 31 122 153 201 216 313 416 473 561 676 782 788 790 821 869 914 1047 1093 1118 1143 1202 1341 1342 1364 1674 1755 1797 1902 
38 178 184 213 216 234 268 351 468 518 539 587 641 867 949 978 1015 1027 1096 1185 1186 1194 1287 1377 1408 1453 1455 1456 1537 1592 1601 1627 1640 1654 1669 1745 1807 1819 1907 
43 6 25 88 225 226 230 245 246 262 283 297 307 342 351 516 567 589 661 705 782 825 833 836 914 971 998 1006 1221 1279 1427 1438 1478 1590 1600 1605 1636 1826 1849 1871 1898 1927 1974 1987 
47 50 79 87 122 130 134 144 257 319 326 383 444 530 611 618 635 641 647 762 810 823 863 948 954 1017 1031 1071 1078 1109 1135 1154 1177 1264 1282 1321 1422 1510 1599 1644 1650 1670 1705 1744 1750 1808 1875 1895 
40 38 77 85 177 262 339 447 494 496 532 636 677 694 827 926 934 955 977 1016 1066 1080 1106 1221 1277 1299 1325 1331 1383 1430 1431 1432 1473 1507 1561 1631 1725 1830 1863 1970 1981 
43 2 20 39 81 111 198 321 455 600 635 657 662 911 916 985 1009 1021 1127 1145 1153 1206 1244 1301 1311 1341 1348 1543 1559 1565 1585 1662 1671 1717 1743 1748 1779 1836 1843 1918 1923 1930 1931 1970 
38 47 60 177 216 270 302 325 387 474 516 528 611 715 742 746 779 869 950 960 978 1150 1252 1300 1360 1402 1463 1501 1503 1579 1615 1676 1742 1743 1748 1763 1805 1808 1860 
38 56 111 119 158 182 188 204 212 223 284 296 343 369 415 479 555 574 761 774 807 878 910 920 995 1169 1174 1223 1315 1346 1390 1417 1425 1503 1546 1604 1691 1941 1958 
45 74 106 121 172 215 268 317 318 334 369 373 410 437 468 490 509 585 629 655 669 688 696 721 820 847 867 909 950 952 983 1017 1163 1300 1424 1471 1479 1716 1816 1819 1877 1949 1956 1958 1978 1979 
27 86 108 122 300 319 382 446 618 656 673 706 775 777 821 822 848 975 990 997 1023 1098 1452 1495 1499 1608 1819 1906 
51 4 131 153 173 174 181 251 302 348 393 418 441 470 473 589 592 672 747 880 949 999 1002 1048 1077 1081 1130 1173 1260 1278 1281 1322 1346 1366 1393 1407 1411 1455 1487 1489 1625 1658 1740 1768 1785 1816 1818 1830 1907 1924 1938 1974 
44 29 47 85 178 214 228 277 283 301 347 400 427 440 442 480 559 586 592 597 817 849 863 866 915 976 1017 1039 1044 1162 1235 1246 1393 1459 1500 1708 1728 1739 1762 1769 1868 1884 1921 1968 1988 
40 62 67 98 106 248 261 332 343 488 557 596 738 776 814 829 915 982 1015 1039 1055 1160 1167 1226 1286 1289 1307 1329 1342 1401 1406 1443 1500 1525 1530 1569 1766 1817 1863 1906 1978 
36 10 35 72 162 224 250 356 378 403 447 473 494 524 567 632 646 690 814 827 965 980 1043 1059 1254 1310 1467 1559 1592 1653 1655 1705 1741 1782 1847 1863 1864 
44 3 45 109 110 328 370 411 490 530 644 659 713 732 739 740 785 841 860 912 996 1007 1074 1104 1147 1173 1224 1226 1233 1292 1412 1429 1432 1526 1588 1616 1626 1692 1720 1726 1805 1840 1846 1923 1940 
40 1 193 200 241 273 402 468 482 548 597 600 616 740 778 874 901 988 1020 1042 1045 1057 1102 1182 1226 1278 1303 1352 1397 1451 1492 1513 1532 1536 1650 1725 1766 1818 1821 1922 1976 
37 5 64 142 284 293 360 391 406 448 491 591 595 603 633 748 903 914 933 945 1094 1183 1285 1321 1374 1482 1579 1587 1589 1656 1723 1826 1887 1898 1908 1975 1986 1996 
36 52 86 190 217 279 314 382 475 520 528 531 536 677 700 989 1016 1019 1241 1247 1299 1320 1332 1340 1341 1369 1396 1449 1506 1517 1562 1715 1792 1903 1933 1948 1969 
40 137 142 185 215 344 383 401 573 612 647 663 676 712 727 739 741 881 891 981 1033 1116 1157 1162 1189 1282 1339 1400 1526 1568 1585 1597 1640 1651 1657 1658 1764 1801 1905 1920 1982 
37 194 204 213 215 219 264 413 478 502 568 713 756 934 944 1017 1069 1075 1102 1154 1164 1186 1260 1306 1371 1392 1423 1426 1441 1470 1588 1626 1629 1653 1887 1899 1925 1979 
45 85 124 129 136 226 245 294 323 394 439 449 479 536 587 610 758 896 941 943 966 976 987 994 1005 1025 1054 1056 1203 1206 1217 1309 1314 1343 1378 1389 1392 1393 1428 1437 1583 1748 1871 1877 1944 1969 
