200 2000
300 782
337 488
700 1160
260 602
484 648
31 149
63 140
295 1290
85 645
505 1438
70 971
649 856
382 1365
115 636
917 1904
373 626
25 132
421 605
564 1415
664 1215
851 1095
508 1063
296 687
267 1201
119 675
908 1799
67 73
732 1048
733 1163
754 1210
308 847
362 823
282 1195
869 1810
458 822
308 1001
67 415
709 1677
269 366
716 1153
420 971
932 1531
225 1040
685 1354
784 1185
153 270
641 1473
122 768
524 1264
425 1278
606 1044
470 593
24 310
863 1513
44 882
427 1259
460 1120
971 1684
174 959
263 946
829 1032
292 1274
679 1570
574 1357
262 742
818 1811
217 742
487 1373
276 372
905 1139
982 1215
262 834
492 677
847 964
882 1296
364 1286
162 488
804 1156
706 1573
82 511
699 790
133 652
108 968
744 1586
382 478
964 1127
371 1259
308 1145
854 1295
382 927
671 733
524 827
681 1293
472 1083
624 893
686 1636
435 531
610 1303
877 1483
263 427
675 999
808 1749
348 1243
467 654
468 902
626 829
498 1324
83 907
82 681
993 1586
497 1337
298 359
143 755
204 630
122 1006
334 1119
418 586
238 1171
156 245
660 1272
557 623
737 875
489 495
278 1239
5 141
835 1149
54 866
428 509
55 357
845 1438
592 1435
125 858
806 1761
231 1073
966 1014
229 740
627 1322
255 625
795 1628
138 270
746 1349
460 506
643 731
707 1220
376 919
715 811
358 534
603 1099
778 1453
439 1263
118 163
668 713
672 1646
653 924
153 411
403 616
295 516
318 1085
831 881
961 1860
407 583
301 975
983 1457
98 583
168 632
632 1336
500 1484
91 440
337 653
51 870
148 896
1 749
718 1461
115 982
33 886
395 675
429 1121
413 713
292 1258
483 642
630 908
120 132
409 749
198 506
982 1084
892 1074
878 1583
782 1335
529 1338
184 1108
486 589
849 954
970 1853
933 1635
103 198
656 818
977 1507
393 1182
345 1322
333 666
781 1690
994 1643
500 1353
477 528
955 1128
536 1186
800 1565
310 922
833 1125
710 1572
147 1015
601 1119
146 223
343 1204
966 1269
910 1484
768 983
328 755
768 1093
219 1013
740 741
286 826
344 1036
154 422
312 682
130 674
703 1132
660 714
257 1014
836 865
288 1249
51 847
232 444
436 669
99 941
646 1065
352 1206
216 745
846 1168
523 1297
111 640
827 827
366 808
926 1059
598 1520
145 392
258 515
410 967
621 1453
654 1121
227 929
640 1300
269 596
163 1123
320 525
939 949
531 1131
43 459
294 887
321 668
993 1570
798 1158
138 378
209 1065
273 492
545 1178
448 1113
999 1035
100 228
878 1069
171 933
881 1224
386 1160
998 1059
210 516
24 436
691 1003
955 1571
124 344
891 1413
81 367
193 824
37 670
12 454
892 1864
164 567
252 332
970 1219
662 972
743 1659
387 1234
935 1011
342 809
327 700
979 1575
565 641
660 1640
109 598
607 844
307 1027
136 1125
774 1479
687 737
72 739
594 1266
804 1063
94 756
572 914
726 1560
355 1334
298 479
826 1295
554 664
144 776
167 1030
66 464
999 1713
167 414
319 1038
640 790
928 1444
775 1445
844 1638
856 1079
124 378
821 1535
442 650
905 1564
214 1128
626 628
887 1024
505 802
131 1085
544 958
24 834
664 904
655 1475
170 441
136 735
829 1037
935 1381
698 723
700 1267
308 378
112 615
361 581
92 722
336 1068
944 1371
217 517
685 831
325 456
174 859
190 1075
761 1606
402 1209
731 865
448 1260
962 1916
264 361
628 933
760 1737
894 1067
241 539
420 1088
638 686
528 1367
535 1153
31 766
186 1122
329 779
381 866
966 1318
558 755
359 1073
615 1010
746 1293
23 507
904 1889
652 1011
50 614
605 1378
727 1060
392 1073
581 795
266 858
889 957
226 396
82 219
428 672
230 542
343 444
46 95
210 607
338 836
569 811
501 843
390 1002
187 301
882 1486
329 774
845 1539
481 680
783 1002
404 922
527 564
946 1648
524 1175
797 1303
780 1427
950 1726
489 1359
643 1331
329 516
51 697
738 946
185 195
549 1296
783 1738
587 653
351 1135
317 704
861 1742
869 1568
580 1400
630 1288
671 896
686 920
191 850
967 999
885 1074
984 1267
331 577
372 577
704 1213
920 1157
842 1211
798 846
160 926
784 1343
524 721
442 746
450 798
798 1018
627 1349
0 86
306 454
803 1629
914 1740
51 587
549 1312
394 987
714 1500
914 1096
414 717
548 867
879 1116
70 806
427 1259
160 824
139 629
148 660
878 885
461 676
181 244
599 617
188 854
26 117
885 1508
630 1210
964 1577
467 1261
725 1511
689 1216
887 1339
778 889
665 722
768 958
32 62
115 756
449 1266
82 753
57 368
205 1084
80 585
881 1588
793 1687
516 848
267 827
305 1295
530 590
454 602
2 413
382 533
836 1383
43 617
313 1097
945 1336
188 671
897 979
221 592
516 925
917 1840
288 967
227 987
321 1293
142 967
680 1110
638 1280
214 255
297 926
166 977
207 641
855 1784
83 782
345 352
931 1580
855 1055
758 1178
698 1636
971 1246
751 899
901 1153
1000 1413
272 1136
973 1289
176 307
967 1025
797 1318
254 799
646 967
112 360
458 862
622 970
547 569
644 886
407 1271
786 1275
877 1474
578 1183
374 1119
363 450
210 233
259 508
951 1452
229 609
858 1150
31 413
338 797
761 1290
599 746
611 1145
550 1404
5 616
409 1052
268 488
684 1596
373 1149
176 836
888 1545
533 992
978 1851
370 1366
714 1320
24 151
233 679
865 1268
832 1268
902 1459
926 1073
685 715
413 456
622 1245
515 1251
872 1293
323 386
213 534
608 1206
893 1293
288 1165
677 707
623 1162
32 940
907 1141
36 348
83 757
773 1044
106 483
823 1645
216 671
881 1540
468 855
907 1307
182 862
159 587
825 1760
871 1681
71 181
273 313
711 1020
428 1322
114 942
738 1118
265 521
183 703
289 985
136 1056
659 1288
709 1022
775 1583
939 991
297 556
527 829
819 1582
99 834
977 1493
868 1727
285 826
407 608
137 365
593 1286
723 839
244 266
712 1528
468 905
450 606
671 721
59 1028
202 808
958 1484
449 1319
181 1074
804 1090
756 1410
336 962
756 857
42 1021
731 1497
563 1022
672 1492
279 803
3 94
628 1135
94 382
864 1805
624 770
359 384
306 590
62 427
377 714
917 1229
474 1137
701 945
125 997
143 329
916 1913
375 1333
414 1085
238 284
897 1155
541 724
863 980
926 1483
731 1344
92 202
588 753
845 1668
762 1629
91 184
199 1156
155 514
451 1396
53 1049
953 1262
184 243
410 1069
8 545
582 1509
640 1000
946 1180
18 97
116 752
407 900
644 916
893 1104
513 1047
395 1353
25 514
70 635
527 1160
800 1535
324 594
142 649
248 852
395 594
434 780
51 381
116 759
905 1182
418 757
827 1339
989 1563
221 955
336 801
433 1015
835 1338
511 1150
223 528
125 635
172 858
555 940
976 1333
403 506
325 711
936 1128
442 1238
893 1411
258 1235
803 1172
314 509
621 674
344 512
507 1262
844 1023
310 757
64 431
55 343
77 626
803 1598
961 1180
464 707
539 1149
349 426
870 1002
950 1604
267 1115
279 588
684 735
281 470
521 786
737 1170
249 361
107 772
844 1187
663 786
637 1175
920 1704
993 1598
686 777
166 848
485 1272
441 714
346 744
77 587
897 1646
800 1371
629 1271
232 1057
590 1002
177 851
302 1004
976 1457
428 759
769 1426
287 820
199 989
444 1001
133 639
710 1230
948 1663
895 913
197 683
20 313
914 1604
550 1096
723 781
261 1078
490 1024
123 858
612 999
611 1504
916 988
282 1131
158 905
131 983
360 1312
713 1524
391 786
967 1363
392 990
691 963
796 843
407 749
884 1190
612 915
908 1717
706 1447
284 761
99 587
158 309
599 1322
495 720
194 986
302 1243
830 884
283 347
189 694
759 1252
850 1482
613 1542
241 673
759 1510
670 950
696 1174
396 614
853 1306
723 1323
928 1456
793 1563
922 1609
727 1560
704 1082
119 424
40 142
588 1395
883 1801
818 1746
954 1928
823 1796
651 1404
82 364
685 1242
14 769
594 1333
807 1408
711 1459
111 974
23 858
594 1405
443 663
199 926
474 855
571 1523
719 1422
571 640
490 783
136 645
33 859
486 992
12 492
201 301
293 527
779 789
155 387
453 942
790 1002
450 977
826 1305
380 1060
786 1295
760 1518
579 969
328 1289
768 1395
486 641
74 346
929 958
239 1108
22 201
669 1569
855 1737
916 1813
261 1189
795 796
66 584
650 689
871 1129
776 1301
75 376
193 829
190 935
517 980
4 540
772 1328
876 1067
834 1017
586 1092
986 1545
55 683
216 543
68 781
700 1149
374 1061
750 1026
551 805
430 691
330 1282
832 991
867 1153
316 1170
467 969
440 986
685 833
543 659
585 1230
590 1093
385 1239
432 1068
690 1185
394 1301
11 204
137 857
723 1716
35 88
283 595
518 1174
495 1090
137 403
247 1188
372 393
497 598
401 819
913 1285
621 1509
285 828
810 1691
891 1528
737 913
219 1170
739 1562
294 464
466 685
227 652
684 1133
179 270
24 163
992 1011
838 1576
240 518
566 1497
836 1284
226 389
470 831
862 1336
615 649
885 1147
315 535
456 1155
193 921
383 925
538 1420
289 1160
265 1032
685 924
55 177
471 863
382 774
257 1045
543 1315
484 827
26 598
585 700
450 699
447 1371
281 877
277 812
855 1240
507 937
292 477
909 1328
210 1178
705 1272
718 1471
28 722
342 667
509 570
336 506
667 987
585 1021
83 154
388 565
933 1722
233 684
611 1192
711 1570
629 1437
333 515
560 780
458 835
492 1417
729 972
787 1337
27 560
327 811
806 1725
785 1775
399 771
723 1375
366 878
305 680
219 730
513 634
822 860
795 884
43 653
748 1367
497 537
976 1782
2 835
302 643
300 381
875 1111
79 340
487 719
815 1327
108 457
202 1135
156 284
831 1726
564 1158
718 1338
210 1079
873 1611
759 1484
488 744
859 1789
178 1129
799 1472
779 1091
824 1044
447 853
590 1148
841 987
328 903
363 384
730 1437
374 1123
456 1004
511 675
672 841
215 282
81 806
743 1190
912 1569
864 1624
774 1561
333 1018
919 947
488 1368
547 1343
437 1396
183 1047
344 739
818 1278
376 688
114 225
346 484
426 1012
658 1473
233 992
862 1749
565 1006
470 1378
982 1523
178 457
265 455
149 653
225 723
976 1372
594 1477
774 1740
123 262
160 1056
683 1513
93 941
546 567
191 799
915 1163
123 603
398 672
686 1084
18 55
526 1450
770 1437
753 1566
340 626
239 567
81 442
799 1184
995 1677
483 746
309 944
19 691
411 1089
278 864
955 1661
196 232
948 1846
570 969
181 859
481 1174
174 985
106 1061
410 876
68 922
61 307
483 1341
727 888
683 1209
223 986
774 1308
582 976
66 519
353 637
674 1364
807 1386
43 260
280 830
225 1126
629 1352
237 534
639 726
521 1389
249 1103
126 535
351 1170
531 846
61 553
511 1174
345 880
994 1739
718 1318
256 1177
301 624
851 1527
230 281
39 184
265 1019
926 991
672 1201
522 1310
632 1423
681 816
125 1125
928 1879
980 1485
90 1008
515 1350
347 635
190 1141
923 1106
235 746
497 544
536 816
779 1180
485 700
204 837
531 789
520 903
137 605
116 536
815 1070
407 699
366 1217
16 1013
754 1540
593 1501
825 1094
720 1402
822 1006
301 320
984 1150
295 329
404 827
181 994
94 831
701 1262
822 1208
771 1533
410 596
25 779
857 1042
399 907
39 949
177 682
8 310
730 1389
698 1406
334 1095
377 1207
790 981
114 893
717 1300
621 1010
330 613
272 376
215 717
840 959
806 1602
104 593
602 1147
257 439
606 1579
655 1016
283 620
25 658
615 865
290 1248
234 789
606 1148
816 1402
375 794
308 535
847 974
915 1102
224 371
711 1161
114 396
595 892
600 770
901 1215
594 1300
238 682
855 1309
541 661
7 306
632 1030
834 1626
866 977
804 1118
691 1470
992 1951
150 318
180 433
20 775
937 1670
684 1085
209 966
335 795
896 1608
422 458
457 1236
779 1418
54 954
896 1718
292 605
107 221
255 914
266 350
864 1327
406 606
264 529
754 1585
125 980
445 687
966 1794
955 1366
688 751
223 846
773 1674
886 1077
664 904
209 567
757 777
15 853
340 1324
128 407
284 922
16 416
649 1641
705 1412
819 1209
165 262
301 388
748 1239
742 1237
618 1563
776 1325
932 1543
864 1735
538 836
425 1121
147 367
718 1481
1 150
220 408
672 1566
556 789
144 475
773 1176
977 1071
994 1284
939 1848
519 807
260 644
262 1225
712 1020
680 1301
928 1921
235 882
682 1620
440 1268
173 1038
489 620
820 1029
988 1760
739 1683
123 727
744 824
153 737
616 1219
378 593
726 1076
651 1506
364 512
764 1567
70 742
766 1069
362 431
891 1785
812 1416
334 1073
464 924
310 1081
958 1509
598 1550
579 1250
885 1414
665 1603
364 1104
382 794
681 1074
200 795
840 1560
713 1296
484 1413
960 1451
946 1163
829 1293
946 1410
664 1108
887 1817
615 662
365 785
95 227
30 93
726 1675
874 1830
702 1550
973 1434
682 1168
911 1820
634 949
142 738
619 1277
449 829
844 1788
523 876
429 1055
162 301
927 1328
126 846
500 1315
307 1277
221 1167
539 1394
686 1370
884 997
113 365
995 1453
259 619
475 502
723 861
886 1569
579 1278
565 716
197 534
857 1201
538 1344
782 794
408 582
561 1115
563 1055
360 1144
439 1426
443 520
519 1022
504 679
218 721
569 732
99 432
922 1834
738 1082
367 1009
906 975
964 1559
510 720
23 791
934 1015
919 1352
387 1017
416 846
93 382
86 672
694 863
975 1685
782 1766
538 752
169 231
682 1243
228 807
888 1008
693 1015
542 724
555 961
181 906
428 1284
173 177
819 1665
371 1190
339 1317
216 1120
616 1324
821 1789
36 287
115 329
786 1213
35 71
255 935
209 607
396 647
311 1299
475 956
968 1146
408 1159
208 651
600 1337
339 989
594 1351
964 1570
503 1250
701 1606
266 1065
583 1579
980 1642
313 1292
923 1471
335 477
42 851
532 652
548 1153
764 947
353 973
131 574
11 386
450 1006
802 1729
527 1189
225 797
790 1412
427 1328
627 1268
444 1071
437 622
569 1078
566 1129
666 1168
471 1020
301 640
883 1763
355 554
432 1355
959 971
361 1267
768 966
301 879
304 1026
558 630
751 1593
846 1284
636 857
253 585
317 405
303 624
535 1081
12 516
20 994
874 1448
393 1217
114 150
61 1009
187 1143
157 293
508 1402
874 1802
329 1279
609 1042
256 535
495 507
449 569
216 767
214 362
17 705
920 1230
188 1170
95 631
341 608
276 657
581 1558
889 1357
198 1102
868 1247
229 712
555 698
321 1159
971 1820
980 1584
839 1179
165 389
476 1103
894 1033
65 375
508 1496
844 1287
153 1113
974 1153
252 682
214 886
531 1511
246 765
622 1604
188 1181
888 1635
832 1011
568 1243
100 837
247 557
955 1065
205 1188
570 1295
653 1286
896 1698
63 447
319 1181
572 701
254 995
186 556
618 1560
715 1302
309 1043
813 1294
519 931
955 1909
23 994
32 661
51 375
447 1031
522 1209
510 653
934 1307
274 891
757 1735
534 1110
131 473
56 505
137 475
317 611
54 608
507 943
380 912
713 983
157 385
552 1539
444 623
716 1649
795 1135
204 943
123 336
595 920
552 639
749 1261
644 1415
467 807
195 975
681 1634
867 1361
759 1305
830 1042
594 732
66 786
335 1143
98 161
671 876
981 1436
605 753
983 1218
183 916
143 408
39 667
999 1211
938 1913
324 1275
832 1423
285 425
30 139
550 983
915 1127
830 1781
108 897
798 1790
867 1455
287 666
469 823
147 187
596 1260
910 1149
806 1647
220 336
446 1339
171 897
343 954
901 1892
36 152
487 1440
307 1023
723 1145
467 716
431 830
682 1539
242 814
176 247
32 691
626 834
233 992
401 552
291 989
348 542
59 937
961 1770
168 228
363 489
691 776
791 1469
934 1526
220 706
553 762
177 1139
355 511
570 1306
105 386
264 583
671 1007
747 1713
332 804
512 1484
885 1596
742 924
785 1219
438 486
774 1015
593 612
131 484
116 808
200 1178
290 856
611 1091
587 1505
105 1059
897 1211
376 894
381 579
207 1133
599 677
51 819
218 793
974 1086
391 1175
734 1178
827 1208
383 1000
394 1140
468 941
473 565
872 1322
952 1882
907 1244
350 906
515 1157
448 715
638 1204
981 1520
131 946
566 599
144 641
502 751
924 1475
648 1596
583 1522
543 1301
235 858
301 1103
63 239
335 938
567 803
772 1669
504 754
415 877
529 916
218 253
996 1894
140 266
686 1324
383 763
688 1489
909 1106
195 618
223 910
888 1307
505 1214
789 986
977 1211
79 501
196 1188
613 1411
751 1553
315 640
92 487
961 1001
502 606
23 423
37 80
783 902
733 1405
798 1785
222 472
787 796
449 874
714 1644
889 1702
51 231
951 1602
88 558
881 1169
602 1260
94 672
583 1194
833 1170
32 996
733 1107
302 1184
433 1401
853 1449
550 1381
999 1484
260 931
638 1328
245 1055
462 1011
358 581
505 988
566 1334
374 804
944 1548
63 442
78 801
563 1481
483 1459
119 761
212 800
126 488
927 1582
253 739
920 1362
180 325
819 872
799 1402
668 1088
40 865
714 1682
220 449
780 1126
923 1877
539 1048
11 610
367 634
19 552
445 1075
103 173
125 791
586 1441
896 1726
996 1476
673 777
255 266
811 1052
146 709
129 368
565 1023
230 293
258 1039
459 461
131 525
528 1415
146 873
509 622
854 1574
30 572
214 344
415 904
447 1051
49 462
410 1280
733 1251
724 1322
114 792
99 314
791 943
63 1002
0 270
119 958
690 767
413 1366
478 912
445 1444
23 128
618 1179
806 1196
292 305
504 1187
523 831
864 1122
84 597
299 754
162 790
326 1176
363 930
141 1057
640 993
171 499
594 1026
225 877
821 1374
444 453
338 946
89 817
391 1245
123 899
637 1527
532 633
47 407
403 1002
250 281
176 1165
147 513
95 372
374 864
465 504
153 711
118 663
680 1127
748 1289
226 425
946 1108
948 1419
390 659
337 1000
227 1196
217 1027
312 589
520 903
66 750
965 1078
877 1809
737 892
637 1013
272 1118
788 1671
916 1149
809 1372
880 1165
332 1025
388 583
803 1546
728 1725
112 295
664 714
540 621
196 323
142 561
298 1103
822 1805
498 1425
201 535
793 1313
599 805
95 709
572 934
495 917
512 738
30 71
763 802
46 80
613 684
543 738
936 976
139 784
341 539
209 1057
627 1191
232 819
537 708
764 820
236 984
944 993
330 1052
776 1210
610 885
85 785
942 1050
236 244
519 967
421 944
783 807
1000 1224
163 1058
170 891
96 982
409 1272
558 878
623 1246
50 1024
204 921
267 1109
24 944
919 1709
130 605
196 311
78 623
681 1242
503 802
312 1195
174 757
58 267
181 746
844 1555
314 737
579 1438
582 788
137 966
717 769
954 1078
934 1850
511 1018
258 409
246 522
41 142
853 1778
468 1269
21 822
972 1559
542 646
546 1232
781 1664
280 1168
216 725
81 478
261 640
582 594
39 664
503 1218
316 894
152 915
940 1498
274 1236
813 1298
66 403
962 1256
946 1370
509 749
590 978
909 1508
603 1031
582 800
715 1253
835 1600
633 1469
294 710
101 577
838 1140
521 1391
311 860
609 1235
854 1245
855 1737
311 362
667 758
807 1671
32 424
1000 1879
521 980
50 18 58 159 226 244 248 263 353 358 363 366 397 426 448 507 511 514 556 576 623 647 659 673 696 702 732 779 813 1085 1112 1152 1168 1234 1372 1415 1426 1434 1492 1493 1540 1545 1620 1679 1698 1750 1774 1896 1916 1952 1981 
48 7 10 19 166 207 242 280 286 295 298 324 363 387 407 424 493 506 508 697 753 756 858 938 960 1002 1009 1020 1048 1050 1068 1127 1149 1185 1233 1328 1412 1523 1530 1584 1609 1621 1686 1691 1700 1880 1895 1914 1937 
41 8 44 112 129 154 224 296 307 345 399 521 565 575 682 779 785 851 862 932 1013 1030 1031 1069 1160 1171 1180 1225 1275 1375 1380 1427 1475 1507 1719 1727 1748 1770 1787 1797 1824 1954 
43 120 126 312 354 410 473 489 497 530 654 659 706 714 735 775 866 881 892 1031 1066 1094 1216 1253 1269 1290 1310 1312 1336 1365 1391 1431 1449 1496 1522 1568 1579 1603 1650 1662 1667 1766 1781 1817 
42 56 152 181 269 340 349 476 477 535 584 590 669 699 780 801 815 853 971 985 1027 1156 1179 1224 1229 1230 1287 1366 1382 1408 1417 1477 1607 1676 1680 1707 1717 1734 1736 1817 1823 1827 1931 
41 128 172 189 194 201 249 265 354 360 430 526 622 655 736 738 847 914 934 949 986 988 1047 1135 1153 1163 1191 1261 1535 1545 1659 1683 1741 1767 1771 1774 1783 1786 1797 1801 1816 1990 
40 31 49 73 74 142 153 180 202 272 347 408 414 415 429 535 550 638 751 754 902 923 924 1017 1032 1033 1042 1145 1238 1296 1303 1330 1342 1438 1469 1500 1559 1586 1685 1789 1878 
38 44 51 61 73 132 136 158 205 228 318 343 351 528 604 628 645 690 727 768 871 906 909 913 974 1010 1061 1082 1150 1317 1421 1456 1547 1676 1766 1842 1916 1971 1987 
41 6 13 16 103 196 221 267 339 358 361 452 481 528 536 549 590 647 652 680 708 810 884 977 979 1040 1081 1132 1424 1430 1435 1447 1564 1589 1597 1598 1652 1702 1825 1931 1969 1979 
31 106 130 176 230 295 328 336 417 494 549 553 578 603 777 805 833 848 939 1125 1433 1437 1472 1498 1507 1545 1556 1560 1664 1726 1799 1938 
44 50 70 75 90 101 217 269 270 335 411 412 435 448 469 472 493 538 546 577 675 759 760 806 833 849 935 984 993 1078 1274 1280 1313 1373 1374 1395 1397 1470 1489 1562 1600 1624 1706 1894 1957 
27 15 62 114 129 396 431 515 606 610 631 645 713 848 893 1136 1165 1204 1207 1294 1300 1301 1359 1456 1512 1582 1587 1784 
33 0 177 193 239 266 290 301 356 390 578 606 858 864 929 936 966 969 1051 1082 1094 1176 1311 1359 1361 1521 1555 1611 1643 1683 1704 1735 1775 1866 
44 9 68 70 113 125 314 376 418 577 650 713 721 734 737 757 812 820 839 896 922 1014 1107 1167 1253 1317 1341 1390 1391 1417 1455 1457 1524 1555 1597 1601 1677 1717 1755 1765 1777 1785 1850 1899 1946 
37 5 50 155 184 226 255 260 336 546 552 587 668 859 882 889 895 949 981 990 999 1222 1254 1257 1290 1352 1360 1416 1626 1627 1668 1703 1793 1807 1813 1836 1861 1900 
38 20 135 154 164 166 269 273 274 385 428 595 678 817 911 921 977 1143 1187 1292 1314 1326 1329 1354 1356 1390 1391 1420 1452 1519 1521 1599 1645 1704 1743 1764 1775 1793 1807 
41 21 26 139 207 213 225 266 320 339 491 557 570 711 720 758 892 909 911 946 992 1055 1058 1086 1200 1204 1319 1380 1401 1416 1433 1441 1450 1494 1530 1542 1625 1629 1632 1855 1908 1911 
36 2 88 200 225 281 386 394 427 433 447 456 616 693 763 771 798 823 839 853 915 917 1043 1177 1273 1337 1390 1403 1451 1676 1706 1761 1762 1835 1840 1842 1911 
46 10 74 201 232 240 277 281 295 306 332 384 486 493 601 668 894 907 912 981 1078 1084 1115 1121 1145 1171 1265 1297 1334 1419 1434 1473 1475 1480 1498 1578 1635 1636 1648 1689 1708 1732 1798 1801 1843 1919 1980 
39 19 41 72 127 185 284 437 484 516 554 587 653 686 707 731 767 849 1019 1079 1083 1148 1170 1242 1253 1312 1350 1375 1401 1465 1491 1541 1623 1750 1808 1838 1901 1911 1941 1990 
57 54 55 76 135 157 221 256 273 405 434 470 471 546 548 556 580 581 584 587 609 762 812 857 925 927 982 988 1012 1043 1103 1220 1232 1260 1271 1318 1338 1339 1342 1363 1402 1406 1410 1430 1458 1466 1503 1541 1601 1624 1669 1742 1765 1784 1856 1860 1980 1995 
51 20 29 109 121 132 188 264 272 331 349 384 432 551 580 581 602 613 686 801 807 832 921 926 986 1018 1022 1067 1074 1123 1148 1171 1218 1270 1277 1292 1302 1316 1463 1567 1598 1635 1735 1743 1810 1825 1840 1869 1872 1880 1961 1977 
41 23 117 164 287 328 352 390 405 461 514 519 579 736 766 799 814 821 850 901 936 976 1023 1053 1054 1069 1108 1134 1157 1164 1189 1195 1213 1298 1333 1551 1588 1639 1721 1827 1844 1950 
43 67 134 212 240 271 275 354 386 409 473 484 489 493 588 638 649 676 683 756 762 841 877 1011 1066 1111 1152 1168 1224 1233 1323 1351 1373 1455 1512 1527 1531 1611 1699 1711 1721 1725 1726 1893 
40 23 79 86 93 184 204 223 235 237 270 369 407 451 510 515 553 605 679 705 716 720 988 998 1045 1167 1251 1273 1313 1340 1396 1412 1542 1581 1599 1624 1628 1703 1724 1862 1977 
28 41 51 178 225 361 485 576 588 645 702 731 838 875 924 1016 1017 1170 1234 1258 1373 1398 1529 1586 1693 1707 1715 1804 1942 
29 186 283 311 360 441 496 536 549 615 669 670 745 970 981 983 1072 1187 1337 1344 1369 1372 1378 1475 1541 1630 1800 1857 1865 1867 
31 8 40 42 57 278 303 339 382 450 548 669 737 739 830 938 997 1072 1346 1360 1421 1450 1456 1495 1532 1635 1721 1726 1732 1750 1772 1954 
37 160 182 201 259 297 425 471 508 602 685 782 798 837 884 906 928 931 991 1046 1056 1059 1200 1232 1237 1252 1456 1477 1584 1634 1645 1757 1820 1836 1840 1907 1910 1957 
50 36 106 127 186 201 249 449 495 500 607 632 810 813 837 886 904 908 955 975 985 1031 1033 1051 1074 1083 1129 1145 1151 1187 1200 1311 1383 1412 1439 1471 1516 1553 1574 1597 1640 1646 1678 1745 1770 1796 1892 1897 1901 1955 1963 
46 6 50 54 76 156 160 203 210 275 280 310 319 323 386 426 523 556 585 604 634 816 869 889 905 937 958 1035 1089 1250 1280 1282 1314 1321 1431 1439 1453 1524 1542 1586 1603 1625 1762 1824 1860 1863 1882 
29 43 78 213 383 407 427 449 473 623 626 724 845 980 1060 1154 1310 1323 1332 1405 1413 1508 1563 1590 1707 1734 1759 1832 1866 1938 
47 46 51 83 146 153 211 221 231 249 260 282 299 408 522 650 651 657 661 708 776 810 955 959 972 991 1034 1066 1089 1125 1148 1178 1179 1212 1248 1257 1298 1305 1452 1491 1577 1626 1668 1748 1799 1821 1850 1978 
44 19 63 69 87 206 247 274 299 443 459 538 558 571 769 778 811 816 859 933 953 1039 1074 1089 1094 1179 1266 1277 1318 1331 1356 1442 1444 1493 1525 1547 1554 1599 1722 1783 1845 1847 1919 1931 1987 
30 85 118 270 319 432 467 480 488 626 694 715 732 837 854 887 1206 1295 1298 1327 1395 1461 1546 1641 1689 1733 1756 1802 1885 1900 1958 
47 9 56 83 113 125 210 319 337 430 468 474 479 552 653 715 733 746 763 773 898 923 1040 1081 1155 1157 1221 1226 1236 1335 1340 1371 1495 1511 1523 1529 1541 1625 1650 1797 1804 1818 1824 1864 1921 1949 1972 1976 
33 5 11 336 393 521 538 567 576 641 664 687 701 734 735 737 755 820 885 1051 1186 1192 1236 1341 1355 1363 1443 1458 1631 1698 1699 1734 1879 1984 
36 29 41 478 512 532 596 619 712 752 778 779 874 930 975 1001 1005 1070 1076 1078 1161 1185 1208 1260 1281 1308 1310 1315 1483 1566 1567 1649 1788 1829 1888 1903 1922 
37 75 102 156 338 361 380 405 432 465 713 803 842 868 872 909 983 1018 1090 1185 1201 1203 1226 1266 1347 1371 1400 1412 1529 1551 1607 1621 1652 1752 1798 1802 1896 1993 
38 0 7 102 133 220 252 273 301 340 350 435 507 543 589 645 737 810 870 961 963 1060 1095 1341 1381 1472 1509 1579 1584 1593 1606 1644 1673 1719 1809 1837 1867 1881 1952 
36 126 199 236 311 323 359 539 566 582 584 647 684 764 872 943 954 1006 1069 1158 1228 1245 1255 1259 1335 1337 1372 1392 1393 1462 1510 1534 1723 1731 1753 1754 1772 
38 0 77 165 229 247 251 268 336 396 476 509 555 580 626 714 837 866 925 979 1014 1088 1151 1158 1162 1168 1177 1205 1305 1311 1440 1494 1500 1515 1517 1622 1653 1660 1817 
33 90 97 99 141 177 222 286 385 462 469 532 674 797 842 852 1025 1177 1227 1230 1267 1274 1282 1415 1450 1451 1476 1523 1531 1748 1908 1912 1933 1935 
50 6 32 67 80 91 189 231 249 299 357 370 395 412 442 497 516 569 627 652 675 826 934 972 1015 1016 1019 1034 1066 1226 1229 1239 1290 1408 1476 1517 1527 1581 1583 1587 1594 1663 1717 1737 1796 1799 1806 1812 1892 1910 1985 
38 127 169 226 241 295 365 425 455 494 605 741 787 926 1049 1063 1075 1084 1244 1254 1293 1441 1489 1540 1565 1580 1586 1592 1633 1676 1688 1704 1735 1753 1903 1924 1932 1936 1940 
38 100 163 195 252 273 595 600 604 649 722 778 796 808 1084 1123 1128 1166 1186 1202 1292 1304 1324 1366 1368 1381 1407 1546 1623 1641 1658 1679 1749 1798 1833 1870 1920 1966 1976 
33 0 143 155 182 304 315 420 493 507 531 550 620 668 714 752 904 1203 1275 1391 1462 1581 1605 1608 1684 1714 1731 1737 1810 1859 1913 1944 1949 1987 
45 31 49 100 107 153 167 183 230 254 362 429 449 464 503 520 534 603 608 612 672 683 684 714 715 800 841 923 978 1071 1130 1315 1336 1532 1549 1622 1676 1678 1687 1692 1700 1759 1760 1763 1847 1855 
41 37 92 98 271 285 317 451 468 498 577 583 648 654 680 701 730 822 852 880 1013 1016 1173 1178 1223 1227 1432 1529 1548 1559 1562 1715 1729 1749 1787 1807 1825 1879 1884 1894 1925 1930 
43 35 46 176 180 201 230 238 261 306 332 356 405 444 446 512 544 563 566 688 778 883 888 966 971 1039 1047 1145 1152 1367 1423 1433 1459 1493 1527 1528 1600 1649 1658 1725 1889 1893 1913 1945 
32 4 56 86 193 227 228 372 386 490 532 533 628 669 678 866 874 1046 1148 1203 1228 1320 1322 1364 1443 1475 1518 1577 1830 1843 1854 1923 1993 
47 11 61 88 195 279 524 557 654 716 745 755 772 810 835 847 870 874 904 919 953 970 999 1054 1058 1082 1123 1162 1211 1247 1264 1265 1280 1313 1332 1372 1433 1540 1569 1665 1774 1779 1820 1869 1934 1940 1979 1998 
40 46 59 73 188 272 330 388 411 428 467 468 470 487 502 517 565 730 767 877 929 1069 1082 1097 1150 1355 1365 1395 1410 1428 1568 1577 1579 1660 1705 1720 1782 1796 1846 1869 1923 
35 53 251 356 458 485 487 581 628 695 703 730 744 755 776 897 906 914 1073 1113 1147 1178 1193 1234 1316 1329 1506 1578 1776 1858 1860 1877 1886 1934 1975 1999 
31 62 116 209 240 245 280 313 342 348 547 652 716 753 843 916 918 956 1008 1100 1133 1172 1176 1193 1230 1320 1358 1384 1548 1635 1675 1954 
38 24 97 259 302 329 347 392 425 433 458 517 573 630 690 707 787 791 800 801 950 951 1029 1136 1156 1357 1468 1493 1523 1578 1602 1605 1670 1773 1857 1934 1959 1961 1981 
24 2 22 105 258 262 276 318 532 586 660 684 776 828 989 1046 1201 1219 1506 1522 1542 1566 1628 1834 1925 
41 3 48 52 75 183 206 318 346 485 608 613 636 661 714 739 741 778 837 863 866 900 948 1035 1062 1064 1122 1188 1216 1298 1307 1315 1321 1451 1513 1673 1677 1751 1770 1779 1837 1883 
42 36 65 75 103 229 303 450 471 492 529 585 630 764 780 794 798 814 824 861 924 1015 1033 1140 1176 1191 1196 1222 1264 1275 1290 1371 1420 1507 1521 1538 1568 1582 1602 1684 1817 1903 1945 
29 44 115 146 256 307 475 499 508 513 533 565 747 797 969 1012 1052 1167 1233 1278 1306 1372 1437 1481 1507 1540 1600 1881 1957 1959 
40 4 24 75 78 296 308 321 454 540 550 561 656 716 717 722 807 844 865 947 996 1071 1119 1148 1172 1185 1213 1351 1371 1414 1502 1540 1581 1623 1650 1665 1749 1829 1910 1915 1992 
35 7 10 76 112 157 205 220 280 344 359 384 389 410 443 458 498 554 578 636 759 851 924 992 1013 1317 1387 1415 1484 1497 1525 1552 1575 1731 1767 1801 
42 109 141 163 230 265 382 387 451 581 588 627 756 790 872 889 912 965 971 993 1005 1025 1071 1075 1154 1167 1347 1356 1378 1429 1502 1545 1551 1598 1674 1679 1681 1731 1741 1743 1862 1915 1916 
46 125 188 191 206 220 233 279 298 321 364 508 525 550 637 649 743 808 831 847 869 873 882 939 943 971 1032 1185 1225 1229 1297 1436 1520 1526 1596 1655 1677 1745 1746 1768 1769 1778 1791 1801 1843 1906 1928 
42 12 38 102 159 249 256 257 285 289 389 405 426 467 494 547 559 623 685 687 709 723 778 847 949 950 974 1107 1110 1280 1337 1431 1436 1450 1477 1481 1495 1558 1598 1606 1627 1800 1960 
50 0 5 19 60 125 146 257 303 427 431 468 521 526 593 605 666 750 776 855 930 938 1019 1033 1057 1069 1115 1129 1191 1205 1251 1283 1382 1393 1418 1476 1539 1602 1670 1673 1680 1687 1690 1696 1704 1819 1835 1868 1896 1927 1959 
41 8 43 61 87 107 155 178 185 202 288 308 568 578 677 785 862 879 880 885 914 937 990 1013 1040 1122 1131 1194 1217 1323 1338 1390 1392 1541 1585 1604 1623 1699 1736 1811 1939 1981 
30 275 383 390 403 564 591 721 741 810 956 958 1092 1137 1166 1194 1320 1325 1327 1338 1402 1480 1645 1691 1702 1824 1856 1910 1940 1945 1979 
44 21 34 53 100 140 183 187 214 271 296 358 367 436 472 511 538 594 624 632 645 707 975 1049 1102 1121 1122 1145 1156 1194 1203 1228 1236 1270 1442 1467 1483 1626 1675 1681 1687 1785 1798 1862 1993 
37 45 47 51 95 113 149 153 191 391 398 482 537 917 927 944 973 1058 1067 1090 1126 1141 1163 1181 1190 1227 1234 1343 1432 1476 1479 1505 1609 1701 1841 1886 1893 1941 
41 2 44 161 203 234 269 298 299 316 338 382 392 437 571 585 624 644 873 905 913 969 1028 1107 1113 1267 1319 1388 1503 1562 1588 1682 1789 1797 1808 1883 1896 1954 1968 1969 1982 1992 
36 60 158 167 196 214 216 254 281 297 364 509 578 580 662 663 719 725 757 913 1015 1020 1091 1253 1415 1454 1475 1499 1500 1780 1858 1861 1883 1949 1962 1976 1984 
34 6 56 227 262 383 388 413 414 432 483 501 630 632 733 780 816 822 836 860 925 988 994 1037 1139 1282 1322 1390 1405 1548 1754 1784 1800 1893 1922 
49 1 111 115 145 247 251 255 261 278 429 433 444 495 504 510 517 610 614 642 679 726 731 750 807 854 941 964 1021 1032 1073 1091 1093 1132 1139 1207 1350 1406 1434 1457 1498 1515 1545 1572 1651 1656 1702 1738 1888 1929 
46 9 21 171 180 181 185 192 337 357 359 405 704 720 747 761 782 802 821 825 878 905 1083 1167 1175 1180 1238 1282 1291 1384 1432 1442 1534 1578 1616 1634 1637 1638 1698 1738 1777 1827 1831 1837 1840 1870 1876 
43 4 5 55 87 129 143 157 203 208 255 345 385 401 413 477 537 582 603 629 718 722 726 754 757 759 841 870 981 992 1140 1208 1267 1409 1515 1569 1612 1682 1723 1778 1803 1842 1876 1951 
30 5 20 60 367 419 510 512 518 633 681 840 989 1046 1129 1200 1214 1399 1423 1438 1450 1602 1613 1673 1702 1715 1716 1839 1958 1986 1988 
36 24 84 116 177 190 339 415 518 564 592 675 809 896 921 925 1103 1138 1175 1187 1305 1307 1318 1429 1479 1495 1506 1511 1522 1618 1622 1803 1819 1820 1896 1934 1939 
39 260 293 377 383 397 437 597 634 635 736 752 772 811 843 846 898 970 985 995 1013 1031 1094 1105 1108 1182 1214 1215 1452 1473 1491 1585 1625 1732 1741 1826 1912 1918 1937 1947 
34 15 42 61 63 168 185 253 314 326 346 359 427 435 517 564 700 734 907 927 946 948 1161 1218 1277 1278 1321 1362 1419 1485 1559 1647 1737 1911 1926 
42 19 41 254 307 334 351 397 426 443 577 579 596 609 867 868 904 984 1033 1055 1065 1087 1124 1190 1201 1205 1209 1300 1303 1361 1379 1526 1601 1604 1659 1740 1756 1786 1819 1931 1974 1980 1985 
38 14 48 103 231 247 256 294 330 384 523 609 655 677 692 732 762 786 802 805 918 995 997 1012 1016 1047 1158 1275 1355 1376 1451 1480 1494 1511 1521 1569 1802 1818 1983 
42 2 72 122 182 241 255 257 261 272 319 347 506 539 552 607 653 696 703 757 798 846 856 880 992 1043 1108 1128 1131 1252 1258 1372 1382 1453 1554 1559 1599 1621 1718 1742 1773 1844 1967 
29 44 118 163 186 257 284 287 465 603 612 659 925 940 999 1020 1045 1046 1067 1125 1240 1281 1345 1386 1580 1720 1844 1846 1898 1976 
41 19 58 60 69 101 147 248 303 319 341 350 398 625 645 648 683 764 774 806 870 885 893 962 1105 1110 1193 1239 1274 1290 1294 1304 1340 1463 1525 1647 1665 1683 1748 1768 1797 1818 
34 57 97 101 126 127 145 153 331 355 386 541 604 682 686 734 957 1058 1195 1254 1279 1292 1312 1338 1372 1385 1431 1475 1522 1624 1738 1795 1882 1942 1961 
38 64 107 112 223 246 269 282 319 341 492 532 554 595 685 761 794 847 873 921 922 931 937 1030 1038 1045 1046 1101 1116 1124 1188 1339 1407 1485 1638 1765 1775 1898 1932 
33 23 108 176 239 247 324 325 382 387 448 566 656 683 709 810 888 895 951 953 1018 1070 1183 1239 1310 1412 1437 1462 1560 1565 1591 1904 1907 1968 
50 2 13 216 219 274 321 336 440 502 519 532 615 632 647 668 697 698 781 929 946 947 988 1014 1044 1100 1112 1189 1210 1263 1361 1417 1522 1533 1544 1560 1563 1564 1598 1603 1634 1719 1722 1736 1765 1809 1811 1837 1845 1916 1943 
33 117 224 305 511 589 625 646 658 711 730 824 829 852 860 876 941 1071 1289 1376 1393 1400 1440 1454 1464 1561 1597 1648 1652 1749 1822 1828 1863 1921 
41 11 30 72 103 129 133 142 271 295 317 337 339 382 475 507 576 582 620 677 696 782 857 1014 1032 1050 1083 1116 1228 1302 1435 1494 1649 1674 1678 1683 1700 1772 1829 1848 1893 1967 
48 58 62 74 157 264 403 515 520 574 627 640 664 733 766 803 882 905 916 987 1012 1014 1050 1121 1128 1130 1188 1251 1315 1355 1379 1399 1440 1456 1477 1526 1574 1673 1676 1739 1744 1751 1752 1766 1770 1871 1894 1962 1982 
36 1 3 52 104 167 311 358 388 454 476 479 492 557 706 754 797 872 995 1273 1355 1383 1426 1454 1465 1537 1678 1694 1717 1724 1738 1751 1755 1828 1838 1859 1930 
41 50 103 110 156 194 206 235 325 337 448 460 478 569 648 797 886 910 933 951 979 1097 1138 1186 1231 1258 1383 1384 1403 1482 1699 1705 1716 1757 1787 1791 1801 1802 1840 1859 1936 1944 
36 37 59 75 119 206 227 321 469 675 701 714 811 905 973 1023 1024 1037 1121 1122 1154 1206 1212 1239 1283 1344 1376 1399 1455 1523 1579 1645 1716 1784 1838 1932 1982 
34 15 98 101 120 144 233 259 327 560 593 837 923 978 1049 1077 1104 1125 1174 1200 1201 1211 1215 1322 1365 1440 1454 1479 1643 1675 1800 1891 1892 1957 1975 
38 66 128 170 180 422 488 516 596 719 740 749 800 839 848 884 971 1090 1146 1157 1184 1389 1450 1486 1622 1678 1698 1721 1804 1836 1842 1874 1879 1902 1913 1915 1919 1942 1990 
38 73 82 177 210 250 292 428 583 713 784 799 844 899 910 927 947 950 980 1028 1067 1133 1160 1291 1293 1360 1394 1459 1492 1588 1622 1666 1728 1799 1821 1894 1951 1956 1984 
34 19 25 28 31 113 170 222 227 336 385 435 479 661 679 940 1066 1098 1149 1169 1217 1335 1462 1552 1582 1597 1680 1716 1758 1886 1899 1902 1936 1968 1982 
36 42 82 302 357 428 466 546 562 818 827 903 920 944 977 1010 1032 1059 1088 1342 1431 1519 1566 1601 1615 1632 1648 1674 1704 1712 1749 1892 1913 1915 1919 1965 1996 
38 54 63 98 117 148 174 251 273 274 333 414 425 455 500 535 549 687 809 888 934 960 998 1004 1064 1078 1159 1186 1190 1273 1320 1359 1361 1381 1652 1701 1785 1899 1976 
37 166 338 371 426 431 495 509 532 536 558 583 586 630 637 651 696 836 896 907 919 1018 1235 1287 1294 1303 1328 1375 1494 1690 1733 1756 1766 1792 1822 1905 1972 1989 
40 45 128 155 157 167 218 228 337 497 548 606 641 646 748 764 788 842 854 917 1164 1189 1191 1206 1225 1290 1373 1444 1448 1453 1482 1496 1524 1577 1754 1820 1859 1874 1896 1927 1933 
43 43 134 141 172 178 182 250 383 388 400 478 539 570 639 643 645 731 732 760 814 970 1091 1112 1196 1204 1302 1470 1479 1514 1610 1614 1616 1625 1675 1682 1709 1798 1813 1835 1920 1922 1978 1982 
42 50 148 153 202 229 272 300 336 341 363 406 493 507 534 553 608 617 693 695 725 765 768 815 838 861 890 904 1017 1068 1278 1343 1539 1583 1621 1785 1790 1798 1822 1877 1892 1899 1948 
51 33 57 125 155 192 249 277 334 368 453 534 611 680 713 804 812 875 930 1128 1146 1196 1231 1279 1296 1316 1352 1412 1441 1452 1499 1506 1508 1514 1556 1606 1627 1639 1645 1693 1755 1767 1770 1780 1786 1789 1797 1809 1861 1940 1941 1956 
40 45 116 143 283 321 378 396 438 500 628 730 731 734 813 815 843 941 945 991 995 997 1047 1082 1093 1173 1187 1326 1367 1387 1431 1451 1565 1617 1637 1647 1677 1823 1910 1917 1943 
45 9 11 226 293 312 382 477 493 495 508 522 535 562 696 777 811 908 911 914 958 1034 1056 1116 1118 1155 1184 1185 1220 1255 1336 1348 1404 1405 1409 1506 1577 1679 1684 1701 1702 1768 1814 1830 1882 1930 
44 4 73 131 150 160 248 296 343 360 365 372 412 426 525 598 609 626 635 651 686 739 746 838 1001 1075 1139 1200 1260 1330 1356 1376 1385 1485 1517 1543 1598 1599 1600 1621 1642 1718 1860 1876 1878 
31 32 106 110 202 253 298 304 310 364 369 415 464 572 933 961 996 1134 1190 1244 1272 1373 1379 1416 1492 1502 1602 1626 1674 1716 1877 1937 
48 56 160 178 186 602 618 624 625 638 682 694 701 725 842 895 918 947 952 975 1037 1041 1055 1076 1087 1096 1104 1147 1228 1240 1247 1263 1284 1292 1355 1371 1477 1579 1629 1661 1668 1701 1725 1734 1811 1817 1857 1935 1961 
43 20 27 99 156 165 275 310 546 668 721 736 763 832 906 910 915 959 992 1033 1105 1117 1123 1167 1207 1256 1358 1363 1402 1481 1495 1512 1521 1591 1596 1622 1675 1684 1821 1856 1905 1912 1943 1960 
51 1 129 292 301 304 338 504 629 634 646 647 705 753 777 791 793 817 841 887 909 948 974 983 991 1026 1051 1102 1104 1127 1129 1168 1173 1174 1188 1190 1246 1268 1313 1460 1463 1604 1622 1630 1640 1687 1784 1839 1859 1954 1958 1994 
45 22 74 78 81 125 161 252 324 376 385 387 405 474 483 671 676 696 834 891 965 989 1068 1077 1109 1111 1145 1167 1237 1257 1311 1426 1432 1474 1496 1510 1564 1631 1648 1858 1887 1890 1914 1924 1985 1991 
48 24 64 82 98 101 126 147 235 264 354 481 492 501 514 533 534 625 646 713 754 781 782 836 988 991 1002 1102 1107 1136 1169 1285 1291 1314 1339 1349 1397 1452 1461 1589 1595 1597 1633 1712 1718 1728 1734 1944 1987 
47 20 66 73 105 179 196 309 323 328 336 371 395 439 450 463 528 715 730 786 826 884 892 922 939 953 974 988 1002 1003 1017 1031 1036 1047 1138 1273 1281 1282 1299 1349 1434 1459 1498 1540 1544 1665 1668 1742 
29 54 178 199 499 553 572 590 611 649 672 831 898 924 928 1068 1152 1338 1358 1393 1395 1478 1497 1587 1651 1676 1679 1765 1983 1986 
44 35 89 132 179 207 237 251 253 302 330 499 576 591 670 693 755 928 1059 1105 1125 1160 1193 1263 1274 1279 1303 1374 1392 1414 1450 1509 1522 1541 1604 1628 1736 1771 1796 1865 1906 1910 1954 1973 1983 
41 35 66 97 100 327 344 369 385 411 419 429 430 452 467 480 501 507 584 697 1045 1186 1201 1226 1256 1262 1263 1353 1375 1497 1504 1562 1567 1572 1601 1614 1683 1685 1796 1804 1877 1983 
47 47 141 163 228 367 406 408 451 472 479 519 533 656 691 699 783 794 859 932 949 1031 1137 1226 1250 1275 1292 1320 1328 1379 1417 1441 1461 1510 1528 1541 1559 1561 1594 1645 1674 1686 1694 1803 1856 1876 1965 1995 
32 109 300 410 640 649 690 723 752 880 901 922 952 978 1035 1103 1255 1321 1374 1383 1392 1403 1418 1537 1571 1656 1703 1727 1771 1818 1914 1917 1963 
40 81 254 286 430 482 533 549 567 687 706 718 728 738 760 815 883 923 969 996 1021 1034 1123 1137 1147 1206 1347 1357 1444 1471 1488 1513 1573 1582 1610 1695 1710 1800 1884 1955 1970 
41 46 62 121 276 291 434 462 470 475 497 503 508 539 579 585 672 761 777 922 975 1034 1042 1089 1178 1180 1229 1290 1329 1348 1364 1394 1407 1639 1640 1709 1717 1724 1750 1752 1815 1975 
39 41 162 274 297 355 452 547 577 594 752 877 885 921 923 1045 1083 1087 1114 1237 1250 1291 1310 1311 1346 1378 1391 1439 1492 1531 1549 1567 1667 1700 1769 1863 1876 1895 1979 1992 
48 68 93 104 184 188 193 300 321 325 475 513 609 657 731 812 840 890 935 947 949 1021 1024 1052 1086 1111 1114 1126 1169 1192 1269 1295 1300 1417 1425 1451 1632 1693 1739 1751 1794 1831 1852 1885 1889 1955 1956 1967 1996 
38 0 65 142 176 203 224 387 481 524 753 795 803 847 930 931 948 1098 1149 1176 1199 1201 1208 1281 1311 1315 1354 1377 1506 1573 1607 1651 1674 1783 1897 1898 1913 1964 1986 
40 12 39 99 149 159 324 340 358 373 394 416 426 471 577 592 632 633 684 744 752 779 794 952 954 977 994 1025 1054 1096 1106 1149 1230 1231 1278 1374 1445 1547 1680 1855 1922 
34 47 74 173 201 231 238 250 322 362 364 542 602 715 779 820 866 882 912 976 994 1053 1259 1304 1368 1399 1487 1509 1671 1673 1796 1818 1839 1857 1957 
51 97 204 247 268 327 382 411 429 456 459 482 551 562 568 579 580 587 618 626 629 719 781 783 836 851 951 1045 1061 1068 1073 1106 1126 1158 1294 1318 1325 1326 1353 1380 1432 1493 1498 1541 1542 1550 1553 1631 1661 1858 1861 1962 
37 42 77 201 425 441 478 524 563 565 589 597 631 633 673 684 689 699 836 849 919 927 928 1048 1077 1122 1165 1233 1312 1317 1418 1497 1623 1750 1837 1942 1964 1991 
45 22 26 30 43 45 105 124 164 181 273 289 307 320 404 548 554 562 602 646 698 753 760 823 952 1013 1050 1080 1128 1221 1284 1294 1322 1341 1395 1575 1580 1657 1679 1708 1757 1799 1894 1910 1933 1935 
51 3 43 79 84 99 135 143 162 179 184 208 221 237 308 326 382 420 436 467 567 645 660 685 705 730 758 868 886 934 1054 1191 1242 1246 1264 1271 1274 1394 1413 1414 1458 1478 1561 1578 1587 1689 1720 1737 1744 1745 1802 1805 
47 42 98 101 126 178 191 204 205 233 265 373 416 483 534 621 623 678 743 863 921 992 1014 1020 1048 1086 1120 1127 1150 1168 1189 1197 1209 1252 1280 1299 1310 1377 1421 1584 1670 1711 1717 1796 1828 1877 1986 1988 
40 106 127 159 202 255 374 665 790 794 810 825 857 866 908 957 990 1023 1026 1035 1082 1182 1186 1225 1276 1293 1337 1339 1359 1396 1451 1533 1571 1753 1792 1834 1847 1899 1905 1958 1963 
40 21 222 243 318 338 344 360 449 507 614 646 663 669 673 728 840 899 970 1063 1085 1092 1111 1123 1192 1200 1203 1250 1256 1284 1340 1478 1550 1607 1688 1831 1846 1856 1924 1948 1954 
42 100 187 223 234 278 304 362 457 497 533 639 650 716 729 732 738 765 873 882 1012 1022 1041 1045 1050 1112 1135 1172 1226 1229 1252 1292 1304 1464 1496 1618 1630 1646 1713 1768 1875 1917 1956 
32 30 105 171 175 276 355 429 468 494 505 513 606 624 696 702 800 801 826 840 916 935 1075 1182 1324 1463 1513 1557 1577 1590 1715 1783 1878 
31 23 111 187 331 336 416 453 513 576 624 695 758 850 867 942 1109 1127 1141 1147 1185 1232 1243 1272 1275 1597 1666 1681 1771 1825 1912 1921 
37 80 92 98 133 182 285 354 382 390 472 608 610 654 655 727 799 810 821 932 936 1025 1084 1102 1170 1190 1202 1452 1466 1543 1629 1703 1773 1833 1864 1877 1895 1930 
39 6 16 138 177 220 318 535 568 579 586 689 695 755 767 783 814 821 887 890 976 1015 1052 1057 1097 1103 1244 1336 1357 1438 1458 1484 1564 1589 1797 1801 1845 1873 1932 1975 
36 13 97 155 156 158 247 277 304 337 340 421 469 529 580 586 697 733 749 869 940 991 1067 1524 1581 1622 1650 1715 1822 1826 1885 1893 1895 1912 1935 1977 1983 
44 59 223 235 247 353 402 431 523 745 777 784 795 799 843 883 980 982 998 1023 1038 1070 1077 1091 1189 1213 1254 1302 1336 1397 1400 1448 1461 1480 1516 1619 1666 1760 1806 1838 1918 1937 1943 1948 1994 
42 12 25 28 29 83 89 449 558 577 654 703 724 748 780 784 813 819 851 856 926 1015 1084 1153 1168 1170 1192 1251 1265 1284 1341 1345 1391 1414 1446 1509 1583 1667 1705 1836 1843 1959 1976 
44 41 47 125 160 209 270 294 301 375 384 440 563 576 583 715 789 876 994 1021 1049 1167 1201 1225 1241 1259 1278 1310 1313 1373 1374 1459 1654 1692 1717 1719 1769 1865 1867 1884 1898 1901 1950 1981 1991 
25 14 106 141 223 253 395 494 559 613 759 838 841 861 866 961 1036 1387 1435 1547 1560 1744 1788 1806 1857 1912 
36 8 21 118 211 305 418 427 546 569 581 658 797 839 850 871 894 910 974 1006 1104 1109 1188 1325 1349 1418 1512 1533 1566 1726 1790 1810 1830 1893 1920 1966 1977 
46 36 64 76 80 145 225 356 366 378 389 492 531 555 578 579 698 717 718 735 765 770 796 933 988 1049 1131 1185 1230 1288 1344 1362 1393 1527 1544 1578 1700 1706 1718 1738 1760 1776 1787 1855 1864 1904 1932 
44 1 27 30 115 124 137 220 236 258 312 322 337 354 406 423 433 546 592 742 756 768 860 881 995 1000 1147 1153 1291 1385 1446 1450 1451 1524 1544 1685 1699 1722 1740 1796 1878 1880 1939 1959 1984 
41 22 51 108 159 190 300 306 329 361 449 474 605 619 646 648 695 796 819 820 880 937 990 1007 1016 1070 1121 1279 1345 1369 1397 1412 1414 1510 1559 1617 1698 1736 1765 1819 1933 1988 
40 85 189 282 327 393 450 511 544 548 576 584 624 668 695 718 837 891 990 999 1059 1072 1101 1110 1194 1198 1273 1296 1362 1394 1492 1513 1543 1557 1627 1662 1680 1690 1708 1791 1845 
41 114 227 276 289 365 442 448 652 653 674 688 733 735 777 780 840 876 946 947 954 969 1020 1049 1053 1150 1209 1241 1262 1295 1308 1344 1435 1443 1460 1585 1598 1632 1633 1758 1926 1966 
50 128 217 243 261 288 339 360 381 407 412 433 474 498 545 578 648 651 674 885 910 971 976 997 1009 1024 1099 1218 1251 1311 1357 1360 1367 1373 1402 1478 1526 1530 1545 1548 1563 1608 1615 1626 1686 1689 1740 1749 1857 1865 1931 
42 49 141 162 301 322 326 370 438 484 507 553 585 623 650 697 717 810 868 883 1080 1102 1118 1131 1175 1243 1293 1305 1398 1413 1437 1612 1654 1724 1767 1820 1821 1822 1855 1870 1892 1953 1975 
41 48 72 104 172 224 225 252 348 358 366 372 400 410 469 475 771 785 806 814 839 853 888 942 973 1000 1004 1053 1175 1183 1204 1375 1377 1445 1450 1582 1705 1718 1733 1792 1946 1964 
41 17 202 205 245 344 550 695 696 702 716 827 929 1022 1024 1066 1108 1110 1146 1202 1210 1225 1298 1319 1350 1357 1393 1398 1413 1422 1425 1491 1496 1501 1522 1525 1577 1673 1835 1906 1961 1978 
42 1 134 136 139 154 170 288 320 421 428 522 626 650 698 778 788 799 808 887 902 911 946 1142 1189 1203 1219 1266 1312 1382 1413 1415 1490 1497 1499 1595 1681 1849 1851 1866 1871 1880 1881 
38 48 212 345 355 409 425 436 448 460 563 583 635 699 763 803 855 907 951 963 987 1001 1012 1197 1237 1293 1370 1425 1447 1465 1482 1528 1540 1638 1734 1805 1884 1898 1979 
34 96 195 207 233 252 270 352 392 622 697 698 758 823 922 1012 1013 1015 1067 1153 1193 1291 1378 1415 1434 1538 1546 1550 1636 1686 1707 1853 1960 1970 1977 
35 48 57 107 111 409 470 563 623 970 1014 1055 1085 1142 1149 1150 1159 1181 1185 1368 1377 1381 1390 1396 1433 1460 1544 1597 1606 1669 1688 1714 1748 1835 1895 1914 
41 28 181 228 323 328 356 460 614 623 692 695 715 738 742 802 813 819 886 1036 1070 1121 1155 1202 1253 1276 1277 1294 1358 1372 1390 1468 1486 1515 1518 1651 1716 1747 1769 1855 1872 1882 
38 43 208 297 322 467 576 688 724 804 836 855 867 869 955 1036 1101 1146 1206 1223 1250 1258 1339 1371 1483 1510 1521 1534 1570 1605 1682 1709 1748 1759 1832 1839 1946 1947 1985 
42 1 78 80 91 130 173 198 204 222 232 313 490 551 555 560 603 606 656 657 671 777 856 931 1057 1106 1169 1204 1343 1356 1388 1400 1420 1428 1476 1501 1600 1626 1720 1735 1841 1849 1933 
40 7 8 38 144 215 253 258 270 395 448 468 471 510 551 733 836 844 850 954 969 993 1035 1101 1145 1152 1162 1168 1188 1210 1226 1227 1277 1317 1378 1491 1549 1611 1636 1701 1938 
41 49 166 295 338 456 457 481 540 541 566 690 717 779 825 842 900 920 922 950 1012 1016 1079 1114 1172 1173 1205 1235 1238 1254 1255 1296 1345 1346 1374 1435 1492 1509 1904 1931 1955 1975 
37 41 77 102 147 151 171 318 394 398 472 547 564 582 594 636 637 736 739 795 869 1001 1051 1124 1283 1324 1342 1438 1439 1469 1507 1516 1535 1613 1645 1701 1866 1954 
34 20 72 77 157 169 176 190 303 379 473 476 482 498 512 543 695 717 828 989 1056 1068 1079 1172 1243 1273 1371 1391 1452 1580 1604 1631 1646 1823 1852 
33 53 137 258 277 341 408 455 496 598 633 752 827 897 909 959 970 993 1071 1133 1231 1288 1295 1359 1419 1475 1480 1487 1592 1623 1664 1861 1862 1941 
45 21 53 57 76 109 133 154 239 242 269 271 316 366 440 448 516 527 562 580 608 625 631 639 913 935 936 1015 1053 1204 1205 1297 1330 1453 1525 1532 1553 1649 1739 1794 1823 1837 1856 1885 1975 1988 
49 4 45 49 81 104 123 226 248 290 357 368 401 406 445 451 487 508 576 600 658 761 812 891 893 906 967 1004 1096 1105 1132 1134 1211 1232 1255 1279 1306 1427 1506 1511 1540 1621 1625 1645 1646 1678 1692 1740 1793 1916 
33 2 51 209 297 305 391 483 502 542 570 589 602 710 712 804 871 956 1003 1130 1151 1268 1360 1374 1390 1401 1493 1544 1593 1666 1755 1803 1826 1902 
54 23 26 27 99 158 179 247 274 277 291 333 343 357 362 399 413 438 461 509 512 547 571 602 738 744 805 818 819 838 931 932 1012 1048 1072 1083 1227 1300 1356 1398 1423 1460 1508 1610 1677 1713 1826 1844 1873 1934 1935 1956 1971 1981 1989 
38 7 105 224 323 342 374 383 417 422 472 565 615 688 689 787 792 838 875 879 897 924 1008 1017 1076 1085 1124 1147 1191 1301 1321 1343 1454 1484 1523 1578 1769 1839 1958 
38 1 9 42 112 119 161 197 287 309 338 434 445 468 480 501 795 926 1047 1169 1173 1177 1210 1216 1278 1281 1285 1314 1366 1436 1491 1608 1621 1657 1667 1706 1720 1900 1930 
48 4 25 34 52 77 79 125 126 180 183 232 244 250 346 391 392 406 428 511 526 681 697 730 807 868 890 962 982 989 1065 1072 1092 1276 1295 1319 1453 1455 1475 1479 1603 1637 1732 1817 1848 1879 1880 1894 1978 
37 45 46 52 53 65 67 82 97 165 391 400 402 439 486 588 710 766 784 806 1046 1051 1127 1301 1364 1404 1412 1552 1599 1619 1655 1671 1672 1719 1806 1897 1921 1980 
40 25 28 131 132 229 320 340 379 431 452 546 554 579 700 722 786 858 874 923 972 1044 1076 1202 1242 1245 1306 1334 1340 1371 1484 1500 1508 1542 1580 1621 1732 1897 1909 1954 1960 
39 52 72 81 111 198 221 276 313 591 605 611 624 700 731 756 818 908 979 1041 1085 1099 1161 1174 1219 1249 1325 1508 1530 1655 1672 1733 1765 1784 1799 1858 1892 1914 1930 1955 
33 2 74 107 108 126 165 174 220 221 300 356 532 670 880 904 1003 1083 1174 1231 1283 1286 1290 1442 1507 1528 1536 1585 1588 1752 1817 1841 1871 1897 
45 32 47 102 141 145 220 234 260 279 373 510 525 537 660 704 802 815 891 950 996 1045 1129 1146 1153 1180 1240 1260 1276 1300 1318 1487 1488 1543 1577 1624 1647 1681 1712 1743 1766 1803 1851 1960 1965 1969 
36 3 55 94 250 262 298 329 363 371 383 550 648 649 653 689 796 816 993 1022 1274 1338 1356 1392 1414 1422 1526 1654 1691 1694 1700 1722 1725 1735 1742 1954 1955 
39 59 123 156 161 187 221 271 299 326 354 448 593 629 721 742 770 776 817 822 848 928 996 1093 1202 1212 1227 1235 1262 1319 1362 1455 1486 1630 1653 1783 1788 1887 1901 1920 
37 42 122 140 194 208 220 355 368 425 452 470 540 549 578 612 674 754 776 964 973 1018 1155 1159 1170 1207 1416 1494 1501 1536 1561 1609 1644 1656 1664 1727 1754 1856 
33 290 332 337 359 393 427 449 471 515 605 676 732 743 804 907 1019 1093 1135 1256 1297 1327 1342 1348 1352 1481 1563 1605 1633 1642 1696 1737 1881 1923 
49 26 33 43 89 168 222 224 263 279 305 329 338 342 409 450 454 467 469 500 518 566 577 629 723 735 737 795 845 904 960 1031 1113 1117 1235 1285 1295 1309 1396 1457 1543 1554 1565 1601 1612 1636 1731 1753 1805 1911 
45 222 238 283 306 377 430 441 453 548 552 586 662 671 685 714 788 789 791 824 830 881 929 969 972 990 1073 1082 1149 1154 1198 1225 1236 1291 1355 1363 1371 1464 1546 1646 1675 1708 1768 1836 1930 1944 
35 42 44 71 207 348 393 442 453 602 604 662 682 691 695 700 716 795 849 1090 1126 1232 1275 1286 1314 1394 1506 1573 1623 1646 1703 1716 1756 1887 1910 1950 
51 5 33 100 104 142 154 176 248 394 459 467 468 486 492 509 530 536 564 607 621 630 640 642 672 740 796 809 884 921 925 930 1007 1095 1122 1124 1146 1195 1208 1214 1301 1323 1358 1386 1475 1579 1695 1788 1808 1868 1900 1915 
28 22 42 197 320 510 527 551 652 673 713 794 817 889 1088 1095 1115 1119 1225 1257 1285 1296 1634 1733 1741 1765 1767 1821 1936 
45 3 48 55 88 134 173 234 267 309 325 357 474 480 504 505 555 631 754 757 881 905 946 972 997 1000 1047 1050 1086 1088 1157 1238 1241 1252 1335 1464 1499 1527 1699 1715 1733 1783 1823 1881 1980 1997 
41 0 44 110 114 176 203 254 272 297 322 470 495 599 628 676 993 1027 1038 1092 1192 1200 1211 1293 1331 1406 1413 1416 1518 1570 1583 1600 1624 1673 1688 1723 1758 1836 1855 1878 1888 1963 
50 13 24 41 84 130 131 150 151 164 259 263 296 320 388 389 492 514 552 606 657 667 692 789 818 836 867 908 955 1098 1126 1156 1186 1259 1313 1314 1333 1351 1386 1396 1457 1528 1577 1613 1710 1814 1832 1835 1938 1976 1984 
36 46 58 99 192 204 278 448 496 607 671 691 732 883 948 957 978 980 1000 1042 1143 1215 1261 1268 1277 1299 1335 1483 1504 1603 1627 1629 1664 1711 1713 1827 1933 
53 12 58 126 138 179 229 324 375 399 450 496 499 547 581 631 643 651 668 682 740 805 812 822 852 871 967 1037 1087 1151 1262 1299 1376 1419 1424 1446 1482 1521 1559 1677 1723 1730 1732 1739 1783 1818 1841 1879 1890 1895 1926 1962 1977 1989 
43 131 161 162 236 270 284 296 302 341 367 430 582 603 604 713 717 762 790 845 886 915 1056 1084 1086 1130 1250 1261 1274 1316 1380 1389 1404 1424 1675 1697 1715 1729 1746 1757 1790 1800 1807 1883 
39 16 41 55 97 142 177 225 275 340 408 434 496 537 577 623 647 683 699 783 813 881 921 1019 1029 1048 1060 1297 1316 1324 1337 1427 1453 1524 1698 1731 1838 1925 1939 1947 
38 29 78 142 144 169 181 211 215 232 314 355 365 406 407 439 573 713 781 881 1013 1032 1052 1062 1109 1148 1168 1181 1276 1379 1491 1514 1571 1608 1731 1732 1798 1812 1978 
46 31 41 47 162 168 201 451 457 473 509 520 527 719 723 731 867 892 894 972 984 1057 1074 1106 1144 1171 1209 1217 1335 1377 1392 1394 1411 1412 1436 1467 1543 1572 1657 1700 1761 1789 1835 1841 1860 1917 1931 
45 3 10 54 79 85 158 223 302 315 337 342 370 450 463 477 547 607 617 627 655 776 811 816 849 912 968 973 986 989 998 1103 1132 1151 1187 1276 1326 1570 1621 1669 1674 1705 1786 1864 1868 1911 
47 34 49 98 128 130 143 154 176 269 295 298 343 359 368 494 502 599 616 625 627 670 704 720 753 811 829 878 1048 1101 1169 1179 1299 1312 1420 1422 1445 1478 1542 1590 1653 1682 1699 1710 1784 1819 1863 1918 
49 14 27 50 72 86 108 110 144 205 222 248 318 384 405 432 446 503 734 769 792 798 848 926 994 1012 1039 1052 1104 1120 1145 1171 1261 1336 1401 1514 1520 1576 1628 1653 1680 1684 1685 1698 1776 1805 1876 1918 1932 1962 
