200 2000
471 1259
657 922
647 1461
247 1126
452 693
810 905
511 1034
386 1151
911 1270
160 397
556 1043
443 1284
438 1326
762 1059
554 745
292 621
753 1661
952 1415
869 1209
674 980
538 1322
956 1110
24 123
919 1263
517 819
292 430
897 1031
448 803
985 1308
844 975
281 556
796 966
920 1021
209 802
506 666
672 1569
603 741
168 829
530 1350
701 1383
856 1739
826 1257
26 265
347 1330
443 1379
228 1228
890 1775
342 1178
286 1215
818 854
579 1412
344 1170
708 1044
508 1484
507 1418
925 1637
667 1584
753 1057
623 897
546 563
114 436
431 1127
804 1408
837 1174
3 328
425 714
846 1665
714 869
722 916
324 391
184 624
581 1538
937 1677
552 1302
175 550
736 1679
518 1459
913 1052
383 1062
938 1088
234 767
239 798
103 933
110 419
363 897
326 741
684 1268
674 1289
57 914
204 925
624 1323
569 620
564 1183
878 947
74 326
334 842
750 1612
451 1145
108 276
220 294
559 1533
735 894
352 1026
807 1746
648 1365
441 718
645 1530
72 316
371 623
105 475
466 856
733 1036
272 362
716 1389
564 849
132 1062
665 988
137 549
65 316
179 548
622 1603
540 1479
930 1401
941 1593
217 1206
612 1590
498 1222
299 1059
613 841
69 142
179 959
476 1418
163 518
762 1140
641 1138
1000 1543
566 715
880 1203
355 907
831 1271
545 832
692 934
479 1333
704 1456
204 817
670 1079
963 1202
604 651
765 1426
75 1071
257 406
399 1286
146 343
798 1517
641 901
559 656
885 1743
295 1011
533 635
334 1321
518 1000
619 708
828 1614
875 1605
188 937
414 740
663 884
369 1098
853 1258
70 578
421 958
379 522
190 737
743 1652
36 814
980 1336
412 1278
281 535
145 585
159 1025
367 505
329 1064
287 419
869 1580
109 495
362 378
626 1444
831 973
634 1310
114 425
2 832
361 459
117 834
344 586
116 603
463 897
213 1079
964 1262
693 1480
82 275
879 1039
33 719
725 806
399 773
639 1210
935 1859
651 1237
35 806
67 948
587 637
311 397
170 329
416 1201
25 888
613 1606
48 763
964 1641
222 440
967 1443
651 867
624 993
727 759
884 1298
317 1198
358 812
178 1002
353 567
345 841
679 995
590 787
696 1205
210 700
600 1346
201 990
400 988
559 602
305 714
790 1155
30 78
282 1122
84 775
780 1178
688 914
928 1316
468 595
906 1659
558 1150
611 1475
388 918
241 629
289 964
92 782
527 1447
35 272
742 800
387 440
623 932
402 780
728 1594
349 944
906 1740
948 1437
523 1279
191 598
76 713
70 852
966 1229
823 1776
410 1060
299 1249
243 654
837 1437
738 1457
449 1035
40 590
478 1447
625 970
542 1014
497 906
270 628
561 812
783 1093
868 1812
304 321
51 475
805 1705
140 799
156 1009
644 1290
88 351
959 1102
583 664
38 679
656 1343
912 1044
368 520
147 512
679 1116
939 1125
676 1601
133 370
580 1465
238 520
571 1318
81 959
596 1273
791 1511
502 1155
292 1189
603 1166
783 954
255 1202
213 521
177 579
241 928
70 987
152 957
487 726
952 1624
479 973
657 1146
374 710
997 1709
895 1217
471 1031
255 462
316 1025
309 953
74 1042
213 681
995 1794
69 771
841 1603
694 1670
897 1077
924 1346
502 900
650 1463
948 1576
886 1208
238 912
642 923
754 1358
870 1296
153 923
7 452
295 807
979 1037
36 409
96 847
405 1030
339 1266
693 1458
899 1407
725 908
444 1221
569 644
726 1231
511 1331
273 329
109 377
806 1321
49 732
790 1669
21 960
470 1187
561 1530
657 1481
171 711
574 1187
877 1776
945 1323
759 1425
324 1263
924 1890
567 691
385 576
798 1297
375 838
457 1434
544 1368
571 1378
921 1820
701 736
633 1526
259 573
667 966
567 665
73 515
174 742
888 1225
367 730
862 1144
694 1617
736 770
770 1162
682 973
813 1400
206 271
854 981
812 1261
2 934
199 477
28 207
45 416
970 1939
469 672
215 712
66 246
338 1320
900 1027
9 151
211 548
743 780
18 282
62 391
647 1053
793 1689
420 953
159 1087
750 1034
134 808
78 499
956 1245
686 1441
460 1310
987 1817
287 747
489 734
958 1442
378 1263
656 1362
757 920
456 1453
736 1294
974 1889
364 684
787 1596
322 1293
858 1665
988 1165
497 714
182 250
989 1149
710 1243
899 1449
284 1253
52 603
491 1261
295 745
143 489
651 1334
362 895
632 955
367 828
630 1199
57 964
809 1472
680 1056
308 517
177 455
508 1119
987 1473
343 520
134 328
24 901
108 357
379 1154
543 543
392 412
851 1793
992 1856
68 538
83 349
593 651
47 1044
437 1000
975 1084
241 756
343 1033
800 1463
157 459
114 550
533 1234
21 351
738 859
460 1022
734 942
684 1348
46 331
234 443
307 503
741 1194
676 1193
332 1129
909 1797
209 722
125 621
559 1333
493 1269
196 591
731 928
201 684
864 1411
643 1063
999 1571
766 1598
884 952
13 997
452 1167
508 1442
184 343
686 849
117 962
312 537
722 1258
874 1332
837 1360
85 862
840 1615
456 1245
519 1407
166 666
882 1428
555 1125
211 1114
670 1110
266 964
176 543
470 1260
729 1157
272 477
915 980
576 1468
415 975
767 1670
977 1137
157 1030
394 1363
375 578
901 1129
604 1268
485 1058
201 969
144 1137
428 762
364 376
587 1442
955 1408
703 932
546 1266
728 1143
738 747
792 1012
606 775
292 1121
561 1179
288 673
456 1046
349 643
448 1250
910 999
487 921
504 1145
559 606
260 374
283 1072
280 362
808 1200
564 645
852 1354
276 738
193 205
611 1159
799 1634
122 195
260 855
818 1648
609 690
513 1501
626 1236
299 543
406 967
353 675
807 1166
402 1090
487 695
456 609
292 703
584 814
530 1454
623 1468
778 1318
538 1537
605 1519
978 1750
565 1000
48 290
780 795
849 1598
688 929
390 1293
273 1225
895 1880
874 1751
104 746
649 798
154 155
510 560
925 1433
202 249
388 1233
984 1788
807 1696
91 653
356 521
723 1081
479 1221
57 921
350 1294
63 138
187 979
89 742
777 1755
726 1654
714 1109
390 717
132 883
172 786
500 779
794 949
631 1395
490 928
677 1242
397 1092
403 1283
177 891
990 1550
975 1344
611 1150
229 1193
813 982
194 1161
417 604
155 986
821 1456
883 1354
211 571
788 1410
736 1548
878 1627
361 1022
8 172
79 709
967 1078
741 1497
114 798
609 1195
3 941
989 1911
616 751
534 639
306 375
934 1237
383 712
170 195
763 1131
824 1542
970 1556
577 1281
599 631
626 1220
631 743
141 1020
647 826
864 1792
119 549
459 948
381 728
780 1411
1000 1646
662 990
435 1037
961 1026
302 1075
41 526
672 1045
675 1602
830 1143
383 1109
219 302
819 862
206 1019
387 912
729 1312
884 1288
643 1337
381 405
791 1749
427 611
243 716
434 608
966 1850
504 1057
678 1632
678 739
601 913
509 542
6 591
895 1183
565 973
725 1628
789 1516
810 1168
447 851
213 1135
882 1099
868 946
667 722
165 298
239 614
745 1587
839 1263
992 1409
780 1001
338 881
827 1196
606 694
230 607
437 1161
607 1151
81 756
222 326
956 1900
215 503
502 566
85 540
130 1044
546 1079
931 1818
452 904
912 1119
647 1166
260 1124
975 1835
606 714
463 941
139 750
655 972
408 1387
720 1229
143 821
696 1562
790 1734
151 859
52 838
231 688
842 1547
136 709
793 1721
764 964
376 1046
10 370
180 607
104 223
627 1483
825 1003
485 965
934 1382
133 996
139 805
536 1008
528 866
653 1260
202 1095
301 1257
549 1036
512 569
653 1227
676 1478
182 183
871 1322
650 979
625 940
94 1012
405 697
148 966
544 826
350 561
729 1358
288 677
377 991
908 1547
48 78
434 574
132 310
711 1417
968 1361
744 1109
988 1493
70 1015
928 1128
939 1862
987 1574
935 1101
454 1068
242 1099
860 1234
554 1421
859 1498
980 1185
116 186
877 999
170 290
61 1040
962 1850
68 138
235 339
797 971
372 1243
319 703
443 1189
430 830
118 289
23 941
304 578
169 1041
663 1131
976 1212
589 1234
534 882
519 1138
319 767
200 1075
622 877
685 750
664 1468
181 917
628 951
676 697
25 988
177 1109
796 1335
339 1331
156 658
849 1037
542 749
611 956
332 635
801 1351
191 333
417 468
349 691
483 570
897 1544
598 1467
250 866
707 977
842 1681
290 1088
224 652
716 1370
436 913
33 296
894 1145
733 1195
524 1279
829 1514
955 962
915 1686
767 1325
556 905
851 1331
84 471
834 1002
266 1082
794 1715
573 1471
720 740
102 527
742 989
444 962
703 881
881 1727
873 1500
564 1439
121 964
723 1133
306 416
426 704
523 1155
305 709
99 1077
72 709
470 1079
315 1255
842 1490
272 870
714 1192
773 1094
379 777
945 1081
660 998
157 456
784 1420
892 1162
703 748
306 967
611 1368
420 589
987 1733
852 1153
676 941
372 1075
247 573
161 615
96 169
979 1705
1 633
706 1615
880 1464
971 1426
670 676
619 935
362 1117
436 537
143 351
478 494
365 688
939 1435
243 375
550 1463
323 1000
119 559
678 1239
841 1835
86 575
923 1011
784 1387
487 858
175 218
126 385
879 1143
558 1435
500 711
863 1376
146 304
571 1326
560 1224
428 1324
81 417
621 645
685 1205
433 675
336 361
928 1349
461 672
324 798
752 831
871 1769
150 566
46 298
492 788
878 1164
312 337
624 1480
483 1163
631 863
9 729
410 899
937 1542
234 446
951 1316
496 590
698 1311
859 1240
436 925
405 564
43 222
912 1649
52 500
258 1139
466 1447
815 1541
4 144
794 939
1000 1896
613 1152
409 573
178 491
964 1713
333 436
330 792
886 1067
291 572
191 664
955 1240
174 282
264 630
466 515
670 940
507 1146
738 1433
384 1143
738 1187
802 945
97 564
778 1511
128 297
317 864
21 992
316 769
906 1518
679 701
142 567
870 922
58 456
807 949
588 670
268 1252
202 544
672 743
82 146
562 1071
846 1297
340 947
968 1053
396 1186
945 1945
364 924
692 879
778 1317
203 369
955 1277
226 733
33 396
582 1325
564 1135
103 220
658 752
783 1582
770 807
808 832
121 1054
428 654
330 336
911 940
140 310
671 822
550 1135
52 565
233 587
582 844
881 1270
852 1417
531 582
956 1737
358 1091
34 715
512 1035
194 1111
859 1840
218 564
431 839
531 602
961 1267
519 1142
31 940
887 1541
9 506
591 892
49 324
990 1157
682 1194
691 1195
742 1326
86 770
306 580
456 1149
394 734
305 935
688 1349
433 834
43 580
678 1039
214 806
466 1145
487 1443
490 566
139 414
961 1547
748 1699
961 992
240 432
253 412
230 230
824 1755
796 1137
879 1649
261 669
653 1156
218 1008
765 1673
602 1207
526 660
986 1800
197 343
790 1781
420 689
979 1202
284 980
671 986
893 1869
946 1920
769 836
340 577
558 809
902 1170
316 860
863 1434
963 1783
698 1603
853 981
948 1757
169 458
240 581
318 561
58 235
925 1730
36 565
554 1510
131 499
371 1038
167 523
206 250
525 935
141 1053
30 164
503 1217
70 997
695 1539
173 634
196 536
10 1006
461 1079
452 707
518 1162
475 1346
673 715
312 343
724 870
144 1006
90 299
317 361
450 1243
743 945
554 1090
212 686
753 1135
733 1371
814 915
921 1751
915 1740
302 780
483 1478
145 1063
626 952
450 1059
591 1093
657 1366
430 735
968 1148
545 963
598 721
776 845
358 961
224 772
590 689
227 338
442 1299
551 600
453 1255
473 974
809 963
424 1302
1 860
937 1136
25 523
900 1387
458 496
99 467
180 1017
43 148
791 957
837 1750
334 363
632 1054
44 313
662 1456
129 864
630 1102
211 775
637 1562
773 899
472 1005
935 1709
624 929
647 1552
770 803
184 402
664 1056
205 1203
483 1369
783 1554
379 651
404 855
182 1147
240 643
296 970
888 1780
523 832
385 1350
473 777
305 525
452 1315
301 549
401 978
983 1431
111 695
635 886
599 1379
400 1206
517 702
873 1700
485 1387
106 483
45 130
86 538
905 1750
670 1622
603 1023
939 1232
859 1233
420 1267
266 517
426 902
169 331
547 955
242 293
997 1996
468 897
17 393
615 922
23 485
311 886
479 689
879 1554
399 1195
174 836
383 546
410 1002
983 1958
474 741
112 626
963 1043
552 742
768 1605
994 1408
714 1495
815 1751
261 847
895 1022
433 657
734 1064
608 1273
595 1308
14 178
963 1220
407 549
514 799
95 195
613 1470
929 1529
693 868
974 1090
879 942
796 1467
861 1340
554 1046
594 1537
706 1216
351 1257
71 861
63 784
132 373
58 1008
681 1586
950 989
805 829
498 1278
912 1362
379 832
376 886
978 1085
488 850
955 1092
984 995
959 1174
543 1402
854 1331
931 1724
583 1253
239 1130
895 1661
672 1510
129 848
737 1293
127 849
53 92
222 578
559 1092
992 1747
380 1029
917 1772
372 962
852 1705
715 1420
345 1050
178 1128
374 422
226 721
738 1502
605 1512
277 881
224 935
722 1437
563 1172
866 923
502 1198
243 929
268 1091
857 992
349 826
308 602
103 894
761 1249
625 1210
690 776
902 911
220 246
172 903
535 892
915 1196
771 1583
779 1474
231 942
720 822
444 950
178 419
752 1497
502 1194
699 1622
468 1352
629 711
684 885
843 1805
274 476
360 495
4 92
14 49
575 1525
945 1494
353 706
477 1473
72 881
970 1357
509 1481
645 980
498 1355
754 982
205 713
237 385
234 973
525 821
525 531
279 491
834 889
744 767
333 450
348 1118
27 98
846 1546
428 1247
819 966
453 1349
229 568
255 668
612 696
440 1100
447 815
853 1132
529 705
506 782
259 692
617 1422
988 1965
33 582
500 754
188 616
357 675
195 857
411 1265
59 508
902 1593
215 438
534 576
604 1064
288 875
804 932
748 758
324 1060
605 1113
767 1606
952 1917
971 1376
739 1500
729 1569
871 1551
372 764
71 461
227 748
746 1396
50 971
37 336
200 738
586 771
102 382
672 1220
35 328
3 964
480 1395
48 584
245 805
748 1058
682 1549
942 1212
96 245
916 1392
437 1401
934 1796
150 1005
743 1398
387 582
483 1124
589 1229
823 1415
823 1542
992 1963
437 962
248 1075
550 786
598 1290
468 879
65 555
692 1260
924 1095
403 748
622 1594
867 1481
869 1656
136 301
354 612
839 1764
244 921
30 283
771 1320
988 1129
914 966
623 756
294 638
739 878
68 200
515 712
781 1638
364 1361
609 625
893 894
135 593
622 972
781 1751
812 850
24 978
609 1491
280 601
826 863
903 1187
606 988
607 1359
686 981
35 580
708 1219
891 958
621 941
275 726
212 646
569 708
132 1112
6 403
24 111
243 971
701 913
215 1018
247 494
49 83
83 830
809 1661
188 232
315 658
190 726
568 729
8 463
392 570
535 723
588 1255
685 696
854 1025
438 847
423 1396
831 1154
163 586
963 1106
146 630
890 1818
605 679
199 299
302 780
848 1148
968 1175
607 1209
787 1065
185 408
431 605
842 1475
982 1455
753 1216
34 622
23 626
387 849
76 281
881 1672
279 888
146 284
631 1328
975 1650
154 715
236 1043
324 677
761 1024
931 1088
747 1572
336 1206
698 1118
895 1787
916 1235
783 802
235 1065
834 1662
546 1144
183 640
604 1172
479 763
868 1073
252 870
442 995
379 429
337 1067
861 1135
335 1084
760 930
719 1288
270 1119
683 1488
52 577
231 296
911 976
835 1456
538 713
649 1379
508 1020
515 1156
195 369
364 949
359 901
193 222
853 1332
658 748
885 1355
691 1641
464 1150
109 1092
25 324
876 964
785 1346
698 873
358 496
792 800
260 572
893 1473
301 1126
998 1947
84 767
960 1662
960 1495
750 1427
574 1124
788 1661
12 953
109 386
688 1044
987 1038
840 1645
351 808
144 769
35 860
541 936
630 866
619 905
332 1151
688 1663
649 1331
879 879
742 799
712 946
811 1255
46 518
303 966
130 536
891 1070
826 1579
326 444
53 1026
615 1110
995 1590
193 996
261 716
781 1714
233 565
433 509
23 270
591 607
634 635
212 268
444 1359
603 820
382 722
883 1842
951 1884
275 402
863 1728
292 708
52 1036
731 1489
809 1795
221 433
40 460
452 548
739 894
490 835
258 1233
813 1717
502 1019
182 1106
982 1054
998 1058
963 1780
503 1286
372 479
455 802
23 884
581 1296
705 1064
490 832
310 1240
205 1105
61 511
209 628
836 1128
287 738
926 1792
375 468
1 809
541 659
12 933
270 798
69 219
240 510
303 831
764 803
711 1646
64 667
242 518
460 1025
665 1129
379 1141
479 1120
762 955
674 1458
147 419
10 871
5 474
580 1240
993 1539
316 967
709 1622
748 856
714 1060
65 1059
58 734
302 1115
890 960
291 499
428 1163
94 492
810 1484
894 996
902 1408
243 553
374 645
515 821
755 881
263 493
596 1571
965 1398
545 1465
811 1032
371 1061
440 713
799 1335
946 1799
522 1035
298 664
147 1004
113 151
329 385
448 1249
898 1763
290 1123
14 23
305 655
731 1170
908 1374
779 1470
65 866
155 891
348 1291
820 1282
694 854
293 1236
565 1112
243 974
700 884
839 1780
725 810
576 890
572 1069
64 573
741 1260
200 957
695 1436
256 1130
604 863
830 1483
361 757
489 1154
428 1026
2 813
167 805
560 986
452 509
793 1010
464 1051
416 1147
72 180
171 1004
141 493
269 570
407 669
649 1024
762 1745
509 1205
438 1091
265 664
884 1102
112 419
827 1414
878 1387
323 991
650 756
224 1070
85 463
848 1590
400 638
294 690
991 1896
197 1163
206 1061
441 509
79 821
459 502
546 1101
140 263
819 1545
445 1094
301 1173
814 1704
284 1169
947 1114
180 1036
565 696
418 814
345 415
92 149
565 1153
727 791
341 1167
776 1230
545 891
230 1049
341 1226
487 761
310 1190
952 1389
992 1947
288 1081
864 1259
811 1559
943 1362
645 1411
312 545
127 610
192 960
148 191
456 1387
757 1681
55 646
980 1410
600 1407
689 1142
411 964
494 813
15 770
903 1566
815 1352
775 1767
669 1307
107 680
745 858
179 584
767 1576
300 1257
847 1358
265 950
439 791
927 1353
335 1008
46 976
161 749
255 850
426 492
453 943
20 672
510 1124
883 1296
592 981
582 1094
500 1062
52 54
769 1300
768 1440
767 1536
314 625
434 550
654 1377
354 1298
472 968
665 678
326 980
137 446
821 1727
506 533
140 1013
301 1258
455 624
858 1192
381 1279
836 1051
682 1485
49 332
245 758
141 618
476 722
717 977
352 592
665 898
694 1444
12 439
196 287
939 1765
791 1418
373 1291
298 404
260 704
973 1547
496 1003
9 145
288 860
996 1990
429 689
536 1111
163 522
608 868
397 971
995 1180
424 1115
292 893
450 1419
657 1310
668 780
258 643
786 837
19 678
455 684
451 749
64 317
701 872
508 1241
573 1471
815 1051
921 1164
428 649
958 1443
238 772
71 260
894 1557
315 369
576 1028
227 516
75 284
140 762
950 1194
412 1351
135 723
690 1557
63 765
413 1365
74 406
327 896
303 679
690 1008
48 861
364 1205
788 1553
588 644
514 1142
725 785
102 1064
617 1155
821 1312
444 1242
31 157
19 786
841 1826
392 1142
630 653
697 1047
677 1431
572 1154
463 1069
978 1493
868 1287
671 719
26 361
238 660
294 918
583 650
759 1702
624 1322
619 679
683 747
188 443
480 536
788 1435
65 144
54 404
215 401
735 1047
686 1302
704 1376
431 810
746 917
50 18 58 159 226 244 248 263 353 358 363 366 397 426 448 507 511 514 556 576 623 647 659 673 696 702 732 779 813 1085 1112 1152 1168 1234 1372 1415 1426 1434 1492 1493 1540 1545 1620 1679 1698 1750 1774 1896 1916 1952 1981 
48 7 10 19 166 207 242 280 286 295 298 324 363 387 407 424 493 506 508 697 753 756 858 938 960 1002 1009 1020 1048 1050 1068 1127 1149 1185 1233 1328 1412 1523 1530 1584 1609 1621 1686 1691 1700 1880 1895 1914 1937 
41 8 44 112 129 154 224 296 307 345 399 521 565 575 682 779 785 851 862 932 1013 1030 1031 1069 1160 1171 1180 1225 1275 1375 1380 1427 1475 1507 1719 1727 1748 1770 1787 1797 1824 1954 
43 120 126 312 354 410 473 489 497 530 654 659 706 714 735 775 866 881 892 1031 1066 1094 1216 1253 1269 1290 1310 1312 1336 1365 1391 1431 1449 1496 1522 1568 1579 1603 1650 1662 1667 1766 1781 1817 
42 56 152 181 269 340 349 476 477 535 584 590 669 699 780 801 815 853 971 985 1027 1156 1179 1224 1229 1230 1287 1366 1382 1408 1417 1477 1607 1676 1680 1707 1717 1734 1736 1817 1823 1827 1931 
41 128 172 189 194 201 249 265 354 360 430 526 622 655 736 738 847 914 934 949 986 988 1047 1135 1153 1163 1191 1261 1535 1545 1659 1683 1741 1767 1771 1774 1783 1786 1797 1801 1816 1990 
40 31 49 73 74 142 153 180 202 272 347 408 414 415 429 535 550 638 751 754 902 923 924 1017 1032 1033 1042 1145 1238 1296 1303 1330 1342 1438 1469 1500 1559 1586 1685 1789 1878 
38 44 51 61 73 132 136 158 205 228 318 343 351 528 604 628 645 690 727 768 871 906 909 913 974 1010 1061 1082 1150 1317 1421 1456 1547 1676 1766 1842 1916 1971 1987 
41 6 13 16 103 196 221 267 339 358 361 452 481 528 536 549 590 647 652 680 708 810 884 977 979 1040 1081 1132 1424 1430 1435 1447 1564 1589 1597 1598 1652 1702 1825 1931 1969 1979 
31 106 130 176 230 295 328 336 417 494 549 553 578 603 777 805 833 848 939 1125 1433 1437 1472 1498 1507 1545 1556 1560 1664 1726 1799 1938 
44 50 70 75 90 101 217 269 270 335 411 412 435 448 469 472 493 538 546 577 675 759 760 806 833 849 935 984 993 1078 1274 1280 1313 1373 1374 1395 1397 1470 1489 1562 1600 1624 1706 1894 1957 
27 15 62 114 129 396 431 515 606 610 631 645 713 848 893 1136 1165 1204 1207 1294 1300 1301 1359 1456 1512 1582 1587 1784 
33 0 177 193 239 266 290 301 356 390 578 606 858 864 929 936 966 969 1051 1082 1094 1176 1311 1359 1361 1521 1555 1611 1643 1683 1704 1735 1775 1866 
44 9 68 70 113 125 314 376 418 577 650 713 721 734 737 757 812 820 839 896 922 1014 1107 1167 1253 1317 1341 1390 1391 1417 1455 1457 1524 1555 1597 1601 1677 1717 1755 1765 1777 1785 1850 1899 1946 
37 5 50 155 184 226 255 260 336 546 552 587 668 859 882 889 895 949 981 990 999 1222 1254 1257 1290 1352 1360 1416 1626 1627 1668 1703 1793 1807 1813 1836 1861 1900 
38 20 135 154 164 166 269 273 274 385 428 595 678 817 911 921 977 1143 1187 1292 1314 1326 1329 1354 1356 1390 1391 1420 1452 1519 1521 1599 1645 1704 1743 1764 1775 1793 1807 
41 21 26 139 207 213 225 266 320 339 491 557 570 711 720 758 892 909 911 946 992 1055 1058 1086 1200 1204 1319 1380 1401 1416 1433 1441 1450 1494 1530 1542 1625 1629 1632 1855 1908 1911 
36 2 88 200 225 281 386 394 427 433 447 456 616 693 763 771 798 823 839 853 915 917 1043 1177 1273 1337 1390 1403 1451 1676 1706 1761 1762 1835 1840 1842 1911 
46 10 74 201 232 240 277 281 295 306 332 384 486 493 601 668 894 907 912 981 1078 1084 1115 1121 1145 1171 1265 1297 1334 1419 1434 1473 1475 1480 1498 1578 1635 1636 1648 1689 1708 1732 1798 1801 1843 1919 1980 
39 19 41 72 127 185 284 437 484 516 554 587 653 686 707 731 767 849 1019 1079 1083 1148 1170 1242 1253 1312 1350 1375 1401 1465 1491 1541 1623 1750 1808 1838 1901 1911 1941 1990 
57 54 55 76 135 157 221 256 273 405 434 470 471 546 548 556 580 581 584 587 609 762 812 857 925 927 982 988 1012 1043 1103 1220 1232 1260 1271 1318 1338 1339 1342 1363 1402 1406 1410 1430 1458 1466 1503 1541 1601 1624 1669 1742 1765 1784 1856 1860 1980 1995 
51 20 29 109 121 132 188 264 272 331 349 384 432 551 580 581 602 613 686 801 807 832 921 926 986 1018 1022 1067 1074 1123 1148 1171 1218 1270 1277 1292 1302 1316 1463 1567 1598 1635 1735 1743 1810 1825 1840 1869 1872 1880 1961 1977 
41 23 117 164 287 328 352 390 405 461 514 519 579 736 766 799 814 821 850 901 936 976 1023 1053 1054 1069 1108 1134 1157 1164 1189 1195 1213 1298 1333 1551 1588 1639 1721 1827 1844 1950 
43 67 134 212 240 271 275 354 386 409 473 484 489 493 588 638 649 676 683 756 762 841 877 1011 1066 1111 1152 1168 1224 1233 1323 1351 1373 1455 1512 1527 1531 1611 1699 1711 1721 1725 1726 1893 
40 23 79 86 93 184 204 223 235 237 270 369 407 451 510 515 553 605 679 705 716 720 988 998 1045 1167 1251 1273 1313 1340 1396 1412 1542 1581 1599 1624 1628 1703 1724 1862 1977 
28 41 51 178 225 361 485 576 588 645 702 731 838 875 924 1016 1017 1170 1234 1258 1373 1398 1529 1586 1693 1707 1715 1804 1942 
29 186 283 311 360 441 496 536 549 615 669 670 745 970 981 983 1072 1187 1337 1344 1369 1372 1378 1475 1541 1630 1800 1857 1865 1867 
31 8 40 42 57 278 303 339 382 450 548 669 737 739 830 938 997 1072 1346 1360 1421 1450 1456 1495 1532 1635 1721 1726 1732 1750 1772 1954 
37 160 182 201 259 297 425 471 508 602 685 782 798 837 884 906 928 931 991 1046 1056 1059 1200 1232 1237 1252 1456 1477 1584 1634 1645 1757 1820 1836 1840 1907 1910 1957 
50 36 106 127 186 201 249 449 495 500 607 632 810 813 837 886 904 908 955 975 985 1031 1033 1051 1074 1083 1129 1145 1151 1187 1200 1311 1383 1412 1439 1471 1516 1553 1574 1597 1640 1646 1678 1745 1770 1796 1892 1897 1901 1955 1963 
46 6 50 54 76 156 160 203 210 275 280 310 319 323 386 426 523 556 585 604 634 816 869 889 905 937 958 1035 1089 1250 1280 1282 1314 1321 1431 1439 1453 1524 1542 1586 1603 1625 1762 1824 1860 1863 1882 
29 43 78 213 383 407 427 449 473 623 626 724 845 980 1060 1154 1310 1323 1332 1405 1413 1508 1563 1590 1707 1734 1759 1832 1866 1938 
47 46 51 83 146 153 211 221 231 249 260 282 299 408 522 650 651 657 661 708 776 810 955 959 972 991 1034 1066 1089 1125 1148 1178 1179 1212 1248 1257 1298 1305 1452 1491 1577 1626 1668 1748 1799 1821 1850 1978 
44 19 63 69 87 206 247 274 299 443 459 538 558 571 769 778 811 816 859 933 953 1039 1074 1089 1094 1179 1266 1277 1318 1331 1356 1442 1444 1493 1525 1547 1554 1599 1722 1783 1845 1847 1919 1931 1987 
30 85 118 270 319 432 467 480 488 626 694 715 732 837 854 887 1206 1295 1298 1327 1395 1461 1546 1641 1689 1733 1756 1802 1885 1900 1958 
47 9 56 83 113 125 210 319 337 430 468 474 479 552 653 715 733 746 763 773 898 923 1040 1081 1155 1157 1221 1226 1236 1335 1340 1371 1495 1511 1523 1529 1541 1625 1650 1797 1804 1818 1824 1864 1921 1949 1972 1976 
33 5 11 336 393 521 538 567 576 641 664 687 701 734 735 737 755 820 885 1051 1186 1192 1236 1341 1355 1363 1443 1458 1631 1698 1699 1734 1879 1984 
36 29 41 478 512 532 596 619 712 752 778 779 874 930 975 1001 1005 1070 1076 1078 1161 1185 1208 1260 1281 1308 1310 1315 1483 1566 1567 1649 1788 1829 1888 1903 1922 
37 75 102 156 338 361 380 405 432 465 713 803 842 868 872 909 983 1018 1090 1185 1201 1203 1226 1266 1347 1371 1400 1412 1529 1551 1607 1621 1652 1752 1798 1802 1896 1993 
38 0 7 102 133 220 252 273 301 340 350 435 507 543 589 645 737 810 870 961 963 1060 1095 1341 1381 1472 1509 1579 1584 1593 1606 1644 1673 1719 1809 1837 1867 1881 1952 
36 126 199 236 311 323 359 539 566 582 584 647 684 764 872 943 954 1006 1069 1158 1228 1245 1255 1259 1335 1337 1372 1392 1393 1462 1510 1534 1723 1731 1753 1754 1772 
38 0 77 165 229 247 251 268 336 396 476 509 555 580 626 714 837 866 925 979 1014 1088 1151 1158 1162 1168 1177 1205 1305 1311 1440 1494 1500 1515 1517 1622 1653 1660 1817 
33 90 97 99 141 177 222 286 385 462 469 532 674 797 842 852 1025 1177 1227 1230 1267 1274 1282 1415 1450 1451 1476 1523 1531 1748 1908 1912 1933 1935 
50 6 32 67 80 91 189 231 249 299 357 370 395 412 442 497 516 569 627 652 675 826 934 972 1015 1016 1019 1034 1066 1226 1229 1239 1290 1408 1476 1517 1527 1581 1583 1587 1594 1663 1717 1737 1796 1799 1806 1812 1892 1910 1985 
38 127 169 226 241 295 365 425 455 494 605 741 787 926 1049 1063 1075 1084 1244 1254 1293 1441 1489 1540 1565 1580 1586 1592 1633 1676 1688 1704 1735 1753 1903 1924 1932 1936 1940 
38 100 163 195 252 273 595 600 604 649 722 778 796 808 1084 1123 1128 1166 1186 1202 1292 1304 1324 1366 1368 1381 1407 1546 1623 1641 1658 1679 1749 1798 1833 1870 1920 1966 1976 
33 0 143 155 182 304 315 420 493 507 531 550 620 668 714 752 904 1203 1275 1391 1462 1581 1605 1608 1684 1714 1731 1737 1810 1859 1913 1944 1949 1987 
45 31 49 100 107 153 167 183 230 254 362 429 449 464 503 520 534 603 608 612 672 683 684 714 715 800 841 923 978 1071 1130 1315 1336 1532 1549 1622 1676 1678 1687 1692 1700 1759 1760 1763 1847 1855 
41 37 92 98 271 285 317 451 468 498 577 583 648 654 680 701 730 822 852 880 1013 1016 1173 1178 1223 1227 1432 1529 1548 1559 1562 1715 1729 1749 1787 1807 1825 1879 1884 1894 1925 1930 
43 35 46 176 180 201 230 238 261 306 332 356 405 444 446 512 544 563 566 688 778 883 888 966 971 1039 1047 1145 1152 1367 1423 1433 1459 1493 1527 1528 1600 1649 1658 1725 1889 1893 1913 1945 
32 4 56 86 193 227 228 372 386 490 532 533 628 669 678 866 874 1046 1148 1203 1228 1320 1322 1364 1443 1475 1518 1577 1830 1843 1854 1923 1993 
47 11 61 88 195 279 524 557 654 716 745 755 772 810 835 847 870 874 904 919 953 970 999 1054 1058 1082 1123 1162 1211 1247 1264 1265 1280 1313 1332 1372 1433 1540 1569 1665 1774 1779 1820 1869 1934 1940 1979 1998 
40 46 59 73 188 272 330 388 411 428 467 468 470 487 502 517 565 730 767 877 929 1069 1082 1097 1150 1355 1365 1395 1410 1428 1568 1577 1579 1660 1705 1720 1782 1796 1846 1869 1923 
35 53 251 356 458 485 487 581 628 695 703 730 744 755 776 897 906 914 1073 1113 1147 1178 1193 1234 1316 1329 1506 1578 1776 1858 1860 1877 1886 1934 1975 1999 
31 62 116 209 240 245 280 313 342 348 547 652 716 753 843 916 918 956 1008 1100 1133 1172 1176 1193 1230 1320 1358 1384 1548 1635 1675 1954 
38 24 97 259 302 329 347 392 425 433 458 517 573 630 690 707 787 791 800 801 950 951 1029 1136 1156 1357 1468 1493 1523 1578 1602 1605 1670 1773 1857 1934 1959 1961 1981 
24 2 22 105 258 262 276 318 532 586 660 684 776 828 989 1046 1201 1219 1506 1522 1542 1566 1628 1834 1925 
41 3 48 52 75 183 206 318 346 485 608 613 636 661 714 739 741 778 837 863 866 900 948 1035 1062 1064 1122 1188 1216 1298 1307 1315 1321 1451 1513 1673 1677 1751 1770 1779 1837 1883 
42 36 65 75 103 229 303 450 471 492 529 585 630 764 780 794 798 814 824 861 924 1015 1033 1140 1176 1191 1196 1222 1264 1275 1290 1371 1420 1507 1521 1538 1568 1582 1602 1684 1817 1903 1945 
29 44 115 146 256 307 475 499 508 513 533 565 747 797 969 1012 1052 1167 1233 1278 1306 1372 1437 1481 1507 1540 1600 1881 1957 1959 
40 4 24 75 78 296 308 321 454 540 550 561 656 716 717 722 807 844 865 947 996 1071 1119 1148 1172 1185 1213 1351 1371 1414 1502 1540 1581 1623 1650 1665 1749 1829 1910 1915 1992 
35 7 10 76 112 157 205 220 280 344 359 384 389 410 443 458 498 554 578 636 759 851 924 992 1013 1317 1387 1415 1484 1497 1525 1552 1575 1731 1767 1801 
42 109 141 163 230 265 382 387 451 581 588 627 756 790 872 889 912 965 971 993 1005 1025 1071 1075 1154 1167 1347 1356 1378 1429 1502 1545 1551 1598 1674 1679 1681 1731 1741 1743 1862 1915 1916 
46 125 188 191 206 220 233 279 298 321 364 508 525 550 637 649 743 808 831 847 869 873 882 939 943 971 1032 1185 1225 1229 1297 1436 1520 1526 1596 1655 1677 1745 1746 1768 1769 1778 1791 1801 1843 1906 1928 
42 12 38 102 159 249 256 257 285 289 389 405 426 467 494 547 559 623 685 687 709 723 778 847 949 950 974 1107 1110 1280 1337 1431 1436 1450 1477 1481 1495 1558 1598 1606 1627 1800 1960 
50 0 5 19 60 125 146 257 303 427 431 468 521 526 593 605 666 750 776 855 930 938 1019 1033 1057 1069 1115 1129 1191 1205 1251 1283 1382 1393 1418 1476 1539 1602 1670 1673 1680 1687 1690 1696 1704 1819 1835 1868 1896 1927 1959 
41 8 43 61 87 107 155 178 185 202 288 308 568 578 677 785 862 879 880 885 914 937 990 1013 1040 1122 1131 1194 1217 1323 1338 1390 1392 1541 1585 1604 1623 1699 1736 1811 1939 1981 
30 275 383 390 403 564 591 721 741 810 956 958 1092 1137 1166 1194 1320 1325 1327 1338 1402 1480 1645 1691 1702 1824 1856 1910 1940 1945 1979 
44 21 34 53 100 140 183 187 214 271 296 358 367 436 472 511 538 594 624 632 645 707 975 1049 1102 1121 1122 1145 1156 1194 1203 1228 1236 1270 1442 1467 1483 1626 1675 1681 1687 1785 1798 1862 1993 
37 45 47 51 95 113 149 153 191 391 398 482 537 917 927 944 973 1058 1067 1090 1126 1141 1163 1181 1190 1227 1234 1343 1432 1476 1479 1505 1609 1701 1841 1886 1893 1941 
41 2 44 161 203 234 269 298 299 316 338 382 392 437 571 585 624 644 873 905 913 969 1028 1107 1113 1267 1319 1388 1503 1562 1588 1682 1789 1797 1808 1883 1896 1954 1968 1969 1982 1992 
36 60 158 167 196 214 216 254 281 297 364 509 578 580 662 663 719 725 757 913 1015 1020 1091 1253 1415 1454 1475 1499 1500 1780 1858 1861 1883 1949 1962 1976 1984 
34 6 56 227 262 383 388 413 414 432 483 501 630 632 733 780 816 822 836 860 925 988 994 1037 1139 1282 1322 1390 1405 1548 1754 1784 1800 1893 1922 
49 1 111 115 145 247 251 255 261 278 429 433 444 495 504 510 517 610 614 642 679 726 731 750 807 854 941 964 1021 1032 1073 1091 1093 1132 1139 1207 1350 1406 1434 1457 1498 1515 1545 1572 1651 1656 1702 1738 1888 1929 
46 9 21 171 180 181 185 192 337 357 359 405 704 720 747 761 782 802 821 825 878 905 1083 1167 1175 1180 1238 1282 1291 1384 1432 1442 1534 1578 1616 1634 1637 1638 1698 1738 1777 1827 1831 1837 1840 1870 1876 
43 4 5 55 87 129 143 157 203 208 255 345 385 401 413 477 537 582 603 629 718 722 726 754 757 759 841 870 981 992 1140 1208 1267 1409 1515 1569 1612 1682 1723 1778 1803 1842 1876 1951 
30 5 20 60 367 419 510 512 518 633 681 840 989 1046 1129 1200 1214 1399 1423 1438 1450 1602 1613 1673 1702 1715 1716 1839 1958 1986 1988 
36 24 84 116 177 190 339 415 518 564 592 675 809 896 921 925 1103 1138 1175 1187 1305 1307 1318 1429 1479 1495 1506 1511 1522 1618 1622 1803 1819 1820 1896 1934 1939 
39 260 293 377 383 397 437 597 634 635 736 752 772 811 843 846 898 970 985 995 1013 1031 1094 1105 1108 1182 1214 1215 1452 1473 1491 1585 1625 1732 1741 1826 1912 1918 1937 1947 
34 15 42 61 63 168 185 253 314 326 346 359 427 435 517 564 700 734 907 927 946 948 1161 1218 1277 1278 1321 1362 1419 1485 1559 1647 1737 1911 1926 
42 19 41 254 307 334 351 397 426 443 577 579 596 609 867 868 904 984 1033 1055 1065 1087 1124 1190 1201 1205 1209 1300 1303 1361 1379 1526 1601 1604 1659 1740 1756 1786 1819 1931 1974 1980 1985 
38 14 48 103 231 247 256 294 330 384 523 609 655 677 692 732 762 786 802 805 918 995 997 1012 1016 1047 1158 1275 1355 1376 1451 1480 1494 1511 1521 1569 1802 1818 1983 
42 2 72 122 182 241 255 257 261 272 319 347 506 539 552 607 653 696 703 757 798 846 856 880 992 1043 1108 1128 1131 1252 1258 1372 1382 1453 1554 1559 1599 1621 1718 1742 1773 1844 1967 
29 44 118 163 186 257 284 287 465 603 612 659 925 940 999 1020 1045 1046 1067 1125 1240 1281 1345 1386 1580 1720 1844 1846 1898 1976 
41 19 58 60 69 101 147 248 303 319 341 350 398 625 645 648 683 764 774 806 870 885 893 962 1105 1110 1193 1239 1274 1290 1294 1304 1340 1463 1525 1647 1665 1683 1748 1768 1797 1818 
34 57 97 101 126 127 145 153 331 355 386 541 604 682 686 734 957 1058 1195 1254 1279 1292 1312 1338 1372 1385 1431 1475 1522 1624 1738 1795 1882 1942 1961 
38 64 107 112 223 246 269 282 319 341 492 532 554 595 685 761 794 847 873 921 922 931 937 1030 1038 1045 1046 1101 1116 1124 1188 1339 1407 1485 1638 1765 1775 1898 1932 
33 23 108 176 239 247 324 325 382 387 448 566 656 683 709 810 888 895 951 953 1018 1070 1183 1239 1310 1412 1437 1462 1560 1565 1591 1904 1907 1968 
50 2 13 216 219 274 321 336 440 502 519 532 615 632 647 668 697 698 781 929 946 947 988 1014 1044 1100 1112 1189 1210 1263 1361 1417 1522 1533 1544 1560 1563 1564 1598 1603 1634 1719 1722 1736 1765 1809 1811 1837 1845 1916 1943 
33 117 224 305 511 589 625 646 658 711 730 824 829 852 860 876 941 1071 1289 1376 1393 1400 1440 1454 1464 1561 1597 1648 1652 1749 1822 1828 1863 1921 
41 11 30 72 103 129 133 142 271 295 317 337 339 382 475 507 576 582 620 677 696 782 857 1014 1032 1050 1083 1116 1228 1302 1435 1494 1649 1674 1678 1683 1700 1772 1829 1848 1893 1967 
48 58 62 74 157 264 403 515 520 574 627 640 664 733 766 803 882 905 916 987 1012 1014 1050 1121 1128 1130 1188 1251 1315 1355 1379 1399 1440 1456 1477 1526 1574 1673 1676 1739 1744 1751 1752 1766 1770 1871 1894 1962 1982 
36 1 3 52 104 167 311 358 388 454 476 479 492 557 706 754 797 872 995 1273 1355 1383 1426 1454 1465 1537 1678 1694 1717 1724 1738 1751 1755 1828 1838 1859 1930 
41 50 103 110 156 194 206 235 325 337 448 460 478 569 648 797 886 910 933 951 979 1097 1138 1186 1231 1258 1383 1384 1403 1482 1699 1705 1716 1757 1787 1791 1801 1802 1840 1859 1936 1944 
36 37 59 75 119 206 227 321 469 675 701 714 811 905 973 1023 1024 1037 1121 1122 1154 1206 1212 1239 1283 1344 1376 1399 1455 1523 1579 1645 1716 1784 1838 1932 1982 
34 15 98 101 120 144 233 259 327 560 593 837 923 978 1049 1077 1104 1125 1174 1200 1201 1211 1215 1322 1365 1440 1454 1479 1643 1675 1800 1891 1892 1957 1975 
38 66 128 170 180 422 488 516 596 719 740 749 800 839 848 884 971 1090 1146 1157 1184 1389 1450 1486 1622 1678 1698 1721 1804 1836 1842 1874 1879 1902 1913 1915 1919 1942 1990 
38 73 82 177 210 250 292 428 583 713 784 799 844 899 910 927 947 950 980 1028 1067 1133 1160 1291 1293 1360 1394 1459 1492 1588 1622 1666 1728 1799 1821 1894 1951 1956 1984 
34 19 25 28 31 113 170 222 227 336 385 435 479 661 679 940 1066 1098 1149 1169 1217 1335 1462 1552 1582 1597 1680 1716 1758 1886 1899 1902 1936 1968 1982 
36 42 82 302 357 428 466 546 562 818 827 903 920 944 977 1010 1032 1059 1088 1342 1431 1519 1566 1601 1615 1632 1648 1674 1704 1712 1749 1892 1913 1915 1919 1965 1996 
38 54 63 98 117 148 174 251 273 274 333 414 425 455 500 535 549 687 809 888 934 960 998 1004 1064 1078 1159 1186 1190 1273 1320 1359 1361 1381 1652 1701 1785 1899 1976 
37 166 338 371 426 431 495 509 532 536 558 583 586 630 637 651 696 836 896 907 919 1018 1235 1287 1294 1303 1328 1375 1494 1690 1733 1756 1766 1792 1822 1905 1972 1989 
40 45 128 155 157 167 218 228 337 497 548 606 641 646 748 764 788 842 854 917 1164 1189 1191 1206 1225 1290 1373 1444 1448 1453 1482 1496 1524 1577 1754 1820 1859 1874 1896 1927 1933 
43 43 134 141 172 178 182 250 383 388 400 478 539 570 639 643 645 731 732 760 814 970 1091 1112 1196 1204 1302 1470 1479 1514 1610 1614 1616 1625 1675 1682 1709 1798 1813 1835 1920 1922 1978 1982 
42 50 148 153 202 229 272 300 336 341 363 406 493 507 534 553 608 617 693 695 725 765 768 815 838 861 890 904 1017 1068 1278 1343 1539 1583 1621 1785 1790 1798 1822 1877 1892 1899 1948 
51 33 57 125 155 192 249 277 334 368 453 534 611 680 713 804 812 875 930 1128 1146 1196 1231 1279 1296 1316 1352 1412 1441 1452 1499 1506 1508 1514 1556 1606 1627 1639 1645 1693 1755 1767 1770 1780 1786 1789 1797 1809 1861 1940 1941 1956 
40 45 116 143 283 321 378 396 438 500 628 730 731 734 813 815 843 941 945 991 995 997 1047 1082 1093 1173 1187 1326 1367 1387 1431 1451 1565 1617 1637 1647 1677 1823 1910 1917 1943 
45 9 11 226 293 312 382 477 493 495 508 522 535 562 696 777 811 908 911 914 958 1034 1056 1116 1118 1155 1184 1185 1220 1255 1336 1348 1404 1405 1409 1506 1577 1679 1684 1701 1702 1768 1814 1830 1882 1930 
44 4 73 131 150 160 248 296 343 360 365 372 412 426 525 598 609 626 635 651 686 739 746 838 1001 1075 1139 1200 1260 1330 1356 1376 1385 1485 1517 1543 1598 1599 1600 1621 1642 1718 1860 1876 1878 
31 32 106 110 202 253 298 304 310 364 369 415 464 572 933 961 996 1134 1190 1244 1272 1373 1379 1416 1492 1502 1602 1626 1674 1716 1877 1937 
48 56 160 178 186 602 618 624 625 638 682 694 701 725 842 895 918 947 952 975 1037 1041 1055 1076 1087 1096 1104 1147 1228 1240 1247 1263 1284 1292 1355 1371 1477 1579 1629 1661 1668 1701 1725 1734 1811 1817 1857 1935 1961 
43 20 27 99 156 165 275 310 546 668 721 736 763 832 906 910 915 959 992 1033 1105 1117 1123 1167 1207 1256 1358 1363 1402 1481 1495 1512 1521 1591 1596 1622 1675 1684 1821 1856 1905 1912 1943 1960 
51 1 129 292 301 304 338 504 629 634 646 647 705 753 777 791 793 817 841 887 909 948 974 983 991 1026 1051 1102 1104 1127 1129 1168 1173 1174 1188 1190 1246 1268 1313 1460 1463 1604 1622 1630 1640 1687 1784 1839 1859 1954 1958 1994 
45 22 74 78 81 125 161 252 324 376 385 387 405 474 483 671 676 696 834 891 965 989 1068 1077 1109 1111 1145 1167 1237 1257 1311 1426 1432 1474 1496 1510 1564 1631 1648 1858 1887 1890 1914 1924 1985 1991 
48 24 64 82 98 101 126 147 235 264 354 481 492 501 514 533 534 625 646 713 754 781 782 836 988 991 1002 1102 1107 1136 1169 1285 1291 1314 1339 1349 1397 1452 1461 1589 1595 1597 1633 1712 1718 1728 1734 1944 1987 
47 20 66 73 105 179 196 309 323 328 336 371 395 439 450 463 528 715 730 786 826 884 892 922 939 953 974 988 1002 1003 1017 1031 1036 1047 1138 1273 1281 1282 1299 1349 1434 1459 1498 1540 1544 1665 1668 1742 
29 54 178 199 499 553 572 590 611 649 672 831 898 924 928 1068 1152 1338 1358 1393 1395 1478 1497 1587 1651 1676 1679 1765 1983 1986 
44 35 89 132 179 207 237 251 253 302 330 499 576 591 670 693 755 928 1059 1105 1125 1160 1193 1263 1274 1279 1303 1374 1392 1414 1450 1509 1522 1541 1604 1628 1736 1771 1796 1865 1906 1910 1954 1973 1983 
41 35 66 97 100 327 344 369 385 411 419 429 430 452 467 480 501 507 584 697 1045 1186 1201 1226 1256 1262 1263 1353 1375 1497 1504 1562 1567 1572 1601 1614 1683 1685 1796 1804 1877 1983 
47 47 141 163 228 367 406 408 451 472 479 519 533 656 691 699 783 794 859 932 949 1031 1137 1226 1250 1275 1292 1320 1328 1379 1417 1441 1461 1510 1528 1541 1559 1561 1594 1645 1674 1686 1694 1803 1856 1876 1965 1995 
32 109 300 410 640 649 690 723 752 880 901 922 952 978 1035 1103 1255 1321 1374 1383 1392 1403 1418 1537 1571 1656 1703 1727 1771 1818 1914 1917 1963 
40 81 254 286 430 482 533 549 567 687 706 718 728 738 760 815 883 923 969 996 1021 1034 1123 1137 1147 1206 1347 1357 1444 1471 1488 1513 1573 1582 1610 1695 1710 1800 1884 1955 1970 
41 46 62 121 276 291 434 462 470 475 497 503 508 539 579 585 672 761 777 922 975 1034 1042 1089 1178 1180 1229 1290 1329 1348 1364 1394 1407 1639 1640 1709 1717 1724 1750 1752 1815 1975 
39 41 162 274 297 355 452 547 577 594 752 877 885 921 923 1045 1083 1087 1114 1237 1250 1291 1310 1311 1346 1378 1391 1439 1492 1531 1549 1567 1667 1700 1769 1863 1876 1895 1979 1992 
48 68 93 104 184 188 193 300 321 325 475 513 609 657 731 812 840 890 935 947 949 1021 1024 1052 1086 1111 1114 1126 1169 1192 1269 1295 1300 1417 1425 1451 1632 1693 1739 1751 1794 1831 1852 1885 1889 1955 1956 1967 1996 
38 0 65 142 176 203 224 387 481 524 753 795 803 847 930 931 948 1098 1149 1176 1199 1201 1208 1281 1311 1315 1354 1377 1506 1573 1607 1651 1674 1783 1897 1898 1913 1964 1986 
40 12 39 99 149 159 324 340 358 373 394 416 426 471 577 592 632 633 684 744 752 779 794 952 954 977 994 1025 1054 1096 1106 1149 1230 1231 1278 1374 1445 1547 1680 1855 1922 
34 47 74 173 201 231 238 250 322 362 364 542 602 715 779 820 866 882 912 976 994 1053 1259 1304 1368 1399 1487 1509 1671 1673 1796 1818 1839 1857 1957 
51 97 204 247 268 327 382 411 429 456 459 482 551 562 568 579 580 587 618 626 629 719 781 783 836 851 951 1045 1061 1068 1073 1106 1126 1158 1294 1318 1325 1326 1353 1380 1432 1493 1498 1541 1542 1550 1553 1631 1661 1858 1861 1962 
37 42 77 201 425 441 478 524 563 565 589 597 631 633 673 684 689 699 836 849 919 927 928 1048 1077 1122 1165 1233 1312 1317 1418 1497 1623 1750 1837 1942 1964 1991 
45 22 26 30 43 45 105 124 164 181 273 289 307 320 404 548 554 562 602 646 698 753 760 823 952 1013 1050 1080 1128 1221 1284 1294 1322 1341 1395 1575 1580 1657 1679 1708 1757 1799 1894 1910 1933 1935 
51 3 43 79 84 99 135 143 162 179 184 208 221 237 308 326 382 420 436 467 567 645 660 685 705 730 758 868 886 934 1054 1191 1242 1246 1264 1271 1274 1394 1413 1414 1458 1478 1561 1578 1587 1689 1720 1737 1744 1745 1802 1805 
47 42 98 101 126 178 191 204 205 233 265 373 416 483 534 621 623 678 743 863 921 992 1014 1020 1048 1086 1120 1127 1150 1168 1189 1197 1209 1252 1280 1299 1310 1377 1421 1584 1670 1711 1717 1796 1828 1877 1986 1988 
40 106 127 159 202 255 374 665 790 794 810 825 857 866 908 957 990 1023 1026 1035 1082 1182 1186 1225 1276 1293 1337 1339 1359 1396 1451 1533 1571 1753 1792 1834 1847 1899 1905 1958 1963 
40 21 222 243 318 338 344 360 449 507 614 646 663 669 673 728 840 899 970 1063 1085 1092 1111 1123 1192 1200 1203 1250 1256 1284 1340 1478 1550 1607 1688 1831 1846 1856 1924 1948 1954 
42 100 187 223 234 278 304 362 457 497 533 639 650 716 729 732 738 765 873 882 1012 1022 1041 1045 1050 1112 1135 1172 1226 1229 1252 1292 1304 1464 1496 1618 1630 1646 1713 1768 1875 1917 1956 
32 30 105 171 175 276 355 429 468 494 505 513 606 624 696 702 800 801 826 840 916 935 1075 1182 1324 1463 1513 1557 1577 1590 1715 1783 1878 
31 23 111 187 331 336 416 453 513 576 624 695 758 850 867 942 1109 1127 1141 1147 1185 1232 1243 1272 1275 1597 1666 1681 1771 1825 1912 1921 
37 80 92 98 133 182 285 354 382 390 472 608 610 654 655 727 799 810 821 932 936 1025 1084 1102 1170 1190 1202 1452 1466 1543 1629 1703 1773 1833 1864 1877 1895 1930 
39 6 16 138 177 220 318 535 568 579 586 689 695 755 767 783 814 821 887 890 976 1015 1052 1057 1097 1103 1244 1336 1357 1438 1458 1484 1564 1589 1797 1801 1845 1873 1932 1975 
36 13 97 155 156 158 247 277 304 337 340 421 469 529 580 586 697 733 749 869 940 991 1067 1524 1581 1622 1650 1715 1822 1826 1885 1893 1895 1912 1935 1977 1983 
44 59 223 235 247 353 402 431 523 745 777 784 795 799 843 883 980 982 998 1023 1038 1070 1077 1091 1189 1213 1254 1302 1336 1397 1400 1448 1461 1480 1516 1619 1666 1760 1806 1838 1918 1937 1943 1948 1994 
42 12 25 28 29 83 89 449 558 577 654 703 724 748 780 784 813 819 851 856 926 1015 1084 1153 1168 1170 1192 1251 1265 1284 1341 1345 1391 1414 1446 1509 1583 1667 1705 1836 1843 1959 1976 
44 41 47 125 160 209 270 294 301 375 384 440 563 576 583 715 789 876 994 1021 1049 1167 1201 1225 1241 1259 1278 1310 1313 1373 1374 1459 1654 1692 1717 1719 1769 1865 1867 1884 1898 1901 1950 1981 1991 
25 14 106 141 223 253 395 494 559 613 759 838 841 861 866 961 1036 1387 1435 1547 1560 1744 1788 1806 1857 1912 
36 8 21 118 211 305 418 427 546 569 581 658 797 839 850 871 894 910 974 1006 1104 1109 1188 1325 1349 1418 1512 1533 1566 1726 1790 1810 1830 1893 1920 1966 1977 
46 36 64 76 80 145 225 356 366 378 389 492 531 555 578 579 698 717 718 735 765 770 796 933 988 1049 1131 1185 1230 1288 1344 1362 1393 1527 1544 1578 1700 1706 1718 1738 1760 1776 1787 1855 1864 1904 1932 
44 1 27 30 115 124 137 220 236 258 312 322 337 354 406 423 433 546 592 742 756 768 860 881 995 1000 1147 1153 1291 1385 1446 1450 1451 1524 1544 1685 1699 1722 1740 1796 1878 1880 1939 1959 1984 
41 22 51 108 159 190 300 306 329 361 449 474 605 619 646 648 695 796 819 820 880 937 990 1007 1016 1070 1121 1279 1345 1369 1397 1412 1414 1510 1559 1617 1698 1736 1765 1819 1933 1988 
40 85 189 282 327 393 450 511 544 548 576 584 624 668 695 718 837 891 990 999 1059 1072 1101 1110 1194 1198 1273 1296 1362 1394 1492 1513 1543 1557 1627 1662 1680 1690 1708 1791 1845 
41 114 227 276 289 365 442 448 652 653 674 688 733 735 777 780 840 876 946 947 954 969 1020 1049 1053 1150 1209 1241 1262 1295 1308 1344 1435 1443 1460 1585 1598 1632 1633 1758 1926 1966 
50 128 217 243 261 288 339 360 381 407 412 433 474 498 545 578 648 651 674 885 910 971 976 997 1009 1024 1099 1218 1251 1311 1357 1360 1367 1373 1402 1478 1526 1530 1545 1548 1563 1608 1615 1626 1686 1689 1740 1749 1857 1865 1931 
42 49 141 162 301 322 326 370 438 484 507 553 585 623 650 697 717 810 868 883 1080 1102 1118 1131 1175 1243 1293 1305 1398 1413 1437 1612 1654 1724 1767 1820 1821 1822 1855 1870 1892 1953 1975 
41 48 72 104 172 224 225 252 348 358 366 372 400 410 469 475 771 785 806 814 839 853 888 942 973 1000 1004 1053 1175 1183 1204 1375 1377 1445 1450 1582 1705 1718 1733 1792 1946 1964 
41 17 202 205 245 344 550 695 696 702 716 827 929 1022 1024 1066 1108 1110 1146 1202 1210 1225 1298 1319 1350 1357 1393 1398 1413 1422 1425 1491 1496 1501 1522 1525 1577 1673 1835 1906 1961 1978 
42 1 134 136 139 154 170 288 320 421 428 522 626 650 698 778 788 799 808 887 902 911 946 1142 1189 1203 1219 1266 1312 1382 1413 1415 1490 1497 1499 1595 1681 1849 1851 1866 1871 1880 1881 
38 48 212 345 355 409 425 436 448 460 563 583 635 699 763 803 855 907 951 963 987 1001 1012 1197 1237 1293 1370 1425 1447 1465 1482 1528 1540 1638 1734 1805 1884 1898 1979 
34 96 195 207 233 252 270 352 392 622 697 698 758 823 922 1012 1013 1015 1067 1153 1193 1291 1378 1415 1434 1538 1546 1550 1636 1686 1707 1853 1960 1970 1977 
35 48 57 107 111 409 470 563 623 970 1014 1055 1085 1142 1149 1150 1159 1181 1185 1368 1377 1381 1390 1396 1433 1460 1544 1597 1606 1669 1688 1714 1748 1835 1895 1914 
41 28 181 228 323 328 356 460 614 623 692 695 715 738 742 802 813 819 886 1036 1070 1121 1155 1202 1253 1276 1277 1294 1358 1372 1390 1468 1486 1515 1518 1651 1716 1747 1769 1855 1872 1882 
38 43 208 297 322 467 576 688 724 804 836 855 867 869 955 1036 1101 1146 1206 1223 1250 1258 1339 1371 1483 1510 1521 1534 1570 1605 1682 1709 1748 1759 1832 1839 1946 1947 1985 
42 1 78 80 91 130 173 198 204 222 232 313 490 551 555 560 603 606 656 657 671 777 856 931 1057 1106 1169 1204 1343 1356 1388 1400 1420 1428 1476 1501 1600 1626 1720 1735 1841 1849 1933 
40 7 8 38 144 215 253 258 270 395 448 468 471 510 551 733 836 844 850 954 969 993 1035 1101 1145 1152 1162 1168 1188 1210 1226 1227 1277 1317 1378 1491 1549 1611 1636 1701 1938 
41 49 166 295 338 456 457 481 540 541 566 690 717 779 825 842 900 920 922 950 1012 1016 1079 1114 1172 1173 1205 1235 1238 1254 1255 1296 1345 1346 1374 1435 1492 1509 1904 1931 1955 1975 
37 41 77 102 147 151 171 318 394 398 472 547 564 582 594 636 637 736 739 795 869 1001 1051 1124 1283 1324 1342 1438 1439 1469 1507 1516 1535 1613 1645 1701 1866 1954 
34 20 72 77 157 169 176 190 303 379 473 476 482 498 512 543 695 717 828 989 1056 1068 1079 1172 1243 1273 1371 1391 1452 1580 1604 1631 1646 1823 1852 
33 53 137 258 277 341 408 455 496 598 633 752 827 897 909 959 970 993 1071 1133 1231 1288 1295 1359 1419 1475 1480 1487 1592 1623 1664 1861 1862 1941 
45 21 53 57 76 109 133 154 239 242 269 271 316 366 440 448 516 527 562 580 608 625 631 639 913 935 936 1015 1053 1204 1205 1297 1330 1453 1525 1532 1553 1649 1739 1794 1823 1837 1856 1885 1975 1988 
49 4 45 49 81 104 123 226 248 290 357 368 401 406 445 451 487 508 576 600 658 761 812 891 893 906 967 1004 1096 1105 1132 1134 1211 1232 1255 1279 1306 1427 1506 1511 1540 1621 1625 1645 1646 1678 1692 1740 1793 1916 
33 2 51 209 297 305 391 483 502 542 570 589 602 710 712 804 871 956 1003 1130 1151 1268 1360 1374 1390 1401 1493 1544 1593 1666 1755 1803 1826 1902 
54 23 26 27 99 158 179 247 274 277 291 333 343 357 362 399 413 438 461 509 512 547 571 602 738 744 805 818 819 838 931 932 1012 1048 1072 1083 1227 1300 1356 1398 1423 1460 1508 1610 1677 1713 1826 1844 1873 1934 1935 1956 1971 1981 1989 
38 7 105 224 323 342 374 383 417 422 472 565 615 688 689 787 792 838 875 879 897 924 1008 1017 1076 1085 1124 1147 1191 1301 1321 1343 1454 1484 1523 1578 1769 1839 1958 
38 1 9 42 112 119 161 197 287 309 338 434 445 468 480 501 795 926 1047 1169 1173 1177 1210 1216 1278 1281 1285 1314 1366 1436 1491 1608 1621 1657 1667 1706 1720 1900 1930 
48 4 25 34 52 77 79 125 126 180 183 232 244 250 346 391 392 406 428 511 526 681 697 730 807 868 890 962 982 989 1065 1072 1092 1276 1295 1319 1453 1455 1475 1479 1603 1637 1732 1817 1848 1879 1880 1894 1978 
37 45 46 52 53 65 67 82 97 165 391 400 402 439 486 588 710 766 784 806 1046 1051 1127 1301 1364 1404 1412 1552 1599 1619 1655 1671 1672 1719 1806 1897 1921 1980 
40 25 28 131 132 229 320 340 379 431 452 546 554 579 700 722 786 858 874 923 972 1044 1076 1202 1242 1245 1306 1334 1340 1371 1484 1500 1508 1542 1580 1621 1732 1897 1909 1954 1960 
39 52 72 81 111 198 221 276 313 591 605 611 624 700 731 756 818 908 979 1041 1085 1099 1161 1174 1219 1249 1325 1508 1530 1655 1672 1733 1765 1784 1799 1858 1892 1914 1930 1955 
33 2 74 107 108 126 165 174 220 221 300 356 532 670 880 904 1003 1083 1174 1231 1283 1286 1290 1442 1507 1528 1536 1585 1588 1752 1817 1841 1871 1897 
45 32 47 102 141 145 220 234 260 279 373 510 525 537 660 704 802 815 891 950 996 1045 1129 1146 1153 1180 1240 1260 1276 1300 1318 1487 1488 1543 1577 1624 1647 1681 1712 1743 1766 1803 1851 1960 1965 1969 
36 3 55 94 250 262 298 329 363 371 383 550 648 649 653 689 796 816 993 1022 1274 1338 1356 1392 1414 1422 1526 1654 1691 1694 1700 1722 1725 1735 1742 1954 1955 
39 59 123 156 161 187 221 271 299 326 354 448 593 629 721 742 770 776 817 822 848 928 996 1093 1202 1212 1227 1235 1262 1319 1362 1455 1486 1630 1653 1783 1788 1887 1901 1920 
37 42 122 140 194 208 220 355 368 425 452 470 540 549 578 612 674 754 776 964 973 1018 1155 1159 1170 1207 1416 1494 1501 1536 1561 1609 1644 1656 1664 1727 1754 1856 
33 290 332 337 359 393 427 449 471 515 605 676 732 743 804 907 1019 1093 1135 1256 1297 1327 1342 1348 1352 1481 1563 1605 1633 1642 1696 1737 1881 1923 
49 26 33 43 89 168 222 224 263 279 305 329 338 342 409 450 454 467 469 500 518 566 577 629 723 735 737 795 845 904 960 1031 1113 1117 1235 1285 1295 1309 1396 1457 1543 1554 1565 1601 1612 1636 1731 1753 1805 1911 
45 222 238 283 306 377 430 441 453 548 552 586 662 671 685 714 788 789 791 824 830 881 929 969 972 990 1073 1082 1149 1154 1198 1225 1236 1291 1355 1363 1371 1464 1546 1646 1675 1708 1768 1836 1930 1944 
35 42 44 71 207 348 393 442 453 602 604 662 682 691 695 700 716 795 849 1090 1126 1232 1275 1286 1314 1394 1506 1573 1623 1646 1703 1716 1756 1887 1910 1950 
51 5 33 100 104 142 154 176 248 394 459 467 468 486 492 509 530 536 564 607 621 630 640 642 672 740 796 809 884 921 925 930 1007 1095 1122 1124 1146 1195 1208 1214 1301 1323 1358 1386 1475 1579 1695 1788 1808 1868 1900 1915 
28 22 42 197 320 510 527 551 652 673 713 794 817 889 1088 1095 1115 1119 1225 1257 1285 1296 1634 1733 1741 1765 1767 1821 1936 
45 3 48 55 88 134 173 234 267 309 325 357 474 480 504 505 555 631 754 757 881 905 946 972 997 1000 1047 1050 1086 1088 1157 1238 1241 1252 1335 1464 1499 1527 1699 1715 1733 1783 1823 1881 1980 1997 
41 0 44 110 114 176 203 254 272 297 322 470 495 599 628 676 993 1027 1038 1092 1192 1200 1211 1293 1331 1406 1413 1416 1518 1570 1583 1600 1624 1673 1688 1723 1758 1836 1855 1878 1888 1963 
50 13 24 41 84 130 131 150 151 164 259 263 296 320 388 389 492 514 552 606 657 667 692 789 818 836 867 908 955 1098 1126 1156 1186 1259 1313 1314 1333 1351 1386 1396 1457 1528 1577 1613 1710 1814 1832 1835 1938 1976 1984 
36 46 58 99 192 204 278 448 496 607 671 691 732 883 948 957 978 980 1000 1042 1143 1215 1261 1268 1277 1299 1335 1483 1504 1603 1627 1629 1664 1711 1713 1827 1933 
53 12 58 126 138 179 229 324 375 399 450 496 499 547 581 631 643 651 668 682 740 805 812 822 852 871 967 1037 1087 1151 1262 1299 1376 1419 1424 1446 1482 1521 1559 1677 1723 1730 1732 1739 1783 1818 1841 1879 1890 1895 1926 1962 1977 1989 
43 131 161 162 236 270 284 296 302 341 367 430 582 603 604 713 717 762 790 845 886 915 1056 1084 1086 1130 1250 1261 1274 1316 1380 1389 1404 1424 1675 1697 1715 1729 1746 1757 1790 1800 1807 1883 
39 16 41 55 97 142 177 225 275 340 408 434 496 537 577 623 647 683 699 783 813 881 921 1019 1029 1048 1060 1297 1316 1324 1337 1427 1453 1524 1698 1731 1838 1925 1939 1947 
38 29 78 142 144 169 181 211 215 232 314 355 365 406 407 439 573 713 781 881 1013 1032 1052 1062 1109 1148 1168 1181 1276 1379 1491 1514 1571 1608 1731 1732 1798 1812 1978 
46 31 41 47 162 168 201 451 457 473 509 520 527 719 723 731 867 892 894 972 984 1057 1074 1106 1144 1171 1209 1217 1335 1377 1392 1394 1411 1412 1436 1467 1543 1572 1657 1700 1761 1789 1835 1841 1860 1917 1931 
45 3 10 54 79 85 158 223 302 315 337 342 370 450 463 477 547 607 617 627 655 776 811 816 849 912 968 973 986 989 998 1103 1132 1151 1187 1276 1326 1570 1621 1669 1674 1705 1786 1864 1868 1911 
47 34 49 98 128 130 143 154 176 269 295 298 343 359 368 494 502 599 616 625 627 670 704 720 753 811 829 878 1048 1101 1169 1179 1299 1312 1420 1422 1445 1478 1542 1590 1653 1682 1699 1710 1784 1819 1863 1918 
49 14 27 50 72 86 108 110 144 205 222 248 318 384 405 432 446 503 734 769 792 798 848 926 994 1012 1039 1052 1104 1120 1145 1171 1261 1336 1401 1514 1520 1576 1628 1653 1680 1684 1685 1698 1776 1805 1876 1918 1932 1962 
