200 2000
711 716
329 827
833 1399
905 1260
400 1166
280 1075
504 1299
381 1038
450 1364
835 926
720 866
783 1433
368 925
9 733
872 1810
726 1300
792 978
77 740
561 818
173 558
868 912
513 1064
111 398
957 1210
503 699
980 1196
501 1064
452 776
388 708
691 955
646 1038
771 1235
263 1261
857 1055
94 688
234 290
869 1611
192 530
390 1280
849 1301
707 1483
240 811
699 890
167 786
227 536
977 1479
148 152
435 537
947 1064
726 1635
390 1017
738 1374
123 143
375 627
123 923
2 246
234 1123
177 615
351 733
326 918
152 988
508 766
182 315
335 803
243 341
816 1319
959 1471
71 1019
115 1022
893 1624
542 1504
862 1674
384 1054
556 921
928 1380
236 816
317 1211
387 899
772 1615
375 430
702 748
199 477
29 374
230 400
891 1202
70 429
572 725
480 494
801 1332
923 1227
900 969
775 816
142 948
878 1253
89 1081
703 1210
573 1034
511 1010
420 1296
399 843
511 1371
868 1191
355 438
528 980
121 150
138 403
40 222
253 528
300 894
199 1082
297 412
455 931
782 1131
84 222
420 457
466 1431
651 1460
600 1317
304 314
416 830
286 1087
602 1187
639 1452
873 1394
924 1872
997 1778
979 1064
151 334
320 923
786 905
510 682
740 1059
900 930
441 1246
99 929
498 1308
31 1005
569 1494
736 1615
39 220
938 1144
223 546
469 1134
764 1745
333 438
218 291
391 1077
505 959
438 922
759 1604
110 811
24 866
347 489
280 1269
935 1836
382 698
861 863
326 689
943 1930
664 674
152 876
664 1193
825 1652
372 626
191 1146
224 332
86 856
236 636
579 744
294 504
850 1673
468 559
186 1183
433 1329
824 1692
904 1753
294 1227
392 772
730 1725
672 1398
560 651
66 370
119 486
953 977
597 1439
860 925
300 1206
25 88
828 939
931 1267
411 1253
100 1031
793 1258
866 1465
42 259
432 488
347 936
348 1278
857 1042
316 316
537 1034
40 1009
550 958
80 992
66 234
239 648
157 1082
508 1333
314 518
267 464
727 816
833 1007
827 1327
971 1942
324 768
962 1660
663 691
70 421
212 1180
728 1566
236 357
525 724
985 1428
628 1461
710 759
878 1099
17 867
955 1820
341 526
966 1863
454 665
558 731
220 449
136 188
295 558
52 347
761 796
811 1711
700 1653
821 1580
304 1125
904 1191
861 1675
699 776
951 1495
354 478
489 511
226 327
448 806
901 1139
737 1596
58 293
246 655
974 1834
385 1294
544 936
12 329
502 697
44 652
728 1437
624 1159
229 285
185 529
933 1631
964 1471
483 703
735 1537
494 798
48 402
278 354
631 1083
898 1040
573 1498
399 717
48 964
561 635
565 765
770 1434
113 729
134 855
363 598
616 1122
310 985
625 1286
126 747
793 872
91 322
979 1145
170 606
248 768
461 1152
749 1366
610 1073
599 1297
233 815
631 983
845 1542
243 718
153 371
831 1233
758 923
716 1381
332 486
201 1045
194 454
998 1002
487 615
310 699
825 1300
368 513
344 661
358 376
255 707
381 1167
82 799
747 1079
556 694
550 704
145 417
845 1055
666 832
791 1602
305 1095
808 1089
621 1317
656 1135
945 1787
887 1484
546 960
399 1229
873 1178
204 420
472 1059
132 714
477 1325
777 1243
790 1426
118 1019
821 1425
113 362
255 411
389 1116
294 560
425 1184
428 1113
96 730
18 840
403 613
88 417
477 574
887 1501
374 511
759 1316
462 1065
660 1377
189 273
186 1041
289 667
880 1532
556 1101
901 1092
264 638
470 626
718 1212
220 809
34 912
521 1112
332 508
943 1923
774 860
569 1506
174 537
278 929
447 717
779 961
757 996
71 788
509 801
128 958
972 1634
349 560
787 1746
236 828
280 750
761 1590
202 1035
385 894
578 1165
390 1112
811 1605
212 620
82 932
264 602
1000 1063
765 1079
560 782
686 1601
648 1422
18 463
359 1189
335 1082
10 297
398 850
237 855
454 1397
346 753
508 543
590 1387
540 1397
576 635
536 626
215 300
884 1016
930 1649
188 417
147 386
624 916
141 1088
984 1373
835 1556
642 1415
842 1410
294 830
192 1153
83 471
602 855
610 1332
956 1549
45 942
646 1385
32 42
14 68
332 1055
21 572
428 1262
241 363
252 444
32 392
7 91
627 874
722 1067
216 1032
896 1087
231 586
182 364
954 1237
558 1182
232 875
143 836
851 1289
766 1561
910 1719
80 690
951 1750
42 870
982 1687
873 1617
609 850
495 1166
868 1220
303 696
676 1303
96 903
423 495
945 1826
245 524
902 1331
987 1720
5 363
902 1336
620 1540
559 985
674 1616
828 1331
538 1158
338 991
316 678
677 1350
522 1237
914 985
709 1335
821 1622
484 1069
295 832
801 984
614 816
733 1358
292 703
24 249
664 1315
211 324
809 1163
345 1146
490 576
513 786
730 1462
479 893
971 1081
504 790
620 1313
803 1051
720 967
772 1460
716 1012
943 1805
70 879
879 1548
131 265
307 407
957 1854
320 1164
402 1069
511 1442
821 1142
566 706
817 1039
932 1267
836 1553
370 549
86 259
887 1246
928 1401
321 477
819 1571
868 1603
517 1041
13 20
386 474
922 942
88 722
435 1399
118 741
814 1456
927 1913
388 1200
599 874
818 1525
533 1100
846 1478
37 957
685 1056
295 747
105 993
349 902
405 776
879 1667
72 1060
948 1497
377 781
318 445
87 121
19 952
812 1153
403 636
406 991
103 273
40 872
889 1053
599 795
927 1326
1 823
667 1353
948 1049
955 1381
484 1137
394 1139
975 1330
465 791
234 896
118 479
91 110
447 812
632 735
290 593
146 571
101 195
97 410
461 1448
419 510
573 1166
178 743
321 555
938 1643
862 1085
947 1864
797 1298
978 1610
959 1818
197 433
146 596
189 431
61 424
973 1805
640 705
61 434
441 552
542 805
617 868
538 1007
67 887
100 273
363 1147
309 1036
273 1024
645 1447
125 1068
518 717
225 1046
82 560
508 747
456 727
428 1377
670 1585
923 1635
277 1198
96 759
197 600
88 708
148 973
316 764
686 1396
653 1371
854 1810
982 1305
105 206
775 864
727 1429
256 744
592 850
430 841
140 1000
611 1177
192 1149
326 866
484 933
922 1746
504 773
916 1792
958 1095
676 1118
210 1088
734 1492
577 841
549 748
533 1100
172 576
616 736
733 1524
210 446
393 1229
275 964
337 630
556 746
404 562
415 488
131 409
890 1638
159 437
204 810
17 43
671 783
813 1468
87 437
730 1543
200 242
922 1592
68 178
629 780
987 1914
630 1188
359 502
717 1208
513 517
94 596
599 1062
333 425
949 1767
592 1010
392 674
861 1488
436 927
952 1419
457 1123
403 910
771 1575
858 1693
214 229
723 1604
859 1251
889 1346
929 1569
309 771
66 405
513 514
167 954
456 894
231 426
533 844
437 1408
731 1057
540 851
97 304
187 460
517 675
856 1186
799 1736
296 1139
376 383
304 1169
245 685
917 973
108 712
21 954
294 969
413 711
534 728
649 1214
248 567
852 939
896 1162
845 1094
25 970
23 946
331 889
880 1773
847 1742
940 1422
450 587
864 1072
480 750
680 1352
525 863
701 1042
120 609
278 954
331 580
440 1355
290 1253
276 387
466 1311
483 1123
564 1428
161 525
199 934
32 622
653 884
281 1267
912 1484
329 1114
616 1340
582 1147
507 630
730 748
288 509
672 1590
448 859
822 1471
88 234
349 568
76 648
243 697
282 624
492 1360
220 1085
71 309
797 1311
769 1323
712 1332
677 992
445 993
589 1193
315 888
476 1199
342 588
83 303
43 414
383 1327
321 506
941 1126
908 1664
791 985
905 1334
523 1241
8 574
266 1207
43 628
944 1009
642 692
78 997
713 1472
43 1003
955 1907
574 1040
136 949
621 910
255 547
843 964
988 1318
628 776
929 1267
340 1250
47 446
515 1197
723 1227
771 1159
777 960
151 925
633 1552
658 1649
179 270
926 1433
181 674
98 941
556 1124
613 974
687 1225
447 1283
154 922
601 749
24 674
340 671
182 807
903 1824
72 184
961 1132
121 469
272 428
344 413
218 1023
592 1211
981 1517
724 1079
427 1091
468 1018
835 1530
428 877
703 1465
415 701
471 901
134 913
632 1048
480 1008
965 1147
817 1676
674 691
592 1133
573 699
319 730
284 1150
776 804
664 1222
175 1021
220 493
225 648
65 892
310 330
576 845
286 831
828 836
65 977
531 717
810 1790
145 675
925 1125
688 1433
23 844
331 363
152 626
723 966
999 1444
213 522
699 1622
532 1010
55 230
533 1500
391 482
818 1666
799 1357
887 1705
758 1734
714 1208
969 1552
288 976
247 780
683 1169
351 835
685 1256
985 1032
428 712
702 914
17 551
489 610
132 1089
773 1773
958 1417
319 836
617 1077
483 1150
953 1740
241 460
41 230
75 1065
880 1439
869 1394
261 902
216 581
611 1082
329 682
640 1157
891 1880
260 437
664 1093
832 1126
393 780
815 900
774 1342
798 1226
353 586
778 1253
167 853
748 1493
63 689
955 1569
821 837
78 392
705 745
833 1789
94 1030
608 1292
152 662
456 620
808 1073
684 741
486 1379
297 916
907 1580
380 738
182 712
282 513
607 1226
872 1792
619 1012
568 640
57 822
217 248
409 821
604 1533
328 672
588 1497
925 1150
794 1178
685 1685
788 852
677 1177
256 721
720 1188
663 1596
548 882
805 1690
250 968
26 46
233 552
828 1503
539 1534
428 750
895 1892
940 1000
549 1355
329 414
117 1066
26 97
883 1876
549 1110
949 1568
277 509
532 549
318 756
913 1905
937 1722
122 308
676 792
34 218
687 802
593 1527
673 824
387 1158
956 1832
563 855
282 863
546 754
538 1503
848 1810
483 983
472 1104
788 793
363 598
499 1244
905 937
485 905
745 1152
834 1290
958 1164
151 904
696 779
340 1198
680 896
36 485
696 1002
876 959
90 652
689 768
305 625
652 1015
226 266
234 1106
775 1239
335 1032
514 1204
185 284
383 1309
834 1031
480 1270
304 613
174 932
154 378
425 847
103 610
583 724
102 801
203 981
726 943
834 1655
594 861
366 963
74 531
204 887
790 1288
592 1121
396 524
637 1075
433 1093
426 591
556 1036
880 1564
887 908
420 1247
8 755
870 1161
485 995
184 565
352 1172
165 1002
203 394
740 1129
41 509
435 1079
763 991
536 1505
220 310
44 175
798 1218
103 976
604 1000
710 1483
626 769
523 1150
187 1056
860 962
903 1833
540 803
696 698
667 1578
598 849
129 1026
530 1218
700 1154
715 1260
14 874
178 892
8 217
492 1395
641 1159
696 1633
464 805
683 1449
681 771
463 466
818 836
492 1097
758 943
476 887
341 539
635 1614
992 1600
625 851
282 1119
522 1508
611 1023
804 1530
278 1018
961 1569
229 332
139 422
303 1278
320 325
10 287
723 795
595 803
470 846
304 1042
514 1402
346 1164
135 1049
496 1247
601 1371
114 515
725 1078
44 284
416 1105
775 1573
524 834
168 1087
101 807
507 1146
648 1545
766 876
645 1270
158 837
202 221
528 1219
389 1016
651 866
334 1162
830 1444
283 1114
280 1215
293 1009
628 1009
245 629
718 810
51 119
845 1462
802 1572
113 279
119 207
771 954
957 1377
499 668
763 913
338 1063
364 1097
389 653
746 994
589 1044
450 1280
568 1038
110 156
82 771
586 1533
222 623
54 161
72 638
460 919
643 940
602 1537
136 1005
858 1710
750 1664
532 905
567 1018
971 1538
403 774
76 822
894 1018
990 1311
939 1818
41 968
339 1023
774 993
540 1379
779 1314
588 1197
751 1143
685 1523
98 141
669 719
720 1568
850 1349
92 1070
664 1215
868 1847
393 1026
726 1634
830 1022
620 1471
418 1373
672 1441
637 749
868 1105
217 964
704 729
505 826
583 1478
555 1329
765 1293
201 252
555 1508
330 1276
189 432
37 741
835 853
716 1030
739 1732
915 1152
347 518
365 924
337 1068
829 969
969 1799
540 1540
51 516
578 1195
195 1182
86 1058
719 1026
476 1434
289 1196
783 883
634 702
539 992
565 1456
387 918
248 512
344 918
607 828
231 620
503 591
726 1127
261 645
323 852
56 801
399 654
604 1101
650 1010
327 851
308 726
343 1293
185 945
841 1682
823 1677
70 883
790 1446
20 960
531 631
890 1824
490 1069
977 1942
568 1255
117 964
323 433
988 1947
91 358
396 1291
182 725
354 486
472 1436
466 931
944 1553
392 680
468 608
41 709
582 1028
284 978
509 1053
684 1144
819 992
573 584
108 519
19 193
126 822
954 1800
280 805
997 1530
399 1258
647 651
797 1398
765 952
820 1376
723 1325
996 1123
598 1074
971 1383
114 206
56 312
631 1494
702 1033
999 1580
495 964
592 1079
520 925
609 764
581 785
348 873
211 990
783 1263
123 451
328 1030
525 774
876 1772
85 368
436 1368
560 727
526 1377
825 877
49 644
733 985
327 766
161 772
596 1220
640 1312
80 678
150 1035
5 72
76 584
268 1019
383 713
979 1065
276 644
521 818
734 895
247 349
33 789
349 1302
788 981
476 827
868 1020
49 62
41 247
76 495
618 1556
945 1826
305 375
321 444
787 1681
446 1055
104 535
449 819
902 945
44 1022
429 963
595 1453
565 725
763 1473
721 998
749 1019
467 836
220 773
743 885
17 1015
763 1082
722 1560
875 1194
136 636
699 1179
635 846
257 289
384 984
967 1146
855 1697
460 1274
988 1930
901 1590
422 842
836 1004
401 1023
727 1270
613 1337
841 1110
95 916
319 929
709 1680
345 1132
965 1899
279 1026
555 592
610 871
689 1553
143 957
89 477
731 1264
20 71
469 904
89 1064
613 1583
202 1101
726 829
549 653
985 1211
7 234
848 1839
16 426
953 1276
514 1338
187 481
204 1000
620 1522
791 1581
290 795
763 1425
372 453
99 1049
109 279
145 501
623 861
857 1406
108 296
425 1411
218 627
98 211
838 970
931 1774
548 656
587 1289
913 1407
891 919
526 1413
814 1583
935 1437
412 598
547 1387
845 1150
777 1016
375 998
478 1475
70 539
667 788
883 1638
694 717
670 728
203 955
455 706
995 1364
257 887
787 1006
473 819
604 1084
121 988
962 1840
783 1701
735 1452
533 829
953 1589
122 430
409 875
815 1262
157 395
987 1340
769 1114
675 1517
840 1109
807 860
708 1398
708 1283
414 1033
636 1253
999 1501
448 1353
520 838
261 333
868 1259
526 1176
732 807
770 1055
430 1255
562 1205
541 1467
55 431
993 1743
233 319
513 1012
154 277
305 870
631 997
900 1198
876 1459
157 1094
844 1130
243 398
519 986
6 475
670 1010
148 1090
360 1255
846 1655
106 160
912 1198
489 1465
110 833
308 862
269 829
822 1567
674 1198
173 554
858 1823
134 967
130 232
929 1284
783 1199
792 902
93 1068
803 1502
741 856
902 1072
772 957
606 1014
191 473
964 1004
438 893
556 875
406 1334
587 1548
227 764
163 748
106 686
616 686
838 1444
487 569
527 1055
491 922
734 927
989 1640
626 806
631 1415
408 1063
159 605
608 912
576 684
13 971
777 1657
569 1314
903 1347
841 1013
786 1368
144 173
120 782
107 835
65 409
473 592
355 508
579 940
944 957
447 1002
735 1276
83 199
744 1634
67 667
367 1043
109 417
331 880
788 1069
402 1140
116 444
980 1895
696 1563
312 1027
397 681
955 1354
81 720
629 1484
722 1077
332 1286
45 231
765 1701
817 1227
306 705
694 767
323 452
972 1221
458 974
130 679
654 1477
593 1391
28 901
623 898
657 1198
269 998
80 866
727 1366
151 586
971 1858
418 935
136 328
234 278
893 1702
652 716
160 732
848 1306
874 1261
476 1214
971 1244
844 1086
374 1211
487 785
652 1542
13 53
187 1147
127 882
469 1418
445 1147
880 1417
270 1170
269 703
368 1089
610 1329
792 1417
59 746
213 1140
225 1061
170 914
750 1154
582 1160
764 1107
261 1018
491 1219
799 1744
110 263
47 974
599 1065
362 879
446 811
540 904
492 589
772 1717
663 1316
882 1060
239 301
294 371
301 502
299 532
424 859
439 691
799 811
221 1126
664 975
50 67
307 310
70 758
544 1432
9 563
691 1165
794 1689
227 456
38 67
903 1304
873 1301
824 1420
184 985
795 1342
833 860
597 1117
667 1382
361 1264
426 774
326 460
769 807
340 798
979 1968
152 1089
937 1015
263 389
715 1665
31 946
741 1443
483 1482
74 671
202 567
824 1423
867 1858
48 67
469 982
521 1439
96 643
307 528
266 857
335 551
523 877
768 1391
884 1863
578 644
747 1076
86 191
430 1359
220 577
64 1056
974 1475
702 1484
646 1386
146 1120
752 1515
400 1082
186 698
185 778
92 903
496 795
189 788
427 1199
164 644
954 1934
540 1310
479 602
715 1096
909 1480
256 575
904 1651
417 1041
46 270
825 1197
580 967
21 42
228 928
451 1202
149 1118
681 1380
277 504
263 411
640 696
211 599
728 1208
163 287
826 1380
157 159
750 1350
571 688
774 927
128 681
246 969
73 761
867 1648
530 783
634 1228
723 1676
550 1236
674 1548
774 1196
601 1559
703 1079
627 1479
235 960
209 873
508 586
775 1357
180 241
57 1018
240 481
585 1290
162 504
833 981
725 1426
254 624
18 689
945 1497
149 286
348 890
672 1056
443 536
845 898
412 694
700 1632
908 1845
830 1389
544 1117
902 1003
789 1509
662 871
672 897
401 1358
742 1248
846 996
354 922
493 1250
782 828
903 1439
143 333
433 1232
179 651
50 508
161 661
670 1577
839 1711
709 1147
103 540
236 622
416 1386
660 1297
156 521
582 1361
551 560
668 1512
453 619
376 648
899 1804
917 1812
871 1835
385 670
799 1092
793 1549
279 376
215 433
817 1236
465 1170
536 971
120 164
71 358
26 807
576 968
713 1251
764 1355
387 888
499 786
317 772
925 1337
813 826
525 1336
764 766
507 1358
908 1408
646 878
809 1609
762 1655
758 1537
270 955
70 166
228 518
459 636
504 1130
580 981
497 1074
914 1400
459 1099
788 961
69 608
952 1114
282 682
660 987
848 1588
489 1308
283 834
128 753
423 884
567 576
678 792
50 972
347 635
13 209
583 1080
136 1050
448 601
784 1441
997 1890
349 540
92 639
236 587
209 655
998 1283
256 1154
650 1291
399 429
663 990
650 1391
635 925
317 809
312 1238
418 944
436 1056
737 794
413 1011
390 593
742 1610
336 790
813 1709
587 1226
572 983
280 1021
737 1008
825 1308
31 467
345 655
418 1221
892 1861
363 1212
833 1403
486 1187
850 1513
516 1220
545 1332
647 1216
961 1519
49 564
399 1262
499 650
241 1185
865 1681
15 598
167 1032
816 1040
733 1688
423 644
171 371
800 1453
771 850
647 1080
610 983
1 198
975 1306
711 1381
651 1531
631 1513
348 431
361 1248
366 818
54 280
52 78
121 690
903 1577
686 1563
731 1442
45 197
186 247
605 1599
941 1231
832 1466
811 1074
881 1516
575 1172
9 774
761 1535
36 93
361 946
948 1652
769 872
654 1464
444 1377
810 1229
949 1513
80 775
236 477
515 626
682 1015
738 1644
916 917
599 1068
991 1876
842 1722
274 530
650 1160
888 1727
786 1009
949 1135
163 1049
518 1080
26 843
201 943
176 1109
666 1616
459 1395
205 470
617 1040
599 798
116 974
314 542
164 479
31 203
796 1671
644 829
680 1185
218 613
935 1497
38 98
348 643
595 1062
306 809
214 636
791 1694
244 1205
820 1553
846 1206
356 422
866 938
166 451
212 588
978 1391
922 1857
675 1380
497 534
5 513
988 1116
138 571
879 962
212 1188
358 990
35 104 126 183 277 358 375 480 500 511 553 640 645 817 819 847 924 1048 1146 1193 1231 1304 1315 1339 1355 1373 1399 1494 1548 1605 1675 1717 1733 1787 1801 1809 
49 3 4 98 153 188 215 223 265 273 325 328 376 416 465 541 572 594 634 705 736 749 752 756 800 815 832 926 996 1005 1053 1076 1103 1175 1179 1193 1207 1235 1395 1499 1505 1561 1564 1610 1654 1667 1692 1807 1825 1914 
37 2 137 185 187 222 408 411 472 553 690 717 757 762 766 786 787 866 891 894 958 1051 1057 1075 1260 1386 1541 1561 1690 1734 1771 1784 1815 1827 1840 1900 1903 1917 
49 4 74 104 138 212 234 272 348 362 452 462 463 747 810 913 935 970 1019 1048 1113 1135 1143 1161 1180 1289 1307 1334 1361 1385 1432 1456 1479 1495 1549 1586 1598 1649 1715 1716 1783 1801 1823 1839 1883 1930 1938 1959 1970 1976 
46 74 96 161 217 239 247 293 364 392 502 538 612 717 739 779 797 827 848 885 895 907 1054 1163 1194 1214 1230 1238 1285 1286 1291 1313 1324 1347 1453 1669 1717 1734 1763 1771 1790 1793 1794 1817 1849 1875 1928 
40 13 15 17 26 34 96 147 307 317 452 534 550 597 630 736 842 952 987 1086 1152 1164 1370 1378 1410 1420 1431 1437 1459 1467 1517 1608 1616 1722 1749 1752 1847 1886 1902 1927 1935 
38 29 73 88 160 279 342 445 447 588 601 663 711 743 827 842 846 871 884 913 917 962 997 1041 1072 1123 1169 1199 1259 1281 1361 1390 1589 1612 1637 1772 1790 1826 1855 
39 75 141 152 169 221 296 406 425 436 460 553 583 649 685 725 822 883 912 947 973 995 1027 1100 1131 1135 1153 1271 1291 1296 1326 1327 1436 1458 1468 1653 1659 1677 1914 1973 
39 41 81 113 132 184 195 268 322 327 371 406 438 458 474 487 505 585 615 717 722 757 792 801 1042 1116 1187 1230 1257 1288 1307 1315 1334 1432 1442 1521 1620 1805 1893 1964 
32 27 52 168 211 421 455 475 491 517 521 567 631 669 688 710 735 779 838 976 1138 1156 1158 1256 1337 1433 1451 1586 1783 1801 1832 1874 1944 
40 115 126 297 372 434 435 472 535 578 593 596 617 660 671 717 801 845 851 884 904 907 909 964 993 1149 1193 1209 1301 1303 1366 1384 1467 1470 1520 1537 1551 1601 1662 1806 1896 
34 117 123 165 265 270 276 347 372 373 377 403 493 624 635 646 649 659 770 843 862 1041 1200 1217 1218 1239 1290 1304 1364 1629 1636 1691 1803 1818 1934 
45 55 56 63 103 132 165 237 239 291 312 412 459 512 551 557 560 617 688 731 735 861 903 1019 1086 1087 1132 1164 1166 1214 1280 1331 1356 1477 1480 1517 1736 1755 1762 1766 1775 1792 1809 1811 1823 1884 
43 5 127 389 437 440 472 603 622 633 636 658 676 680 726 759 780 804 845 865 866 1030 1062 1092 1107 1129 1240 1362 1389 1392 1422 1464 1519 1561 1562 1591 1654 1788 1789 1791 1794 1916 1920 1979 
48 9 19 26 32 61 63 110 250 356 458 535 548 577 684 833 840 876 924 975 1021 1038 1139 1150 1155 1160 1177 1181 1253 1264 1299 1370 1391 1494 1554 1586 1596 1611 1613 1631 1640 1648 1702 1907 1934 1951 1960 1964 1977 
34 26 31 37 60 67 69 90 205 323 401 571 651 719 781 924 1041 1096 1133 1306 1355 1361 1407 1411 1510 1511 1631 1639 1693 1716 1736 1940 1967 1974 1984 
36 62 259 313 323 356 426 438 461 537 595 678 690 800 836 1022 1082 1184 1190 1213 1243 1246 1253 1260 1308 1329 1400 1431 1451 1469 1512 1535 1734 1787 1804 1847 1892 
48 31 50 61 73 195 362 383 398 409 436 480 498 533 544 551 560 568 580 594 595 629 630 631 677 759 882 950 994 999 1042 1125 1146 1165 1179 1333 1362 1404 1478 1521 1547 1613 1654 1715 1721 1723 1810 1961 1992 
40 11 58 117 163 234 264 270 289 343 349 370 462 466 486 575 613 661 664 725 784 800 826 937 957 1119 1233 1304 1328 1392 1445 1569 1589 1606 1617 1749 1801 1864 1955 1974 1985 
38 5 22 80 93 149 316 331 450 453 463 623 689 735 744 780 805 818 819 829 830 857 890 907 1031 1304 1312 1363 1491 1498 1659 1714 1738 1806 1896 1915 1920 1922 1939 
37 15 116 241 242 379 391 392 420 536 561 593 604 649 705 727 974 1102 1152 1178 1218 1221 1300 1379 1393 1395 1423 1466 1503 1560 1588 1601 1638 1738 1799 1851 1883 1949 
24 33 130 151 243 356 524 583 778 803 830 883 1032 1327 1343 1388 1462 1481 1571 1591 1602 1676 1850 1868 1946 
21 64 243 279 294 310 353 355 389 534 575 685 729 763 811 936 1041 1142 1519 1646 1656 1949 
40 27 47 124 189 206 239 264 298 300 374 482 490 513 547 597 628 670 692 741 805 813 875 901 919 931 935 1072 1116 1122 1438 1590 1596 1651 1758 1810 1811 1839 1936 1946 1959 
47 23 65 94 97 113 143 161 282 359 413 444 540 544 555 571 577 597 706 707 738 742 756 800 935 1012 1039 1064 1129 1153 1182 1232 1367 1389 1399 1415 1416 1463 1485 1503 1548 1550 1571 1647 1697 1738 1796 1903 
42 1 45 90 138 190 191 197 208 210 219 256 401 405 518 572 656 667 710 799 890 926 943 1041 1074 1088 1163 1173 1271 1309 1364 1504 1514 1563 1610 1651 1712 1719 1844 1845 1943 1968 1970 
39 3 169 265 287 293 344 363 376 576 595 650 711 727 849 912 920 939 969 1104 1206 1254 1346 1349 1351 1415 1521 1536 1610 1624 1728 1755 1778 1803 1824 1832 1865 1917 1964 1986 
45 3 22 139 244 354 393 395 403 416 452 500 569 584 625 708 755 886 907 946 1013 1020 1090 1105 1163 1170 1176 1193 1220 1229 1251 1280 1339 1340 1439 1591 1642 1680 1751 1787 1876 1881 1913 1923 1940 1961 
49 34 53 77 109 111 180 241 258 267 314 335 484 510 511 520 653 808 872 948 1023 1026 1027 1058 1132 1150 1194 1213 1220 1296 1305 1320 1372 1376 1431 1500 1501 1519 1524 1563 1577 1678 1679 1842 1844 1846 1922 1938 1943 1960 
36 1 2 19 40 112 134 189 206 326 357 408 424 472 504 612 780 818 841 925 1051 1101 1136 1245 1276 1377 1487 1538 1569 1597 1778 1795 1813 1826 1912 1944 1969 
39 28 30 226 239 273 466 471 474 523 596 796 827 833 843 879 888 1126 1127 1161 1234 1265 1297 1337 1367 1389 1481 1536 1587 1603 1662 1682 1758 1794 1821 1824 1913 1937 1970 1990 
38 96 115 245 433 523 579 593 636 680 705 720 753 809 819 846 865 875 886 968 979 1088 1112 1238 1256 1376 1433 1434 1481 1624 1658 1674 1705 1720 1798 1833 1886 1984 1987 
44 72 207 210 211 345 362 425 497 526 569 602 618 659 736 740 837 868 899 904 929 939 1019 1036 1084 1178 1210 1216 1228 1350 1387 1389 1432 1454 1484 1528 1599 1696 1699 1714 1864 1904 1935 1960 1966 
41 147 289 341 356 374 548 549 613 630 668 677 756 821 995 1015 1045 1067 1114 1116 1129 1211 1213 1318 1346 1388 1453 1516 1609 1620 1629 1647 1655 1727 1752 1824 1829 1845 1901 1946 1960 1994 
42 76 127 172 338 410 455 489 500 587 611 637 646 788 802 868 903 910 1012 1072 1092 1098 1526 1540 1555 1571 1614 1631 1679 1699 1710 1763 1808 1823 1838 1840 1842 1844 1866 1896 1900 1947 1989 
40 4 12 27 142 230 243 269 324 390 415 424 466 543 549 628 660 698 774 853 952 998 1004 1007 1047 1100 1178 1230 1276 1332 1416 1427 1428 1434 1597 1675 1735 1737 1769 1869 1990 
44 5 67 86 105 143 212 246 250 264 322 389 411 439 465 515 558 566 609 678 760 768 789 818 908 1008 1019 1120 1133 1151 1184 1229 1253 1310 1602 1718 1750 1773 1790 1791 1802 1837 1840 1965 1988 
40 76 125 146 187 213 218 261 322 556 622 650 652 756 760 774 831 844 847 893 981 1040 1137 1163 1305 1354 1462 1466 1473 1525 1532 1563 1611 1622 1650 1659 1739 1812 1888 1945 1962 
28 33 60 146 160 166 184 240 371 592 594 617 650 709 825 901 1006 1020 1243 1418 1445 1449 1498 1538 1603 1775 1815 1819 1840 
33 28 51 71 80 144 193 205 212 326 422 476 515 520 578 651 739 817 923 1002 1046 1062 1127 1169 1280 1515 1537 1546 1613 1738 1743 1768 1863 1945 
27 30 106 305 315 318 321 331 392 629 676 723 758 795 961 1115 1267 1293 1469 1492 1499 1500 1509 1580 1786 1866 1941 1970 
35 1 139 186 236 308 375 415 442 452 511 633 690 1015 1017 1021 1022 1034 1043 1077 1103 1290 1390 1393 1409 1526 1610 1616 1619 1633 1634 1733 1779 1844 1892 1924 
51 69 103 111 116 139 161 201 232 247 311 404 531 542 566 604 618 692 759 767 793 806 819 828 872 911 917 961 968 970 994 1006 1057 1171 1237 1238 1289 1357 1433 1438 1483 1521 1716 1759 1765 1766 1775 1809 1814 1848 1859 1947 
44 21 33 119 189 225 294 520 552 586 589 598 599 601 650 660 683 698 725 745 751 832 948 994 1098 1181 1261 1274 1313 1326 1327 1402 1549 1552 1577 1588 1614 1643 1688 1698 1702 1827 1872 1895 1912 
39 53 70 78 125 127 171 203 244 245 264 307 308 324 507 535 647 749 763 776 780 815 820 888 905 1103 1167 1195 1202 1247 1253 1354 1456 1493 1504 1732 1764 1791 1837 1934 
30 207 264 310 407 516 528 538 603 743 834 892 908 944 995 1028 1032 1070 1084 1099 1124 1225 1236 1237 1255 1289 1586 1592 1880 1934 1995 
53 11 14 78 142 218 395 435 458 486 511 536 548 596 651 657 679 773 817 835 882 923 925 984 1061 1069 1094 1162 1193 1227 1231 1278 1312 1358 1363 1417 1440 1518 1566 1600 1602 1609 1617 1627 1639 1673 1675 1757 1760 1777 1813 1840 1976 1985 
38 17 110 208 363 392 497 551 592 615 744 845 902 905 937 943 946 1097 1100 1155 1169 1194 1214 1251 1293 1465 1476 1529 1617 1680 1697 1733 1754 1757 1767 1768 1836 1923 1950 
47 16 113 150 166 178 243 277 289 345 371 374 476 494 498 525 600 629 634 655 667 678 703 724 762 784 822 826 838 902 1000 1002 1041 1163 1175 1196 1214 1408 1501 1530 1715 1750 1770 1781 1851 1884 1932 1936 
36 195 418 437 483 486 526 549 573 604 661 723 765 825 845 910 1027 1098 1101 1154 1303 1506 1588 1600 1619 1627 1678 1691 1692 1716 1745 1788 1848 1870 1899 1969 1972 
33 5 62 118 138 166 298 418 437 456 563 613 614 656 663 665 783 785 915 922 947 1145 1250 1261 1382 1383 1542 1596 1604 1703 1850 1865 1935 1961 
42 41 184 205 235 242 278 286 292 333 361 400 426 454 472 475 477 497 534 627 824 867 905 935 942 948 965 981 1090 1130 1179 1289 1306 1393 1436 1440 1510 1527 1608 1714 1747 1878 1984 
48 1 16 132 137 193 219 234 276 291 308 459 495 529 534 588 652 653 661 664 745 780 785 820 853 874 913 941 960 999 1042 1089 1167 1264 1296 1388 1471 1473 1527 1540 1684 1695 1765 1817 1826 1841 1869 1968 1984 
33 38 112 135 238 245 283 306 347 371 384 399 454 467 512 620 751 759 773 1085 1097 1101 1303 1435 1508 1543 1579 1673 1680 1704 1726 1907 1943 1961 
42 18 138 148 161 172 196 198 205 264 321 359 397 437 439 442 482 649 764 791 888 902 946 1110 1157 1196 1235 1241 1260 1266 1300 1380 1490 1496 1642 1660 1705 1729 1744 1799 1829 1871 1915 
29 38 82 160 161 171 235 266 273 306 346 353 354 383 449 465 498 581 710 735 783 812 1122 1197 1233 1568 1686 1823 1863 1977 
37 67 102 233 255 293 495 498 513 631 638 680 814 821 848 859 871 928 947 1024 1035 1055 1084 1130 1137 1185 1219 1302 1328 1338 1352 1418 1559 1618 1650 1834 1936 1989 
31 105 197 198 284 356 373 384 420 440 594 639 721 772 858 918 1006 1029 1069 1077 1147 1162 1177 1429 1480 1537 1539 1553 1628 1681 1735 1887 
44 4 7 19 170 173 197 269 380 435 540 557 560 609 632 635 748 906 917 940 1029 1037 1056 1061 1164 1177 1193 1194 1288 1303 1305 1366 1409 1435 1487 1498 1559 1567 1692 1694 1727 1821 1841 1877 1991 
35 0 67 128 213 329 461 513 548 550 552 650 764 771 783 804 826 855 883 931 935 938 946 957 1029 1121 1123 1274 1312 1320 1555 1568 1652 1737 1777 1923 
38 8 13 18 149 205 228 327 438 452 472 487 633 649 723 737 757 779 788 807 832 835 856 894 938 969 1030 1047 1063 1484 1523 1643 1736 1742 1834 1898 1908 1920 1941 
46 14 68 97 194 246 265 289 317 366 452 514 521 562 584 654 750 817 830 867 882 891 901 938 1094 1267 1272 1316 1328 1454 1487 1551 1562 1585 1615 1639 1648 1649 1783 1785 1836 1841 1867 1872 1907 1933 1997 
40 49 73 94 122 139 166 178 380 415 533 576 580 607 673 760 834 843 882 896 903 905 935 938 939 1042 1103 1226 1232 1236 1263 1451 1452 1468 1687 1721 1774 1805 1869 1931 1947 
40 36 153 189 209 215 238 257 308 319 534 619 645 818 843 849 889 929 973 1045 1099 1172 1236 1303 1387 1458 1490 1530 1546 1550 1619 1641 1707 1767 1810 1817 1908 1909 1913 1951 1959 
38 7 48 58 138 188 235 237 396 454 455 488 490 536 657 663 721 761 766 781 799 808 885 1049 1052 1183 1251 1262 1394 1412 1451 1475 1625 1629 1693 1772 1795 1845 1935 
34 29 58 108 119 135 181 279 419 435 629 683 906 934 953 1069 1085 1097 1167 1187 1197 1213 1328 1365 1410 1483 1502 1533 1553 1564 1608 1640 1663 1807 1839 
45 18 109 133 159 170 216 221 242 269 277 420 456 464 465 546 612 781 782 901 926 948 998 1001 1014 1021 1133 1252 1311 1364 1391 1513 1530 1588 1617 1645 1656 1691 1748 1830 1858 1860 1889 1929 1950 1982 
35 11 98 115 316 343 371 391 420 528 566 658 747 787 818 851 1052 1234 1264 1329 1347 1352 1361 1430 1483 1612 1701 1762 1829 1877 1878 1906 1945 1963 1964 1988 
35 32 100 101 274 314 367 392 393 394 455 505 553 557 568 576 678 703 761 844 914 1098 1117 1191 1242 1345 1409 1424 1518 1628 1646 1666 1673 1901 1905 1962 
45 49 208 236 271 294 351 370 390 406 518 530 585 596 616 675 715 748 790 914 953 1019 1044 1062 1105 1187 1227 1258 1341 1421 1448 1549 1590 1595 1650 1677 1743 1747 1780 1889 1940 1941 1969 1971 1981 1991 
43 7 51 59 128 261 309 360 378 413 530 620 724 742 785 834 871 993 1024 1025 1058 1071 1098 1116 1135 1156 1157 1198 1251 1361 1372 1485 1525 1539 1586 1703 1846 1879 1882 1920 1960 1967 1969 1976 
39 21 86 96 101 211 238 265 328 348 361 422 474 490 593 628 658 681 686 735 785 788 802 829 842 846 925 954 961 972 1106 1242 1257 1276 1306 1308 1435 1880 1915 1991 
37 237 252 278 353 365 381 432 479 539 550 575 582 672 717 734 770 844 853 889 1151 1165 1217 1227 1233 1257 1275 1344 1350 1383 1478 1525 1618 1623 1769 1916 1980 1996 
41 10 12 17 85 167 179 269 366 372 412 478 492 518 543 574 600 638 708 770 822 923 1033 1063 1065 1168 1232 1274 1286 1334 1378 1402 1428 1489 1505 1523 1593 1645 1739 1749 1834 1996 
26 53 61 89 249 303 314 385 473 582 586 655 746 883 903 1009 1069 1151 1196 1272 1306 1391 1538 1622 1714 1828 1978 
37 68 111 112 116 164 183 191 310 339 364 471 568 733 754 782 901 958 986 997 1072 1117 1130 1175 1339 1342 1351 1363 1403 1462 1508 1720 1786 1870 1915 1921 1938 1979 
30 52 109 231 237 249 502 565 603 618 626 680 684 787 794 799 848 854 1022 1042 1105 1400 1432 1443 1462 1472 1485 1493 1554 1590 1741 
34 82 105 164 184 296 329 334 558 585 594 632 717 737 842 909 923 971 1092 1128 1213 1235 1315 1446 1453 1548 1552 1628 1674 1735 1765 1825 1834 1870 1965 
33 104 110 278 281 309 343 361 407 510 529 567 644 940 948 967 1000 1178 1217 1228 1231 1347 1456 1458 1462 1541 1650 1657 1684 1749 1789 1916 1937 1959 
30 0 139 151 185 260 265 341 405 419 442 643 926 942 963 977 1030 1033 1091 1106 1268 1344 1512 1645 1691 1700 1791 1850 1858 1863 1918 
38 35 49 108 127 130 376 442 533 543 558 587 647 672 703 724 916 922 956 972 982 1025 1164 1175 1216 1255 1258 1278 1498 1499 1513 1520 1566 1627 1717 1779 1803 1844 1885 
40 80 142 188 206 213 226 279 439 519 522 533 550 681 696 719 722 888 893 929 967 977 979 1041 1051 1261 1279 1373 1387 1392 1428 1453 1521 1750 1758 1887 1933 1944 1948 1950 1952 
37 16 114 214 292 323 391 394 436 525 537 561 596 616 628 737 758 825 879 898 902 1066 1131 1202 1240 1291 1308 1463 1612 1679 1717 1718 1778 1796 1934 1942 1965 1972 
33 53 88 162 180 277 306 320 330 418 493 509 547 629 635 706 743 764 779 794 972 1061 1076 1223 1250 1308 1523 1529 1539 1752 1796 1900 1957 1982 
41 104 146 194 251 266 270 328 353 517 525 541 628 639 679 745 746 751 806 825 877 916 928 963 981 1062 1084 1108 1143 1353 1417 1419 1438 1536 1578 1714 1721 1729 1766 1921 1973 1996 
46 0 31 72 83 142 171 242 292 300 355 378 419 427 540 565 701 720 766 899 974 1053 1078 1101 1159 1186 1200 1314 1392 1472 1478 1489 1535 1540 1700 1750 1768 1771 1806 1831 1833 1918 1927 1954 1960 1962 1992 
49 1 14 16 65 75 147 150 163 165 223 301 321 337 413 424 518 612 647 728 738 758 788 806 850 852 889 957 1087 1177 1185 1186 1196 1310 1439 1484 1564 1565 1599 1601 1629 1644 1657 1782 1863 1864 1933 1944 1961 1975 
31 14 59 67 81 153 267 295 318 441 577 628 689 960 993 1008 1049 1097 1100 1174 1269 1309 1310 1381 1478 1509 1606 1626 1646 1756 1759 1825 
38 26 129 164 214 227 289 311 378 441 559 592 652 654 721 850 1287 1351 1482 1525 1544 1554 1575 1587 1605 1614 1646 1683 1706 1718 1787 1795 1804 1841 1873 1888 1933 1948 1974 
24 193 293 452 677 703 705 796 873 887 1024 1087 1173 1225 1349 1404 1531 1557 1593 1685 1705 1773 1888 1959 1977 
38 5 248 272 313 332 397 474 541 567 570 642 692 744 765 791 828 850 886 888 1035 1043 1062 1247 1309 1322 1326 1333 1353 1441 1463 1479 1563 1641 1647 1649 1708 1842 1890 
34 42 76 79 99 236 299 319 322 359 385 421 457 461 499 548 593 708 824 866 885 889 950 1001 1052 1194 1291 1369 1437 1539 1560 1574 1612 1898 1959 
49 100 101 116 142 160 255 321 323 361 373 396 473 505 555 593 611 629 662 687 735 835 883 900 959 968 992 1007 1022 1023 1120 1271 1277 1284 1342 1454 1459 1462 1520 1538 1545 1592 1608 1634 1755 1792 1839 1906 1914 1993 
29 32 273 308 322 384 408 454 594 694 779 863 937 983 1003 1025 1136 1172 1222 1250 1270 1323 1346 1364 1414 1454 1515 1609 1678 1868 
33 9 107 149 174 207 243 285 327 344 352 492 516 554 662 704 767 843 935 995 1061 1097 1353 1411 1484 1518 1559 1589 1668 1683 1764 1851 1885 1959 
40 97 192 309 353 383 479 490 549 569 679 704 801 817 948 1004 1043 1044 1049 1070 1084 1183 1232 1254 1259 1390 1446 1518 1520 1522 1558 1620 1665 1674 1734 1749 1751 1823 1900 1941 1970 
40 2 46 145 160 181 194 215 254 266 473 527 531 548 549 592 605 718 863 890 906 912 1071 1149 1158 1204 1230 1246 1252 1361 1439 1486 1698 1825 1865 1881 1886 1896 1938 1968 1978 
42 55 162 183 274 315 371 388 391 423 445 462 676 819 862 897 903 912 926 950 996 1068 1080 1121 1136 1166 1273 1290 1362 1406 1466 1468 1482 1495 1505 1593 1620 1645 1674 1686 1740 1793 1886 
49 62 108 112 137 186 281 302 329 333 347 397 401 445 460 493 547 561 570 573 631 676 730 757 765 855 885 1020 1049 1091 1170 1180 1189 1201 1215 1265 1287 1288 1338 1409 1431 1550 1576 1582 1592 1619 1657 1793 1864 1942 
42 48 54 80 102 185 191 205 208 229 244 267 393 510 521 563 577 595 596 865 947 997 1001 1010 1026 1085 1198 1241 1290 1336 1467 1502 1567 1660 1668 1735 1767 1810 1846 1848 1891 1904 1981 
29 28 374 483 674 719 758 784 818 823 830 869 942 951 969 974 986 1155 1217 1274 1420 1470 1479 1543 1615 1676 1681 1691 1855 1917 
28 12 50 134 227 275 309 370 457 535 552 691 707 847 862 1031 1092 1099 1197 1236 1311 1363 1369 1468 1588 1623 1677 1695 1866 
43 204 253 276 280 282 307 525 537 714 842 868 885 898 936 1041 1053 1084 1085 1146 1185 1206 1227 1229 1242 1311 1327 1332 1354 1387 1443 1450 1463 1486 1519 1589 1598 1638 1741 1839 1870 1891 1935 1966 
39 55 98 152 162 169 176 199 240 290 292 325 438 439 457 460 468 569 593 650 655 745 908 1024 1064 1108 1140 1143 1248 1259 1337 1347 1379 1421 1510 1560 1606 1697 1780 1828 
45 54 71 170 187 234 341 456 510 512 608 613 628 634 650 681 801 810 836 891 951 1050 1052 1090 1140 1256 1350 1371 1405 1420 1434 1473 1489 1621 1655 1682 1690 1717 1797 1832 1843 1890 1949 1963 1967 1986 
49 30 95 283 297 308 321 341 346 360 363 382 461 539 620 666 669 725 754 780 867 882 935 946 978 982 984 985 1013 1063 1065 1278 1297 1368 1415 1423 1467 1475 1486 1617 1675 1702 1787 1789 1804 1831 1863 1959 1960 1962 
44 156 161 168 196 307 331 395 524 554 595 607 663 676 679 695 805 820 849 876 892 901 909 1034 1041 1070 1143 1176 1227 1251 1256 1259 1307 1333 1369 1497 1563 1564 1615 1686 1704 1718 1781 1841 1868 
46 2 31 56 99 152 182 208 216 222 326 426 437 489 572 636 662 681 702 724 739 793 804 807 921 922 989 1048 1097 1102 1213 1221 1261 1272 1275 1380 1419 1480 1586 1630 1641 1760 1786 1827 1870 1942 1992 
40 27 43 55 140 160 162 176 238 290 355 374 394 470 471 528 766 808 812 887 902 906 922 1073 1076 1182 1200 1273 1359 1375 1416 1471 1544 1676 1749 1756 1770 1814 1897 1937 1993 
32 29 51 71 74 75 218 258 302 380 436 480 499 515 519 559 614 689 802 813 874 980 1032 1055 1271 1303 1413 1437 1488 1744 1801 1855 1944 
43 35 68 129 220 254 321 372 436 471 497 510 526 547 631 632 655 732 735 739 749 762 764 809 863 976 988 994 1138 1152 1283 1352 1371 1413 1429 1433 1518 1804 1826 1868 1875 1905 1971 1989 
44 49 100 131 186 269 286 295 306 326 332 342 457 494 594 799 820 848 867 871 873 922 967 1007 1089 1125 1293 1317 1335 1347 1416 1432 1464 1487 1531 1587 1630 1692 1719 1753 1865 1871 1872 1894 1987 
38 49 84 93 97 105 225 394 487 502 538 569 644 713 716 761 798 817 880 890 967 1043 1046 1071 1085 1181 1213 1298 1314 1318 1433 1451 1513 1635 1715 1726 1742 1874 1937 
46 85 137 190 201 206 224 250 350 355 373 416 471 521 621 635 665 740 762 779 786 803 862 886 887 950 952 962 993 1011 1051 1066 1215 1257 1313 1410 1524 1539 1568 1587 1634 1651 1713 1734 1792 1837 1852 
43 82 241 267 290 345 357 396 417 473 477 487 547 572 574 623 673 709 792 802 806 808 882 935 1067 1089 1141 1347 1470 1566 1615 1635 1676 1753 1803 1806 1816 1897 1905 1930 1962 1963 1989 1992 
40 13 20 131 133 196 212 235 238 499 592 597 624 699 726 811 849 1009 1048 1088 1255 1290 1326 1348 1414 1418 1465 1481 1535 1565 1579 1635 1637 1707 1709 1773 1784 1825 1933 1948 1965 
38 104 137 155 278 306 345 381 449 453 608 656 685 718 749 758 795 823 825 969 1042 1063 1067 1157 1178 1321 1396 1414 1501 1542 1566 1589 1611 1616 1690 1802 1843 1851 1968 
41 136 138 179 183 199 281 316 344 390 513 621 638 666 688 703 704 747 828 842 937 976 1023 1050 1064 1097 1216 1229 1234 1241 1273 1366 1484 1506 1584 1605 1619 1722 1842 1859 1897 1985 
51 35 69 102 207 274 304 322 323 382 471 550 584 598 607 614 674 773 784 799 816 904 911 944 1099 1122 1131 1139 1148 1166 1184 1199 1233 1288 1412 1441 1444 1469 1491 1502 1524 1576 1614 1648 1652 1675 1677 1685 1719 1848 1849 1936 
38 2 6 143 239 296 330 353 372 503 542 637 682 735 740 768 784 843 894 904 970 1107 1144 1148 1165 1196 1201 1229 1260 1346 1465 1480 1570 1749 1766 1860 1885 1928 1934 
29 36 85 104 448 600 718 732 823 846 927 941 959 1001 1058 1192 1423 1465 1482 1535 1578 1611 1698 1733 1806 1843 1916 1963 1968 1984 
39 89 121 208 211 266 310 346 398 413 489 491 581 643 812 884 959 1025 1063 1100 1109 1228 1244 1286 1305 1362 1373 1503 1583 1597 1604 1646 1676 1697 1751 1809 1838 1884 1912 1946 
36 54 59 67 81 160 267 324 359 389 405 458 478 517 665 690 865 978 1019 1089 1096 1104 1195 1230 1304 1322 1351 1454 1476 1480 1590 1594 1763 1764 1774 1819 1933 
39 128 167 202 248 301 325 379 437 476 514 658 705 826 840 859 923 924 941 1057 1063 1095 1107 1162 1182 1350 1366 1371 1422 1523 1536 1678 1736 1764 1774 1823 1835 1850 1956 1985 
37 78 101 102 140 154 294 457 509 515 527 795 839 869 940 1089 1126 1153 1169 1232 1254 1276 1293 1330 1332 1353 1452 1479 1483 1492 1683 1714 1750 1818 1832 1862 1899 1931 
46 29 43 71 76 77 89 146 183 216 227 237 325 334 358 399 516 575 582 601 706 729 755 758 782 789 831 893 962 967 1008 1065 1068 1124 1166 1250 1258 1288 1411 1564 1568 1603 1721 1843 1864 1934 1993 
41 60 105 163 241 265 343 349 357 360 418 461 509 616 630 684 769 782 973 993 998 1028 1068 1153 1205 1215 1272 1299 1319 1329 1366 1397 1398 1526 1693 1718 1719 1766 1783 1895 1964 1987 
40 50 52 71 103 257 264 330 368 395 450 486 545 559 562 618 659 870 911 930 939 979 1063 1094 1263 1270 1281 1368 1372 1377 1399 1447 1452 1502 1621 1633 1798 1827 1873 1912 1966 
52 7 49 56 57 144 297 338 398 399 435 453 486 586 619 632 637 646 763 859 869 878 895 925 967 997 999 1023 1084 1119 1137 1144 1146 1198 1219 1286 1304 1387 1424 1428 1440 1455 1480 1501 1542 1549 1648 1767 1783 1823 1845 1847 1937 
36 108 186 223 329 337 377 391 496 554 562 620 652 668 705 865 949 1044 1188 1198 1210 1254 1258 1326 1360 1405 1610 1626 1663 1699 1745 1751 1785 1898 1924 1950 1953 
40 0 83 162 192 235 251 285 387 438 460 488 519 654 656 677 686 774 782 792 909 932 958 977 1118 1124 1150 1171 1173 1226 1490 1511 1706 1715 1759 1766 1843 1864 1866 1882 1925 
45 97 102 140 145 209 234 304 389 446 473 490 506 534 540 542 640 661 766 769 783 786 807 861 868 886 897 904 971 1026 1061 1131 1295 1518 1524 1611 1616 1646 1658 1750 1776 1793 1805 1873 1894 1986 
40 64 69 106 108 138 230 280 367 375 459 464 489 515 516 567 570 656 729 789 862 931 946 955 1031 1182 1209 1357 1377 1388 1442 1545 1591 1659 1673 1701 1720 1865 1871 1879 1990 
37 87 235 244 253 475 549 551 555 630 635 668 678 761 780 794 804 872 963 996 1064 1073 1134 1350 1354 1365 1388 1390 1464 1540 1592 1702 1737 1777 1847 1853 1897 1995 
40 30 114 157 190 210 224 268 336 362 369 390 570 573 652 677 775 809 843 872 925 1056 1059 1086 1205 1237 1287 1294 1336 1371 1374 1409 1465 1528 1604 1652 1655 1725 1746 1836 1902 
36 15 66 100 125 234 325 341 381 501 568 605 637 761 845 854 903 909 1201 1250 1307 1369 1421 1464 1500 1505 1508 1512 1552 1562 1572 1599 1779 1808 1820 1835 1947 
42 34 49 103 136 184 198 220 312 324 341 342 448 453 496 551 651 662 683 786 860 903 1177 1236 1239 1250 1254 1277 1324 1428 1446 1457 1525 1609 1618 1663 1670 1684 1690 1754 1764 1786 1909 
45 2 28 39 73 81 141 148 231 298 417 440 452 551 654 662 687 915 924 936 1031 1102 1132 1141 1147 1179 1251 1340 1356 1358 1397 1462 1539 1547 1559 1598 1607 1633 1716 1742 1816 1852 1854 1887 1911 1985 
31 3 90 130 209 211 272 336 457 479 605 640 694 802 819 821 863 914 1016 1021 1093 1115 1181 1239 1632 1715 1719 1754 1769 1807 1830 1898 
34 0 177 276 397 476 503 619 657 670 750 777 971 1021 1095 1102 1123 1146 1162 1221 1237 1241 1252 1389 1391 1459 1592 1613 1655 1681 1700 1828 1912 1988 1989 
39 40 56 102 121 137 191 329 365 414 459 600 682 688 1030 1055 1066 1087 1186 1211 1218 1230 1277 1319 1331 1430 1455 1461 1491 1498 1499 1536 1648 1658 1685 1824 1827 1876 1901 1971 
38 25 30 42 51 76 100 107 167 202 213 262 427 512 522 611 710 742 754 765 767 775 817 822 877 902 1067 1208 1317 1396 1412 1506 1507 1587 1598 1654 1784 1824 1964 
35 57 73 77 114 120 266 398 404 481 504 524 714 826 935 937 941 980 988 1003 1064 1070 1109 1110 1227 1287 1413 1538 1561 1597 1609 1632 1760 1869 1938 1965 
34 0 27 52 96 110 125 200 266 307 379 503 508 742 743 820 927 938 993 1074 1101 1145 1189 1231 1268 1363 1406 1410 1413 1498 1921 1922 1984 1994 1998 
41 50 70 214 295 327 377 414 460 476 488 501 511 556 571 592 614 659 699 760 800 884 968 1085 1086 1179 1231 1262 1301 1327 1376 1483 1507 1518 1522 1526 1537 1653 1676 1682 1866 1889 
37 6 20 84 207 219 246 355 368 568 629 803 829 859 1066 1131 1150 1154 1273 1281 1365 1393 1415 1447 1469 1475 1595 1660 1698 1706 1723 1725 1789 1811 1839 1875 1941 1943 
58 84 98 113 115 164 209 369 373 440 447 456 496 510 533 563 595 615 621 693 713 721 722 735 762 822 842 852 860 875 952 1028 1060 1139 1158 1265 1294 1312 1331 1348 1387 1448 1474 1488 1541 1587 1609 1621 1647 1666 1739 1743 1802 1803 1838 1846 1878 1902 1979 
33 10 17 44 169 185 425 463 547 642 651 736 884 930 954 1005 1145 1176 1183 1213 1243 1249 1267 1287 1456 1474 1509 1591 1679 1784 1790 1820 1830 1963 
38 86 209 211 299 335 414 453 471 478 509 533 641 666 741 793 802 847 907 944 949 974 998 1079 1178 1183 1190 1222 1252 1271 1501 1518 1527 1674 1695 1825 1867 1871 1885 
45 72 75 87 99 106 145 154 163 192 214 219 300 495 509 602 641 670 695 712 787 823 839 856 873 876 930 949 998 1078 1121 1203 1298 1309 1321 1375 1429 1437 1518 1544 1618 1629 1730 1736 1857 1935 
35 52 83 107 144 206 237 303 491 645 653 697 735 833 862 949 1002 1046 1193 1218 1295 1414 1478 1520 1592 1610 1630 1633 1647 1656 1754 1808 1868 1874 1889 1891 
45 48 96 103 117 131 171 175 185 200 212 311 315 447 454 489 491 523 556 598 634 649 676 679 694 697 727 748 857 919 926 1062 1091 1203 1244 1275 1425 1460 1471 1499 1504 1690 1839 1888 1918 1940 
46 21 67 72 118 140 186 252 350 431 494 595 630 655 664 684 758 781 786 859 972 996 1000 1014 1046 1065 1108 1200 1274 1287 1292 1306 1372 1589 1590 1701 1709 1750 1757 1771 1798 1805 1849 1863 1883 1936 1973 
42 188 260 272 288 358 376 389 417 430 446 481 492 552 574 580 590 592 704 707 744 763 842 859 861 864 1016 1024 1080 1081 1329 1331 1345 1486 1532 1541 1561 1608 1696 1731 1835 1884 1986 
37 13 28 58 168 202 213 234 410 414 429 554 652 653 661 728 1047 1087 1115 1143 1147 1176 1206 1294 1348 1409 1419 1429 1481 1535 1543 1596 1632 1636 1672 1710 1863 1945 
44 8 70 168 174 226 235 247 311 340 429 494 499 501 621 706 781 900 922 935 951 995 1093 1166 1194 1223 1250 1277 1279 1292 1299 1355 1482 1518 1594 1671 1738 1761 1763 1867 1883 1924 1984 1985 1987 
41 44 99 125 236 254 312 332 358 370 400 458 493 509 532 550 597 723 739 740 757 927 949 987 1026 1045 1065 1117 1180 1189 1232 1252 1391 1452 1538 1613 1728 1828 1831 1833 1906 1949 
40 6 29 98 140 166 290 342 422 592 648 707 722 748 769 821 844 933 994 1020 1077 1088 1111 1213 1343 1373 1395 1471 1542 1561 1618 1687 1693 1752 1753 1776 1829 1917 1919 1939 1988 
46 6 26 35 53 60 79 106 141 221 236 246 252 268 341 342 443 557 581 606 614 643 769 783 932 940 983 991 999 1021 1199 1245 1269 1310 1444 1455 1535 1542 1599 1611 1626 1708 1784 1785 1802 1812 1854 
44 70 91 99 126 154 210 225 267 291 312 354 360 370 428 533 567 750 753 860 911 928 936 965 1079 1086 1129 1145 1216 1220 1240 1379 1488 1516 1536 1600 1664 1695 1699 1724 1751 1861 1903 1939 1972 
46 48 150 207 216 263 389 446 472 520 539 564 599 631 634 677 753 831 864 905 951 971 1036 1044 1073 1120 1148 1188 1196 1199 1227 1231 1317 1332 1348 1413 1499 1500 1522 1531 1701 1705 1765 1830 1831 1884 1967 
39 10 23 27 36 125 170 228 236 566 611 614 617 639 772 801 805 831 837 860 928 1054 1084 1098 1116 1145 1174 1176 1228 1229 1234 1288 1349 1394 1411 1559 1573 1739 1802 1866 
33 24 30 54 57 72 122 137 157 174 348 421 453 455 463 485 603 649 695 741 801 1084 1177 1228 1254 1266 1272 1333 1463 1550 1767 1802 1919 1938 
35 148 190 215 274 377 451 454 471 601 738 763 889 923 954 1005 1050 1118 1251 1289 1307 1311 1342 1368 1414 1425 1457 1534 1547 1562 1595 1610 1627 1649 1670 1926 
49 15 51 79 82 106 143 172 229 400 431 437 439 511 522 570 602 613 615 623 757 806 821 918 953 1045 1068 1085 1111 1195 1212 1240 1382 1398 1411 1436 1474 1545 1590 1615 1669 1675 1751 1797 1868 1922 1943 1958 1963 1966 
37 1 161 214 251 266 271 389 443 676 869 947 949 968 997 1000 1046 1129 1257 1272 1325 1375 1387 1442 1452 1503 1649 1664 1665 1690 1756 1805 1824 1841 1887 1896 1929 1942 
52 48 70 156 205 256 359 440 464 516 632 636 664 704 707 708 709 720 790 820 883 937 960 1066 1100 1102 1130 1172 1180 1191 1228 1234 1246 1278 1291 1361 1449 1485 1529 1534 1559 1567 1572 1580 1594 1626 1749 1763 1800 1849 1853 1898 1962 
38 165 270 323 325 414 452 468 481 596 628 641 686 703 718 737 741 768 803 861 910 964 985 1025 1059 1120 1130 1310 1392 1402 1429 1537 1694 1724 1741 1833 1872 1966 1990 
48 9 26 32 111 120 167 201 291 326 333 365 419 519 535 579 612 629 756 760 791 810 908 952 1045 1061 1069 1154 1238 1268 1279 1280 1314 1334 1345 1357 1455 1485 1528 1529 1556 1570 1764 1769 1812 1830 1854 1869 1945 
36 29 118 139 173 307 308 309 321 324 393 396 430 610 771 776 779 829 1078 1144 1175 1204 1316 1410 1438 1479 1535 1587 1621 1737 1807 1823 1826 1867 1918 1973 1988 
47 59 78 137 215 236 295 393 395 469 593 625 644 730 746 799 824 860 863 870 918 927 933 936 956 1087 1090 1119 1204 1216 1286 1323 1341 1362 1396 1436 1509 1533 1613 1653 1673 1773 1831 1842 1867 1937 1942 1969 
35 4 96 98 107 176 244 310 573 638 669 755 824 863 887 910 969 1235 1266 1282 1346 1374 1390 1410 1428 1530 1560 1593 1622 1656 1722 1735 1744 1761 1883 1994 
55 3 101 129 158 194 268 330 366 391 402 423 441 533 541 612 639 660 682 693 736 747 756 765 767 800 901 955 1118 1286 1340 1349 1397 1445 1470 1486 1502 1506 1524 1526 1536 1565 1570 1594 1692 1696 1723 1765 1813 1824 1890 1919 1935 1951 1952 1953 
45 68 103 205 207 436 443 462 533 617 633 653 687 691 709 720 767 947 980 1079 1112 1149 1162 1165 1167 1234 1250 1273 1292 1335 1341 1352 1365 1381 1415 1435 1522 1523 1546 1627 1661 1722 1823 1897 1910 1933 
42 11 119 163 164 248 259 275 284 314 375 396 492 539 658 712 787 836 902 946 970 990 1003 1026 1047 1054 1117 1147 1168 1197 1264 1275 1316 1330 1335 1401 1472 1508 1544 1612 1677 1735 1883 
34 126 175 222 224 240 249 324 390 400 415 689 736 842 860 866 870 874 924 1068 1168 1182 1184 1207 1219 1367 1390 1632 1645 1661 1703 1783 1839 1933 1948 
36 28 268 306 386 389 421 423 468 566 592 636 790 844 975 1020 1034 1062 1083 1088 1099 1164 1256 1275 1283 1443 1478 1482 1492 1547 1581 1707 1720 1887 1899 1965 1986 
48 34 50 167 248 315 357 403 423 444 448 467 488 514 537 564 600 602 649 651 686 719 803 943 968 978 1020 1027 1029 1084 1125 1132 1263 1327 1412 1434 1516 1520 1521 1541 1548 1651 1682 1714 1740 1784 1823 1864 1952 
37 109 141 165 208 245 280 392 422 558 568 616 630 706 956 996 1104 1144 1165 1208 1253 1271 1363 1388 1457 1463 1482 1489 1572 1595 1674 1680 1733 1770 1828 1835 1932 1991 
39 10 155 184 195 218 232 399 402 477 555 599 649 665 696 738 756 818 824 878 982 1086 1202 1235 1245 1273 1298 1303 1370 1430 1479 1510 1528 1535 1540 1626 1885 1915 1921 1939 
39 12 37 98 193 199 418 504 523 545 567 589 752 814 870 945 946 1010 1056 1067 1075 1093 1099 1202 1235 1243 1308 1346 1356 1365 1384 1417 1612 1625 1662 1671 1876 1883 1913 1947 
54 18 32 74 96 97 130 133 151 197 247 268 320 322 358 398 413 435 544 680 681 771 781 823 845 861 864 955 1143 1163 1198 1201 1205 1236 1238 1255 1263 1338 1355 1398 1451 1466 1481 1500 1507 1511 1556 1597 1800 1829 1865 1884 1925 1980 1998 
41 33 158 203 443 463 475 488 506 613 760 864 896 1022 1023 1028 1050 1064 1134 1147 1175 1181 1197 1262 1282 1304 1313 1348 1403 1417 1422 1493 1503 1546 1573 1594 1609 1690 1763 1797 1825 1936 
49 37 79 141 144 149 162 192 307 309 327 487 514 578 583 598 628 653 655 703 738 804 827 828 851 916 935 966 1180 1193 1197 1219 1224 1262 1345 1364 1401 1441 1460 1535 1608 1628 1630 1672 1700 1788 1801 1816 1912 1946 
43 31 92 117 140 155 435 469 524 574 606 657 667 679 717 720 728 759 847 946 954 975 1082 1091 1104 1118 1145 1168 1171 1224 1279 1345 1389 1430 1519 1559 1565 1574 1607 1614 1865 1955 1978 1997 
44 9 147 160 187 209 275 305 328 416 459 471 473 479 484 507 594 599 604 659 719 908 928 929 1002 1061 1121 1170 1188 1195 1215 1227 1255 1292 1305 1368 1378 1494 1543 1569 1704 1724 1737 1803 1926 
25 97 99 209 331 394 441 449 487 496 682 757 761 1143 1195 1214 1229 1466 1569 1586 1600 1607 1637 1756 1877 1893 
50 38 74 77 118 177 183 189 332 344 354 390 397 436 444 455 456 527 556 611 619 629 631 683 700 722 726 737 752 772 779 781 1138 1179 1248 1284 1412 1431 1560 1657 1683 1703 1711 1716 1730 1752 1765 1913 1936 1937 1975 
33 39 100 210 271 313 328 417 477 486 536 579 616 630 654 1022 1075 1098 1160 1242 1319 1555 1595 1640 1667 1673 1733 1734 1740 1786 1840 1856 1983 1995 
39 48 88 101 160 255 299 311 390 409 592 611 718 759 790 887 915 927 948 1228 1239 1307 1345 1349 1467 1588 1591 1616 1651 1689 1694 1708 1746 1763 1768 1852 1856 1863 1899 1975 
35 119 126 175 210 217 354 517 598 622 691 721 788 789 799 925 1011 1027 1156 1176 1194 1203 1247 1330 1374 1426 1444 1596 1733 1770 1776 1845 1863 1940 1961 1984 
45 75 145 188 217 240 453 467 571 619 633 671 712 740 785 822 913 953 1004 1074 1115 1151 1186 1272 1311 1328 1400 1430 1500 1504 1514 1575 1593 1608 1631 1636 1642 1658 1694 1720 1753 1785 1840 1879 1883 1967 
40 8 96 107 173 220 253 321 382 393 428 464 495 536 538 571 591 807 936 1081 1115 1144 1233 1237 1306 1320 1325 1330 1393 1439 1562 1567 1570 1626 1792 1799 1823 1885 1904 1916 1953 
38 6 51 172 187 240 313 370 401 599 618 685 711 735 782 811 861 973 1073 1129 1213 1215 1274 1318 1370 1401 1409 1428 1514 1573 1638 1645 1661 1749 1788 1815 1827 1853 1939 
30 50 91 97 128 206 290 394 404 458 475 566 642 731 821 881 1117 1119 1129 1133 1154 1434 1507 1519 1678 1704 1734 1896 1961 1971 1999 
53 8 26 57 87 114 206 275 357 363 402 407 413 416 444 445 462 512 615 657 660 693 736 777 805 844 848 950 989 1033 1043 1044 1095 1115 1126 1148 1152 1250 1253 1286 1297 1309 1326 1462 1515 1522 1527 1623 1652 1808 1826 1892 1972 1987 
54 7 83 92 212 217 271 346 364 417 427 478 480 512 513 576 606 632 704 764 846 892 935 936 1018 1019 1023 1071 1090 1106 1134 1144 1149 1203 1233 1314 1359 1367 1435 1478 1545 1551 1553 1559 1691 1755 1768 1772 1804 1822 1823 1856 1867 1914 1954 
30 63 148 200 379 386 415 509 514 569 650 654 762 768 947 951 955 1043 1061 1128 1162 1195 1305 1453 1477 1537 1681 1785 1814 1832 1886 
41 20 48 69 129 220 234 241 296 306 326 378 456 474 522 535 687 736 844 846 864 873 1020 1115 1155 1159 1244 1252 1269 1295 1394 1464 1488 1622 1628 1650 1696 1824 1842 1857 1914 1919 
29 68 99 196 242 322 435 552 553 572 678 746 852 906 920 994 1035 1185 1271 1336 1362 1380 1418 1498 1560 1653 1693 1717 1772 1807 
