200 2000
471 1259
657 922
647 1461
247 1126
452 693
810 905
511 1034
386 1151
911 1270
160 397
556 1043
443 1284
438 1326
762 1059
554 745
292 621
753 1661
952 1415
869 1209
674 980
538 1322
956 1110
24 123
919 1263
517 819
292 430
897 1031
448 803
985 1308
844 975
281 556
796 966
920 1021
209 802
506 666
672 1569
603 741
168 829
530 1350
701 1383
856 1739
826 1257
26 265
347 1330
443 1379
228 1228
890 1775
342 1178
286 1215
818 854
579 1412
344 1170
708 1044
508 1484
507 1418
925 1637
667 1584
753 1057
623 897
546 563
114 436
431 1127
804 1408
837 1174
3 328
425 714
846 1665
714 869
722 916
324 391
184 624
581 1538
937 1677
552 1302
175 550
736 1679
518 1459
913 1052
383 1062
938 1088
234 767
239 798
103 933
110 419
363 897
326 741
684 1268
674 1289
57 914
204 925
624 1323
569 620
564 1183
878 947
74 326
334 842
750 1612
451 1145
108 276
220 294
559 1533
735 894
352 1026
807 1746
648 1365
441 718
645 1530
72 316
371 623
105 475
466 856
733 1036
272 362
716 1389
564 849
132 1062
665 988
137 549
65 316
179 548
622 1603
540 1479
930 1401
941 1593
217 1206
612 1590
498 1222
299 1059
613 841
69 142
179 959
476 1418
163 518
762 1140
641 1138
1000 1543
566 715
880 1203
355 907
831 1271
545 832
692 934
479 1333
704 1456
204 817
670 1079
963 1202
604 651
765 1426
75 1071
257 406
399 1286
146 343
798 1517
641 901
559 656
885 1743
295 1011
533 635
334 1321
518 1000
619 708
828 1614
875 1605
188 937
414 740
663 884
369 1098
853 1258
70 578
421 958
379 522
190 737
743 1652
36 814
980 1336
412 1278
281 535
145 585
159 1025
367 505
329 1064
287 419
869 1580
109 495
362 378
626 1444
831 973
634 1310
114 425
2 832
361 459
117 834
344 586
116 603
463 897
213 1079
964 1262
693 1480
82 275
879 1039
33 719
725 806
399 773
639 1210
935 1859
651 1237
35 806
67 948
587 637
311 397
170 329
416 1201
25 888
613 1606
48 763
964 1641
222 440
967 1443
651 867
624 993
727 759
884 1298
317 1198
358 812
178 1002
353 567
345 841
679 995
590 787
696 1205
210 700
600 1346
201 990
400 988
559 602
305 714
790 1155
30 78
282 1122
84 775
780 1178
688 914
928 1316
468 595
906 1659
558 1150
611 1475
388 918
241 629
289 964
92 782
527 1447
35 272
742 800
387 440
623 932
402 780
728 1594
349 944
906 1740
948 1437
523 1279
191 598
76 713
70 852
966 1229
823 1776
410 1060
299 1249
243 654
837 1437
738 1457
449 1035
40 590
478 1447
625 970
542 1014
497 906
270 628
561 812
783 1093
868 1812
304 321
51 475
805 1705
140 799
156 1009
644 1290
88 351
959 1102
583 664
38 679
656 1343
912 1044
368 520
147 512
679 1116
939 1125
676 1601
133 370
580 1465
238 520
571 1318
81 959
596 1273
791 1511
502 1155
292 1189
603 1166
783 954
255 1202
213 521
177 579
241 928
70 987
152 957
487 726
952 1624
479 973
657 1146
374 710
997 1709
895 1217
471 1031
255 462
316 1025
309 953
74 1042
213 681
995 1794
69 771
841 1603
694 1670
897 1077
924 1346
502 900
650 1463
948 1576
886 1208
238 912
642 923
754 1358
870 1296
153 923
7 452
295 807
979 1037
36 409
96 847
405 1030
339 1266
693 1458
899 1407
725 908
444 1221
569 644
726 1231
511 1331
273 329
109 377
806 1321
49 732
790 1669
21 960
470 1187
561 1530
657 1481
171 711
574 1187
877 1776
945 1323
759 1425
324 1263
924 1890
567 691
385 576
798 1297
375 838
457 1434
544 1368
571 1378
921 1820
701 736
633 1526
259 573
667 966
567 665
73 515
174 742
888 1225
367 730
862 1144
694 1617
736 770
770 1162
682 973
813 1400
206 271
854 981
812 1261
2 934
199 477
28 207
45 416
970 1939
469 672
215 712
66 246
338 1320
900 1027
9 151
211 548
743 780
18 282
62 391
647 1053
793 1689
420 953
159 1087
750 1034
134 808
78 499
956 1245
686 1441
460 1310
987 1817
287 747
489 734
958 1442
378 1263
656 1362
757 920
456 1453
736 1294
974 1889
364 684
787 1596
322 1293
858 1665
988 1165
497 714
182 250
989 1149
710 1243
899 1449
284 1253
52 603
491 1261
295 745
143 489
651 1334
362 895
632 955
367 828
630 1199
57 964
809 1472
680 1056
308 517
177 455
508 1119
987 1473
343 520
134 328
24 901
108 357
379 1154
543 543
392 412
851 1793
992 1856
68 538
83 349
593 651
47 1044
437 1000
975 1084
241 756
343 1033
800 1463
157 459
114 550
533 1234
21 351
738 859
460 1022
734 942
684 1348
46 331
234 443
307 503
741 1194
676 1193
332 1129
909 1797
209 722
125 621
559 1333
493 1269
196 591
731 928
201 684
864 1411
643 1063
999 1571
766 1598
884 952
13 997
452 1167
508 1442
184 343
686 849
117 962
312 537
722 1258
874 1332
837 1360
85 862
840 1615
456 1245
519 1407
166 666
882 1428
555 1125
211 1114
670 1110
266 964
176 543
470 1260
729 1157
272 477
915 980
576 1468
415 975
767 1670
977 1137
157 1030
394 1363
375 578
901 1129
604 1268
485 1058
201 969
144 1137
428 762
364 376
587 1442
955 1408
703 932
546 1266
728 1143
738 747
792 1012
606 775
292 1121
561 1179
288 673
456 1046
349 643
448 1250
910 999
487 921
504 1145
559 606
260 374
283 1072
280 362
808 1200
564 645
852 1354
276 738
193 205
611 1159
799 1634
122 195
260 855
818 1648
609 690
513 1501
626 1236
299 543
406 967
353 675
807 1166
402 1090
487 695
456 609
292 703
584 814
530 1454
623 1468
778 1318
538 1537
605 1519
978 1750
565 1000
48 290
780 795
849 1598
688 929
390 1293
273 1225
895 1880
874 1751
104 746
649 798
154 155
510 560
925 1433
202 249
388 1233
984 1788
807 1696
91 653
356 521
723 1081
479 1221
57 921
350 1294
63 138
187 979
89 742
777 1755
726 1654
714 1109
390 717
132 883
172 786
500 779
794 949
631 1395
490 928
677 1242
397 1092
403 1283
177 891
990 1550
975 1344
611 1150
229 1193
813 982
194 1161
417 604
155 986
821 1456
883 1354
211 571
788 1410
736 1548
878 1627
361 1022
8 172
79 709
967 1078
741 1497
114 798
609 1195
3 941
989 1911
616 751
534 639
306 375
934 1237
383 712
170 195
763 1131
824 1542
970 1556
577 1281
599 631
626 1220
631 743
141 1020
647 826
864 1792
119 549
459 948
381 728
780 1411
1000 1646
662 990
435 1037
961 1026
302 1075
41 526
672 1045
675 1602
830 1143
383 1109
219 302
819 862
206 1019
387 912
729 1312
884 1288
643 1337
381 405
791 1749
427 611
243 716
434 608
966 1850
504 1057
678 1632
678 739
601 913
509 542
6 591
895 1183
565 973
725 1628
789 1516
810 1168
447 851
213 1135
882 1099
868 946
667 722
165 298
239 614
745 1587
839 1263
992 1409
780 1001
338 881
827 1196
606 694
230 607
437 1161
607 1151
81 756
222 326
956 1900
215 503
502 566
85 540
130 1044
546 1079
931 1818
452 904
912 1119
647 1166
260 1124
975 1835
606 714
463 941
139 750
655 972
408 1387
720 1229
143 821
696 1562
790 1734
151 859
52 838
231 688
842 1547
136 709
793 1721
764 964
376 1046
10 370
180 607
104 223
627 1483
825 1003
485 965
934 1382
133 996
139 805
536 1008
528 866
653 1260
202 1095
301 1257
549 1036
512 569
653 1227
676 1478
182 183
871 1322
650 979
625 940
94 1012
405 697
148 966
544 826
350 561
729 1358
288 677
377 991
908 1547
48 78
434 574
132 310
711 1417
968 1361
744 1109
988 1493
70 1015
928 1128
939 1862
987 1574
935 1101
454 1068
242 1099
860 1234
554 1421
859 1498
980 1185
116 186
877 999
170 290
61 1040
962 1850
68 138
235 339
797 971
372 1243
319 703
443 1189
430 830
118 289
23 941
304 578
169 1041
663 1131
976 1212
589 1234
534 882
519 1138
319 767
200 1075
622 877
685 750
664 1468
181 917
628 951
676 697
25 988
177 1109
796 1335
339 1331
156 658
849 1037
542 749
611 956
332 635
801 1351
191 333
417 468
349 691
483 570
897 1544
598 1467
250 866
707 977
842 1681
290 1088
224 652
716 1370
436 913
33 296
894 1145
733 1195
524 1279
829 1514
955 962
915 1686
767 1325
556 905
851 1331
84 471
834 1002
266 1082
794 1715
573 1471
720 740
102 527
742 989
444 962
703 881
881 1727
873 1500
564 1439
121 964
723 1133
306 416
426 704
523 1155
305 709
99 1077
72 709
470 1079
315 1255
842 1490
272 870
714 1192
773 1094
379 777
945 1081
660 998
157 456
784 1420
892 1162
703 748
306 967
611 1368
420 589
987 1733
852 1153
676 941
372 1075
247 573
161 615
96 169
979 1705
1 633
706 1615
880 1464
971 1426
670 676
619 935
362 1117
436 537
143 351
478 494
365 688
939 1435
243 375
550 1463
323 1000
119 559
678 1239
841 1835
86 575
923 1011
784 1387
487 858
175 218
126 385
879 1143
558 1435
500 711
863 1376
146 304
571 1326
560 1224
428 1324
81 417
621 645
685 1205
433 675
336 361
928 1349
461 672
324 798
752 831
871 1769
150 566
46 298
492 788
878 1164
312 337
624 1480
483 1163
631 863
9 729
410 899
937 1542
234 446
951 1316
496 590
698 1311
859 1240
436 925
405 564
43 222
912 1649
52 500
258 1139
466 1447
815 1541
4 144
794 939
1000 1896
613 1152
409 573
178 491
964 1713
333 436
330 792
886 1067
291 572
191 664
955 1240
174 282
264 630
466 515
670 940
507 1146
738 1433
384 1143
738 1187
802 945
97 564
778 1511
128 297
317 864
21 992
316 769
906 1518
679 701
142 567
870 922
58 456
807 949
588 670
268 1252
202 544
672 743
82 146
562 1071
846 1297
340 947
968 1053
396 1186
945 1945
364 924
692 879
778 1317
203 369
955 1277
226 733
33 396
582 1325
564 1135
103 220
658 752
783 1582
770 807
808 832
121 1054
428 654
330 336
911 940
140 310
671 822
550 1135
52 565
233 587
582 844
881 1270
852 1417
531 582
956 1737
358 1091
34 715
512 1035
194 1111
859 1840
218 564
431 839
531 602
961 1267
519 1142
31 940
887 1541
9 506
591 892
49 324
990 1157
682 1194
691 1195
742 1326
86 770
306 580
456 1149
394 734
305 935
688 1349
433 834
43 580
678 1039
214 806
466 1145
487 1443
490 566
139 414
961 1547
748 1699
961 992
240 432
253 412
230 230
824 1755
796 1137
879 1649
261 669
653 1156
218 1008
765 1673
602 1207
526 660
986 1800
197 343
790 1781
420 689
979 1202
284 980
671 986
893 1869
946 1920
769 836
340 577
558 809
902 1170
316 860
863 1434
963 1783
698 1603
853 981
948 1757
169 458
240 581
318 561
58 235
925 1730
36 565
554 1510
131 499
371 1038
167 523
206 250
525 935
141 1053
30 164
503 1217
70 997
695 1539
173 634
196 536
10 1006
461 1079
452 707
518 1162
475 1346
673 715
312 343
724 870
144 1006
90 299
317 361
450 1243
743 945
554 1090
212 686
753 1135
733 1371
814 915
921 1751
915 1740
302 780
483 1478
145 1063
626 952
450 1059
591 1093
657 1366
430 735
968 1148
545 963
598 721
776 845
358 961
224 772
590 689
227 338
442 1299
551 600
453 1255
473 974
809 963
424 1302
1 860
937 1136
25 523
900 1387
458 496
99 467
180 1017
43 148
791 957
837 1750
334 363
632 1054
44 313
662 1456
129 864
630 1102
211 775
637 1562
773 899
472 1005
935 1709
624 929
647 1552
770 803
184 402
664 1056
205 1203
483 1369
783 1554
379 651
404 855
182 1147
240 643
296 970
888 1780
523 832
385 1350
473 777
305 525
452 1315
301 549
401 978
983 1431
111 695
635 886
599 1379
400 1206
517 702
873 1700
485 1387
106 483
45 130
86 538
905 1750
670 1622
603 1023
939 1232
859 1233
420 1267
266 517
426 902
169 331
547 955
242 293
997 1996
468 897
17 393
615 922
23 485
311 886
479 689
879 1554
399 1195
174 836
383 546
410 1002
983 1958
474 741
112 626
963 1043
552 742
768 1605
994 1408
714 1495
815 1751
261 847
895 1022
433 657
734 1064
608 1273
595 1308
14 178
963 1220
407 549
514 799
95 195
613 1470
929 1529
693 868
974 1090
879 942
796 1467
861 1340
554 1046
594 1537
706 1216
351 1257
71 861
63 784
132 373
58 1008
681 1586
950 989
805 829
498 1278
912 1362
379 832
376 886
978 1085
488 850
955 1092
984 995
959 1174
543 1402
854 1331
931 1724
583 1253
239 1130
895 1661
672 1510
129 848
737 1293
127 849
53 92
222 578
559 1092
992 1747
380 1029
917 1772
372 962
852 1705
715 1420
345 1050
178 1128
374 422
226 721
738 1502
605 1512
277 881
224 935
722 1437
563 1172
866 923
502 1198
243 929
268 1091
857 992
349 826
308 602
103 894
761 1249
625 1210
690 776
902 911
220 246
172 903
535 892
915 1196
771 1583
779 1474
231 942
720 822
444 950
178 419
752 1497
502 1194
699 1622
468 1352
629 711
684 885
843 1805
274 476
360 495
4 92
14 49
575 1525
945 1494
353 706
477 1473
72 881
970 1357
509 1481
645 980
498 1355
754 982
205 713
237 385
234 973
525 821
525 531
279 491
834 889
744 767
333 450
348 1118
27 98
846 1546
428 1247
819 966
453 1349
229 568
255 668
612 696
440 1100
447 815
853 1132
529 705
506 782
259 692
617 1422
988 1965
33 582
500 754
188 616
357 675
195 857
411 1265
59 508
902 1593
215 438
534 576
604 1064
288 875
804 932
748 758
324 1060
605 1113
767 1606
952 1917
971 1376
739 1500
729 1569
871 1551
372 764
71 461
227 748
746 1396
50 971
37 336
200 738
586 771
102 382
672 1220
35 328
3 964
480 1395
48 584
245 805
748 1058
682 1549
942 1212
96 245
916 1392
437 1401
934 1796
150 1005
743 1398
387 582
483 1124
589 1229
823 1415
823 1542
992 1963
437 962
248 1075
550 786
598 1290
468 879
65 555
692 1260
924 1095
403 748
622 1594
867 1481
869 1656
136 301
354 612
839 1764
244 921
30 283
771 1320
988 1129
914 966
623 756
294 638
739 878
68 200
515 712
781 1638
364 1361
609 625
893 894
135 593
622 972
781 1751
812 850
24 978
609 1491
280 601
826 863
903 1187
606 988
607 1359
686 981
35 580
708 1219
891 958
621 941
275 726
212 646
569 708
132 1112
6 403
24 111
243 971
701 913
215 1018
247 494
49 83
83 830
809 1661
188 232
315 658
190 726
568 729
8 463
392 570
535 723
588 1255
685 696
854 1025
438 847
423 1396
831 1154
163 586
963 1106
146 630
890 1818
605 679
199 299
302 780
848 1148
968 1175
607 1209
787 1065
185 408
431 605
842 1475
982 1455
753 1216
34 622
23 626
387 849
76 281
881 1672
279 888
146 284
631 1328
975 1650
154 715
236 1043
324 677
761 1024
931 1088
747 1572
336 1206
698 1118
895 1787
916 1235
783 802
235 1065
834 1662
546 1144
183 640
604 1172
479 763
868 1073
252 870
442 995
379 429
337 1067
861 1135
335 1084
760 930
719 1288
270 1119
683 1488
52 577
231 296
911 976
835 1456
538 713
649 1379
508 1020
515 1156
195 369
364 949
359 901
193 222
853 1332
658 748
885 1355
691 1641
464 1150
109 1092
25 324
876 964
785 1346
698 873
358 496
792 800
260 572
893 1473
301 1126
998 1947
84 767
960 1662
960 1495
750 1427
574 1124
788 1661
12 953
109 386
688 1044
987 1038
840 1645
351 808
144 769
35 860
541 936
630 866
619 905
332 1151
688 1663
649 1331
879 879
742 799
712 946
811 1255
46 518
303 966
130 536
891 1070
826 1579
326 444
53 1026
615 1110
995 1590
193 996
261 716
781 1714
233 565
433 509
23 270
591 607
634 635
212 268
444 1359
603 820
382 722
883 1842
951 1884
275 402
863 1728
292 708
52 1036
731 1489
809 1795
221 433
40 460
452 548
739 894
490 835
258 1233
813 1717
502 1019
182 1106
982 1054
998 1058
963 1780
503 1286
372 479
455 802
23 884
581 1296
705 1064
490 832
310 1240
205 1105
61 511
209 628
836 1128
287 738
926 1792
375 468
1 809
541 659
12 933
270 798
69 219
240 510
303 831
764 803
711 1646
64 667
242 518
460 1025
665 1129
379 1141
479 1120
762 955
674 1458
147 419
10 871
5 474
580 1240
993 1539
316 967
709 1622
748 856
714 1060
65 1059
58 734
302 1115
890 960
291 499
428 1163
94 492
810 1484
894 996
902 1408
243 553
374 645
515 821
755 881
263 493
596 1571
965 1398
545 1465
811 1032
371 1061
440 713
799 1335
946 1799
522 1035
298 664
147 1004
113 151
329 385
448 1249
898 1763
290 1123
14 23
305 655
731 1170
908 1374
779 1470
65 866
155 891
348 1291
820 1282
694 854
293 1236
565 1112
243 974
700 884
839 1780
725 810
576 890
572 1069
64 573
741 1260
200 957
695 1436
256 1130
604 863
830 1483
361 757
489 1154
428 1026
2 813
167 805
560 986
452 509
793 1010
464 1051
416 1147
72 180
171 1004
141 493
269 570
407 669
649 1024
762 1745
509 1205
438 1091
265 664
884 1102
112 419
827 1414
878 1387
323 991
650 756
224 1070
85 463
848 1590
400 638
294 690
991 1896
197 1163
206 1061
441 509
79 821
459 502
546 1101
140 263
819 1545
445 1094
301 1173
814 1704
284 1169
947 1114
180 1036
565 696
418 814
345 415
92 149
565 1153
727 791
341 1167
776 1230
545 891
230 1049
341 1226
487 761
310 1190
952 1389
992 1947
288 1081
864 1259
811 1559
943 1362
645 1411
312 545
127 610
192 960
148 191
456 1387
757 1681
55 646
980 1410
600 1407
689 1142
411 964
494 813
15 770
903 1566
815 1352
775 1767
669 1307
107 680
745 858
179 584
767 1576
300 1257
847 1358
265 950
439 791
927 1353
335 1008
46 976
161 749
255 850
426 492
453 943
20 672
510 1124
883 1296
592 981
582 1094
500 1062
52 54
769 1300
768 1440
767 1536
314 625
434 550
654 1377
354 1298
472 968
665 678
326 980
137 446
821 1727
506 533
140 1013
301 1258
455 624
858 1192
381 1279
836 1051
682 1485
49 332
245 758
141 618
476 722
717 977
352 592
665 898
694 1444
12 439
196 287
939 1765
791 1418
373 1291
298 404
260 704
973 1547
496 1003
9 145
288 860
996 1990
429 689
536 1111
163 522
608 868
397 971
995 1180
424 1115
292 893
450 1419
657 1310
668 780
258 643
786 837
19 678
455 684
451 749
64 317
701 872
508 1241
573 1471
815 1051
921 1164
428 649
958 1443
238 772
71 260
894 1557
315 369
576 1028
227 516
75 284
140 762
950 1194
412 1351
135 723
690 1557
63 765
413 1365
74 406
327 896
303 679
690 1008
48 861
364 1205
788 1553
588 644
514 1142
725 785
102 1064
617 1155
821 1312
444 1242
31 157
19 786
841 1826
392 1142
630 653
697 1047
677 1431
572 1154
463 1069
978 1493
868 1287
671 719
26 361
238 660
294 918
583 650
759 1702
624 1322
619 679
683 747
188 443
480 536
788 1435
65 144
54 404
215 401
735 1047
686 1302
704 1376
431 810
746 917
35 104 126 183 277 358 375 480 500 511 553 640 645 817 819 847 924 1048 1146 1193 1231 1304 1315 1339 1355 1373 1399 1494 1548 1605 1675 1717 1733 1787 1801 1809 
49 3 4 98 153 188 215 223 265 273 325 328 376 416 465 541 572 594 634 705 736 749 752 756 800 815 832 926 996 1005 1053 1076 1103 1175 1179 1193 1207 1235 1395 1499 1505 1561 1564 1610 1654 1667 1692 1807 1825 1914 
37 2 137 185 187 222 408 411 472 553 690 717 757 762 766 786 787 866 891 894 958 1051 1057 1075 1260 1386 1541 1561 1690 1734 1771 1784 1815 1827 1840 1900 1903 1917 
49 4 74 104 138 212 234 272 348 362 452 462 463 747 810 913 935 970 1019 1048 1113 1135 1143 1161 1180 1289 1307 1334 1361 1385 1432 1456 1479 1495 1549 1586 1598 1649 1715 1716 1783 1801 1823 1839 1883 1930 1938 1959 1970 1976 
46 74 96 161 217 239 247 293 364 392 502 538 612 717 739 779 797 827 848 885 895 907 1054 1163 1194 1214 1230 1238 1285 1286 1291 1313 1324 1347 1453 1669 1717 1734 1763 1771 1790 1793 1794 1817 1849 1875 1928 
40 13 15 17 26 34 96 147 307 317 452 534 550 597 630 736 842 952 987 1086 1152 1164 1370 1378 1410 1420 1431 1437 1459 1467 1517 1608 1616 1722 1749 1752 1847 1886 1902 1927 1935 
38 29 73 88 160 279 342 445 447 588 601 663 711 743 827 842 846 871 884 913 917 962 997 1041 1072 1123 1169 1199 1259 1281 1361 1390 1589 1612 1637 1772 1790 1826 1855 
39 75 141 152 169 221 296 406 425 436 460 553 583 649 685 725 822 883 912 947 973 995 1027 1100 1131 1135 1153 1271 1291 1296 1326 1327 1436 1458 1468 1653 1659 1677 1914 1973 
39 41 81 113 132 184 195 268 322 327 371 406 438 458 474 487 505 585 615 717 722 757 792 801 1042 1116 1187 1230 1257 1288 1307 1315 1334 1432 1442 1521 1620 1805 1893 1964 
32 27 52 168 211 421 455 475 491 517 521 567 631 669 688 710 735 779 838 976 1138 1156 1158 1256 1337 1433 1451 1586 1783 1801 1832 1874 1944 
40 115 126 297 372 434 435 472 535 578 593 596 617 660 671 717 801 845 851 884 904 907 909 964 993 1149 1193 1209 1301 1303 1366 1384 1467 1470 1520 1537 1551 1601 1662 1806 1896 
34 117 123 165 265 270 276 347 372 373 377 403 493 624 635 646 649 659 770 843 862 1041 1200 1217 1218 1239 1290 1304 1364 1629 1636 1691 1803 1818 1934 
45 55 56 63 103 132 165 237 239 291 312 412 459 512 551 557 560 617 688 731 735 861 903 1019 1086 1087 1132 1164 1166 1214 1280 1331 1356 1477 1480 1517 1736 1755 1762 1766 1775 1792 1809 1811 1823 1884 
43 5 127 389 437 440 472 603 622 633 636 658 676 680 726 759 780 804 845 865 866 1030 1062 1092 1107 1129 1240 1362 1389 1392 1422 1464 1519 1561 1562 1591 1654 1788 1789 1791 1794 1916 1920 1979 
48 9 19 26 32 61 63 110 250 356 458 535 548 577 684 833 840 876 924 975 1021 1038 1139 1150 1155 1160 1177 1181 1253 1264 1299 1370 1391 1494 1554 1586 1596 1611 1613 1631 1640 1648 1702 1907 1934 1951 1960 1964 1977 
34 26 31 37 60 67 69 90 205 323 401 571 651 719 781 924 1041 1096 1133 1306 1355 1361 1407 1411 1510 1511 1631 1639 1693 1716 1736 1940 1967 1974 1984 
36 62 259 313 323 356 426 438 461 537 595 678 690 800 836 1022 1082 1184 1190 1213 1243 1246 1253 1260 1308 1329 1400 1431 1451 1469 1512 1535 1734 1787 1804 1847 1892 
48 31 50 61 73 195 362 383 398 409 436 480 498 533 544 551 560 568 580 594 595 629 630 631 677 759 882 950 994 999 1042 1125 1146 1165 1179 1333 1362 1404 1478 1521 1547 1613 1654 1715 1721 1723 1810 1961 1992 
40 11 58 117 163 234 264 270 289 343 349 370 462 466 486 575 613 661 664 725 784 800 826 937 957 1119 1233 1304 1328 1392 1445 1569 1589 1606 1617 1749 1801 1864 1955 1974 1985 
38 5 22 80 93 149 316 331 450 453 463 623 689 735 744 780 805 818 819 829 830 857 890 907 1031 1304 1312 1363 1491 1498 1659 1714 1738 1806 1896 1915 1920 1922 1939 
37 15 116 241 242 379 391 392 420 536 561 593 604 649 705 727 974 1102 1152 1178 1218 1221 1300 1379 1393 1395 1423 1466 1503 1560 1588 1601 1638 1738 1799 1851 1883 1949 
24 33 130 151 243 356 524 583 778 803 830 883 1032 1327 1343 1388 1462 1481 1571 1591 1602 1676 1850 1868 1946 
21 64 243 279 294 310 353 355 389 534 575 685 729 763 811 936 1041 1142 1519 1646 1656 1949 
40 27 47 124 189 206 239 264 298 300 374 482 490 513 547 597 628 670 692 741 805 813 875 901 919 931 935 1072 1116 1122 1438 1590 1596 1651 1758 1810 1811 1839 1936 1946 1959 
47 23 65 94 97 113 143 161 282 359 413 444 540 544 555 571 577 597 706 707 738 742 756 800 935 1012 1039 1064 1129 1153 1182 1232 1367 1389 1399 1415 1416 1463 1485 1503 1548 1550 1571 1647 1697 1738 1796 1903 
42 1 45 90 138 190 191 197 208 210 219 256 401 405 518 572 656 667 710 799 890 926 943 1041 1074 1088 1163 1173 1271 1309 1364 1504 1514 1563 1610 1651 1712 1719 1844 1845 1943 1968 1970 
39 3 169 265 287 293 344 363 376 576 595 650 711 727 849 912 920 939 969 1104 1206 1254 1346 1349 1351 1415 1521 1536 1610 1624 1728 1755 1778 1803 1824 1832 1865 1917 1964 1986 
45 3 22 139 244 354 393 395 403 416 452 500 569 584 625 708 755 886 907 946 1013 1020 1090 1105 1163 1170 1176 1193 1220 1229 1251 1280 1339 1340 1439 1591 1642 1680 1751 1787 1876 1881 1913 1923 1940 1961 
49 34 53 77 109 111 180 241 258 267 314 335 484 510 511 520 653 808 872 948 1023 1026 1027 1058 1132 1150 1194 1213 1220 1296 1305 1320 1372 1376 1431 1500 1501 1519 1524 1563 1577 1678 1679 1842 1844 1846 1922 1938 1943 1960 
36 1 2 19 40 112 134 189 206 326 357 408 424 472 504 612 780 818 841 925 1051 1101 1136 1245 1276 1377 1487 1538 1569 1597 1778 1795 1813 1826 1912 1944 1969 
39 28 30 226 239 273 466 471 474 523 596 796 827 833 843 879 888 1126 1127 1161 1234 1265 1297 1337 1367 1389 1481 1536 1587 1603 1662 1682 1758 1794 1821 1824 1913 1937 1970 1990 
38 96 115 245 433 523 579 593 636 680 705 720 753 809 819 846 865 875 886 968 979 1088 1112 1238 1256 1376 1433 1434 1481 1624 1658 1674 1705 1720 1798 1833 1886 1984 1987 
44 72 207 210 211 345 362 425 497 526 569 602 618 659 736 740 837 868 899 904 929 939 1019 1036 1084 1178 1210 1216 1228 1350 1387 1389 1432 1454 1484 1528 1599 1696 1699 1714 1864 1904 1935 1960 1966 
41 147 289 341 356 374 548 549 613 630 668 677 756 821 995 1015 1045 1067 1114 1116 1129 1211 1213 1318 1346 1388 1453 1516 1609 1620 1629 1647 1655 1727 1752 1824 1829 1845 1901 1946 1960 1994 
42 76 127 172 338 410 455 489 500 587 611 637 646 788 802 868 903 910 1012 1072 1092 1098 1526 1540 1555 1571 1614 1631 1679 1699 1710 1763 1808 1823 1838 1840 1842 1844 1866 1896 1900 1947 1989 
40 4 12 27 142 230 243 269 324 390 415 424 466 543 549 628 660 698 774 853 952 998 1004 1007 1047 1100 1178 1230 1276 1332 1416 1427 1428 1434 1597 1675 1735 1737 1769 1869 1990 
44 5 67 86 105 143 212 246 250 264 322 389 411 439 465 515 558 566 609 678 760 768 789 818 908 1008 1019 1120 1133 1151 1184 1229 1253 1310 1602 1718 1750 1773 1790 1791 1802 1837 1840 1965 1988 
40 76 125 146 187 213 218 261 322 556 622 650 652 756 760 774 831 844 847 893 981 1040 1137 1163 1305 1354 1462 1466 1473 1525 1532 1563 1611 1622 1650 1659 1739 1812 1888 1945 1962 
28 33 60 146 160 166 184 240 371 592 594 617 650 709 825 901 1006 1020 1243 1418 1445 1449 1498 1538 1603 1775 1815 1819 1840 
33 28 51 71 80 144 193 205 212 326 422 476 515 520 578 651 739 817 923 1002 1046 1062 1127 1169 1280 1515 1537 1546 1613 1738 1743 1768 1863 1945 
27 30 106 305 315 318 321 331 392 629 676 723 758 795 961 1115 1267 1293 1469 1492 1499 1500 1509 1580 1786 1866 1941 1970 
35 1 139 186 236 308 375 415 442 452 511 633 690 1015 1017 1021 1022 1034 1043 1077 1103 1290 1390 1393 1409 1526 1610 1616 1619 1633 1634 1733 1779 1844 1892 1924 
51 69 103 111 116 139 161 201 232 247 311 404 531 542 566 604 618 692 759 767 793 806 819 828 872 911 917 961 968 970 994 1006 1057 1171 1237 1238 1289 1357 1433 1438 1483 1521 1716 1759 1765 1766 1775 1809 1814 1848 1859 1947 
44 21 33 119 189 225 294 520 552 586 589 598 599 601 650 660 683 698 725 745 751 832 948 994 1098 1181 1261 1274 1313 1326 1327 1402 1549 1552 1577 1588 1614 1643 1688 1698 1702 1827 1872 1895 1912 
39 53 70 78 125 127 171 203 244 245 264 307 308 324 507 535 647 749 763 776 780 815 820 888 905 1103 1167 1195 1202 1247 1253 1354 1456 1493 1504 1732 1764 1791 1837 1934 
30 207 264 310 407 516 528 538 603 743 834 892 908 944 995 1028 1032 1070 1084 1099 1124 1225 1236 1237 1255 1289 1586 1592 1880 1934 1995 
53 11 14 78 142 218 395 435 458 486 511 536 548 596 651 657 679 773 817 835 882 923 925 984 1061 1069 1094 1162 1193 1227 1231 1278 1312 1358 1363 1417 1440 1518 1566 1600 1602 1609 1617 1627 1639 1673 1675 1757 1760 1777 1813 1840 1976 1985 
38 17 110 208 363 392 497 551 592 615 744 845 902 905 937 943 946 1097 1100 1155 1169 1194 1214 1251 1293 1465 1476 1529 1617 1680 1697 1733 1754 1757 1767 1768 1836 1923 1950 
47 16 113 150 166 178 243 277 289 345 371 374 476 494 498 525 600 629 634 655 667 678 703 724 762 784 822 826 838 902 1000 1002 1041 1163 1175 1196 1214 1408 1501 1530 1715 1750 1770 1781 1851 1884 1932 1936 
36 195 418 437 483 486 526 549 573 604 661 723 765 825 845 910 1027 1098 1101 1154 1303 1506 1588 1600 1619 1627 1678 1691 1692 1716 1745 1788 1848 1870 1899 1969 1972 
33 5 62 118 138 166 298 418 437 456 563 613 614 656 663 665 783 785 915 922 947 1145 1250 1261 1382 1383 1542 1596 1604 1703 1850 1865 1935 1961 
42 41 184 205 235 242 278 286 292 333 361 400 426 454 472 475 477 497 534 627 824 867 905 935 942 948 965 981 1090 1130 1179 1289 1306 1393 1436 1440 1510 1527 1608 1714 1747 1878 1984 
48 1 16 132 137 193 219 234 276 291 308 459 495 529 534 588 652 653 661 664 745 780 785 820 853 874 913 941 960 999 1042 1089 1167 1264 1296 1388 1471 1473 1527 1540 1684 1695 1765 1817 1826 1841 1869 1968 1984 
33 38 112 135 238 245 283 306 347 371 384 399 454 467 512 620 751 759 773 1085 1097 1101 1303 1435 1508 1543 1579 1673 1680 1704 1726 1907 1943 1961 
42 18 138 148 161 172 196 198 205 264 321 359 397 437 439 442 482 649 764 791 888 902 946 1110 1157 1196 1235 1241 1260 1266 1300 1380 1490 1496 1642 1660 1705 1729 1744 1799 1829 1871 1915 
29 38 82 160 161 171 235 266 273 306 346 353 354 383 449 465 498 581 710 735 783 812 1122 1197 1233 1568 1686 1823 1863 1977 
37 67 102 233 255 293 495 498 513 631 638 680 814 821 848 859 871 928 947 1024 1035 1055 1084 1130 1137 1185 1219 1302 1328 1338 1352 1418 1559 1618 1650 1834 1936 1989 
31 105 197 198 284 356 373 384 420 440 594 639 721 772 858 918 1006 1029 1069 1077 1147 1162 1177 1429 1480 1537 1539 1553 1628 1681 1735 1887 
44 4 7 19 170 173 197 269 380 435 540 557 560 609 632 635 748 906 917 940 1029 1037 1056 1061 1164 1177 1193 1194 1288 1303 1305 1366 1409 1435 1487 1498 1559 1567 1692 1694 1727 1821 1841 1877 1991 
35 0 67 128 213 329 461 513 548 550 552 650 764 771 783 804 826 855 883 931 935 938 946 957 1029 1121 1123 1274 1312 1320 1555 1568 1652 1737 1777 1923 
38 8 13 18 149 205 228 327 438 452 472 487 633 649 723 737 757 779 788 807 832 835 856 894 938 969 1030 1047 1063 1484 1523 1643 1736 1742 1834 1898 1908 1920 1941 
46 14 68 97 194 246 265 289 317 366 452 514 521 562 584 654 750 817 830 867 882 891 901 938 1094 1267 1272 1316 1328 1454 1487 1551 1562 1585 1615 1639 1648 1649 1783 1785 1836 1841 1867 1872 1907 1933 1997 
40 49 73 94 122 139 166 178 380 415 533 576 580 607 673 760 834 843 882 896 903 905 935 938 939 1042 1103 1226 1232 1236 1263 1451 1452 1468 1687 1721 1774 1805 1869 1931 1947 
40 36 153 189 209 215 238 257 308 319 534 619 645 818 843 849 889 929 973 1045 1099 1172 1236 1303 1387 1458 1490 1530 1546 1550 1619 1641 1707 1767 1810 1817 1908 1909 1913 1951 1959 
38 7 48 58 138 188 235 237 396 454 455 488 490 536 657 663 721 761 766 781 799 808 885 1049 1052 1183 1251 1262 1394 1412 1451 1475 1625 1629 1693 1772 1795 1845 1935 
34 29 58 108 119 135 181 279 419 435 629 683 906 934 953 1069 1085 1097 1167 1187 1197 1213 1328 1365 1410 1483 1502 1533 1553 1564 1608 1640 1663 1807 1839 
45 18 109 133 159 170 216 221 242 269 277 420 456 464 465 546 612 781 782 901 926 948 998 1001 1014 1021 1133 1252 1311 1364 1391 1513 1530 1588 1617 1645 1656 1691 1748 1830 1858 1860 1889 1929 1950 1982 
35 11 98 115 316 343 371 391 420 528 566 658 747 787 818 851 1052 1234 1264 1329 1347 1352 1361 1430 1483 1612 1701 1762 1829 1877 1878 1906 1945 1963 1964 1988 
35 32 100 101 274 314 367 392 393 394 455 505 553 557 568 576 678 703 761 844 914 1098 1117 1191 1242 1345 1409 1424 1518 1628 1646 1666 1673 1901 1905 1962 
45 49 208 236 271 294 351 370 390 406 518 530 585 596 616 675 715 748 790 914 953 1019 1044 1062 1105 1187 1227 1258 1341 1421 1448 1549 1590 1595 1650 1677 1743 1747 1780 1889 1940 1941 1969 1971 1981 1991 
43 7 51 59 128 261 309 360 378 413 530 620 724 742 785 834 871 993 1024 1025 1058 1071 1098 1116 1135 1156 1157 1198 1251 1361 1372 1485 1525 1539 1586 1703 1846 1879 1882 1920 1960 1967 1969 1976 
39 21 86 96 101 211 238 265 328 348 361 422 474 490 593 628 658 681 686 735 785 788 802 829 842 846 925 954 961 972 1106 1242 1257 1276 1306 1308 1435 1880 1915 1991 
37 237 252 278 353 365 381 432 479 539 550 575 582 672 717 734 770 844 853 889 1151 1165 1217 1227 1233 1257 1275 1344 1350 1383 1478 1525 1618 1623 1769 1916 1980 1996 
41 10 12 17 85 167 179 269 366 372 412 478 492 518 543 574 600 638 708 770 822 923 1033 1063 1065 1168 1232 1274 1286 1334 1378 1402 1428 1489 1505 1523 1593 1645 1739 1749 1834 1996 
26 53 61 89 249 303 314 385 473 582 586 655 746 883 903 1009 1069 1151 1196 1272 1306 1391 1538 1622 1714 1828 1978 
37 68 111 112 116 164 183 191 310 339 364 471 568 733 754 782 901 958 986 997 1072 1117 1130 1175 1339 1342 1351 1363 1403 1462 1508 1720 1786 1870 1915 1921 1938 1979 
30 52 109 231 237 249 502 565 603 618 626 680 684 787 794 799 848 854 1022 1042 1105 1400 1432 1443 1462 1472 1485 1493 1554 1590 1741 
34 82 105 164 184 296 329 334 558 585 594 632 717 737 842 909 923 971 1092 1128 1213 1235 1315 1446 1453 1548 1552 1628 1674 1735 1765 1825 1834 1870 1965 
33 104 110 278 281 309 343 361 407 510 529 567 644 940 948 967 1000 1178 1217 1228 1231 1347 1456 1458 1462 1541 1650 1657 1684 1749 1789 1916 1937 1959 
30 0 139 151 185 260 265 341 405 419 442 643 926 942 963 977 1030 1033 1091 1106 1268 1344 1512 1645 1691 1700 1791 1850 1858 1863 1918 
38 35 49 108 127 130 376 442 533 543 558 587 647 672 703 724 916 922 956 972 982 1025 1164 1175 1216 1255 1258 1278 1498 1499 1513 1520 1566 1627 1717 1779 1803 1844 1885 
40 80 142 188 206 213 226 279 439 519 522 533 550 681 696 719 722 888 893 929 967 977 979 1041 1051 1261 1279 1373 1387 1392 1428 1453 1521 1750 1758 1887 1933 1944 1948 1950 1952 
37 16 114 214 292 323 391 394 436 525 537 561 596 616 628 737 758 825 879 898 902 1066 1131 1202 1240 1291 1308 1463 1612 1679 1717 1718 1778 1796 1934 1942 1965 1972 
33 53 88 162 180 277 306 320 330 418 493 509 547 629 635 706 743 764 779 794 972 1061 1076 1223 1250 1308 1523 1529 1539 1752 1796 1900 1957 1982 
41 104 146 194 251 266 270 328 353 517 525 541 628 639 679 745 746 751 806 825 877 916 928 963 981 1062 1084 1108 1143 1353 1417 1419 1438 1536 1578 1714 1721 1729 1766 1921 1973 1996 
46 0 31 72 83 142 171 242 292 300 355 378 419 427 540 565 701 720 766 899 974 1053 1078 1101 1159 1186 1200 1314 1392 1472 1478 1489 1535 1540 1700 1750 1768 1771 1806 1831 1833 1918 1927 1954 1960 1962 1992 
49 1 14 16 65 75 147 150 163 165 223 301 321 337 413 424 518 612 647 728 738 758 788 806 850 852 889 957 1087 1177 1185 1186 1196 1310 1439 1484 1564 1565 1599 1601 1629 1644 1657 1782 1863 1864 1933 1944 1961 1975 
31 14 59 67 81 153 267 295 318 441 577 628 689 960 993 1008 1049 1097 1100 1174 1269 1309 1310 1381 1478 1509 1606 1626 1646 1756 1759 1825 
38 26 129 164 214 227 289 311 378 441 559 592 652 654 721 850 1287 1351 1482 1525 1544 1554 1575 1587 1605 1614 1646 1683 1706 1718 1787 1795 1804 1841 1873 1888 1933 1948 1974 
24 193 293 452 677 703 705 796 873 887 1024 1087 1173 1225 1349 1404 1531 1557 1593 1685 1705 1773 1888 1959 1977 
38 5 248 272 313 332 397 474 541 567 570 642 692 744 765 791 828 850 886 888 1035 1043 1062 1247 1309 1322 1326 1333 1353 1441 1463 1479 1563 1641 1647 1649 1708 1842 1890 
34 42 76 79 99 236 299 319 322 359 385 421 457 461 499 548 593 708 824 866 885 889 950 1001 1052 1194 1291 1369 1437 1539 1560 1574 1612 1898 1959 
49 100 101 116 142 160 255 321 323 361 373 396 473 505 555 593 611 629 662 687 735 835 883 900 959 968 992 1007 1022 1023 1120 1271 1277 1284 1342 1454 1459 1462 1520 1538 1545 1592 1608 1634 1755 1792 1839 1906 1914 1993 
29 32 273 308 322 384 408 454 594 694 779 863 937 983 1003 1025 1136 1172 1222 1250 1270 1323 1346 1364 1414 1454 1515 1609 1678 1868 
33 9 107 149 174 207 243 285 327 344 352 492 516 554 662 704 767 843 935 995 1061 1097 1353 1411 1484 1518 1559 1589 1668 1683 1764 1851 1885 1959 
40 97 192 309 353 383 479 490 549 569 679 704 801 817 948 1004 1043 1044 1049 1070 1084 1183 1232 1254 1259 1390 1446 1518 1520 1522 1558 1620 1665 1674 1734 1749 1751 1823 1900 1941 1970 
40 2 46 145 160 181 194 215 254 266 473 527 531 548 549 592 605 718 863 890 906 912 1071 1149 1158 1204 1230 1246 1252 1361 1439 1486 1698 1825 1865 1881 1886 1896 1938 1968 1978 
42 55 162 183 274 315 371 388 391 423 445 462 676 819 862 897 903 912 926 950 996 1068 1080 1121 1136 1166 1273 1290 1362 1406 1466 1468 1482 1495 1505 1593 1620 1645 1674 1686 1740 1793 1886 
49 62 108 112 137 186 281 302 329 333 347 397 401 445 460 493 547 561 570 573 631 676 730 757 765 855 885 1020 1049 1091 1170 1180 1189 1201 1215 1265 1287 1288 1338 1409 1431 1550 1576 1582 1592 1619 1657 1793 1864 1942 
42 48 54 80 102 185 191 205 208 229 244 267 393 510 521 563 577 595 596 865 947 997 1001 1010 1026 1085 1198 1241 1290 1336 1467 1502 1567 1660 1668 1735 1767 1810 1846 1848 1891 1904 1981 
29 28 374 483 674 719 758 784 818 823 830 869 942 951 969 974 986 1155 1217 1274 1420 1470 1479 1543 1615 1676 1681 1691 1855 1917 
28 12 50 134 227 275 309 370 457 535 552 691 707 847 862 1031 1092 1099 1197 1236 1311 1363 1369 1468 1588 1623 1677 1695 1866 
43 204 253 276 280 282 307 525 537 714 842 868 885 898 936 1041 1053 1084 1085 1146 1185 1206 1227 1229 1242 1311 1327 1332 1354 1387 1443 1450 1463 1486 1519 1589 1598 1638 1741 1839 1870 1891 1935 1966 
39 55 98 152 162 169 176 199 240 290 292 325 438 439 457 460 468 569 593 650 655 745 908 1024 1064 1108 1140 1143 1248 1259 1337 1347 1379 1421 1510 1560 1606 1697 1780 1828 
45 54 71 170 187 234 341 456 510 512 608 613 628 634 650 681 801 810 836 891 951 1050 1052 1090 1140 1256 1350 1371 1405 1420 1434 1473 1489 1621 1655 1682 1690 1717 1797 1832 1843 1890 1949 1963 1967 1986 
49 30 95 283 297 308 321 341 346 360 363 382 461 539 620 666 669 725 754 780 867 882 935 946 978 982 984 985 1013 1063 1065 1278 1297 1368 1415 1423 1467 1475 1486 1617 1675 1702 1787 1789 1804 1831 1863 1959 1960 1962 
44 156 161 168 196 307 331 395 524 554 595 607 663 676 679 695 805 820 849 876 892 901 909 1034 1041 1070 1143 1176 1227 1251 1256 1259 1307 1333 1369 1497 1563 1564 1615 1686 1704 1718 1781 1841 1868 
46 2 31 56 99 152 182 208 216 222 326 426 437 489 572 636 662 681 702 724 739 793 804 807 921 922 989 1048 1097 1102 1213 1221 1261 1272 1275 1380 1419 1480 1586 1630 1641 1760 1786 1827 1870 1942 1992 
40 27 43 55 140 160 162 176 238 290 355 374 394 470 471 528 766 808 812 887 902 906 922 1073 1076 1182 1200 1273 1359 1375 1416 1471 1544 1676 1749 1756 1770 1814 1897 1937 1993 
32 29 51 71 74 75 218 258 302 380 436 480 499 515 519 559 614 689 802 813 874 980 1032 1055 1271 1303 1413 1437 1488 1744 1801 1855 1944 
43 35 68 129 220 254 321 372 436 471 497 510 526 547 631 632 655 732 735 739 749 762 764 809 863 976 988 994 1138 1152 1283 1352 1371 1413 1429 1433 1518 1804 1826 1868 1875 1905 1971 1989 
44 49 100 131 186 269 286 295 306 326 332 342 457 494 594 799 820 848 867 871 873 922 967 1007 1089 1125 1293 1317 1335 1347 1416 1432 1464 1487 1531 1587 1630 1692 1719 1753 1865 1871 1872 1894 1987 
38 49 84 93 97 105 225 394 487 502 538 569 644 713 716 761 798 817 880 890 967 1043 1046 1071 1085 1181 1213 1298 1314 1318 1433 1451 1513 1635 1715 1726 1742 1874 1937 
46 85 137 190 201 206 224 250 350 355 373 416 471 521 621 635 665 740 762 779 786 803 862 886 887 950 952 962 993 1011 1051 1066 1215 1257 1313 1410 1524 1539 1568 1587 1634 1651 1713 1734 1792 1837 1852 
43 82 241 267 290 345 357 396 417 473 477 487 547 572 574 623 673 709 792 802 806 808 882 935 1067 1089 1141 1347 1470 1566 1615 1635 1676 1753 1803 1806 1816 1897 1905 1930 1962 1963 1989 1992 
40 13 20 131 133 196 212 235 238 499 592 597 624 699 726 811 849 1009 1048 1088 1255 1290 1326 1348 1414 1418 1465 1481 1535 1565 1579 1635 1637 1707 1709 1773 1784 1825 1933 1948 1965 
38 104 137 155 278 306 345 381 449 453 608 656 685 718 749 758 795 823 825 969 1042 1063 1067 1157 1178 1321 1396 1414 1501 1542 1566 1589 1611 1616 1690 1802 1843 1851 1968 
41 136 138 179 183 199 281 316 344 390 513 621 638 666 688 703 704 747 828 842 937 976 1023 1050 1064 1097 1216 1229 1234 1241 1273 1366 1484 1506 1584 1605 1619 1722 1842 1859 1897 1985 
51 35 69 102 207 274 304 322 323 382 471 550 584 598 607 614 674 773 784 799 816 904 911 944 1099 1122 1131 1139 1148 1166 1184 1199 1233 1288 1412 1441 1444 1469 1491 1502 1524 1576 1614 1648 1652 1675 1677 1685 1719 1848 1849 1936 
38 2 6 143 239 296 330 353 372 503 542 637 682 735 740 768 784 843 894 904 970 1107 1144 1148 1165 1196 1201 1229 1260 1346 1465 1480 1570 1749 1766 1860 1885 1928 1934 
29 36 85 104 448 600 718 732 823 846 927 941 959 1001 1058 1192 1423 1465 1482 1535 1578 1611 1698 1733 1806 1843 1916 1963 1968 1984 
39 89 121 208 211 266 310 346 398 413 489 491 581 643 812 884 959 1025 1063 1100 1109 1228 1244 1286 1305 1362 1373 1503 1583 1597 1604 1646 1676 1697 1751 1809 1838 1884 1912 1946 
36 54 59 67 81 160 267 324 359 389 405 458 478 517 665 690 865 978 1019 1089 1096 1104 1195 1230 1304 1322 1351 1454 1476 1480 1590 1594 1763 1764 1774 1819 1933 
39 128 167 202 248 301 325 379 437 476 514 658 705 826 840 859 923 924 941 1057 1063 1095 1107 1162 1182 1350 1366 1371 1422 1523 1536 1678 1736 1764 1774 1823 1835 1850 1956 1985 
37 78 101 102 140 154 294 457 509 515 527 795 839 869 940 1089 1126 1153 1169 1232 1254 1276 1293 1330 1332 1353 1452 1479 1483 1492 1683 1714 1750 1818 1832 1862 1899 1931 
46 29 43 71 76 77 89 146 183 216 227 237 325 334 358 399 516 575 582 601 706 729 755 758 782 789 831 893 962 967 1008 1065 1068 1124 1166 1250 1258 1288 1411 1564 1568 1603 1721 1843 1864 1934 1993 
41 60 105 163 241 265 343 349 357 360 418 461 509 616 630 684 769 782 973 993 998 1028 1068 1153 1205 1215 1272 1299 1319 1329 1366 1397 1398 1526 1693 1718 1719 1766 1783 1895 1964 1987 
40 50 52 71 103 257 264 330 368 395 450 486 545 559 562 618 659 870 911 930 939 979 1063 1094 1263 1270 1281 1368 1372 1377 1399 1447 1452 1502 1621 1633 1798 1827 1873 1912 1966 
52 7 49 56 57 144 297 338 398 399 435 453 486 586 619 632 637 646 763 859 869 878 895 925 967 997 999 1023 1084 1119 1137 1144 1146 1198 1219 1286 1304 1387 1424 1428 1440 1455 1480 1501 1542 1549 1648 1767 1783 1823 1845 1847 1937 
36 108 186 223 329 337 377 391 496 554 562 620 652 668 705 865 949 1044 1188 1198 1210 1254 1258 1326 1360 1405 1610 1626 1663 1699 1745 1751 1785 1898 1924 1950 1953 
40 0 83 162 192 235 251 285 387 438 460 488 519 654 656 677 686 774 782 792 909 932 958 977 1118 1124 1150 1171 1173 1226 1490 1511 1706 1715 1759 1766 1843 1864 1866 1882 1925 
45 97 102 140 145 209 234 304 389 446 473 490 506 534 540 542 640 661 766 769 783 786 807 861 868 886 897 904 971 1026 1061 1131 1295 1518 1524 1611 1616 1646 1658 1750 1776 1793 1805 1873 1894 1986 
40 64 69 106 108 138 230 280 367 375 459 464 489 515 516 567 570 656 729 789 862 931 946 955 1031 1182 1209 1357 1377 1388 1442 1545 1591 1659 1673 1701 1720 1865 1871 1879 1990 
37 87 235 244 253 475 549 551 555 630 635 668 678 761 780 794 804 872 963 996 1064 1073 1134 1350 1354 1365 1388 1390 1464 1540 1592 1702 1737 1777 1847 1853 1897 1995 
40 30 114 157 190 210 224 268 336 362 369 390 570 573 652 677 775 809 843 872 925 1056 1059 1086 1205 1237 1287 1294 1336 1371 1374 1409 1465 1528 1604 1652 1655 1725 1746 1836 1902 
36 15 66 100 125 234 325 341 381 501 568 605 637 761 845 854 903 909 1201 1250 1307 1369 1421 1464 1500 1505 1508 1512 1552 1562 1572 1599 1779 1808 1820 1835 1947 
42 34 49 103 136 184 198 220 312 324 341 342 448 453 496 551 651 662 683 786 860 903 1177 1236 1239 1250 1254 1277 1324 1428 1446 1457 1525 1609 1618 1663 1670 1684 1690 1754 1764 1786 1909 
45 2 28 39 73 81 141 148 231 298 417 440 452 551 654 662 687 915 924 936 1031 1102 1132 1141 1147 1179 1251 1340 1356 1358 1397 1462 1539 1547 1559 1598 1607 1633 1716 1742 1816 1852 1854 1887 1911 1985 
31 3 90 130 209 211 272 336 457 479 605 640 694 802 819 821 863 914 1016 1021 1093 1115 1181 1239 1632 1715 1719 1754 1769 1807 1830 1898 
34 0 177 276 397 476 503 619 657 670 750 777 971 1021 1095 1102 1123 1146 1162 1221 1237 1241 1252 1389 1391 1459 1592 1613 1655 1681 1700 1828 1912 1988 1989 
39 40 56 102 121 137 191 329 365 414 459 600 682 688 1030 1055 1066 1087 1186 1211 1218 1230 1277 1319 1331 1430 1455 1461 1491 1498 1499 1536 1648 1658 1685 1824 1827 1876 1901 1971 
38 25 30 42 51 76 100 107 167 202 213 262 427 512 522 611 710 742 754 765 767 775 817 822 877 902 1067 1208 1317 1396 1412 1506 1507 1587 1598 1654 1784 1824 1964 
35 57 73 77 114 120 266 398 404 481 504 524 714 826 935 937 941 980 988 1003 1064 1070 1109 1110 1227 1287 1413 1538 1561 1597 1609 1632 1760 1869 1938 1965 
34 0 27 52 96 110 125 200 266 307 379 503 508 742 743 820 927 938 993 1074 1101 1145 1189 1231 1268 1363 1406 1410 1413 1498 1921 1922 1984 1994 1998 
41 50 70 214 295 327 377 414 460 476 488 501 511 556 571 592 614 659 699 760 800 884 968 1085 1086 1179 1231 1262 1301 1327 1376 1483 1507 1518 1522 1526 1537 1653 1676 1682 1866 1889 
37 6 20 84 207 219 246 355 368 568 629 803 829 859 1066 1131 1150 1154 1273 1281 1365 1393 1415 1447 1469 1475 1595 1660 1698 1706 1723 1725 1789 1811 1839 1875 1941 1943 
58 84 98 113 115 164 209 369 373 440 447 456 496 510 533 563 595 615 621 693 713 721 722 735 762 822 842 852 860 875 952 1028 1060 1139 1158 1265 1294 1312 1331 1348 1387 1448 1474 1488 1541 1587 1609 1621 1647 1666 1739 1743 1802 1803 1838 1846 1878 1902 1979 
33 10 17 44 169 185 425 463 547 642 651 736 884 930 954 1005 1145 1176 1183 1213 1243 1249 1267 1287 1456 1474 1509 1591 1679 1784 1790 1820 1830 1963 
38 86 209 211 299 335 414 453 471 478 509 533 641 666 741 793 802 847 907 944 949 974 998 1079 1178 1183 1190 1222 1252 1271 1501 1518 1527 1674 1695 1825 1867 1871 1885 
45 72 75 87 99 106 145 154 163 192 214 219 300 495 509 602 641 670 695 712 787 823 839 856 873 876 930 949 998 1078 1121 1203 1298 1309 1321 1375 1429 1437 1518 1544 1618 1629 1730 1736 1857 1935 
35 52 83 107 144 206 237 303 491 645 653 697 735 833 862 949 1002 1046 1193 1218 1295 1414 1478 1520 1592 1610 1630 1633 1647 1656 1754 1808 1868 1874 1889 1891 
45 48 96 103 117 131 171 175 185 200 212 311 315 447 454 489 491 523 556 598 634 649 676 679 694 697 727 748 857 919 926 1062 1091 1203 1244 1275 1425 1460 1471 1499 1504 1690 1839 1888 1918 1940 
46 21 67 72 118 140 186 252 350 431 494 595 630 655 664 684 758 781 786 859 972 996 1000 1014 1046 1065 1108 1200 1274 1287 1292 1306 1372 1589 1590 1701 1709 1750 1757 1771 1798 1805 1849 1863 1883 1936 1973 
42 188 260 272 288 358 376 389 417 430 446 481 492 552 574 580 590 592 704 707 744 763 842 859 861 864 1016 1024 1080 1081 1329 1331 1345 1486 1532 1541 1561 1608 1696 1731 1835 1884 1986 
37 13 28 58 168 202 213 234 410 414 429 554 652 653 661 728 1047 1087 1115 1143 1147 1176 1206 1294 1348 1409 1419 1429 1481 1535 1543 1596 1632 1636 1672 1710 1863 1945 
44 8 70 168 174 226 235 247 311 340 429 494 499 501 621 706 781 900 922 935 951 995 1093 1166 1194 1223 1250 1277 1279 1292 1299 1355 1482 1518 1594 1671 1738 1761 1763 1867 1883 1924 1984 1985 1987 
41 44 99 125 236 254 312 332 358 370 400 458 493 509 532 550 597 723 739 740 757 927 949 987 1026 1045 1065 1117 1180 1189 1232 1252 1391 1452 1538 1613 1728 1828 1831 1833 1906 1949 
40 6 29 98 140 166 290 342 422 592 648 707 722 748 769 821 844 933 994 1020 1077 1088 1111 1213 1343 1373 1395 1471 1542 1561 1618 1687 1693 1752 1753 1776 1829 1917 1919 1939 1988 
46 6 26 35 53 60 79 106 141 221 236 246 252 268 341 342 443 557 581 606 614 643 769 783 932 940 983 991 999 1021 1199 1245 1269 1310 1444 1455 1535 1542 1599 1611 1626 1708 1784 1785 1802 1812 1854 
44 70 91 99 126 154 210 225 267 291 312 354 360 370 428 533 567 750 753 860 911 928 936 965 1079 1086 1129 1145 1216 1220 1240 1379 1488 1516 1536 1600 1664 1695 1699 1724 1751 1861 1903 1939 1972 
46 48 150 207 216 263 389 446 472 520 539 564 599 631 634 677 753 831 864 905 951 971 1036 1044 1073 1120 1148 1188 1196 1199 1227 1231 1317 1332 1348 1413 1499 1500 1522 1531 1701 1705 1765 1830 1831 1884 1967 
39 10 23 27 36 125 170 228 236 566 611 614 617 639 772 801 805 831 837 860 928 1054 1084 1098 1116 1145 1174 1176 1228 1229 1234 1288 1349 1394 1411 1559 1573 1739 1802 1866 
33 24 30 54 57 72 122 137 157 174 348 421 453 455 463 485 603 649 695 741 801 1084 1177 1228 1254 1266 1272 1333 1463 1550 1767 1802 1919 1938 
35 148 190 215 274 377 451 454 471 601 738 763 889 923 954 1005 1050 1118 1251 1289 1307 1311 1342 1368 1414 1425 1457 1534 1547 1562 1595 1610 1627 1649 1670 1926 
49 15 51 79 82 106 143 172 229 400 431 437 439 511 522 570 602 613 615 623 757 806 821 918 953 1045 1068 1085 1111 1195 1212 1240 1382 1398 1411 1436 1474 1545 1590 1615 1669 1675 1751 1797 1868 1922 1943 1958 1963 1966 
37 1 161 214 251 266 271 389 443 676 869 947 949 968 997 1000 1046 1129 1257 1272 1325 1375 1387 1442 1452 1503 1649 1664 1665 1690 1756 1805 1824 1841 1887 1896 1929 1942 
52 48 70 156 205 256 359 440 464 516 632 636 664 704 707 708 709 720 790 820 883 937 960 1066 1100 1102 1130 1172 1180 1191 1228 1234 1246 1278 1291 1361 1449 1485 1529 1534 1559 1567 1572 1580 1594 1626 1749 1763 1800 1849 1853 1898 1962 
38 165 270 323 325 414 452 468 481 596 628 641 686 703 718 737 741 768 803 861 910 964 985 1025 1059 1120 1130 1310 1392 1402 1429 1537 1694 1724 1741 1833 1872 1966 1990 
48 9 26 32 111 120 167 201 291 326 333 365 419 519 535 579 612 629 756 760 791 810 908 952 1045 1061 1069 1154 1238 1268 1279 1280 1314 1334 1345 1357 1455 1485 1528 1529 1556 1570 1764 1769 1812 1830 1854 1869 1945 
36 29 118 139 173 307 308 309 321 324 393 396 430 610 771 776 779 829 1078 1144 1175 1204 1316 1410 1438 1479 1535 1587 1621 1737 1807 1823 1826 1867 1918 1973 1988 
47 59 78 137 215 236 295 393 395 469 593 625 644 730 746 799 824 860 863 870 918 927 933 936 956 1087 1090 1119 1204 1216 1286 1323 1341 1362 1396 1436 1509 1533 1613 1653 1673 1773 1831 1842 1867 1937 1942 1969 
35 4 96 98 107 176 244 310 573 638 669 755 824 863 887 910 969 1235 1266 1282 1346 1374 1390 1410 1428 1530 1560 1593 1622 1656 1722 1735 1744 1761 1883 1994 
55 3 101 129 158 194 268 330 366 391 402 423 441 533 541 612 639 660 682 693 736 747 756 765 767 800 901 955 1118 1286 1340 1349 1397 1445 1470 1486 1502 1506 1524 1526 1536 1565 1570 1594 1692 1696 1723 1765 1813 1824 1890 1919 1935 1951 1952 1953 
45 68 103 205 207 436 443 462 533 617 633 653 687 691 709 720 767 947 980 1079 1112 1149 1162 1165 1167 1234 1250 1273 1292 1335 1341 1352 1365 1381 1415 1435 1522 1523 1546 1627 1661 1722 1823 1897 1910 1933 
42 11 119 163 164 248 259 275 284 314 375 396 492 539 658 712 787 836 902 946 970 990 1003 1026 1047 1054 1117 1147 1168 1197 1264 1275 1316 1330 1335 1401 1472 1508 1544 1612 1677 1735 1883 
34 126 175 222 224 240 249 324 390 400 415 689 736 842 860 866 870 874 924 1068 1168 1182 1184 1207 1219 1367 1390 1632 1645 1661 1703 1783 1839 1933 1948 
36 28 268 306 386 389 421 423 468 566 592 636 790 844 975 1020 1034 1062 1083 1088 1099 1164 1256 1275 1283 1443 1478 1482 1492 1547 1581 1707 1720 1887 1899 1965 1986 
48 34 50 167 248 315 357 403 423 444 448 467 488 514 537 564 600 602 649 651 686 719 803 943 968 978 1020 1027 1029 1084 1125 1132 1263 1327 1412 1434 1516 1520 1521 1541 1548 1651 1682 1714 1740 1784 1823 1864 1952 
37 109 141 165 208 245 280 392 422 558 568 616 630 706 956 996 1104 1144 1165 1208 1253 1271 1363 1388 1457 1463 1482 1489 1572 1595 1674 1680 1733 1770 1828 1835 1932 1991 
39 10 155 184 195 218 232 399 402 477 555 599 649 665 696 738 756 818 824 878 982 1086 1202 1235 1245 1273 1298 1303 1370 1430 1479 1510 1528 1535 1540 1626 1885 1915 1921 1939 
39 12 37 98 193 199 418 504 523 545 567 589 752 814 870 945 946 1010 1056 1067 1075 1093 1099 1202 1235 1243 1308 1346 1356 1365 1384 1417 1612 1625 1662 1671 1876 1883 1913 1947 
54 18 32 74 96 97 130 133 151 197 247 268 320 322 358 398 413 435 544 680 681 771 781 823 845 861 864 955 1143 1163 1198 1201 1205 1236 1238 1255 1263 1338 1355 1398 1451 1466 1481 1500 1507 1511 1556 1597 1800 1829 1865 1884 1925 1980 1998 
41 33 158 203 443 463 475 488 506 613 760 864 896 1022 1023 1028 1050 1064 1134 1147 1175 1181 1197 1262 1282 1304 1313 1348 1403 1417 1422 1493 1503 1546 1573 1594 1609 1690 1763 1797 1825 1936 
49 37 79 141 144 149 162 192 307 309 327 487 514 578 583 598 628 653 655 703 738 804 827 828 851 916 935 966 1180 1193 1197 1219 1224 1262 1345 1364 1401 1441 1460 1535 1608 1628 1630 1672 1700 1788 1801 1816 1912 1946 
43 31 92 117 140 155 435 469 524 574 606 657 667 679 717 720 728 759 847 946 954 975 1082 1091 1104 1118 1145 1168 1171 1224 1279 1345 1389 1430 1519 1559 1565 1574 1607 1614 1865 1955 1978 1997 
44 9 147 160 187 209 275 305 328 416 459 471 473 479 484 507 594 599 604 659 719 908 928 929 1002 1061 1121 1170 1188 1195 1215 1227 1255 1292 1305 1368 1378 1494 1543 1569 1704 1724 1737 1803 1926 
25 97 99 209 331 394 441 449 487 496 682 757 761 1143 1195 1214 1229 1466 1569 1586 1600 1607 1637 1756 1877 1893 
50 38 74 77 118 177 183 189 332 344 354 390 397 436 444 455 456 527 556 611 619 629 631 683 700 722 726 737 752 772 779 781 1138 1179 1248 1284 1412 1431 1560 1657 1683 1703 1711 1716 1730 1752 1765 1913 1936 1937 1975 
33 39 100 210 271 313 328 417 477 486 536 579 616 630 654 1022 1075 1098 1160 1242 1319 1555 1595 1640 1667 1673 1733 1734 1740 1786 1840 1856 1983 1995 
39 48 88 101 160 255 299 311 390 409 592 611 718 759 790 887 915 927 948 1228 1239 1307 1345 1349 1467 1588 1591 1616 1651 1689 1694 1708 1746 1763 1768 1852 1856 1863 1899 1975 
35 119 126 175 210 217 354 517 598 622 691 721 788 789 799 925 1011 1027 1156 1176 1194 1203 1247 1330 1374 1426 1444 1596 1733 1770 1776 1845 1863 1940 1961 1984 
45 75 145 188 217 240 453 467 571 619 633 671 712 740 785 822 913 953 1004 1074 1115 1151 1186 1272 1311 1328 1400 1430 1500 1504 1514 1575 1593 1608 1631 1636 1642 1658 1694 1720 1753 1785 1840 1879 1883 1967 
40 8 96 107 173 220 253 321 382 393 428 464 495 536 538 571 591 807 936 1081 1115 1144 1233 1237 1306 1320 1325 1330 1393 1439 1562 1567 1570 1626 1792 1799 1823 1885 1904 1916 1953 
38 6 51 172 187 240 313 370 401 599 618 685 711 735 782 811 861 973 1073 1129 1213 1215 1274 1318 1370 1401 1409 1428 1514 1573 1638 1645 1661 1749 1788 1815 1827 1853 1939 
30 50 91 97 128 206 290 394 404 458 475 566 642 731 821 881 1117 1119 1129 1133 1154 1434 1507 1519 1678 1704 1734 1896 1961 1971 1999 
53 8 26 57 87 114 206 275 357 363 402 407 413 416 444 445 462 512 615 657 660 693 736 777 805 844 848 950 989 1033 1043 1044 1095 1115 1126 1148 1152 1250 1253 1286 1297 1309 1326 1462 1515 1522 1527 1623 1652 1808 1826 1892 1972 1987 
54 7 83 92 212 217 271 346 364 417 427 478 480 512 513 576 606 632 704 764 846 892 935 936 1018 1019 1023 1071 1090 1106 1134 1144 1149 1203 1233 1314 1359 1367 1435 1478 1545 1551 1553 1559 1691 1755 1768 1772 1804 1822 1823 1856 1867 1914 1954 
30 63 148 200 379 386 415 509 514 569 650 654 762 768 947 951 955 1043 1061 1128 1162 1195 1305 1453 1477 1537 1681 1785 1814 1832 1886 
41 20 48 69 129 220 234 241 296 306 326 378 456 474 522 535 687 736 844 846 864 873 1020 1115 1155 1159 1244 1252 1269 1295 1394 1464 1488 1622 1628 1650 1696 1824 1842 1857 1914 1919 
29 68 99 196 242 322 435 552 553 572 678 746 852 906 920 994 1035 1185 1271 1336 1362 1380 1418 1498 1560 1653 1693 1717 1772 1807 
