200 2000
300 782
337 488
700 1160
260 602
484 648
31 149
63 140
295 1290
85 645
505 1438
70 971
649 856
382 1365
115 636
917 1904
373 626
25 132
421 605
564 1415
664 1215
851 1095
508 1063
296 687
267 1201
119 675
908 1799
67 73
732 1048
733 1163
754 1210
308 847
362 823
282 1195
869 1810
458 822
308 1001
67 415
709 1677
269 366
716 1153
420 971
932 1531
225 1040
685 1354
784 1185
153 270
641 1473
122 768
524 1264
425 1278
606 1044
470 593
24 310
863 1513
44 882
427 1259
460 1120
971 1684
174 959
263 946
829 1032
292 1274
679 1570
574 1357
262 742
818 1811
217 742
487 1373
276 372
905 1139
982 1215
262 834
492 677
847 964
882 1296
364 1286
162 488
804 1156
706 1573
82 511
699 790
133 652
108 968
744 1586
382 478
964 1127
371 1259
308 1145
854 1295
382 927
671 733
524 827
681 1293
472 1083
624 893
686 1636
435 531
610 1303
877 1483
263 427
675 999
808 1749
348 1243
467 654
468 902
626 829
498 1324
83 907
82 681
993 1586
497 1337
298 359
143 755
204 630
122 1006
334 1119
418 586
238 1171
156 245
660 1272
557 623
737 875
489 495
278 1239
5 141
835 1149
54 866
428 509
55 357
845 1438
592 1435
125 858
806 1761
231 1073
966 1014
229 740
627 1322
255 625
795 1628
138 270
746 1349
460 506
643 731
707 1220
376 919
715 811
358 534
603 1099
778 1453
439 1263
118 163
668 713
672 1646
653 924
153 411
403 616
295 516
318 1085
831 881
961 1860
407 583
301 975
983 1457
98 583
168 632
632 1336
500 1484
91 440
337 653
51 870
148 896
1 749
718 1461
115 982
33 886
395 675
429 1121
413 713
292 1258
483 642
630 908
120 132
409 749
198 506
982 1084
892 1074
878 1583
782 1335
529 1338
184 1108
486 589
849 954
970 1853
933 1635
103 198
656 818
977 1507
393 1182
345 1322
333 666
781 1690
994 1643
500 1353
477 528
955 1128
536 1186
800 1565
310 922
833 1125
710 1572
147 1015
601 1119
146 223
343 1204
966 1269
910 1484
768 983
328 755
768 1093
219 1013
740 741
286 826
344 1036
154 422
312 682
130 674
703 1132
660 714
257 1014
836 865
288 1249
51 847
232 444
436 669
99 941
646 1065
352 1206
216 745
846 1168
523 1297
111 640
827 827
366 808
926 1059
598 1520
145 392
258 515
410 967
621 1453
654 1121
227 929
640 1300
269 596
163 1123
320 525
939 949
531 1131
43 459
294 887
321 668
993 1570
798 1158
138 378
209 1065
273 492
545 1178
448 1113
999 1035
100 228
878 1069
171 933
881 1224
386 1160
998 1059
210 516
24 436
691 1003
955 1571
124 344
891 1413
81 367
193 824
37 670
12 454
892 1864
164 567
252 332
970 1219
662 972
743 1659
387 1234
935 1011
342 809
327 700
979 1575
565 641
660 1640
109 598
607 844
307 1027
136 1125
774 1479
687 737
72 739
594 1266
804 1063
94 756
572 914
726 1560
355 1334
298 479
826 1295
554 664
144 776
167 1030
66 464
999 1713
167 414
319 1038
640 790
928 1444
775 1445
844 1638
856 1079
124 378
821 1535
442 650
905 1564
214 1128
626 628
887 1024
505 802
131 1085
544 958
24 834
664 904
655 1475
170 441
136 735
829 1037
935 1381
698 723
700 1267
308 378
112 615
361 581
92 722
336 1068
944 1371
217 517
685 831
325 456
174 859
190 1075
761 1606
402 1209
731 865
448 1260
962 1916
264 361
628 933
760 1737
894 1067
241 539
420 1088
638 686
528 1367
535 1153
31 766
186 1122
329 779
381 866
966 1318
558 755
359 1073
615 1010
746 1293
23 507
904 1889
652 1011
50 614
605 1378
727 1060
392 1073
581 795
266 858
889 957
226 396
82 219
428 672
230 542
343 444
46 95
210 607
338 836
569 811
501 843
390 1002
187 301
882 1486
329 774
845 1539
481 680
783 1002
404 922
527 564
946 1648
524 1175
797 1303
780 1427
950 1726
489 1359
643 1331
329 516
51 697
738 946
185 195
549 1296
783 1738
587 653
351 1135
317 704
861 1742
869 1568
580 1400
630 1288
671 896
686 920
191 850
967 999
885 1074
984 1267
331 577
372 577
704 1213
920 1157
842 1211
798 846
160 926
784 1343
524 721
442 746
450 798
798 1018
627 1349
0 86
306 454
803 1629
914 1740
51 587
549 1312
394 987
714 1500
914 1096
414 717
548 867
879 1116
70 806
427 1259
160 824
139 629
148 660
878 885
461 676
181 244
599 617
188 854
26 117
885 1508
630 1210
964 1577
467 1261
725 1511
689 1216
887 1339
778 889
665 722
768 958
32 62
115 756
449 1266
82 753
57 368
205 1084
80 585
881 1588
793 1687
516 848
267 827
305 1295
530 590
454 602
2 413
382 533
836 1383
43 617
313 1097
945 1336
188 671
897 979
221 592
516 925
917 1840
288 967
227 987
321 1293
142 967
680 1110
638 1280
214 255
297 926
166 977
207 641
855 1784
83 782
345 352
931 1580
855 1055
758 1178
698 1636
971 1246
751 899
901 1153
1000 1413
272 1136
973 1289
176 307
967 1025
797 1318
254 799
646 967
112 360
458 862
622 970
547 569
644 886
407 1271
786 1275
877 1474
578 1183
374 1119
363 450
210 233
259 508
951 1452
229 609
858 1150
31 413
338 797
761 1290
599 746
611 1145
550 1404
5 616
409 1052
268 488
684 1596
373 1149
176 836
888 1545
533 992
978 1851
370 1366
714 1320
24 151
233 679
865 1268
832 1268
902 1459
926 1073
685 715
413 456
622 1245
515 1251
872 1293
323 386
213 534
608 1206
893 1293
288 1165
677 707
623 1162
32 940
907 1141
36 348
83 757
773 1044
106 483
823 1645
216 671
881 1540
468 855
907 1307
182 862
159 587
825 1760
871 1681
71 181
273 313
711 1020
428 1322
114 942
738 1118
265 521
183 703
289 985
136 1056
659 1288
709 1022
775 1583
939 991
297 556
527 829
819 1582
99 834
977 1493
868 1727
285 826
407 608
137 365
593 1286
723 839
244 266
712 1528
468 905
450 606
671 721
59 1028
202 808
958 1484
449 1319
181 1074
804 1090
756 1410
336 962
756 857
42 1021
731 1497
563 1022
672 1492
279 803
3 94
628 1135
94 382
864 1805
624 770
359 384
306 590
62 427
377 714
917 1229
474 1137
701 945
125 997
143 329
916 1913
375 1333
414 1085
238 284
897 1155
541 724
863 980
926 1483
731 1344
92 202
588 753
845 1668
762 1629
91 184
199 1156
155 514
451 1396
53 1049
953 1262
184 243
410 1069
8 545
582 1509
640 1000
946 1180
18 97
116 752
407 900
644 916
893 1104
513 1047
395 1353
25 514
70 635
527 1160
800 1535
324 594
142 649
248 852
395 594
434 780
51 381
116 759
905 1182
418 757
827 1339
989 1563
221 955
336 801
433 1015
835 1338
511 1150
223 528
125 635
172 858
555 940
976 1333
403 506
325 711
936 1128
442 1238
893 1411
258 1235
803 1172
314 509
621 674
344 512
507 1262
844 1023
310 757
64 431
55 343
77 626
803 1598
961 1180
464 707
539 1149
349 426
870 1002
950 1604
267 1115
279 588
684 735
281 470
521 786
737 1170
249 361
107 772
844 1187
663 786
637 1175
920 1704
993 1598
686 777
166 848
485 1272
441 714
346 744
77 587
897 1646
800 1371
629 1271
232 1057
590 1002
177 851
302 1004
976 1457
428 759
769 1426
287 820
199 989
444 1001
133 639
710 1230
948 1663
895 913
197 683
20 313
914 1604
550 1096
723 781
261 1078
490 1024
123 858
612 999
611 1504
916 988
282 1131
158 905
131 983
360 1312
713 1524
391 786
967 1363
392 990
691 963
796 843
407 749
884 1190
612 915
908 1717
706 1447
284 761
99 587
158 309
599 1322
495 720
194 986
302 1243
830 884
283 347
189 694
759 1252
850 1482
613 1542
241 673
759 1510
670 950
696 1174
396 614
853 1306
723 1323
928 1456
793 1563
922 1609
727 1560
704 1082
119 424
40 142
588 1395
883 1801
818 1746
954 1928
823 1796
651 1404
82 364
685 1242
14 769
594 1333
807 1408
711 1459
111 974
23 858
594 1405
443 663
199 926
474 855
571 1523
719 1422
571 640
490 783
136 645
33 859
486 992
12 492
201 301
293 527
779 789
155 387
453 942
790 1002
450 977
826 1305
380 1060
786 1295
760 1518
579 969
328 1289
768 1395
486 641
74 346
929 958
239 1108
22 201
669 1569
855 1737
916 1813
261 1189
795 796
66 584
650 689
871 1129
776 1301
75 376
193 829
190 935
517 980
4 540
772 1328
876 1067
834 1017
586 1092
986 1545
55 683
216 543
68 781
700 1149
374 1061
750 1026
551 805
430 691
330 1282
832 991
867 1153
316 1170
467 969
440 986
685 833
543 659
585 1230
590 1093
385 1239
432 1068
690 1185
394 1301
11 204
137 857
723 1716
35 88
283 595
518 1174
495 1090
137 403
247 1188
372 393
497 598
401 819
913 1285
621 1509
285 828
810 1691
891 1528
737 913
219 1170
739 1562
294 464
466 685
227 652
684 1133
179 270
24 163
992 1011
838 1576
240 518
566 1497
836 1284
226 389
470 831
862 1336
615 649
885 1147
315 535
456 1155
193 921
383 925
538 1420
289 1160
265 1032
685 924
55 177
471 863
382 774
257 1045
543 1315
484 827
26 598
585 700
450 699
447 1371
281 877
277 812
855 1240
507 937
292 477
909 1328
210 1178
705 1272
718 1471
28 722
342 667
509 570
336 506
667 987
585 1021
83 154
388 565
933 1722
233 684
611 1192
711 1570
629 1437
333 515
560 780
458 835
492 1417
729 972
787 1337
27 560
327 811
806 1725
785 1775
399 771
723 1375
366 878
305 680
219 730
513 634
822 860
795 884
43 653
748 1367
497 537
976 1782
2 835
302 643
300 381
875 1111
79 340
487 719
815 1327
108 457
202 1135
156 284
831 1726
564 1158
718 1338
210 1079
873 1611
759 1484
488 744
859 1789
178 1129
799 1472
779 1091
824 1044
447 853
590 1148
841 987
328 903
363 384
730 1437
374 1123
456 1004
511 675
672 841
215 282
81 806
743 1190
912 1569
864 1624
774 1561
333 1018
919 947
488 1368
547 1343
437 1396
183 1047
344 739
818 1278
376 688
114 225
346 484
426 1012
658 1473
233 992
862 1749
565 1006
470 1378
982 1523
178 457
265 455
149 653
225 723
976 1372
594 1477
774 1740
123 262
160 1056
683 1513
93 941
546 567
191 799
915 1163
123 603
398 672
686 1084
18 55
526 1450
770 1437
753 1566
340 626
239 567
81 442
799 1184
995 1677
483 746
309 944
19 691
411 1089
278 864
955 1661
196 232
948 1846
570 969
181 859
481 1174
174 985
106 1061
410 876
68 922
61 307
483 1341
727 888
683 1209
223 986
774 1308
582 976
66 519
353 637
674 1364
807 1386
43 260
280 830
225 1126
629 1352
237 534
639 726
521 1389
249 1103
126 535
351 1170
531 846
61 553
511 1174
345 880
994 1739
718 1318
256 1177
301 624
851 1527
230 281
39 184
265 1019
926 991
672 1201
522 1310
632 1423
681 816
125 1125
928 1879
980 1485
90 1008
515 1350
347 635
190 1141
923 1106
235 746
497 544
536 816
779 1180
485 700
204 837
531 789
520 903
137 605
116 536
815 1070
407 699
366 1217
16 1013
754 1540
593 1501
825 1094
720 1402
822 1006
301 320
984 1150
295 329
404 827
181 994
94 831
701 1262
822 1208
771 1533
410 596
25 779
857 1042
399 907
39 949
177 682
8 310
730 1389
698 1406
334 1095
377 1207
790 981
114 893
717 1300
621 1010
330 613
272 376
215 717
840 959
806 1602
104 593
602 1147
257 439
606 1579
655 1016
283 620
25 658
615 865
290 1248
234 789
606 1148
816 1402
375 794
308 535
847 974
915 1102
224 371
711 1161
114 396
595 892
600 770
901 1215
594 1300
238 682
855 1309
541 661
7 306
632 1030
834 1626
866 977
804 1118
691 1470
992 1951
150 318
180 433
20 775
937 1670
684 1085
209 966
335 795
896 1608
422 458
457 1236
779 1418
54 954
896 1718
292 605
107 221
255 914
266 350
864 1327
406 606
264 529
754 1585
125 980
445 687
966 1794
955 1366
688 751
223 846
773 1674
886 1077
664 904
209 567
757 777
15 853
340 1324
128 407
284 922
16 416
649 1641
705 1412
819 1209
165 262
301 388
748 1239
742 1237
618 1563
776 1325
932 1543
864 1735
538 836
425 1121
147 367
718 1481
1 150
220 408
672 1566
556 789
144 475
773 1176
977 1071
994 1284
939 1848
519 807
260 644
262 1225
712 1020
680 1301
928 1921
235 882
682 1620
440 1268
173 1038
489 620
820 1029
988 1760
739 1683
123 727
744 824
153 737
616 1219
378 593
726 1076
651 1506
364 512
764 1567
70 742
766 1069
362 431
891 1785
812 1416
334 1073
464 924
310 1081
958 1509
598 1550
579 1250
885 1414
665 1603
364 1104
382 794
681 1074
200 795
840 1560
713 1296
484 1413
960 1451
946 1163
829 1293
946 1410
664 1108
887 1817
615 662
365 785
95 227
30 93
726 1675
874 1830
702 1550
973 1434
682 1168
911 1820
634 949
142 738
619 1277
449 829
844 1788
523 876
429 1055
162 301
927 1328
126 846
500 1315
307 1277
221 1167
539 1394
686 1370
884 997
113 365
995 1453
259 619
475 502
723 861
886 1569
579 1278
565 716
197 534
857 1201
538 1344
782 794
408 582
561 1115
563 1055
360 1144
439 1426
443 520
519 1022
504 679
218 721
569 732
99 432
922 1834
738 1082
367 1009
906 975
964 1559
510 720
23 791
934 1015
919 1352
387 1017
416 846
93 382
86 672
694 863
975 1685
782 1766
538 752
169 231
682 1243
228 807
888 1008
693 1015
542 724
555 961
181 906
428 1284
173 177
819 1665
371 1190
339 1317
216 1120
616 1324
821 1789
36 287
115 329
786 1213
35 71
255 935
209 607
396 647
311 1299
475 956
968 1146
408 1159
208 651
600 1337
339 989
594 1351
964 1570
503 1250
701 1606
266 1065
583 1579
980 1642
313 1292
923 1471
335 477
42 851
532 652
548 1153
764 947
353 973
131 574
11 386
450 1006
802 1729
527 1189
225 797
790 1412
427 1328
627 1268
444 1071
437 622
569 1078
566 1129
666 1168
471 1020
301 640
883 1763
355 554
432 1355
959 971
361 1267
768 966
301 879
304 1026
558 630
751 1593
846 1284
636 857
253 585
317 405
303 624
535 1081
12 516
20 994
874 1448
393 1217
114 150
61 1009
187 1143
157 293
508 1402
874 1802
329 1279
609 1042
256 535
495 507
449 569
216 767
214 362
17 705
920 1230
188 1170
95 631
341 608
276 657
581 1558
889 1357
198 1102
868 1247
229 712
555 698
321 1159
971 1820
980 1584
839 1179
165 389
476 1103
894 1033
65 375
508 1496
844 1287
153 1113
974 1153
252 682
214 886
531 1511
246 765
622 1604
188 1181
888 1635
832 1011
568 1243
100 837
247 557
955 1065
205 1188
570 1295
653 1286
896 1698
63 447
319 1181
572 701
254 995
186 556
618 1560
715 1302
309 1043
813 1294
519 931
955 1909
23 994
32 661
51 375
447 1031
522 1209
510 653
934 1307
274 891
757 1735
534 1110
131 473
56 505
137 475
317 611
54 608
507 943
380 912
713 983
157 385
552 1539
444 623
716 1649
795 1135
204 943
123 336
595 920
552 639
749 1261
644 1415
467 807
195 975
681 1634
867 1361
759 1305
830 1042
594 732
66 786
335 1143
98 161
671 876
981 1436
605 753
983 1218
183 916
143 408
39 667
999 1211
938 1913
324 1275
832 1423
285 425
30 139
550 983
915 1127
830 1781
108 897
798 1790
867 1455
287 666
469 823
147 187
596 1260
910 1149
806 1647
220 336
446 1339
171 897
343 954
901 1892
36 152
487 1440
307 1023
723 1145
467 716
431 830
682 1539
242 814
176 247
32 691
626 834
233 992
401 552
291 989
348 542
59 937
961 1770
168 228
363 489
691 776
791 1469
934 1526
220 706
553 762
177 1139
355 511
570 1306
105 386
264 583
671 1007
747 1713
332 804
512 1484
885 1596
742 924
785 1219
438 486
774 1015
593 612
131 484
116 808
200 1178
290 856
611 1091
587 1505
105 1059
897 1211
376 894
381 579
207 1133
599 677
51 819
218 793
974 1086
391 1175
734 1178
827 1208
383 1000
394 1140
468 941
473 565
872 1322
952 1882
907 1244
350 906
515 1157
448 715
638 1204
981 1520
131 946
566 599
144 641
502 751
924 1475
648 1596
583 1522
543 1301
235 858
301 1103
63 239
335 938
567 803
772 1669
504 754
415 877
529 916
218 253
996 1894
140 266
686 1324
383 763
688 1489
909 1106
195 618
223 910
888 1307
505 1214
789 986
977 1211
79 501
196 1188
613 1411
751 1553
315 640
92 487
961 1001
502 606
23 423
37 80
783 902
733 1405
798 1785
222 472
787 796
449 874
714 1644
889 1702
51 231
951 1602
88 558
881 1169
602 1260
94 672
583 1194
833 1170
32 996
733 1107
302 1184
433 1401
853 1449
550 1381
999 1484
260 931
638 1328
245 1055
462 1011
358 581
505 988
566 1334
374 804
944 1548
63 442
78 801
563 1481
483 1459
119 761
212 800
126 488
927 1582
253 739
920 1362
180 325
819 872
799 1402
668 1088
40 865
714 1682
220 449
780 1126
923 1877
539 1048
11 610
367 634
19 552
445 1075
103 173
125 791
586 1441
896 1726
996 1476
673 777
255 266
811 1052
146 709
129 368
565 1023
230 293
258 1039
459 461
131 525
528 1415
146 873
509 622
854 1574
30 572
214 344
415 904
447 1051
49 462
410 1280
733 1251
724 1322
114 792
99 314
791 943
63 1002
0 270
119 958
690 767
413 1366
478 912
445 1444
23 128
618 1179
806 1196
292 305
504 1187
523 831
864 1122
84 597
299 754
162 790
326 1176
363 930
141 1057
640 993
171 499
594 1026
225 877
821 1374
444 453
338 946
89 817
391 1245
123 899
637 1527
532 633
47 407
403 1002
250 281
176 1165
147 513
95 372
374 864
465 504
153 711
118 663
680 1127
748 1289
226 425
946 1108
948 1419
390 659
337 1000
227 1196
217 1027
312 589
520 903
66 750
965 1078
877 1809
737 892
637 1013
272 1118
788 1671
916 1149
809 1372
880 1165
332 1025
388 583
803 1546
728 1725
112 295
664 714
540 621
196 323
142 561
298 1103
822 1805
498 1425
201 535
793 1313
599 805
95 709
572 934
495 917
512 738
30 71
763 802
46 80
613 684
543 738
936 976
139 784
341 539
209 1057
627 1191
232 819
537 708
764 820
236 984
944 993
330 1052
776 1210
610 885
85 785
942 1050
236 244
519 967
421 944
783 807
1000 1224
163 1058
170 891
96 982
409 1272
558 878
623 1246
50 1024
204 921
267 1109
24 944
919 1709
130 605
196 311
78 623
681 1242
503 802
312 1195
174 757
58 267
181 746
844 1555
314 737
579 1438
582 788
137 966
717 769
954 1078
934 1850
511 1018
258 409
246 522
41 142
853 1778
468 1269
21 822
972 1559
542 646
546 1232
781 1664
280 1168
216 725
81 478
261 640
582 594
39 664
503 1218
316 894
152 915
940 1498
274 1236
813 1298
66 403
962 1256
946 1370
509 749
590 978
909 1508
603 1031
582 800
715 1253
835 1600
633 1469
294 710
101 577
838 1140
521 1391
311 860
609 1235
854 1245
855 1737
311 362
667 758
807 1671
32 424
1000 1879
521 980
35 104 126 183 277 358 375 480 500 511 553 640 645 817 819 847 924 1048 1146 1193 1231 1304 1315 1339 1355 1373 1399 1494 1548 1605 1675 1717 1733 1787 1801 1809 
49 3 4 98 153 188 215 223 265 273 325 328 376 416 465 541 572 594 634 705 736 749 752 756 800 815 832 926 996 1005 1053 1076 1103 1175 1179 1193 1207 1235 1395 1499 1505 1561 1564 1610 1654 1667 1692 1807 1825 1914 
37 2 137 185 187 222 408 411 472 553 690 717 757 762 766 786 787 866 891 894 958 1051 1057 1075 1260 1386 1541 1561 1690 1734 1771 1784 1815 1827 1840 1900 1903 1917 
49 4 74 104 138 212 234 272 348 362 452 462 463 747 810 913 935 970 1019 1048 1113 1135 1143 1161 1180 1289 1307 1334 1361 1385 1432 1456 1479 1495 1549 1586 1598 1649 1715 1716 1783 1801 1823 1839 1883 1930 1938 1959 1970 1976 
46 74 96 161 217 239 247 293 364 392 502 538 612 717 739 779 797 827 848 885 895 907 1054 1163 1194 1214 1230 1238 1285 1286 1291 1313 1324 1347 1453 1669 1717 1734 1763 1771 1790 1793 1794 1817 1849 1875 1928 
40 13 15 17 26 34 96 147 307 317 452 534 550 597 630 736 842 952 987 1086 1152 1164 1370 1378 1410 1420 1431 1437 1459 1467 1517 1608 1616 1722 1749 1752 1847 1886 1902 1927 1935 
38 29 73 88 160 279 342 445 447 588 601 663 711 743 827 842 846 871 884 913 917 962 997 1041 1072 1123 1169 1199 1259 1281 1361 1390 1589 1612 1637 1772 1790 1826 1855 
39 75 141 152 169 221 296 406 425 436 460 553 583 649 685 725 822 883 912 947 973 995 1027 1100 1131 1135 1153 1271 1291 1296 1326 1327 1436 1458 1468 1653 1659 1677 1914 1973 
39 41 81 113 132 184 195 268 322 327 371 406 438 458 474 487 505 585 615 717 722 757 792 801 1042 1116 1187 1230 1257 1288 1307 1315 1334 1432 1442 1521 1620 1805 1893 1964 
32 27 52 168 211 421 455 475 491 517 521 567 631 669 688 710 735 779 838 976 1138 1156 1158 1256 1337 1433 1451 1586 1783 1801 1832 1874 1944 
40 115 126 297 372 434 435 472 535 578 593 596 617 660 671 717 801 845 851 884 904 907 909 964 993 1149 1193 1209 1301 1303 1366 1384 1467 1470 1520 1537 1551 1601 1662 1806 1896 
34 117 123 165 265 270 276 347 372 373 377 403 493 624 635 646 649 659 770 843 862 1041 1200 1217 1218 1239 1290 1304 1364 1629 1636 1691 1803 1818 1934 
45 55 56 63 103 132 165 237 239 291 312 412 459 512 551 557 560 617 688 731 735 861 903 1019 1086 1087 1132 1164 1166 1214 1280 1331 1356 1477 1480 1517 1736 1755 1762 1766 1775 1792 1809 1811 1823 1884 
43 5 127 389 437 440 472 603 622 633 636 658 676 680 726 759 780 804 845 865 866 1030 1062 1092 1107 1129 1240 1362 1389 1392 1422 1464 1519 1561 1562 1591 1654 1788 1789 1791 1794 1916 1920 1979 
48 9 19 26 32 61 63 110 250 356 458 535 548 577 684 833 840 876 924 975 1021 1038 1139 1150 1155 1160 1177 1181 1253 1264 1299 1370 1391 1494 1554 1586 1596 1611 1613 1631 1640 1648 1702 1907 1934 1951 1960 1964 1977 
34 26 31 37 60 67 69 90 205 323 401 571 651 719 781 924 1041 1096 1133 1306 1355 1361 1407 1411 1510 1511 1631 1639 1693 1716 1736 1940 1967 1974 1984 
36 62 259 313 323 356 426 438 461 537 595 678 690 800 836 1022 1082 1184 1190 1213 1243 1246 1253 1260 1308 1329 1400 1431 1451 1469 1512 1535 1734 1787 1804 1847 1892 
48 31 50 61 73 195 362 383 398 409 436 480 498 533 544 551 560 568 580 594 595 629 630 631 677 759 882 950 994 999 1042 1125 1146 1165 1179 1333 1362 1404 1478 1521 1547 1613 1654 1715 1721 1723 1810 1961 1992 
40 11 58 117 163 234 264 270 289 343 349 370 462 466 486 575 613 661 664 725 784 800 826 937 957 1119 1233 1304 1328 1392 1445 1569 1589 1606 1617 1749 1801 1864 1955 1974 1985 
38 5 22 80 93 149 316 331 450 453 463 623 689 735 744 780 805 818 819 829 830 857 890 907 1031 1304 1312 1363 1491 1498 1659 1714 1738 1806 1896 1915 1920 1922 1939 
37 15 116 241 242 379 391 392 420 536 561 593 604 649 705 727 974 1102 1152 1178 1218 1221 1300 1379 1393 1395 1423 1466 1503 1560 1588 1601 1638 1738 1799 1851 1883 1949 
24 33 130 151 243 356 524 583 778 803 830 883 1032 1327 1343 1388 1462 1481 1571 1591 1602 1676 1850 1868 1946 
21 64 243 279 294 310 353 355 389 534 575 685 729 763 811 936 1041 1142 1519 1646 1656 1949 
40 27 47 124 189 206 239 264 298 300 374 482 490 513 547 597 628 670 692 741 805 813 875 901 919 931 935 1072 1116 1122 1438 1590 1596 1651 1758 1810 1811 1839 1936 1946 1959 
47 23 65 94 97 113 143 161 282 359 413 444 540 544 555 571 577 597 706 707 738 742 756 800 935 1012 1039 1064 1129 1153 1182 1232 1367 1389 1399 1415 1416 1463 1485 1503 1548 1550 1571 1647 1697 1738 1796 1903 
42 1 45 90 138 190 191 197 208 210 219 256 401 405 518 572 656 667 710 799 890 926 943 1041 1074 1088 1163 1173 1271 1309 1364 1504 1514 1563 1610 1651 1712 1719 1844 1845 1943 1968 1970 
39 3 169 265 287 293 344 363 376 576 595 650 711 727 849 912 920 939 969 1104 1206 1254 1346 1349 1351 1415 1521 1536 1610 1624 1728 1755 1778 1803 1824 1832 1865 1917 1964 1986 
45 3 22 139 244 354 393 395 403 416 452 500 569 584 625 708 755 886 907 946 1013 1020 1090 1105 1163 1170 1176 1193 1220 1229 1251 1280 1339 1340 1439 1591 1642 1680 1751 1787 1876 1881 1913 1923 1940 1961 
49 34 53 77 109 111 180 241 258 267 314 335 484 510 511 520 653 808 872 948 1023 1026 1027 1058 1132 1150 1194 1213 1220 1296 1305 1320 1372 1376 1431 1500 1501 1519 1524 1563 1577 1678 1679 1842 1844 1846 1922 1938 1943 1960 
36 1 2 19 40 112 134 189 206 326 357 408 424 472 504 612 780 818 841 925 1051 1101 1136 1245 1276 1377 1487 1538 1569 1597 1778 1795 1813 1826 1912 1944 1969 
39 28 30 226 239 273 466 471 474 523 596 796 827 833 843 879 888 1126 1127 1161 1234 1265 1297 1337 1367 1389 1481 1536 1587 1603 1662 1682 1758 1794 1821 1824 1913 1937 1970 1990 
38 96 115 245 433 523 579 593 636 680 705 720 753 809 819 846 865 875 886 968 979 1088 1112 1238 1256 1376 1433 1434 1481 1624 1658 1674 1705 1720 1798 1833 1886 1984 1987 
44 72 207 210 211 345 362 425 497 526 569 602 618 659 736 740 837 868 899 904 929 939 1019 1036 1084 1178 1210 1216 1228 1350 1387 1389 1432 1454 1484 1528 1599 1696 1699 1714 1864 1904 1935 1960 1966 
41 147 289 341 356 374 548 549 613 630 668 677 756 821 995 1015 1045 1067 1114 1116 1129 1211 1213 1318 1346 1388 1453 1516 1609 1620 1629 1647 1655 1727 1752 1824 1829 1845 1901 1946 1960 1994 
42 76 127 172 338 410 455 489 500 587 611 637 646 788 802 868 903 910 1012 1072 1092 1098 1526 1540 1555 1571 1614 1631 1679 1699 1710 1763 1808 1823 1838 1840 1842 1844 1866 1896 1900 1947 1989 
40 4 12 27 142 230 243 269 324 390 415 424 466 543 549 628 660 698 774 853 952 998 1004 1007 1047 1100 1178 1230 1276 1332 1416 1427 1428 1434 1597 1675 1735 1737 1769 1869 1990 
44 5 67 86 105 143 212 246 250 264 322 389 411 439 465 515 558 566 609 678 760 768 789 818 908 1008 1019 1120 1133 1151 1184 1229 1253 1310 1602 1718 1750 1773 1790 1791 1802 1837 1840 1965 1988 
40 76 125 146 187 213 218 261 322 556 622 650 652 756 760 774 831 844 847 893 981 1040 1137 1163 1305 1354 1462 1466 1473 1525 1532 1563 1611 1622 1650 1659 1739 1812 1888 1945 1962 
28 33 60 146 160 166 184 240 371 592 594 617 650 709 825 901 1006 1020 1243 1418 1445 1449 1498 1538 1603 1775 1815 1819 1840 
33 28 51 71 80 144 193 205 212 326 422 476 515 520 578 651 739 817 923 1002 1046 1062 1127 1169 1280 1515 1537 1546 1613 1738 1743 1768 1863 1945 
27 30 106 305 315 318 321 331 392 629 676 723 758 795 961 1115 1267 1293 1469 1492 1499 1500 1509 1580 1786 1866 1941 1970 
35 1 139 186 236 308 375 415 442 452 511 633 690 1015 1017 1021 1022 1034 1043 1077 1103 1290 1390 1393 1409 1526 1610 1616 1619 1633 1634 1733 1779 1844 1892 1924 
51 69 103 111 116 139 161 201 232 247 311 404 531 542 566 604 618 692 759 767 793 806 819 828 872 911 917 961 968 970 994 1006 1057 1171 1237 1238 1289 1357 1433 1438 1483 1521 1716 1759 1765 1766 1775 1809 1814 1848 1859 1947 
44 21 33 119 189 225 294 520 552 586 589 598 599 601 650 660 683 698 725 745 751 832 948 994 1098 1181 1261 1274 1313 1326 1327 1402 1549 1552 1577 1588 1614 1643 1688 1698 1702 1827 1872 1895 1912 
39 53 70 78 125 127 171 203 244 245 264 307 308 324 507 535 647 749 763 776 780 815 820 888 905 1103 1167 1195 1202 1247 1253 1354 1456 1493 1504 1732 1764 1791 1837 1934 
30 207 264 310 407 516 528 538 603 743 834 892 908 944 995 1028 1032 1070 1084 1099 1124 1225 1236 1237 1255 1289 1586 1592 1880 1934 1995 
53 11 14 78 142 218 395 435 458 486 511 536 548 596 651 657 679 773 817 835 882 923 925 984 1061 1069 1094 1162 1193 1227 1231 1278 1312 1358 1363 1417 1440 1518 1566 1600 1602 1609 1617 1627 1639 1673 1675 1757 1760 1777 1813 1840 1976 1985 
38 17 110 208 363 392 497 551 592 615 744 845 902 905 937 943 946 1097 1100 1155 1169 1194 1214 1251 1293 1465 1476 1529 1617 1680 1697 1733 1754 1757 1767 1768 1836 1923 1950 
47 16 113 150 166 178 243 277 289 345 371 374 476 494 498 525 600 629 634 655 667 678 703 724 762 784 822 826 838 902 1000 1002 1041 1163 1175 1196 1214 1408 1501 1530 1715 1750 1770 1781 1851 1884 1932 1936 
36 195 418 437 483 486 526 549 573 604 661 723 765 825 845 910 1027 1098 1101 1154 1303 1506 1588 1600 1619 1627 1678 1691 1692 1716 1745 1788 1848 1870 1899 1969 1972 
33 5 62 118 138 166 298 418 437 456 563 613 614 656 663 665 783 785 915 922 947 1145 1250 1261 1382 1383 1542 1596 1604 1703 1850 1865 1935 1961 
42 41 184 205 235 242 278 286 292 333 361 400 426 454 472 475 477 497 534 627 824 867 905 935 942 948 965 981 1090 1130 1179 1289 1306 1393 1436 1440 1510 1527 1608 1714 1747 1878 1984 
48 1 16 132 137 193 219 234 276 291 308 459 495 529 534 588 652 653 661 664 745 780 785 820 853 874 913 941 960 999 1042 1089 1167 1264 1296 1388 1471 1473 1527 1540 1684 1695 1765 1817 1826 1841 1869 1968 1984 
33 38 112 135 238 245 283 306 347 371 384 399 454 467 512 620 751 759 773 1085 1097 1101 1303 1435 1508 1543 1579 1673 1680 1704 1726 1907 1943 1961 
42 18 138 148 161 172 196 198 205 264 321 359 397 437 439 442 482 649 764 791 888 902 946 1110 1157 1196 1235 1241 1260 1266 1300 1380 1490 1496 1642 1660 1705 1729 1744 1799 1829 1871 1915 
29 38 82 160 161 171 235 266 273 306 346 353 354 383 449 465 498 581 710 735 783 812 1122 1197 1233 1568 1686 1823 1863 1977 
37 67 102 233 255 293 495 498 513 631 638 680 814 821 848 859 871 928 947 1024 1035 1055 1084 1130 1137 1185 1219 1302 1328 1338 1352 1418 1559 1618 1650 1834 1936 1989 
31 105 197 198 284 356 373 384 420 440 594 639 721 772 858 918 1006 1029 1069 1077 1147 1162 1177 1429 1480 1537 1539 1553 1628 1681 1735 1887 
44 4 7 19 170 173 197 269 380 435 540 557 560 609 632 635 748 906 917 940 1029 1037 1056 1061 1164 1177 1193 1194 1288 1303 1305 1366 1409 1435 1487 1498 1559 1567 1692 1694 1727 1821 1841 1877 1991 
35 0 67 128 213 329 461 513 548 550 552 650 764 771 783 804 826 855 883 931 935 938 946 957 1029 1121 1123 1274 1312 1320 1555 1568 1652 1737 1777 1923 
38 8 13 18 149 205 228 327 438 452 472 487 633 649 723 737 757 779 788 807 832 835 856 894 938 969 1030 1047 1063 1484 1523 1643 1736 1742 1834 1898 1908 1920 1941 
46 14 68 97 194 246 265 289 317 366 452 514 521 562 584 654 750 817 830 867 882 891 901 938 1094 1267 1272 1316 1328 1454 1487 1551 1562 1585 1615 1639 1648 1649 1783 1785 1836 1841 1867 1872 1907 1933 1997 
40 49 73 94 122 139 166 178 380 415 533 576 580 607 673 760 834 843 882 896 903 905 935 938 939 1042 1103 1226 1232 1236 1263 1451 1452 1468 1687 1721 1774 1805 1869 1931 1947 
40 36 153 189 209 215 238 257 308 319 534 619 645 818 843 849 889 929 973 1045 1099 1172 1236 1303 1387 1458 1490 1530 1546 1550 1619 1641 1707 1767 1810 1817 1908 1909 1913 1951 1959 
38 7 48 58 138 188 235 237 396 454 455 488 490 536 657 663 721 761 766 781 799 808 885 1049 1052 1183 1251 1262 1394 1412 1451 1475 1625 1629 1693 1772 1795 1845 1935 
34 29 58 108 119 135 181 279 419 435 629 683 906 934 953 1069 1085 1097 1167 1187 1197 1213 1328 1365 1410 1483 1502 1533 1553 1564 1608 1640 1663 1807 1839 
45 18 109 133 159 170 216 221 242 269 277 420 456 464 465 546 612 781 782 901 926 948 998 1001 1014 1021 1133 1252 1311 1364 1391 1513 1530 1588 1617 1645 1656 1691 1748 1830 1858 1860 1889 1929 1950 1982 
35 11 98 115 316 343 371 391 420 528 566 658 747 787 818 851 1052 1234 1264 1329 1347 1352 1361 1430 1483 1612 1701 1762 1829 1877 1878 1906 1945 1963 1964 1988 
35 32 100 101 274 314 367 392 393 394 455 505 553 557 568 576 678 703 761 844 914 1098 1117 1191 1242 1345 1409 1424 1518 1628 1646 1666 1673 1901 1905 1962 
45 49 208 236 271 294 351 370 390 406 518 530 585 596 616 675 715 748 790 914 953 1019 1044 1062 1105 1187 1227 1258 1341 1421 1448 1549 1590 1595 1650 1677 1743 1747 1780 1889 1940 1941 1969 1971 1981 1991 
43 7 51 59 128 261 309 360 378 413 530 620 724 742 785 834 871 993 1024 1025 1058 1071 1098 1116 1135 1156 1157 1198 1251 1361 1372 1485 1525 1539 1586 1703 1846 1879 1882 1920 1960 1967 1969 1976 
39 21 86 96 101 211 238 265 328 348 361 422 474 490 593 628 658 681 686 735 785 788 802 829 842 846 925 954 961 972 1106 1242 1257 1276 1306 1308 1435 1880 1915 1991 
37 237 252 278 353 365 381 432 479 539 550 575 582 672 717 734 770 844 853 889 1151 1165 1217 1227 1233 1257 1275 1344 1350 1383 1478 1525 1618 1623 1769 1916 1980 1996 
41 10 12 17 85 167 179 269 366 372 412 478 492 518 543 574 600 638 708 770 822 923 1033 1063 1065 1168 1232 1274 1286 1334 1378 1402 1428 1489 1505 1523 1593 1645 1739 1749 1834 1996 
26 53 61 89 249 303 314 385 473 582 586 655 746 883 903 1009 1069 1151 1196 1272 1306 1391 1538 1622 1714 1828 1978 
37 68 111 112 116 164 183 191 310 339 364 471 568 733 754 782 901 958 986 997 1072 1117 1130 1175 1339 1342 1351 1363 1403 1462 1508 1720 1786 1870 1915 1921 1938 1979 
30 52 109 231 237 249 502 565 603 618 626 680 684 787 794 799 848 854 1022 1042 1105 1400 1432 1443 1462 1472 1485 1493 1554 1590 1741 
34 82 105 164 184 296 329 334 558 585 594 632 717 737 842 909 923 971 1092 1128 1213 1235 1315 1446 1453 1548 1552 1628 1674 1735 1765 1825 1834 1870 1965 
33 104 110 278 281 309 343 361 407 510 529 567 644 940 948 967 1000 1178 1217 1228 1231 1347 1456 1458 1462 1541 1650 1657 1684 1749 1789 1916 1937 1959 
30 0 139 151 185 260 265 341 405 419 442 643 926 942 963 977 1030 1033 1091 1106 1268 1344 1512 1645 1691 1700 1791 1850 1858 1863 1918 
38 35 49 108 127 130 376 442 533 543 558 587 647 672 703 724 916 922 956 972 982 1025 1164 1175 1216 1255 1258 1278 1498 1499 1513 1520 1566 1627 1717 1779 1803 1844 1885 
40 80 142 188 206 213 226 279 439 519 522 533 550 681 696 719 722 888 893 929 967 977 979 1041 1051 1261 1279 1373 1387 1392 1428 1453 1521 1750 1758 1887 1933 1944 1948 1950 1952 
37 16 114 214 292 323 391 394 436 525 537 561 596 616 628 737 758 825 879 898 902 1066 1131 1202 1240 1291 1308 1463 1612 1679 1717 1718 1778 1796 1934 1942 1965 1972 
33 53 88 162 180 277 306 320 330 418 493 509 547 629 635 706 743 764 779 794 972 1061 1076 1223 1250 1308 1523 1529 1539 1752 1796 1900 1957 1982 
41 104 146 194 251 266 270 328 353 517 525 541 628 639 679 745 746 751 806 825 877 916 928 963 981 1062 1084 1108 1143 1353 1417 1419 1438 1536 1578 1714 1721 1729 1766 1921 1973 1996 
46 0 31 72 83 142 171 242 292 300 355 378 419 427 540 565 701 720 766 899 974 1053 1078 1101 1159 1186 1200 1314 1392 1472 1478 1489 1535 1540 1700 1750 1768 1771 1806 1831 1833 1918 1927 1954 1960 1962 1992 
49 1 14 16 65 75 147 150 163 165 223 301 321 337 413 424 518 612 647 728 738 758 788 806 850 852 889 957 1087 1177 1185 1186 1196 1310 1439 1484 1564 1565 1599 1601 1629 1644 1657 1782 1863 1864 1933 1944 1961 1975 
31 14 59 67 81 153 267 295 318 441 577 628 689 960 993 1008 1049 1097 1100 1174 1269 1309 1310 1381 1478 1509 1606 1626 1646 1756 1759 1825 
38 26 129 164 214 227 289 311 378 441 559 592 652 654 721 850 1287 1351 1482 1525 1544 1554 1575 1587 1605 1614 1646 1683 1706 1718 1787 1795 1804 1841 1873 1888 1933 1948 1974 
24 193 293 452 677 703 705 796 873 887 1024 1087 1173 1225 1349 1404 1531 1557 1593 1685 1705 1773 1888 1959 1977 
38 5 248 272 313 332 397 474 541 567 570 642 692 744 765 791 828 850 886 888 1035 1043 1062 1247 1309 1322 1326 1333 1353 1441 1463 1479 1563 1641 1647 1649 1708 1842 1890 
34 42 76 79 99 236 299 319 322 359 385 421 457 461 499 548 593 708 824 866 885 889 950 1001 1052 1194 1291 1369 1437 1539 1560 1574 1612 1898 1959 
49 100 101 116 142 160 255 321 323 361 373 396 473 505 555 593 611 629 662 687 735 835 883 900 959 968 992 1007 1022 1023 1120 1271 1277 1284 1342 1454 1459 1462 1520 1538 1545 1592 1608 1634 1755 1792 1839 1906 1914 1993 
29 32 273 308 322 384 408 454 594 694 779 863 937 983 1003 1025 1136 1172 1222 1250 1270 1323 1346 1364 1414 1454 1515 1609 1678 1868 
33 9 107 149 174 207 243 285 327 344 352 492 516 554 662 704 767 843 935 995 1061 1097 1353 1411 1484 1518 1559 1589 1668 1683 1764 1851 1885 1959 
40 97 192 309 353 383 479 490 549 569 679 704 801 817 948 1004 1043 1044 1049 1070 1084 1183 1232 1254 1259 1390 1446 1518 1520 1522 1558 1620 1665 1674 1734 1749 1751 1823 1900 1941 1970 
40 2 46 145 160 181 194 215 254 266 473 527 531 548 549 592 605 718 863 890 906 912 1071 1149 1158 1204 1230 1246 1252 1361 1439 1486 1698 1825 1865 1881 1886 1896 1938 1968 1978 
42 55 162 183 274 315 371 388 391 423 445 462 676 819 862 897 903 912 926 950 996 1068 1080 1121 1136 1166 1273 1290 1362 1406 1466 1468 1482 1495 1505 1593 1620 1645 1674 1686 1740 1793 1886 
49 62 108 112 137 186 281 302 329 333 347 397 401 445 460 493 547 561 570 573 631 676 730 757 765 855 885 1020 1049 1091 1170 1180 1189 1201 1215 1265 1287 1288 1338 1409 1431 1550 1576 1582 1592 1619 1657 1793 1864 1942 
42 48 54 80 102 185 191 205 208 229 244 267 393 510 521 563 577 595 596 865 947 997 1001 1010 1026 1085 1198 1241 1290 1336 1467 1502 1567 1660 1668 1735 1767 1810 1846 1848 1891 1904 1981 
29 28 374 483 674 719 758 784 818 823 830 869 942 951 969 974 986 1155 1217 1274 1420 1470 1479 1543 1615 1676 1681 1691 1855 1917 
28 12 50 134 227 275 309 370 457 535 552 691 707 847 862 1031 1092 1099 1197 1236 1311 1363 1369 1468 1588 1623 1677 1695 1866 
43 204 253 276 280 282 307 525 537 714 842 868 885 898 936 1041 1053 1084 1085 1146 1185 1206 1227 1229 1242 1311 1327 1332 1354 1387 1443 1450 1463 1486 1519 1589 1598 1638 1741 1839 1870 1891 1935 1966 
39 55 98 152 162 169 176 199 240 290 292 325 438 439 457 460 468 569 593 650 655 745 908 1024 1064 1108 1140 1143 1248 1259 1337 1347 1379 1421 1510 1560 1606 1697 1780 1828 
45 54 71 170 187 234 341 456 510 512 608 613 628 634 650 681 801 810 836 891 951 1050 1052 1090 1140 1256 1350 1371 1405 1420 1434 1473 1489 1621 1655 1682 1690 1717 1797 1832 1843 1890 1949 1963 1967 1986 
49 30 95 283 297 308 321 341 346 360 363 382 461 539 620 666 669 725 754 780 867 882 935 946 978 982 984 985 1013 1063 1065 1278 1297 1368 1415 1423 1467 1475 1486 1617 1675 1702 1787 1789 1804 1831 1863 1959 1960 1962 
44 156 161 168 196 307 331 395 524 554 595 607 663 676 679 695 805 820 849 876 892 901 909 1034 1041 1070 1143 1176 1227 1251 1256 1259 1307 1333 1369 1497 1563 1564 1615 1686 1704 1718 1781 1841 1868 
46 2 31 56 99 152 182 208 216 222 326 426 437 489 572 636 662 681 702 724 739 793 804 807 921 922 989 1048 1097 1102 1213 1221 1261 1272 1275 1380 1419 1480 1586 1630 1641 1760 1786 1827 1870 1942 1992 
40 27 43 55 140 160 162 176 238 290 355 374 394 470 471 528 766 808 812 887 902 906 922 1073 1076 1182 1200 1273 1359 1375 1416 1471 1544 1676 1749 1756 1770 1814 1897 1937 1993 
32 29 51 71 74 75 218 258 302 380 436 480 499 515 519 559 614 689 802 813 874 980 1032 1055 1271 1303 1413 1437 1488 1744 1801 1855 1944 
43 35 68 129 220 254 321 372 436 471 497 510 526 547 631 632 655 732 735 739 749 762 764 809 863 976 988 994 1138 1152 1283 1352 1371 1413 1429 1433 1518 1804 1826 1868 1875 1905 1971 1989 
44 49 100 131 186 269 286 295 306 326 332 342 457 494 594 799 820 848 867 871 873 922 967 1007 1089 1125 1293 1317 1335 1347 1416 1432 1464 1487 1531 1587 1630 1692 1719 1753 1865 1871 1872 1894 1987 
38 49 84 93 97 105 225 394 487 502 538 569 644 713 716 761 798 817 880 890 967 1043 1046 1071 1085 1181 1213 1298 1314 1318 1433 1451 1513 1635 1715 1726 1742 1874 1937 
46 85 137 190 201 206 224 250 350 355 373 416 471 521 621 635 665 740 762 779 786 803 862 886 887 950 952 962 993 1011 1051 1066 1215 1257 1313 1410 1524 1539 1568 1587 1634 1651 1713 1734 1792 1837 1852 
43 82 241 267 290 345 357 396 417 473 477 487 547 572 574 623 673 709 792 802 806 808 882 935 1067 1089 1141 1347 1470 1566 1615 1635 1676 1753 1803 1806 1816 1897 1905 1930 1962 1963 1989 1992 
40 13 20 131 133 196 212 235 238 499 592 597 624 699 726 811 849 1009 1048 1088 1255 1290 1326 1348 1414 1418 1465 1481 1535 1565 1579 1635 1637 1707 1709 1773 1784 1825 1933 1948 1965 
38 104 137 155 278 306 345 381 449 453 608 656 685 718 749 758 795 823 825 969 1042 1063 1067 1157 1178 1321 1396 1414 1501 1542 1566 1589 1611 1616 1690 1802 1843 1851 1968 
41 136 138 179 183 199 281 316 344 390 513 621 638 666 688 703 704 747 828 842 937 976 1023 1050 1064 1097 1216 1229 1234 1241 1273 1366 1484 1506 1584 1605 1619 1722 1842 1859 1897 1985 
51 35 69 102 207 274 304 322 323 382 471 550 584 598 607 614 674 773 784 799 816 904 911 944 1099 1122 1131 1139 1148 1166 1184 1199 1233 1288 1412 1441 1444 1469 1491 1502 1524 1576 1614 1648 1652 1675 1677 1685 1719 1848 1849 1936 
38 2 6 143 239 296 330 353 372 503 542 637 682 735 740 768 784 843 894 904 970 1107 1144 1148 1165 1196 1201 1229 1260 1346 1465 1480 1570 1749 1766 1860 1885 1928 1934 
29 36 85 104 448 600 718 732 823 846 927 941 959 1001 1058 1192 1423 1465 1482 1535 1578 1611 1698 1733 1806 1843 1916 1963 1968 1984 
39 89 121 208 211 266 310 346 398 413 489 491 581 643 812 884 959 1025 1063 1100 1109 1228 1244 1286 1305 1362 1373 1503 1583 1597 1604 1646 1676 1697 1751 1809 1838 1884 1912 1946 
36 54 59 67 81 160 267 324 359 389 405 458 478 517 665 690 865 978 1019 1089 1096 1104 1195 1230 1304 1322 1351 1454 1476 1480 1590 1594 1763 1764 1774 1819 1933 
39 128 167 202 248 301 325 379 437 476 514 658 705 826 840 859 923 924 941 1057 1063 1095 1107 1162 1182 1350 1366 1371 1422 1523 1536 1678 1736 1764 1774 1823 1835 1850 1956 1985 
37 78 101 102 140 154 294 457 509 515 527 795 839 869 940 1089 1126 1153 1169 1232 1254 1276 1293 1330 1332 1353 1452 1479 1483 1492 1683 1714 1750 1818 1832 1862 1899 1931 
46 29 43 71 76 77 89 146 183 216 227 237 325 334 358 399 516 575 582 601 706 729 755 758 782 789 831 893 962 967 1008 1065 1068 1124 1166 1250 1258 1288 1411 1564 1568 1603 1721 1843 1864 1934 1993 
41 60 105 163 241 265 343 349 357 360 418 461 509 616 630 684 769 782 973 993 998 1028 1068 1153 1205 1215 1272 1299 1319 1329 1366 1397 1398 1526 1693 1718 1719 1766 1783 1895 1964 1987 
40 50 52 71 103 257 264 330 368 395 450 486 545 559 562 618 659 870 911 930 939 979 1063 1094 1263 1270 1281 1368 1372 1377 1399 1447 1452 1502 1621 1633 1798 1827 1873 1912 1966 
52 7 49 56 57 144 297 338 398 399 435 453 486 586 619 632 637 646 763 859 869 878 895 925 967 997 999 1023 1084 1119 1137 1144 1146 1198 1219 1286 1304 1387 1424 1428 1440 1455 1480 1501 1542 1549 1648 1767 1783 1823 1845 1847 1937 
36 108 186 223 329 337 377 391 496 554 562 620 652 668 705 865 949 1044 1188 1198 1210 1254 1258 1326 1360 1405 1610 1626 1663 1699 1745 1751 1785 1898 1924 1950 1953 
40 0 83 162 192 235 251 285 387 438 460 488 519 654 656 677 686 774 782 792 909 932 958 977 1118 1124 1150 1171 1173 1226 1490 1511 1706 1715 1759 1766 1843 1864 1866 1882 1925 
45 97 102 140 145 209 234 304 389 446 473 490 506 534 540 542 640 661 766 769 783 786 807 861 868 886 897 904 971 1026 1061 1131 1295 1518 1524 1611 1616 1646 1658 1750 1776 1793 1805 1873 1894 1986 
40 64 69 106 108 138 230 280 367 375 459 464 489 515 516 567 570 656 729 789 862 931 946 955 1031 1182 1209 1357 1377 1388 1442 1545 1591 1659 1673 1701 1720 1865 1871 1879 1990 
37 87 235 244 253 475 549 551 555 630 635 668 678 761 780 794 804 872 963 996 1064 1073 1134 1350 1354 1365 1388 1390 1464 1540 1592 1702 1737 1777 1847 1853 1897 1995 
40 30 114 157 190 210 224 268 336 362 369 390 570 573 652 677 775 809 843 872 925 1056 1059 1086 1205 1237 1287 1294 1336 1371 1374 1409 1465 1528 1604 1652 1655 1725 1746 1836 1902 
36 15 66 100 125 234 325 341 381 501 568 605 637 761 845 854 903 909 1201 1250 1307 1369 1421 1464 1500 1505 1508 1512 1552 1562 1572 1599 1779 1808 1820 1835 1947 
42 34 49 103 136 184 198 220 312 324 341 342 448 453 496 551 651 662 683 786 860 903 1177 1236 1239 1250 1254 1277 1324 1428 1446 1457 1525 1609 1618 1663 1670 1684 1690 1754 1764 1786 1909 
45 2 28 39 73 81 141 148 231 298 417 440 452 551 654 662 687 915 924 936 1031 1102 1132 1141 1147 1179 1251 1340 1356 1358 1397 1462 1539 1547 1559 1598 1607 1633 1716 1742 1816 1852 1854 1887 1911 1985 
31 3 90 130 209 211 272 336 457 479 605 640 694 802 819 821 863 914 1016 1021 1093 1115 1181 1239 1632 1715 1719 1754 1769 1807 1830 1898 
34 0 177 276 397 476 503 619 657 670 750 777 971 1021 1095 1102 1123 1146 1162 1221 1237 1241 1252 1389 1391 1459 1592 1613 1655 1681 1700 1828 1912 1988 1989 
39 40 56 102 121 137 191 329 365 414 459 600 682 688 1030 1055 1066 1087 1186 1211 1218 1230 1277 1319 1331 1430 1455 1461 1491 1498 1499 1536 1648 1658 1685 1824 1827 1876 1901 1971 
38 25 30 42 51 76 100 107 167 202 213 262 427 512 522 611 710 742 754 765 767 775 817 822 877 902 1067 1208 1317 1396 1412 1506 1507 1587 1598 1654 1784 1824 1964 
35 57 73 77 114 120 266 398 404 481 504 524 714 826 935 937 941 980 988 1003 1064 1070 1109 1110 1227 1287 1413 1538 1561 1597 1609 1632 1760 1869 1938 1965 
34 0 27 52 96 110 125 200 266 307 379 503 508 742 743 820 927 938 993 1074 1101 1145 1189 1231 1268 1363 1406 1410 1413 1498 1921 1922 1984 1994 1998 
41 50 70 214 295 327 377 414 460 476 488 501 511 556 571 592 614 659 699 760 800 884 968 1085 1086 1179 1231 1262 1301 1327 1376 1483 1507 1518 1522 1526 1537 1653 1676 1682 1866 1889 
37 6 20 84 207 219 246 355 368 568 629 803 829 859 1066 1131 1150 1154 1273 1281 1365 1393 1415 1447 1469 1475 1595 1660 1698 1706 1723 1725 1789 1811 1839 1875 1941 1943 
58 84 98 113 115 164 209 369 373 440 447 456 496 510 533 563 595 615 621 693 713 721 722 735 762 822 842 852 860 875 952 1028 1060 1139 1158 1265 1294 1312 1331 1348 1387 1448 1474 1488 1541 1587 1609 1621 1647 1666 1739 1743 1802 1803 1838 1846 1878 1902 1979 
33 10 17 44 169 185 425 463 547 642 651 736 884 930 954 1005 1145 1176 1183 1213 1243 1249 1267 1287 1456 1474 1509 1591 1679 1784 1790 1820 1830 1963 
38 86 209 211 299 335 414 453 471 478 509 533 641 666 741 793 802 847 907 944 949 974 998 1079 1178 1183 1190 1222 1252 1271 1501 1518 1527 1674 1695 1825 1867 1871 1885 
45 72 75 87 99 106 145 154 163 192 214 219 300 495 509 602 641 670 695 712 787 823 839 856 873 876 930 949 998 1078 1121 1203 1298 1309 1321 1375 1429 1437 1518 1544 1618 1629 1730 1736 1857 1935 
35 52 83 107 144 206 237 303 491 645 653 697 735 833 862 949 1002 1046 1193 1218 1295 1414 1478 1520 1592 1610 1630 1633 1647 1656 1754 1808 1868 1874 1889 1891 
45 48 96 103 117 131 171 175 185 200 212 311 315 447 454 489 491 523 556 598 634 649 676 679 694 697 727 748 857 919 926 1062 1091 1203 1244 1275 1425 1460 1471 1499 1504 1690 1839 1888 1918 1940 
46 21 67 72 118 140 186 252 350 431 494 595 630 655 664 684 758 781 786 859 972 996 1000 1014 1046 1065 1108 1200 1274 1287 1292 1306 1372 1589 1590 1701 1709 1750 1757 1771 1798 1805 1849 1863 1883 1936 1973 
42 188 260 272 288 358 376 389 417 430 446 481 492 552 574 580 590 592 704 707 744 763 842 859 861 864 1016 1024 1080 1081 1329 1331 1345 1486 1532 1541 1561 1608 1696 1731 1835 1884 1986 
37 13 28 58 168 202 213 234 410 414 429 554 652 653 661 728 1047 1087 1115 1143 1147 1176 1206 1294 1348 1409 1419 1429 1481 1535 1543 1596 1632 1636 1672 1710 1863 1945 
44 8 70 168 174 226 235 247 311 340 429 494 499 501 621 706 781 900 922 935 951 995 1093 1166 1194 1223 1250 1277 1279 1292 1299 1355 1482 1518 1594 1671 1738 1761 1763 1867 1883 1924 1984 1985 1987 
41 44 99 125 236 254 312 332 358 370 400 458 493 509 532 550 597 723 739 740 757 927 949 987 1026 1045 1065 1117 1180 1189 1232 1252 1391 1452 1538 1613 1728 1828 1831 1833 1906 1949 
40 6 29 98 140 166 290 342 422 592 648 707 722 748 769 821 844 933 994 1020 1077 1088 1111 1213 1343 1373 1395 1471 1542 1561 1618 1687 1693 1752 1753 1776 1829 1917 1919 1939 1988 
46 6 26 35 53 60 79 106 141 221 236 246 252 268 341 342 443 557 581 606 614 643 769 783 932 940 983 991 999 1021 1199 1245 1269 1310 1444 1455 1535 1542 1599 1611 1626 1708 1784 1785 1802 1812 1854 
44 70 91 99 126 154 210 225 267 291 312 354 360 370 428 533 567 750 753 860 911 928 936 965 1079 1086 1129 1145 1216 1220 1240 1379 1488 1516 1536 1600 1664 1695 1699 1724 1751 1861 1903 1939 1972 
46 48 150 207 216 263 389 446 472 520 539 564 599 631 634 677 753 831 864 905 951 971 1036 1044 1073 1120 1148 1188 1196 1199 1227 1231 1317 1332 1348 1413 1499 1500 1522 1531 1701 1705 1765 1830 1831 1884 1967 
39 10 23 27 36 125 170 228 236 566 611 614 617 639 772 801 805 831 837 860 928 1054 1084 1098 1116 1145 1174 1176 1228 1229 1234 1288 1349 1394 1411 1559 1573 1739 1802 1866 
33 24 30 54 57 72 122 137 157 174 348 421 453 455 463 485 603 649 695 741 801 1084 1177 1228 1254 1266 1272 1333 1463 1550 1767 1802 1919 1938 
35 148 190 215 274 377 451 454 471 601 738 763 889 923 954 1005 1050 1118 1251 1289 1307 1311 1342 1368 1414 1425 1457 1534 1547 1562 1595 1610 1627 1649 1670 1926 
49 15 51 79 82 106 143 172 229 400 431 437 439 511 522 570 602 613 615 623 757 806 821 918 953 1045 1068 1085 1111 1195 1212 1240 1382 1398 1411 1436 1474 1545 1590 1615 1669 1675 1751 1797 1868 1922 1943 1958 1963 1966 
37 1 161 214 251 266 271 389 443 676 869 947 949 968 997 1000 1046 1129 1257 1272 1325 1375 1387 1442 1452 1503 1649 1664 1665 1690 1756 1805 1824 1841 1887 1896 1929 1942 
52 48 70 156 205 256 359 440 464 516 632 636 664 704 707 708 709 720 790 820 883 937 960 1066 1100 1102 1130 1172 1180 1191 1228 1234 1246 1278 1291 1361 1449 1485 1529 1534 1559 1567 1572 1580 1594 1626 1749 1763 1800 1849 1853 1898 1962 
38 165 270 323 325 414 452 468 481 596 628 641 686 703 718 737 741 768 803 861 910 964 985 1025 1059 1120 1130 1310 1392 1402 1429 1537 1694 1724 1741 1833 1872 1966 1990 
48 9 26 32 111 120 167 201 291 326 333 365 419 519 535 579 612 629 756 760 791 810 908 952 1045 1061 1069 1154 1238 1268 1279 1280 1314 1334 1345 1357 1455 1485 1528 1529 1556 1570 1764 1769 1812 1830 1854 1869 1945 
36 29 118 139 173 307 308 309 321 324 393 396 430 610 771 776 779 829 1078 1144 1175 1204 1316 1410 1438 1479 1535 1587 1621 1737 1807 1823 1826 1867 1918 1973 1988 
47 59 78 137 215 236 295 393 395 469 593 625 644 730 746 799 824 860 863 870 918 927 933 936 956 1087 1090 1119 1204 1216 1286 1323 1341 1362 1396 1436 1509 1533 1613 1653 1673 1773 1831 1842 1867 1937 1942 1969 
35 4 96 98 107 176 244 310 573 638 669 755 824 863 887 910 969 1235 1266 1282 1346 1374 1390 1410 1428 1530 1560 1593 1622 1656 1722 1735 1744 1761 1883 1994 
55 3 101 129 158 194 268 330 366 391 402 423 441 533 541 612 639 660 682 693 736 747 756 765 767 800 901 955 1118 1286 1340 1349 1397 1445 1470 1486 1502 1506 1524 1526 1536 1565 1570 1594 1692 1696 1723 1765 1813 1824 1890 1919 1935 1951 1952 1953 
45 68 103 205 207 436 443 462 533 617 633 653 687 691 709 720 767 947 980 1079 1112 1149 1162 1165 1167 1234 1250 1273 1292 1335 1341 1352 1365 1381 1415 1435 1522 1523 1546 1627 1661 1722 1823 1897 1910 1933 
42 11 119 163 164 248 259 275 284 314 375 396 492 539 658 712 787 836 902 946 970 990 1003 1026 1047 1054 1117 1147 1168 1197 1264 1275 1316 1330 1335 1401 1472 1508 1544 1612 1677 1735 1883 
34 126 175 222 224 240 249 324 390 400 415 689 736 842 860 866 870 874 924 1068 1168 1182 1184 1207 1219 1367 1390 1632 1645 1661 1703 1783 1839 1933 1948 
36 28 268 306 386 389 421 423 468 566 592 636 790 844 975 1020 1034 1062 1083 1088 1099 1164 1256 1275 1283 1443 1478 1482 1492 1547 1581 1707 1720 1887 1899 1965 1986 
48 34 50 167 248 315 357 403 423 444 448 467 488 514 537 564 600 602 649 651 686 719 803 943 968 978 1020 1027 1029 1084 1125 1132 1263 1327 1412 1434 1516 1520 1521 1541 1548 1651 1682 1714 1740 1784 1823 1864 1952 
37 109 141 165 208 245 280 392 422 558 568 616 630 706 956 996 1104 1144 1165 1208 1253 1271 1363 1388 1457 1463 1482 1489 1572 1595 1674 1680 1733 1770 1828 1835 1932 1991 
39 10 155 184 195 218 232 399 402 477 555 599 649 665 696 738 756 818 824 878 982 1086 1202 1235 1245 1273 1298 1303 1370 1430 1479 1510 1528 1535 1540 1626 1885 1915 1921 1939 
39 12 37 98 193 199 418 504 523 545 567 589 752 814 870 945 946 1010 1056 1067 1075 1093 1099 1202 1235 1243 1308 1346 1356 1365 1384 1417 1612 1625 1662 1671 1876 1883 1913 1947 
54 18 32 74 96 97 130 133 151 197 247 268 320 322 358 398 413 435 544 680 681 771 781 823 845 861 864 955 1143 1163 1198 1201 1205 1236 1238 1255 1263 1338 1355 1398 1451 1466 1481 1500 1507 1511 1556 1597 1800 1829 1865 1884 1925 1980 1998 
41 33 158 203 443 463 475 488 506 613 760 864 896 1022 1023 1028 1050 1064 1134 1147 1175 1181 1197 1262 1282 1304 1313 1348 1403 1417 1422 1493 1503 1546 1573 1594 1609 1690 1763 1797 1825 1936 
49 37 79 141 144 149 162 192 307 309 327 487 514 578 583 598 628 653 655 703 738 804 827 828 851 916 935 966 1180 1193 1197 1219 1224 1262 1345 1364 1401 1441 1460 1535 1608 1628 1630 1672 1700 1788 1801 1816 1912 1946 
43 31 92 117 140 155 435 469 524 574 606 657 667 679 717 720 728 759 847 946 954 975 1082 1091 1104 1118 1145 1168 1171 1224 1279 1345 1389 1430 1519 1559 1565 1574 1607 1614 1865 1955 1978 1997 
44 9 147 160 187 209 275 305 328 416 459 471 473 479 484 507 594 599 604 659 719 908 928 929 1002 1061 1121 1170 1188 1195 1215 1227 1255 1292 1305 1368 1378 1494 1543 1569 1704 1724 1737 1803 1926 
25 97 99 209 331 394 441 449 487 496 682 757 761 1143 1195 1214 1229 1466 1569 1586 1600 1607 1637 1756 1877 1893 
50 38 74 77 118 177 183 189 332 344 354 390 397 436 444 455 456 527 556 611 619 629 631 683 700 722 726 737 752 772 779 781 1138 1179 1248 1284 1412 1431 1560 1657 1683 1703 1711 1716 1730 1752 1765 1913 1936 1937 1975 
33 39 100 210 271 313 328 417 477 486 536 579 616 630 654 1022 1075 1098 1160 1242 1319 1555 1595 1640 1667 1673 1733 1734 1740 1786 1840 1856 1983 1995 
39 48 88 101 160 255 299 311 390 409 592 611 718 759 790 887 915 927 948 1228 1239 1307 1345 1349 1467 1588 1591 1616 1651 1689 1694 1708 1746 1763 1768 1852 1856 1863 1899 1975 
35 119 126 175 210 217 354 517 598 622 691 721 788 789 799 925 1011 1027 1156 1176 1194 1203 1247 1330 1374 1426 1444 1596 1733 1770 1776 1845 1863 1940 1961 1984 
45 75 145 188 217 240 453 467 571 619 633 671 712 740 785 822 913 953 1004 1074 1115 1151 1186 1272 1311 1328 1400 1430 1500 1504 1514 1575 1593 1608 1631 1636 1642 1658 1694 1720 1753 1785 1840 1879 1883 1967 
40 8 96 107 173 220 253 321 382 393 428 464 495 536 538 571 591 807 936 1081 1115 1144 1233 1237 1306 1320 1325 1330 1393 1439 1562 1567 1570 1626 1792 1799 1823 1885 1904 1916 1953 
38 6 51 172 187 240 313 370 401 599 618 685 711 735 782 811 861 973 1073 1129 1213 1215 1274 1318 1370 1401 1409 1428 1514 1573 1638 1645 1661 1749 1788 1815 1827 1853 1939 
30 50 91 97 128 206 290 394 404 458 475 566 642 731 821 881 1117 1119 1129 1133 1154 1434 1507 1519 1678 1704 1734 1896 1961 1971 1999 
53 8 26 57 87 114 206 275 357 363 402 407 413 416 444 445 462 512 615 657 660 693 736 777 805 844 848 950 989 1033 1043 1044 1095 1115 1126 1148 1152 1250 1253 1286 1297 1309 1326 1462 1515 1522 1527 1623 1652 1808 1826 1892 1972 1987 
54 7 83 92 212 217 271 346 364 417 427 478 480 512 513 576 606 632 704 764 846 892 935 936 1018 1019 1023 1071 1090 1106 1134 1144 1149 1203 1233 1314 1359 1367 1435 1478 1545 1551 1553 1559 1691 1755 1768 1772 1804 1822 1823 1856 1867 1914 1954 
30 63 148 200 379 386 415 509 514 569 650 654 762 768 947 951 955 1043 1061 1128 1162 1195 1305 1453 1477 1537 1681 1785 1814 1832 1886 
41 20 48 69 129 220 234 241 296 306 326 378 456 474 522 535 687 736 844 846 864 873 1020 1115 1155 1159 1244 1252 1269 1295 1394 1464 1488 1622 1628 1650 1696 1824 1842 1857 1914 1919 
29 68 99 196 242 322 435 552 553 572 678 746 852 906 920 994 1035 1185 1271 1336 1362 1380 1418 1498 1560 1653 1693 1717 1772 1807 
