200 2000
300 782
337 488
700 1160
260 602
484 648
31 149
63 140
295 1290
85 645
505 1438
70 971
649 856
382 1365
115 636
917 1904
373 626
25 132
421 605
564 1415
664 1215
851 1095
508 1063
296 687
267 1201
119 675
908 1799
67 73
732 1048
733 1163
754 1210
308 847
362 823
282 1195
869 1810
458 822
308 1001
67 415
709 1677
269 366
716 1153
420 971
932 1531
225 1040
685 1354
784 1185
153 270
641 1473
122 768
524 1264
425 1278
606 1044
470 593
24 310
863 1513
44 882
427 1259
460 1120
971 1684
174 959
263 946
829 1032
292 1274
679 1570
574 1357
262 742
818 1811
217 742
487 1373
276 372
905 1139
982 1215
262 834
492 677
847 964
882 1296
364 1286
162 488
804 1156
706 1573
82 511
699 790
133 652
108 968
744 1586
382 478
964 1127
371 1259
308 1145
854 1295
382 927
671 733
524 827
681 1293
472 1083
624 893
686 1636
435 531
610 1303
877 1483
263 427
675 999
808 1749
348 1243
467 654
468 902
626 829
498 1324
83 907
82 681
993 1586
497 1337
298 359
143 755
204 630
122 1006
334 1119
418 586
238 1171
156 245
660 1272
557 623
737 875
489 495
278 1239
5 141
835 1149
54 866
428 509
55 357
845 1438
592 1435
125 858
806 1761
231 1073
966 1014
229 740
627 1322
255 625
795 1628
138 270
746 1349
460 506
643 731
707 1220
376 919
715 811
358 534
603 1099
778 1453
439 1263
118 163
668 713
672 1646
653 924
153 411
403 616
295 516
318 1085
831 881
961 1860
407 583
301 975
983 1457
98 583
168 632
632 1336
500 1484
91 440
337 653
51 870
148 896
1 749
718 1461
115 982
33 886
395 675
429 1121
413 713
292 1258
483 642
630 908
120 132
409 749
198 506
982 1084
892 1074
878 1583
782 1335
529 1338
184 1108
486 589
849 954
970 1853
933 1635
103 198
656 818
977 1507
393 1182
345 1322
333 666
781 1690
994 1643
500 1353
477 528
955 1128
536 1186
800 1565
310 922
833 1125
710 1572
147 1015
601 1119
146 223
343 1204
966 1269
910 1484
768 983
328 755
768 1093
219 1013
740 741
286 826
344 1036
154 422
312 682
130 674
703 1132
660 714
257 1014
836 865
288 1249
51 847
232 444
436 669
99 941
646 1065
352 1206
216 745
846 1168
523 1297
111 640
827 827
366 808
926 1059
598 1520
145 392
258 515
410 967
621 1453
654 1121
227 929
640 1300
269 596
163 1123
320 525
939 949
531 1131
43 459
294 887
321 668
993 1570
798 1158
138 378
209 1065
273 492
545 1178
448 1113
999 1035
100 228
878 1069
171 933
881 1224
386 1160
998 1059
210 516
24 436
691 1003
955 1571
124 344
891 1413
81 367
193 824
37 670
12 454
892 1864
164 567
252 332
970 1219
662 972
743 1659
387 1234
935 1011
342 809
327 700
979 1575
565 641
660 1640
109 598
607 844
307 1027
136 1125
774 1479
687 737
72 739
594 1266
804 1063
94 756
572 914
726 1560
355 1334
298 479
826 1295
554 664
144 776
167 1030
66 464
999 1713
167 414
319 1038
640 790
928 1444
775 1445
844 1638
856 1079
124 378
821 1535
442 650
905 1564
214 1128
626 628
887 1024
505 802
131 1085
544 958
24 834
664 904
655 1475
170 441
136 735
829 1037
935 1381
698 723
700 1267
308 378
112 615
361 581
92 722
336 1068
944 1371
217 517
685 831
325 456
174 859
190 1075
761 1606
402 1209
731 865
448 1260
962 1916
264 361
628 933
760 1737
894 1067
241 539
420 1088
638 686
528 1367
535 1153
31 766
186 1122
329 779
381 866
966 1318
558 755
359 1073
615 1010
746 1293
23 507
904 1889
652 1011
50 614
605 1378
727 1060
392 1073
581 795
266 858
889 957
226 396
82 219
428 672
230 542
343 444
46 95
210 607
338 836
569 811
501 843
390 1002
187 301
882 1486
329 774
845 1539
481 680
783 1002
404 922
527 564
946 1648
524 1175
797 1303
780 1427
950 1726
489 1359
643 1331
329 516
51 697
738 946
185 195
549 1296
783 1738
587 653
351 1135
317 704
861 1742
869 1568
580 1400
630 1288
671 896
686 920
191 850
967 999
885 1074
984 1267
331 577
372 577
704 1213
920 1157
842 1211
798 846
160 926
784 1343
524 721
442 746
450 798
798 1018
627 1349
0 86
306 454
803 1629
914 1740
51 587
549 1312
394 987
714 1500
914 1096
414 717
548 867
879 1116
70 806
427 1259
160 824
139 629
148 660
878 885
461 676
181 244
599 617
188 854
26 117
885 1508
630 1210
964 1577
467 1261
725 1511
689 1216
887 1339
778 889
665 722
768 958
32 62
115 756
449 1266
82 753
57 368
205 1084
80 585
881 1588
793 1687
516 848
267 827
305 1295
530 590
454 602
2 413
382 533
836 1383
43 617
313 1097
945 1336
188 671
897 979
221 592
516 925
917 1840
288 967
227 987
321 1293
142 967
680 1110
638 1280
214 255
297 926
166 977
207 641
855 1784
83 782
345 352
931 1580
855 1055
758 1178
698 1636
971 1246
751 899
901 1153
1000 1413
272 1136
973 1289
176 307
967 1025
797 1318
254 799
646 967
112 360
458 862
622 970
547 569
644 886
407 1271
786 1275
877 1474
578 1183
374 1119
363 450
210 233
259 508
951 1452
229 609
858 1150
31 413
338 797
761 1290
599 746
611 1145
550 1404
5 616
409 1052
268 488
684 1596
373 1149
176 836
888 1545
533 992
978 1851
370 1366
714 1320
24 151
233 679
865 1268
832 1268
902 1459
926 1073
685 715
413 456
622 1245
515 1251
872 1293
323 386
213 534
608 1206
893 1293
288 1165
677 707
623 1162
32 940
907 1141
36 348
83 757
773 1044
106 483
823 1645
216 671
881 1540
468 855
907 1307
182 862
159 587
825 1760
871 1681
71 181
273 313
711 1020
428 1322
114 942
738 1118
265 521
183 703
289 985
136 1056
659 1288
709 1022
775 1583
939 991
297 556
527 829
819 1582
99 834
977 1493
868 1727
285 826
407 608
137 365
593 1286
723 839
244 266
712 1528
468 905
450 606
671 721
59 1028
202 808
958 1484
449 1319
181 1074
804 1090
756 1410
336 962
756 857
42 1021
731 1497
563 1022
672 1492
279 803
3 94
628 1135
94 382
864 1805
624 770
359 384
306 590
62 427
377 714
917 1229
474 1137
701 945
125 997
143 329
916 1913
375 1333
414 1085
238 284
897 1155
541 724
863 980
926 1483
731 1344
92 202
588 753
845 1668
762 1629
91 184
199 1156
155 514
451 1396
53 1049
953 1262
184 243
410 1069
8 545
582 1509
640 1000
946 1180
18 97
116 752
407 900
644 916
893 1104
513 1047
395 1353
25 514
70 635
527 1160
800 1535
324 594
142 649
248 852
395 594
434 780
51 381
116 759
905 1182
418 757
827 1339
989 1563
221 955
336 801
433 1015
835 1338
511 1150
223 528
125 635
172 858
555 940
976 1333
403 506
325 711
936 1128
442 1238
893 1411
258 1235
803 1172
314 509
621 674
344 512
507 1262
844 1023
310 757
64 431
55 343
77 626
803 1598
961 1180
464 707
539 1149
349 426
870 1002
950 1604
267 1115
279 588
684 735
281 470
521 786
737 1170
249 361
107 772
844 1187
663 786
637 1175
920 1704
993 1598
686 777
166 848
485 1272
441 714
346 744
77 587
897 1646
800 1371
629 1271
232 1057
590 1002
177 851
302 1004
976 1457
428 759
769 1426
287 820
199 989
444 1001
133 639
710 1230
948 1663
895 913
197 683
20 313
914 1604
550 1096
723 781
261 1078
490 1024
123 858
612 999
611 1504
916 988
282 1131
158 905
131 983
360 1312
713 1524
391 786
967 1363
392 990
691 963
796 843
407 749
884 1190
612 915
908 1717
706 1447
284 761
99 587
158 309
599 1322
495 720
194 986
302 1243
830 884
283 347
189 694
759 1252
850 1482
613 1542
241 673
759 1510
670 950
696 1174
396 614
853 1306
723 1323
928 1456
793 1563
922 1609
727 1560
704 1082
119 424
40 142
588 1395
883 1801
818 1746
954 1928
823 1796
651 1404
82 364
685 1242
14 769
594 1333
807 1408
711 1459
111 974
23 858
594 1405
443 663
199 926
474 855
571 1523
719 1422
571 640
490 783
136 645
33 859
486 992
12 492
201 301
293 527
779 789
155 387
453 942
790 1002
450 977
826 1305
380 1060
786 1295
760 1518
579 969
328 1289
768 1395
486 641
74 346
929 958
239 1108
22 201
669 1569
855 1737
916 1813
261 1189
795 796
66 584
650 689
871 1129
776 1301
75 376
193 829
190 935
517 980
4 540
772 1328
876 1067
834 1017
586 1092
986 1545
55 683
216 543
68 781
700 1149
374 1061
750 1026
551 805
430 691
330 1282
832 991
867 1153
316 1170
467 969
440 986
685 833
543 659
585 1230
590 1093
385 1239
432 1068
690 1185
394 1301
11 204
137 857
723 1716
35 88
283 595
518 1174
495 1090
137 403
247 1188
372 393
497 598
401 819
913 1285
621 1509
285 828
810 1691
891 1528
737 913
219 1170
739 1562
294 464
466 685
227 652
684 1133
179 270
24 163
992 1011
838 1576
240 518
566 1497
836 1284
226 389
470 831
862 1336
615 649
885 1147
315 535
456 1155
193 921
383 925
538 1420
289 1160
265 1032
685 924
55 177
471 863
382 774
257 1045
543 1315
484 827
26 598
585 700
450 699
447 1371
281 877
277 812
855 1240
507 937
292 477
909 1328
210 1178
705 1272
718 1471
28 722
342 667
509 570
336 506
667 987
585 1021
83 154
388 565
933 1722
233 684
611 1192
711 1570
629 1437
333 515
560 780
458 835
492 1417
729 972
787 1337
27 560
327 811
806 1725
785 1775
399 771
723 1375
366 878
305 680
219 730
513 634
822 860
795 884
43 653
748 1367
497 537
976 1782
2 835
302 643
300 381
875 1111
79 340
487 719
815 1327
108 457
202 1135
156 284
831 1726
564 1158
718 1338
210 1079
873 1611
759 1484
488 744
859 1789
178 1129
799 1472
779 1091
824 1044
447 853
590 1148
841 987
328 903
363 384
730 1437
374 1123
456 1004
511 675
672 841
215 282
81 806
743 1190
912 1569
864 1624
774 1561
333 1018
919 947
488 1368
547 1343
437 1396
183 1047
344 739
818 1278
376 688
114 225
346 484
426 1012
658 1473
233 992
862 1749
565 1006
470 1378
982 1523
178 457
265 455
149 653
225 723
976 1372
594 1477
774 1740
123 262
160 1056
683 1513
93 941
546 567
191 799
915 1163
123 603
398 672
686 1084
18 55
526 1450
770 1437
753 1566
340 626
239 567
81 442
799 1184
995 1677
483 746
309 944
19 691
411 1089
278 864
955 1661
196 232
948 1846
570 969
181 859
481 1174
174 985
106 1061
410 876
68 922
61 307
483 1341
727 888
683 1209
223 986
774 1308
582 976
66 519
353 637
674 1364
807 1386
43 260
280 830
225 1126
629 1352
237 534
639 726
521 1389
249 1103
126 535
351 1170
531 846
61 553
511 1174
345 880
994 1739
718 1318
256 1177
301 624
851 1527
230 281
39 184
265 1019
926 991
672 1201
522 1310
632 1423
681 816
125 1125
928 1879
980 1485
90 1008
515 1350
347 635
190 1141
923 1106
235 746
497 544
536 816
779 1180
485 700
204 837
531 789
520 903
137 605
116 536
815 1070
407 699
366 1217
16 1013
754 1540
593 1501
825 1094
720 1402
822 1006
301 320
984 1150
295 329
404 827
181 994
94 831
701 1262
822 1208
771 1533
410 596
25 779
857 1042
399 907
39 949
177 682
8 310
730 1389
698 1406
334 1095
377 1207
790 981
114 893
717 1300
621 1010
330 613
272 376
215 717
840 959
806 1602
104 593
602 1147
257 439
606 1579
655 1016
283 620
25 658
615 865
290 1248
234 789
606 1148
816 1402
375 794
308 535
847 974
915 1102
224 371
711 1161
114 396
595 892
600 770
901 1215
594 1300
238 682
855 1309
541 661
7 306
632 1030
834 1626
866 977
804 1118
691 1470
992 1951
150 318
180 433
20 775
937 1670
684 1085
209 966
335 795
896 1608
422 458
457 1236
779 1418
54 954
896 1718
292 605
107 221
255 914
266 350
864 1327
406 606
264 529
754 1585
125 980
445 687
966 1794
955 1366
688 751
223 846
773 1674
886 1077
664 904
209 567
757 777
15 853
340 1324
128 407
284 922
16 416
649 1641
705 1412
819 1209
165 262
301 388
748 1239
742 1237
618 1563
776 1325
932 1543
864 1735
538 836
425 1121
147 367
718 1481
1 150
220 408
672 1566
556 789
144 475
773 1176
977 1071
994 1284
939 1848
519 807
260 644
262 1225
712 1020
680 1301
928 1921
235 882
682 1620
440 1268
173 1038
489 620
820 1029
988 1760
739 1683
123 727
744 824
153 737
616 1219
378 593
726 1076
651 1506
364 512
764 1567
70 742
766 1069
362 431
891 1785
812 1416
334 1073
464 924
310 1081
958 1509
598 1550
579 1250
885 1414
665 1603
364 1104
382 794
681 1074
200 795
840 1560
713 1296
484 1413
960 1451
946 1163
829 1293
946 1410
664 1108
887 1817
615 662
365 785
95 227
30 93
726 1675
874 1830
702 1550
973 1434
682 1168
911 1820
634 949
142 738
619 1277
449 829
844 1788
523 876
429 1055
162 301
927 1328
126 846
500 1315
307 1277
221 1167
539 1394
686 1370
884 997
113 365
995 1453
259 619
475 502
723 861
886 1569
579 1278
565 716
197 534
857 1201
538 1344
782 794
408 582
561 1115
563 1055
360 1144
439 1426
443 520
519 1022
504 679
218 721
569 732
99 432
922 1834
738 1082
367 1009
906 975
964 1559
510 720
23 791
934 1015
919 1352
387 1017
416 846
93 382
86 672
694 863
975 1685
782 1766
538 752
169 231
682 1243
228 807
888 1008
693 1015
542 724
555 961
181 906
428 1284
173 177
819 1665
371 1190
339 1317
216 1120
616 1324
821 1789
36 287
115 329
786 1213
35 71
255 935
209 607
396 647
311 1299
475 956
968 1146
408 1159
208 651
600 1337
339 989
594 1351
964 1570
503 1250
701 1606
266 1065
583 1579
980 1642
313 1292
923 1471
335 477
42 851
532 652
548 1153
764 947
353 973
131 574
11 386
450 1006
802 1729
527 1189
225 797
790 1412
427 1328
627 1268
444 1071
437 622
569 1078
566 1129
666 1168
471 1020
301 640
883 1763
355 554
432 1355
959 971
361 1267
768 966
301 879
304 1026
558 630
751 1593
846 1284
636 857
253 585
317 405
303 624
535 1081
12 516
20 994
874 1448
393 1217
114 150
61 1009
187 1143
157 293
508 1402
874 1802
329 1279
609 1042
256 535
495 507
449 569
216 767
214 362
17 705
920 1230
188 1170
95 631
341 608
276 657
581 1558
889 1357
198 1102
868 1247
229 712
555 698
321 1159
971 1820
980 1584
839 1179
165 389
476 1103
894 1033
65 375
508 1496
844 1287
153 1113
974 1153
252 682
214 886
531 1511
246 765
622 1604
188 1181
888 1635
832 1011
568 1243
100 837
247 557
955 1065
205 1188
570 1295
653 1286
896 1698
63 447
319 1181
572 701
254 995
186 556
618 1560
715 1302
309 1043
813 1294
519 931
955 1909
23 994
32 661
51 375
447 1031
522 1209
510 653
934 1307
274 891
757 1735
534 1110
131 473
56 505
137 475
317 611
54 608
507 943
380 912
713 983
157 385
552 1539
444 623
716 1649
795 1135
204 943
123 336
595 920
552 639
749 1261
644 1415
467 807
195 975
681 1634
867 1361
759 1305
830 1042
594 732
66 786
335 1143
98 161
671 876
981 1436
605 753
983 1218
183 916
143 408
39 667
999 1211
938 1913
324 1275
832 1423
285 425
30 139
550 983
915 1127
830 1781
108 897
798 1790
867 1455
287 666
469 823
147 187
596 1260
910 1149
806 1647
220 336
446 1339
171 897
343 954
901 1892
36 152
487 1440
307 1023
723 1145
467 716
431 830
682 1539
242 814
176 247
32 691
626 834
233 992
401 552
291 989
348 542
59 937
961 1770
168 228
363 489
691 776
791 1469
934 1526
220 706
553 762
177 1139
355 511
570 1306
105 386
264 583
671 1007
747 1713
332 804
512 1484
885 1596
742 924
785 1219
438 486
774 1015
593 612
131 484
116 808
200 1178
290 856
611 1091
587 1505
105 1059
897 1211
376 894
381 579
207 1133
599 677
51 819
218 793
974 1086
391 1175
734 1178
827 1208
383 1000
394 1140
468 941
473 565
872 1322
952 1882
907 1244
350 906
515 1157
448 715
638 1204
981 1520
131 946
566 599
144 641
502 751
924 1475
648 1596
583 1522
543 1301
235 858
301 1103
63 239
335 938
567 803
772 1669
504 754
415 877
529 916
218 253
996 1894
140 266
686 1324
383 763
688 1489
909 1106
195 618
223 910
888 1307
505 1214
789 986
977 1211
79 501
196 1188
613 1411
751 1553
315 640
92 487
961 1001
502 606
23 423
37 80
783 902
733 1405
798 1785
222 472
787 796
449 874
714 1644
889 1702
51 231
951 1602
88 558
881 1169
602 1260
94 672
583 1194
833 1170
32 996
733 1107
302 1184
433 1401
853 1449
550 1381
999 1484
260 931
638 1328
245 1055
462 1011
358 581
505 988
566 1334
374 804
944 1548
63 442
78 801
563 1481
483 1459
119 761
212 800
126 488
927 1582
253 739
920 1362
180 325
819 872
799 1402
668 1088
40 865
714 1682
220 449
780 1126
923 1877
539 1048
11 610
367 634
19 552
445 1075
103 173
125 791
586 1441
896 1726
996 1476
673 777
255 266
811 1052
146 709
129 368
565 1023
230 293
258 1039
459 461
131 525
528 1415
146 873
509 622
854 1574
30 572
214 344
415 904
447 1051
49 462
410 1280
733 1251
724 1322
114 792
99 314
791 943
63 1002
0 270
119 958
690 767
413 1366
478 912
445 1444
23 128
618 1179
806 1196
292 305
504 1187
523 831
864 1122
84 597
299 754
162 790
326 1176
363 930
141 1057
640 993
171 499
594 1026
225 877
821 1374
444 453
338 946
89 817
391 1245
123 899
637 1527
532 633
47 407
403 1002
250 281
176 1165
147 513
95 372
374 864
465 504
153 711
118 663
680 1127
748 1289
226 425
946 1108
948 1419
390 659
337 1000
227 1196
217 1027
312 589
520 903
66 750
965 1078
877 1809
737 892
637 1013
272 1118
788 1671
916 1149
809 1372
880 1165
332 1025
388 583
803 1546
728 1725
112 295
664 714
540 621
196 323
142 561
298 1103
822 1805
498 1425
201 535
793 1313
599 805
95 709
572 934
495 917
512 738
30 71
763 802
46 80
613 684
543 738
936 976
139 784
341 539
209 1057
627 1191
232 819
537 708
764 820
236 984
944 993
330 1052
776 1210
610 885
85 785
942 1050
236 244
519 967
421 944
783 807
1000 1224
163 1058
170 891
96 982
409 1272
558 878
623 1246
50 1024
204 921
267 1109
24 944
919 1709
130 605
196 311
78 623
681 1242
503 802
312 1195
174 757
58 267
181 746
844 1555
314 737
579 1438
582 788
137 966
717 769
954 1078
934 1850
511 1018
258 409
246 522
41 142
853 1778
468 1269
21 822
972 1559
542 646
546 1232
781 1664
280 1168
216 725
81 478
261 640
582 594
39 664
503 1218
316 894
152 915
940 1498
274 1236
813 1298
66 403
962 1256
946 1370
509 749
590 978
909 1508
603 1031
582 800
715 1253
835 1600
633 1469
294 710
101 577
838 1140
521 1391
311 860
609 1235
854 1245
855 1737
311 362
667 758
807 1671
32 424
1000 1879
521 980
36 68 169 199 293 420 432 434 496 508 541 571 623 687 696 697 704 739 807 858 906 1038 1078 1205 1211 1228 1281 1329 1426 1436 1448 1506 1531 1609 1623 1700 1914 
33 21 45 106 110 125 153 318 430 486 609 614 721 813 930 951 980 982 1022 1115 1153 1212 1318 1368 1382 1390 1449 1527 1638 1652 1688 1824 1882 1958 
39 76 84 133 156 187 238 342 400 499 600 725 751 770 818 843 865 897 973 987 1017 1032 1047 1188 1333 1352 1355 1362 1392 1491 1503 1585 1587 1690 1704 1749 1768 1810 1964 1985 
39 42 177 248 267 288 290 302 309 355 587 626 656 670 723 742 893 1016 1031 1079 1086 1104 1165 1274 1314 1328 1350 1402 1423 1443 1483 1505 1529 1533 1585 1701 1743 1780 1904 1950 
46 19 54 77 312 436 443 468 521 643 670 696 710 804 827 850 889 932 948 958 959 961 972 973 978 997 1173 1178 1210 1338 1359 1391 1455 1500 1547 1570 1588 1621 1628 1649 1701 1705 1712 1771 1823 1923 1987 
34 3 74 171 306 430 454 568 636 703 721 740 940 1001 1010 1157 1220 1266 1280 1358 1380 1427 1452 1510 1535 1550 1624 1682 1711 1771 1793 1806 1854 1893 1913 
47 31 32 94 212 476 484 506 507 549 600 601 678 728 756 842 926 955 963 1004 1040 1087 1123 1159 1221 1296 1299 1342 1361 1382 1400 1474 1525 1564 1571 1632 1654 1658 1666 1712 1738 1739 1759 1817 1897 1907 1947 1962 
40 11 60 116 121 126 147 169 171 174 233 275 334 380 439 493 526 544 595 604 684 803 939 1000 1056 1210 1234 1284 1291 1307 1311 1358 1383 1450 1507 1543 1561 1727 1873 1908 1997 
23 9 10 264 331 450 471 474 523 728 1011 1126 1165 1192 1315 1489 1496 1528 1584 1724 1762 1775 1940 1962 
31 34 69 95 105 147 215 278 309 315 385 444 536 676 678 742 803 893 953 1045 1060 1168 1240 1283 1357 1378 1408 1467 1520 1671 1919 1983 
47 3 5 83 134 200 263 288 289 306 398 477 615 719 730 735 746 787 790 821 919 961 964 1009 1062 1129 1136 1216 1219 1281 1389 1401 1423 1436 1438 1487 1513 1557 1630 1690 1752 1753 1824 1846 1852 1930 1979 1980 
41 31 43 76 156 187 213 239 249 316 429 484 496 523 526 560 574 636 643 709 807 811 840 845 867 898 906 941 992 1067 1075 1151 1356 1395 1488 1565 1590 1595 1770 1868 1909 1937 
43 75 76 136 217 445 548 622 646 686 728 734 782 785 898 922 1037 1077 1137 1224 1250 1287 1343 1410 1412 1428 1521 1543 1548 1565 1571 1585 1659 1720 1772 1791 1836 1857 1864 1898 1924 1960 1980 1983 
32 156 206 308 479 503 654 773 776 832 915 931 938 1056 1154 1182 1225 1254 1284 1312 1317 1318 1447 1449 1485 1495 1551 1555 1683 1730 1778 1867 1947 
38 4 191 202 290 320 322 402 421 433 441 458 471 495 603 610 794 840 895 899 1030 1080 1085 1116 1164 1185 1222 1386 1450 1524 1617 1667 1702 1766 1768 1778 1867 1986 1993 
49 9 33 98 105 114 191 217 268 317 326 340 430 474 475 494 505 565 603 670 936 940 957 994 1003 1054 1075 1076 1120 1121 1208 1219 1348 1372 1399 1418 1497 1658 1668 1693 1727 1738 1780 1865 1869 1878 1908 1936 1944 1999 
32 87 148 157 172 262 305 347 380 432 465 510 613 670 752 758 815 829 911 947 1038 1051 1213 1296 1314 1437 1445 1607 1639 1669 1713 1768 1785 
35 0 33 73 82 113 320 480 524 533 564 726 818 828 882 919 958 986 1075 1083 1097 1153 1197 1275 1321 1398 1471 1538 1607 1634 1711 1808 1830 1831 1944 1989 
35 1 2 37 93 181 251 302 365 392 457 637 708 718 968 978 1036 1056 1201 1257 1259 1437 1560 1581 1595 1702 1737 1740 1742 1809 1853 1889 1895 1948 1969 1981 
34 33 34 46 132 147 187 268 290 332 366 367 455 493 523 625 653 718 789 915 1038 1262 1398 1404 1413 1512 1534 1558 1658 1673 1913 1914 1946 1963 1981 
35 75 102 115 367 460 499 676 681 709 835 843 1009 1068 1098 1186 1291 1445 1448 1464 1467 1480 1561 1579 1657 1673 1699 1700 1704 1706 1810 1828 1842 1907 1915 1963 
34 62 67 69 234 235 275 497 556 570 591 614 623 727 818 822 826 864 952 957 1013 1144 1178 1242 1244 1382 1419 1492 1581 1685 1700 1778 1910 1911 1912 
44 29 38 51 55 65 204 319 406 415 473 491 524 590 625 657 685 716 809 857 896 975 998 1012 1066 1086 1142 1214 1220 1260 1280 1287 1404 1519 1589 1627 1644 1664 1668 1721 1736 1755 1803 1912 1937 
44 43 143 214 224 252 363 412 501 557 562 619 622 658 675 749 847 884 914 946 973 1020 1121 1127 1155 1164 1276 1284 1354 1377 1388 1428 1471 1488 1511 1589 1699 1727 1731 1781 1786 1836 1902 1919 1996 
50 1 52 81 91 100 191 265 267 272 305 368 372 401 413 438 462 510 566 575 604 615 649 950 993 1053 1062 1132 1157 1184 1293 1319 1332 1354 1362 1437 1453 1466 1470 1516 1576 1577 1605 1609 1626 1632 1647 1675 1698 1820 1935 
35 46 59 82 87 228 346 498 537 585 622 663 731 736 768 843 956 968 990 991 992 1042 1043 1090 1101 1136 1139 1149 1236 1259 1509 1521 1604 1612 1698 1740 
45 5 55 79 105 108 128 147 170 195 238 435 501 503 516 542 576 890 944 975 980 1014 1020 1098 1161 1180 1273 1287 1330 1394 1452 1463 1465 1479 1573 1574 1646 1663 1691 1698 1704 1773 1828 1833 1929 1936 
38 47 143 196 211 283 328 343 369 417 471 559 561 594 662 766 768 769 897 903 1089 1099 1155 1159 1338 1440 1547 1548 1611 1667 1707 1732 1770 1800 1828 1850 1855 1904 1934 
31 35 98 99 274 414 438 504 589 606 811 826 996 1093 1117 1281 1332 1468 1555 1592 1602 1630 1665 1704 1741 1742 1758 1790 1822 1854 1860 1982 
35 20 36 113 157 226 295 304 346 359 478 586 633 663 671 709 933 935 1012 1079 1100 1177 1190 1263 1578 1638 1683 1718 1722 1743 1831 1846 1872 1919 1956 1993 
43 40 75 150 166 198 200 236 265 274 317 354 383 534 620 657 671 712 727 804 860 956 980 1013 1043 1064 1065 1139 1146 1197 1264 1328 1355 1422 1457 1600 1611 1663 1755 1809 1810 1920 1935 1949 
36 39 172 189 434 471 539 570 677 684 693 700 720 793 852 975 977 1002 1013 1097 1186 1258 1323 1327 1374 1420 1439 1486 1556 1572 1645 1660 1661 1686 1750 1849 1903 
51 6 117 143 169 214 217 282 286 301 329 332 334 351 369 379 407 428 622 705 739 799 830 884 910 939 1000 1084 1219 1259 1266 1314 1387 1418 1456 1465 1468 1508 1554 1565 1574 1581 1633 1689 1700 1737 1834 1836 1858 1859 1877 1936 
33 5 12 41 160 289 318 459 495 514 571 820 827 868 880 887 900 990 999 1054 1087 1099 1121 1279 1282 1327 1402 1425 1435 1560 1627 1660 1805 1998 
37 11 44 90 92 143 252 266 300 306 337 347 353 415 416 494 502 540 558 610 656 779 931 945 1016 1018 1045 1103 1163 1235 1260 1471 1559 1629 1859 1863 1939 1943 
35 79 86 100 126 135 182 402 540 650 722 810 846 874 914 985 1082 1115 1117 1137 1156 1201 1286 1327 1373 1402 1403 1453 1492 1495 1555 1583 1720 1805 1845 1963 
25 0 15 250 392 394 531 598 604 689 735 741 874 927 1039 1047 1058 1237 1305 1329 1587 1645 1697 1829 1891 1919 
51 13 19 157 201 265 279 308 327 335 413 414 486 528 537 570 726 748 775 804 805 816 837 845 867 872 880 899 938 956 962 1060 1144 1148 1160 1312 1334 1426 1472 1509 1512 1537 1688 1707 1790 1794 1812 1856 1857 1888 1912 1959 
41 7 121 180 362 418 431 434 461 475 560 578 626 708 825 964 973 1126 1136 1195 1212 1234 1240 1405 1408 1416 1421 1446 1464 1465 1495 1507 1515 1517 1535 1593 1696 1721 1779 1852 1916 1923 
41 16 30 134 145 158 252 310 317 360 385 390 420 463 514 562 570 609 632 740 748 782 1009 1034 1042 1084 1085 1192 1269 1274 1333 1355 1467 1498 1578 1647 1699 1744 1810 1904 1915 1956 
56 23 55 64 67 85 169 192 318 335 400 419 422 549 572 685 708 801 808 863 979 1004 1007 1016 1055 1069 1087 1117 1167 1205 1230 1244 1318 1340 1356 1360 1437 1454 1537 1596 1650 1660 1721 1726 1740 1747 1810 1817 1823 1854 1855 1860 1874 1887 1911 1975 1986 
32 167 254 288 338 344 399 419 522 558 611 652 708 715 744 767 808 925 951 959 1075 1138 1239 1275 1299 1426 1540 1581 1582 1682 1814 1816 1978 
35 10 107 165 241 449 474 496 542 557 606 650 677 696 734 778 812 818 865 929 1011 1035 1101 1128 1134 1167 1268 1278 1296 1324 1484 1588 1611 1778 1821 1871 
40 78 267 288 381 384 472 526 560 608 613 618 687 752 791 820 909 934 1000 1115 1278 1303 1347 1380 1398 1405 1448 1474 1548 1564 1588 1615 1634 1668 1716 1733 1740 1825 1829 1830 1937 
40 53 170 223 262 308 359 398 400 455 569 641 736 821 851 924 925 930 960 997 1064 1076 1106 1108 1191 1211 1233 1249 1369 1386 1393 1446 1502 1523 1584 1736 1807 1814 1915 1984 1989 
40 71 109 123 146 186 225 236 269 307 358 398 482 504 673 682 724 747 784 807 834 998 1049 1128 1159 1170 1226 1329 1360 1396 1418 1463 1509 1523 1572 1584 1614 1710 1762 1886 1942 
33 60 82 101 131 198 250 288 380 389 431 585 610 747 848 902 975 1002 1143 1184 1198 1393 1420 1519 1574 1631 1807 1813 1845 1906 1919 1928 1944 1945 
32 78 172 177 195 208 271 335 413 470 474 519 536 572 655 783 791 823 872 935 941 969 1048 1142 1158 1161 1258 1555 1660 1780 1816 1936 1942 
50 1 35 75 101 111 194 249 269 297 306 332 334 363 479 594 625 635 679 756 839 921 961 971 1060 1136 1155 1207 1271 1312 1327 1380 1394 1489 1610 1615 1616 1643 1681 1706 1709 1719 1734 1736 1741 1807 1879 1901 1943 1947 1998 
42 9 39 45 52 176 190 198 247 262 263 264 402 529 539 576 627 738 755 808 835 881 920 963 999 1019 1070 1129 1141 1172 1241 1265 1268 1282 1283 1306 1410 1597 1677 1777 1784 1792 1822 
47 6 70 109 110 127 193 199 284 425 457 460 487 499 592 607 641 654 691 819 855 862 907 959 1034 1039 1101 1104 1202 1260 1264 1427 1445 1463 1566 1584 1636 1672 1699 1737 1752 1784 1805 1814 1828 1829 1850 1988 
38 31 42 64 86 165 236 262 374 398 457 494 495 500 541 544 550 832 889 937 949 1009 1058 1156 1187 1190 1420 1428 1439 1509 1515 1521 1536 1579 1617 1720 1826 1918 1920 
34 10 78 99 328 498 553 556 605 672 708 806 831 899 917 1005 1088 1273 1327 1330 1349 1432 1470 1494 1663 1731 1745 1756 1779 1782 1853 1886 1926 1952 1983 
49 4 120 167 189 209 210 242 248 264 283 419 422 455 473 573 643 688 700 754 885 923 943 954 1025 1152 1188 1209 1220 1237 1289 1307 1315 1339 1384 1409 1429 1437 1475 1500 1529 1542 1592 1610 1626 1693 1711 1727 1859 1932 
32 4 16 32 471 540 570 602 621 689 716 839 972 991 1011 1056 1072 1095 1164 1167 1179 1246 1297 1313 1363 1403 1505 1553 1590 1726 1754 1962 1984 
46 15 192 255 303 437 470 478 522 593 652 668 669 674 740 777 885 914 957 983 1102 1169 1231 1233 1238 1248 1281 1311 1313 1355 1375 1445 1456 1478 1504 1536 1577 1682 1751 1757 1765 1808 1834 1844 1855 1894 1932 
32 49 236 248 363 456 485 505 574 599 719 792 797 826 863 942 946 950 1027 1076 1187 1209 1364 1424 1444 1674 1699 1736 1788 1830 1835 1947 1975 
38 32 161 175 177 599 655 670 673 745 799 844 854 868 990 1023 1036 1080 1098 1181 1184 1193 1201 1203 1239 1422 1463 1472 1554 1580 1624 1695 1731 1763 1803 1930 1941 1977 1979 
47 18 32 193 196 266 290 291 292 434 476 612 673 710 742 745 802 822 829 904 1053 1061 1100 1135 1141 1196 1239 1269 1284 1287 1292 1296 1340 1382 1412 1486 1487 1492 1493 1515 1547 1589 1694 1712 1763 1832 1891 1914 
35 65 84 102 173 179 201 234 305 310 365 498 517 638 654 738 766 809 1164 1224 1268 1299 1427 1488 1517 1520 1546 1698 1702 1714 1722 1749 1766 1780 1898 1977 
41 15 50 97 138 165 181 216 240 245 250 263 264 280 313 416 454 510 708 785 828 880 970 996 1030 1034 1055 1078 1223 1228 1265 1272 1477 1601 1668 1702 1710 1817 1875 1921 1945 1960 
42 63 115 225 244 287 343 360 399 405 423 456 471 489 595 606 642 646 658 743 766 767 836 840 963 998 1009 1041 1138 1356 1563 1577 1601 1645 1694 1719 1748 1806 1851 1853 1916 1955 1960 
39 12 18 51 104 129 225 273 275 292 297 339 451 466 504 586 594 713 739 759 827 865 913 962 1073 1227 1302 1381 1488 1508 1521 1545 1576 1595 1625 1742 1772 1788 1915 1921 
46 51 135 144 174 223 253 324 331 344 345 424 500 502 538 640 645 715 833 856 900 984 1041 1116 1124 1169 1175 1186 1234 1236 1321 1342 1381 1414 1472 1549 1626 1673 1683 1729 1769 1771 1801 1843 1871 1905 1995 
32 24 25 32 63 108 128 272 387 404 586 591 688 714 746 772 788 820 831 918 928 1077 1212 1244 1253 1285 1401 1433 1462 1516 1599 1886 1957 
33 76 145 263 430 482 559 618 743 842 861 863 898 903 944 981 1015 1033 1040 1115 1129 1138 1406 1594 1705 1718 1760 1789 1803 1835 1862 1893 1912 1959 
42 8 87 178 191 238 370 455 462 487 525 696 784 925 1014 1080 1088 1125 1154 1173 1176 1189 1203 1211 1245 1257 1345 1405 1411 1446 1517 1539 1568 1679 1703 1762 1776 1798 1813 1829 1843 1870 1926 
34 57 125 204 213 231 265 294 358 382 408 417 475 477 501 954 955 994 1044 1066 1124 1131 1240 1376 1435 1441 1467 1470 1566 1701 1800 1891 1920 1939 1975 
41 130 146 169 280 311 337 348 403 430 431 442 459 525 597 600 601 642 855 863 870 916 931 959 1044 1101 1108 1133 1183 1265 1527 1536 1671 1744 1754 1796 1807 1828 1837 1838 1962 1982 
41 56 157 222 229 366 382 415 435 497 628 645 672 674 783 810 819 879 901 987 994 999 1068 1115 1132 1152 1170 1258 1392 1438 1535 1570 1596 1609 1644 1687 1699 1703 1861 1905 1930 1933 
34 36 103 200 294 333 453 461 611 623 638 770 823 839 884 947 978 991 1069 1127 1250 1252 1294 1353 1426 1541 1558 1608 1614 1642 1680 1736 1876 1894 1996 
54 23 145 182 188 232 277 281 358 371 382 384 460 522 557 593 597 611 612 637 649 677 692 778 916 938 989 995 1011 1012 1052 1056 1058 1165 1171 1172 1263 1281 1390 1461 1464 1493 1522 1571 1582 1614 1648 1719 1767 1786 1861 1881 1913 1916 1981 
39 4 26 33 190 270 380 432 436 499 528 556 585 599 616 706 729 903 974 981 1146 1191 1194 1210 1247 1366 1379 1385 1403 1405 1435 1508 1541 1563 1683 1847 1888 1941 1948 1990 
40 17 36 121 123 191 257 293 349 462 471 500 580 666 844 883 1120 1198 1203 1257 1296 1368 1381 1409 1526 1542 1577 1587 1612 1625 1644 1651 1658 1670 1820 1893 1924 1950 1956 1965 1981 
37 1 17 40 85 171 183 197 203 276 341 378 383 405 576 631 694 714 749 814 896 1053 1063 1139 1187 1222 1264 1465 1487 1609 1671 1705 1738 1741 1782 1841 1895 1988 
49 0 24 25 50 104 122 163 235 251 294 321 382 383 389 414 456 482 493 550 552 573 579 602 613 672 722 731 736 771 787 795 811 896 901 923 979 1032 1067 1257 1285 1320 1325 1503 1637 1672 1782 1815 1923 1966 
40 50 57 63 76 166 364 400 436 474 524 546 667 727 741 743 916 958 1003 1078 1157 1321 1408 1471 1485 1556 1570 1579 1652 1686 1688 1722 1761 1769 1822 1831 1856 1861 1889 1960 1988 
34 51 66 82 97 149 157 160 267 280 461 500 742 743 774 793 809 839 852 864 875 876 1086 1189 1234 1241 1313 1513 1678 1707 1721 1782 1961 1968 1975 
39 66 85 98 144 175 236 338 358 493 623 641 786 830 907 938 965 976 1091 1114 1133 1224 1233 1300 1360 1378 1416 1419 1474 1614 1655 1666 1748 1763 1790 1809 1870 1906 1941 1974 
47 12 33 99 221 234 265 331 416 435 440 467 472 489 645 691 776 846 871 897 915 916 922 943 958 973 1013 1054 1107 1122 1141 1143 1171 1192 1228 1280 1286 1288 1329 1398 1448 1454 1484 1499 1567 1743 1851 1869 
35 70 307 361 409 415 537 548 586 614 681 683 714 774 852 928 974 1010 1104 1184 1214 1227 1351 1358 1361 1436 1440 1446 1490 1618 1738 1770 1804 1885 1899 1963 
46 34 80 121 250 314 330 333 366 375 381 414 473 562 567 653 661 679 691 709 746 901 915 923 974 995 1044 1120 1165 1219 1331 1397 1414 1506 1535 1575 1590 1609 1626 1630 1667 1762 1788 1819 1844 1900 1925 
38 82 176 205 221 303 338 368 381 490 506 526 564 655 667 688 740 744 827 869 906 983 993 1239 1242 1262 1293 1296 1465 1475 1493 1504 1567 1604 1778 1804 1816 1821 1986 
47 35 55 88 101 127 220 263 271 305 414 455 493 521 522 525 529 530 658 707 814 832 864 991 1093 1162 1168 1235 1322 1329 1341 1370 1381 1421 1494 1507 1540 1577 1580 1625 1628 1692 1733 1798 1917 1918 1938 1943 
40 2 89 183 298 314 325 331 466 478 503 544 651 774 802 818 824 841 906 941 1001 1002 1019 1054 1244 1370 1389 1466 1467 1491 1560 1603 1738 1745 1780 1833 1836 1862 1865 1945 1968 
50 2 4 11 54 64 100 121 218 243 298 315 342 372 421 492 569 588 651 710 713 739 807 810 816 820 828 898 948 1020 1037 1054 1118 1202 1316 1379 1389 1556 1620 1624 1645 1659 1672 1709 1824 1831 1834 1835 1886 1890 1987 
33 83 101 211 279 369 415 672 677 687 689 753 847 910 924 928 941 948 995 1065 1193 1207 1232 1281 1333 1418 1563 1692 1721 1762 1808 1845 1867 1931 
32 0 20 157 196 232 333 379 390 421 456 481 652 674 772 843 977 982 1057 1176 1326 1406 1464 1518 1582 1703 1730 1827 1833 1869 1892 1922 1977 
35 58 172 187 195 384 393 420 453 525 565 574 801 840 892 905 915 936 962 985 1011 1019 1024 1097 1111 1221 1378 1382 1498 1556 1767 1813 1832 1880 1884 1987 
37 5 32 61 104 232 262 278 333 341 364 399 406 423 432 442 461 523 527 587 680 871 975 1100 1229 1288 1298 1328 1413 1463 1485 1510 1601 1631 1814 1868 1899 1945 
42 53 75 220 298 398 403 477 483 505 530 550 575 596 600 642 786 788 796 805 813 818 846 940 1115 1139 1152 1159 1170 1232 1305 1314 1369 1494 1511 1557 1584 1632 1674 1748 1840 1867 1991 
39 118 160 183 216 233 240 319 351 410 475 489 670 676 914 925 927 938 1012 1066 1137 1232 1249 1259 1303 1306 1379 1380 1420 1445 1582 1603 1696 1698 1725 1752 1887 1922 1940 1946 
33 6 112 178 353 408 463 493 520 573 649 751 853 858 911 1125 1149 1153 1168 1220 1285 1286 1410 1428 1429 1435 1539 1565 1779 1834 1901 1970 1978 1979 
38 18 30 61 327 330 371 457 467 572 624 630 652 754 766 841 842 862 909 924 1133 1155 1160 1186 1210 1234 1285 1305 1422 1429 1505 1577 1624 1631 1648 1807 1832 1965 1978 
42 0 31 41 56 98 120 162 188 336 454 652 663 672 688 695 845 1033 1041 1099 1197 1203 1304 1367 1398 1419 1551 1568 1577 1582 1618 1632 1658 1675 1746 1778 1784 1815 1909 1913 1925 1971 1976 
45 0 3 133 144 150 162 178 181 239 310 311 396 466 509 544 685 744 773 854 867 871 1033 1061 1132 1250 1254 1270 1357 1359 1400 1451 1488 1599 1629 1728 1730 1751 1792 1808 1829 1886 1889 1942 1975 1992 
41 81 91 102 218 232 365 379 404 418 435 516 541 624 680 690 730 752 782 838 869 990 1004 1154 1167 1220 1222 1246 1311 1317 1484 1579 1582 1655 1707 1725 1794 1795 1870 1890 1897 1916 
34 35 56 124 172 189 218 245 340 366 401 469 568 591 607 651 698 729 760 777 881 914 1080 1094 1109 1172 1209 1261 1377 1468 1639 1686 1774 1895 1914 
38 131 295 323 350 400 490 504 599 626 643 701 784 802 882 919 954 1061 1071 1189 1201 1260 1282 1348 1388 1490 1516 1634 1723 1753 1789 1818 1875 1891 1941 1953 1958 1967 1994 
39 19 60 171 216 239 251 260 325 352 371 386 404 407 457 458 632 642 643 686 746 866 897 924 954 1031 1076 1116 1216 1282 1322 1383 1436 1524 1627 1650 1661 1784 1804 1911 
51 26 38 44 77 212 222 249 269 272 339 341 361 444 479 573 607 623 644 662 680 697 704 741 773 809 870 916 990 1092 1105 1133 1147 1207 1217 1299 1302 1308 1312 1315 1383 1466 1610 1615 1633 1661 1682 1708 1735 1765 1781 1911 
37 31 54 139 157 169 379 385 425 565 578 583 653 764 795 829 883 886 1016 1031 1040 1055 1104 1145 1185 1204 1366 1378 1387 1498 1558 1635 1647 1664 1706 1794 1874 1917 
53 103 109 163 202 203 232 290 292 359 374 436 454 511 558 635 681 688 694 715 742 744 767 787 806 819 849 856 896 919 978 1062 1097 1125 1135 1173 1186 1208 1246 1310 1314 1317 1487 1514 1517 1555 1583 1594 1610 1611 1645 1781 1890 1903 
37 3 59 114 262 292 299 300 340 343 378 401 538 543 589 590 671 675 757 769 824 980 1083 1117 1189 1303 1320 1466 1552 1569 1586 1635 1644 1649 1666 1722 1838 1983 
40 1 31 162 320 323 441 602 650 734 789 905 926 972 1062 1086 1098 1108 1185 1190 1225 1261 1296 1311 1346 1377 1423 1525 1541 1634 1637 1665 1689 1718 1733 1747 1795 1804 1867 1887 1924 
35 39 81 90 106 212 355 380 549 622 639 693 699 862 865 869 904 996 1003 1006 1009 1012 1015 1035 1110 1145 1301 1339 1403 1456 1485 1531 1567 1872 1975 1979 
37 53 59 60 190 276 288 296 386 402 416 477 492 521 531 561 589 609 647 648 750 850 921 1060 1174 1213 1221 1223 1242 1277 1316 1586 1631 1828 1879 1883 1892 1961 
37 32 40 42 44 96 243 255 367 538 571 624 628 775 801 944 983 1075 1079 1119 1134 1223 1225 1258 1280 1400 1404 1418 1421 1453 1505 1507 1579 1661 1803 1818 1937 1938 
36 107 148 170 185 215 253 473 634 647 666 711 730 747 751 783 840 882 899 1025 1116 1165 1185 1292 1424 1626 1659 1702 1730 1754 1769 1837 1852 1856 1889 1976 1995 
41 58 103 158 161 195 207 256 285 287 300 305 310 341 362 398 432 575 596 599 694 720 778 930 954 961 1035 1098 1208 1251 1268 1399 1549 1613 1692 1719 1748 1868 1985 1990 1991 1994 
36 143 285 430 442 506 521 562 588 679 727 739 830 881 922 972 995 1034 1147 1155 1166 1187 1206 1226 1267 1402 1469 1511 1518 1557 1693 1778 1779 1833 1878 1940 1973 
41 1 14 30 106 159 188 213 314 458 527 543 733 774 830 844 861 883 952 985 1000 1115 1184 1202 1290 1310 1340 1357 1369 1522 1555 1561 1579 1616 1662 1761 1763 1764 1817 1952 1969 1997 
34 105 125 126 136 171 188 411 615 627 631 641 642 819 859 862 865 873 880 891 979 1243 1459 1511 1545 1580 1602 1646 1739 1757 1766 1811 1853 1964 1976 
40 39 57 79 92 103 173 249 435 467 585 587 590 630 690 722 728 836 866 873 959 996 1018 1076 1095 1140 1145 1167 1214 1300 1386 1464 1538 1695 1719 1737 1761 1779 1822 1881 1937 
33 37 89 308 359 391 518 621 692 770 841 862 891 999 1135 1165 1267 1286 1458 1514 1557 1558 1625 1651 1749 1805 1812 1854 1880 1917 1934 1936 1938 1968 
41 52 84 89 146 163 284 288 350 388 410 653 730 755 842 886 890 941 946 967 1055 1099 1102 1140 1284 1354 1376 1383 1390 1407 1477 1512 1661 1717 1718 1740 1850 1852 1911 1928 1939 1954 
37 16 52 70 83 120 137 186 248 319 335 414 438 494 567 590 603 690 767 908 993 1038 1063 1120 1227 1302 1313 1377 1381 1387 1646 1660 1756 1783 1835 1850 1890 1976 
49 14 55 63 88 215 234 251 306 311 312 351 361 364 433 519 563 570 644 651 712 755 783 790 824 840 960 987 1103 1166 1170 1222 1237 1247 1248 1336 1344 1361 1366 1573 1651 1670 1724 1755 1770 1833 1855 1860 1871 1944 
47 2 51 72 78 145 247 289 399 446 472 571 584 682 701 721 787 863 918 984 994 1055 1128 1224 1271 1301 1313 1356 1363 1376 1391 1401 1464 1469 1476 1478 1553 1602 1619 1674 1684 1732 1899 1937 1976 1978 1990 1992 
32 13 99 309 323 324 336 413 476 536 574 599 639 647 685 797 843 917 967 1048 1134 1232 1261 1274 1298 1403 1457 1586 1645 1852 1870 1898 1965 
42 66 117 197 268 269 381 600 641 670 678 680 710 768 769 798 833 839 855 902 905 914 926 992 1029 1042 1081 1123 1262 1289 1446 1507 1510 1630 1636 1658 1690 1741 1779 1793 1864 1956 1958 
37 10 59 122 196 232 273 307 377 535 654 801 825 900 954 994 1043 1059 1150 1152 1339 1359 1384 1400 1513 1537 1545 1613 1659 1716 1747 1797 1808 1871 1889 1911 1978 1993 
33 219 221 227 248 274 312 378 385 399 496 742 766 808 821 869 896 993 1030 1106 1136 1312 1361 1380 1384 1506 1535 1629 1636 1682 1683 1690 1765 1946 
27 6 30 81 152 199 261 622 629 664 711 749 920 1031 1329 1363 1542 1586 1591 1702 1719 1833 1840 1844 1851 1873 1875 1941 
43 45 58 180 358 398 459 464 627 685 694 711 743 767 786 794 805 888 896 934 1037 1085 1156 1181 1233 1345 1366 1430 1485 1487 1537 1568 1580 1619 1668 1688 1691 1709 1763 1783 1816 1882 1980 1981 
38 33 36 76 128 136 140 288 337 404 453 513 558 601 660 717 732 791 844 956 960 1059 1142 1270 1312 1342 1356 1362 1515 1543 1606 1684 1725 1747 1782 1785 1851 1912 1942 
41 37 128 159 170 243 256 349 384 426 483 494 556 576 600 616 644 714 753 803 823 938 982 991 1023 1075 1077 1084 1144 1184 1265 1358 1450 1509 1546 1596 1703 1715 1786 1849 1950 1966 
35 28 30 51 53 76 81 100 120 168 175 414 441 447 454 473 557 678 759 770 915 920 949 964 1134 1152 1206 1271 1399 1424 1591 1594 1664 1829 1841 1958 
39 0 78 111 193 253 261 363 370 426 581 653 665 701 762 793 829 863 890 912 932 1030 1035 1053 1153 1296 1388 1482 1559 1563 1589 1593 1661 1764 1838 1850 1867 1939 1956 1987 
47 2 138 192 315 333 334 362 365 373 400 407 495 523 528 531 559 579 606 619 620 645 650 702 726 823 840 880 922 976 1057 1102 1241 1288 1295 1311 1316 1331 1335 1338 1356 1593 1662 1753 1787 1839 1906 1921 
44 12 21 34 107 146 158 226 257 332 348 479 547 685 697 716 727 768 803 834 841 842 1010 1081 1168 1206 1359 1367 1422 1527 1544 1627 1654 1683 1703 1793 1830 1887 1892 1896 1898 1927 1957 1959 1977 
48 20 62 173 391 458 471 472 514 542 612 624 670 749 771 801 877 934 955 990 1071 1148 1205 1238 1243 1272 1311 1328 1371 1409 1422 1438 1451 1466 1473 1540 1560 1581 1585 1588 1641 1659 1694 1708 1718 1743 1887 1912 1927 
44 1 37 65 135 161 177 189 211 230 291 311 480 570 587 626 671 687 693 732 751 851 907 947 1018 1083 1122 1132 1176 1193 1205 1219 1330 1377 1384 1452 1561 1569 1666 1806 1820 1830 1888 1936 1971 
22 48 79 85 169 314 341 449 472 497 538 604 647 824 964 981 1046 1204 1234 1685 1738 1811 1851 
45 31 52 119 134 190 272 277 281 289 349 354 393 498 501 559 588 617 671 679 684 741 977 1056 1079 1090 1109 1110 1158 1226 1241 1247 1315 1336 1407 1463 1510 1581 1684 1689 1737 1830 1836 1868 1913 1956 
36 22 97 129 188 193 208 263 401 452 464 502 537 545 561 685 737 844 846 878 898 947 1010 1064 1232 1239 1327 1341 1346 1479 1629 1659 1689 1698 1750 1900 1905 
35 3 36 122 152 213 263 264 361 484 526 691 692 731 772 777 781 802 857 905 944 972 1010 1135 1256 1283 1298 1425 1486 1499 1584 1587 1600 1783 1937 1991 
36 53 54 106 132 197 262 270 275 288 456 465 495 645 768 769 822 849 929 1122 1153 1164 1184 1202 1267 1333 1335 1336 1350 1398 1446 1465 1591 1625 1728 1890 1984 
32 79 99 329 432 508 626 675 739 792 819 908 942 1127 1201 1238 1282 1355 1373 1418 1478 1512 1514 1564 1569 1687 1718 1803 1812 1829 1867 1951 1985 
43 46 103 130 148 175 332 386 413 511 536 644 675 746 789 800 822 921 957 960 996 1023 1118 1132 1146 1282 1455 1475 1484 1495 1559 1583 1612 1627 1640 1662 1751 1821 1828 1831 1858 1896 1959 1976 
44 23 50 97 254 259 264 291 313 419 492 524 539 540 543 572 601 686 695 697 708 730 771 782 801 803 824 833 849 852 951 966 1006 1037 1050 1205 1263 1306 1328 1460 1494 1526 1628 1792 1938 
52 75 194 214 242 258 267 276 278 282 468 497 522 555 656 708 709 713 747 784 806 848 860 963 983 997 1078 1103 1113 1191 1196 1230 1233 1259 1311 1316 1334 1364 1380 1415 1510 1519 1587 1606 1667 1806 1818 1850 1876 1896 1916 1922 1980 
39 132 164 184 249 266 398 433 517 551 588 822 837 918 942 993 1032 1116 1158 1169 1206 1220 1236 1330 1419 1432 1435 1459 1460 1497 1578 1622 1687 1746 1780 1831 1936 1956 1964 1992 
42 56 160 187 212 322 387 397 403 418 427 455 502 521 525 668 695 748 758 761 788 832 897 902 988 1118 1203 1207 1245 1319 1332 1349 1365 1381 1398 1489 1544 1600 1811 1825 1852 1872 1988 
38 8 158 203 211 233 239 295 331 346 480 599 618 628 683 689 695 752 929 966 997 1007 1130 1199 1202 1238 1286 1301 1327 1434 1484 1485 1583 1663 1761 1854 1857 1976 1977 
39 98 124 127 214 316 474 532 547 575 577 689 692 821 823 825 841 902 907 955 973 974 1021 1067 1182 1294 1572 1598 1620 1624 1646 1658 1760 1804 1823 1839 1877 1913 1958 1987 
40 50 97 146 151 209 265 308 348 415 476 495 581 647 713 733 761 804 862 866 960 974 989 1005 1035 1156 1235 1245 1253 1461 1481 1501 1505 1513 1534 1593 1746 1839 1842 1858 1986 
45 4 72 75 116 142 149 156 174 192 264 268 338 482 532 552 570 571 591 592 750 825 866 1046 1060 1096 1166 1243 1297 1298 1335 1337 1347 1491 1499 1556 1566 1659 1669 1708 1709 1765 1789 1894 1921 1979 
34 7 216 306 326 333 340 372 481 769 771 787 939 940 972 1080 1091 1100 1103 1121 1168 1333 1360 1411 1454 1458 1490 1612 1624 1635 1758 1868 1893 1899 1917 
40 43 60 65 71 77 213 277 304 360 496 503 529 542 622 623 632 765 788 867 1014 1022 1030 1077 1084 1087 1221 1427 1447 1476 1548 1647 1672 1739 1786 1803 1832 1869 1870 1907 1926 
35 97 172 276 291 299 362 500 507 523 624 698 729 783 790 1026 1049 1057 1141 1179 1236 1242 1257 1312 1541 1642 1676 1711 1724 1744 1785 1803 1841 1873 1931 1977 
39 122 223 227 235 241 364 438 453 515 579 592 602 656 712 770 802 828 853 888 899 926 972 981 1099 1231 1412 1415 1519 1539 1635 1640 1646 1663 1667 1675 1682 1722 1764 1918 
39 86 97 124 158 198 215 362 439 527 602 646 690 754 817 821 835 880 945 973 976 993 1036 1064 1081 1134 1166 1199 1208 1276 1411 1546 1557 1612 1633 1729 1742 1859 1890 1948 
42 9 54 80 176 269 338 376 508 512 543 617 642 651 702 766 839 841 862 923 1034 1076 1174 1260 1315 1354 1371 1423 1424 1435 1447 1518 1663 1750 1791 1796 1869 1914 1959 1966 1967 1980 1991 
33 99 273 492 518 601 655 671 676 693 735 753 792 813 949 986 1001 1017 1106 1201 1269 1281 1297 1344 1404 1518 1624 1781 1810 1888 1891 1949 1955 1982 
45 131 139 161 173 189 190 395 436 472 480 488 533 578 603 674 739 775 780 831 881 990 1063 1082 1116 1119 1133 1154 1226 1283 1298 1309 1343 1363 1379 1506 1561 1573 1660 1662 1761 1769 1773 1782 1806 1849 
43 16 35 141 212 258 307 331 378 432 454 513 546 582 593 605 711 812 826 883 898 921 976 984 1111 1126 1134 1186 1194 1207 1233 1290 1297 1424 1464 1508 1594 1625 1685 1699 1713 1736 1763 1886 
39 15 91 233 248 266 286 290 339 485 498 534 605 644 712 847 880 888 889 896 977 1021 1024 1059 1117 1123 1204 1273 1283 1297 1334 1383 1507 1514 1524 1710 1728 1761 1767 1811 
34 38 52 185 190 194 233 315 395 497 507 527 608 627 673 702 866 917 966 1032 1238 1263 1325 1379 1402 1431 1441 1505 1520 1528 1562 1615 1693 1778 1801 
30 94 102 413 658 720 734 750 917 982 1079 1272 1319 1484 1486 1490 1500 1525 1539 1544 1585 1669 1785 1797 1809 1815 1862 1872 1952 1970 1972 
35 156 211 281 361 431 528 586 610 649 670 729 757 862 943 957 1030 1059 1135 1156 1164 1225 1255 1339 1444 1508 1520 1522 1547 1665 1705 1729 1873 1876 1889 1984 
42 61 68 108 144 162 291 321 422 472 488 505 513 515 629 785 851 921 927 950 967 1018 1053 1054 1077 1097 1161 1262 1303 1392 1431 1442 1489 1532 1577 1684 1957 1958 1967 1970 1976 1978 1995 
44 34 78 97 112 169 237 240 260 324 334 337 344 398 431 608 633 636 673 686 741 815 818 1054 1137 1180 1219 1269 1308 1359 1370 1463 1473 1506 1538 1544 1550 1578 1590 1687 1837 1858 1917 1978 1982 
43 2 40 77 83 100 217 256 296 309 358 418 453 473 564 566 624 625 637 699 717 744 896 932 1021 1083 1124 1171 1331 1338 1449 1472 1489 1506 1536 1543 1616 1682 1756 1762 1851 1896 1920 1982 
34 11 75 215 235 237 313 359 367 387 424 475 476 481 486 820 876 933 1010 1081 1098 1172 1237 1296 1304 1376 1401 1497 1502 1562 1588 1728 1868 1897 1933 
42 30 88 156 164 170 213 311 336 358 418 437 509 521 539 732 745 776 972 1015 1119 1143 1201 1241 1270 1379 1399 1419 1425 1431 1452 1455 1490 1512 1691 1692 1744 1802 1812 1819 1828 1829 1849 
26 37 90 98 334 373 388 478 536 577 717 881 897 898 918 1017 1103 1107 1312 1328 1331 1454 1530 1545 1551 1580 1745 
31 104 144 206 244 259 346 379 440 469 539 580 650 900 904 1017 1030 1059 1082 1138 1153 1221 1261 1264 1540 1629 1653 1664 1669 1678 1789 1916 
35 80 271 416 458 499 512 530 683 726 782 785 880 955 1002 1011 1068 1097 1100 1123 1137 1258 1266 1279 1300 1313 1334 1451 1484 1591 1598 1613 1616 1723 1832 1843 
32 204 237 246 248 294 316 378 388 687 756 839 885 954 1070 1154 1277 1280 1289 1341 1362 1376 1430 1445 1450 1557 1645 1650 1670 1847 1957 1973 1983 
45 7 41 95 145 156 173 187 211 212 270 274 292 321 335 343 448 506 557 706 771 884 1065 1101 1188 1196 1245 1251 1267 1316 1365 1420 1458 1492 1530 1535 1661 1732 1745 1767 1809 1839 1914 1949 1979 1989 
34 3 68 149 266 335 340 359 399 465 509 633 709 794 850 897 917 976 1061 1133 1229 1296 1298 1378 1421 1436 1677 1683 1714 1725 1784 1814 1903 1913 1953 
50 14 27 83 133 143 169 171 197 427 443 448 471 478 521 559 599 628 716 743 834 965 1015 1058 1105 1108 1109 1143 1183 1190 1232 1237 1240 1256 1311 1355 1372 1385 1391 1449 1609 1617 1648 1658 1665 1707 1720 1925 1938 1964 1992 
41 79 143 155 238 262 360 368 402 439 492 501 582 617 672 681 796 863 881 1078 1091 1094 1233 1425 1442 1496 1559 1583 1597 1605 1743 1759 1762 1783 1816 1820 1828 1830 1867 1918 1966 1994 
42 62 100 188 201 219 342 347 352 524 545 577 711 789 798 801 882 886 896 917 1036 1053 1104 1142 1280 1335 1406 1417 1440 1464 1536 1609 1700 1729 1751 1791 1849 1888 1894 1915 1928 1943 1972 
45 22 86 129 156 170 174 179 232 250 332 381 417 471 483 494 536 554 601 603 677 713 1063 1119 1206 1276 1280 1300 1313 1315 1340 1387 1469 1508 1558 1559 1644 1659 1664 1685 1710 1781 1929 1938 1951 1960 
38 122 153 189 234 383 475 622 625 631 710 737 772 845 870 885 909 1010 1028 1039 1058 1136 1235 1299 1307 1337 1439 1477 1526 1613 1623 1768 1840 1849 1911 1929 1969 1975 1986 
40 17 53 121 125 140 184 224 291 301 437 545 634 660 661 686 842 856 992 997 1090 1119 1204 1222 1324 1538 1546 1560 1621 1653 1662 1698 1787 1817 1832 1848 1875 1887 1900 1939 1940 
38 58 130 137 176 228 342 405 464 473 511 537 740 750 806 831 849 903 908 914 1022 1033 1057 1075 1194 1209 1280 1282 1317 1364 1377 1469 1523 1555 1720 1746 1821 1866 1984 
48 84 101 102 110 123 124 211 289 309 325 357 525 537 556 571 572 630 657 715 719 739 740 804 846 882 922 939 975 1246 1318 1323 1332 1365 1377 1385 1395 1418 1441 1533 1592 1661 1705 1723 1764 1799 1838 1900 1902 
43 59 66 93 120 123 159 164 219 270 296 307 313 336 430 481 546 547 629 674 733 862 933 939 942 945 972 973 1110 1135 1166 1175 1252 1304 1451 1598 1628 1664 1671 1764 1819 1846 1965 1979 
48 2 8 33 41 50 144 158 195 214 339 360 394 411 479 527 646 712 728 745 780 802 1009 1107 1152 1204 1232 1280 1320 1438 1583 1613 1644 1660 1670 1696 1697 1741 1787 1807 1812 1815 1834 1841 1868 1911 1923 1927 1940 
41 13 233 246 271 312 336 337 353 399 457 487 526 572 671 675 741 747 760 768 887 918 1024 1102 1171 1191 1258 1262 1270 1302 1364 1463 1578 1610 1662 1685 1698 1714 1715 1726 1787 1857 
51 98 144 159 218 222 224 252 389 417 522 548 643 665 698 708 726 811 819 838 850 894 928 979 1089 1112 1165 1175 1223 1257 1311 1480 1486 1556 1597 1626 1641 1660 1662 1676 1697 1723 1739 1766 1788 1805 1922 1954 1959 1972 1982 1985 
43 6 8 77 126 174 194 207 305 456 498 522 561 608 649 659 709 744 916 962 998 1014 1030 1125 1140 1166 1174 1177 1211 1215 1336 1357 1453 1462 1559 1562 1575 1578 1592 1624 1638 1888 1892 1977 
37 219 370 398 443 445 512 573 580 648 690 700 741 745 766 786 1055 1065 1122 1132 1169 1185 1187 1261 1301 1332 1365 1407 1486 1537 1555 1564 1701 1739 1783 1818 1918 1956 
37 38 47 69 120 154 297 305 316 409 433 485 536 541 558 641 657 727 801 887 945 954 977 1098 1106 1162 1195 1275 1376 1393 1418 1550 1644 1660 1706 1737 1806 1915 
48 5 61 293 350 413 437 439 488 585 648 769 810 839 864 880 904 920 935 965 978 1005 1053 1099 1185 1240 1248 1317 1337 1354 1367 1378 1401 1407 1421 1455 1542 1599 1603 1622 1649 1700 1708 1813 1842 1853 1874 1886 1957 
39 62 80 88 220 235 254 289 305 306 447 607 660 726 727 801 851 897 919 974 976 998 1027 1028 1032 1331 1385 1386 1456 1457 1611 1612 1761 1785 1809 1815 1831 1961 1981 1988 
29 73 80 257 345 463 627 646 664 738 767 868 1074 1118 1124 1158 1162 1195 1212 1343 1549 1558 1562 1628 1701 1726 1761 1805 1874 1961 
36 57 64 97 194 273 301 356 401 428 446 453 460 563 589 616 619 740 784 785 821 848 1008 1100 1140 1188 1202 1243 1360 1408 1413 1493 1701 1749 1819 1895 1912 
36 14 22 30 56 58 266 293 345 496 551 563 609 641 659 676 682 766 805 854 920 977 1066 1105 1115 1132 1371 1399 1658 1781 1828 1835 1837 1848 1902 1946 1985 
39 7 13 30 31 50 54 151 241 267 310 477 538 605 635 648 691 705 748 786 820 859 956 988 1097 1157 1285 1297 1309 1330 1354 1423 1522 1586 1683 1750 1856 1887 1893 1989 
31 87 193 205 211 237 270 295 322 433 453 556 699 703 732 733 892 991 1076 1126 1160 1249 1314 1447 1658 1691 1704 1891 1901 1924 1980 1990 
39 38 55 57 77 187 234 344 352 431 434 492 524 661 731 812 881 924 979 992 1053 1082 1085 1102 1117 1235 1358 1447 1516 1552 1611 1684 1698 1703 1713 1778 1808 1897 1957 1971 
39 0 242 268 299 307 360 405 417 454 645 726 728 801 819 848 853 868 986 1014 1088 1105 1107 1164 1200 1297 1406 1443 1448 1470 1473 1484 1523 1536 1665 1666 1739 1871 1975 1983 
32 67 202 255 358 406 408 492 497 560 599 642 763 779 820 901 946 992 1013 1112 1120 1255 1357 1376 1501 1609 1644 1742 1757 1804 1811 1892 1912 
50 127 159 179 216 279 345 520 634 659 671 845 857 875 918 940 943 995 1001 1012 1031 1033 1057 1089 1101 1188 1215 1328 1337 1368 1394 1435 1496 1505 1532 1579 1618 1630 1633 1637 1656 1659 1684 1686 1706 1724 1736 1772 1778 1849 1877 
40 21 84 180 182 262 339 398 431 459 516 553 629 717 718 729 737 773 818 864 923 927 958 999 1092 1236 1266 1314 1327 1400 1430 1481 1610 1658 1676 1682 1695 1734 1779 1813 1951 
35 160 188 192 363 378 382 403 440 515 577 644 648 662 782 783 847 862 1026 1118 1213 1218 1322 1468 1476 1491 1511 1538 1578 1580 1699 1773 1799 1840 1863 1872 
