200 2000
471 1259
657 922
647 1461
247 1126
452 693
810 905
511 1034
386 1151
911 1270
160 397
556 1043
443 1284
438 1326
762 1059
554 745
292 621
753 1661
952 1415
869 1209
674 980
538 1322
956 1110
24 123
919 1263
517 819
292 430
897 1031
448 803
985 1308
844 975
281 556
796 966
920 1021
209 802
506 666
672 1569
603 741
168 829
530 1350
701 1383
856 1739
826 1257
26 265
347 1330
443 1379
228 1228
890 1775
342 1178
286 1215
818 854
579 1412
344 1170
708 1044
508 1484
507 1418
925 1637
667 1584
753 1057
623 897
546 563
114 436
431 1127
804 1408
837 1174
3 328
425 714
846 1665
714 869
722 916
324 391
184 624
581 1538
937 1677
552 1302
175 550
736 1679
518 1459
913 1052
383 1062
938 1088
234 767
239 798
103 933
110 419
363 897
326 741
684 1268
674 1289
57 914
204 925
624 1323
569 620
564 1183
878 947
74 326
334 842
750 1612
451 1145
108 276
220 294
559 1533
735 894
352 1026
807 1746
648 1365
441 718
645 1530
72 316
371 623
105 475
466 856
733 1036
272 362
716 1389
564 849
132 1062
665 988
137 549
65 316
179 548
622 1603
540 1479
930 1401
941 1593
217 1206
612 1590
498 1222
299 1059
613 841
69 142
179 959
476 1418
163 518
762 1140
641 1138
1000 1543
566 715
880 1203
355 907
831 1271
545 832
692 934
479 1333
704 1456
204 817
670 1079
963 1202
604 651
765 1426
75 1071
257 406
399 1286
146 343
798 1517
641 901
559 656
885 1743
295 1011
533 635
334 1321
518 1000
619 708
828 1614
875 1605
188 937
414 740
663 884
369 1098
853 1258
70 578
421 958
379 522
190 737
743 1652
36 814
980 1336
412 1278
281 535
145 585
159 1025
367 505
329 1064
287 419
869 1580
109 495
362 378
626 1444
831 973
634 1310
114 425
2 832
361 459
117 834
344 586
116 603
463 897
213 1079
964 1262
693 1480
82 275
879 1039
33 719
725 806
399 773
639 1210
935 1859
651 1237
35 806
67 948
587 637
311 397
170 329
416 1201
25 888
613 1606
48 763
964 1641
222 440
967 1443
651 867
624 993
727 759
884 1298
317 1198
358 812
178 1002
353 567
345 841
679 995
590 787
696 1205
210 700
600 1346
201 990
400 988
559 602
305 714
790 1155
30 78
282 1122
84 775
780 1178
688 914
928 1316
468 595
906 1659
558 1150
611 1475
388 918
241 629
289 964
92 782
527 1447
35 272
742 800
387 440
623 932
402 780
728 1594
349 944
906 1740
948 1437
523 1279
191 598
76 713
70 852
966 1229
823 1776
410 1060
299 1249
243 654
837 1437
738 1457
449 1035
40 590
478 1447
625 970
542 1014
497 906
270 628
561 812
783 1093
868 1812
304 321
51 475
805 1705
140 799
156 1009
644 1290
88 351
959 1102
583 664
38 679
656 1343
912 1044
368 520
147 512
679 1116
939 1125
676 1601
133 370
580 1465
238 520
571 1318
81 959
596 1273
791 1511
502 1155
292 1189
603 1166
783 954
255 1202
213 521
177 579
241 928
70 987
152 957
487 726
952 1624
479 973
657 1146
374 710
997 1709
895 1217
471 1031
255 462
316 1025
309 953
74 1042
213 681
995 1794
69 771
841 1603
694 1670
897 1077
924 1346
502 900
650 1463
948 1576
886 1208
238 912
642 923
754 1358
870 1296
153 923
7 452
295 807
979 1037
36 409
96 847
405 1030
339 1266
693 1458
899 1407
725 908
444 1221
569 644
726 1231
511 1331
273 329
109 377
806 1321
49 732
790 1669
21 960
470 1187
561 1530
657 1481
171 711
574 1187
877 1776
945 1323
759 1425
324 1263
924 1890
567 691
385 576
798 1297
375 838
457 1434
544 1368
571 1378
921 1820
701 736
633 1526
259 573
667 966
567 665
73 515
174 742
888 1225
367 730
862 1144
694 1617
736 770
770 1162
682 973
813 1400
206 271
854 981
812 1261
2 934
199 477
28 207
45 416
970 1939
469 672
215 712
66 246
338 1320
900 1027
9 151
211 548
743 780
18 282
62 391
647 1053
793 1689
420 953
159 1087
750 1034
134 808
78 499
956 1245
686 1441
460 1310
987 1817
287 747
489 734
958 1442
378 1263
656 1362
757 920
456 1453
736 1294
974 1889
364 684
787 1596
322 1293
858 1665
988 1165
497 714
182 250
989 1149
710 1243
899 1449
284 1253
52 603
491 1261
295 745
143 489
651 1334
362 895
632 955
367 828
630 1199
57 964
809 1472
680 1056
308 517
177 455
508 1119
987 1473
343 520
134 328
24 901
108 357
379 1154
543 543
392 412
851 1793
992 1856
68 538
83 349
593 651
47 1044
437 1000
975 1084
241 756
343 1033
800 1463
157 459
114 550
533 1234
21 351
738 859
460 1022
734 942
684 1348
46 331
234 443
307 503
741 1194
676 1193
332 1129
909 1797
209 722
125 621
559 1333
493 1269
196 591
731 928
201 684
864 1411
643 1063
999 1571
766 1598
884 952
13 997
452 1167
508 1442
184 343
686 849
117 962
312 537
722 1258
874 1332
837 1360
85 862
840 1615
456 1245
519 1407
166 666
882 1428
555 1125
211 1114
670 1110
266 964
176 543
470 1260
729 1157
272 477
915 980
576 1468
415 975
767 1670
977 1137
157 1030
394 1363
375 578
901 1129
604 1268
485 1058
201 969
144 1137
428 762
364 376
587 1442
955 1408
703 932
546 1266
728 1143
738 747
792 1012
606 775
292 1121
561 1179
288 673
456 1046
349 643
448 1250
910 999
487 921
504 1145
559 606
260 374
283 1072
280 362
808 1200
564 645
852 1354
276 738
193 205
611 1159
799 1634
122 195
260 855
818 1648
609 690
513 1501
626 1236
299 543
406 967
353 675
807 1166
402 1090
487 695
456 609
292 703
584 814
530 1454
623 1468
778 1318
538 1537
605 1519
978 1750
565 1000
48 290
780 795
849 1598
688 929
390 1293
273 1225
895 1880
874 1751
104 746
649 798
154 155
510 560
925 1433
202 249
388 1233
984 1788
807 1696
91 653
356 521
723 1081
479 1221
57 921
350 1294
63 138
187 979
89 742
777 1755
726 1654
714 1109
390 717
132 883
172 786
500 779
794 949
631 1395
490 928
677 1242
397 1092
403 1283
177 891
990 1550
975 1344
611 1150
229 1193
813 982
194 1161
417 604
155 986
821 1456
883 1354
211 571
788 1410
736 1548
878 1627
361 1022
8 172
79 709
967 1078
741 1497
114 798
609 1195
3 941
989 1911
616 751
534 639
306 375
934 1237
383 712
170 195
763 1131
824 1542
970 1556
577 1281
599 631
626 1220
631 743
141 1020
647 826
864 1792
119 549
459 948
381 728
780 1411
1000 1646
662 990
435 1037
961 1026
302 1075
41 526
672 1045
675 1602
830 1143
383 1109
219 302
819 862
206 1019
387 912
729 1312
884 1288
643 1337
381 405
791 1749
427 611
243 716
434 608
966 1850
504 1057
678 1632
678 739
601 913
509 542
6 591
895 1183
565 973
725 1628
789 1516
810 1168
447 851
213 1135
882 1099
868 946
667 722
165 298
239 614
745 1587
839 1263
992 1409
780 1001
338 881
827 1196
606 694
230 607
437 1161
607 1151
81 756
222 326
956 1900
215 503
502 566
85 540
130 1044
546 1079
931 1818
452 904
912 1119
647 1166
260 1124
975 1835
606 714
463 941
139 750
655 972
408 1387
720 1229
143 821
696 1562
790 1734
151 859
52 838
231 688
842 1547
136 709
793 1721
764 964
376 1046
10 370
180 607
104 223
627 1483
825 1003
485 965
934 1382
133 996
139 805
536 1008
528 866
653 1260
202 1095
301 1257
549 1036
512 569
653 1227
676 1478
182 183
871 1322
650 979
625 940
94 1012
405 697
148 966
544 826
350 561
729 1358
288 677
377 991
908 1547
48 78
434 574
132 310
711 1417
968 1361
744 1109
988 1493
70 1015
928 1128
939 1862
987 1574
935 1101
454 1068
242 1099
860 1234
554 1421
859 1498
980 1185
116 186
877 999
170 290
61 1040
962 1850
68 138
235 339
797 971
372 1243
319 703
443 1189
430 830
118 289
23 941
304 578
169 1041
663 1131
976 1212
589 1234
534 882
519 1138
319 767
200 1075
622 877
685 750
664 1468
181 917
628 951
676 697
25 988
177 1109
796 1335
339 1331
156 658
849 1037
542 749
611 956
332 635
801 1351
191 333
417 468
349 691
483 570
897 1544
598 1467
250 866
707 977
842 1681
290 1088
224 652
716 1370
436 913
33 296
894 1145
733 1195
524 1279
829 1514
955 962
915 1686
767 1325
556 905
851 1331
84 471
834 1002
266 1082
794 1715
573 1471
720 740
102 527
742 989
444 962
703 881
881 1727
873 1500
564 1439
121 964
723 1133
306 416
426 704
523 1155
305 709
99 1077
72 709
470 1079
315 1255
842 1490
272 870
714 1192
773 1094
379 777
945 1081
660 998
157 456
784 1420
892 1162
703 748
306 967
611 1368
420 589
987 1733
852 1153
676 941
372 1075
247 573
161 615
96 169
979 1705
1 633
706 1615
880 1464
971 1426
670 676
619 935
362 1117
436 537
143 351
478 494
365 688
939 1435
243 375
550 1463
323 1000
119 559
678 1239
841 1835
86 575
923 1011
784 1387
487 858
175 218
126 385
879 1143
558 1435
500 711
863 1376
146 304
571 1326
560 1224
428 1324
81 417
621 645
685 1205
433 675
336 361
928 1349
461 672
324 798
752 831
871 1769
150 566
46 298
492 788
878 1164
312 337
624 1480
483 1163
631 863
9 729
410 899
937 1542
234 446
951 1316
496 590
698 1311
859 1240
436 925
405 564
43 222
912 1649
52 500
258 1139
466 1447
815 1541
4 144
794 939
1000 1896
613 1152
409 573
178 491
964 1713
333 436
330 792
886 1067
291 572
191 664
955 1240
174 282
264 630
466 515
670 940
507 1146
738 1433
384 1143
738 1187
802 945
97 564
778 1511
128 297
317 864
21 992
316 769
906 1518
679 701
142 567
870 922
58 456
807 949
588 670
268 1252
202 544
672 743
82 146
562 1071
846 1297
340 947
968 1053
396 1186
945 1945
364 924
692 879
778 1317
203 369
955 1277
226 733
33 396
582 1325
564 1135
103 220
658 752
783 1582
770 807
808 832
121 1054
428 654
330 336
911 940
140 310
671 822
550 1135
52 565
233 587
582 844
881 1270
852 1417
531 582
956 1737
358 1091
34 715
512 1035
194 1111
859 1840
218 564
431 839
531 602
961 1267
519 1142
31 940
887 1541
9 506
591 892
49 324
990 1157
682 1194
691 1195
742 1326
86 770
306 580
456 1149
394 734
305 935
688 1349
433 834
43 580
678 1039
214 806
466 1145
487 1443
490 566
139 414
961 1547
748 1699
961 992
240 432
253 412
230 230
824 1755
796 1137
879 1649
261 669
653 1156
218 1008
765 1673
602 1207
526 660
986 1800
197 343
790 1781
420 689
979 1202
284 980
671 986
893 1869
946 1920
769 836
340 577
558 809
902 1170
316 860
863 1434
963 1783
698 1603
853 981
948 1757
169 458
240 581
318 561
58 235
925 1730
36 565
554 1510
131 499
371 1038
167 523
206 250
525 935
141 1053
30 164
503 1217
70 997
695 1539
173 634
196 536
10 1006
461 1079
452 707
518 1162
475 1346
673 715
312 343
724 870
144 1006
90 299
317 361
450 1243
743 945
554 1090
212 686
753 1135
733 1371
814 915
921 1751
915 1740
302 780
483 1478
145 1063
626 952
450 1059
591 1093
657 1366
430 735
968 1148
545 963
598 721
776 845
358 961
224 772
590 689
227 338
442 1299
551 600
453 1255
473 974
809 963
424 1302
1 860
937 1136
25 523
900 1387
458 496
99 467
180 1017
43 148
791 957
837 1750
334 363
632 1054
44 313
662 1456
129 864
630 1102
211 775
637 1562
773 899
472 1005
935 1709
624 929
647 1552
770 803
184 402
664 1056
205 1203
483 1369
783 1554
379 651
404 855
182 1147
240 643
296 970
888 1780
523 832
385 1350
473 777
305 525
452 1315
301 549
401 978
983 1431
111 695
635 886
599 1379
400 1206
517 702
873 1700
485 1387
106 483
45 130
86 538
905 1750
670 1622
603 1023
939 1232
859 1233
420 1267
266 517
426 902
169 331
547 955
242 293
997 1996
468 897
17 393
615 922
23 485
311 886
479 689
879 1554
399 1195
174 836
383 546
410 1002
983 1958
474 741
112 626
963 1043
552 742
768 1605
994 1408
714 1495
815 1751
261 847
895 1022
433 657
734 1064
608 1273
595 1308
14 178
963 1220
407 549
514 799
95 195
613 1470
929 1529
693 868
974 1090
879 942
796 1467
861 1340
554 1046
594 1537
706 1216
351 1257
71 861
63 784
132 373
58 1008
681 1586
950 989
805 829
498 1278
912 1362
379 832
376 886
978 1085
488 850
955 1092
984 995
959 1174
543 1402
854 1331
931 1724
583 1253
239 1130
895 1661
672 1510
129 848
737 1293
127 849
53 92
222 578
559 1092
992 1747
380 1029
917 1772
372 962
852 1705
715 1420
345 1050
178 1128
374 422
226 721
738 1502
605 1512
277 881
224 935
722 1437
563 1172
866 923
502 1198
243 929
268 1091
857 992
349 826
308 602
103 894
761 1249
625 1210
690 776
902 911
220 246
172 903
535 892
915 1196
771 1583
779 1474
231 942
720 822
444 950
178 419
752 1497
502 1194
699 1622
468 1352
629 711
684 885
843 1805
274 476
360 495
4 92
14 49
575 1525
945 1494
353 706
477 1473
72 881
970 1357
509 1481
645 980
498 1355
754 982
205 713
237 385
234 973
525 821
525 531
279 491
834 889
744 767
333 450
348 1118
27 98
846 1546
428 1247
819 966
453 1349
229 568
255 668
612 696
440 1100
447 815
853 1132
529 705
506 782
259 692
617 1422
988 1965
33 582
500 754
188 616
357 675
195 857
411 1265
59 508
902 1593
215 438
534 576
604 1064
288 875
804 932
748 758
324 1060
605 1113
767 1606
952 1917
971 1376
739 1500
729 1569
871 1551
372 764
71 461
227 748
746 1396
50 971
37 336
200 738
586 771
102 382
672 1220
35 328
3 964
480 1395
48 584
245 805
748 1058
682 1549
942 1212
96 245
916 1392
437 1401
934 1796
150 1005
743 1398
387 582
483 1124
589 1229
823 1415
823 1542
992 1963
437 962
248 1075
550 786
598 1290
468 879
65 555
692 1260
924 1095
403 748
622 1594
867 1481
869 1656
136 301
354 612
839 1764
244 921
30 283
771 1320
988 1129
914 966
623 756
294 638
739 878
68 200
515 712
781 1638
364 1361
609 625
893 894
135 593
622 972
781 1751
812 850
24 978
609 1491
280 601
826 863
903 1187
606 988
607 1359
686 981
35 580
708 1219
891 958
621 941
275 726
212 646
569 708
132 1112
6 403
24 111
243 971
701 913
215 1018
247 494
49 83
83 830
809 1661
188 232
315 658
190 726
568 729
8 463
392 570
535 723
588 1255
685 696
854 1025
438 847
423 1396
831 1154
163 586
963 1106
146 630
890 1818
605 679
199 299
302 780
848 1148
968 1175
607 1209
787 1065
185 408
431 605
842 1475
982 1455
753 1216
34 622
23 626
387 849
76 281
881 1672
279 888
146 284
631 1328
975 1650
154 715
236 1043
324 677
761 1024
931 1088
747 1572
336 1206
698 1118
895 1787
916 1235
783 802
235 1065
834 1662
546 1144
183 640
604 1172
479 763
868 1073
252 870
442 995
379 429
337 1067
861 1135
335 1084
760 930
719 1288
270 1119
683 1488
52 577
231 296
911 976
835 1456
538 713
649 1379
508 1020
515 1156
195 369
364 949
359 901
193 222
853 1332
658 748
885 1355
691 1641
464 1150
109 1092
25 324
876 964
785 1346
698 873
358 496
792 800
260 572
893 1473
301 1126
998 1947
84 767
960 1662
960 1495
750 1427
574 1124
788 1661
12 953
109 386
688 1044
987 1038
840 1645
351 808
144 769
35 860
541 936
630 866
619 905
332 1151
688 1663
649 1331
879 879
742 799
712 946
811 1255
46 518
303 966
130 536
891 1070
826 1579
326 444
53 1026
615 1110
995 1590
193 996
261 716
781 1714
233 565
433 509
23 270
591 607
634 635
212 268
444 1359
603 820
382 722
883 1842
951 1884
275 402
863 1728
292 708
52 1036
731 1489
809 1795
221 433
40 460
452 548
739 894
490 835
258 1233
813 1717
502 1019
182 1106
982 1054
998 1058
963 1780
503 1286
372 479
455 802
23 884
581 1296
705 1064
490 832
310 1240
205 1105
61 511
209 628
836 1128
287 738
926 1792
375 468
1 809
541 659
12 933
270 798
69 219
240 510
303 831
764 803
711 1646
64 667
242 518
460 1025
665 1129
379 1141
479 1120
762 955
674 1458
147 419
10 871
5 474
580 1240
993 1539
316 967
709 1622
748 856
714 1060
65 1059
58 734
302 1115
890 960
291 499
428 1163
94 492
810 1484
894 996
902 1408
243 553
374 645
515 821
755 881
263 493
596 1571
965 1398
545 1465
811 1032
371 1061
440 713
799 1335
946 1799
522 1035
298 664
147 1004
113 151
329 385
448 1249
898 1763
290 1123
14 23
305 655
731 1170
908 1374
779 1470
65 866
155 891
348 1291
820 1282
694 854
293 1236
565 1112
243 974
700 884
839 1780
725 810
576 890
572 1069
64 573
741 1260
200 957
695 1436
256 1130
604 863
830 1483
361 757
489 1154
428 1026
2 813
167 805
560 986
452 509
793 1010
464 1051
416 1147
72 180
171 1004
141 493
269 570
407 669
649 1024
762 1745
509 1205
438 1091
265 664
884 1102
112 419
827 1414
878 1387
323 991
650 756
224 1070
85 463
848 1590
400 638
294 690
991 1896
197 1163
206 1061
441 509
79 821
459 502
546 1101
140 263
819 1545
445 1094
301 1173
814 1704
284 1169
947 1114
180 1036
565 696
418 814
345 415
92 149
565 1153
727 791
341 1167
776 1230
545 891
230 1049
341 1226
487 761
310 1190
952 1389
992 1947
288 1081
864 1259
811 1559
943 1362
645 1411
312 545
127 610
192 960
148 191
456 1387
757 1681
55 646
980 1410
600 1407
689 1142
411 964
494 813
15 770
903 1566
815 1352
775 1767
669 1307
107 680
745 858
179 584
767 1576
300 1257
847 1358
265 950
439 791
927 1353
335 1008
46 976
161 749
255 850
426 492
453 943
20 672
510 1124
883 1296
592 981
582 1094
500 1062
52 54
769 1300
768 1440
767 1536
314 625
434 550
654 1377
354 1298
472 968
665 678
326 980
137 446
821 1727
506 533
140 1013
301 1258
455 624
858 1192
381 1279
836 1051
682 1485
49 332
245 758
141 618
476 722
717 977
352 592
665 898
694 1444
12 439
196 287
939 1765
791 1418
373 1291
298 404
260 704
973 1547
496 1003
9 145
288 860
996 1990
429 689
536 1111
163 522
608 868
397 971
995 1180
424 1115
292 893
450 1419
657 1310
668 780
258 643
786 837
19 678
455 684
451 749
64 317
701 872
508 1241
573 1471
815 1051
921 1164
428 649
958 1443
238 772
71 260
894 1557
315 369
576 1028
227 516
75 284
140 762
950 1194
412 1351
135 723
690 1557
63 765
413 1365
74 406
327 896
303 679
690 1008
48 861
364 1205
788 1553
588 644
514 1142
725 785
102 1064
617 1155
821 1312
444 1242
31 157
19 786
841 1826
392 1142
630 653
697 1047
677 1431
572 1154
463 1069
978 1493
868 1287
671 719
26 361
238 660
294 918
583 650
759 1702
624 1322
619 679
683 747
188 443
480 536
788 1435
65 144
54 404
215 401
735 1047
686 1302
704 1376
431 810
746 917
36 68 169 199 293 420 432 434 496 508 541 571 623 687 696 697 704 739 807 858 906 1038 1078 1205 1211 1228 1281 1329 1426 1436 1448 1506 1531 1609 1623 1700 1914 
33 21 45 106 110 125 153 318 430 486 609 614 721 813 930 951 980 982 1022 1115 1153 1212 1318 1368 1382 1390 1449 1527 1638 1652 1688 1824 1882 1958 
39 76 84 133 156 187 238 342 400 499 600 725 751 770 818 843 865 897 973 987 1017 1032 1047 1188 1333 1352 1355 1362 1392 1491 1503 1585 1587 1690 1704 1749 1768 1810 1964 1985 
39 42 177 248 267 288 290 302 309 355 587 626 656 670 723 742 893 1016 1031 1079 1086 1104 1165 1274 1314 1328 1350 1402 1423 1443 1483 1505 1529 1533 1585 1701 1743 1780 1904 1950 
46 19 54 77 312 436 443 468 521 643 670 696 710 804 827 850 889 932 948 958 959 961 972 973 978 997 1173 1178 1210 1338 1359 1391 1455 1500 1547 1570 1588 1621 1628 1649 1701 1705 1712 1771 1823 1923 1987 
34 3 74 171 306 430 454 568 636 703 721 740 940 1001 1010 1157 1220 1266 1280 1358 1380 1427 1452 1510 1535 1550 1624 1682 1711 1771 1793 1806 1854 1893 1913 
47 31 32 94 212 476 484 506 507 549 600 601 678 728 756 842 926 955 963 1004 1040 1087 1123 1159 1221 1296 1299 1342 1361 1382 1400 1474 1525 1564 1571 1632 1654 1658 1666 1712 1738 1739 1759 1817 1897 1907 1947 1962 
40 11 60 116 121 126 147 169 171 174 233 275 334 380 439 493 526 544 595 604 684 803 939 1000 1056 1210 1234 1284 1291 1307 1311 1358 1383 1450 1507 1543 1561 1727 1873 1908 1997 
23 9 10 264 331 450 471 474 523 728 1011 1126 1165 1192 1315 1489 1496 1528 1584 1724 1762 1775 1940 1962 
31 34 69 95 105 147 215 278 309 315 385 444 536 676 678 742 803 893 953 1045 1060 1168 1240 1283 1357 1378 1408 1467 1520 1671 1919 1983 
47 3 5 83 134 200 263 288 289 306 398 477 615 719 730 735 746 787 790 821 919 961 964 1009 1062 1129 1136 1216 1219 1281 1389 1401 1423 1436 1438 1487 1513 1557 1630 1690 1752 1753 1824 1846 1852 1930 1979 1980 
41 31 43 76 156 187 213 239 249 316 429 484 496 523 526 560 574 636 643 709 807 811 840 845 867 898 906 941 992 1067 1075 1151 1356 1395 1488 1565 1590 1595 1770 1868 1909 1937 
43 75 76 136 217 445 548 622 646 686 728 734 782 785 898 922 1037 1077 1137 1224 1250 1287 1343 1410 1412 1428 1521 1543 1548 1565 1571 1585 1659 1720 1772 1791 1836 1857 1864 1898 1924 1960 1980 1983 
32 156 206 308 479 503 654 773 776 832 915 931 938 1056 1154 1182 1225 1254 1284 1312 1317 1318 1447 1449 1485 1495 1551 1555 1683 1730 1778 1867 1947 
38 4 191 202 290 320 322 402 421 433 441 458 471 495 603 610 794 840 895 899 1030 1080 1085 1116 1164 1185 1222 1386 1450 1524 1617 1667 1702 1766 1768 1778 1867 1986 1993 
49 9 33 98 105 114 191 217 268 317 326 340 430 474 475 494 505 565 603 670 936 940 957 994 1003 1054 1075 1076 1120 1121 1208 1219 1348 1372 1399 1418 1497 1658 1668 1693 1727 1738 1780 1865 1869 1878 1908 1936 1944 1999 
32 87 148 157 172 262 305 347 380 432 465 510 613 670 752 758 815 829 911 947 1038 1051 1213 1296 1314 1437 1445 1607 1639 1669 1713 1768 1785 
35 0 33 73 82 113 320 480 524 533 564 726 818 828 882 919 958 986 1075 1083 1097 1153 1197 1275 1321 1398 1471 1538 1607 1634 1711 1808 1830 1831 1944 1989 
35 1 2 37 93 181 251 302 365 392 457 637 708 718 968 978 1036 1056 1201 1257 1259 1437 1560 1581 1595 1702 1737 1740 1742 1809 1853 1889 1895 1948 1969 1981 
34 33 34 46 132 147 187 268 290 332 366 367 455 493 523 625 653 718 789 915 1038 1262 1398 1404 1413 1512 1534 1558 1658 1673 1913 1914 1946 1963 1981 
35 75 102 115 367 460 499 676 681 709 835 843 1009 1068 1098 1186 1291 1445 1448 1464 1467 1480 1561 1579 1657 1673 1699 1700 1704 1706 1810 1828 1842 1907 1915 1963 
34 62 67 69 234 235 275 497 556 570 591 614 623 727 818 822 826 864 952 957 1013 1144 1178 1242 1244 1382 1419 1492 1581 1685 1700 1778 1910 1911 1912 
44 29 38 51 55 65 204 319 406 415 473 491 524 590 625 657 685 716 809 857 896 975 998 1012 1066 1086 1142 1214 1220 1260 1280 1287 1404 1519 1589 1627 1644 1664 1668 1721 1736 1755 1803 1912 1937 
44 43 143 214 224 252 363 412 501 557 562 619 622 658 675 749 847 884 914 946 973 1020 1121 1127 1155 1164 1276 1284 1354 1377 1388 1428 1471 1488 1511 1589 1699 1727 1731 1781 1786 1836 1902 1919 1996 
50 1 52 81 91 100 191 265 267 272 305 368 372 401 413 438 462 510 566 575 604 615 649 950 993 1053 1062 1132 1157 1184 1293 1319 1332 1354 1362 1437 1453 1466 1470 1516 1576 1577 1605 1609 1626 1632 1647 1675 1698 1820 1935 
35 46 59 82 87 228 346 498 537 585 622 663 731 736 768 843 956 968 990 991 992 1042 1043 1090 1101 1136 1139 1149 1236 1259 1509 1521 1604 1612 1698 1740 
45 5 55 79 105 108 128 147 170 195 238 435 501 503 516 542 576 890 944 975 980 1014 1020 1098 1161 1180 1273 1287 1330 1394 1452 1463 1465 1479 1573 1574 1646 1663 1691 1698 1704 1773 1828 1833 1929 1936 
38 47 143 196 211 283 328 343 369 417 471 559 561 594 662 766 768 769 897 903 1089 1099 1155 1159 1338 1440 1547 1548 1611 1667 1707 1732 1770 1800 1828 1850 1855 1904 1934 
31 35 98 99 274 414 438 504 589 606 811 826 996 1093 1117 1281 1332 1468 1555 1592 1602 1630 1665 1704 1741 1742 1758 1790 1822 1854 1860 1982 
35 20 36 113 157 226 295 304 346 359 478 586 633 663 671 709 933 935 1012 1079 1100 1177 1190 1263 1578 1638 1683 1718 1722 1743 1831 1846 1872 1919 1956 1993 
43 40 75 150 166 198 200 236 265 274 317 354 383 534 620 657 671 712 727 804 860 956 980 1013 1043 1064 1065 1139 1146 1197 1264 1328 1355 1422 1457 1600 1611 1663 1755 1809 1810 1920 1935 1949 
36 39 172 189 434 471 539 570 677 684 693 700 720 793 852 975 977 1002 1013 1097 1186 1258 1323 1327 1374 1420 1439 1486 1556 1572 1645 1660 1661 1686 1750 1849 1903 
51 6 117 143 169 214 217 282 286 301 329 332 334 351 369 379 407 428 622 705 739 799 830 884 910 939 1000 1084 1219 1259 1266 1314 1387 1418 1456 1465 1468 1508 1554 1565 1574 1581 1633 1689 1700 1737 1834 1836 1858 1859 1877 1936 
33 5 12 41 160 289 318 459 495 514 571 820 827 868 880 887 900 990 999 1054 1087 1099 1121 1279 1282 1327 1402 1425 1435 1560 1627 1660 1805 1998 
37 11 44 90 92 143 252 266 300 306 337 347 353 415 416 494 502 540 558 610 656 779 931 945 1016 1018 1045 1103 1163 1235 1260 1471 1559 1629 1859 1863 1939 1943 
35 79 86 100 126 135 182 402 540 650 722 810 846 874 914 985 1082 1115 1117 1137 1156 1201 1286 1327 1373 1402 1403 1453 1492 1495 1555 1583 1720 1805 1845 1963 
25 0 15 250 392 394 531 598 604 689 735 741 874 927 1039 1047 1058 1237 1305 1329 1587 1645 1697 1829 1891 1919 
51 13 19 157 201 265 279 308 327 335 413 414 486 528 537 570 726 748 775 804 805 816 837 845 867 872 880 899 938 956 962 1060 1144 1148 1160 1312 1334 1426 1472 1509 1512 1537 1688 1707 1790 1794 1812 1856 1857 1888 1912 1959 
41 7 121 180 362 418 431 434 461 475 560 578 626 708 825 964 973 1126 1136 1195 1212 1234 1240 1405 1408 1416 1421 1446 1464 1465 1495 1507 1515 1517 1535 1593 1696 1721 1779 1852 1916 1923 
41 16 30 134 145 158 252 310 317 360 385 390 420 463 514 562 570 609 632 740 748 782 1009 1034 1042 1084 1085 1192 1269 1274 1333 1355 1467 1498 1578 1647 1699 1744 1810 1904 1915 1956 
56 23 55 64 67 85 169 192 318 335 400 419 422 549 572 685 708 801 808 863 979 1004 1007 1016 1055 1069 1087 1117 1167 1205 1230 1244 1318 1340 1356 1360 1437 1454 1537 1596 1650 1660 1721 1726 1740 1747 1810 1817 1823 1854 1855 1860 1874 1887 1911 1975 1986 
32 167 254 288 338 344 399 419 522 558 611 652 708 715 744 767 808 925 951 959 1075 1138 1239 1275 1299 1426 1540 1581 1582 1682 1814 1816 1978 
35 10 107 165 241 449 474 496 542 557 606 650 677 696 734 778 812 818 865 929 1011 1035 1101 1128 1134 1167 1268 1278 1296 1324 1484 1588 1611 1778 1821 1871 
40 78 267 288 381 384 472 526 560 608 613 618 687 752 791 820 909 934 1000 1115 1278 1303 1347 1380 1398 1405 1448 1474 1548 1564 1588 1615 1634 1668 1716 1733 1740 1825 1829 1830 1937 
40 53 170 223 262 308 359 398 400 455 569 641 736 821 851 924 925 930 960 997 1064 1076 1106 1108 1191 1211 1233 1249 1369 1386 1393 1446 1502 1523 1584 1736 1807 1814 1915 1984 1989 
40 71 109 123 146 186 225 236 269 307 358 398 482 504 673 682 724 747 784 807 834 998 1049 1128 1159 1170 1226 1329 1360 1396 1418 1463 1509 1523 1572 1584 1614 1710 1762 1886 1942 
33 60 82 101 131 198 250 288 380 389 431 585 610 747 848 902 975 1002 1143 1184 1198 1393 1420 1519 1574 1631 1807 1813 1845 1906 1919 1928 1944 1945 
32 78 172 177 195 208 271 335 413 470 474 519 536 572 655 783 791 823 872 935 941 969 1048 1142 1158 1161 1258 1555 1660 1780 1816 1936 1942 
50 1 35 75 101 111 194 249 269 297 306 332 334 363 479 594 625 635 679 756 839 921 961 971 1060 1136 1155 1207 1271 1312 1327 1380 1394 1489 1610 1615 1616 1643 1681 1706 1709 1719 1734 1736 1741 1807 1879 1901 1943 1947 1998 
42 9 39 45 52 176 190 198 247 262 263 264 402 529 539 576 627 738 755 808 835 881 920 963 999 1019 1070 1129 1141 1172 1241 1265 1268 1282 1283 1306 1410 1597 1677 1777 1784 1792 1822 
47 6 70 109 110 127 193 199 284 425 457 460 487 499 592 607 641 654 691 819 855 862 907 959 1034 1039 1101 1104 1202 1260 1264 1427 1445 1463 1566 1584 1636 1672 1699 1737 1752 1784 1805 1814 1828 1829 1850 1988 
38 31 42 64 86 165 236 262 374 398 457 494 495 500 541 544 550 832 889 937 949 1009 1058 1156 1187 1190 1420 1428 1439 1509 1515 1521 1536 1579 1617 1720 1826 1918 1920 
34 10 78 99 328 498 553 556 605 672 708 806 831 899 917 1005 1088 1273 1327 1330 1349 1432 1470 1494 1663 1731 1745 1756 1779 1782 1853 1886 1926 1952 1983 
49 4 120 167 189 209 210 242 248 264 283 419 422 455 473 573 643 688 700 754 885 923 943 954 1025 1152 1188 1209 1220 1237 1289 1307 1315 1339 1384 1409 1429 1437 1475 1500 1529 1542 1592 1610 1626 1693 1711 1727 1859 1932 
32 4 16 32 471 540 570 602 621 689 716 839 972 991 1011 1056 1072 1095 1164 1167 1179 1246 1297 1313 1363 1403 1505 1553 1590 1726 1754 1962 1984 
46 15 192 255 303 437 470 478 522 593 652 668 669 674 740 777 885 914 957 983 1102 1169 1231 1233 1238 1248 1281 1311 1313 1355 1375 1445 1456 1478 1504 1536 1577 1682 1751 1757 1765 1808 1834 1844 1855 1894 1932 
32 49 236 248 363 456 485 505 574 599 719 792 797 826 863 942 946 950 1027 1076 1187 1209 1364 1424 1444 1674 1699 1736 1788 1830 1835 1947 1975 
38 32 161 175 177 599 655 670 673 745 799 844 854 868 990 1023 1036 1080 1098 1181 1184 1193 1201 1203 1239 1422 1463 1472 1554 1580 1624 1695 1731 1763 1803 1930 1941 1977 1979 
47 18 32 193 196 266 290 291 292 434 476 612 673 710 742 745 802 822 829 904 1053 1061 1100 1135 1141 1196 1239 1269 1284 1287 1292 1296 1340 1382 1412 1486 1487 1492 1493 1515 1547 1589 1694 1712 1763 1832 1891 1914 
35 65 84 102 173 179 201 234 305 310 365 498 517 638 654 738 766 809 1164 1224 1268 1299 1427 1488 1517 1520 1546 1698 1702 1714 1722 1749 1766 1780 1898 1977 
41 15 50 97 138 165 181 216 240 245 250 263 264 280 313 416 454 510 708 785 828 880 970 996 1030 1034 1055 1078 1223 1228 1265 1272 1477 1601 1668 1702 1710 1817 1875 1921 1945 1960 
42 63 115 225 244 287 343 360 399 405 423 456 471 489 595 606 642 646 658 743 766 767 836 840 963 998 1009 1041 1138 1356 1563 1577 1601 1645 1694 1719 1748 1806 1851 1853 1916 1955 1960 
39 12 18 51 104 129 225 273 275 292 297 339 451 466 504 586 594 713 739 759 827 865 913 962 1073 1227 1302 1381 1488 1508 1521 1545 1576 1595 1625 1742 1772 1788 1915 1921 
46 51 135 144 174 223 253 324 331 344 345 424 500 502 538 640 645 715 833 856 900 984 1041 1116 1124 1169 1175 1186 1234 1236 1321 1342 1381 1414 1472 1549 1626 1673 1683 1729 1769 1771 1801 1843 1871 1905 1995 
32 24 25 32 63 108 128 272 387 404 586 591 688 714 746 772 788 820 831 918 928 1077 1212 1244 1253 1285 1401 1433 1462 1516 1599 1886 1957 
33 76 145 263 430 482 559 618 743 842 861 863 898 903 944 981 1015 1033 1040 1115 1129 1138 1406 1594 1705 1718 1760 1789 1803 1835 1862 1893 1912 1959 
42 8 87 178 191 238 370 455 462 487 525 696 784 925 1014 1080 1088 1125 1154 1173 1176 1189 1203 1211 1245 1257 1345 1405 1411 1446 1517 1539 1568 1679 1703 1762 1776 1798 1813 1829 1843 1870 1926 
34 57 125 204 213 231 265 294 358 382 408 417 475 477 501 954 955 994 1044 1066 1124 1131 1240 1376 1435 1441 1467 1470 1566 1701 1800 1891 1920 1939 1975 
41 130 146 169 280 311 337 348 403 430 431 442 459 525 597 600 601 642 855 863 870 916 931 959 1044 1101 1108 1133 1183 1265 1527 1536 1671 1744 1754 1796 1807 1828 1837 1838 1962 1982 
41 56 157 222 229 366 382 415 435 497 628 645 672 674 783 810 819 879 901 987 994 999 1068 1115 1132 1152 1170 1258 1392 1438 1535 1570 1596 1609 1644 1687 1699 1703 1861 1905 1930 1933 
34 36 103 200 294 333 453 461 611 623 638 770 823 839 884 947 978 991 1069 1127 1250 1252 1294 1353 1426 1541 1558 1608 1614 1642 1680 1736 1876 1894 1996 
54 23 145 182 188 232 277 281 358 371 382 384 460 522 557 593 597 611 612 637 649 677 692 778 916 938 989 995 1011 1012 1052 1056 1058 1165 1171 1172 1263 1281 1390 1461 1464 1493 1522 1571 1582 1614 1648 1719 1767 1786 1861 1881 1913 1916 1981 
39 4 26 33 190 270 380 432 436 499 528 556 585 599 616 706 729 903 974 981 1146 1191 1194 1210 1247 1366 1379 1385 1403 1405 1435 1508 1541 1563 1683 1847 1888 1941 1948 1990 
40 17 36 121 123 191 257 293 349 462 471 500 580 666 844 883 1120 1198 1203 1257 1296 1368 1381 1409 1526 1542 1577 1587 1612 1625 1644 1651 1658 1670 1820 1893 1924 1950 1956 1965 1981 
37 1 17 40 85 171 183 197 203 276 341 378 383 405 576 631 694 714 749 814 896 1053 1063 1139 1187 1222 1264 1465 1487 1609 1671 1705 1738 1741 1782 1841 1895 1988 
49 0 24 25 50 104 122 163 235 251 294 321 382 383 389 414 456 482 493 550 552 573 579 602 613 672 722 731 736 771 787 795 811 896 901 923 979 1032 1067 1257 1285 1320 1325 1503 1637 1672 1782 1815 1923 1966 
40 50 57 63 76 166 364 400 436 474 524 546 667 727 741 743 916 958 1003 1078 1157 1321 1408 1471 1485 1556 1570 1579 1652 1686 1688 1722 1761 1769 1822 1831 1856 1861 1889 1960 1988 
34 51 66 82 97 149 157 160 267 280 461 500 742 743 774 793 809 839 852 864 875 876 1086 1189 1234 1241 1313 1513 1678 1707 1721 1782 1961 1968 1975 
39 66 85 98 144 175 236 338 358 493 623 641 786 830 907 938 965 976 1091 1114 1133 1224 1233 1300 1360 1378 1416 1419 1474 1614 1655 1666 1748 1763 1790 1809 1870 1906 1941 1974 
47 12 33 99 221 234 265 331 416 435 440 467 472 489 645 691 776 846 871 897 915 916 922 943 958 973 1013 1054 1107 1122 1141 1143 1171 1192 1228 1280 1286 1288 1329 1398 1448 1454 1484 1499 1567 1743 1851 1869 
35 70 307 361 409 415 537 548 586 614 681 683 714 774 852 928 974 1010 1104 1184 1214 1227 1351 1358 1361 1436 1440 1446 1490 1618 1738 1770 1804 1885 1899 1963 
46 34 80 121 250 314 330 333 366 375 381 414 473 562 567 653 661 679 691 709 746 901 915 923 974 995 1044 1120 1165 1219 1331 1397 1414 1506 1535 1575 1590 1609 1626 1630 1667 1762 1788 1819 1844 1900 1925 
38 82 176 205 221 303 338 368 381 490 506 526 564 655 667 688 740 744 827 869 906 983 993 1239 1242 1262 1293 1296 1465 1475 1493 1504 1567 1604 1778 1804 1816 1821 1986 
47 35 55 88 101 127 220 263 271 305 414 455 493 521 522 525 529 530 658 707 814 832 864 991 1093 1162 1168 1235 1322 1329 1341 1370 1381 1421 1494 1507 1540 1577 1580 1625 1628 1692 1733 1798 1917 1918 1938 1943 
40 2 89 183 298 314 325 331 466 478 503 544 651 774 802 818 824 841 906 941 1001 1002 1019 1054 1244 1370 1389 1466 1467 1491 1560 1603 1738 1745 1780 1833 1836 1862 1865 1945 1968 
50 2 4 11 54 64 100 121 218 243 298 315 342 372 421 492 569 588 651 710 713 739 807 810 816 820 828 898 948 1020 1037 1054 1118 1202 1316 1379 1389 1556 1620 1624 1645 1659 1672 1709 1824 1831 1834 1835 1886 1890 1987 
33 83 101 211 279 369 415 672 677 687 689 753 847 910 924 928 941 948 995 1065 1193 1207 1232 1281 1333 1418 1563 1692 1721 1762 1808 1845 1867 1931 
32 0 20 157 196 232 333 379 390 421 456 481 652 674 772 843 977 982 1057 1176 1326 1406 1464 1518 1582 1703 1730 1827 1833 1869 1892 1922 1977 
35 58 172 187 195 384 393 420 453 525 565 574 801 840 892 905 915 936 962 985 1011 1019 1024 1097 1111 1221 1378 1382 1498 1556 1767 1813 1832 1880 1884 1987 
37 5 32 61 104 232 262 278 333 341 364 399 406 423 432 442 461 523 527 587 680 871 975 1100 1229 1288 1298 1328 1413 1463 1485 1510 1601 1631 1814 1868 1899 1945 
42 53 75 220 298 398 403 477 483 505 530 550 575 596 600 642 786 788 796 805 813 818 846 940 1115 1139 1152 1159 1170 1232 1305 1314 1369 1494 1511 1557 1584 1632 1674 1748 1840 1867 1991 
39 118 160 183 216 233 240 319 351 410 475 489 670 676 914 925 927 938 1012 1066 1137 1232 1249 1259 1303 1306 1379 1380 1420 1445 1582 1603 1696 1698 1725 1752 1887 1922 1940 1946 
33 6 112 178 353 408 463 493 520 573 649 751 853 858 911 1125 1149 1153 1168 1220 1285 1286 1410 1428 1429 1435 1539 1565 1779 1834 1901 1970 1978 1979 
38 18 30 61 327 330 371 457 467 572 624 630 652 754 766 841 842 862 909 924 1133 1155 1160 1186 1210 1234 1285 1305 1422 1429 1505 1577 1624 1631 1648 1807 1832 1965 1978 
42 0 31 41 56 98 120 162 188 336 454 652 663 672 688 695 845 1033 1041 1099 1197 1203 1304 1367 1398 1419 1551 1568 1577 1582 1618 1632 1658 1675 1746 1778 1784 1815 1909 1913 1925 1971 1976 
45 0 3 133 144 150 162 178 181 239 310 311 396 466 509 544 685 744 773 854 867 871 1033 1061 1132 1250 1254 1270 1357 1359 1400 1451 1488 1599 1629 1728 1730 1751 1792 1808 1829 1886 1889 1942 1975 1992 
41 81 91 102 218 232 365 379 404 418 435 516 541 624 680 690 730 752 782 838 869 990 1004 1154 1167 1220 1222 1246 1311 1317 1484 1579 1582 1655 1707 1725 1794 1795 1870 1890 1897 1916 
34 35 56 124 172 189 218 245 340 366 401 469 568 591 607 651 698 729 760 777 881 914 1080 1094 1109 1172 1209 1261 1377 1468 1639 1686 1774 1895 1914 
38 131 295 323 350 400 490 504 599 626 643 701 784 802 882 919 954 1061 1071 1189 1201 1260 1282 1348 1388 1490 1516 1634 1723 1753 1789 1818 1875 1891 1941 1953 1958 1967 1994 
39 19 60 171 216 239 251 260 325 352 371 386 404 407 457 458 632 642 643 686 746 866 897 924 954 1031 1076 1116 1216 1282 1322 1383 1436 1524 1627 1650 1661 1784 1804 1911 
51 26 38 44 77 212 222 249 269 272 339 341 361 444 479 573 607 623 644 662 680 697 704 741 773 809 870 916 990 1092 1105 1133 1147 1207 1217 1299 1302 1308 1312 1315 1383 1466 1610 1615 1633 1661 1682 1708 1735 1765 1781 1911 
37 31 54 139 157 169 379 385 425 565 578 583 653 764 795 829 883 886 1016 1031 1040 1055 1104 1145 1185 1204 1366 1378 1387 1498 1558 1635 1647 1664 1706 1794 1874 1917 
53 103 109 163 202 203 232 290 292 359 374 436 454 511 558 635 681 688 694 715 742 744 767 787 806 819 849 856 896 919 978 1062 1097 1125 1135 1173 1186 1208 1246 1310 1314 1317 1487 1514 1517 1555 1583 1594 1610 1611 1645 1781 1890 1903 
37 3 59 114 262 292 299 300 340 343 378 401 538 543 589 590 671 675 757 769 824 980 1083 1117 1189 1303 1320 1466 1552 1569 1586 1635 1644 1649 1666 1722 1838 1983 
40 1 31 162 320 323 441 602 650 734 789 905 926 972 1062 1086 1098 1108 1185 1190 1225 1261 1296 1311 1346 1377 1423 1525 1541 1634 1637 1665 1689 1718 1733 1747 1795 1804 1867 1887 1924 
35 39 81 90 106 212 355 380 549 622 639 693 699 862 865 869 904 996 1003 1006 1009 1012 1015 1035 1110 1145 1301 1339 1403 1456 1485 1531 1567 1872 1975 1979 
37 53 59 60 190 276 288 296 386 402 416 477 492 521 531 561 589 609 647 648 750 850 921 1060 1174 1213 1221 1223 1242 1277 1316 1586 1631 1828 1879 1883 1892 1961 
37 32 40 42 44 96 243 255 367 538 571 624 628 775 801 944 983 1075 1079 1119 1134 1223 1225 1258 1280 1400 1404 1418 1421 1453 1505 1507 1579 1661 1803 1818 1937 1938 
36 107 148 170 185 215 253 473 634 647 666 711 730 747 751 783 840 882 899 1025 1116 1165 1185 1292 1424 1626 1659 1702 1730 1754 1769 1837 1852 1856 1889 1976 1995 
41 58 103 158 161 195 207 256 285 287 300 305 310 341 362 398 432 575 596 599 694 720 778 930 954 961 1035 1098 1208 1251 1268 1399 1549 1613 1692 1719 1748 1868 1985 1990 1991 1994 
36 143 285 430 442 506 521 562 588 679 727 739 830 881 922 972 995 1034 1147 1155 1166 1187 1206 1226 1267 1402 1469 1511 1518 1557 1693 1778 1779 1833 1878 1940 1973 
41 1 14 30 106 159 188 213 314 458 527 543 733 774 830 844 861 883 952 985 1000 1115 1184 1202 1290 1310 1340 1357 1369 1522 1555 1561 1579 1616 1662 1761 1763 1764 1817 1952 1969 1997 
34 105 125 126 136 171 188 411 615 627 631 641 642 819 859 862 865 873 880 891 979 1243 1459 1511 1545 1580 1602 1646 1739 1757 1766 1811 1853 1964 1976 
40 39 57 79 92 103 173 249 435 467 585 587 590 630 690 722 728 836 866 873 959 996 1018 1076 1095 1140 1145 1167 1214 1300 1386 1464 1538 1695 1719 1737 1761 1779 1822 1881 1937 
33 37 89 308 359 391 518 621 692 770 841 862 891 999 1135 1165 1267 1286 1458 1514 1557 1558 1625 1651 1749 1805 1812 1854 1880 1917 1934 1936 1938 1968 
41 52 84 89 146 163 284 288 350 388 410 653 730 755 842 886 890 941 946 967 1055 1099 1102 1140 1284 1354 1376 1383 1390 1407 1477 1512 1661 1717 1718 1740 1850 1852 1911 1928 1939 1954 
37 16 52 70 83 120 137 186 248 319 335 414 438 494 567 590 603 690 767 908 993 1038 1063 1120 1227 1302 1313 1377 1381 1387 1646 1660 1756 1783 1835 1850 1890 1976 
49 14 55 63 88 215 234 251 306 311 312 351 361 364 433 519 563 570 644 651 712 755 783 790 824 840 960 987 1103 1166 1170 1222 1237 1247 1248 1336 1344 1361 1366 1573 1651 1670 1724 1755 1770 1833 1855 1860 1871 1944 
47 2 51 72 78 145 247 289 399 446 472 571 584 682 701 721 787 863 918 984 994 1055 1128 1224 1271 1301 1313 1356 1363 1376 1391 1401 1464 1469 1476 1478 1553 1602 1619 1674 1684 1732 1899 1937 1976 1978 1990 1992 
32 13 99 309 323 324 336 413 476 536 574 599 639 647 685 797 843 917 967 1048 1134 1232 1261 1274 1298 1403 1457 1586 1645 1852 1870 1898 1965 
42 66 117 197 268 269 381 600 641 670 678 680 710 768 769 798 833 839 855 902 905 914 926 992 1029 1042 1081 1123 1262 1289 1446 1507 1510 1630 1636 1658 1690 1741 1779 1793 1864 1956 1958 
37 10 59 122 196 232 273 307 377 535 654 801 825 900 954 994 1043 1059 1150 1152 1339 1359 1384 1400 1513 1537 1545 1613 1659 1716 1747 1797 1808 1871 1889 1911 1978 1993 
33 219 221 227 248 274 312 378 385 399 496 742 766 808 821 869 896 993 1030 1106 1136 1312 1361 1380 1384 1506 1535 1629 1636 1682 1683 1690 1765 1946 
27 6 30 81 152 199 261 622 629 664 711 749 920 1031 1329 1363 1542 1586 1591 1702 1719 1833 1840 1844 1851 1873 1875 1941 
43 45 58 180 358 398 459 464 627 685 694 711 743 767 786 794 805 888 896 934 1037 1085 1156 1181 1233 1345 1366 1430 1485 1487 1537 1568 1580 1619 1668 1688 1691 1709 1763 1783 1816 1882 1980 1981 
38 33 36 76 128 136 140 288 337 404 453 513 558 601 660 717 732 791 844 956 960 1059 1142 1270 1312 1342 1356 1362 1515 1543 1606 1684 1725 1747 1782 1785 1851 1912 1942 
41 37 128 159 170 243 256 349 384 426 483 494 556 576 600 616 644 714 753 803 823 938 982 991 1023 1075 1077 1084 1144 1184 1265 1358 1450 1509 1546 1596 1703 1715 1786 1849 1950 1966 
35 28 30 51 53 76 81 100 120 168 175 414 441 447 454 473 557 678 759 770 915 920 949 964 1134 1152 1206 1271 1399 1424 1591 1594 1664 1829 1841 1958 
39 0 78 111 193 253 261 363 370 426 581 653 665 701 762 793 829 863 890 912 932 1030 1035 1053 1153 1296 1388 1482 1559 1563 1589 1593 1661 1764 1838 1850 1867 1939 1956 1987 
47 2 138 192 315 333 334 362 365 373 400 407 495 523 528 531 559 579 606 619 620 645 650 702 726 823 840 880 922 976 1057 1102 1241 1288 1295 1311 1316 1331 1335 1338 1356 1593 1662 1753 1787 1839 1906 1921 
44 12 21 34 107 146 158 226 257 332 348 479 547 685 697 716 727 768 803 834 841 842 1010 1081 1168 1206 1359 1367 1422 1527 1544 1627 1654 1683 1703 1793 1830 1887 1892 1896 1898 1927 1957 1959 1977 
48 20 62 173 391 458 471 472 514 542 612 624 670 749 771 801 877 934 955 990 1071 1148 1205 1238 1243 1272 1311 1328 1371 1409 1422 1438 1451 1466 1473 1540 1560 1581 1585 1588 1641 1659 1694 1708 1718 1743 1887 1912 1927 
44 1 37 65 135 161 177 189 211 230 291 311 480 570 587 626 671 687 693 732 751 851 907 947 1018 1083 1122 1132 1176 1193 1205 1219 1330 1377 1384 1452 1561 1569 1666 1806 1820 1830 1888 1936 1971 
22 48 79 85 169 314 341 449 472 497 538 604 647 824 964 981 1046 1204 1234 1685 1738 1811 1851 
45 31 52 119 134 190 272 277 281 289 349 354 393 498 501 559 588 617 671 679 684 741 977 1056 1079 1090 1109 1110 1158 1226 1241 1247 1315 1336 1407 1463 1510 1581 1684 1689 1737 1830 1836 1868 1913 1956 
36 22 97 129 188 193 208 263 401 452 464 502 537 545 561 685 737 844 846 878 898 947 1010 1064 1232 1239 1327 1341 1346 1479 1629 1659 1689 1698 1750 1900 1905 
35 3 36 122 152 213 263 264 361 484 526 691 692 731 772 777 781 802 857 905 944 972 1010 1135 1256 1283 1298 1425 1486 1499 1584 1587 1600 1783 1937 1991 
36 53 54 106 132 197 262 270 275 288 456 465 495 645 768 769 822 849 929 1122 1153 1164 1184 1202 1267 1333 1335 1336 1350 1398 1446 1465 1591 1625 1728 1890 1984 
32 79 99 329 432 508 626 675 739 792 819 908 942 1127 1201 1238 1282 1355 1373 1418 1478 1512 1514 1564 1569 1687 1718 1803 1812 1829 1867 1951 1985 
43 46 103 130 148 175 332 386 413 511 536 644 675 746 789 800 822 921 957 960 996 1023 1118 1132 1146 1282 1455 1475 1484 1495 1559 1583 1612 1627 1640 1662 1751 1821 1828 1831 1858 1896 1959 1976 
44 23 50 97 254 259 264 291 313 419 492 524 539 540 543 572 601 686 695 697 708 730 771 782 801 803 824 833 849 852 951 966 1006 1037 1050 1205 1263 1306 1328 1460 1494 1526 1628 1792 1938 
52 75 194 214 242 258 267 276 278 282 468 497 522 555 656 708 709 713 747 784 806 848 860 963 983 997 1078 1103 1113 1191 1196 1230 1233 1259 1311 1316 1334 1364 1380 1415 1510 1519 1587 1606 1667 1806 1818 1850 1876 1896 1916 1922 1980 
39 132 164 184 249 266 398 433 517 551 588 822 837 918 942 993 1032 1116 1158 1169 1206 1220 1236 1330 1419 1432 1435 1459 1460 1497 1578 1622 1687 1746 1780 1831 1936 1956 1964 1992 
42 56 160 187 212 322 387 397 403 418 427 455 502 521 525 668 695 748 758 761 788 832 897 902 988 1118 1203 1207 1245 1319 1332 1349 1365 1381 1398 1489 1544 1600 1811 1825 1852 1872 1988 
38 8 158 203 211 233 239 295 331 346 480 599 618 628 683 689 695 752 929 966 997 1007 1130 1199 1202 1238 1286 1301 1327 1434 1484 1485 1583 1663 1761 1854 1857 1976 1977 
39 98 124 127 214 316 474 532 547 575 577 689 692 821 823 825 841 902 907 955 973 974 1021 1067 1182 1294 1572 1598 1620 1624 1646 1658 1760 1804 1823 1839 1877 1913 1958 1987 
40 50 97 146 151 209 265 308 348 415 476 495 581 647 713 733 761 804 862 866 960 974 989 1005 1035 1156 1235 1245 1253 1461 1481 1501 1505 1513 1534 1593 1746 1839 1842 1858 1986 
45 4 72 75 116 142 149 156 174 192 264 268 338 482 532 552 570 571 591 592 750 825 866 1046 1060 1096 1166 1243 1297 1298 1335 1337 1347 1491 1499 1556 1566 1659 1669 1708 1709 1765 1789 1894 1921 1979 
34 7 216 306 326 333 340 372 481 769 771 787 939 940 972 1080 1091 1100 1103 1121 1168 1333 1360 1411 1454 1458 1490 1612 1624 1635 1758 1868 1893 1899 1917 
40 43 60 65 71 77 213 277 304 360 496 503 529 542 622 623 632 765 788 867 1014 1022 1030 1077 1084 1087 1221 1427 1447 1476 1548 1647 1672 1739 1786 1803 1832 1869 1870 1907 1926 
35 97 172 276 291 299 362 500 507 523 624 698 729 783 790 1026 1049 1057 1141 1179 1236 1242 1257 1312 1541 1642 1676 1711 1724 1744 1785 1803 1841 1873 1931 1977 
39 122 223 227 235 241 364 438 453 515 579 592 602 656 712 770 802 828 853 888 899 926 972 981 1099 1231 1412 1415 1519 1539 1635 1640 1646 1663 1667 1675 1682 1722 1764 1918 
39 86 97 124 158 198 215 362 439 527 602 646 690 754 817 821 835 880 945 973 976 993 1036 1064 1081 1134 1166 1199 1208 1276 1411 1546 1557 1612 1633 1729 1742 1859 1890 1948 
42 9 54 80 176 269 338 376 508 512 543 617 642 651 702 766 839 841 862 923 1034 1076 1174 1260 1315 1354 1371 1423 1424 1435 1447 1518 1663 1750 1791 1796 1869 1914 1959 1966 1967 1980 1991 
33 99 273 492 518 601 655 671 676 693 735 753 792 813 949 986 1001 1017 1106 1201 1269 1281 1297 1344 1404 1518 1624 1781 1810 1888 1891 1949 1955 1982 
45 131 139 161 173 189 190 395 436 472 480 488 533 578 603 674 739 775 780 831 881 990 1063 1082 1116 1119 1133 1154 1226 1283 1298 1309 1343 1363 1379 1506 1561 1573 1660 1662 1761 1769 1773 1782 1806 1849 
43 16 35 141 212 258 307 331 378 432 454 513 546 582 593 605 711 812 826 883 898 921 976 984 1111 1126 1134 1186 1194 1207 1233 1290 1297 1424 1464 1508 1594 1625 1685 1699 1713 1736 1763 1886 
39 15 91 233 248 266 286 290 339 485 498 534 605 644 712 847 880 888 889 896 977 1021 1024 1059 1117 1123 1204 1273 1283 1297 1334 1383 1507 1514 1524 1710 1728 1761 1767 1811 
34 38 52 185 190 194 233 315 395 497 507 527 608 627 673 702 866 917 966 1032 1238 1263 1325 1379 1402 1431 1441 1505 1520 1528 1562 1615 1693 1778 1801 
30 94 102 413 658 720 734 750 917 982 1079 1272 1319 1484 1486 1490 1500 1525 1539 1544 1585 1669 1785 1797 1809 1815 1862 1872 1952 1970 1972 
35 156 211 281 361 431 528 586 610 649 670 729 757 862 943 957 1030 1059 1135 1156 1164 1225 1255 1339 1444 1508 1520 1522 1547 1665 1705 1729 1873 1876 1889 1984 
42 61 68 108 144 162 291 321 422 472 488 505 513 515 629 785 851 921 927 950 967 1018 1053 1054 1077 1097 1161 1262 1303 1392 1431 1442 1489 1532 1577 1684 1957 1958 1967 1970 1976 1978 1995 
44 34 78 97 112 169 237 240 260 324 334 337 344 398 431 608 633 636 673 686 741 815 818 1054 1137 1180 1219 1269 1308 1359 1370 1463 1473 1506 1538 1544 1550 1578 1590 1687 1837 1858 1917 1978 1982 
43 2 40 77 83 100 217 256 296 309 358 418 453 473 564 566 624 625 637 699 717 744 896 932 1021 1083 1124 1171 1331 1338 1449 1472 1489 1506 1536 1543 1616 1682 1756 1762 1851 1896 1920 1982 
34 11 75 215 235 237 313 359 367 387 424 475 476 481 486 820 876 933 1010 1081 1098 1172 1237 1296 1304 1376 1401 1497 1502 1562 1588 1728 1868 1897 1933 
42 30 88 156 164 170 213 311 336 358 418 437 509 521 539 732 745 776 972 1015 1119 1143 1201 1241 1270 1379 1399 1419 1425 1431 1452 1455 1490 1512 1691 1692 1744 1802 1812 1819 1828 1829 1849 
26 37 90 98 334 373 388 478 536 577 717 881 897 898 918 1017 1103 1107 1312 1328 1331 1454 1530 1545 1551 1580 1745 
31 104 144 206 244 259 346 379 440 469 539 580 650 900 904 1017 1030 1059 1082 1138 1153 1221 1261 1264 1540 1629 1653 1664 1669 1678 1789 1916 
35 80 271 416 458 499 512 530 683 726 782 785 880 955 1002 1011 1068 1097 1100 1123 1137 1258 1266 1279 1300 1313 1334 1451 1484 1591 1598 1613 1616 1723 1832 1843 
32 204 237 246 248 294 316 378 388 687 756 839 885 954 1070 1154 1277 1280 1289 1341 1362 1376 1430 1445 1450 1557 1645 1650 1670 1847 1957 1973 1983 
45 7 41 95 145 156 173 187 211 212 270 274 292 321 335 343 448 506 557 706 771 884 1065 1101 1188 1196 1245 1251 1267 1316 1365 1420 1458 1492 1530 1535 1661 1732 1745 1767 1809 1839 1914 1949 1979 1989 
34 3 68 149 266 335 340 359 399 465 509 633 709 794 850 897 917 976 1061 1133 1229 1296 1298 1378 1421 1436 1677 1683 1714 1725 1784 1814 1903 1913 1953 
50 14 27 83 133 143 169 171 197 427 443 448 471 478 521 559 599 628 716 743 834 965 1015 1058 1105 1108 1109 1143 1183 1190 1232 1237 1240 1256 1311 1355 1372 1385 1391 1449 1609 1617 1648 1658 1665 1707 1720 1925 1938 1964 1992 
41 79 143 155 238 262 360 368 402 439 492 501 582 617 672 681 796 863 881 1078 1091 1094 1233 1425 1442 1496 1559 1583 1597 1605 1743 1759 1762 1783 1816 1820 1828 1830 1867 1918 1966 1994 
42 62 100 188 201 219 342 347 352 524 545 577 711 789 798 801 882 886 896 917 1036 1053 1104 1142 1280 1335 1406 1417 1440 1464 1536 1609 1700 1729 1751 1791 1849 1888 1894 1915 1928 1943 1972 
45 22 86 129 156 170 174 179 232 250 332 381 417 471 483 494 536 554 601 603 677 713 1063 1119 1206 1276 1280 1300 1313 1315 1340 1387 1469 1508 1558 1559 1644 1659 1664 1685 1710 1781 1929 1938 1951 1960 
38 122 153 189 234 383 475 622 625 631 710 737 772 845 870 885 909 1010 1028 1039 1058 1136 1235 1299 1307 1337 1439 1477 1526 1613 1623 1768 1840 1849 1911 1929 1969 1975 1986 
40 17 53 121 125 140 184 224 291 301 437 545 634 660 661 686 842 856 992 997 1090 1119 1204 1222 1324 1538 1546 1560 1621 1653 1662 1698 1787 1817 1832 1848 1875 1887 1900 1939 1940 
38 58 130 137 176 228 342 405 464 473 511 537 740 750 806 831 849 903 908 914 1022 1033 1057 1075 1194 1209 1280 1282 1317 1364 1377 1469 1523 1555 1720 1746 1821 1866 1984 
48 84 101 102 110 123 124 211 289 309 325 357 525 537 556 571 572 630 657 715 719 739 740 804 846 882 922 939 975 1246 1318 1323 1332 1365 1377 1385 1395 1418 1441 1533 1592 1661 1705 1723 1764 1799 1838 1900 1902 
43 59 66 93 120 123 159 164 219 270 296 307 313 336 430 481 546 547 629 674 733 862 933 939 942 945 972 973 1110 1135 1166 1175 1252 1304 1451 1598 1628 1664 1671 1764 1819 1846 1965 1979 
48 2 8 33 41 50 144 158 195 214 339 360 394 411 479 527 646 712 728 745 780 802 1009 1107 1152 1204 1232 1280 1320 1438 1583 1613 1644 1660 1670 1696 1697 1741 1787 1807 1812 1815 1834 1841 1868 1911 1923 1927 1940 
41 13 233 246 271 312 336 337 353 399 457 487 526 572 671 675 741 747 760 768 887 918 1024 1102 1171 1191 1258 1262 1270 1302 1364 1463 1578 1610 1662 1685 1698 1714 1715 1726 1787 1857 
51 98 144 159 218 222 224 252 389 417 522 548 643 665 698 708 726 811 819 838 850 894 928 979 1089 1112 1165 1175 1223 1257 1311 1480 1486 1556 1597 1626 1641 1660 1662 1676 1697 1723 1739 1766 1788 1805 1922 1954 1959 1972 1982 1985 
43 6 8 77 126 174 194 207 305 456 498 522 561 608 649 659 709 744 916 962 998 1014 1030 1125 1140 1166 1174 1177 1211 1215 1336 1357 1453 1462 1559 1562 1575 1578 1592 1624 1638 1888 1892 1977 
37 219 370 398 443 445 512 573 580 648 690 700 741 745 766 786 1055 1065 1122 1132 1169 1185 1187 1261 1301 1332 1365 1407 1486 1537 1555 1564 1701 1739 1783 1818 1918 1956 
37 38 47 69 120 154 297 305 316 409 433 485 536 541 558 641 657 727 801 887 945 954 977 1098 1106 1162 1195 1275 1376 1393 1418 1550 1644 1660 1706 1737 1806 1915 
48 5 61 293 350 413 437 439 488 585 648 769 810 839 864 880 904 920 935 965 978 1005 1053 1099 1185 1240 1248 1317 1337 1354 1367 1378 1401 1407 1421 1455 1542 1599 1603 1622 1649 1700 1708 1813 1842 1853 1874 1886 1957 
39 62 80 88 220 235 254 289 305 306 447 607 660 726 727 801 851 897 919 974 976 998 1027 1028 1032 1331 1385 1386 1456 1457 1611 1612 1761 1785 1809 1815 1831 1961 1981 1988 
29 73 80 257 345 463 627 646 664 738 767 868 1074 1118 1124 1158 1162 1195 1212 1343 1549 1558 1562 1628 1701 1726 1761 1805 1874 1961 
36 57 64 97 194 273 301 356 401 428 446 453 460 563 589 616 619 740 784 785 821 848 1008 1100 1140 1188 1202 1243 1360 1408 1413 1493 1701 1749 1819 1895 1912 
36 14 22 30 56 58 266 293 345 496 551 563 609 641 659 676 682 766 805 854 920 977 1066 1105 1115 1132 1371 1399 1658 1781 1828 1835 1837 1848 1902 1946 1985 
39 7 13 30 31 50 54 151 241 267 310 477 538 605 635 648 691 705 748 786 820 859 956 988 1097 1157 1285 1297 1309 1330 1354 1423 1522 1586 1683 1750 1856 1887 1893 1989 
31 87 193 205 211 237 270 295 322 433 453 556 699 703 732 733 892 991 1076 1126 1160 1249 1314 1447 1658 1691 1704 1891 1901 1924 1980 1990 
39 38 55 57 77 187 234 344 352 431 434 492 524 661 731 812 881 924 979 992 1053 1082 1085 1102 1117 1235 1358 1447 1516 1552 1611 1684 1698 1703 1713 1778 1808 1897 1957 1971 
39 0 242 268 299 307 360 405 417 454 645 726 728 801 819 848 853 868 986 1014 1088 1105 1107 1164 1200 1297 1406 1443 1448 1470 1473 1484 1523 1536 1665 1666 1739 1871 1975 1983 
32 67 202 255 358 406 408 492 497 560 599 642 763 779 820 901 946 992 1013 1112 1120 1255 1357 1376 1501 1609 1644 1742 1757 1804 1811 1892 1912 
50 127 159 179 216 279 345 520 634 659 671 845 857 875 918 940 943 995 1001 1012 1031 1033 1057 1089 1101 1188 1215 1328 1337 1368 1394 1435 1496 1505 1532 1579 1618 1630 1633 1637 1656 1659 1684 1686 1706 1724 1736 1772 1778 1849 1877 
40 21 84 180 182 262 339 398 431 459 516 553 629 717 718 729 737 773 818 864 923 927 958 999 1092 1236 1266 1314 1327 1400 1430 1481 1610 1658 1676 1682 1695 1734 1779 1813 1951 
35 160 188 192 363 378 382 403 440 515 577 644 648 662 782 783 847 862 1026 1118 1213 1218 1322 1468 1476 1491 1511 1538 1578 1580 1699 1773 1799 1840 1863 1872 
