200 2000
711 716
329 827
833 1399
905 1260
400 1166
280 1075
504 1299
381 1038
450 1364
835 926
720 866
783 1433
368 925
9 733
872 1810
726 1300
792 978
77 740
561 818
173 558
868 912
513 1064
111 398
957 1210
503 699
980 1196
501 1064
452 776
388 708
691 955
646 1038
771 1235
263 1261
857 1055
94 688
234 290
869 1611
192 530
390 1280
849 1301
707 1483
240 811
699 890
167 786
227 536
977 1479
148 152
435 537
947 1064
726 1635
390 1017
738 1374
123 143
375 627
123 923
2 246
234 1123
177 615
351 733
326 918
152 988
508 766
182 315
335 803
243 341
816 1319
959 1471
71 1019
115 1022
893 1624
542 1504
862 1674
384 1054
556 921
928 1380
236 816
317 1211
387 899
772 1615
375 430
702 748
199 477
29 374
230 400
891 1202
70 429
572 725
480 494
801 1332
923 1227
900 969
775 816
142 948
878 1253
89 1081
703 1210
573 1034
511 1010
420 1296
399 843
511 1371
868 1191
355 438
528 980
121 150
138 403
40 222
253 528
300 894
199 1082
297 412
455 931
782 1131
84 222
420 457
466 1431
651 1460
600 1317
304 314
416 830
286 1087
602 1187
639 1452
873 1394
924 1872
997 1778
979 1064
151 334
320 923
786 905
510 682
740 1059
900 930
441 1246
99 929
498 1308
31 1005
569 1494
736 1615
39 220
938 1144
223 546
469 1134
764 1745
333 438
218 291
391 1077
505 959
438 922
759 1604
110 811
24 866
347 489
280 1269
935 1836
382 698
861 863
326 689
943 1930
664 674
152 876
664 1193
825 1652
372 626
191 1146
224 332
86 856
236 636
579 744
294 504
850 1673
468 559
186 1183
433 1329
824 1692
904 1753
294 1227
392 772
730 1725
672 1398
560 651
66 370
119 486
953 977
597 1439
860 925
300 1206
25 88
828 939
931 1267
411 1253
100 1031
793 1258
866 1465
42 259
432 488
347 936
348 1278
857 1042
316 316
537 1034
40 1009
550 958
80 992
66 234
239 648
157 1082
508 1333
314 518
267 464
727 816
833 1007
827 1327
971 1942
324 768
962 1660
663 691
70 421
212 1180
728 1566
236 357
525 724
985 1428
628 1461
710 759
878 1099
17 867
955 1820
341 526
966 1863
454 665
558 731
220 449
136 188
295 558
52 347
761 796
811 1711
700 1653
821 1580
304 1125
904 1191
861 1675
699 776
951 1495
354 478
489 511
226 327
448 806
901 1139
737 1596
58 293
246 655
974 1834
385 1294
544 936
12 329
502 697
44 652
728 1437
624 1159
229 285
185 529
933 1631
964 1471
483 703
735 1537
494 798
48 402
278 354
631 1083
898 1040
573 1498
399 717
48 964
561 635
565 765
770 1434
113 729
134 855
363 598
616 1122
310 985
625 1286
126 747
793 872
91 322
979 1145
170 606
248 768
461 1152
749 1366
610 1073
599 1297
233 815
631 983
845 1542
243 718
153 371
831 1233
758 923
716 1381
332 486
201 1045
194 454
998 1002
487 615
310 699
825 1300
368 513
344 661
358 376
255 707
381 1167
82 799
747 1079
556 694
550 704
145 417
845 1055
666 832
791 1602
305 1095
808 1089
621 1317
656 1135
945 1787
887 1484
546 960
399 1229
873 1178
204 420
472 1059
132 714
477 1325
777 1243
790 1426
118 1019
821 1425
113 362
255 411
389 1116
294 560
425 1184
428 1113
96 730
18 840
403 613
88 417
477 574
887 1501
374 511
759 1316
462 1065
660 1377
189 273
186 1041
289 667
880 1532
556 1101
901 1092
264 638
470 626
718 1212
220 809
34 912
521 1112
332 508
943 1923
774 860
569 1506
174 537
278 929
447 717
779 961
757 996
71 788
509 801
128 958
972 1634
349 560
787 1746
236 828
280 750
761 1590
202 1035
385 894
578 1165
390 1112
811 1605
212 620
82 932
264 602
1000 1063
765 1079
560 782
686 1601
648 1422
18 463
359 1189
335 1082
10 297
398 850
237 855
454 1397
346 753
508 543
590 1387
540 1397
576 635
536 626
215 300
884 1016
930 1649
188 417
147 386
624 916
141 1088
984 1373
835 1556
642 1415
842 1410
294 830
192 1153
83 471
602 855
610 1332
956 1549
45 942
646 1385
32 42
14 68
332 1055
21 572
428 1262
241 363
252 444
32 392
7 91
627 874
722 1067
216 1032
896 1087
231 586
182 364
954 1237
558 1182
232 875
143 836
851 1289
766 1561
910 1719
80 690
951 1750
42 870
982 1687
873 1617
609 850
495 1166
868 1220
303 696
676 1303
96 903
423 495
945 1826
245 524
902 1331
987 1720
5 363
902 1336
620 1540
559 985
674 1616
828 1331
538 1158
338 991
316 678
677 1350
522 1237
914 985
709 1335
821 1622
484 1069
295 832
801 984
614 816
733 1358
292 703
24 249
664 1315
211 324
809 1163
345 1146
490 576
513 786
730 1462
479 893
971 1081
504 790
620 1313
803 1051
720 967
772 1460
716 1012
943 1805
70 879
879 1548
131 265
307 407
957 1854
320 1164
402 1069
511 1442
821 1142
566 706
817 1039
932 1267
836 1553
370 549
86 259
887 1246
928 1401
321 477
819 1571
868 1603
517 1041
13 20
386 474
922 942
88 722
435 1399
118 741
814 1456
927 1913
388 1200
599 874
818 1525
533 1100
846 1478
37 957
685 1056
295 747
105 993
349 902
405 776
879 1667
72 1060
948 1497
377 781
318 445
87 121
19 952
812 1153
403 636
406 991
103 273
40 872
889 1053
599 795
927 1326
1 823
667 1353
948 1049
955 1381
484 1137
394 1139
975 1330
465 791
234 896
118 479
91 110
447 812
632 735
290 593
146 571
101 195
97 410
461 1448
419 510
573 1166
178 743
321 555
938 1643
862 1085
947 1864
797 1298
978 1610
959 1818
197 433
146 596
189 431
61 424
973 1805
640 705
61 434
441 552
542 805
617 868
538 1007
67 887
100 273
363 1147
309 1036
273 1024
645 1447
125 1068
518 717
225 1046
82 560
508 747
456 727
428 1377
670 1585
923 1635
277 1198
96 759
197 600
88 708
148 973
316 764
686 1396
653 1371
854 1810
982 1305
105 206
775 864
727 1429
256 744
592 850
430 841
140 1000
611 1177
192 1149
326 866
484 933
922 1746
504 773
916 1792
958 1095
676 1118
210 1088
734 1492
577 841
549 748
533 1100
172 576
616 736
733 1524
210 446
393 1229
275 964
337 630
556 746
404 562
415 488
131 409
890 1638
159 437
204 810
17 43
671 783
813 1468
87 437
730 1543
200 242
922 1592
68 178
629 780
987 1914
630 1188
359 502
717 1208
513 517
94 596
599 1062
333 425
949 1767
592 1010
392 674
861 1488
436 927
952 1419
457 1123
403 910
771 1575
858 1693
214 229
723 1604
859 1251
889 1346
929 1569
309 771
66 405
513 514
167 954
456 894
231 426
533 844
437 1408
731 1057
540 851
97 304
187 460
517 675
856 1186
799 1736
296 1139
376 383
304 1169
245 685
917 973
108 712
21 954
294 969
413 711
534 728
649 1214
248 567
852 939
896 1162
845 1094
25 970
23 946
331 889
880 1773
847 1742
940 1422
450 587
864 1072
480 750
680 1352
525 863
701 1042
120 609
278 954
331 580
440 1355
290 1253
276 387
466 1311
483 1123
564 1428
161 525
199 934
32 622
653 884
281 1267
912 1484
329 1114
616 1340
582 1147
507 630
730 748
288 509
672 1590
448 859
822 1471
88 234
349 568
76 648
243 697
282 624
492 1360
220 1085
71 309
797 1311
769 1323
712 1332
677 992
445 993
589 1193
315 888
476 1199
342 588
83 303
43 414
383 1327
321 506
941 1126
908 1664
791 985
905 1334
523 1241
8 574
266 1207
43 628
944 1009
642 692
78 997
713 1472
43 1003
955 1907
574 1040
136 949
621 910
255 547
843 964
988 1318
628 776
929 1267
340 1250
47 446
515 1197
723 1227
771 1159
777 960
151 925
633 1552
658 1649
179 270
926 1433
181 674
98 941
556 1124
613 974
687 1225
447 1283
154 922
601 749
24 674
340 671
182 807
903 1824
72 184
961 1132
121 469
272 428
344 413
218 1023
592 1211
981 1517
724 1079
427 1091
468 1018
835 1530
428 877
703 1465
415 701
471 901
134 913
632 1048
480 1008
965 1147
817 1676
674 691
592 1133
573 699
319 730
284 1150
776 804
664 1222
175 1021
220 493
225 648
65 892
310 330
576 845
286 831
828 836
65 977
531 717
810 1790
145 675
925 1125
688 1433
23 844
331 363
152 626
723 966
999 1444
213 522
699 1622
532 1010
55 230
533 1500
391 482
818 1666
799 1357
887 1705
758 1734
714 1208
969 1552
288 976
247 780
683 1169
351 835
685 1256
985 1032
428 712
702 914
17 551
489 610
132 1089
773 1773
958 1417
319 836
617 1077
483 1150
953 1740
241 460
41 230
75 1065
880 1439
869 1394
261 902
216 581
611 1082
329 682
640 1157
891 1880
260 437
664 1093
832 1126
393 780
815 900
774 1342
798 1226
353 586
778 1253
167 853
748 1493
63 689
955 1569
821 837
78 392
705 745
833 1789
94 1030
608 1292
152 662
456 620
808 1073
684 741
486 1379
297 916
907 1580
380 738
182 712
282 513
607 1226
872 1792
619 1012
568 640
57 822
217 248
409 821
604 1533
328 672
588 1497
925 1150
794 1178
685 1685
788 852
677 1177
256 721
720 1188
663 1596
548 882
805 1690
250 968
26 46
233 552
828 1503
539 1534
428 750
895 1892
940 1000
549 1355
329 414
117 1066
26 97
883 1876
549 1110
949 1568
277 509
532 549
318 756
913 1905
937 1722
122 308
676 792
34 218
687 802
593 1527
673 824
387 1158
956 1832
563 855
282 863
546 754
538 1503
848 1810
483 983
472 1104
788 793
363 598
499 1244
905 937
485 905
745 1152
834 1290
958 1164
151 904
696 779
340 1198
680 896
36 485
696 1002
876 959
90 652
689 768
305 625
652 1015
226 266
234 1106
775 1239
335 1032
514 1204
185 284
383 1309
834 1031
480 1270
304 613
174 932
154 378
425 847
103 610
583 724
102 801
203 981
726 943
834 1655
594 861
366 963
74 531
204 887
790 1288
592 1121
396 524
637 1075
433 1093
426 591
556 1036
880 1564
887 908
420 1247
8 755
870 1161
485 995
184 565
352 1172
165 1002
203 394
740 1129
41 509
435 1079
763 991
536 1505
220 310
44 175
798 1218
103 976
604 1000
710 1483
626 769
523 1150
187 1056
860 962
903 1833
540 803
696 698
667 1578
598 849
129 1026
530 1218
700 1154
715 1260
14 874
178 892
8 217
492 1395
641 1159
696 1633
464 805
683 1449
681 771
463 466
818 836
492 1097
758 943
476 887
341 539
635 1614
992 1600
625 851
282 1119
522 1508
611 1023
804 1530
278 1018
961 1569
229 332
139 422
303 1278
320 325
10 287
723 795
595 803
470 846
304 1042
514 1402
346 1164
135 1049
496 1247
601 1371
114 515
725 1078
44 284
416 1105
775 1573
524 834
168 1087
101 807
507 1146
648 1545
766 876
645 1270
158 837
202 221
528 1219
389 1016
651 866
334 1162
830 1444
283 1114
280 1215
293 1009
628 1009
245 629
718 810
51 119
845 1462
802 1572
113 279
119 207
771 954
957 1377
499 668
763 913
338 1063
364 1097
389 653
746 994
589 1044
450 1280
568 1038
110 156
82 771
586 1533
222 623
54 161
72 638
460 919
643 940
602 1537
136 1005
858 1710
750 1664
532 905
567 1018
971 1538
403 774
76 822
894 1018
990 1311
939 1818
41 968
339 1023
774 993
540 1379
779 1314
588 1197
751 1143
685 1523
98 141
669 719
720 1568
850 1349
92 1070
664 1215
868 1847
393 1026
726 1634
830 1022
620 1471
418 1373
672 1441
637 749
868 1105
217 964
704 729
505 826
583 1478
555 1329
765 1293
201 252
555 1508
330 1276
189 432
37 741
835 853
716 1030
739 1732
915 1152
347 518
365 924
337 1068
829 969
969 1799
540 1540
51 516
578 1195
195 1182
86 1058
719 1026
476 1434
289 1196
783 883
634 702
539 992
565 1456
387 918
248 512
344 918
607 828
231 620
503 591
726 1127
261 645
323 852
56 801
399 654
604 1101
650 1010
327 851
308 726
343 1293
185 945
841 1682
823 1677
70 883
790 1446
20 960
531 631
890 1824
490 1069
977 1942
568 1255
117 964
323 433
988 1947
91 358
396 1291
182 725
354 486
472 1436
466 931
944 1553
392 680
468 608
41 709
582 1028
284 978
509 1053
684 1144
819 992
573 584
108 519
19 193
126 822
954 1800
280 805
997 1530
399 1258
647 651
797 1398
765 952
820 1376
723 1325
996 1123
598 1074
971 1383
114 206
56 312
631 1494
702 1033
999 1580
495 964
592 1079
520 925
609 764
581 785
348 873
211 990
783 1263
123 451
328 1030
525 774
876 1772
85 368
436 1368
560 727
526 1377
825 877
49 644
733 985
327 766
161 772
596 1220
640 1312
80 678
150 1035
5 72
76 584
268 1019
383 713
979 1065
276 644
521 818
734 895
247 349
33 789
349 1302
788 981
476 827
868 1020
49 62
41 247
76 495
618 1556
945 1826
305 375
321 444
787 1681
446 1055
104 535
449 819
902 945
44 1022
429 963
595 1453
565 725
763 1473
721 998
749 1019
467 836
220 773
743 885
17 1015
763 1082
722 1560
875 1194
136 636
699 1179
635 846
257 289
384 984
967 1146
855 1697
460 1274
988 1930
901 1590
422 842
836 1004
401 1023
727 1270
613 1337
841 1110
95 916
319 929
709 1680
345 1132
965 1899
279 1026
555 592
610 871
689 1553
143 957
89 477
731 1264
20 71
469 904
89 1064
613 1583
202 1101
726 829
549 653
985 1211
7 234
848 1839
16 426
953 1276
514 1338
187 481
204 1000
620 1522
791 1581
290 795
763 1425
372 453
99 1049
109 279
145 501
623 861
857 1406
108 296
425 1411
218 627
98 211
838 970
931 1774
548 656
587 1289
913 1407
891 919
526 1413
814 1583
935 1437
412 598
547 1387
845 1150
777 1016
375 998
478 1475
70 539
667 788
883 1638
694 717
670 728
203 955
455 706
995 1364
257 887
787 1006
473 819
604 1084
121 988
962 1840
783 1701
735 1452
533 829
953 1589
122 430
409 875
815 1262
157 395
987 1340
769 1114
675 1517
840 1109
807 860
708 1398
708 1283
414 1033
636 1253
999 1501
448 1353
520 838
261 333
868 1259
526 1176
732 807
770 1055
430 1255
562 1205
541 1467
55 431
993 1743
233 319
513 1012
154 277
305 870
631 997
900 1198
876 1459
157 1094
844 1130
243 398
519 986
6 475
670 1010
148 1090
360 1255
846 1655
106 160
912 1198
489 1465
110 833
308 862
269 829
822 1567
674 1198
173 554
858 1823
134 967
130 232
929 1284
783 1199
792 902
93 1068
803 1502
741 856
902 1072
772 957
606 1014
191 473
964 1004
438 893
556 875
406 1334
587 1548
227 764
163 748
106 686
616 686
838 1444
487 569
527 1055
491 922
734 927
989 1640
626 806
631 1415
408 1063
159 605
608 912
576 684
13 971
777 1657
569 1314
903 1347
841 1013
786 1368
144 173
120 782
107 835
65 409
473 592
355 508
579 940
944 957
447 1002
735 1276
83 199
744 1634
67 667
367 1043
109 417
331 880
788 1069
402 1140
116 444
980 1895
696 1563
312 1027
397 681
955 1354
81 720
629 1484
722 1077
332 1286
45 231
765 1701
817 1227
306 705
694 767
323 452
972 1221
458 974
130 679
654 1477
593 1391
28 901
623 898
657 1198
269 998
80 866
727 1366
151 586
971 1858
418 935
136 328
234 278
893 1702
652 716
160 732
848 1306
874 1261
476 1214
971 1244
844 1086
374 1211
487 785
652 1542
13 53
187 1147
127 882
469 1418
445 1147
880 1417
270 1170
269 703
368 1089
610 1329
792 1417
59 746
213 1140
225 1061
170 914
750 1154
582 1160
764 1107
261 1018
491 1219
799 1744
110 263
47 974
599 1065
362 879
446 811
540 904
492 589
772 1717
663 1316
882 1060
239 301
294 371
301 502
299 532
424 859
439 691
799 811
221 1126
664 975
50 67
307 310
70 758
544 1432
9 563
691 1165
794 1689
227 456
38 67
903 1304
873 1301
824 1420
184 985
795 1342
833 860
597 1117
667 1382
361 1264
426 774
326 460
769 807
340 798
979 1968
152 1089
937 1015
263 389
715 1665
31 946
741 1443
483 1482
74 671
202 567
824 1423
867 1858
48 67
469 982
521 1439
96 643
307 528
266 857
335 551
523 877
768 1391
884 1863
578 644
747 1076
86 191
430 1359
220 577
64 1056
974 1475
702 1484
646 1386
146 1120
752 1515
400 1082
186 698
185 778
92 903
496 795
189 788
427 1199
164 644
954 1934
540 1310
479 602
715 1096
909 1480
256 575
904 1651
417 1041
46 270
825 1197
580 967
21 42
228 928
451 1202
149 1118
681 1380
277 504
263 411
640 696
211 599
728 1208
163 287
826 1380
157 159
750 1350
571 688
774 927
128 681
246 969
73 761
867 1648
530 783
634 1228
723 1676
550 1236
674 1548
774 1196
601 1559
703 1079
627 1479
235 960
209 873
508 586
775 1357
180 241
57 1018
240 481
585 1290
162 504
833 981
725 1426
254 624
18 689
945 1497
149 286
348 890
672 1056
443 536
845 898
412 694
700 1632
908 1845
830 1389
544 1117
902 1003
789 1509
662 871
672 897
401 1358
742 1248
846 996
354 922
493 1250
782 828
903 1439
143 333
433 1232
179 651
50 508
161 661
670 1577
839 1711
709 1147
103 540
236 622
416 1386
660 1297
156 521
582 1361
551 560
668 1512
453 619
376 648
899 1804
917 1812
871 1835
385 670
799 1092
793 1549
279 376
215 433
817 1236
465 1170
536 971
120 164
71 358
26 807
576 968
713 1251
764 1355
387 888
499 786
317 772
925 1337
813 826
525 1336
764 766
507 1358
908 1408
646 878
809 1609
762 1655
758 1537
270 955
70 166
228 518
459 636
504 1130
580 981
497 1074
914 1400
459 1099
788 961
69 608
952 1114
282 682
660 987
848 1588
489 1308
283 834
128 753
423 884
567 576
678 792
50 972
347 635
13 209
583 1080
136 1050
448 601
784 1441
997 1890
349 540
92 639
236 587
209 655
998 1283
256 1154
650 1291
399 429
663 990
650 1391
635 925
317 809
312 1238
418 944
436 1056
737 794
413 1011
390 593
742 1610
336 790
813 1709
587 1226
572 983
280 1021
737 1008
825 1308
31 467
345 655
418 1221
892 1861
363 1212
833 1403
486 1187
850 1513
516 1220
545 1332
647 1216
961 1519
49 564
399 1262
499 650
241 1185
865 1681
15 598
167 1032
816 1040
733 1688
423 644
171 371
800 1453
771 850
647 1080
610 983
1 198
975 1306
711 1381
651 1531
631 1513
348 431
361 1248
366 818
54 280
52 78
121 690
903 1577
686 1563
731 1442
45 197
186 247
605 1599
941 1231
832 1466
811 1074
881 1516
575 1172
9 774
761 1535
36 93
361 946
948 1652
769 872
654 1464
444 1377
810 1229
949 1513
80 775
236 477
515 626
682 1015
738 1644
916 917
599 1068
991 1876
842 1722
274 530
650 1160
888 1727
786 1009
949 1135
163 1049
518 1080
26 843
201 943
176 1109
666 1616
459 1395
205 470
617 1040
599 798
116 974
314 542
164 479
31 203
796 1671
644 829
680 1185
218 613
935 1497
38 98
348 643
595 1062
306 809
214 636
791 1694
244 1205
820 1553
846 1206
356 422
866 938
166 451
212 588
978 1391
922 1857
675 1380
497 534
5 513
988 1116
138 571
879 962
212 1188
358 990
43 16 36 54 186 206 228 306 319 355 356 390 402 557 558 589 703 818 924 964 1002 1097 1098 1116 1128 1140 1202 1237 1284 1355 1429 1430 1437 1623 1627 1648 1658 1673 1695 1780 1892 1897 1928 1955 
47 0 25 56 80 117 325 345 358 407 409 463 559 659 672 764 767 871 884 939 946 957 971 1028 1078 1126 1204 1225 1245 1285 1302 1303 1327 1328 1344 1354 1375 1389 1412 1519 1578 1605 1621 1624 1688 1695 1986 1990 
36 90 99 128 189 213 231 250 290 305 320 336 344 398 529 536 573 749 873 889 1058 1123 1136 1192 1402 1437 1559 1591 1615 1619 1643 1669 1685 1831 1844 1914 1933 
41 39 65 104 110 128 153 229 381 400 465 506 561 574 616 825 850 924 1057 1185 1204 1347 1377 1378 1388 1422 1497 1500 1544 1565 1576 1598 1602 1610 1642 1692 1821 1829 1856 1922 1931 1983 
33 25 76 112 132 133 211 245 341 377 406 419 464 483 532 548 623 652 655 782 937 1156 1212 1291 1347 1564 1620 1630 1717 1750 1776 1854 1862 1974 
40 2 15 33 124 146 234 297 342 422 503 524 534 618 788 856 954 1001 1006 1007 1061 1074 1089 1101 1305 1317 1343 1382 1426 1450 1476 1493 1500 1529 1622 1690 1743 1749 1841 1870 1914 
50 27 55 84 155 195 277 349 431 471 509 573 614 637 665 690 697 699 804 824 855 986 1010 1034 1069 1071 1117 1118 1155 1180 1190 1220 1291 1312 1315 1317 1318 1339 1357 1454 1457 1524 1636 1688 1825 1847 1849 1852 1866 1906 1941 
31 6 21 93 96 196 475 493 500 510 648 661 685 688 773 775 829 881 893 922 932 1040 1125 1202 1254 1261 1411 1421 1439 1696 1786 1926 
38 106 116 178 304 341 348 389 511 513 536 576 582 606 646 671 723 733 739 756 846 1019 1020 1071 1080 1094 1125 1144 1223 1326 1369 1444 1469 1596 1605 1607 1798 1913 1980 
38 84 128 229 265 342 405 408 423 493 564 576 586 734 754 813 848 886 931 943 974 978 997 1096 1121 1128 1181 1270 1554 1578 1590 1603 1671 1697 1750 1791 1819 1877 1994 
42 68 101 128 162 184 233 265 275 362 416 449 640 646 716 741 742 773 782 813 867 1019 1020 1180 1190 1253 1282 1323 1391 1420 1450 1471 1487 1624 1666 1697 1845 1850 1905 1923 1927 1934 1940 
50 24 81 143 186 200 214 247 268 311 344 369 440 445 482 504 553 592 612 834 842 880 928 952 973 1011 1027 1083 1249 1308 1317 1391 1401 1409 1416 1468 1505 1620 1621 1640 1650 1696 1705 1733 1742 1745 1796 1826 1827 1941 1953 
44 16 27 92 295 312 350 366 368 375 392 442 449 477 484 600 646 764 781 782 794 812 932 987 1183 1207 1232 1251 1257 1271 1272 1301 1350 1355 1434 1565 1589 1691 1781 1791 1795 1827 1851 1894 1960 
42 2 42 63 271 306 322 331 345 350 376 559 637 662 751 839 885 932 979 1095 1120 1141 1211 1259 1285 1304 1323 1360 1381 1397 1400 1521 1675 1685 1697 1714 1742 1769 1800 1838 1891 1925 1959 
38 28 35 104 129 157 158 182 191 207 279 355 375 380 445 463 533 543 572 704 721 739 775 1005 1066 1072 1169 1206 1276 1349 1365 1487 1542 1594 1621 1661 1773 1919 1986 
30 14 41 118 126 188 223 267 324 333 336 430 432 446 487 693 752 1230 1292 1304 1325 1396 1530 1573 1588 1616 1679 1753 1836 1868 1957 
50 0 52 61 190 196 394 411 417 418 449 485 501 568 689 714 757 771 816 818 883 884 954 955 983 997 1080 1148 1204 1263 1267 1303 1323 1337 1397 1398 1401 1439 1459 1476 1488 1575 1624 1699 1709 1720 1839 1914 1929 1945 1953 
39 10 24 94 110 324 330 413 432 454 455 522 571 595 609 715 716 823 858 1042 1072 1296 1419 1554 1567 1568 1662 1663 1685 1724 1735 1817 1861 1888 1924 1934 1946 1960 1968 1980 
32 29 115 120 129 282 310 482 483 495 510 753 866 890 1003 1265 1308 1387 1450 1494 1521 1553 1554 1672 1687 1714 1735 1762 1794 1913 1932 1936 1948 
34 1 63 122 152 184 322 323 342 361 486 497 525 534 621 698 969 981 1045 1142 1194 1201 1274 1300 1321 1440 1444 1548 1647 1767 1811 1837 1891 1902 1961 
36 121 137 222 259 291 390 392 459 472 515 621 651 810 825 946 958 978 995 1010 1162 1183 1187 1195 1242 1274 1359 1404 1452 1471 1571 1606 1630 1841 1853 1917 1923 
39 44 132 152 166 170 183 360 428 429 448 532 748 774 850 912 982 992 996 1114 1245 1246 1251 1272 1289 1348 1359 1392 1406 1502 1605 1675 1686 1716 1733 1767 1850 1905 1923 1972 
44 103 111 129 132 139 293 343 354 356 447 637 705 733 748 774 798 866 934 1112 1123 1146 1226 1299 1396 1402 1430 1432 1451 1456 1461 1512 1523 1660 1742 1743 1778 1784 1811 1865 1869 1870 1907 1922 1956 
38 46 85 221 231 333 374 378 478 574 675 717 735 805 913 915 922 929 961 988 992 1035 1175 1189 1246 1336 1357 1397 1407 1410 1450 1537 1619 1661 1664 1703 1752 1864 1966 
46 130 152 205 222 257 296 307 367 377 479 518 598 729 767 777 866 911 917 1008 1123 1124 1161 1219 1285 1338 1348 1360 1389 1390 1411 1455 1459 1480 1488 1502 1556 1663 1707 1752 1764 1808 1858 1862 1864 1989 1999 
39 156 320 343 353 356 399 402 423 448 477 507 538 681 686 726 826 874 888 915 934 937 939 944 1021 1119 1151 1210 1279 1313 1347 1404 1462 1504 1704 1753 1774 1780 1794 1937 
45 38 39 77 91 107 109 134 258 301 382 393 403 406 465 593 642 653 696 701 712 757 803 889 890 895 926 1025 1157 1203 1244 1285 1425 1453 1457 1493 1538 1561 1627 1741 1755 1804 1822 1917 1926 1943 
38 75 84 105 136 153 267 334 370 390 477 486 719 727 827 910 935 941 1067 1124 1146 1158 1216 1217 1301 1317 1356 1440 1480 1560 1621 1669 1689 1718 1719 1749 1779 1829 1989 
25 33 36 119 281 540 575 827 828 1009 1135 1204 1234 1274 1321 1364 1399 1599 1603 1607 1618 1621 1677 1748 1777 1885 
38 76 115 170 229 269 333 403 422 445 462 542 571 576 617 792 857 916 926 938 992 1024 1076 1115 1184 1211 1251 1294 1322 1396 1473 1527 1555 1558 1577 1643 1866 1918 1931 
36 21 40 117 118 133 173 183 231 281 303 365 541 617 652 667 672 837 872 884 887 940 970 990 1029 1075 1084 1205 1365 1523 1557 1573 1611 1663 1719 1744 1769 
35 141 273 394 402 413 433 470 493 512 528 559 640 644 714 744 796 815 863 912 918 998 1032 1081 1108 1116 1183 1281 1403 1453 1541 1712 1735 1847 1924 1937 
35 106 134 160 212 245 267 459 462 556 682 773 776 794 991 1054 1118 1129 1139 1200 1208 1224 1335 1342 1550 1557 1625 1687 1694 1704 1749 1797 1867 1915 1942 1959 
35 2 163 291 314 332 377 471 571 591 691 936 973 1114 1158 1193 1199 1230 1289 1318 1376 1448 1452 1457 1466 1515 1520 1569 1664 1683 1779 1787 1798 1973 1975 1986 
41 34 62 95 109 178 249 270 290 294 367 411 462 477 495 543 557 578 589 628 665 691 747 820 865 895 1011 1041 1114 1156 1168 1261 1277 1357 1374 1474 1516 1551 1596 1662 1712 1954 
34 35 133 253 347 381 426 497 668 762 780 795 811 841 879 913 1095 1102 1132 1162 1240 1466 1475 1512 1626 1628 1631 1706 1716 1733 1772 1774 1801 1807 1853 
42 24 26 178 180 249 288 426 546 577 584 641 648 672 708 750 761 799 830 839 840 910 924 997 1351 1373 1518 1524 1529 1588 1614 1676 1691 1711 1716 1719 1728 1747 1821 1834 1874 1901 1939 
46 58 74 86 96 167 170 187 195 275 324 349 456 498 528 615 690 698 699 720 773 811 888 997 1000 1093 1144 1225 1263 1286 1301 1305 1359 1363 1383 1419 1441 1473 1556 1567 1609 1625 1647 1732 1824 1907 1977 
32 66 75 209 377 397 401 481 520 538 668 713 714 870 912 933 983 1024 1032 1047 1076 1201 1250 1313 1402 1415 1564 1609 1649 1727 1756 1781 1886 
39 18 27 154 155 177 260 499 533 534 562 569 623 646 679 702 736 912 975 977 1003 1059 1109 1245 1263 1271 1312 1361 1363 1411 1528 1628 1631 1717 1819 1828 1863 1887 1905 1955 
44 3 86 109 162 180 196 336 365 435 456 461 468 523 548 653 700 788 798 835 849 859 975 1042 1068 1075 1078 1405 1415 1428 1464 1515 1529 1606 1623 1624 1720 1723 1771 1772 1860 1895 1945 1953 1998 
44 6 39 143 177 225 295 307 403 406 533 534 541 546 607 677 804 844 887 1001 1019 1083 1114 1115 1149 1186 1307 1340 1379 1381 1468 1470 1475 1543 1556 1627 1667 1722 1728 1839 1882 1950 1965 1977 1978 
50 60 79 140 160 236 287 341 357 389 419 423 463 489 580 585 648 688 728 734 755 771 818 823 846 923 1030 1079 1098 1292 1295 1374 1381 1438 1478 1498 1517 1568 1685 1707 1743 1748 1782 1845 1855 1890 1914 1920 1936 1963 1969 
41 76 110 211 222 390 404 480 532 591 599 607 648 675 702 753 777 794 901 936 956 1071 1075 1107 1117 1126 1205 1222 1275 1408 1427 1437 1513 1533 1569 1593 1657 1756 1812 1866 1895 1957 
42 1 30 62 212 230 371 470 508 546 572 606 624 715 716 776 795 923 999 1032 1051 1068 1098 1229 1252 1286 1358 1410 1417 1525 1537 1560 1565 1604 1611 1665 1667 1726 1784 1828 1838 1937 1958 
30 26 102 114 153 163 274 287 371 533 720 745 794 820 825 994 1139 1142 1180 1197 1264 1295 1305 1321 1413 1575 1604 1875 1899 1913 1953 
43 53 104 202 224 229 292 303 306 345 378 388 528 557 570 623 631 690 763 797 963 985 992 1042 1066 1154 1168 1189 1196 1202 1228 1234 1301 1320 1460 1591 1616 1678 1706 1751 1773 1792 1812 1932 
35 58 72 77 123 256 349 357 460 563 584 614 628 706 736 738 781 783 818 820 888 1023 1185 1250 1258 1361 1552 1680 1686 1712 1760 1771 1818 1893 1897 1938 
49 1 103 107 252 417 463 506 556 657 672 689 743 799 803 822 830 863 879 892 894 905 912 990 1007 1061 1117 1125 1152 1200 1215 1216 1230 1272 1286 1316 1329 1336 1361 1408 1453 1711 1726 1777 1797 1805 1851 1886 1917 1930 
29 117 374 417 453 500 535 603 638 654 660 773 809 845 953 1028 1047 1066 1074 1145 1416 1434 1445 1565 1599 1651 1664 1698 1700 1919 
49 80 137 251 293 329 343 344 409 518 538 666 669 699 731 759 810 834 839 854 858 890 986 999 1057 1063 1090 1122 1125 1295 1325 1342 1377 1440 1446 1474 1508 1533 1554 1570 1654 1699 1722 1749 1750 1763 1819 1885 1933 1939 
38 138 154 226 501 535 667 817 950 1030 1049 1055 1061 1140 1188 1249 1283 1289 1290 1324 1368 1420 1442 1453 1461 1519 1524 1544 1575 1600 1638 1646 1652 1689 1709 1759 1796 1838 1954 
41 79 132 134 136 153 172 206 224 317 352 358 379 395 444 447 452 499 545 580 647 740 752 801 840 958 1079 1127 1209 1310 1336 1526 1598 1626 1668 1686 1738 1783 1805 1809 1902 1942 
52 7 28 100 103 127 225 239 274 302 326 360 367 370 378 429 453 466 481 511 529 590 610 620 627 722 735 845 896 899 915 1002 1026 1070 1092 1171 1185 1256 1273 1418 1421 1490 1496 1499 1538 1580 1657 1767 1791 1863 1874 1945 1951 
48 3 64 165 255 322 373 518 625 656 840 888 916 933 954 962 964 1117 1131 1148 1167 1197 1202 1228 1232 1368 1386 1431 1467 1481 1487 1494 1505 1507 1509 1540 1549 1666 1668 1705 1721 1736 1744 1753 1830 1882 1952 1985 1991 
39 54 57 70 75 95 149 199 216 261 311 343 364 540 595 654 889 971 1016 1027 1065 1078 1144 1212 1279 1340 1355 1357 1451 1485 1534 1588 1596 1822 1849 1896 1947 1957 1958 1998 
43 129 265 340 364 383 394 489 632 665 730 751 771 774 785 925 967 1055 1070 1130 1180 1243 1255 1282 1301 1343 1375 1455 1486 1499 1574 1592 1593 1606 1656 1672 1722 1750 1767 1801 1842 1849 1949 1959 
25 29 31 59 82 269 410 430 478 544 550 626 647 655 723 843 886 1369 1465 1641 1736 1766 1806 1938 1947 1992 
44 25 175 221 311 427 431 452 606 610 623 644 656 661 692 708 807 820 829 837 865 920 949 961 972 1035 1057 1104 1113 1156 1286 1311 1374 1512 1513 1652 1680 1693 1703 1710 1770 1828 1896 1940 1957 
40 165 188 246 273 493 593 597 616 679 695 700 710 721 739 772 789 801 831 915 949 972 993 1011 1025 1067 1093 1100 1174 1230 1248 1262 1278 1288 1380 1399 1526 1653 1803 1972 1983 
45 1 129 131 187 191 208 262 287 342 385 415 428 430 438 521 542 582 595 740 879 912 955 1033 1060 1191 1198 1218 1226 1264 1340 1348 1482 1492 1523 1565 1630 1635 1686 1710 1713 1820 1848 1876 1937 1942 
37 107 154 157 294 307 345 348 406 463 477 495 515 521 526 558 623 678 733 737 761 795 919 931 964 1010 1066 1162 1169 1399 1512 1564 1685 1732 1746 1791 1830 1965 
31 3 74 78 112 181 469 589 622 695 733 760 773 901 948 995 1054 1064 1099 1123 1286 1416 1465 1511 1603 1608 1677 1689 1734 1821 1887 1990 
45 3 5 32 52 92 131 134 183 187 192 497 499 559 597 638 681 750 755 860 864 908 918 944 1045 1103 1126 1139 1149 1204 1227 1235 1265 1404 1438 1477 1553 1579 1584 1594 1610 1626 1640 1771 1773 1837 
38 51 64 77 92 234 380 383 412 441 579 595 621 622 715 740 758 770 783 806 876 910 946 1023 1064 1124 1165 1241 1467 1601 1693 1702 1737 1751 1808 1900 1927 1934 1957 
30 26 65 197 409 472 478 521 539 556 683 689 696 771 965 991 1000 1013 1055 1094 1119 1143 1198 1247 1271 1379 1589 1715 1821 1911 1967 
32 12 103 147 185 206 279 341 431 433 452 551 708 737 765 775 776 779 808 850 940 942 957 960 971 1016 1044 1275 1377 1437 1438 1486 1718 
32 38 78 80 131 227 271 379 403 491 532 650 870 937 940 942 954 1140 1398 1454 1470 1479 1513 1670 1723 1750 1760 1802 1856 1889 1921 1934 1973 
32 1 97 152 166 218 344 438 532 540 688 718 849 898 993 1056 1104 1157 1245 1375 1435 1488 1514 1519 1566 1637 1649 1739 1829 1845 1891 1936 1958 
32 62 139 151 209 265 280 342 431 562 583 596 602 664 698 866 1236 1239 1253 1314 1330 1345 1465 1478 1530 1549 1626 1644 1666 1695 1755 1836 1881 
38 7 45 46 250 269 373 421 451 510 576 624 631 658 669 718 814 817 819 903 911 936 943 955 971 1035 1165 1206 1213 1303 1385 1451 1484 1628 1672 1707 1768 1885 1910 
39 123 130 194 230 246 301 323 366 407 467 516 526 551 572 586 624 680 871 886 903 1079 1140 1148 1159 1182 1241 1264 1289 1415 1454 1521 1571 1641 1687 1690 1733 1749 1889 1975 
48 7 43 121 211 229 292 316 323 334 418 422 433 494 609 666 693 702 737 773 916 955 1073 1094 1143 1154 1159 1160 1161 1163 1218 1247 1252 1297 1345 1380 1506 1514 1661 1667 1671 1798 1837 1841 1859 1921 1933 1956 1988 
34 87 103 133 171 343 402 426 515 593 639 665 690 715 821 910 917 971 1000 1012 1019 1069 1126 1231 1254 1293 1309 1327 1451 1583 1810 1915 1931 1938 1955 
48 186 259 281 292 334 378 380 416 427 447 496 596 660 716 732 781 788 817 855 976 999 1022 1056 1105 1130 1150 1152 1184 1209 1275 1290 1306 1325 1355 1362 1410 1415 1470 1617 1669 1711 1751 1755 1791 1798 1889 1925 1953 
31 69 107 207 296 321 346 354 393 397 536 598 660 662 666 732 797 1037 1073 1184 1200 1224 1235 1318 1489 1552 1595 1655 1837 1892 1969 1992 
41 31 67 75 81 140 164 204 234 309 408 439 451 547 569 612 613 620 704 772 797 803 813 860 981 990 1045 1046 1066 1087 1250 1339 1374 1473 1581 1779 1801 1820 1840 1867 1942 1972 
48 12 95 112 161 208 225 277 517 545 671 694 719 772 800 818 847 864 884 888 900 914 931 976 1005 1067 1095 1107 1173 1175 1189 1233 1254 1321 1395 1418 1468 1503 1530 1548 1568 1582 1645 1653 1666 1721 1870 1955 1966 
52 4 33 47 50 74 87 168 240 303 395 516 570 573 594 596 607 638 706 724 746 797 842 843 891 910 911 927 939 1084 1131 1137 1232 1249 1258 1264 1266 1268 1313 1359 1451 1490 1526 1555 1581 1595 1614 1621 1733 1826 1848 1868 1877 
45 0 13 57 89 103 184 265 275 288 307 337 383 410 424 501 585 601 624 629 701 740 758 786 899 1080 1096 1099 1119 1147 1225 1227 1365 1366 1370 1398 1443 1494 1588 1694 1743 1752 1795 1820 1861 1958 
40 104 148 208 235 278 368 409 415 456 494 515 611 637 692 779 887 934 1030 1096 1123 1170 1176 1182 1203 1240 1392 1525 1526 1529 1534 1662 1699 1717 1732 1738 1746 1775 1852 1893 1913 
46 1 77 108 142 157 169 179 225 235 245 278 533 535 538 602 733 956 960 1001 1072 1097 1117 1163 1283 1364 1419 1442 1450 1454 1468 1516 1522 1541 1542 1559 1589 1626 1686 1734 1802 1858 1898 1927 1932 1983 1996 
39 10 28 30 49 153 182 237 271 301 332 493 494 511 570 691 748 751 771 794 896 992 995 1073 1139 1200 1269 1304 1385 1396 1403 1428 1482 1501 1532 1589 1594 1733 1839 1972 
41 5 12 161 163 222 274 279 289 481 493 530 666 691 714 778 796 797 801 821 1060 1062 1133 1211 1238 1257 1412 1438 1460 1479 1573 1588 1744 1755 1770 1772 1812 1818 1844 1894 1974 1977 
36 78 94 118 146 150 313 315 318 387 402 542 561 608 637 688 932 1161 1225 1245 1339 1476 1486 1571 1572 1587 1602 1694 1836 1840 1847 1862 1922 1926 1932 1953 1961 
38 152 218 227 242 371 373 450 462 479 509 602 621 714 732 840 870 884 894 1135 1141 1153 1213 1363 1384 1526 1589 1646 1668 1671 1674 1677 1708 1795 1818 1865 1873 1939 1995 
47 24 82 93 113 132 154 210 225 302 304 338 393 432 494 500 649 667 694 732 739 743 780 799 875 896 991 1050 1077 1132 1144 1145 1206 1272 1301 1424 1506 1517 1541 1604 1633 1707 1794 1805 1855 1888 1943 1987 
46 41 115 130 152 157 162 174 206 230 233 247 267 278 338 406 407 426 428 429 470 482 597 734 802 863 886 919 1013 1014 1068 1098 1116 1118 1213 1246 1263 1469 1490 1528 1560 1590 1605 1646 1794 1837 1961 
47 63 69 91 147 148 149 159 179 270 302 346 350 366 398 477 479 539 548 556 575 582 609 633 680 709 759 778 812 819 841 867 930 952 965 972 1621 1661 1671 1732 1739 1749 1807 1823 1839 1845 1943 1980 
32 60 169 264 312 322 462 479 544 670 718 723 738 744 773 900 907 937 940 1157 1225 1285 1301 1320 1458 1549 1625 1742 1787 1879 1881 1934 1944 
38 30 92 124 130 156 198 213 308 339 353 415 436 448 506 647 670 703 707 853 868 987 1023 1074 1229 1280 1310 1322 1338 1356 1376 1380 1441 1676 1804 1842 1868 1902 1919 
37 61 91 142 177 223 242 268 303 333 543 637 638 694 754 789 972 975 1056 1116 1126 1217 1225 1229 1234 1265 1267 1296 1298 1387 1444 1452 1572 1663 1668 1690 1818 1871 
47 5 25 29 47 75 155 191 221 273 321 364 404 410 425 433 462 496 671 719 728 764 916 1021 1023 1051 1052 1075 1081 1124 1208 1327 1342 1355 1372 1442 1450 1496 1612 1634 1727 1768 1783 1794 1846 1852 1861 1887 
38 59 100 116 134 155 171 237 276 405 435 484 494 519 570 619 628 651 689 795 851 897 933 982 1093 1146 1188 1200 1311 1397 1414 1446 1451 1486 1514 1522 1530 1622 1705 
48 56 164 166 177 251 293 320 430 516 526 536 549 651 663 679 762 814 898 985 1039 1044 1050 1093 1201 1268 1269 1319 1363 1376 1425 1445 1466 1485 1519 1673 1674 1713 1732 1752 1774 1796 1797 1841 1874 1904 1954 1960 1994 
41 25 76 93 144 396 412 426 438 457 468 502 523 574 600 618 796 847 939 996 1006 1022 1031 1067 1097 1109 1180 1219 1236 1302 1512 1525 1585 1678 1686 1758 1831 1841 1871 1898 1913 1940 
41 27 195 267 302 457 520 590 614 640 652 665 723 735 748 753 771 809 832 935 957 1095 1158 1261 1383 1423 1463 1480 1515 1602 1613 1643 1648 1725 1748 1803 1864 1871 1908 1961 1967 1979 
39 94 263 320 335 395 457 552 553 599 606 659 700 772 817 854 938 1156 1227 1262 1267 1336 1350 1400 1415 1436 1463 1477 1518 1528 1536 1557 1681 1682 1708 1745 1821 1868 1956 1981 
51 0 104 108 119 145 226 357 495 529 533 546 558 559 560 590 596 612 648 661 666 765 840 875 891 898 955 996 1054 1121 1129 1248 1252 1261 1400 1423 1490 1495 1513 1565 1592 1627 1629 1636 1735 1775 1793 1805 1836 1900 1918 1940 
38 55 91 158 290 353 537 577 607 631 710 776 778 819 844 872 880 891 895 990 1004 1007 1096 1115 1128 1157 1346 1378 1463 1492 1551 1565 1612 1661 1689 1806 1852 1925 1972 
38 56 86 145 189 216 233 237 289 305 335 432 498 649 668 669 676 747 804 848 887 959 973 994 1119 1146 1172 1200 1376 1397 1465 1471 1485 1518 1543 1631 1693 1838 1875 
50 1 91 319 389 391 450 520 533 548 576 612 616 670 703 715 750 775 816 891 933 955 962 972 997 1115 1194 1245 1273 1288 1297 1346 1355 1357 1397 1408 1439 1570 1587 1602 1623 1643 1670 1674 1684 1800 1857 1901 1915 1958 1991 
40 70 105 232 259 391 428 431 450 515 668 762 840 876 956 1022 1118 1187 1188 1202 1226 1237 1321 1322 1364 1402 1515 1558 1611 1655 1663 1669 1708 1740 1744 1749 1762 1767 1778 1779 1850 
38 159 246 351 375 413 419 446 466 611 637 717 725 774 871 910 913 932 999 1008 1053 1159 1201 1268 1309 1366 1420 1606 1624 1734 1823 1861 1863 1864 1866 1932 1976 1987 1989 
32 32 42 53 95 141 295 301 370 406 476 488 499 532 552 627 777 783 896 933 945 978 1097 1120 1265 1358 1384 1549 1558 1564 1583 1956 1962 
48 0 19 103 180 182 269 310 316 348 374 413 429 532 549 552 563 584 622 735 780 1003 1033 1071 1160 1239 1246 1260 1276 1317 1332 1334 1404 1462 1661 1713 1740 1796 1824 1880 1891 1895 1918 1948 1958 1963 1970 1972 1992 
36 38 52 105 110 137 156 167 193 214 223 242 255 376 445 458 491 558 567 629 677 771 779 846 864 869 1088 1102 1116 1318 1488 1531 1608 1785 1894 1909 1951 
51 9 15 50 74 81 100 190 290 323 334 365 478 499 503 524 541 622 632 654 749 760 800 817 876 931 956 962 999 1116 1120 1207 1217 1294 1306 1338 1360 1381 1396 1405 1420 1422 1459 1466 1483 1501 1548 1707 1710 1715 1731 1770 
42 37 158 302 342 366 455 482 516 519 573 629 639 647 656 659 774 828 847 851 973 977 1019 1155 1157 1268 1287 1345 1375 1527 1561 1579 1608 1623 1646 1665 1696 1706 1765 1809 1842 1897 1981 
36 53 64 73 105 236 276 342 346 347 404 468 689 711 845 870 875 974 978 995 1038 1048 1081 1094 1101 1181 1432 1447 1528 1551 1610 1679 1727 1764 1832 1839 1993 
39 27 39 131 191 207 211 215 239 284 322 379 416 458 480 486 490 508 515 560 653 662 665 697 736 884 914 921 1058 1227 1375 1382 1423 1460 1467 1481 1535 1546 1740 1886 
34 8 142 341 446 575 591 668 741 787 865 866 910 977 981 1009 1042 1106 1131 1142 1157 1182 1231 1238 1298 1455 1540 1546 1612 1647 1729 1814 1864 1903 1956 
40 40 66 320 330 335 347 375 382 412 475 479 524 537 577 610 682 692 754 755 904 934 1055 1104 1125 1154 1181 1226 1228 1322 1331 1421 1439 1552 1567 1715 1823 1922 1931 1954 1994 
36 10 25 110 198 407 410 506 564 590 621 670 672 717 829 868 892 893 916 932 957 968 993 1026 1141 1264 1266 1315 1440 1459 1626 1698 1720 1815 1887 1931 1964 
26 36 248 314 368 405 434 496 547 555 583 613 703 717 736 791 925 938 991 996 1219 1457 1479 1713 1842 1886 1964 
45 2 7 24 29 105 113 154 202 219 263 276 295 341 346 448 493 497 525 563 650 696 714 784 792 805 842 931 976 991 1006 1095 1119 1145 1146 1247 1262 1499 1515 1541 1639 1662 1686 1714 1935 1973 
36 43 106 119 283 407 424 434 447 534 592 642 646 734 748 935 937 945 1048 1089 1101 1111 1155 1256 1288 1329 1355 1407 1456 1523 1524 1534 1589 1643 1840 1846 1851 
36 4 20 52 155 225 266 271 331 445 481 579 658 665 685 693 699 738 759 801 878 944 992 993 1069 1100 1145 1226 1396 1468 1621 1675 1766 1777 1849 1977 1981 
35 49 79 114 176 217 221 227 266 272 352 478 497 515 802 808 844 893 894 902 903 906 957 1143 1278 1308 1436 1574 1587 1588 1604 1613 1728 1753 1929 1981 
40 24 43 56 132 139 180 287 374 434 453 518 520 539 571 674 784 859 867 915 933 967 1000 1066 1077 1140 1206 1210 1341 1418 1546 1578 1641 1648 1696 1715 1747 1783 1791 1843 1937 
43 11 97 98 128 135 140 182 228 314 328 332 366 384 464 481 493 517 594 617 674 684 751 765 777 795 818 869 1083 1105 1160 1203 1205 1251 1333 1352 1436 1540 1548 1559 1592 1862 1880 1955 
48 6 27 78 81 128 152 179 301 332 430 447 523 570 607 786 811 826 902 914 931 1096 1121 1139 1203 1337 1359 1379 1406 1545 1549 1552 1638 1656 1667 1707 1718 1729 1751 1777 1780 1818 1885 1899 1904 1908 1910 1935 1984 
40 67 122 178 207 244 352 469 572 592 608 669 687 715 716 721 732 793 887 971 1066 1130 1195 1215 1355 1358 1405 1426 1465 1549 1686 1708 1754 1799 1826 1856 1869 1895 1896 1954 1987 
43 5 129 185 189 241 265 365 469 519 537 544 568 594 650 742 747 803 821 826 918 941 1033 1053 1137 1209 1235 1248 1306 1367 1369 1373 1399 1467 1629 1719 1761 1795 1844 1869 1883 1916 1920 1960 
50 26 78 144 173 177 192 200 228 246 286 302 344 353 359 389 391 482 532 561 572 581 610 673 692 711 786 787 848 871 880 885 927 961 1054 1110 1148 1191 1205 1417 1452 1469 1632 1681 1685 1698 1712 1768 1774 1795 1798 
40 0 2 13 56 88 92 157 162 223 288 321 341 428 496 534 615 680 712 747 780 806 821 901 914 928 1237 1245 1367 1498 1514 1569 1595 1663 1695 1760 1770 1918 1921 1941 1997 
42 57 111 179 199 267 298 347 372 397 433 455 490 549 565 613 621 636 669 702 717 720 738 802 864 931 935 1042 1052 1099 1136 1230 1324 1333 1373 1399 1431 1437 1454 1650 1847 1968 1976 
35 94 111 130 209 228 238 405 411 417 488 657 728 782 824 826 872 1086 1153 1156 1186 1233 1307 1314 1362 1376 1433 1623 1627 1650 1670 1714 1756 1759 1823 1838 
43 36 55 102 194 223 240 479 480 521 587 695 718 719 748 869 896 1008 1164 1166 1184 1201 1228 1245 1285 1302 1368 1370 1426 1445 1450 1458 1604 1625 1741 1750 1769 1806 1840 1899 1935 1940 1963 1974 
45 6 80 122 142 182 210 235 258 293 389 421 437 571 647 688 698 732 760 781 833 874 885 936 948 1036 1121 1149 1162 1164 1341 1397 1462 1471 1485 1514 1523 1621 1640 1692 1780 1886 1919 1931 1936 1964 
32 104 176 194 251 308 407 885 886 963 1099 1107 1169 1344 1361 1441 1446 1470 1488 1516 1604 1687 1706 1725 1751 1769 1781 1826 1848 1878 1916 1976 1985 
47 30 79 109 113 135 136 188 322 366 473 479 547 566 634 714 722 758 775 842 874 917 958 982 1004 1054 1058 1070 1106 1187 1193 1203 1373 1403 1405 1437 1491 1543 1609 1629 1645 1684 1726 1750 1777 1778 1803 1888 
38 91 159 224 297 328 439 495 539 603 643 671 724 738 819 889 919 957 1014 1209 1240 1303 1332 1350 1403 1515 1516 1540 1591 1605 1624 1634 1688 1716 1749 1771 1791 1800 1949 
47 31 292 354 365 402 412 484 487 577 597 606 621 652 714 771 801 841 861 865 937 947 954 965 1015 1057 1069 1082 1084 1094 1106 1109 1147 1163 1201 1318 1386 1400 1436 1441 1464 1615 1622 1732 1824 1867 1944 1953 
44 26 60 66 179 215 294 344 404 409 467 547 562 579 694 697 756 816 848 917 980 1012 1027 1029 1044 1108 1158 1269 1328 1346 1418 1429 1465 1472 1481 1525 1553 1566 1597 1648 1664 1734 1840 1853 1873 
32 4 55 69 201 226 408 525 542 560 570 625 729 878 930 1002 1077 1134 1143 1163 1210 1261 1318 1406 1513 1528 1570 1640 1673 1732 1802 1846 1887 
40 76 140 187 210 212 235 266 297 527 573 615 704 707 749 843 872 972 992 1072 1081 1151 1190 1237 1243 1257 1401 1438 1472 1497 1531 1551 1568 1597 1630 1692 1738 1772 1825 1885 1934 
35 8 75 161 247 251 308 364 541 558 560 581 583 622 649 690 720 784 865 866 914 936 1076 1205 1222 1244 1292 1413 1424 1725 1746 1793 1954 1965 1977 1993 
40 11 54 108 138 254 327 462 463 466 573 609 666 707 775 821 877 894 942 966 993 994 998 1100 1182 1325 1343 1427 1436 1442 1501 1548 1667 1689 1754 1814 1861 1915 1917 1962 1965 
34 98 190 193 283 335 466 504 550 572 591 772 1077 1078 1156 1186 1246 1265 1303 1309 1429 1439 1495 1642 1745 1758 1792 1793 1799 1885 1886 1889 1968 1970 1997 
34 55 99 108 228 265 294 303 327 361 545 626 705 769 820 885 900 968 1095 1115 1212 1277 1336 1356 1372 1390 1453 1469 1485 1566 1724 1776 1872 1888 1935 
32 64 75 130 223 232 364 384 409 415 481 501 536 621 665 843 901 910 1026 1068 1082 1127 1253 1476 1510 1589 1644 1708 1793 1813 1837 1865 1932 
43 1 29 34 61 164 245 247 301 365 404 588 614 749 750 806 941 955 991 1110 1115 1141 1180 1201 1202 1212 1270 1291 1297 1302 1337 1342 1351 1493 1508 1522 1594 1645 1654 1819 1843 1917 1973 1978 
42 22 131 180 253 312 365 368 480 639 658 735 741 817 838 958 983 993 994 1043 1046 1058 1073 1074 1093 1201 1304 1331 1349 1396 1400 1417 1515 1563 1632 1649 1654 1775 1814 1890 1892 1946 1988 
41 83 96 106 120 181 213 226 268 418 500 649 671 741 802 841 881 899 990 995 1038 1055 1100 1103 1147 1151 1153 1285 1294 1319 1356 1444 1456 1531 1535 1536 1556 1622 1629 1644 1815 1862 
38 63 82 192 206 221 226 254 289 303 402 452 468 492 536 575 606 610 634 692 693 732 763 809 827 959 971 1152 1310 1388 1407 1568 1569 1572 1665 1717 1750 1800 1813 
43 67 114 163 203 224 252 268 277 418 443 523 554 589 599 609 676 711 800 807 823 836 840 884 915 991 1037 1049 1119 1171 1206 1326 1331 1443 1473 1590 1672 1679 1738 1804 1822 1863 1903 1904 
34 59 98 169 250 256 261 308 321 369 413 590 608 640 754 810 911 971 990 1071 1165 1200 1249 1281 1356 1450 1512 1564 1572 1573 1593 1785 1841 1843 1956 
40 22 85 123 128 189 323 364 426 464 519 560 606 649 673 724 736 742 744 798 808 988 998 1164 1167 1294 1472 1550 1552 1577 1591 1661 1664 1701 1708 1790 1802 1862 1913 1973 1982 
47 42 158 197 230 238 347 363 432 446 556 572 580 648 697 715 780 805 833 922 943 959 1020 1024 1046 1093 1095 1122 1207 1228 1231 1255 1302 1326 1334 1422 1518 1567 1627 1693 1701 1732 1753 1757 1776 1793 1892 1979 
37 37 135 206 275 306 324 346 368 405 414 487 488 578 639 691 706 742 756 806 824 832 863 954 1022 1156 1302 1371 1378 1487 1591 1593 1688 1697 1715 1778 1784 1979 
37 8 107 129 312 346 485 503 522 524 550 551 604 663 756 849 897 921 925 938 984 1120 1286 1316 1319 1377 1513 1522 1545 1567 1635 1734 1876 1893 1915 1935 1972 1973 
48 34 128 137 205 217 222 239 240 248 309 392 408 412 445 535 637 642 768 791 836 883 886 974 1097 1134 1220 1261 1303 1330 1344 1374 1405 1422 1555 1587 1607 1610 1642 1644 1659 1752 1768 1771 1792 1877 1906 1933 1969 
53 70 71 80 136 158 160 305 373 408 410 437 493 495 638 750 774 828 832 914 1007 1029 1036 1068 1101 1127 1140 1181 1192 1213 1214 1239 1271 1307 1362 1408 1447 1455 1466 1474 1493 1611 1645 1673 1687 1722 1751 1791 1797 1867 1898 1939 1953 1985 
44 32 38 52 128 180 369 411 414 436 440 442 473 625 676 733 734 776 839 844 852 873 897 906 911 961 1020 1096 1127 1221 1320 1326 1362 1453 1494 1551 1555 1702 1706 1721 1768 1819 1865 1912 1928 
41 1 45 58 85 139 222 249 316 356 372 434 485 505 507 519 574 627 639 798 994 1069 1076 1225 1262 1270 1287 1324 1353 1356 1366 1449 1458 1539 1603 1622 1632 1643 1700 1749 1767 1825 
42 53 62 109 126 174 184 216 272 285 343 358 386 427 464 517 605 667 701 722 835 888 895 931 950 960 979 1077 1160 1214 1269 1378 1386 1489 1618 1640 1685 1709 1768 1792 1799 1933 1975 
43 28 32 76 120 199 224 238 254 304 332 368 396 464 516 772 799 830 863 890 911 934 1021 1043 1133 1150 1177 1194 1267 1293 1343 1400 1489 1502 1512 1517 1665 1691 1762 1842 1866 1914 1966 1974 
32 33 177 221 270 284 298 313 427 532 543 578 674 710 753 790 824 852 862 899 912 934 1021 1129 1206 1304 1409 1518 1521 1737 1820 1872 1936 
38 28 141 168 194 269 309 337 354 357 451 458 465 498 502 561 608 785 841 867 889 932 1099 1122 1246 1307 1371 1394 1467 1519 1520 1532 1603 1669 1737 1756 1918 1935 1978 
31 9 214 234 243 299 304 332 349 504 516 537 559 641 650 689 716 979 993 998 1088 1139 1229 1290 1702 1704 1706 1720 1737 1761 1773 1833 
34 0 45 136 152 153 165 217 268 291 310 428 435 601 630 796 867 889 1045 1063 1208 1233 1238 1287 1396 1486 1542 1587 1651 1668 1692 1707 1736 1782 1939 
45 181 193 271 288 305 329 338 449 530 638 651 695 732 747 795 823 844 876 913 941 962 1105 1114 1181 1182 1183 1231 1363 1439 1491 1520 1527 1570 1590 1665 1693 1706 1736 1769 1773 1776 1808 1810 1836 1982 
41 24 74 83 112 125 133 204 272 370 379 517 537 606 626 635 799 822 869 971 1024 1034 1051 1103 1144 1168 1189 1191 1209 1226 1319 1384 1407 1503 1576 1590 1622 1723 1757 1792 1896 1975 
38 17 54 125 181 190 248 325 396 496 508 540 558 589 606 718 735 797 816 852 893 1054 1067 1172 1228 1341 1374 1401 1474 1516 1520 1557 1593 1661 1712 1793 1947 1971 1993 
43 54 208 289 291 315 324 381 446 454 467 478 480 512 538 559 561 643 646 667 675 761 772 779 787 807 884 932 947 1210 1214 1216 1330 1358 1419 1522 1543 1609 1645 1819 1836 1875 1928 1936 
50 35 128 153 178 192 227 280 306 402 414 439 502 557 558 567 625 647 674 675 694 800 873 1005 1017 1029 1069 1071 1118 1150 1205 1263 1320 1341 1409 1421 1427 1532 1550 1625 1628 1709 1730 1749 1767 1775 1885 1893 1914 1916 1957 
45 25 30 114 168 186 230 318 421 539 638 684 700 725 803 816 869 933 969 1031 1034 1147 1170 1179 1222 1255 1287 1293 1311 1524 1569 1570 1588 1597 1625 1682 1710 1732 1767 1786 1848 1888 1889 1892 1956 1990 
38 48 78 101 115 154 156 178 227 248 268 345 385 465 471 557 598 638 677 683 752 794 845 875 959 990 1079 1145 1183 1320 1337 1424 1433 1662 1674 1854 1855 1941 1950 
34 31 35 48 97 108 203 321 393 429 600 613 653 790 796 847 980 996 1049 1076 1094 1160 1178 1233 1360 1461 1491 1803 1835 1843 1869 1900 1903 1938 1955 
45 26 58 145 236 287 339 435 478 518 531 626 646 673 676 688 805 831 878 887 919 938 958 1087 1093 1115 1117 1203 1225 1287 1328 1403 1465 1492 1533 1566 1587 1594 1600 1606 1646 1664 1692 1721 1769 1913 
30 68 143 277 340 364 389 416 571 827 877 956 990 1009 1085 1166 1207 1248 1290 1305 1362 1553 1580 1592 1651 1699 1709 1753 1837 1873 1901 
39 179 183 193 209 255 266 288 320 334 337 386 400 498 590 714 747 802 812 839 864 913 940 979 980 1043 1059 1200 1218 1241 1357 1377 1401 1497 1527 1550 1634 1653 1688 1924 
50 11 37 99 156 161 200 223 246 269 326 390 466 483 498 503 542 633 645 777 822 868 882 892 914 966 989 1047 1073 1093 1273 1305 1319 1333 1336 1373 1443 1489 1514 1562 1623 1662 1687 1691 1739 1741 1804 1851 1872 1890 1979 
38 53 116 178 252 266 327 403 427 522 562 566 580 594 601 745 772 796 808 841 944 973 994 1003 1080 1166 1234 1287 1292 1489 1542 1622 1628 1647 1711 1772 1887 1972 1976 
38 4 92 185 201 301 307 321 351 504 657 667 690 693 757 768 864 905 913 963 974 995 1025 1050 1060 1094 1149 1398 1436 1443 1445 1486 1496 1544 1603 1658 1811 1850 1879 
29 41 95 124 130 150 152 232 513 793 929 998 1017 1067 1074 1102 1186 1215 1351 1399 1471 1483 1504 1633 1676 1736 1838 1884 1890 1891 
47 51 53 159 160 206 212 224 232 260 304 348 367 427 463 477 541 566 592 623 701 800 833 890 891 1072 1075 1098 1211 1225 1229 1250 1267 1280 1389 1399 1404 1406 1441 1517 1598 1642 1732 1797 1818 1824 1878 1948 
27 0 14 185 285 288 448 505 578 649 778 868 956 1122 1128 1188 1204 1263 1327 1472 1487 1607 1613 1635 1690 1861 1876 1933 
42 40 72 77 262 313 364 391 420 436 575 647 670 725 776 885 909 920 936 943 1000 1015 1019 1044 1091 1138 1266 1278 1286 1417 1495 1706 1709 1710 1768 1772 1774 1792 1816 1822 1863 1949 1972 
38 17 26 28 94 256 257 258 320 465 545 665 714 737 846 873 921 1027 1056 1070 1111 1132 1164 1202 1220 1227 1242 1349 1409 1416 1514 1553 1649 1683 1700 1834 1871 1894 1976 
37 44 71 156 305 369 370 427 540 622 630 668 696 704 945 1042 1067 1085 1141 1157 1223 1329 1358 1383 1385 1393 1423 1452 1574 1587 1644 1656 1689 1694 1754 1758 1770 1982 
39 61 74 77 87 88 113 172 227 328 355 411 450 460 480 505 611 691 727 951 1002 1097 1266 1290 1308 1428 1490 1516 1602 1641 1652 1703 1771 1807 1820 1836 1861 1890 1897 1916 
32 60 167 207 245 247 272 311 476 505 570 611 641 705 738 752 804 935 976 1070 1094 1121 1122 1166 1232 1352 1438 1451 1500 1566 1741 1822 1962 
40 44 65 181 221 310 325 348 502 571 646 778 798 845 923 959 960 963 1028 1114 1156 1235 1279 1288 1309 1360 1388 1503 1517 1608 1681 1718 1739 1752 1759 1765 1820 1827 1909 1983 1991 
29 14 52 113 177 477 607 619 623 635 673 715 739 751 766 819 825 863 1001 1120 1141 1158 1195 1317 1380 1382 1431 1821 1883 1967 
47 17 19 111 129 175 219 221 228 236 245 270 317 359 371 382 408 451 480 483 535 557 726 831 839 893 911 1151 1165 1167 1221 1306 1337 1458 1495 1504 1520 1540 1547 1548 1586 1636 1642 1730 1734 1799 1946 1953 
45 13 76 83 131 226 270 273 344 371 484 514 628 645 739 794 842 913 935 960 984 1018 1082 1114 1157 1158 1185 1227 1256 1266 1323 1332 1398 1418 1467 1491 1527 1571 1592 1617 1655 1706 1735 1747 1919 1920 
37 177 198 220 221 276 282 309 376 394 403 426 534 730 749 807 839 851 885 895 897 972 1068 1086 1142 1174 1277 1288 1312 1373 1440 1456 1468 1492 1650 1714 1865 1913 
44 9 106 135 155 245 250 325 351 367 392 557 627 639 640 651 688 695 705 709 737 743 747 840 856 874 882 954 1004 1048 1150 1181 1207 1280 1398 1475 1513 1545 1647 1666 1691 1857 1920 1938 1984 
47 23 34 68 93 137 197 215 266 315 376 454 478 564 664 774 783 822 843 886 900 902 920 961 1004 1025 1133 1139 1143 1199 1231 1324 1360 1364 1402 1417 1577 1685 1698 1713 1716 1775 1813 1921 1944 1959 1962 1980 
45 8 138 141 253 300 372 453 472 517 581 585 608 650 706 709 755 771 839 870 1019 1023 1028 1031 1059 1116 1170 1180 1210 1262 1273 1296 1335 1340 1379 1425 1452 1498 1564 1595 1602 1761 1789 1836 1957 1966 
33 0 15 152 241 372 441 467 469 565 589 598 624 722 727 733 779 816 1021 1026 1124 1270 1276 1525 1548 1584 1637 1641 1740 1833 1975 1978 1982 1996 
36 37 57 91 144 164 249 274 420 474 494 560 643 654 726 737 777 868 898 951 972 1156 1159 1248 1262 1361 1477 1544 1641 1680 1757 1770 1853 1923 1959 1961 1964 
54 16 105 135 138 248 270 272 280 287 341 367 369 372 389 399 420 426 462 507 563 565 625 736 763 892 904 1020 1030 1055 1129 1142 1193 1247 1310 1311 1355 1375 1398 1430 1487 1518 1529 1541 1550 1622 1640 1670 1701 1754 1810 1854 1870 1954 1963 
48 0 18 106 121 171 188 222 233 238 343 437 454 474 522 535 544 567 574 579 752 785 828 863 911 962 991 1005 1022 1070 1173 1192 1236 1289 1291 1382 1396 1470 1485 1688 1695 1788 1832 1839 1843 1916 1960 1971 1974 
53 59 74 82 116 210 317 326 333 391 403 509 622 655 678 757 766 857 918 947 954 977 1046 1114 1118 1147 1159 1184 1208 1221 1259 1293 1319 1415 1416 1478 1517 1519 1521 1540 1576 1582 1623 1642 1687 1690 1724 1776 1796 1825 1840 1846 1954 1955 
40 79 83 231 296 405 414 527 589 678 721 734 842 853 865 877 892 939 975 1001 1020 1054 1093 1098 1161 1196 1207 1246 1247 1322 1338 1358 1367 1564 1633 1639 1711 1732 1809 1924 1931 
46 20 93 125 237 241 252 257 345 355 359 404 496 527 543 556 593 692 894 942 1006 1047 1108 1171 1187 1203 1236 1252 1253 1365 1387 1436 1466 1469 1507 1564 1751 1763 1782 1801 1818 1844 1886 1914 1984 1988 1995 
21 111 112 419 426 500 556 630 890 1043 1062 1208 1339 1359 1475 1637 1678 1694 1696 1754 1859 1999 
