200 2000
471 1259
657 922
647 1461
247 1126
452 693
810 905
511 1034
386 1151
911 1270
160 397
556 1043
443 1284
438 1326
762 1059
554 745
292 621
753 1661
952 1415
869 1209
674 980
538 1322
956 1110
24 123
919 1263
517 819
292 430
897 1031
448 803
985 1308
844 975
281 556
796 966
920 1021
209 802
506 666
672 1569
603 741
168 829
530 1350
701 1383
856 1739
826 1257
26 265
347 1330
443 1379
228 1228
890 1775
342 1178
286 1215
818 854
579 1412
344 1170
708 1044
508 1484
507 1418
925 1637
667 1584
753 1057
623 897
546 563
114 436
431 1127
804 1408
837 1174
3 328
425 714
846 1665
714 869
722 916
324 391
184 624
581 1538
937 1677
552 1302
175 550
736 1679
518 1459
913 1052
383 1062
938 1088
234 767
239 798
103 933
110 419
363 897
326 741
684 1268
674 1289
57 914
204 925
624 1323
569 620
564 1183
878 947
74 326
334 842
750 1612
451 1145
108 276
220 294
559 1533
735 894
352 1026
807 1746
648 1365
441 718
645 1530
72 316
371 623
105 475
466 856
733 1036
272 362
716 1389
564 849
132 1062
665 988
137 549
65 316
179 548
622 1603
540 1479
930 1401
941 1593
217 1206
612 1590
498 1222
299 1059
613 841
69 142
179 959
476 1418
163 518
762 1140
641 1138
1000 1543
566 715
880 1203
355 907
831 1271
545 832
692 934
479 1333
704 1456
204 817
670 1079
963 1202
604 651
765 1426
75 1071
257 406
399 1286
146 343
798 1517
641 901
559 656
885 1743
295 1011
533 635
334 1321
518 1000
619 708
828 1614
875 1605
188 937
414 740
663 884
369 1098
853 1258
70 578
421 958
379 522
190 737
743 1652
36 814
980 1336
412 1278
281 535
145 585
159 1025
367 505
329 1064
287 419
869 1580
109 495
362 378
626 1444
831 973
634 1310
114 425
2 832
361 459
117 834
344 586
116 603
463 897
213 1079
964 1262
693 1480
82 275
879 1039
33 719
725 806
399 773
639 1210
935 1859
651 1237
35 806
67 948
587 637
311 397
170 329
416 1201
25 888
613 1606
48 763
964 1641
222 440
967 1443
651 867
624 993
727 759
884 1298
317 1198
358 812
178 1002
353 567
345 841
679 995
590 787
696 1205
210 700
600 1346
201 990
400 988
559 602
305 714
790 1155
30 78
282 1122
84 775
780 1178
688 914
928 1316
468 595
906 1659
558 1150
611 1475
388 918
241 629
289 964
92 782
527 1447
35 272
742 800
387 440
623 932
402 780
728 1594
349 944
906 1740
948 1437
523 1279
191 598
76 713
70 852
966 1229
823 1776
410 1060
299 1249
243 654
837 1437
738 1457
449 1035
40 590
478 1447
625 970
542 1014
497 906
270 628
561 812
783 1093
868 1812
304 321
51 475
805 1705
140 799
156 1009
644 1290
88 351
959 1102
583 664
38 679
656 1343
912 1044
368 520
147 512
679 1116
939 1125
676 1601
133 370
580 1465
238 520
571 1318
81 959
596 1273
791 1511
502 1155
292 1189
603 1166
783 954
255 1202
213 521
177 579
241 928
70 987
152 957
487 726
952 1624
479 973
657 1146
374 710
997 1709
895 1217
471 1031
255 462
316 1025
309 953
74 1042
213 681
995 1794
69 771
841 1603
694 1670
897 1077
924 1346
502 900
650 1463
948 1576
886 1208
238 912
642 923
754 1358
870 1296
153 923
7 452
295 807
979 1037
36 409
96 847
405 1030
339 1266
693 1458
899 1407
725 908
444 1221
569 644
726 1231
511 1331
273 329
109 377
806 1321
49 732
790 1669
21 960
470 1187
561 1530
657 1481
171 711
574 1187
877 1776
945 1323
759 1425
324 1263
924 1890
567 691
385 576
798 1297
375 838
457 1434
544 1368
571 1378
921 1820
701 736
633 1526
259 573
667 966
567 665
73 515
174 742
888 1225
367 730
862 1144
694 1617
736 770
770 1162
682 973
813 1400
206 271
854 981
812 1261
2 934
199 477
28 207
45 416
970 1939
469 672
215 712
66 246
338 1320
900 1027
9 151
211 548
743 780
18 282
62 391
647 1053
793 1689
420 953
159 1087
750 1034
134 808
78 499
956 1245
686 1441
460 1310
987 1817
287 747
489 734
958 1442
378 1263
656 1362
757 920
456 1453
736 1294
974 1889
364 684
787 1596
322 1293
858 1665
988 1165
497 714
182 250
989 1149
710 1243
899 1449
284 1253
52 603
491 1261
295 745
143 489
651 1334
362 895
632 955
367 828
630 1199
57 964
809 1472
680 1056
308 517
177 455
508 1119
987 1473
343 520
134 328
24 901
108 357
379 1154
543 543
392 412
851 1793
992 1856
68 538
83 349
593 651
47 1044
437 1000
975 1084
241 756
343 1033
800 1463
157 459
114 550
533 1234
21 351
738 859
460 1022
734 942
684 1348
46 331
234 443
307 503
741 1194
676 1193
332 1129
909 1797
209 722
125 621
559 1333
493 1269
196 591
731 928
201 684
864 1411
643 1063
999 1571
766 1598
884 952
13 997
452 1167
508 1442
184 343
686 849
117 962
312 537
722 1258
874 1332
837 1360
85 862
840 1615
456 1245
519 1407
166 666
882 1428
555 1125
211 1114
670 1110
266 964
176 543
470 1260
729 1157
272 477
915 980
576 1468
415 975
767 1670
977 1137
157 1030
394 1363
375 578
901 1129
604 1268
485 1058
201 969
144 1137
428 762
364 376
587 1442
955 1408
703 932
546 1266
728 1143
738 747
792 1012
606 775
292 1121
561 1179
288 673
456 1046
349 643
448 1250
910 999
487 921
504 1145
559 606
260 374
283 1072
280 362
808 1200
564 645
852 1354
276 738
193 205
611 1159
799 1634
122 195
260 855
818 1648
609 690
513 1501
626 1236
299 543
406 967
353 675
807 1166
402 1090
487 695
456 609
292 703
584 814
530 1454
623 1468
778 1318
538 1537
605 1519
978 1750
565 1000
48 290
780 795
849 1598
688 929
390 1293
273 1225
895 1880
874 1751
104 746
649 798
154 155
510 560
925 1433
202 249
388 1233
984 1788
807 1696
91 653
356 521
723 1081
479 1221
57 921
350 1294
63 138
187 979
89 742
777 1755
726 1654
714 1109
390 717
132 883
172 786
500 779
794 949
631 1395
490 928
677 1242
397 1092
403 1283
177 891
990 1550
975 1344
611 1150
229 1193
813 982
194 1161
417 604
155 986
821 1456
883 1354
211 571
788 1410
736 1548
878 1627
361 1022
8 172
79 709
967 1078
741 1497
114 798
609 1195
3 941
989 1911
616 751
534 639
306 375
934 1237
383 712
170 195
763 1131
824 1542
970 1556
577 1281
599 631
626 1220
631 743
141 1020
647 826
864 1792
119 549
459 948
381 728
780 1411
1000 1646
662 990
435 1037
961 1026
302 1075
41 526
672 1045
675 1602
830 1143
383 1109
219 302
819 862
206 1019
387 912
729 1312
884 1288
643 1337
381 405
791 1749
427 611
243 716
434 608
966 1850
504 1057
678 1632
678 739
601 913
509 542
6 591
895 1183
565 973
725 1628
789 1516
810 1168
447 851
213 1135
882 1099
868 946
667 722
165 298
239 614
745 1587
839 1263
992 1409
780 1001
338 881
827 1196
606 694
230 607
437 1161
607 1151
81 756
222 326
956 1900
215 503
502 566
85 540
130 1044
546 1079
931 1818
452 904
912 1119
647 1166
260 1124
975 1835
606 714
463 941
139 750
655 972
408 1387
720 1229
143 821
696 1562
790 1734
151 859
52 838
231 688
842 1547
136 709
793 1721
764 964
376 1046
10 370
180 607
104 223
627 1483
825 1003
485 965
934 1382
133 996
139 805
536 1008
528 866
653 1260
202 1095
301 1257
549 1036
512 569
653 1227
676 1478
182 183
871 1322
650 979
625 940
94 1012
405 697
148 966
544 826
350 561
729 1358
288 677
377 991
908 1547
48 78
434 574
132 310
711 1417
968 1361
744 1109
988 1493
70 1015
928 1128
939 1862
987 1574
935 1101
454 1068
242 1099
860 1234
554 1421
859 1498
980 1185
116 186
877 999
170 290
61 1040
962 1850
68 138
235 339
797 971
372 1243
319 703
443 1189
430 830
118 289
23 941
304 578
169 1041
663 1131
976 1212
589 1234
534 882
519 1138
319 767
200 1075
622 877
685 750
664 1468
181 917
628 951
676 697
25 988
177 1109
796 1335
339 1331
156 658
849 1037
542 749
611 956
332 635
801 1351
191 333
417 468
349 691
483 570
897 1544
598 1467
250 866
707 977
842 1681
290 1088
224 652
716 1370
436 913
33 296
894 1145
733 1195
524 1279
829 1514
955 962
915 1686
767 1325
556 905
851 1331
84 471
834 1002
266 1082
794 1715
573 1471
720 740
102 527
742 989
444 962
703 881
881 1727
873 1500
564 1439
121 964
723 1133
306 416
426 704
523 1155
305 709
99 1077
72 709
470 1079
315 1255
842 1490
272 870
714 1192
773 1094
379 777
945 1081
660 998
157 456
784 1420
892 1162
703 748
306 967
611 1368
420 589
987 1733
852 1153
676 941
372 1075
247 573
161 615
96 169
979 1705
1 633
706 1615
880 1464
971 1426
670 676
619 935
362 1117
436 537
143 351
478 494
365 688
939 1435
243 375
550 1463
323 1000
119 559
678 1239
841 1835
86 575
923 1011
784 1387
487 858
175 218
126 385
879 1143
558 1435
500 711
863 1376
146 304
571 1326
560 1224
428 1324
81 417
621 645
685 1205
433 675
336 361
928 1349
461 672
324 798
752 831
871 1769
150 566
46 298
492 788
878 1164
312 337
624 1480
483 1163
631 863
9 729
410 899
937 1542
234 446
951 1316
496 590
698 1311
859 1240
436 925
405 564
43 222
912 1649
52 500
258 1139
466 1447
815 1541
4 144
794 939
1000 1896
613 1152
409 573
178 491
964 1713
333 436
330 792
886 1067
291 572
191 664
955 1240
174 282
264 630
466 515
670 940
507 1146
738 1433
384 1143
738 1187
802 945
97 564
778 1511
128 297
317 864
21 992
316 769
906 1518
679 701
142 567
870 922
58 456
807 949
588 670
268 1252
202 544
672 743
82 146
562 1071
846 1297
340 947
968 1053
396 1186
945 1945
364 924
692 879
778 1317
203 369
955 1277
226 733
33 396
582 1325
564 1135
103 220
658 752
783 1582
770 807
808 832
121 1054
428 654
330 336
911 940
140 310
671 822
550 1135
52 565
233 587
582 844
881 1270
852 1417
531 582
956 1737
358 1091
34 715
512 1035
194 1111
859 1840
218 564
431 839
531 602
961 1267
519 1142
31 940
887 1541
9 506
591 892
49 324
990 1157
682 1194
691 1195
742 1326
86 770
306 580
456 1149
394 734
305 935
688 1349
433 834
43 580
678 1039
214 806
466 1145
487 1443
490 566
139 414
961 1547
748 1699
961 992
240 432
253 412
230 230
824 1755
796 1137
879 1649
261 669
653 1156
218 1008
765 1673
602 1207
526 660
986 1800
197 343
790 1781
420 689
979 1202
284 980
671 986
893 1869
946 1920
769 836
340 577
558 809
902 1170
316 860
863 1434
963 1783
698 1603
853 981
948 1757
169 458
240 581
318 561
58 235
925 1730
36 565
554 1510
131 499
371 1038
167 523
206 250
525 935
141 1053
30 164
503 1217
70 997
695 1539
173 634
196 536
10 1006
461 1079
452 707
518 1162
475 1346
673 715
312 343
724 870
144 1006
90 299
317 361
450 1243
743 945
554 1090
212 686
753 1135
733 1371
814 915
921 1751
915 1740
302 780
483 1478
145 1063
626 952
450 1059
591 1093
657 1366
430 735
968 1148
545 963
598 721
776 845
358 961
224 772
590 689
227 338
442 1299
551 600
453 1255
473 974
809 963
424 1302
1 860
937 1136
25 523
900 1387
458 496
99 467
180 1017
43 148
791 957
837 1750
334 363
632 1054
44 313
662 1456
129 864
630 1102
211 775
637 1562
773 899
472 1005
935 1709
624 929
647 1552
770 803
184 402
664 1056
205 1203
483 1369
783 1554
379 651
404 855
182 1147
240 643
296 970
888 1780
523 832
385 1350
473 777
305 525
452 1315
301 549
401 978
983 1431
111 695
635 886
599 1379
400 1206
517 702
873 1700
485 1387
106 483
45 130
86 538
905 1750
670 1622
603 1023
939 1232
859 1233
420 1267
266 517
426 902
169 331
547 955
242 293
997 1996
468 897
17 393
615 922
23 485
311 886
479 689
879 1554
399 1195
174 836
383 546
410 1002
983 1958
474 741
112 626
963 1043
552 742
768 1605
994 1408
714 1495
815 1751
261 847
895 1022
433 657
734 1064
608 1273
595 1308
14 178
963 1220
407 549
514 799
95 195
613 1470
929 1529
693 868
974 1090
879 942
796 1467
861 1340
554 1046
594 1537
706 1216
351 1257
71 861
63 784
132 373
58 1008
681 1586
950 989
805 829
498 1278
912 1362
379 832
376 886
978 1085
488 850
955 1092
984 995
959 1174
543 1402
854 1331
931 1724
583 1253
239 1130
895 1661
672 1510
129 848
737 1293
127 849
53 92
222 578
559 1092
992 1747
380 1029
917 1772
372 962
852 1705
715 1420
345 1050
178 1128
374 422
226 721
738 1502
605 1512
277 881
224 935
722 1437
563 1172
866 923
502 1198
243 929
268 1091
857 992
349 826
308 602
103 894
761 1249
625 1210
690 776
902 911
220 246
172 903
535 892
915 1196
771 1583
779 1474
231 942
720 822
444 950
178 419
752 1497
502 1194
699 1622
468 1352
629 711
684 885
843 1805
274 476
360 495
4 92
14 49
575 1525
945 1494
353 706
477 1473
72 881
970 1357
509 1481
645 980
498 1355
754 982
205 713
237 385
234 973
525 821
525 531
279 491
834 889
744 767
333 450
348 1118
27 98
846 1546
428 1247
819 966
453 1349
229 568
255 668
612 696
440 1100
447 815
853 1132
529 705
506 782
259 692
617 1422
988 1965
33 582
500 754
188 616
357 675
195 857
411 1265
59 508
902 1593
215 438
534 576
604 1064
288 875
804 932
748 758
324 1060
605 1113
767 1606
952 1917
971 1376
739 1500
729 1569
871 1551
372 764
71 461
227 748
746 1396
50 971
37 336
200 738
586 771
102 382
672 1220
35 328
3 964
480 1395
48 584
245 805
748 1058
682 1549
942 1212
96 245
916 1392
437 1401
934 1796
150 1005
743 1398
387 582
483 1124
589 1229
823 1415
823 1542
992 1963
437 962
248 1075
550 786
598 1290
468 879
65 555
692 1260
924 1095
403 748
622 1594
867 1481
869 1656
136 301
354 612
839 1764
244 921
30 283
771 1320
988 1129
914 966
623 756
294 638
739 878
68 200
515 712
781 1638
364 1361
609 625
893 894
135 593
622 972
781 1751
812 850
24 978
609 1491
280 601
826 863
903 1187
606 988
607 1359
686 981
35 580
708 1219
891 958
621 941
275 726
212 646
569 708
132 1112
6 403
24 111
243 971
701 913
215 1018
247 494
49 83
83 830
809 1661
188 232
315 658
190 726
568 729
8 463
392 570
535 723
588 1255
685 696
854 1025
438 847
423 1396
831 1154
163 586
963 1106
146 630
890 1818
605 679
199 299
302 780
848 1148
968 1175
607 1209
787 1065
185 408
431 605
842 1475
982 1455
753 1216
34 622
23 626
387 849
76 281
881 1672
279 888
146 284
631 1328
975 1650
154 715
236 1043
324 677
761 1024
931 1088
747 1572
336 1206
698 1118
895 1787
916 1235
783 802
235 1065
834 1662
546 1144
183 640
604 1172
479 763
868 1073
252 870
442 995
379 429
337 1067
861 1135
335 1084
760 930
719 1288
270 1119
683 1488
52 577
231 296
911 976
835 1456
538 713
649 1379
508 1020
515 1156
195 369
364 949
359 901
193 222
853 1332
658 748
885 1355
691 1641
464 1150
109 1092
25 324
876 964
785 1346
698 873
358 496
792 800
260 572
893 1473
301 1126
998 1947
84 767
960 1662
960 1495
750 1427
574 1124
788 1661
12 953
109 386
688 1044
987 1038
840 1645
351 808
144 769
35 860
541 936
630 866
619 905
332 1151
688 1663
649 1331
879 879
742 799
712 946
811 1255
46 518
303 966
130 536
891 1070
826 1579
326 444
53 1026
615 1110
995 1590
193 996
261 716
781 1714
233 565
433 509
23 270
591 607
634 635
212 268
444 1359
603 820
382 722
883 1842
951 1884
275 402
863 1728
292 708
52 1036
731 1489
809 1795
221 433
40 460
452 548
739 894
490 835
258 1233
813 1717
502 1019
182 1106
982 1054
998 1058
963 1780
503 1286
372 479
455 802
23 884
581 1296
705 1064
490 832
310 1240
205 1105
61 511
209 628
836 1128
287 738
926 1792
375 468
1 809
541 659
12 933
270 798
69 219
240 510
303 831
764 803
711 1646
64 667
242 518
460 1025
665 1129
379 1141
479 1120
762 955
674 1458
147 419
10 871
5 474
580 1240
993 1539
316 967
709 1622
748 856
714 1060
65 1059
58 734
302 1115
890 960
291 499
428 1163
94 492
810 1484
894 996
902 1408
243 553
374 645
515 821
755 881
263 493
596 1571
965 1398
545 1465
811 1032
371 1061
440 713
799 1335
946 1799
522 1035
298 664
147 1004
113 151
329 385
448 1249
898 1763
290 1123
14 23
305 655
731 1170
908 1374
779 1470
65 866
155 891
348 1291
820 1282
694 854
293 1236
565 1112
243 974
700 884
839 1780
725 810
576 890
572 1069
64 573
741 1260
200 957
695 1436
256 1130
604 863
830 1483
361 757
489 1154
428 1026
2 813
167 805
560 986
452 509
793 1010
464 1051
416 1147
72 180
171 1004
141 493
269 570
407 669
649 1024
762 1745
509 1205
438 1091
265 664
884 1102
112 419
827 1414
878 1387
323 991
650 756
224 1070
85 463
848 1590
400 638
294 690
991 1896
197 1163
206 1061
441 509
79 821
459 502
546 1101
140 263
819 1545
445 1094
301 1173
814 1704
284 1169
947 1114
180 1036
565 696
418 814
345 415
92 149
565 1153
727 791
341 1167
776 1230
545 891
230 1049
341 1226
487 761
310 1190
952 1389
992 1947
288 1081
864 1259
811 1559
943 1362
645 1411
312 545
127 610
192 960
148 191
456 1387
757 1681
55 646
980 1410
600 1407
689 1142
411 964
494 813
15 770
903 1566
815 1352
775 1767
669 1307
107 680
745 858
179 584
767 1576
300 1257
847 1358
265 950
439 791
927 1353
335 1008
46 976
161 749
255 850
426 492
453 943
20 672
510 1124
883 1296
592 981
582 1094
500 1062
52 54
769 1300
768 1440
767 1536
314 625
434 550
654 1377
354 1298
472 968
665 678
326 980
137 446
821 1727
506 533
140 1013
301 1258
455 624
858 1192
381 1279
836 1051
682 1485
49 332
245 758
141 618
476 722
717 977
352 592
665 898
694 1444
12 439
196 287
939 1765
791 1418
373 1291
298 404
260 704
973 1547
496 1003
9 145
288 860
996 1990
429 689
536 1111
163 522
608 868
397 971
995 1180
424 1115
292 893
450 1419
657 1310
668 780
258 643
786 837
19 678
455 684
451 749
64 317
701 872
508 1241
573 1471
815 1051
921 1164
428 649
958 1443
238 772
71 260
894 1557
315 369
576 1028
227 516
75 284
140 762
950 1194
412 1351
135 723
690 1557
63 765
413 1365
74 406
327 896
303 679
690 1008
48 861
364 1205
788 1553
588 644
514 1142
725 785
102 1064
617 1155
821 1312
444 1242
31 157
19 786
841 1826
392 1142
630 653
697 1047
677 1431
572 1154
463 1069
978 1493
868 1287
671 719
26 361
238 660
294 918
583 650
759 1702
624 1322
619 679
683 747
188 443
480 536
788 1435
65 144
54 404
215 401
735 1047
686 1302
704 1376
431 810
746 917
43 16 36 54 186 206 228 306 319 355 356 390 402 557 558 589 703 818 924 964 1002 1097 1098 1116 1128 1140 1202 1237 1284 1355 1429 1430 1437 1623 1627 1648 1658 1673 1695 1780 1892 1897 1928 1955 
47 0 25 56 80 117 325 345 358 407 409 463 559 659 672 764 767 871 884 939 946 957 971 1028 1078 1126 1204 1225 1245 1285 1302 1303 1327 1328 1344 1354 1375 1389 1412 1519 1578 1605 1621 1624 1688 1695 1986 1990 
36 90 99 128 189 213 231 250 290 305 320 336 344 398 529 536 573 749 873 889 1058 1123 1136 1192 1402 1437 1559 1591 1615 1619 1643 1669 1685 1831 1844 1914 1933 
41 39 65 104 110 128 153 229 381 400 465 506 561 574 616 825 850 924 1057 1185 1204 1347 1377 1378 1388 1422 1497 1500 1544 1565 1576 1598 1602 1610 1642 1692 1821 1829 1856 1922 1931 1983 
33 25 76 112 132 133 211 245 341 377 406 419 464 483 532 548 623 652 655 782 937 1156 1212 1291 1347 1564 1620 1630 1717 1750 1776 1854 1862 1974 
40 2 15 33 124 146 234 297 342 422 503 524 534 618 788 856 954 1001 1006 1007 1061 1074 1089 1101 1305 1317 1343 1382 1426 1450 1476 1493 1500 1529 1622 1690 1743 1749 1841 1870 1914 
50 27 55 84 155 195 277 349 431 471 509 573 614 637 665 690 697 699 804 824 855 986 1010 1034 1069 1071 1117 1118 1155 1180 1190 1220 1291 1312 1315 1317 1318 1339 1357 1454 1457 1524 1636 1688 1825 1847 1849 1852 1866 1906 1941 
31 6 21 93 96 196 475 493 500 510 648 661 685 688 773 775 829 881 893 922 932 1040 1125 1202 1254 1261 1411 1421 1439 1696 1786 1926 
38 106 116 178 304 341 348 389 511 513 536 576 582 606 646 671 723 733 739 756 846 1019 1020 1071 1080 1094 1125 1144 1223 1326 1369 1444 1469 1596 1605 1607 1798 1913 1980 
38 84 128 229 265 342 405 408 423 493 564 576 586 734 754 813 848 886 931 943 974 978 997 1096 1121 1128 1181 1270 1554 1578 1590 1603 1671 1697 1750 1791 1819 1877 1994 
42 68 101 128 162 184 233 265 275 362 416 449 640 646 716 741 742 773 782 813 867 1019 1020 1180 1190 1253 1282 1323 1391 1420 1450 1471 1487 1624 1666 1697 1845 1850 1905 1923 1927 1934 1940 
50 24 81 143 186 200 214 247 268 311 344 369 440 445 482 504 553 592 612 834 842 880 928 952 973 1011 1027 1083 1249 1308 1317 1391 1401 1409 1416 1468 1505 1620 1621 1640 1650 1696 1705 1733 1742 1745 1796 1826 1827 1941 1953 
44 16 27 92 295 312 350 366 368 375 392 442 449 477 484 600 646 764 781 782 794 812 932 987 1183 1207 1232 1251 1257 1271 1272 1301 1350 1355 1434 1565 1589 1691 1781 1791 1795 1827 1851 1894 1960 
42 2 42 63 271 306 322 331 345 350 376 559 637 662 751 839 885 932 979 1095 1120 1141 1211 1259 1285 1304 1323 1360 1381 1397 1400 1521 1675 1685 1697 1714 1742 1769 1800 1838 1891 1925 1959 
38 28 35 104 129 157 158 182 191 207 279 355 375 380 445 463 533 543 572 704 721 739 775 1005 1066 1072 1169 1206 1276 1349 1365 1487 1542 1594 1621 1661 1773 1919 1986 
30 14 41 118 126 188 223 267 324 333 336 430 432 446 487 693 752 1230 1292 1304 1325 1396 1530 1573 1588 1616 1679 1753 1836 1868 1957 
50 0 52 61 190 196 394 411 417 418 449 485 501 568 689 714 757 771 816 818 883 884 954 955 983 997 1080 1148 1204 1263 1267 1303 1323 1337 1397 1398 1401 1439 1459 1476 1488 1575 1624 1699 1709 1720 1839 1914 1929 1945 1953 
39 10 24 94 110 324 330 413 432 454 455 522 571 595 609 715 716 823 858 1042 1072 1296 1419 1554 1567 1568 1662 1663 1685 1724 1735 1817 1861 1888 1924 1934 1946 1960 1968 1980 
32 29 115 120 129 282 310 482 483 495 510 753 866 890 1003 1265 1308 1387 1450 1494 1521 1553 1554 1672 1687 1714 1735 1762 1794 1913 1932 1936 1948 
34 1 63 122 152 184 322 323 342 361 486 497 525 534 621 698 969 981 1045 1142 1194 1201 1274 1300 1321 1440 1444 1548 1647 1767 1811 1837 1891 1902 1961 
36 121 137 222 259 291 390 392 459 472 515 621 651 810 825 946 958 978 995 1010 1162 1183 1187 1195 1242 1274 1359 1404 1452 1471 1571 1606 1630 1841 1853 1917 1923 
39 44 132 152 166 170 183 360 428 429 448 532 748 774 850 912 982 992 996 1114 1245 1246 1251 1272 1289 1348 1359 1392 1406 1502 1605 1675 1686 1716 1733 1767 1850 1905 1923 1972 
44 103 111 129 132 139 293 343 354 356 447 637 705 733 748 774 798 866 934 1112 1123 1146 1226 1299 1396 1402 1430 1432 1451 1456 1461 1512 1523 1660 1742 1743 1778 1784 1811 1865 1869 1870 1907 1922 1956 
38 46 85 221 231 333 374 378 478 574 675 717 735 805 913 915 922 929 961 988 992 1035 1175 1189 1246 1336 1357 1397 1407 1410 1450 1537 1619 1661 1664 1703 1752 1864 1966 
46 130 152 205 222 257 296 307 367 377 479 518 598 729 767 777 866 911 917 1008 1123 1124 1161 1219 1285 1338 1348 1360 1389 1390 1411 1455 1459 1480 1488 1502 1556 1663 1707 1752 1764 1808 1858 1862 1864 1989 1999 
39 156 320 343 353 356 399 402 423 448 477 507 538 681 686 726 826 874 888 915 934 937 939 944 1021 1119 1151 1210 1279 1313 1347 1404 1462 1504 1704 1753 1774 1780 1794 1937 
45 38 39 77 91 107 109 134 258 301 382 393 403 406 465 593 642 653 696 701 712 757 803 889 890 895 926 1025 1157 1203 1244 1285 1425 1453 1457 1493 1538 1561 1627 1741 1755 1804 1822 1917 1926 1943 
38 75 84 105 136 153 267 334 370 390 477 486 719 727 827 910 935 941 1067 1124 1146 1158 1216 1217 1301 1317 1356 1440 1480 1560 1621 1669 1689 1718 1719 1749 1779 1829 1989 
25 33 36 119 281 540 575 827 828 1009 1135 1204 1234 1274 1321 1364 1399 1599 1603 1607 1618 1621 1677 1748 1777 1885 
38 76 115 170 229 269 333 403 422 445 462 542 571 576 617 792 857 916 926 938 992 1024 1076 1115 1184 1211 1251 1294 1322 1396 1473 1527 1555 1558 1577 1643 1866 1918 1931 
36 21 40 117 118 133 173 183 231 281 303 365 541 617 652 667 672 837 872 884 887 940 970 990 1029 1075 1084 1205 1365 1523 1557 1573 1611 1663 1719 1744 1769 
35 141 273 394 402 413 433 470 493 512 528 559 640 644 714 744 796 815 863 912 918 998 1032 1081 1108 1116 1183 1281 1403 1453 1541 1712 1735 1847 1924 1937 
35 106 134 160 212 245 267 459 462 556 682 773 776 794 991 1054 1118 1129 1139 1200 1208 1224 1335 1342 1550 1557 1625 1687 1694 1704 1749 1797 1867 1915 1942 1959 
35 2 163 291 314 332 377 471 571 591 691 936 973 1114 1158 1193 1199 1230 1289 1318 1376 1448 1452 1457 1466 1515 1520 1569 1664 1683 1779 1787 1798 1973 1975 1986 
41 34 62 95 109 178 249 270 290 294 367 411 462 477 495 543 557 578 589 628 665 691 747 820 865 895 1011 1041 1114 1156 1168 1261 1277 1357 1374 1474 1516 1551 1596 1662 1712 1954 
34 35 133 253 347 381 426 497 668 762 780 795 811 841 879 913 1095 1102 1132 1162 1240 1466 1475 1512 1626 1628 1631 1706 1716 1733 1772 1774 1801 1807 1853 
42 24 26 178 180 249 288 426 546 577 584 641 648 672 708 750 761 799 830 839 840 910 924 997 1351 1373 1518 1524 1529 1588 1614 1676 1691 1711 1716 1719 1728 1747 1821 1834 1874 1901 1939 
46 58 74 86 96 167 170 187 195 275 324 349 456 498 528 615 690 698 699 720 773 811 888 997 1000 1093 1144 1225 1263 1286 1301 1305 1359 1363 1383 1419 1441 1473 1556 1567 1609 1625 1647 1732 1824 1907 1977 
32 66 75 209 377 397 401 481 520 538 668 713 714 870 912 933 983 1024 1032 1047 1076 1201 1250 1313 1402 1415 1564 1609 1649 1727 1756 1781 1886 
39 18 27 154 155 177 260 499 533 534 562 569 623 646 679 702 736 912 975 977 1003 1059 1109 1245 1263 1271 1312 1361 1363 1411 1528 1628 1631 1717 1819 1828 1863 1887 1905 1955 
44 3 86 109 162 180 196 336 365 435 456 461 468 523 548 653 700 788 798 835 849 859 975 1042 1068 1075 1078 1405 1415 1428 1464 1515 1529 1606 1623 1624 1720 1723 1771 1772 1860 1895 1945 1953 1998 
44 6 39 143 177 225 295 307 403 406 533 534 541 546 607 677 804 844 887 1001 1019 1083 1114 1115 1149 1186 1307 1340 1379 1381 1468 1470 1475 1543 1556 1627 1667 1722 1728 1839 1882 1950 1965 1977 1978 
50 60 79 140 160 236 287 341 357 389 419 423 463 489 580 585 648 688 728 734 755 771 818 823 846 923 1030 1079 1098 1292 1295 1374 1381 1438 1478 1498 1517 1568 1685 1707 1743 1748 1782 1845 1855 1890 1914 1920 1936 1963 1969 
41 76 110 211 222 390 404 480 532 591 599 607 648 675 702 753 777 794 901 936 956 1071 1075 1107 1117 1126 1205 1222 1275 1408 1427 1437 1513 1533 1569 1593 1657 1756 1812 1866 1895 1957 
42 1 30 62 212 230 371 470 508 546 572 606 624 715 716 776 795 923 999 1032 1051 1068 1098 1229 1252 1286 1358 1410 1417 1525 1537 1560 1565 1604 1611 1665 1667 1726 1784 1828 1838 1937 1958 
30 26 102 114 153 163 274 287 371 533 720 745 794 820 825 994 1139 1142 1180 1197 1264 1295 1305 1321 1413 1575 1604 1875 1899 1913 1953 
43 53 104 202 224 229 292 303 306 345 378 388 528 557 570 623 631 690 763 797 963 985 992 1042 1066 1154 1168 1189 1196 1202 1228 1234 1301 1320 1460 1591 1616 1678 1706 1751 1773 1792 1812 1932 
35 58 72 77 123 256 349 357 460 563 584 614 628 706 736 738 781 783 818 820 888 1023 1185 1250 1258 1361 1552 1680 1686 1712 1760 1771 1818 1893 1897 1938 
49 1 103 107 252 417 463 506 556 657 672 689 743 799 803 822 830 863 879 892 894 905 912 990 1007 1061 1117 1125 1152 1200 1215 1216 1230 1272 1286 1316 1329 1336 1361 1408 1453 1711 1726 1777 1797 1805 1851 1886 1917 1930 
29 117 374 417 453 500 535 603 638 654 660 773 809 845 953 1028 1047 1066 1074 1145 1416 1434 1445 1565 1599 1651 1664 1698 1700 1919 
49 80 137 251 293 329 343 344 409 518 538 666 669 699 731 759 810 834 839 854 858 890 986 999 1057 1063 1090 1122 1125 1295 1325 1342 1377 1440 1446 1474 1508 1533 1554 1570 1654 1699 1722 1749 1750 1763 1819 1885 1933 1939 
38 138 154 226 501 535 667 817 950 1030 1049 1055 1061 1140 1188 1249 1283 1289 1290 1324 1368 1420 1442 1453 1461 1519 1524 1544 1575 1600 1638 1646 1652 1689 1709 1759 1796 1838 1954 
41 79 132 134 136 153 172 206 224 317 352 358 379 395 444 447 452 499 545 580 647 740 752 801 840 958 1079 1127 1209 1310 1336 1526 1598 1626 1668 1686 1738 1783 1805 1809 1902 1942 
52 7 28 100 103 127 225 239 274 302 326 360 367 370 378 429 453 466 481 511 529 590 610 620 627 722 735 845 896 899 915 1002 1026 1070 1092 1171 1185 1256 1273 1418 1421 1490 1496 1499 1538 1580 1657 1767 1791 1863 1874 1945 1951 
48 3 64 165 255 322 373 518 625 656 840 888 916 933 954 962 964 1117 1131 1148 1167 1197 1202 1228 1232 1368 1386 1431 1467 1481 1487 1494 1505 1507 1509 1540 1549 1666 1668 1705 1721 1736 1744 1753 1830 1882 1952 1985 1991 
39 54 57 70 75 95 149 199 216 261 311 343 364 540 595 654 889 971 1016 1027 1065 1078 1144 1212 1279 1340 1355 1357 1451 1485 1534 1588 1596 1822 1849 1896 1947 1957 1958 1998 
43 129 265 340 364 383 394 489 632 665 730 751 771 774 785 925 967 1055 1070 1130 1180 1243 1255 1282 1301 1343 1375 1455 1486 1499 1574 1592 1593 1606 1656 1672 1722 1750 1767 1801 1842 1849 1949 1959 
25 29 31 59 82 269 410 430 478 544 550 626 647 655 723 843 886 1369 1465 1641 1736 1766 1806 1938 1947 1992 
44 25 175 221 311 427 431 452 606 610 623 644 656 661 692 708 807 820 829 837 865 920 949 961 972 1035 1057 1104 1113 1156 1286 1311 1374 1512 1513 1652 1680 1693 1703 1710 1770 1828 1896 1940 1957 
40 165 188 246 273 493 593 597 616 679 695 700 710 721 739 772 789 801 831 915 949 972 993 1011 1025 1067 1093 1100 1174 1230 1248 1262 1278 1288 1380 1399 1526 1653 1803 1972 1983 
45 1 129 131 187 191 208 262 287 342 385 415 428 430 438 521 542 582 595 740 879 912 955 1033 1060 1191 1198 1218 1226 1264 1340 1348 1482 1492 1523 1565 1630 1635 1686 1710 1713 1820 1848 1876 1937 1942 
37 107 154 157 294 307 345 348 406 463 477 495 515 521 526 558 623 678 733 737 761 795 919 931 964 1010 1066 1162 1169 1399 1512 1564 1685 1732 1746 1791 1830 1965 
31 3 74 78 112 181 469 589 622 695 733 760 773 901 948 995 1054 1064 1099 1123 1286 1416 1465 1511 1603 1608 1677 1689 1734 1821 1887 1990 
45 3 5 32 52 92 131 134 183 187 192 497 499 559 597 638 681 750 755 860 864 908 918 944 1045 1103 1126 1139 1149 1204 1227 1235 1265 1404 1438 1477 1553 1579 1584 1594 1610 1626 1640 1771 1773 1837 
38 51 64 77 92 234 380 383 412 441 579 595 621 622 715 740 758 770 783 806 876 910 946 1023 1064 1124 1165 1241 1467 1601 1693 1702 1737 1751 1808 1900 1927 1934 1957 
30 26 65 197 409 472 478 521 539 556 683 689 696 771 965 991 1000 1013 1055 1094 1119 1143 1198 1247 1271 1379 1589 1715 1821 1911 1967 
32 12 103 147 185 206 279 341 431 433 452 551 708 737 765 775 776 779 808 850 940 942 957 960 971 1016 1044 1275 1377 1437 1438 1486 1718 
32 38 78 80 131 227 271 379 403 491 532 650 870 937 940 942 954 1140 1398 1454 1470 1479 1513 1670 1723 1750 1760 1802 1856 1889 1921 1934 1973 
32 1 97 152 166 218 344 438 532 540 688 718 849 898 993 1056 1104 1157 1245 1375 1435 1488 1514 1519 1566 1637 1649 1739 1829 1845 1891 1936 1958 
32 62 139 151 209 265 280 342 431 562 583 596 602 664 698 866 1236 1239 1253 1314 1330 1345 1465 1478 1530 1549 1626 1644 1666 1695 1755 1836 1881 
38 7 45 46 250 269 373 421 451 510 576 624 631 658 669 718 814 817 819 903 911 936 943 955 971 1035 1165 1206 1213 1303 1385 1451 1484 1628 1672 1707 1768 1885 1910 
39 123 130 194 230 246 301 323 366 407 467 516 526 551 572 586 624 680 871 886 903 1079 1140 1148 1159 1182 1241 1264 1289 1415 1454 1521 1571 1641 1687 1690 1733 1749 1889 1975 
48 7 43 121 211 229 292 316 323 334 418 422 433 494 609 666 693 702 737 773 916 955 1073 1094 1143 1154 1159 1160 1161 1163 1218 1247 1252 1297 1345 1380 1506 1514 1661 1667 1671 1798 1837 1841 1859 1921 1933 1956 1988 
34 87 103 133 171 343 402 426 515 593 639 665 690 715 821 910 917 971 1000 1012 1019 1069 1126 1231 1254 1293 1309 1327 1451 1583 1810 1915 1931 1938 1955 
48 186 259 281 292 334 378 380 416 427 447 496 596 660 716 732 781 788 817 855 976 999 1022 1056 1105 1130 1150 1152 1184 1209 1275 1290 1306 1325 1355 1362 1410 1415 1470 1617 1669 1711 1751 1755 1791 1798 1889 1925 1953 
31 69 107 207 296 321 346 354 393 397 536 598 660 662 666 732 797 1037 1073 1184 1200 1224 1235 1318 1489 1552 1595 1655 1837 1892 1969 1992 
41 31 67 75 81 140 164 204 234 309 408 439 451 547 569 612 613 620 704 772 797 803 813 860 981 990 1045 1046 1066 1087 1250 1339 1374 1473 1581 1779 1801 1820 1840 1867 1942 1972 
48 12 95 112 161 208 225 277 517 545 671 694 719 772 800 818 847 864 884 888 900 914 931 976 1005 1067 1095 1107 1173 1175 1189 1233 1254 1321 1395 1418 1468 1503 1530 1548 1568 1582 1645 1653 1666 1721 1870 1955 1966 
52 4 33 47 50 74 87 168 240 303 395 516 570 573 594 596 607 638 706 724 746 797 842 843 891 910 911 927 939 1084 1131 1137 1232 1249 1258 1264 1266 1268 1313 1359 1451 1490 1526 1555 1581 1595 1614 1621 1733 1826 1848 1868 1877 
45 0 13 57 89 103 184 265 275 288 307 337 383 410 424 501 585 601 624 629 701 740 758 786 899 1080 1096 1099 1119 1147 1225 1227 1365 1366 1370 1398 1443 1494 1588 1694 1743 1752 1795 1820 1861 1958 
40 104 148 208 235 278 368 409 415 456 494 515 611 637 692 779 887 934 1030 1096 1123 1170 1176 1182 1203 1240 1392 1525 1526 1529 1534 1662 1699 1717 1732 1738 1746 1775 1852 1893 1913 
46 1 77 108 142 157 169 179 225 235 245 278 533 535 538 602 733 956 960 1001 1072 1097 1117 1163 1283 1364 1419 1442 1450 1454 1468 1516 1522 1541 1542 1559 1589 1626 1686 1734 1802 1858 1898 1927 1932 1983 1996 
39 10 28 30 49 153 182 237 271 301 332 493 494 511 570 691 748 751 771 794 896 992 995 1073 1139 1200 1269 1304 1385 1396 1403 1428 1482 1501 1532 1589 1594 1733 1839 1972 
41 5 12 161 163 222 274 279 289 481 493 530 666 691 714 778 796 797 801 821 1060 1062 1133 1211 1238 1257 1412 1438 1460 1479 1573 1588 1744 1755 1770 1772 1812 1818 1844 1894 1974 1977 
36 78 94 118 146 150 313 315 318 387 402 542 561 608 637 688 932 1161 1225 1245 1339 1476 1486 1571 1572 1587 1602 1694 1836 1840 1847 1862 1922 1926 1932 1953 1961 
38 152 218 227 242 371 373 450 462 479 509 602 621 714 732 840 870 884 894 1135 1141 1153 1213 1363 1384 1526 1589 1646 1668 1671 1674 1677 1708 1795 1818 1865 1873 1939 1995 
47 24 82 93 113 132 154 210 225 302 304 338 393 432 494 500 649 667 694 732 739 743 780 799 875 896 991 1050 1077 1132 1144 1145 1206 1272 1301 1424 1506 1517 1541 1604 1633 1707 1794 1805 1855 1888 1943 1987 
46 41 115 130 152 157 162 174 206 230 233 247 267 278 338 406 407 426 428 429 470 482 597 734 802 863 886 919 1013 1014 1068 1098 1116 1118 1213 1246 1263 1469 1490 1528 1560 1590 1605 1646 1794 1837 1961 
47 63 69 91 147 148 149 159 179 270 302 346 350 366 398 477 479 539 548 556 575 582 609 633 680 709 759 778 812 819 841 867 930 952 965 972 1621 1661 1671 1732 1739 1749 1807 1823 1839 1845 1943 1980 
32 60 169 264 312 322 462 479 544 670 718 723 738 744 773 900 907 937 940 1157 1225 1285 1301 1320 1458 1549 1625 1742 1787 1879 1881 1934 1944 
38 30 92 124 130 156 198 213 308 339 353 415 436 448 506 647 670 703 707 853 868 987 1023 1074 1229 1280 1310 1322 1338 1356 1376 1380 1441 1676 1804 1842 1868 1902 1919 
37 61 91 142 177 223 242 268 303 333 543 637 638 694 754 789 972 975 1056 1116 1126 1217 1225 1229 1234 1265 1267 1296 1298 1387 1444 1452 1572 1663 1668 1690 1818 1871 
47 5 25 29 47 75 155 191 221 273 321 364 404 410 425 433 462 496 671 719 728 764 916 1021 1023 1051 1052 1075 1081 1124 1208 1327 1342 1355 1372 1442 1450 1496 1612 1634 1727 1768 1783 1794 1846 1852 1861 1887 
38 59 100 116 134 155 171 237 276 405 435 484 494 519 570 619 628 651 689 795 851 897 933 982 1093 1146 1188 1200 1311 1397 1414 1446 1451 1486 1514 1522 1530 1622 1705 
48 56 164 166 177 251 293 320 430 516 526 536 549 651 663 679 762 814 898 985 1039 1044 1050 1093 1201 1268 1269 1319 1363 1376 1425 1445 1466 1485 1519 1673 1674 1713 1732 1752 1774 1796 1797 1841 1874 1904 1954 1960 1994 
41 25 76 93 144 396 412 426 438 457 468 502 523 574 600 618 796 847 939 996 1006 1022 1031 1067 1097 1109 1180 1219 1236 1302 1512 1525 1585 1678 1686 1758 1831 1841 1871 1898 1913 1940 
41 27 195 267 302 457 520 590 614 640 652 665 723 735 748 753 771 809 832 935 957 1095 1158 1261 1383 1423 1463 1480 1515 1602 1613 1643 1648 1725 1748 1803 1864 1871 1908 1961 1967 1979 
39 94 263 320 335 395 457 552 553 599 606 659 700 772 817 854 938 1156 1227 1262 1267 1336 1350 1400 1415 1436 1463 1477 1518 1528 1536 1557 1681 1682 1708 1745 1821 1868 1956 1981 
51 0 104 108 119 145 226 357 495 529 533 546 558 559 560 590 596 612 648 661 666 765 840 875 891 898 955 996 1054 1121 1129 1248 1252 1261 1400 1423 1490 1495 1513 1565 1592 1627 1629 1636 1735 1775 1793 1805 1836 1900 1918 1940 
38 55 91 158 290 353 537 577 607 631 710 776 778 819 844 872 880 891 895 990 1004 1007 1096 1115 1128 1157 1346 1378 1463 1492 1551 1565 1612 1661 1689 1806 1852 1925 1972 
38 56 86 145 189 216 233 237 289 305 335 432 498 649 668 669 676 747 804 848 887 959 973 994 1119 1146 1172 1200 1376 1397 1465 1471 1485 1518 1543 1631 1693 1838 1875 
50 1 91 319 389 391 450 520 533 548 576 612 616 670 703 715 750 775 816 891 933 955 962 972 997 1115 1194 1245 1273 1288 1297 1346 1355 1357 1397 1408 1439 1570 1587 1602 1623 1643 1670 1674 1684 1800 1857 1901 1915 1958 1991 
40 70 105 232 259 391 428 431 450 515 668 762 840 876 956 1022 1118 1187 1188 1202 1226 1237 1321 1322 1364 1402 1515 1558 1611 1655 1663 1669 1708 1740 1744 1749 1762 1767 1778 1779 1850 
38 159 246 351 375 413 419 446 466 611 637 717 725 774 871 910 913 932 999 1008 1053 1159 1201 1268 1309 1366 1420 1606 1624 1734 1823 1861 1863 1864 1866 1932 1976 1987 1989 
32 32 42 53 95 141 295 301 370 406 476 488 499 532 552 627 777 783 896 933 945 978 1097 1120 1265 1358 1384 1549 1558 1564 1583 1956 1962 
48 0 19 103 180 182 269 310 316 348 374 413 429 532 549 552 563 584 622 735 780 1003 1033 1071 1160 1239 1246 1260 1276 1317 1332 1334 1404 1462 1661 1713 1740 1796 1824 1880 1891 1895 1918 1948 1958 1963 1970 1972 1992 
36 38 52 105 110 137 156 167 193 214 223 242 255 376 445 458 491 558 567 629 677 771 779 846 864 869 1088 1102 1116 1318 1488 1531 1608 1785 1894 1909 1951 
51 9 15 50 74 81 100 190 290 323 334 365 478 499 503 524 541 622 632 654 749 760 800 817 876 931 956 962 999 1116 1120 1207 1217 1294 1306 1338 1360 1381 1396 1405 1420 1422 1459 1466 1483 1501 1548 1707 1710 1715 1731 1770 
42 37 158 302 342 366 455 482 516 519 573 629 639 647 656 659 774 828 847 851 973 977 1019 1155 1157 1268 1287 1345 1375 1527 1561 1579 1608 1623 1646 1665 1696 1706 1765 1809 1842 1897 1981 
36 53 64 73 105 236 276 342 346 347 404 468 689 711 845 870 875 974 978 995 1038 1048 1081 1094 1101 1181 1432 1447 1528 1551 1610 1679 1727 1764 1832 1839 1993 
39 27 39 131 191 207 211 215 239 284 322 379 416 458 480 486 490 508 515 560 653 662 665 697 736 884 914 921 1058 1227 1375 1382 1423 1460 1467 1481 1535 1546 1740 1886 
34 8 142 341 446 575 591 668 741 787 865 866 910 977 981 1009 1042 1106 1131 1142 1157 1182 1231 1238 1298 1455 1540 1546 1612 1647 1729 1814 1864 1903 1956 
40 40 66 320 330 335 347 375 382 412 475 479 524 537 577 610 682 692 754 755 904 934 1055 1104 1125 1154 1181 1226 1228 1322 1331 1421 1439 1552 1567 1715 1823 1922 1931 1954 1994 
36 10 25 110 198 407 410 506 564 590 621 670 672 717 829 868 892 893 916 932 957 968 993 1026 1141 1264 1266 1315 1440 1459 1626 1698 1720 1815 1887 1931 1964 
26 36 248 314 368 405 434 496 547 555 583 613 703 717 736 791 925 938 991 996 1219 1457 1479 1713 1842 1886 1964 
45 2 7 24 29 105 113 154 202 219 263 276 295 341 346 448 493 497 525 563 650 696 714 784 792 805 842 931 976 991 1006 1095 1119 1145 1146 1247 1262 1499 1515 1541 1639 1662 1686 1714 1935 1973 
36 43 106 119 283 407 424 434 447 534 592 642 646 734 748 935 937 945 1048 1089 1101 1111 1155 1256 1288 1329 1355 1407 1456 1523 1524 1534 1589 1643 1840 1846 1851 
36 4 20 52 155 225 266 271 331 445 481 579 658 665 685 693 699 738 759 801 878 944 992 993 1069 1100 1145 1226 1396 1468 1621 1675 1766 1777 1849 1977 1981 
35 49 79 114 176 217 221 227 266 272 352 478 497 515 802 808 844 893 894 902 903 906 957 1143 1278 1308 1436 1574 1587 1588 1604 1613 1728 1753 1929 1981 
40 24 43 56 132 139 180 287 374 434 453 518 520 539 571 674 784 859 867 915 933 967 1000 1066 1077 1140 1206 1210 1341 1418 1546 1578 1641 1648 1696 1715 1747 1783 1791 1843 1937 
43 11 97 98 128 135 140 182 228 314 328 332 366 384 464 481 493 517 594 617 674 684 751 765 777 795 818 869 1083 1105 1160 1203 1205 1251 1333 1352 1436 1540 1548 1559 1592 1862 1880 1955 
48 6 27 78 81 128 152 179 301 332 430 447 523 570 607 786 811 826 902 914 931 1096 1121 1139 1203 1337 1359 1379 1406 1545 1549 1552 1638 1656 1667 1707 1718 1729 1751 1777 1780 1818 1885 1899 1904 1908 1910 1935 1984 
40 67 122 178 207 244 352 469 572 592 608 669 687 715 716 721 732 793 887 971 1066 1130 1195 1215 1355 1358 1405 1426 1465 1549 1686 1708 1754 1799 1826 1856 1869 1895 1896 1954 1987 
43 5 129 185 189 241 265 365 469 519 537 544 568 594 650 742 747 803 821 826 918 941 1033 1053 1137 1209 1235 1248 1306 1367 1369 1373 1399 1467 1629 1719 1761 1795 1844 1869 1883 1916 1920 1960 
50 26 78 144 173 177 192 200 228 246 286 302 344 353 359 389 391 482 532 561 572 581 610 673 692 711 786 787 848 871 880 885 927 961 1054 1110 1148 1191 1205 1417 1452 1469 1632 1681 1685 1698 1712 1768 1774 1795 1798 
40 0 2 13 56 88 92 157 162 223 288 321 341 428 496 534 615 680 712 747 780 806 821 901 914 928 1237 1245 1367 1498 1514 1569 1595 1663 1695 1760 1770 1918 1921 1941 1997 
42 57 111 179 199 267 298 347 372 397 433 455 490 549 565 613 621 636 669 702 717 720 738 802 864 931 935 1042 1052 1099 1136 1230 1324 1333 1373 1399 1431 1437 1454 1650 1847 1968 1976 
35 94 111 130 209 228 238 405 411 417 488 657 728 782 824 826 872 1086 1153 1156 1186 1233 1307 1314 1362 1376 1433 1623 1627 1650 1670 1714 1756 1759 1823 1838 
43 36 55 102 194 223 240 479 480 521 587 695 718 719 748 869 896 1008 1164 1166 1184 1201 1228 1245 1285 1302 1368 1370 1426 1445 1450 1458 1604 1625 1741 1750 1769 1806 1840 1899 1935 1940 1963 1974 
45 6 80 122 142 182 210 235 258 293 389 421 437 571 647 688 698 732 760 781 833 874 885 936 948 1036 1121 1149 1162 1164 1341 1397 1462 1471 1485 1514 1523 1621 1640 1692 1780 1886 1919 1931 1936 1964 
32 104 176 194 251 308 407 885 886 963 1099 1107 1169 1344 1361 1441 1446 1470 1488 1516 1604 1687 1706 1725 1751 1769 1781 1826 1848 1878 1916 1976 1985 
47 30 79 109 113 135 136 188 322 366 473 479 547 566 634 714 722 758 775 842 874 917 958 982 1004 1054 1058 1070 1106 1187 1193 1203 1373 1403 1405 1437 1491 1543 1609 1629 1645 1684 1726 1750 1777 1778 1803 1888 
38 91 159 224 297 328 439 495 539 603 643 671 724 738 819 889 919 957 1014 1209 1240 1303 1332 1350 1403 1515 1516 1540 1591 1605 1624 1634 1688 1716 1749 1771 1791 1800 1949 
47 31 292 354 365 402 412 484 487 577 597 606 621 652 714 771 801 841 861 865 937 947 954 965 1015 1057 1069 1082 1084 1094 1106 1109 1147 1163 1201 1318 1386 1400 1436 1441 1464 1615 1622 1732 1824 1867 1944 1953 
44 26 60 66 179 215 294 344 404 409 467 547 562 579 694 697 756 816 848 917 980 1012 1027 1029 1044 1108 1158 1269 1328 1346 1418 1429 1465 1472 1481 1525 1553 1566 1597 1648 1664 1734 1840 1853 1873 
32 4 55 69 201 226 408 525 542 560 570 625 729 878 930 1002 1077 1134 1143 1163 1210 1261 1318 1406 1513 1528 1570 1640 1673 1732 1802 1846 1887 
40 76 140 187 210 212 235 266 297 527 573 615 704 707 749 843 872 972 992 1072 1081 1151 1190 1237 1243 1257 1401 1438 1472 1497 1531 1551 1568 1597 1630 1692 1738 1772 1825 1885 1934 
35 8 75 161 247 251 308 364 541 558 560 581 583 622 649 690 720 784 865 866 914 936 1076 1205 1222 1244 1292 1413 1424 1725 1746 1793 1954 1965 1977 1993 
40 11 54 108 138 254 327 462 463 466 573 609 666 707 775 821 877 894 942 966 993 994 998 1100 1182 1325 1343 1427 1436 1442 1501 1548 1667 1689 1754 1814 1861 1915 1917 1962 1965 
34 98 190 193 283 335 466 504 550 572 591 772 1077 1078 1156 1186 1246 1265 1303 1309 1429 1439 1495 1642 1745 1758 1792 1793 1799 1885 1886 1889 1968 1970 1997 
34 55 99 108 228 265 294 303 327 361 545 626 705 769 820 885 900 968 1095 1115 1212 1277 1336 1356 1372 1390 1453 1469 1485 1566 1724 1776 1872 1888 1935 
32 64 75 130 223 232 364 384 409 415 481 501 536 621 665 843 901 910 1026 1068 1082 1127 1253 1476 1510 1589 1644 1708 1793 1813 1837 1865 1932 
43 1 29 34 61 164 245 247 301 365 404 588 614 749 750 806 941 955 991 1110 1115 1141 1180 1201 1202 1212 1270 1291 1297 1302 1337 1342 1351 1493 1508 1522 1594 1645 1654 1819 1843 1917 1973 1978 
42 22 131 180 253 312 365 368 480 639 658 735 741 817 838 958 983 993 994 1043 1046 1058 1073 1074 1093 1201 1304 1331 1349 1396 1400 1417 1515 1563 1632 1649 1654 1775 1814 1890 1892 1946 1988 
41 83 96 106 120 181 213 226 268 418 500 649 671 741 802 841 881 899 990 995 1038 1055 1100 1103 1147 1151 1153 1285 1294 1319 1356 1444 1456 1531 1535 1536 1556 1622 1629 1644 1815 1862 
38 63 82 192 206 221 226 254 289 303 402 452 468 492 536 575 606 610 634 692 693 732 763 809 827 959 971 1152 1310 1388 1407 1568 1569 1572 1665 1717 1750 1800 1813 
43 67 114 163 203 224 252 268 277 418 443 523 554 589 599 609 676 711 800 807 823 836 840 884 915 991 1037 1049 1119 1171 1206 1326 1331 1443 1473 1590 1672 1679 1738 1804 1822 1863 1903 1904 
34 59 98 169 250 256 261 308 321 369 413 590 608 640 754 810 911 971 990 1071 1165 1200 1249 1281 1356 1450 1512 1564 1572 1573 1593 1785 1841 1843 1956 
40 22 85 123 128 189 323 364 426 464 519 560 606 649 673 724 736 742 744 798 808 988 998 1164 1167 1294 1472 1550 1552 1577 1591 1661 1664 1701 1708 1790 1802 1862 1913 1973 1982 
47 42 158 197 230 238 347 363 432 446 556 572 580 648 697 715 780 805 833 922 943 959 1020 1024 1046 1093 1095 1122 1207 1228 1231 1255 1302 1326 1334 1422 1518 1567 1627 1693 1701 1732 1753 1757 1776 1793 1892 1979 
37 37 135 206 275 306 324 346 368 405 414 487 488 578 639 691 706 742 756 806 824 832 863 954 1022 1156 1302 1371 1378 1487 1591 1593 1688 1697 1715 1778 1784 1979 
37 8 107 129 312 346 485 503 522 524 550 551 604 663 756 849 897 921 925 938 984 1120 1286 1316 1319 1377 1513 1522 1545 1567 1635 1734 1876 1893 1915 1935 1972 1973 
48 34 128 137 205 217 222 239 240 248 309 392 408 412 445 535 637 642 768 791 836 883 886 974 1097 1134 1220 1261 1303 1330 1344 1374 1405 1422 1555 1587 1607 1610 1642 1644 1659 1752 1768 1771 1792 1877 1906 1933 1969 
53 70 71 80 136 158 160 305 373 408 410 437 493 495 638 750 774 828 832 914 1007 1029 1036 1068 1101 1127 1140 1181 1192 1213 1214 1239 1271 1307 1362 1408 1447 1455 1466 1474 1493 1611 1645 1673 1687 1722 1751 1791 1797 1867 1898 1939 1953 1985 
44 32 38 52 128 180 369 411 414 436 440 442 473 625 676 733 734 776 839 844 852 873 897 906 911 961 1020 1096 1127 1221 1320 1326 1362 1453 1494 1551 1555 1702 1706 1721 1768 1819 1865 1912 1928 
41 1 45 58 85 139 222 249 316 356 372 434 485 505 507 519 574 627 639 798 994 1069 1076 1225 1262 1270 1287 1324 1353 1356 1366 1449 1458 1539 1603 1622 1632 1643 1700 1749 1767 1825 
42 53 62 109 126 174 184 216 272 285 343 358 386 427 464 517 605 667 701 722 835 888 895 931 950 960 979 1077 1160 1214 1269 1378 1386 1489 1618 1640 1685 1709 1768 1792 1799 1933 1975 
43 28 32 76 120 199 224 238 254 304 332 368 396 464 516 772 799 830 863 890 911 934 1021 1043 1133 1150 1177 1194 1267 1293 1343 1400 1489 1502 1512 1517 1665 1691 1762 1842 1866 1914 1966 1974 
32 33 177 221 270 284 298 313 427 532 543 578 674 710 753 790 824 852 862 899 912 934 1021 1129 1206 1304 1409 1518 1521 1737 1820 1872 1936 
38 28 141 168 194 269 309 337 354 357 451 458 465 498 502 561 608 785 841 867 889 932 1099 1122 1246 1307 1371 1394 1467 1519 1520 1532 1603 1669 1737 1756 1918 1935 1978 
31 9 214 234 243 299 304 332 349 504 516 537 559 641 650 689 716 979 993 998 1088 1139 1229 1290 1702 1704 1706 1720 1737 1761 1773 1833 
34 0 45 136 152 153 165 217 268 291 310 428 435 601 630 796 867 889 1045 1063 1208 1233 1238 1287 1396 1486 1542 1587 1651 1668 1692 1707 1736 1782 1939 
45 181 193 271 288 305 329 338 449 530 638 651 695 732 747 795 823 844 876 913 941 962 1105 1114 1181 1182 1183 1231 1363 1439 1491 1520 1527 1570 1590 1665 1693 1706 1736 1769 1773 1776 1808 1810 1836 1982 
41 24 74 83 112 125 133 204 272 370 379 517 537 606 626 635 799 822 869 971 1024 1034 1051 1103 1144 1168 1189 1191 1209 1226 1319 1384 1407 1503 1576 1590 1622 1723 1757 1792 1896 1975 
38 17 54 125 181 190 248 325 396 496 508 540 558 589 606 718 735 797 816 852 893 1054 1067 1172 1228 1341 1374 1401 1474 1516 1520 1557 1593 1661 1712 1793 1947 1971 1993 
43 54 208 289 291 315 324 381 446 454 467 478 480 512 538 559 561 643 646 667 675 761 772 779 787 807 884 932 947 1210 1214 1216 1330 1358 1419 1522 1543 1609 1645 1819 1836 1875 1928 1936 
50 35 128 153 178 192 227 280 306 402 414 439 502 557 558 567 625 647 674 675 694 800 873 1005 1017 1029 1069 1071 1118 1150 1205 1263 1320 1341 1409 1421 1427 1532 1550 1625 1628 1709 1730 1749 1767 1775 1885 1893 1914 1916 1957 
45 25 30 114 168 186 230 318 421 539 638 684 700 725 803 816 869 933 969 1031 1034 1147 1170 1179 1222 1255 1287 1293 1311 1524 1569 1570 1588 1597 1625 1682 1710 1732 1767 1786 1848 1888 1889 1892 1956 1990 
38 48 78 101 115 154 156 178 227 248 268 345 385 465 471 557 598 638 677 683 752 794 845 875 959 990 1079 1145 1183 1320 1337 1424 1433 1662 1674 1854 1855 1941 1950 
34 31 35 48 97 108 203 321 393 429 600 613 653 790 796 847 980 996 1049 1076 1094 1160 1178 1233 1360 1461 1491 1803 1835 1843 1869 1900 1903 1938 1955 
45 26 58 145 236 287 339 435 478 518 531 626 646 673 676 688 805 831 878 887 919 938 958 1087 1093 1115 1117 1203 1225 1287 1328 1403 1465 1492 1533 1566 1587 1594 1600 1606 1646 1664 1692 1721 1769 1913 
30 68 143 277 340 364 389 416 571 827 877 956 990 1009 1085 1166 1207 1248 1290 1305 1362 1553 1580 1592 1651 1699 1709 1753 1837 1873 1901 
39 179 183 193 209 255 266 288 320 334 337 386 400 498 590 714 747 802 812 839 864 913 940 979 980 1043 1059 1200 1218 1241 1357 1377 1401 1497 1527 1550 1634 1653 1688 1924 
50 11 37 99 156 161 200 223 246 269 326 390 466 483 498 503 542 633 645 777 822 868 882 892 914 966 989 1047 1073 1093 1273 1305 1319 1333 1336 1373 1443 1489 1514 1562 1623 1662 1687 1691 1739 1741 1804 1851 1872 1890 1979 
38 53 116 178 252 266 327 403 427 522 562 566 580 594 601 745 772 796 808 841 944 973 994 1003 1080 1166 1234 1287 1292 1489 1542 1622 1628 1647 1711 1772 1887 1972 1976 
38 4 92 185 201 301 307 321 351 504 657 667 690 693 757 768 864 905 913 963 974 995 1025 1050 1060 1094 1149 1398 1436 1443 1445 1486 1496 1544 1603 1658 1811 1850 1879 
29 41 95 124 130 150 152 232 513 793 929 998 1017 1067 1074 1102 1186 1215 1351 1399 1471 1483 1504 1633 1676 1736 1838 1884 1890 1891 
47 51 53 159 160 206 212 224 232 260 304 348 367 427 463 477 541 566 592 623 701 800 833 890 891 1072 1075 1098 1211 1225 1229 1250 1267 1280 1389 1399 1404 1406 1441 1517 1598 1642 1732 1797 1818 1824 1878 1948 
27 0 14 185 285 288 448 505 578 649 778 868 956 1122 1128 1188 1204 1263 1327 1472 1487 1607 1613 1635 1690 1861 1876 1933 
42 40 72 77 262 313 364 391 420 436 575 647 670 725 776 885 909 920 936 943 1000 1015 1019 1044 1091 1138 1266 1278 1286 1417 1495 1706 1709 1710 1768 1772 1774 1792 1816 1822 1863 1949 1972 
38 17 26 28 94 256 257 258 320 465 545 665 714 737 846 873 921 1027 1056 1070 1111 1132 1164 1202 1220 1227 1242 1349 1409 1416 1514 1553 1649 1683 1700 1834 1871 1894 1976 
37 44 71 156 305 369 370 427 540 622 630 668 696 704 945 1042 1067 1085 1141 1157 1223 1329 1358 1383 1385 1393 1423 1452 1574 1587 1644 1656 1689 1694 1754 1758 1770 1982 
39 61 74 77 87 88 113 172 227 328 355 411 450 460 480 505 611 691 727 951 1002 1097 1266 1290 1308 1428 1490 1516 1602 1641 1652 1703 1771 1807 1820 1836 1861 1890 1897 1916 
32 60 167 207 245 247 272 311 476 505 570 611 641 705 738 752 804 935 976 1070 1094 1121 1122 1166 1232 1352 1438 1451 1500 1566 1741 1822 1962 
40 44 65 181 221 310 325 348 502 571 646 778 798 845 923 959 960 963 1028 1114 1156 1235 1279 1288 1309 1360 1388 1503 1517 1608 1681 1718 1739 1752 1759 1765 1820 1827 1909 1983 1991 
29 14 52 113 177 477 607 619 623 635 673 715 739 751 766 819 825 863 1001 1120 1141 1158 1195 1317 1380 1382 1431 1821 1883 1967 
47 17 19 111 129 175 219 221 228 236 245 270 317 359 371 382 408 451 480 483 535 557 726 831 839 893 911 1151 1165 1167 1221 1306 1337 1458 1495 1504 1520 1540 1547 1548 1586 1636 1642 1730 1734 1799 1946 1953 
45 13 76 83 131 226 270 273 344 371 484 514 628 645 739 794 842 913 935 960 984 1018 1082 1114 1157 1158 1185 1227 1256 1266 1323 1332 1398 1418 1467 1491 1527 1571 1592 1617 1655 1706 1735 1747 1919 1920 
37 177 198 220 221 276 282 309 376 394 403 426 534 730 749 807 839 851 885 895 897 972 1068 1086 1142 1174 1277 1288 1312 1373 1440 1456 1468 1492 1650 1714 1865 1913 
44 9 106 135 155 245 250 325 351 367 392 557 627 639 640 651 688 695 705 709 737 743 747 840 856 874 882 954 1004 1048 1150 1181 1207 1280 1398 1475 1513 1545 1647 1666 1691 1857 1920 1938 1984 
47 23 34 68 93 137 197 215 266 315 376 454 478 564 664 774 783 822 843 886 900 902 920 961 1004 1025 1133 1139 1143 1199 1231 1324 1360 1364 1402 1417 1577 1685 1698 1713 1716 1775 1813 1921 1944 1959 1962 1980 
45 8 138 141 253 300 372 453 472 517 581 585 608 650 706 709 755 771 839 870 1019 1023 1028 1031 1059 1116 1170 1180 1210 1262 1273 1296 1335 1340 1379 1425 1452 1498 1564 1595 1602 1761 1789 1836 1957 1966 
33 0 15 152 241 372 441 467 469 565 589 598 624 722 727 733 779 816 1021 1026 1124 1270 1276 1525 1548 1584 1637 1641 1740 1833 1975 1978 1982 1996 
36 37 57 91 144 164 249 274 420 474 494 560 643 654 726 737 777 868 898 951 972 1156 1159 1248 1262 1361 1477 1544 1641 1680 1757 1770 1853 1923 1959 1961 1964 
54 16 105 135 138 248 270 272 280 287 341 367 369 372 389 399 420 426 462 507 563 565 625 736 763 892 904 1020 1030 1055 1129 1142 1193 1247 1310 1311 1355 1375 1398 1430 1487 1518 1529 1541 1550 1622 1640 1670 1701 1754 1810 1854 1870 1954 1963 
48 0 18 106 121 171 188 222 233 238 343 437 454 474 522 535 544 567 574 579 752 785 828 863 911 962 991 1005 1022 1070 1173 1192 1236 1289 1291 1382 1396 1470 1485 1688 1695 1788 1832 1839 1843 1916 1960 1971 1974 
53 59 74 82 116 210 317 326 333 391 403 509 622 655 678 757 766 857 918 947 954 977 1046 1114 1118 1147 1159 1184 1208 1221 1259 1293 1319 1415 1416 1478 1517 1519 1521 1540 1576 1582 1623 1642 1687 1690 1724 1776 1796 1825 1840 1846 1954 1955 
40 79 83 231 296 405 414 527 589 678 721 734 842 853 865 877 892 939 975 1001 1020 1054 1093 1098 1161 1196 1207 1246 1247 1322 1338 1358 1367 1564 1633 1639 1711 1732 1809 1924 1931 
46 20 93 125 237 241 252 257 345 355 359 404 496 527 543 556 593 692 894 942 1006 1047 1108 1171 1187 1203 1236 1252 1253 1365 1387 1436 1466 1469 1507 1564 1751 1763 1782 1801 1818 1844 1886 1914 1984 1988 1995 
21 111 112 419 426 500 556 630 890 1043 1062 1208 1339 1359 1475 1637 1678 1694 1696 1754 1859 1999 
