200 2000
300 782
337 488
700 1160
260 602
484 648
31 149
63 140
295 1290
85 645
505 1438
70 971
649 856
382 1365
115 636
917 1904
373 626
25 132
421 605
564 1415
664 1215
851 1095
508 1063
296 687
267 1201
119 675
908 1799
67 73
732 1048
733 1163
754 1210
308 847
362 823
282 1195
869 1810
458 822
308 1001
67 415
709 1677
269 366
716 1153
420 971
932 1531
225 1040
685 1354
784 1185
153 270
641 1473
122 768
524 1264
425 1278
606 1044
470 593
24 310
863 1513
44 882
427 1259
460 1120
971 1684
174 959
263 946
829 1032
292 1274
679 1570
574 1357
262 742
818 1811
217 742
487 1373
276 372
905 1139
982 1215
262 834
492 677
847 964
882 1296
364 1286
162 488
804 1156
706 1573
82 511
699 790
133 652
108 968
744 1586
382 478
964 1127
371 1259
308 1145
854 1295
382 927
671 733
524 827
681 1293
472 1083
624 893
686 1636
435 531
610 1303
877 1483
263 427
675 999
808 1749
348 1243
467 654
468 902
626 829
498 1324
83 907
82 681
993 1586
497 1337
298 359
143 755
204 630
122 1006
334 1119
418 586
238 1171
156 245
660 1272
557 623
737 875
489 495
278 1239
5 141
835 1149
54 866
428 509
55 357
845 1438
592 1435
125 858
806 1761
231 1073
966 1014
229 740
627 1322
255 625
795 1628
138 270
746 1349
460 506
643 731
707 1220
376 919
715 811
358 534
603 1099
778 1453
439 1263
118 163
668 713
672 1646
653 924
153 411
403 616
295 516
318 1085
831 881
961 1860
407 583
301 975
983 1457
98 583
168 632
632 1336
500 1484
91 440
337 653
51 870
148 896
1 749
718 1461
115 982
33 886
395 675
429 1121
413 713
292 1258
483 642
630 908
120 132
409 749
198 506
982 1084
892 1074
878 1583
782 1335
529 1338
184 1108
486 589
849 954
970 1853
933 1635
103 198
656 818
977 1507
393 1182
345 1322
333 666
781 1690
994 1643
500 1353
477 528
955 1128
536 1186
800 1565
310 922
833 1125
710 1572
147 1015
601 1119
146 223
343 1204
966 1269
910 1484
768 983
328 755
768 1093
219 1013
740 741
286 826
344 1036
154 422
312 682
130 674
703 1132
660 714
257 1014
836 865
288 1249
51 847
232 444
436 669
99 941
646 1065
352 1206
216 745
846 1168
523 1297
111 640
827 827
366 808
926 1059
598 1520
145 392
258 515
410 967
621 1453
654 1121
227 929
640 1300
269 596
163 1123
320 525
939 949
531 1131
43 459
294 887
321 668
993 1570
798 1158
138 378
209 1065
273 492
545 1178
448 1113
999 1035
100 228
878 1069
171 933
881 1224
386 1160
998 1059
210 516
24 436
691 1003
955 1571
124 344
891 1413
81 367
193 824
37 670
12 454
892 1864
164 567
252 332
970 1219
662 972
743 1659
387 1234
935 1011
342 809
327 700
979 1575
565 641
660 1640
109 598
607 844
307 1027
136 1125
774 1479
687 737
72 739
594 1266
804 1063
94 756
572 914
726 1560
355 1334
298 479
826 1295
554 664
144 776
167 1030
66 464
999 1713
167 414
319 1038
640 790
928 1444
775 1445
844 1638
856 1079
124 378
821 1535
442 650
905 1564
214 1128
626 628
887 1024
505 802
131 1085
544 958
24 834
664 904
655 1475
170 441
136 735
829 1037
935 1381
698 723
700 1267
308 378
112 615
361 581
92 722
336 1068
944 1371
217 517
685 831
325 456
174 859
190 1075
761 1606
402 1209
731 865
448 1260
962 1916
264 361
628 933
760 1737
894 1067
241 539
420 1088
638 686
528 1367
535 1153
31 766
186 1122
329 779
381 866
966 1318
558 755
359 1073
615 1010
746 1293
23 507
904 1889
652 1011
50 614
605 1378
727 1060
392 1073
581 795
266 858
889 957
226 396
82 219
428 672
230 542
343 444
46 95
210 607
338 836
569 811
501 843
390 1002
187 301
882 1486
329 774
845 1539
481 680
783 1002
404 922
527 564
946 1648
524 1175
797 1303
780 1427
950 1726
489 1359
643 1331
329 516
51 697
738 946
185 195
549 1296
783 1738
587 653
351 1135
317 704
861 1742
869 1568
580 1400
630 1288
671 896
686 920
191 850
967 999
885 1074
984 1267
331 577
372 577
704 1213
920 1157
842 1211
798 846
160 926
784 1343
524 721
442 746
450 798
798 1018
627 1349
0 86
306 454
803 1629
914 1740
51 587
549 1312
394 987
714 1500
914 1096
414 717
548 867
879 1116
70 806
427 1259
160 824
139 629
148 660
878 885
461 676
181 244
599 617
188 854
26 117
885 1508
630 1210
964 1577
467 1261
725 1511
689 1216
887 1339
778 889
665 722
768 958
32 62
115 756
449 1266
82 753
57 368
205 1084
80 585
881 1588
793 1687
516 848
267 827
305 1295
530 590
454 602
2 413
382 533
836 1383
43 617
313 1097
945 1336
188 671
897 979
221 592
516 925
917 1840
288 967
227 987
321 1293
142 967
680 1110
638 1280
214 255
297 926
166 977
207 641
855 1784
83 782
345 352
931 1580
855 1055
758 1178
698 1636
971 1246
751 899
901 1153
1000 1413
272 1136
973 1289
176 307
967 1025
797 1318
254 799
646 967
112 360
458 862
622 970
547 569
644 886
407 1271
786 1275
877 1474
578 1183
374 1119
363 450
210 233
259 508
951 1452
229 609
858 1150
31 413
338 797
761 1290
599 746
611 1145
550 1404
5 616
409 1052
268 488
684 1596
373 1149
176 836
888 1545
533 992
978 1851
370 1366
714 1320
24 151
233 679
865 1268
832 1268
902 1459
926 1073
685 715
413 456
622 1245
515 1251
872 1293
323 386
213 534
608 1206
893 1293
288 1165
677 707
623 1162
32 940
907 1141
36 348
83 757
773 1044
106 483
823 1645
216 671
881 1540
468 855
907 1307
182 862
159 587
825 1760
871 1681
71 181
273 313
711 1020
428 1322
114 942
738 1118
265 521
183 703
289 985
136 1056
659 1288
709 1022
775 1583
939 991
297 556
527 829
819 1582
99 834
977 1493
868 1727
285 826
407 608
137 365
593 1286
723 839
244 266
712 1528
468 905
450 606
671 721
59 1028
202 808
958 1484
449 1319
181 1074
804 1090
756 1410
336 962
756 857
42 1021
731 1497
563 1022
672 1492
279 803
3 94
628 1135
94 382
864 1805
624 770
359 384
306 590
62 427
377 714
917 1229
474 1137
701 945
125 997
143 329
916 1913
375 1333
414 1085
238 284
897 1155
541 724
863 980
926 1483
731 1344
92 202
588 753
845 1668
762 1629
91 184
199 1156
155 514
451 1396
53 1049
953 1262
184 243
410 1069
8 545
582 1509
640 1000
946 1180
18 97
116 752
407 900
644 916
893 1104
513 1047
395 1353
25 514
70 635
527 1160
800 1535
324 594
142 649
248 852
395 594
434 780
51 381
116 759
905 1182
418 757
827 1339
989 1563
221 955
336 801
433 1015
835 1338
511 1150
223 528
125 635
172 858
555 940
976 1333
403 506
325 711
936 1128
442 1238
893 1411
258 1235
803 1172
314 509
621 674
344 512
507 1262
844 1023
310 757
64 431
55 343
77 626
803 1598
961 1180
464 707
539 1149
349 426
870 1002
950 1604
267 1115
279 588
684 735
281 470
521 786
737 1170
249 361
107 772
844 1187
663 786
637 1175
920 1704
993 1598
686 777
166 848
485 1272
441 714
346 744
77 587
897 1646
800 1371
629 1271
232 1057
590 1002
177 851
302 1004
976 1457
428 759
769 1426
287 820
199 989
444 1001
133 639
710 1230
948 1663
895 913
197 683
20 313
914 1604
550 1096
723 781
261 1078
490 1024
123 858
612 999
611 1504
916 988
282 1131
158 905
131 983
360 1312
713 1524
391 786
967 1363
392 990
691 963
796 843
407 749
884 1190
612 915
908 1717
706 1447
284 761
99 587
158 309
599 1322
495 720
194 986
302 1243
830 884
283 347
189 694
759 1252
850 1482
613 1542
241 673
759 1510
670 950
696 1174
396 614
853 1306
723 1323
928 1456
793 1563
922 1609
727 1560
704 1082
119 424
40 142
588 1395
883 1801
818 1746
954 1928
823 1796
651 1404
82 364
685 1242
14 769
594 1333
807 1408
711 1459
111 974
23 858
594 1405
443 663
199 926
474 855
571 1523
719 1422
571 640
490 783
136 645
33 859
486 992
12 492
201 301
293 527
779 789
155 387
453 942
790 1002
450 977
826 1305
380 1060
786 1295
760 1518
579 969
328 1289
768 1395
486 641
74 346
929 958
239 1108
22 201
669 1569
855 1737
916 1813
261 1189
795 796
66 584
650 689
871 1129
776 1301
75 376
193 829
190 935
517 980
4 540
772 1328
876 1067
834 1017
586 1092
986 1545
55 683
216 543
68 781
700 1149
374 1061
750 1026
551 805
430 691
330 1282
832 991
867 1153
316 1170
467 969
440 986
685 833
543 659
585 1230
590 1093
385 1239
432 1068
690 1185
394 1301
11 204
137 857
723 1716
35 88
283 595
518 1174
495 1090
137 403
247 1188
372 393
497 598
401 819
913 1285
621 1509
285 828
810 1691
891 1528
737 913
219 1170
739 1562
294 464
466 685
227 652
684 1133
179 270
24 163
992 1011
838 1576
240 518
566 1497
836 1284
226 389
470 831
862 1336
615 649
885 1147
315 535
456 1155
193 921
383 925
538 1420
289 1160
265 1032
685 924
55 177
471 863
382 774
257 1045
543 1315
484 827
26 598
585 700
450 699
447 1371
281 877
277 812
855 1240
507 937
292 477
909 1328
210 1178
705 1272
718 1471
28 722
342 667
509 570
336 506
667 987
585 1021
83 154
388 565
933 1722
233 684
611 1192
711 1570
629 1437
333 515
560 780
458 835
492 1417
729 972
787 1337
27 560
327 811
806 1725
785 1775
399 771
723 1375
366 878
305 680
219 730
513 634
822 860
795 884
43 653
748 1367
497 537
976 1782
2 835
302 643
300 381
875 1111
79 340
487 719
815 1327
108 457
202 1135
156 284
831 1726
564 1158
718 1338
210 1079
873 1611
759 1484
488 744
859 1789
178 1129
799 1472
779 1091
824 1044
447 853
590 1148
841 987
328 903
363 384
730 1437
374 1123
456 1004
511 675
672 841
215 282
81 806
743 1190
912 1569
864 1624
774 1561
333 1018
919 947
488 1368
547 1343
437 1396
183 1047
344 739
818 1278
376 688
114 225
346 484
426 1012
658 1473
233 992
862 1749
565 1006
470 1378
982 1523
178 457
265 455
149 653
225 723
976 1372
594 1477
774 1740
123 262
160 1056
683 1513
93 941
546 567
191 799
915 1163
123 603
398 672
686 1084
18 55
526 1450
770 1437
753 1566
340 626
239 567
81 442
799 1184
995 1677
483 746
309 944
19 691
411 1089
278 864
955 1661
196 232
948 1846
570 969
181 859
481 1174
174 985
106 1061
410 876
68 922
61 307
483 1341
727 888
683 1209
223 986
774 1308
582 976
66 519
353 637
674 1364
807 1386
43 260
280 830
225 1126
629 1352
237 534
639 726
521 1389
249 1103
126 535
351 1170
531 846
61 553
511 1174
345 880
994 1739
718 1318
256 1177
301 624
851 1527
230 281
39 184
265 1019
926 991
672 1201
522 1310
632 1423
681 816
125 1125
928 1879
980 1485
90 1008
515 1350
347 635
190 1141
923 1106
235 746
497 544
536 816
779 1180
485 700
204 837
531 789
520 903
137 605
116 536
815 1070
407 699
366 1217
16 1013
754 1540
593 1501
825 1094
720 1402
822 1006
301 320
984 1150
295 329
404 827
181 994
94 831
701 1262
822 1208
771 1533
410 596
25 779
857 1042
399 907
39 949
177 682
8 310
730 1389
698 1406
334 1095
377 1207
790 981
114 893
717 1300
621 1010
330 613
272 376
215 717
840 959
806 1602
104 593
602 1147
257 439
606 1579
655 1016
283 620
25 658
615 865
290 1248
234 789
606 1148
816 1402
375 794
308 535
847 974
915 1102
224 371
711 1161
114 396
595 892
600 770
901 1215
594 1300
238 682
855 1309
541 661
7 306
632 1030
834 1626
866 977
804 1118
691 1470
992 1951
150 318
180 433
20 775
937 1670
684 1085
209 966
335 795
896 1608
422 458
457 1236
779 1418
54 954
896 1718
292 605
107 221
255 914
266 350
864 1327
406 606
264 529
754 1585
125 980
445 687
966 1794
955 1366
688 751
223 846
773 1674
886 1077
664 904
209 567
757 777
15 853
340 1324
128 407
284 922
16 416
649 1641
705 1412
819 1209
165 262
301 388
748 1239
742 1237
618 1563
776 1325
932 1543
864 1735
538 836
425 1121
147 367
718 1481
1 150
220 408
672 1566
556 789
144 475
773 1176
977 1071
994 1284
939 1848
519 807
260 644
262 1225
712 1020
680 1301
928 1921
235 882
682 1620
440 1268
173 1038
489 620
820 1029
988 1760
739 1683
123 727
744 824
153 737
616 1219
378 593
726 1076
651 1506
364 512
764 1567
70 742
766 1069
362 431
891 1785
812 1416
334 1073
464 924
310 1081
958 1509
598 1550
579 1250
885 1414
665 1603
364 1104
382 794
681 1074
200 795
840 1560
713 1296
484 1413
960 1451
946 1163
829 1293
946 1410
664 1108
887 1817
615 662
365 785
95 227
30 93
726 1675
874 1830
702 1550
973 1434
682 1168
911 1820
634 949
142 738
619 1277
449 829
844 1788
523 876
429 1055
162 301
927 1328
126 846
500 1315
307 1277
221 1167
539 1394
686 1370
884 997
113 365
995 1453
259 619
475 502
723 861
886 1569
579 1278
565 716
197 534
857 1201
538 1344
782 794
408 582
561 1115
563 1055
360 1144
439 1426
443 520
519 1022
504 679
218 721
569 732
99 432
922 1834
738 1082
367 1009
906 975
964 1559
510 720
23 791
934 1015
919 1352
387 1017
416 846
93 382
86 672
694 863
975 1685
782 1766
538 752
169 231
682 1243
228 807
888 1008
693 1015
542 724
555 961
181 906
428 1284
173 177
819 1665
371 1190
339 1317
216 1120
616 1324
821 1789
36 287
115 329
786 1213
35 71
255 935
209 607
396 647
311 1299
475 956
968 1146
408 1159
208 651
600 1337
339 989
594 1351
964 1570
503 1250
701 1606
266 1065
583 1579
980 1642
313 1292
923 1471
335 477
42 851
532 652
548 1153
764 947
353 973
131 574
11 386
450 1006
802 1729
527 1189
225 797
790 1412
427 1328
627 1268
444 1071
437 622
569 1078
566 1129
666 1168
471 1020
301 640
883 1763
355 554
432 1355
959 971
361 1267
768 966
301 879
304 1026
558 630
751 1593
846 1284
636 857
253 585
317 405
303 624
535 1081
12 516
20 994
874 1448
393 1217
114 150
61 1009
187 1143
157 293
508 1402
874 1802
329 1279
609 1042
256 535
495 507
449 569
216 767
214 362
17 705
920 1230
188 1170
95 631
341 608
276 657
581 1558
889 1357
198 1102
868 1247
229 712
555 698
321 1159
971 1820
980 1584
839 1179
165 389
476 1103
894 1033
65 375
508 1496
844 1287
153 1113
974 1153
252 682
214 886
531 1511
246 765
622 1604
188 1181
888 1635
832 1011
568 1243
100 837
247 557
955 1065
205 1188
570 1295
653 1286
896 1698
63 447
319 1181
572 701
254 995
186 556
618 1560
715 1302
309 1043
813 1294
519 931
955 1909
23 994
32 661
51 375
447 1031
522 1209
510 653
934 1307
274 891
757 1735
534 1110
131 473
56 505
137 475
317 611
54 608
507 943
380 912
713 983
157 385
552 1539
444 623
716 1649
795 1135
204 943
123 336
595 920
552 639
749 1261
644 1415
467 807
195 975
681 1634
867 1361
759 1305
830 1042
594 732
66 786
335 1143
98 161
671 876
981 1436
605 753
983 1218
183 916
143 408
39 667
999 1211
938 1913
324 1275
832 1423
285 425
30 139
550 983
915 1127
830 1781
108 897
798 1790
867 1455
287 666
469 823
147 187
596 1260
910 1149
806 1647
220 336
446 1339
171 897
343 954
901 1892
36 152
487 1440
307 1023
723 1145
467 716
431 830
682 1539
242 814
176 247
32 691
626 834
233 992
401 552
291 989
348 542
59 937
961 1770
168 228
363 489
691 776
791 1469
934 1526
220 706
553 762
177 1139
355 511
570 1306
105 386
264 583
671 1007
747 1713
332 804
512 1484
885 1596
742 924
785 1219
438 486
774 1015
593 612
131 484
116 808
200 1178
290 856
611 1091
587 1505
105 1059
897 1211
376 894
381 579
207 1133
599 677
51 819
218 793
974 1086
391 1175
734 1178
827 1208
383 1000
394 1140
468 941
473 565
872 1322
952 1882
907 1244
350 906
515 1157
448 715
638 1204
981 1520
131 946
566 599
144 641
502 751
924 1475
648 1596
583 1522
543 1301
235 858
301 1103
63 239
335 938
567 803
772 1669
504 754
415 877
529 916
218 253
996 1894
140 266
686 1324
383 763
688 1489
909 1106
195 618
223 910
888 1307
505 1214
789 986
977 1211
79 501
196 1188
613 1411
751 1553
315 640
92 487
961 1001
502 606
23 423
37 80
783 902
733 1405
798 1785
222 472
787 796
449 874
714 1644
889 1702
51 231
951 1602
88 558
881 1169
602 1260
94 672
583 1194
833 1170
32 996
733 1107
302 1184
433 1401
853 1449
550 1381
999 1484
260 931
638 1328
245 1055
462 1011
358 581
505 988
566 1334
374 804
944 1548
63 442
78 801
563 1481
483 1459
119 761
212 800
126 488
927 1582
253 739
920 1362
180 325
819 872
799 1402
668 1088
40 865
714 1682
220 449
780 1126
923 1877
539 1048
11 610
367 634
19 552
445 1075
103 173
125 791
586 1441
896 1726
996 1476
673 777
255 266
811 1052
146 709
129 368
565 1023
230 293
258 1039
459 461
131 525
528 1415
146 873
509 622
854 1574
30 572
214 344
415 904
447 1051
49 462
410 1280
733 1251
724 1322
114 792
99 314
791 943
63 1002
0 270
119 958
690 767
413 1366
478 912
445 1444
23 128
618 1179
806 1196
292 305
504 1187
523 831
864 1122
84 597
299 754
162 790
326 1176
363 930
141 1057
640 993
171 499
594 1026
225 877
821 1374
444 453
338 946
89 817
391 1245
123 899
637 1527
532 633
47 407
403 1002
250 281
176 1165
147 513
95 372
374 864
465 504
153 711
118 663
680 1127
748 1289
226 425
946 1108
948 1419
390 659
337 1000
227 1196
217 1027
312 589
520 903
66 750
965 1078
877 1809
737 892
637 1013
272 1118
788 1671
916 1149
809 1372
880 1165
332 1025
388 583
803 1546
728 1725
112 295
664 714
540 621
196 323
142 561
298 1103
822 1805
498 1425
201 535
793 1313
599 805
95 709
572 934
495 917
512 738
30 71
763 802
46 80
613 684
543 738
936 976
139 784
341 539
209 1057
627 1191
232 819
537 708
764 820
236 984
944 993
330 1052
776 1210
610 885
85 785
942 1050
236 244
519 967
421 944
783 807
1000 1224
163 1058
170 891
96 982
409 1272
558 878
623 1246
50 1024
204 921
267 1109
24 944
919 1709
130 605
196 311
78 623
681 1242
503 802
312 1195
174 757
58 267
181 746
844 1555
314 737
579 1438
582 788
137 966
717 769
954 1078
934 1850
511 1018
258 409
246 522
41 142
853 1778
468 1269
21 822
972 1559
542 646
546 1232
781 1664
280 1168
216 725
81 478
261 640
582 594
39 664
503 1218
316 894
152 915
940 1498
274 1236
813 1298
66 403
962 1256
946 1370
509 749
590 978
909 1508
603 1031
582 800
715 1253
835 1600
633 1469
294 710
101 577
838 1140
521 1391
311 860
609 1235
854 1245
855 1737
311 362
667 758
807 1671
32 424
1000 1879
521 980
43 16 36 54 186 206 228 306 319 355 356 390 402 557 558 589 703 818 924 964 1002 1097 1098 1116 1128 1140 1202 1237 1284 1355 1429 1430 1437 1623 1627 1648 1658 1673 1695 1780 1892 1897 1928 1955 
47 0 25 56 80 117 325 345 358 407 409 463 559 659 672 764 767 871 884 939 946 957 971 1028 1078 1126 1204 1225 1245 1285 1302 1303 1327 1328 1344 1354 1375 1389 1412 1519 1578 1605 1621 1624 1688 1695 1986 1990 
36 90 99 128 189 213 231 250 290 305 320 336 344 398 529 536 573 749 873 889 1058 1123 1136 1192 1402 1437 1559 1591 1615 1619 1643 1669 1685 1831 1844 1914 1933 
41 39 65 104 110 128 153 229 381 400 465 506 561 574 616 825 850 924 1057 1185 1204 1347 1377 1378 1388 1422 1497 1500 1544 1565 1576 1598 1602 1610 1642 1692 1821 1829 1856 1922 1931 1983 
33 25 76 112 132 133 211 245 341 377 406 419 464 483 532 548 623 652 655 782 937 1156 1212 1291 1347 1564 1620 1630 1717 1750 1776 1854 1862 1974 
40 2 15 33 124 146 234 297 342 422 503 524 534 618 788 856 954 1001 1006 1007 1061 1074 1089 1101 1305 1317 1343 1382 1426 1450 1476 1493 1500 1529 1622 1690 1743 1749 1841 1870 1914 
50 27 55 84 155 195 277 349 431 471 509 573 614 637 665 690 697 699 804 824 855 986 1010 1034 1069 1071 1117 1118 1155 1180 1190 1220 1291 1312 1315 1317 1318 1339 1357 1454 1457 1524 1636 1688 1825 1847 1849 1852 1866 1906 1941 
31 6 21 93 96 196 475 493 500 510 648 661 685 688 773 775 829 881 893 922 932 1040 1125 1202 1254 1261 1411 1421 1439 1696 1786 1926 
38 106 116 178 304 341 348 389 511 513 536 576 582 606 646 671 723 733 739 756 846 1019 1020 1071 1080 1094 1125 1144 1223 1326 1369 1444 1469 1596 1605 1607 1798 1913 1980 
38 84 128 229 265 342 405 408 423 493 564 576 586 734 754 813 848 886 931 943 974 978 997 1096 1121 1128 1181 1270 1554 1578 1590 1603 1671 1697 1750 1791 1819 1877 1994 
42 68 101 128 162 184 233 265 275 362 416 449 640 646 716 741 742 773 782 813 867 1019 1020 1180 1190 1253 1282 1323 1391 1420 1450 1471 1487 1624 1666 1697 1845 1850 1905 1923 1927 1934 1940 
50 24 81 143 186 200 214 247 268 311 344 369 440 445 482 504 553 592 612 834 842 880 928 952 973 1011 1027 1083 1249 1308 1317 1391 1401 1409 1416 1468 1505 1620 1621 1640 1650 1696 1705 1733 1742 1745 1796 1826 1827 1941 1953 
44 16 27 92 295 312 350 366 368 375 392 442 449 477 484 600 646 764 781 782 794 812 932 987 1183 1207 1232 1251 1257 1271 1272 1301 1350 1355 1434 1565 1589 1691 1781 1791 1795 1827 1851 1894 1960 
42 2 42 63 271 306 322 331 345 350 376 559 637 662 751 839 885 932 979 1095 1120 1141 1211 1259 1285 1304 1323 1360 1381 1397 1400 1521 1675 1685 1697 1714 1742 1769 1800 1838 1891 1925 1959 
38 28 35 104 129 157 158 182 191 207 279 355 375 380 445 463 533 543 572 704 721 739 775 1005 1066 1072 1169 1206 1276 1349 1365 1487 1542 1594 1621 1661 1773 1919 1986 
30 14 41 118 126 188 223 267 324 333 336 430 432 446 487 693 752 1230 1292 1304 1325 1396 1530 1573 1588 1616 1679 1753 1836 1868 1957 
50 0 52 61 190 196 394 411 417 418 449 485 501 568 689 714 757 771 816 818 883 884 954 955 983 997 1080 1148 1204 1263 1267 1303 1323 1337 1397 1398 1401 1439 1459 1476 1488 1575 1624 1699 1709 1720 1839 1914 1929 1945 1953 
39 10 24 94 110 324 330 413 432 454 455 522 571 595 609 715 716 823 858 1042 1072 1296 1419 1554 1567 1568 1662 1663 1685 1724 1735 1817 1861 1888 1924 1934 1946 1960 1968 1980 
32 29 115 120 129 282 310 482 483 495 510 753 866 890 1003 1265 1308 1387 1450 1494 1521 1553 1554 1672 1687 1714 1735 1762 1794 1913 1932 1936 1948 
34 1 63 122 152 184 322 323 342 361 486 497 525 534 621 698 969 981 1045 1142 1194 1201 1274 1300 1321 1440 1444 1548 1647 1767 1811 1837 1891 1902 1961 
36 121 137 222 259 291 390 392 459 472 515 621 651 810 825 946 958 978 995 1010 1162 1183 1187 1195 1242 1274 1359 1404 1452 1471 1571 1606 1630 1841 1853 1917 1923 
39 44 132 152 166 170 183 360 428 429 448 532 748 774 850 912 982 992 996 1114 1245 1246 1251 1272 1289 1348 1359 1392 1406 1502 1605 1675 1686 1716 1733 1767 1850 1905 1923 1972 
44 103 111 129 132 139 293 343 354 356 447 637 705 733 748 774 798 866 934 1112 1123 1146 1226 1299 1396 1402 1430 1432 1451 1456 1461 1512 1523 1660 1742 1743 1778 1784 1811 1865 1869 1870 1907 1922 1956 
38 46 85 221 231 333 374 378 478 574 675 717 735 805 913 915 922 929 961 988 992 1035 1175 1189 1246 1336 1357 1397 1407 1410 1450 1537 1619 1661 1664 1703 1752 1864 1966 
46 130 152 205 222 257 296 307 367 377 479 518 598 729 767 777 866 911 917 1008 1123 1124 1161 1219 1285 1338 1348 1360 1389 1390 1411 1455 1459 1480 1488 1502 1556 1663 1707 1752 1764 1808 1858 1862 1864 1989 1999 
39 156 320 343 353 356 399 402 423 448 477 507 538 681 686 726 826 874 888 915 934 937 939 944 1021 1119 1151 1210 1279 1313 1347 1404 1462 1504 1704 1753 1774 1780 1794 1937 
45 38 39 77 91 107 109 134 258 301 382 393 403 406 465 593 642 653 696 701 712 757 803 889 890 895 926 1025 1157 1203 1244 1285 1425 1453 1457 1493 1538 1561 1627 1741 1755 1804 1822 1917 1926 1943 
38 75 84 105 136 153 267 334 370 390 477 486 719 727 827 910 935 941 1067 1124 1146 1158 1216 1217 1301 1317 1356 1440 1480 1560 1621 1669 1689 1718 1719 1749 1779 1829 1989 
25 33 36 119 281 540 575 827 828 1009 1135 1204 1234 1274 1321 1364 1399 1599 1603 1607 1618 1621 1677 1748 1777 1885 
38 76 115 170 229 269 333 403 422 445 462 542 571 576 617 792 857 916 926 938 992 1024 1076 1115 1184 1211 1251 1294 1322 1396 1473 1527 1555 1558 1577 1643 1866 1918 1931 
36 21 40 117 118 133 173 183 231 281 303 365 541 617 652 667 672 837 872 884 887 940 970 990 1029 1075 1084 1205 1365 1523 1557 1573 1611 1663 1719 1744 1769 
35 141 273 394 402 413 433 470 493 512 528 559 640 644 714 744 796 815 863 912 918 998 1032 1081 1108 1116 1183 1281 1403 1453 1541 1712 1735 1847 1924 1937 
35 106 134 160 212 245 267 459 462 556 682 773 776 794 991 1054 1118 1129 1139 1200 1208 1224 1335 1342 1550 1557 1625 1687 1694 1704 1749 1797 1867 1915 1942 1959 
35 2 163 291 314 332 377 471 571 591 691 936 973 1114 1158 1193 1199 1230 1289 1318 1376 1448 1452 1457 1466 1515 1520 1569 1664 1683 1779 1787 1798 1973 1975 1986 
41 34 62 95 109 178 249 270 290 294 367 411 462 477 495 543 557 578 589 628 665 691 747 820 865 895 1011 1041 1114 1156 1168 1261 1277 1357 1374 1474 1516 1551 1596 1662 1712 1954 
34 35 133 253 347 381 426 497 668 762 780 795 811 841 879 913 1095 1102 1132 1162 1240 1466 1475 1512 1626 1628 1631 1706 1716 1733 1772 1774 1801 1807 1853 
42 24 26 178 180 249 288 426 546 577 584 641 648 672 708 750 761 799 830 839 840 910 924 997 1351 1373 1518 1524 1529 1588 1614 1676 1691 1711 1716 1719 1728 1747 1821 1834 1874 1901 1939 
46 58 74 86 96 167 170 187 195 275 324 349 456 498 528 615 690 698 699 720 773 811 888 997 1000 1093 1144 1225 1263 1286 1301 1305 1359 1363 1383 1419 1441 1473 1556 1567 1609 1625 1647 1732 1824 1907 1977 
32 66 75 209 377 397 401 481 520 538 668 713 714 870 912 933 983 1024 1032 1047 1076 1201 1250 1313 1402 1415 1564 1609 1649 1727 1756 1781 1886 
39 18 27 154 155 177 260 499 533 534 562 569 623 646 679 702 736 912 975 977 1003 1059 1109 1245 1263 1271 1312 1361 1363 1411 1528 1628 1631 1717 1819 1828 1863 1887 1905 1955 
44 3 86 109 162 180 196 336 365 435 456 461 468 523 548 653 700 788 798 835 849 859 975 1042 1068 1075 1078 1405 1415 1428 1464 1515 1529 1606 1623 1624 1720 1723 1771 1772 1860 1895 1945 1953 1998 
44 6 39 143 177 225 295 307 403 406 533 534 541 546 607 677 804 844 887 1001 1019 1083 1114 1115 1149 1186 1307 1340 1379 1381 1468 1470 1475 1543 1556 1627 1667 1722 1728 1839 1882 1950 1965 1977 1978 
50 60 79 140 160 236 287 341 357 389 419 423 463 489 580 585 648 688 728 734 755 771 818 823 846 923 1030 1079 1098 1292 1295 1374 1381 1438 1478 1498 1517 1568 1685 1707 1743 1748 1782 1845 1855 1890 1914 1920 1936 1963 1969 
41 76 110 211 222 390 404 480 532 591 599 607 648 675 702 753 777 794 901 936 956 1071 1075 1107 1117 1126 1205 1222 1275 1408 1427 1437 1513 1533 1569 1593 1657 1756 1812 1866 1895 1957 
42 1 30 62 212 230 371 470 508 546 572 606 624 715 716 776 795 923 999 1032 1051 1068 1098 1229 1252 1286 1358 1410 1417 1525 1537 1560 1565 1604 1611 1665 1667 1726 1784 1828 1838 1937 1958 
30 26 102 114 153 163 274 287 371 533 720 745 794 820 825 994 1139 1142 1180 1197 1264 1295 1305 1321 1413 1575 1604 1875 1899 1913 1953 
43 53 104 202 224 229 292 303 306 345 378 388 528 557 570 623 631 690 763 797 963 985 992 1042 1066 1154 1168 1189 1196 1202 1228 1234 1301 1320 1460 1591 1616 1678 1706 1751 1773 1792 1812 1932 
35 58 72 77 123 256 349 357 460 563 584 614 628 706 736 738 781 783 818 820 888 1023 1185 1250 1258 1361 1552 1680 1686 1712 1760 1771 1818 1893 1897 1938 
49 1 103 107 252 417 463 506 556 657 672 689 743 799 803 822 830 863 879 892 894 905 912 990 1007 1061 1117 1125 1152 1200 1215 1216 1230 1272 1286 1316 1329 1336 1361 1408 1453 1711 1726 1777 1797 1805 1851 1886 1917 1930 
29 117 374 417 453 500 535 603 638 654 660 773 809 845 953 1028 1047 1066 1074 1145 1416 1434 1445 1565 1599 1651 1664 1698 1700 1919 
49 80 137 251 293 329 343 344 409 518 538 666 669 699 731 759 810 834 839 854 858 890 986 999 1057 1063 1090 1122 1125 1295 1325 1342 1377 1440 1446 1474 1508 1533 1554 1570 1654 1699 1722 1749 1750 1763 1819 1885 1933 1939 
38 138 154 226 501 535 667 817 950 1030 1049 1055 1061 1140 1188 1249 1283 1289 1290 1324 1368 1420 1442 1453 1461 1519 1524 1544 1575 1600 1638 1646 1652 1689 1709 1759 1796 1838 1954 
41 79 132 134 136 153 172 206 224 317 352 358 379 395 444 447 452 499 545 580 647 740 752 801 840 958 1079 1127 1209 1310 1336 1526 1598 1626 1668 1686 1738 1783 1805 1809 1902 1942 
52 7 28 100 103 127 225 239 274 302 326 360 367 370 378 429 453 466 481 511 529 590 610 620 627 722 735 845 896 899 915 1002 1026 1070 1092 1171 1185 1256 1273 1418 1421 1490 1496 1499 1538 1580 1657 1767 1791 1863 1874 1945 1951 
48 3 64 165 255 322 373 518 625 656 840 888 916 933 954 962 964 1117 1131 1148 1167 1197 1202 1228 1232 1368 1386 1431 1467 1481 1487 1494 1505 1507 1509 1540 1549 1666 1668 1705 1721 1736 1744 1753 1830 1882 1952 1985 1991 
39 54 57 70 75 95 149 199 216 261 311 343 364 540 595 654 889 971 1016 1027 1065 1078 1144 1212 1279 1340 1355 1357 1451 1485 1534 1588 1596 1822 1849 1896 1947 1957 1958 1998 
43 129 265 340 364 383 394 489 632 665 730 751 771 774 785 925 967 1055 1070 1130 1180 1243 1255 1282 1301 1343 1375 1455 1486 1499 1574 1592 1593 1606 1656 1672 1722 1750 1767 1801 1842 1849 1949 1959 
25 29 31 59 82 269 410 430 478 544 550 626 647 655 723 843 886 1369 1465 1641 1736 1766 1806 1938 1947 1992 
44 25 175 221 311 427 431 452 606 610 623 644 656 661 692 708 807 820 829 837 865 920 949 961 972 1035 1057 1104 1113 1156 1286 1311 1374 1512 1513 1652 1680 1693 1703 1710 1770 1828 1896 1940 1957 
40 165 188 246 273 493 593 597 616 679 695 700 710 721 739 772 789 801 831 915 949 972 993 1011 1025 1067 1093 1100 1174 1230 1248 1262 1278 1288 1380 1399 1526 1653 1803 1972 1983 
45 1 129 131 187 191 208 262 287 342 385 415 428 430 438 521 542 582 595 740 879 912 955 1033 1060 1191 1198 1218 1226 1264 1340 1348 1482 1492 1523 1565 1630 1635 1686 1710 1713 1820 1848 1876 1937 1942 
37 107 154 157 294 307 345 348 406 463 477 495 515 521 526 558 623 678 733 737 761 795 919 931 964 1010 1066 1162 1169 1399 1512 1564 1685 1732 1746 1791 1830 1965 
31 3 74 78 112 181 469 589 622 695 733 760 773 901 948 995 1054 1064 1099 1123 1286 1416 1465 1511 1603 1608 1677 1689 1734 1821 1887 1990 
45 3 5 32 52 92 131 134 183 187 192 497 499 559 597 638 681 750 755 860 864 908 918 944 1045 1103 1126 1139 1149 1204 1227 1235 1265 1404 1438 1477 1553 1579 1584 1594 1610 1626 1640 1771 1773 1837 
38 51 64 77 92 234 380 383 412 441 579 595 621 622 715 740 758 770 783 806 876 910 946 1023 1064 1124 1165 1241 1467 1601 1693 1702 1737 1751 1808 1900 1927 1934 1957 
30 26 65 197 409 472 478 521 539 556 683 689 696 771 965 991 1000 1013 1055 1094 1119 1143 1198 1247 1271 1379 1589 1715 1821 1911 1967 
32 12 103 147 185 206 279 341 431 433 452 551 708 737 765 775 776 779 808 850 940 942 957 960 971 1016 1044 1275 1377 1437 1438 1486 1718 
32 38 78 80 131 227 271 379 403 491 532 650 870 937 940 942 954 1140 1398 1454 1470 1479 1513 1670 1723 1750 1760 1802 1856 1889 1921 1934 1973 
32 1 97 152 166 218 344 438 532 540 688 718 849 898 993 1056 1104 1157 1245 1375 1435 1488 1514 1519 1566 1637 1649 1739 1829 1845 1891 1936 1958 
32 62 139 151 209 265 280 342 431 562 583 596 602 664 698 866 1236 1239 1253 1314 1330 1345 1465 1478 1530 1549 1626 1644 1666 1695 1755 1836 1881 
38 7 45 46 250 269 373 421 451 510 576 624 631 658 669 718 814 817 819 903 911 936 943 955 971 1035 1165 1206 1213 1303 1385 1451 1484 1628 1672 1707 1768 1885 1910 
39 123 130 194 230 246 301 323 366 407 467 516 526 551 572 586 624 680 871 886 903 1079 1140 1148 1159 1182 1241 1264 1289 1415 1454 1521 1571 1641 1687 1690 1733 1749 1889 1975 
48 7 43 121 211 229 292 316 323 334 418 422 433 494 609 666 693 702 737 773 916 955 1073 1094 1143 1154 1159 1160 1161 1163 1218 1247 1252 1297 1345 1380 1506 1514 1661 1667 1671 1798 1837 1841 1859 1921 1933 1956 1988 
34 87 103 133 171 343 402 426 515 593 639 665 690 715 821 910 917 971 1000 1012 1019 1069 1126 1231 1254 1293 1309 1327 1451 1583 1810 1915 1931 1938 1955 
48 186 259 281 292 334 378 380 416 427 447 496 596 660 716 732 781 788 817 855 976 999 1022 1056 1105 1130 1150 1152 1184 1209 1275 1290 1306 1325 1355 1362 1410 1415 1470 1617 1669 1711 1751 1755 1791 1798 1889 1925 1953 
31 69 107 207 296 321 346 354 393 397 536 598 660 662 666 732 797 1037 1073 1184 1200 1224 1235 1318 1489 1552 1595 1655 1837 1892 1969 1992 
41 31 67 75 81 140 164 204 234 309 408 439 451 547 569 612 613 620 704 772 797 803 813 860 981 990 1045 1046 1066 1087 1250 1339 1374 1473 1581 1779 1801 1820 1840 1867 1942 1972 
48 12 95 112 161 208 225 277 517 545 671 694 719 772 800 818 847 864 884 888 900 914 931 976 1005 1067 1095 1107 1173 1175 1189 1233 1254 1321 1395 1418 1468 1503 1530 1548 1568 1582 1645 1653 1666 1721 1870 1955 1966 
52 4 33 47 50 74 87 168 240 303 395 516 570 573 594 596 607 638 706 724 746 797 842 843 891 910 911 927 939 1084 1131 1137 1232 1249 1258 1264 1266 1268 1313 1359 1451 1490 1526 1555 1581 1595 1614 1621 1733 1826 1848 1868 1877 
45 0 13 57 89 103 184 265 275 288 307 337 383 410 424 501 585 601 624 629 701 740 758 786 899 1080 1096 1099 1119 1147 1225 1227 1365 1366 1370 1398 1443 1494 1588 1694 1743 1752 1795 1820 1861 1958 
40 104 148 208 235 278 368 409 415 456 494 515 611 637 692 779 887 934 1030 1096 1123 1170 1176 1182 1203 1240 1392 1525 1526 1529 1534 1662 1699 1717 1732 1738 1746 1775 1852 1893 1913 
46 1 77 108 142 157 169 179 225 235 245 278 533 535 538 602 733 956 960 1001 1072 1097 1117 1163 1283 1364 1419 1442 1450 1454 1468 1516 1522 1541 1542 1559 1589 1626 1686 1734 1802 1858 1898 1927 1932 1983 1996 
39 10 28 30 49 153 182 237 271 301 332 493 494 511 570 691 748 751 771 794 896 992 995 1073 1139 1200 1269 1304 1385 1396 1403 1428 1482 1501 1532 1589 1594 1733 1839 1972 
41 5 12 161 163 222 274 279 289 481 493 530 666 691 714 778 796 797 801 821 1060 1062 1133 1211 1238 1257 1412 1438 1460 1479 1573 1588 1744 1755 1770 1772 1812 1818 1844 1894 1974 1977 
36 78 94 118 146 150 313 315 318 387 402 542 561 608 637 688 932 1161 1225 1245 1339 1476 1486 1571 1572 1587 1602 1694 1836 1840 1847 1862 1922 1926 1932 1953 1961 
38 152 218 227 242 371 373 450 462 479 509 602 621 714 732 840 870 884 894 1135 1141 1153 1213 1363 1384 1526 1589 1646 1668 1671 1674 1677 1708 1795 1818 1865 1873 1939 1995 
47 24 82 93 113 132 154 210 225 302 304 338 393 432 494 500 649 667 694 732 739 743 780 799 875 896 991 1050 1077 1132 1144 1145 1206 1272 1301 1424 1506 1517 1541 1604 1633 1707 1794 1805 1855 1888 1943 1987 
46 41 115 130 152 157 162 174 206 230 233 247 267 278 338 406 407 426 428 429 470 482 597 734 802 863 886 919 1013 1014 1068 1098 1116 1118 1213 1246 1263 1469 1490 1528 1560 1590 1605 1646 1794 1837 1961 
47 63 69 91 147 148 149 159 179 270 302 346 350 366 398 477 479 539 548 556 575 582 609 633 680 709 759 778 812 819 841 867 930 952 965 972 1621 1661 1671 1732 1739 1749 1807 1823 1839 1845 1943 1980 
32 60 169 264 312 322 462 479 544 670 718 723 738 744 773 900 907 937 940 1157 1225 1285 1301 1320 1458 1549 1625 1742 1787 1879 1881 1934 1944 
38 30 92 124 130 156 198 213 308 339 353 415 436 448 506 647 670 703 707 853 868 987 1023 1074 1229 1280 1310 1322 1338 1356 1376 1380 1441 1676 1804 1842 1868 1902 1919 
37 61 91 142 177 223 242 268 303 333 543 637 638 694 754 789 972 975 1056 1116 1126 1217 1225 1229 1234 1265 1267 1296 1298 1387 1444 1452 1572 1663 1668 1690 1818 1871 
47 5 25 29 47 75 155 191 221 273 321 364 404 410 425 433 462 496 671 719 728 764 916 1021 1023 1051 1052 1075 1081 1124 1208 1327 1342 1355 1372 1442 1450 1496 1612 1634 1727 1768 1783 1794 1846 1852 1861 1887 
38 59 100 116 134 155 171 237 276 405 435 484 494 519 570 619 628 651 689 795 851 897 933 982 1093 1146 1188 1200 1311 1397 1414 1446 1451 1486 1514 1522 1530 1622 1705 
48 56 164 166 177 251 293 320 430 516 526 536 549 651 663 679 762 814 898 985 1039 1044 1050 1093 1201 1268 1269 1319 1363 1376 1425 1445 1466 1485 1519 1673 1674 1713 1732 1752 1774 1796 1797 1841 1874 1904 1954 1960 1994 
41 25 76 93 144 396 412 426 438 457 468 502 523 574 600 618 796 847 939 996 1006 1022 1031 1067 1097 1109 1180 1219 1236 1302 1512 1525 1585 1678 1686 1758 1831 1841 1871 1898 1913 1940 
41 27 195 267 302 457 520 590 614 640 652 665 723 735 748 753 771 809 832 935 957 1095 1158 1261 1383 1423 1463 1480 1515 1602 1613 1643 1648 1725 1748 1803 1864 1871 1908 1961 1967 1979 
39 94 263 320 335 395 457 552 553 599 606 659 700 772 817 854 938 1156 1227 1262 1267 1336 1350 1400 1415 1436 1463 1477 1518 1528 1536 1557 1681 1682 1708 1745 1821 1868 1956 1981 
51 0 104 108 119 145 226 357 495 529 533 546 558 559 560 590 596 612 648 661 666 765 840 875 891 898 955 996 1054 1121 1129 1248 1252 1261 1400 1423 1490 1495 1513 1565 1592 1627 1629 1636 1735 1775 1793 1805 1836 1900 1918 1940 
38 55 91 158 290 353 537 577 607 631 710 776 778 819 844 872 880 891 895 990 1004 1007 1096 1115 1128 1157 1346 1378 1463 1492 1551 1565 1612 1661 1689 1806 1852 1925 1972 
38 56 86 145 189 216 233 237 289 305 335 432 498 649 668 669 676 747 804 848 887 959 973 994 1119 1146 1172 1200 1376 1397 1465 1471 1485 1518 1543 1631 1693 1838 1875 
50 1 91 319 389 391 450 520 533 548 576 612 616 670 703 715 750 775 816 891 933 955 962 972 997 1115 1194 1245 1273 1288 1297 1346 1355 1357 1397 1408 1439 1570 1587 1602 1623 1643 1670 1674 1684 1800 1857 1901 1915 1958 1991 
40 70 105 232 259 391 428 431 450 515 668 762 840 876 956 1022 1118 1187 1188 1202 1226 1237 1321 1322 1364 1402 1515 1558 1611 1655 1663 1669 1708 1740 1744 1749 1762 1767 1778 1779 1850 
38 159 246 351 375 413 419 446 466 611 637 717 725 774 871 910 913 932 999 1008 1053 1159 1201 1268 1309 1366 1420 1606 1624 1734 1823 1861 1863 1864 1866 1932 1976 1987 1989 
32 32 42 53 95 141 295 301 370 406 476 488 499 532 552 627 777 783 896 933 945 978 1097 1120 1265 1358 1384 1549 1558 1564 1583 1956 1962 
48 0 19 103 180 182 269 310 316 348 374 413 429 532 549 552 563 584 622 735 780 1003 1033 1071 1160 1239 1246 1260 1276 1317 1332 1334 1404 1462 1661 1713 1740 1796 1824 1880 1891 1895 1918 1948 1958 1963 1970 1972 1992 
36 38 52 105 110 137 156 167 193 214 223 242 255 376 445 458 491 558 567 629 677 771 779 846 864 869 1088 1102 1116 1318 1488 1531 1608 1785 1894 1909 1951 
51 9 15 50 74 81 100 190 290 323 334 365 478 499 503 524 541 622 632 654 749 760 800 817 876 931 956 962 999 1116 1120 1207 1217 1294 1306 1338 1360 1381 1396 1405 1420 1422 1459 1466 1483 1501 1548 1707 1710 1715 1731 1770 
42 37 158 302 342 366 455 482 516 519 573 629 639 647 656 659 774 828 847 851 973 977 1019 1155 1157 1268 1287 1345 1375 1527 1561 1579 1608 1623 1646 1665 1696 1706 1765 1809 1842 1897 1981 
36 53 64 73 105 236 276 342 346 347 404 468 689 711 845 870 875 974 978 995 1038 1048 1081 1094 1101 1181 1432 1447 1528 1551 1610 1679 1727 1764 1832 1839 1993 
39 27 39 131 191 207 211 215 239 284 322 379 416 458 480 486 490 508 515 560 653 662 665 697 736 884 914 921 1058 1227 1375 1382 1423 1460 1467 1481 1535 1546 1740 1886 
34 8 142 341 446 575 591 668 741 787 865 866 910 977 981 1009 1042 1106 1131 1142 1157 1182 1231 1238 1298 1455 1540 1546 1612 1647 1729 1814 1864 1903 1956 
40 40 66 320 330 335 347 375 382 412 475 479 524 537 577 610 682 692 754 755 904 934 1055 1104 1125 1154 1181 1226 1228 1322 1331 1421 1439 1552 1567 1715 1823 1922 1931 1954 1994 
36 10 25 110 198 407 410 506 564 590 621 670 672 717 829 868 892 893 916 932 957 968 993 1026 1141 1264 1266 1315 1440 1459 1626 1698 1720 1815 1887 1931 1964 
26 36 248 314 368 405 434 496 547 555 583 613 703 717 736 791 925 938 991 996 1219 1457 1479 1713 1842 1886 1964 
45 2 7 24 29 105 113 154 202 219 263 276 295 341 346 448 493 497 525 563 650 696 714 784 792 805 842 931 976 991 1006 1095 1119 1145 1146 1247 1262 1499 1515 1541 1639 1662 1686 1714 1935 1973 
36 43 106 119 283 407 424 434 447 534 592 642 646 734 748 935 937 945 1048 1089 1101 1111 1155 1256 1288 1329 1355 1407 1456 1523 1524 1534 1589 1643 1840 1846 1851 
36 4 20 52 155 225 266 271 331 445 481 579 658 665 685 693 699 738 759 801 878 944 992 993 1069 1100 1145 1226 1396 1468 1621 1675 1766 1777 1849 1977 1981 
35 49 79 114 176 217 221 227 266 272 352 478 497 515 802 808 844 893 894 902 903 906 957 1143 1278 1308 1436 1574 1587 1588 1604 1613 1728 1753 1929 1981 
40 24 43 56 132 139 180 287 374 434 453 518 520 539 571 674 784 859 867 915 933 967 1000 1066 1077 1140 1206 1210 1341 1418 1546 1578 1641 1648 1696 1715 1747 1783 1791 1843 1937 
43 11 97 98 128 135 140 182 228 314 328 332 366 384 464 481 493 517 594 617 674 684 751 765 777 795 818 869 1083 1105 1160 1203 1205 1251 1333 1352 1436 1540 1548 1559 1592 1862 1880 1955 
48 6 27 78 81 128 152 179 301 332 430 447 523 570 607 786 811 826 902 914 931 1096 1121 1139 1203 1337 1359 1379 1406 1545 1549 1552 1638 1656 1667 1707 1718 1729 1751 1777 1780 1818 1885 1899 1904 1908 1910 1935 1984 
40 67 122 178 207 244 352 469 572 592 608 669 687 715 716 721 732 793 887 971 1066 1130 1195 1215 1355 1358 1405 1426 1465 1549 1686 1708 1754 1799 1826 1856 1869 1895 1896 1954 1987 
43 5 129 185 189 241 265 365 469 519 537 544 568 594 650 742 747 803 821 826 918 941 1033 1053 1137 1209 1235 1248 1306 1367 1369 1373 1399 1467 1629 1719 1761 1795 1844 1869 1883 1916 1920 1960 
50 26 78 144 173 177 192 200 228 246 286 302 344 353 359 389 391 482 532 561 572 581 610 673 692 711 786 787 848 871 880 885 927 961 1054 1110 1148 1191 1205 1417 1452 1469 1632 1681 1685 1698 1712 1768 1774 1795 1798 
40 0 2 13 56 88 92 157 162 223 288 321 341 428 496 534 615 680 712 747 780 806 821 901 914 928 1237 1245 1367 1498 1514 1569 1595 1663 1695 1760 1770 1918 1921 1941 1997 
42 57 111 179 199 267 298 347 372 397 433 455 490 549 565 613 621 636 669 702 717 720 738 802 864 931 935 1042 1052 1099 1136 1230 1324 1333 1373 1399 1431 1437 1454 1650 1847 1968 1976 
35 94 111 130 209 228 238 405 411 417 488 657 728 782 824 826 872 1086 1153 1156 1186 1233 1307 1314 1362 1376 1433 1623 1627 1650 1670 1714 1756 1759 1823 1838 
43 36 55 102 194 223 240 479 480 521 587 695 718 719 748 869 896 1008 1164 1166 1184 1201 1228 1245 1285 1302 1368 1370 1426 1445 1450 1458 1604 1625 1741 1750 1769 1806 1840 1899 1935 1940 1963 1974 
45 6 80 122 142 182 210 235 258 293 389 421 437 571 647 688 698 732 760 781 833 874 885 936 948 1036 1121 1149 1162 1164 1341 1397 1462 1471 1485 1514 1523 1621 1640 1692 1780 1886 1919 1931 1936 1964 
32 104 176 194 251 308 407 885 886 963 1099 1107 1169 1344 1361 1441 1446 1470 1488 1516 1604 1687 1706 1725 1751 1769 1781 1826 1848 1878 1916 1976 1985 
47 30 79 109 113 135 136 188 322 366 473 479 547 566 634 714 722 758 775 842 874 917 958 982 1004 1054 1058 1070 1106 1187 1193 1203 1373 1403 1405 1437 1491 1543 1609 1629 1645 1684 1726 1750 1777 1778 1803 1888 
38 91 159 224 297 328 439 495 539 603 643 671 724 738 819 889 919 957 1014 1209 1240 1303 1332 1350 1403 1515 1516 1540 1591 1605 1624 1634 1688 1716 1749 1771 1791 1800 1949 
47 31 292 354 365 402 412 484 487 577 597 606 621 652 714 771 801 841 861 865 937 947 954 965 1015 1057 1069 1082 1084 1094 1106 1109 1147 1163 1201 1318 1386 1400 1436 1441 1464 1615 1622 1732 1824 1867 1944 1953 
44 26 60 66 179 215 294 344 404 409 467 547 562 579 694 697 756 816 848 917 980 1012 1027 1029 1044 1108 1158 1269 1328 1346 1418 1429 1465 1472 1481 1525 1553 1566 1597 1648 1664 1734 1840 1853 1873 
32 4 55 69 201 226 408 525 542 560 570 625 729 878 930 1002 1077 1134 1143 1163 1210 1261 1318 1406 1513 1528 1570 1640 1673 1732 1802 1846 1887 
40 76 140 187 210 212 235 266 297 527 573 615 704 707 749 843 872 972 992 1072 1081 1151 1190 1237 1243 1257 1401 1438 1472 1497 1531 1551 1568 1597 1630 1692 1738 1772 1825 1885 1934 
35 8 75 161 247 251 308 364 541 558 560 581 583 622 649 690 720 784 865 866 914 936 1076 1205 1222 1244 1292 1413 1424 1725 1746 1793 1954 1965 1977 1993 
40 11 54 108 138 254 327 462 463 466 573 609 666 707 775 821 877 894 942 966 993 994 998 1100 1182 1325 1343 1427 1436 1442 1501 1548 1667 1689 1754 1814 1861 1915 1917 1962 1965 
34 98 190 193 283 335 466 504 550 572 591 772 1077 1078 1156 1186 1246 1265 1303 1309 1429 1439 1495 1642 1745 1758 1792 1793 1799 1885 1886 1889 1968 1970 1997 
34 55 99 108 228 265 294 303 327 361 545 626 705 769 820 885 900 968 1095 1115 1212 1277 1336 1356 1372 1390 1453 1469 1485 1566 1724 1776 1872 1888 1935 
32 64 75 130 223 232 364 384 409 415 481 501 536 621 665 843 901 910 1026 1068 1082 1127 1253 1476 1510 1589 1644 1708 1793 1813 1837 1865 1932 
43 1 29 34 61 164 245 247 301 365 404 588 614 749 750 806 941 955 991 1110 1115 1141 1180 1201 1202 1212 1270 1291 1297 1302 1337 1342 1351 1493 1508 1522 1594 1645 1654 1819 1843 1917 1973 1978 
42 22 131 180 253 312 365 368 480 639 658 735 741 817 838 958 983 993 994 1043 1046 1058 1073 1074 1093 1201 1304 1331 1349 1396 1400 1417 1515 1563 1632 1649 1654 1775 1814 1890 1892 1946 1988 
41 83 96 106 120 181 213 226 268 418 500 649 671 741 802 841 881 899 990 995 1038 1055 1100 1103 1147 1151 1153 1285 1294 1319 1356 1444 1456 1531 1535 1536 1556 1622 1629 1644 1815 1862 
38 63 82 192 206 221 226 254 289 303 402 452 468 492 536 575 606 610 634 692 693 732 763 809 827 959 971 1152 1310 1388 1407 1568 1569 1572 1665 1717 1750 1800 1813 
43 67 114 163 203 224 252 268 277 418 443 523 554 589 599 609 676 711 800 807 823 836 840 884 915 991 1037 1049 1119 1171 1206 1326 1331 1443 1473 1590 1672 1679 1738 1804 1822 1863 1903 1904 
34 59 98 169 250 256 261 308 321 369 413 590 608 640 754 810 911 971 990 1071 1165 1200 1249 1281 1356 1450 1512 1564 1572 1573 1593 1785 1841 1843 1956 
40 22 85 123 128 189 323 364 426 464 519 560 606 649 673 724 736 742 744 798 808 988 998 1164 1167 1294 1472 1550 1552 1577 1591 1661 1664 1701 1708 1790 1802 1862 1913 1973 1982 
47 42 158 197 230 238 347 363 432 446 556 572 580 648 697 715 780 805 833 922 943 959 1020 1024 1046 1093 1095 1122 1207 1228 1231 1255 1302 1326 1334 1422 1518 1567 1627 1693 1701 1732 1753 1757 1776 1793 1892 1979 
37 37 135 206 275 306 324 346 368 405 414 487 488 578 639 691 706 742 756 806 824 832 863 954 1022 1156 1302 1371 1378 1487 1591 1593 1688 1697 1715 1778 1784 1979 
37 8 107 129 312 346 485 503 522 524 550 551 604 663 756 849 897 921 925 938 984 1120 1286 1316 1319 1377 1513 1522 1545 1567 1635 1734 1876 1893 1915 1935 1972 1973 
48 34 128 137 205 217 222 239 240 248 309 392 408 412 445 535 637 642 768 791 836 883 886 974 1097 1134 1220 1261 1303 1330 1344 1374 1405 1422 1555 1587 1607 1610 1642 1644 1659 1752 1768 1771 1792 1877 1906 1933 1969 
53 70 71 80 136 158 160 305 373 408 410 437 493 495 638 750 774 828 832 914 1007 1029 1036 1068 1101 1127 1140 1181 1192 1213 1214 1239 1271 1307 1362 1408 1447 1455 1466 1474 1493 1611 1645 1673 1687 1722 1751 1791 1797 1867 1898 1939 1953 1985 
44 32 38 52 128 180 369 411 414 436 440 442 473 625 676 733 734 776 839 844 852 873 897 906 911 961 1020 1096 1127 1221 1320 1326 1362 1453 1494 1551 1555 1702 1706 1721 1768 1819 1865 1912 1928 
41 1 45 58 85 139 222 249 316 356 372 434 485 505 507 519 574 627 639 798 994 1069 1076 1225 1262 1270 1287 1324 1353 1356 1366 1449 1458 1539 1603 1622 1632 1643 1700 1749 1767 1825 
42 53 62 109 126 174 184 216 272 285 343 358 386 427 464 517 605 667 701 722 835 888 895 931 950 960 979 1077 1160 1214 1269 1378 1386 1489 1618 1640 1685 1709 1768 1792 1799 1933 1975 
43 28 32 76 120 199 224 238 254 304 332 368 396 464 516 772 799 830 863 890 911 934 1021 1043 1133 1150 1177 1194 1267 1293 1343 1400 1489 1502 1512 1517 1665 1691 1762 1842 1866 1914 1966 1974 
32 33 177 221 270 284 298 313 427 532 543 578 674 710 753 790 824 852 862 899 912 934 1021 1129 1206 1304 1409 1518 1521 1737 1820 1872 1936 
38 28 141 168 194 269 309 337 354 357 451 458 465 498 502 561 608 785 841 867 889 932 1099 1122 1246 1307 1371 1394 1467 1519 1520 1532 1603 1669 1737 1756 1918 1935 1978 
31 9 214 234 243 299 304 332 349 504 516 537 559 641 650 689 716 979 993 998 1088 1139 1229 1290 1702 1704 1706 1720 1737 1761 1773 1833 
34 0 45 136 152 153 165 217 268 291 310 428 435 601 630 796 867 889 1045 1063 1208 1233 1238 1287 1396 1486 1542 1587 1651 1668 1692 1707 1736 1782 1939 
45 181 193 271 288 305 329 338 449 530 638 651 695 732 747 795 823 844 876 913 941 962 1105 1114 1181 1182 1183 1231 1363 1439 1491 1520 1527 1570 1590 1665 1693 1706 1736 1769 1773 1776 1808 1810 1836 1982 
41 24 74 83 112 125 133 204 272 370 379 517 537 606 626 635 799 822 869 971 1024 1034 1051 1103 1144 1168 1189 1191 1209 1226 1319 1384 1407 1503 1576 1590 1622 1723 1757 1792 1896 1975 
38 17 54 125 181 190 248 325 396 496 508 540 558 589 606 718 735 797 816 852 893 1054 1067 1172 1228 1341 1374 1401 1474 1516 1520 1557 1593 1661 1712 1793 1947 1971 1993 
43 54 208 289 291 315 324 381 446 454 467 478 480 512 538 559 561 643 646 667 675 761 772 779 787 807 884 932 947 1210 1214 1216 1330 1358 1419 1522 1543 1609 1645 1819 1836 1875 1928 1936 
50 35 128 153 178 192 227 280 306 402 414 439 502 557 558 567 625 647 674 675 694 800 873 1005 1017 1029 1069 1071 1118 1150 1205 1263 1320 1341 1409 1421 1427 1532 1550 1625 1628 1709 1730 1749 1767 1775 1885 1893 1914 1916 1957 
45 25 30 114 168 186 230 318 421 539 638 684 700 725 803 816 869 933 969 1031 1034 1147 1170 1179 1222 1255 1287 1293 1311 1524 1569 1570 1588 1597 1625 1682 1710 1732 1767 1786 1848 1888 1889 1892 1956 1990 
38 48 78 101 115 154 156 178 227 248 268 345 385 465 471 557 598 638 677 683 752 794 845 875 959 990 1079 1145 1183 1320 1337 1424 1433 1662 1674 1854 1855 1941 1950 
34 31 35 48 97 108 203 321 393 429 600 613 653 790 796 847 980 996 1049 1076 1094 1160 1178 1233 1360 1461 1491 1803 1835 1843 1869 1900 1903 1938 1955 
45 26 58 145 236 287 339 435 478 518 531 626 646 673 676 688 805 831 878 887 919 938 958 1087 1093 1115 1117 1203 1225 1287 1328 1403 1465 1492 1533 1566 1587 1594 1600 1606 1646 1664 1692 1721 1769 1913 
30 68 143 277 340 364 389 416 571 827 877 956 990 1009 1085 1166 1207 1248 1290 1305 1362 1553 1580 1592 1651 1699 1709 1753 1837 1873 1901 
39 179 183 193 209 255 266 288 320 334 337 386 400 498 590 714 747 802 812 839 864 913 940 979 980 1043 1059 1200 1218 1241 1357 1377 1401 1497 1527 1550 1634 1653 1688 1924 
50 11 37 99 156 161 200 223 246 269 326 390 466 483 498 503 542 633 645 777 822 868 882 892 914 966 989 1047 1073 1093 1273 1305 1319 1333 1336 1373 1443 1489 1514 1562 1623 1662 1687 1691 1739 1741 1804 1851 1872 1890 1979 
38 53 116 178 252 266 327 403 427 522 562 566 580 594 601 745 772 796 808 841 944 973 994 1003 1080 1166 1234 1287 1292 1489 1542 1622 1628 1647 1711 1772 1887 1972 1976 
38 4 92 185 201 301 307 321 351 504 657 667 690 693 757 768 864 905 913 963 974 995 1025 1050 1060 1094 1149 1398 1436 1443 1445 1486 1496 1544 1603 1658 1811 1850 1879 
29 41 95 124 130 150 152 232 513 793 929 998 1017 1067 1074 1102 1186 1215 1351 1399 1471 1483 1504 1633 1676 1736 1838 1884 1890 1891 
47 51 53 159 160 206 212 224 232 260 304 348 367 427 463 477 541 566 592 623 701 800 833 890 891 1072 1075 1098 1211 1225 1229 1250 1267 1280 1389 1399 1404 1406 1441 1517 1598 1642 1732 1797 1818 1824 1878 1948 
27 0 14 185 285 288 448 505 578 649 778 868 956 1122 1128 1188 1204 1263 1327 1472 1487 1607 1613 1635 1690 1861 1876 1933 
42 40 72 77 262 313 364 391 420 436 575 647 670 725 776 885 909 920 936 943 1000 1015 1019 1044 1091 1138 1266 1278 1286 1417 1495 1706 1709 1710 1768 1772 1774 1792 1816 1822 1863 1949 1972 
38 17 26 28 94 256 257 258 320 465 545 665 714 737 846 873 921 1027 1056 1070 1111 1132 1164 1202 1220 1227 1242 1349 1409 1416 1514 1553 1649 1683 1700 1834 1871 1894 1976 
37 44 71 156 305 369 370 427 540 622 630 668 696 704 945 1042 1067 1085 1141 1157 1223 1329 1358 1383 1385 1393 1423 1452 1574 1587 1644 1656 1689 1694 1754 1758 1770 1982 
39 61 74 77 87 88 113 172 227 328 355 411 450 460 480 505 611 691 727 951 1002 1097 1266 1290 1308 1428 1490 1516 1602 1641 1652 1703 1771 1807 1820 1836 1861 1890 1897 1916 
32 60 167 207 245 247 272 311 476 505 570 611 641 705 738 752 804 935 976 1070 1094 1121 1122 1166 1232 1352 1438 1451 1500 1566 1741 1822 1962 
40 44 65 181 221 310 325 348 502 571 646 778 798 845 923 959 960 963 1028 1114 1156 1235 1279 1288 1309 1360 1388 1503 1517 1608 1681 1718 1739 1752 1759 1765 1820 1827 1909 1983 1991 
29 14 52 113 177 477 607 619 623 635 673 715 739 751 766 819 825 863 1001 1120 1141 1158 1195 1317 1380 1382 1431 1821 1883 1967 
47 17 19 111 129 175 219 221 228 236 245 270 317 359 371 382 408 451 480 483 535 557 726 831 839 893 911 1151 1165 1167 1221 1306 1337 1458 1495 1504 1520 1540 1547 1548 1586 1636 1642 1730 1734 1799 1946 1953 
45 13 76 83 131 226 270 273 344 371 484 514 628 645 739 794 842 913 935 960 984 1018 1082 1114 1157 1158 1185 1227 1256 1266 1323 1332 1398 1418 1467 1491 1527 1571 1592 1617 1655 1706 1735 1747 1919 1920 
37 177 198 220 221 276 282 309 376 394 403 426 534 730 749 807 839 851 885 895 897 972 1068 1086 1142 1174 1277 1288 1312 1373 1440 1456 1468 1492 1650 1714 1865 1913 
44 9 106 135 155 245 250 325 351 367 392 557 627 639 640 651 688 695 705 709 737 743 747 840 856 874 882 954 1004 1048 1150 1181 1207 1280 1398 1475 1513 1545 1647 1666 1691 1857 1920 1938 1984 
47 23 34 68 93 137 197 215 266 315 376 454 478 564 664 774 783 822 843 886 900 902 920 961 1004 1025 1133 1139 1143 1199 1231 1324 1360 1364 1402 1417 1577 1685 1698 1713 1716 1775 1813 1921 1944 1959 1962 1980 
45 8 138 141 253 300 372 453 472 517 581 585 608 650 706 709 755 771 839 870 1019 1023 1028 1031 1059 1116 1170 1180 1210 1262 1273 1296 1335 1340 1379 1425 1452 1498 1564 1595 1602 1761 1789 1836 1957 1966 
33 0 15 152 241 372 441 467 469 565 589 598 624 722 727 733 779 816 1021 1026 1124 1270 1276 1525 1548 1584 1637 1641 1740 1833 1975 1978 1982 1996 
36 37 57 91 144 164 249 274 420 474 494 560 643 654 726 737 777 868 898 951 972 1156 1159 1248 1262 1361 1477 1544 1641 1680 1757 1770 1853 1923 1959 1961 1964 
54 16 105 135 138 248 270 272 280 287 341 367 369 372 389 399 420 426 462 507 563 565 625 736 763 892 904 1020 1030 1055 1129 1142 1193 1247 1310 1311 1355 1375 1398 1430 1487 1518 1529 1541 1550 1622 1640 1670 1701 1754 1810 1854 1870 1954 1963 
48 0 18 106 121 171 188 222 233 238 343 437 454 474 522 535 544 567 574 579 752 785 828 863 911 962 991 1005 1022 1070 1173 1192 1236 1289 1291 1382 1396 1470 1485 1688 1695 1788 1832 1839 1843 1916 1960 1971 1974 
53 59 74 82 116 210 317 326 333 391 403 509 622 655 678 757 766 857 918 947 954 977 1046 1114 1118 1147 1159 1184 1208 1221 1259 1293 1319 1415 1416 1478 1517 1519 1521 1540 1576 1582 1623 1642 1687 1690 1724 1776 1796 1825 1840 1846 1954 1955 
40 79 83 231 296 405 414 527 589 678 721 734 842 853 865 877 892 939 975 1001 1020 1054 1093 1098 1161 1196 1207 1246 1247 1322 1338 1358 1367 1564 1633 1639 1711 1732 1809 1924 1931 
46 20 93 125 237 241 252 257 345 355 359 404 496 527 543 556 593 692 894 942 1006 1047 1108 1171 1187 1203 1236 1252 1253 1365 1387 1436 1466 1469 1507 1564 1751 1763 1782 1801 1818 1844 1886 1914 1984 1988 1995 
21 111 112 419 426 500 556 630 890 1043 1062 1208 1339 1359 1475 1637 1678 1694 1696 1754 1859 1999 
