200 2000
300 782
337 488
700 1160
260 602
484 648
31 149
63 140
295 1290
85 645
505 1438
70 971
649 856
382 1365
115 636
917 1904
373 626
25 132
421 605
564 1415
664 1215
851 1095
508 1063
296 687
267 1201
119 675
908 1799
67 73
732 1048
733 1163
754 1210
308 847
362 823
282 1195
869 1810
458 822
308 1001
67 415
709 1677
269 366
716 1153
420 971
932 1531
225 1040
685 1354
784 1185
153 270
641 1473
122 768
524 1264
425 1278
606 1044
470 593
24 310
863 1513
44 882
427 1259
460 1120
971 1684
174 959
263 946
829 1032
292 1274
679 1570
574 1357
262 742
818 1811
217 742
487 1373
276 372
905 1139
982 1215
262 834
492 677
847 964
882 1296
364 1286
162 488
804 1156
706 1573
82 511
699 790
133 652
108 968
744 1586
382 478
964 1127
371 1259
308 1145
854 1295
382 927
671 733
524 827
681 1293
472 1083
624 893
686 1636
435 531
610 1303
877 1483
263 427
675 999
808 1749
348 1243
467 654
468 902
626 829
498 1324
83 907
82 681
993 1586
497 1337
298 359
143 755
204 630
122 1006
334 1119
418 586
238 1171
156 245
660 1272
557 623
737 875
489 495
278 1239
5 141
835 1149
54 866
428 509
55 357
845 1438
592 1435
125 858
806 1761
231 1073
966 1014
229 740
627 1322
255 625
795 1628
138 270
746 1349
460 506
643 731
707 1220
376 919
715 811
358 534
603 1099
778 1453
439 1263
118 163
668 713
672 1646
653 924
153 411
403 616
295 516
318 1085
831 881
961 1860
407 583
301 975
983 1457
98 583
168 632
632 1336
500 1484
91 440
337 653
51 870
148 896
1 749
718 1461
115 982
33 886
395 675
429 1121
413 713
292 1258
483 642
630 908
120 132
409 749
198 506
982 1084
892 1074
878 1583
782 1335
529 1338
184 1108
486 589
849 954
970 1853
933 1635
103 198
656 818
977 1507
393 1182
345 1322
333 666
781 1690
994 1643
500 1353
477 528
955 1128
536 1186
800 1565
310 922
833 1125
710 1572
147 1015
601 1119
146 223
343 1204
966 1269
910 1484
768 983
328 755
768 1093
219 1013
740 741
286 826
344 1036
154 422
312 682
130 674
703 1132
660 714
257 1014
836 865
288 1249
51 847
232 444
436 669
99 941
646 1065
352 1206
216 745
846 1168
523 1297
111 640
827 827
366 808
926 1059
598 1520
145 392
258 515
410 967
621 1453
654 1121
227 929
640 1300
269 596
163 1123
320 525
939 949
531 1131
43 459
294 887
321 668
993 1570
798 1158
138 378
209 1065
273 492
545 1178
448 1113
999 1035
100 228
878 1069
171 933
881 1224
386 1160
998 1059
210 516
24 436
691 1003
955 1571
124 344
891 1413
81 367
193 824
37 670
12 454
892 1864
164 567
252 332
970 1219
662 972
743 1659
387 1234
935 1011
342 809
327 700
979 1575
565 641
660 1640
109 598
607 844
307 1027
136 1125
774 1479
687 737
72 739
594 1266
804 1063
94 756
572 914
726 1560
355 1334
298 479
826 1295
554 664
144 776
167 1030
66 464
999 1713
167 414
319 1038
640 790
928 1444
775 1445
844 1638
856 1079
124 378
821 1535
442 650
905 1564
214 1128
626 628
887 1024
505 802
131 1085
544 958
24 834
664 904
655 1475
170 441
136 735
829 1037
935 1381
698 723
700 1267
308 378
112 615
361 581
92 722
336 1068
944 1371
217 517
685 831
325 456
174 859
190 1075
761 1606
402 1209
731 865
448 1260
962 1916
264 361
628 933
760 1737
894 1067
241 539
420 1088
638 686
528 1367
535 1153
31 766
186 1122
329 779
381 866
966 1318
558 755
359 1073
615 1010
746 1293
23 507
904 1889
652 1011
50 614
605 1378
727 1060
392 1073
581 795
266 858
889 957
226 396
82 219
428 672
230 542
343 444
46 95
210 607
338 836
569 811
501 843
390 1002
187 301
882 1486
329 774
845 1539
481 680
783 1002
404 922
527 564
946 1648
524 1175
797 1303
780 1427
950 1726
489 1359
643 1331
329 516
51 697
738 946
185 195
549 1296
783 1738
587 653
351 1135
317 704
861 1742
869 1568
580 1400
630 1288
671 896
686 920
191 850
967 999
885 1074
984 1267
331 577
372 577
704 1213
920 1157
842 1211
798 846
160 926
784 1343
524 721
442 746
450 798
798 1018
627 1349
0 86
306 454
803 1629
914 1740
51 587
549 1312
394 987
714 1500
914 1096
414 717
548 867
879 1116
70 806
427 1259
160 824
139 629
148 660
878 885
461 676
181 244
599 617
188 854
26 117
885 1508
630 1210
964 1577
467 1261
725 1511
689 1216
887 1339
778 889
665 722
768 958
32 62
115 756
449 1266
82 753
57 368
205 1084
80 585
881 1588
793 1687
516 848
267 827
305 1295
530 590
454 602
2 413
382 533
836 1383
43 617
313 1097
945 1336
188 671
897 979
221 592
516 925
917 1840
288 967
227 987
321 1293
142 967
680 1110
638 1280
214 255
297 926
166 977
207 641
855 1784
83 782
345 352
931 1580
855 1055
758 1178
698 1636
971 1246
751 899
901 1153
1000 1413
272 1136
973 1289
176 307
967 1025
797 1318
254 799
646 967
112 360
458 862
622 970
547 569
644 886
407 1271
786 1275
877 1474
578 1183
374 1119
363 450
210 233
259 508
951 1452
229 609
858 1150
31 413
338 797
761 1290
599 746
611 1145
550 1404
5 616
409 1052
268 488
684 1596
373 1149
176 836
888 1545
533 992
978 1851
370 1366
714 1320
24 151
233 679
865 1268
832 1268
902 1459
926 1073
685 715
413 456
622 1245
515 1251
872 1293
323 386
213 534
608 1206
893 1293
288 1165
677 707
623 1162
32 940
907 1141
36 348
83 757
773 1044
106 483
823 1645
216 671
881 1540
468 855
907 1307
182 862
159 587
825 1760
871 1681
71 181
273 313
711 1020
428 1322
114 942
738 1118
265 521
183 703
289 985
136 1056
659 1288
709 1022
775 1583
939 991
297 556
527 829
819 1582
99 834
977 1493
868 1727
285 826
407 608
137 365
593 1286
723 839
244 266
712 1528
468 905
450 606
671 721
59 1028
202 808
958 1484
449 1319
181 1074
804 1090
756 1410
336 962
756 857
42 1021
731 1497
563 1022
672 1492
279 803
3 94
628 1135
94 382
864 1805
624 770
359 384
306 590
62 427
377 714
917 1229
474 1137
701 945
125 997
143 329
916 1913
375 1333
414 1085
238 284
897 1155
541 724
863 980
926 1483
731 1344
92 202
588 753
845 1668
762 1629
91 184
199 1156
155 514
451 1396
53 1049
953 1262
184 243
410 1069
8 545
582 1509
640 1000
946 1180
18 97
116 752
407 900
644 916
893 1104
513 1047
395 1353
25 514
70 635
527 1160
800 1535
324 594
142 649
248 852
395 594
434 780
51 381
116 759
905 1182
418 757
827 1339
989 1563
221 955
336 801
433 1015
835 1338
511 1150
223 528
125 635
172 858
555 940
976 1333
403 506
325 711
936 1128
442 1238
893 1411
258 1235
803 1172
314 509
621 674
344 512
507 1262
844 1023
310 757
64 431
55 343
77 626
803 1598
961 1180
464 707
539 1149
349 426
870 1002
950 1604
267 1115
279 588
684 735
281 470
521 786
737 1170
249 361
107 772
844 1187
663 786
637 1175
920 1704
993 1598
686 777
166 848
485 1272
441 714
346 744
77 587
897 1646
800 1371
629 1271
232 1057
590 1002
177 851
302 1004
976 1457
428 759
769 1426
287 820
199 989
444 1001
133 639
710 1230
948 1663
895 913
197 683
20 313
914 1604
550 1096
723 781
261 1078
490 1024
123 858
612 999
611 1504
916 988
282 1131
158 905
131 983
360 1312
713 1524
391 786
967 1363
392 990
691 963
796 843
407 749
884 1190
612 915
908 1717
706 1447
284 761
99 587
158 309
599 1322
495 720
194 986
302 1243
830 884
283 347
189 694
759 1252
850 1482
613 1542
241 673
759 1510
670 950
696 1174
396 614
853 1306
723 1323
928 1456
793 1563
922 1609
727 1560
704 1082
119 424
40 142
588 1395
883 1801
818 1746
954 1928
823 1796
651 1404
82 364
685 1242
14 769
594 1333
807 1408
711 1459
111 974
23 858
594 1405
443 663
199 926
474 855
571 1523
719 1422
571 640
490 783
136 645
33 859
486 992
12 492
201 301
293 527
779 789
155 387
453 942
790 1002
450 977
826 1305
380 1060
786 1295
760 1518
579 969
328 1289
768 1395
486 641
74 346
929 958
239 1108
22 201
669 1569
855 1737
916 1813
261 1189
795 796
66 584
650 689
871 1129
776 1301
75 376
193 829
190 935
517 980
4 540
772 1328
876 1067
834 1017
586 1092
986 1545
55 683
216 543
68 781
700 1149
374 1061
750 1026
551 805
430 691
330 1282
832 991
867 1153
316 1170
467 969
440 986
685 833
543 659
585 1230
590 1093
385 1239
432 1068
690 1185
394 1301
11 204
137 857
723 1716
35 88
283 595
518 1174
495 1090
137 403
247 1188
372 393
497 598
401 819
913 1285
621 1509
285 828
810 1691
891 1528
737 913
219 1170
739 1562
294 464
466 685
227 652
684 1133
179 270
24 163
992 1011
838 1576
240 518
566 1497
836 1284
226 389
470 831
862 1336
615 649
885 1147
315 535
456 1155
193 921
383 925
538 1420
289 1160
265 1032
685 924
55 177
471 863
382 774
257 1045
543 1315
484 827
26 598
585 700
450 699
447 1371
281 877
277 812
855 1240
507 937
292 477
909 1328
210 1178
705 1272
718 1471
28 722
342 667
509 570
336 506
667 987
585 1021
83 154
388 565
933 1722
233 684
611 1192
711 1570
629 1437
333 515
560 780
458 835
492 1417
729 972
787 1337
27 560
327 811
806 1725
785 1775
399 771
723 1375
366 878
305 680
219 730
513 634
822 860
795 884
43 653
748 1367
497 537
976 1782
2 835
302 643
300 381
875 1111
79 340
487 719
815 1327
108 457
202 1135
156 284
831 1726
564 1158
718 1338
210 1079
873 1611
759 1484
488 744
859 1789
178 1129
799 1472
779 1091
824 1044
447 853
590 1148
841 987
328 903
363 384
730 1437
374 1123
456 1004
511 675
672 841
215 282
81 806
743 1190
912 1569
864 1624
774 1561
333 1018
919 947
488 1368
547 1343
437 1396
183 1047
344 739
818 1278
376 688
114 225
346 484
426 1012
658 1473
233 992
862 1749
565 1006
470 1378
982 1523
178 457
265 455
149 653
225 723
976 1372
594 1477
774 1740
123 262
160 1056
683 1513
93 941
546 567
191 799
915 1163
123 603
398 672
686 1084
18 55
526 1450
770 1437
753 1566
340 626
239 567
81 442
799 1184
995 1677
483 746
309 944
19 691
411 1089
278 864
955 1661
196 232
948 1846
570 969
181 859
481 1174
174 985
106 1061
410 876
68 922
61 307
483 1341
727 888
683 1209
223 986
774 1308
582 976
66 519
353 637
674 1364
807 1386
43 260
280 830
225 1126
629 1352
237 534
639 726
521 1389
249 1103
126 535
351 1170
531 846
61 553
511 1174
345 880
994 1739
718 1318
256 1177
301 624
851 1527
230 281
39 184
265 1019
926 991
672 1201
522 1310
632 1423
681 816
125 1125
928 1879
980 1485
90 1008
515 1350
347 635
190 1141
923 1106
235 746
497 544
536 816
779 1180
485 700
204 837
531 789
520 903
137 605
116 536
815 1070
407 699
366 1217
16 1013
754 1540
593 1501
825 1094
720 1402
822 1006
301 320
984 1150
295 329
404 827
181 994
94 831
701 1262
822 1208
771 1533
410 596
25 779
857 1042
399 907
39 949
177 682
8 310
730 1389
698 1406
334 1095
377 1207
790 981
114 893
717 1300
621 1010
330 613
272 376
215 717
840 959
806 1602
104 593
602 1147
257 439
606 1579
655 1016
283 620
25 658
615 865
290 1248
234 789
606 1148
816 1402
375 794
308 535
847 974
915 1102
224 371
711 1161
114 396
595 892
600 770
901 1215
594 1300
238 682
855 1309
541 661
7 306
632 1030
834 1626
866 977
804 1118
691 1470
992 1951
150 318
180 433
20 775
937 1670
684 1085
209 966
335 795
896 1608
422 458
457 1236
779 1418
54 954
896 1718
292 605
107 221
255 914
266 350
864 1327
406 606
264 529
754 1585
125 980
445 687
966 1794
955 1366
688 751
223 846
773 1674
886 1077
664 904
209 567
757 777
15 853
340 1324
128 407
284 922
16 416
649 1641
705 1412
819 1209
165 262
301 388
748 1239
742 1237
618 1563
776 1325
932 1543
864 1735
538 836
425 1121
147 367
718 1481
1 150
220 408
672 1566
556 789
144 475
773 1176
977 1071
994 1284
939 1848
519 807
260 644
262 1225
712 1020
680 1301
928 1921
235 882
682 1620
440 1268
173 1038
489 620
820 1029
988 1760
739 1683
123 727
744 824
153 737
616 1219
378 593
726 1076
651 1506
364 512
764 1567
70 742
766 1069
362 431
891 1785
812 1416
334 1073
464 924
310 1081
958 1509
598 1550
579 1250
885 1414
665 1603
364 1104
382 794
681 1074
200 795
840 1560
713 1296
484 1413
960 1451
946 1163
829 1293
946 1410
664 1108
887 1817
615 662
365 785
95 227
30 93
726 1675
874 1830
702 1550
973 1434
682 1168
911 1820
634 949
142 738
619 1277
449 829
844 1788
523 876
429 1055
162 301
927 1328
126 846
500 1315
307 1277
221 1167
539 1394
686 1370
884 997
113 365
995 1453
259 619
475 502
723 861
886 1569
579 1278
565 716
197 534
857 1201
538 1344
782 794
408 582
561 1115
563 1055
360 1144
439 1426
443 520
519 1022
504 679
218 721
569 732
99 432
922 1834
738 1082
367 1009
906 975
964 1559
510 720
23 791
934 1015
919 1352
387 1017
416 846
93 382
86 672
694 863
975 1685
782 1766
538 752
169 231
682 1243
228 807
888 1008
693 1015
542 724
555 961
181 906
428 1284
173 177
819 1665
371 1190
339 1317
216 1120
616 1324
821 1789
36 287
115 329
786 1213
35 71
255 935
209 607
396 647
311 1299
475 956
968 1146
408 1159
208 651
600 1337
339 989
594 1351
964 1570
503 1250
701 1606
266 1065
583 1579
980 1642
313 1292
923 1471
335 477
42 851
532 652
548 1153
764 947
353 973
131 574
11 386
450 1006
802 1729
527 1189
225 797
790 1412
427 1328
627 1268
444 1071
437 622
569 1078
566 1129
666 1168
471 1020
301 640
883 1763
355 554
432 1355
959 971
361 1267
768 966
301 879
304 1026
558 630
751 1593
846 1284
636 857
253 585
317 405
303 624
535 1081
12 516
20 994
874 1448
393 1217
114 150
61 1009
187 1143
157 293
508 1402
874 1802
329 1279
609 1042
256 535
495 507
449 569
216 767
214 362
17 705
920 1230
188 1170
95 631
341 608
276 657
581 1558
889 1357
198 1102
868 1247
229 712
555 698
321 1159
971 1820
980 1584
839 1179
165 389
476 1103
894 1033
65 375
508 1496
844 1287
153 1113
974 1153
252 682
214 886
531 1511
246 765
622 1604
188 1181
888 1635
832 1011
568 1243
100 837
247 557
955 1065
205 1188
570 1295
653 1286
896 1698
63 447
319 1181
572 701
254 995
186 556
618 1560
715 1302
309 1043
813 1294
519 931
955 1909
23 994
32 661
51 375
447 1031
522 1209
510 653
934 1307
274 891
757 1735
534 1110
131 473
56 505
137 475
317 611
54 608
507 943
380 912
713 983
157 385
552 1539
444 623
716 1649
795 1135
204 943
123 336
595 920
552 639
749 1261
644 1415
467 807
195 975
681 1634
867 1361
759 1305
830 1042
594 732
66 786
335 1143
98 161
671 876
981 1436
605 753
983 1218
183 916
143 408
39 667
999 1211
938 1913
324 1275
832 1423
285 425
30 139
550 983
915 1127
830 1781
108 897
798 1790
867 1455
287 666
469 823
147 187
596 1260
910 1149
806 1647
220 336
446 1339
171 897
343 954
901 1892
36 152
487 1440
307 1023
723 1145
467 716
431 830
682 1539
242 814
176 247
32 691
626 834
233 992
401 552
291 989
348 542
59 937
961 1770
168 228
363 489
691 776
791 1469
934 1526
220 706
553 762
177 1139
355 511
570 1306
105 386
264 583
671 1007
747 1713
332 804
512 1484
885 1596
742 924
785 1219
438 486
774 1015
593 612
131 484
116 808
200 1178
290 856
611 1091
587 1505
105 1059
897 1211
376 894
381 579
207 1133
599 677
51 819
218 793
974 1086
391 1175
734 1178
827 1208
383 1000
394 1140
468 941
473 565
872 1322
952 1882
907 1244
350 906
515 1157
448 715
638 1204
981 1520
131 946
566 599
144 641
502 751
924 1475
648 1596
583 1522
543 1301
235 858
301 1103
63 239
335 938
567 803
772 1669
504 754
415 877
529 916
218 253
996 1894
140 266
686 1324
383 763
688 1489
909 1106
195 618
223 910
888 1307
505 1214
789 986
977 1211
79 501
196 1188
613 1411
751 1553
315 640
92 487
961 1001
502 606
23 423
37 80
783 902
733 1405
798 1785
222 472
787 796
449 874
714 1644
889 1702
51 231
951 1602
88 558
881 1169
602 1260
94 672
583 1194
833 1170
32 996
733 1107
302 1184
433 1401
853 1449
550 1381
999 1484
260 931
638 1328
245 1055
462 1011
358 581
505 988
566 1334
374 804
944 1548
63 442
78 801
563 1481
483 1459
119 761
212 800
126 488
927 1582
253 739
920 1362
180 325
819 872
799 1402
668 1088
40 865
714 1682
220 449
780 1126
923 1877
539 1048
11 610
367 634
19 552
445 1075
103 173
125 791
586 1441
896 1726
996 1476
673 777
255 266
811 1052
146 709
129 368
565 1023
230 293
258 1039
459 461
131 525
528 1415
146 873
509 622
854 1574
30 572
214 344
415 904
447 1051
49 462
410 1280
733 1251
724 1322
114 792
99 314
791 943
63 1002
0 270
119 958
690 767
413 1366
478 912
445 1444
23 128
618 1179
806 1196
292 305
504 1187
523 831
864 1122
84 597
299 754
162 790
326 1176
363 930
141 1057
640 993
171 499
594 1026
225 877
821 1374
444 453
338 946
89 817
391 1245
123 899
637 1527
532 633
47 407
403 1002
250 281
176 1165
147 513
95 372
374 864
465 504
153 711
118 663
680 1127
748 1289
226 425
946 1108
948 1419
390 659
337 1000
227 1196
217 1027
312 589
520 903
66 750
965 1078
877 1809
737 892
637 1013
272 1118
788 1671
916 1149
809 1372
880 1165
332 1025
388 583
803 1546
728 1725
112 295
664 714
540 621
196 323
142 561
298 1103
822 1805
498 1425
201 535
793 1313
599 805
95 709
572 934
495 917
512 738
30 71
763 802
46 80
613 684
543 738
936 976
139 784
341 539
209 1057
627 1191
232 819
537 708
764 820
236 984
944 993
330 1052
776 1210
610 885
85 785
942 1050
236 244
519 967
421 944
783 807
1000 1224
163 1058
170 891
96 982
409 1272
558 878
623 1246
50 1024
204 921
267 1109
24 944
919 1709
130 605
196 311
78 623
681 1242
503 802
312 1195
174 757
58 267
181 746
844 1555
314 737
579 1438
582 788
137 966
717 769
954 1078
934 1850
511 1018
258 409
246 522
41 142
853 1778
468 1269
21 822
972 1559
542 646
546 1232
781 1664
280 1168
216 725
81 478
261 640
582 594
39 664
503 1218
316 894
152 915
940 1498
274 1236
813 1298
66 403
962 1256
946 1370
509 749
590 978
909 1508
603 1031
582 800
715 1253
835 1600
633 1469
294 710
101 577
838 1140
521 1391
311 860
609 1235
854 1245
855 1737
311 362
667 758
807 1671
32 424
1000 1879
521 980
42 48 59 63 95 108 127 143 229 235 340 347 364 383 389 418 457 462 491 522 684 686 694 705 714 836 926 939 1057 1093 1100 1148 1165 1230 1430 1437 1491 1517 1696 1827 1832 1929 1943 
51 13 19 31 107 138 164 165 197 208 216 241 255 276 314 391 432 455 479 492 495 518 522 560 573 650 680 695 827 835 878 910 925 930 974 1153 1170 1175 1204 1225 1293 1446 1454 1479 1606 1710 1722 1898 1916 1922 1939 1958 
47 6 53 136 147 244 260 264 271 325 390 497 502 530 587 652 669 692 697 728 758 874 912 938 1047 1259 1343 1346 1350 1370 1414 1461 1597 1614 1627 1662 1693 1724 1736 1761 1791 1807 1817 1850 1858 1924 1956 1959 
48 52 59 189 267 336 350 354 390 420 424 451 653 710 754 848 897 904 934 947 957 1064 1137 1223 1277 1324 1329 1345 1403 1412 1434 1477 1511 1523 1540 1624 1662 1668 1699 1720 1782 1815 1852 1883 1923 1931 1933 1963 1967 
40 40 52 119 152 220 276 460 498 537 578 609 709 757 789 971 1010 1089 1096 1133 1164 1233 1363 1397 1453 1495 1512 1514 1524 1536 1543 1558 1599 1608 1668 1690 1698 1781 1817 1939 1986 
41 40 54 70 96 109 126 394 402 421 466 493 544 553 621 639 644 664 755 763 847 879 1074 1098 1155 1175 1232 1253 1320 1326 1396 1430 1460 1554 1565 1628 1704 1745 1861 1875 1904 1914 
43 64 88 124 163 284 330 358 433 435 586 664 832 853 899 920 983 1009 1030 1085 1147 1280 1294 1363 1387 1408 1421 1522 1581 1613 1614 1636 1658 1683 1695 1705 1711 1734 1799 1846 1848 1872 1907 1987 
42 47 156 174 208 210 289 369 377 385 402 414 435 470 496 510 515 530 592 640 669 754 823 909 935 949 971 1108 1150 1177 1309 1345 1368 1422 1473 1534 1559 1661 1691 1706 1741 1794 1860 
32 23 118 148 173 234 279 287 351 405 458 523 578 823 892 936 1019 1079 1125 1149 1176 1197 1248 1304 1547 1556 1629 1670 1743 1805 1822 1849 1882 
40 91 125 181 315 333 349 368 432 445 454 475 505 517 535 574 647 658 709 771 782 785 820 840 970 984 1001 1036 1049 1217 1224 1301 1343 1364 1472 1519 1534 1664 1770 1858 1938 
41 0 21 50 114 142 143 156 169 245 417 443 467 585 626 660 683 707 854 885 912 962 976 1080 1101 1166 1173 1248 1283 1304 1421 1429 1446 1547 1557 1578 1730 1752 1760 1807 1862 1918 
45 42 59 161 190 193 205 301 320 407 418 520 527 537 552 619 625 665 670 686 691 732 736 797 841 891 902 916 947 990 1150 1162 1168 1209 1320 1368 1369 1374 1380 1412 1418 1481 1485 1730 1743 1761 
32 45 67 170 219 411 414 443 450 520 630 671 713 758 774 926 949 1056 1149 1194 1220 1370 1446 1472 1701 1718 1719 1785 1830 1832 1920 1939 1970 
42 40 75 106 276 286 370 377 496 612 639 643 694 696 759 776 867 890 974 978 1007 1080 1083 1133 1151 1154 1208 1217 1318 1512 1538 1553 1601 1632 1671 1745 1747 1901 1909 1912 1915 1921 1981 
33 295 347 413 441 515 584 613 684 687 692 734 760 794 808 868 905 948 1060 1095 1497 1498 1520 1537 1560 1583 1630 1679 1722 1780 1798 1832 1925 1933 
45 28 59 121 143 190 195 209 249 307 322 380 421 493 568 649 852 932 962 979 1082 1189 1223 1239 1250 1396 1403 1441 1451 1472 1478 1479 1513 1516 1520 1521 1555 1579 1624 1684 1735 1862 1900 1907 1942 1979 
37 60 64 84 96 111 206 261 272 297 317 330 497 526 566 640 831 845 852 1114 1124 1200 1215 1319 1393 1424 1449 1467 1518 1544 1613 1703 1747 1780 1847 1879 1937 1975 
47 158 173 190 206 246 279 394 437 473 496 601 628 629 702 739 841 868 878 986 1047 1079 1115 1150 1184 1199 1204 1219 1343 1396 1419 1572 1581 1582 1598 1648 1651 1654 1682 1719 1730 1746 1777 1821 1873 1877 1887 1948 
39 42 45 222 289 306 319 353 370 378 482 574 589 609 622 648 820 852 922 952 975 987 1069 1185 1220 1335 1448 1475 1505 1508 1589 1650 1656 1657 1660 1796 1797 1822 1833 1889 
51 41 75 107 136 204 241 273 302 321 365 371 380 423 430 510 536 613 625 640 683 708 799 834 932 954 967 978 1003 1063 1086 1097 1131 1169 1197 1250 1286 1380 1387 1443 1446 1448 1532 1541 1556 1694 1740 1747 1828 1865 1904 1907 
44 24 72 98 175 360 385 423 463 498 520 547 570 622 685 698 753 761 856 884 996 1136 1156 1158 1170 1171 1236 1259 1389 1392 1413 1416 1436 1493 1535 1628 1653 1734 1828 1848 1853 1864 1885 1889 1935 
47 26 110 115 197 256 261 299 311 371 442 497 500 585 640 745 886 963 981 1041 1080 1177 1216 1232 1235 1244 1314 1318 1331 1344 1408 1537 1581 1584 1604 1673 1679 1708 1718 1731 1771 1811 1824 1876 1903 1954 1955 1964 
36 143 192 243 326 358 473 512 521 543 632 690 721 784 850 867 927 979 1009 1031 1035 1190 1195 1288 1298 1409 1499 1500 1652 1655 1685 1742 1775 1847 1855 1911 1937 
49 2 29 48 65 154 171 213 258 273 275 281 333 382 396 488 498 525 542 591 600 671 682 770 838 858 919 921 975 1049 1094 1105 1206 1210 1227 1230 1232 1237 1319 1356 1376 1454 1496 1568 1725 1829 1845 1846 1947 1962 
43 6 19 93 278 394 514 537 546 565 677 738 774 782 783 866 889 1001 1008 1024 1083 1109 1184 1238 1250 1279 1295 1307 1358 1359 1377 1423 1476 1479 1515 1699 1700 1726 1731 1812 1855 1857 1932 1938 
40 21 33 40 62 123 130 133 139 260 318 351 361 441 586 641 646 652 666 733 881 907 965 1070 1073 1123 1156 1201 1226 1275 1328 1369 1404 1566 1649 1661 1769 1819 1924 1932 1941 
41 4 31 77 89 258 280 357 370 527 631 692 693 727 742 804 811 876 926 963 1011 1050 1114 1119 1173 1262 1282 1317 1365 1476 1514 1544 1560 1563 1630 1824 1927 1934 1939 1944 1946 1997 
38 76 241 278 363 389 528 589 741 789 800 885 976 1079 1104 1132 1152 1193 1300 1307 1346 1390 1429 1546 1570 1582 1631 1644 1679 1705 1714 1748 1815 1830 1879 1909 1923 1973 1987 
30 4 22 35 219 231 252 275 306 357 374 396 492 639 677 750 847 905 929 1067 1071 1094 1174 1211 1249 1332 1663 1719 1758 1866 1914 
39 7 227 309 332 389 461 587 618 640 658 659 784 805 820 895 917 940 983 986 1001 1133 1198 1265 1327 1383 1444 1509 1560 1632 1670 1679 1684 1742 1776 1835 1850 1854 1880 1990 
34 17 87 128 153 188 305 353 354 393 434 500 513 523 727 797 822 987 1052 1321 1355 1435 1455 1457 1484 1628 1773 1777 1836 1843 1892 1899 1927 1943 1990 
36 53 62 137 140 147 216 217 266 374 384 390 447 583 637 643 711 773 973 974 1114 1161 1219 1303 1318 1375 1433 1454 1467 1613 1757 1829 1863 1886 1930 1958 1984 
51 15 88 168 227 260 282 396 410 429 616 618 625 627 648 700 708 710 804 820 837 851 932 984 1000 1031 1052 1189 1212 1271 1283 1351 1356 1377 1391 1516 1520 1555 1606 1688 1700 1731 1733 1755 1804 1809 1926 1946 1969 1977 1988 1998 
36 2 8 20 44 123 155 192 199 244 297 304 436 452 534 569 613 737 898 1005 1032 1047 1096 1104 1150 1190 1286 1351 1388 1450 1452 1527 1604 1629 1732 1749 1927 
33 113 302 314 347 379 409 480 571 641 738 763 825 850 888 905 999 1000 1013 1029 1054 1105 1172 1246 1320 1350 1372 1383 1512 1609 1718 1778 1868 1910 
45 93 105 169 206 211 229 246 272 280 320 474 505 539 540 562 577 593 666 734 796 856 861 912 937 940 976 998 1004 1060 1069 1074 1139 1167 1175 1256 1257 1273 1347 1386 1454 1521 1616 1691 1839 1968 
41 2 47 193 196 228 306 370 416 506 513 539 740 854 858 880 890 909 926 996 1012 1021 1023 1058 1152 1244 1252 1331 1346 1389 1442 1473 1606 1625 1646 1680 1706 1852 1918 1924 1945 1973 
44 13 84 215 227 249 277 346 372 412 495 497 521 540 593 665 726 770 774 792 813 878 913 916 955 978 1022 1047 1050 1096 1125 1192 1251 1322 1367 1387 1426 1625 1649 1804 1811 1812 1861 1974 1986 
38 105 111 172 188 272 288 291 292 308 321 342 412 475 478 486 524 629 673 685 720 856 860 959 977 1029 1065 1142 1147 1154 1277 1279 1398 1399 1516 1773 1809 1913 1955 
52 25 52 57 152 153 157 261 263 264 273 345 373 501 559 594 631 639 681 728 757 762 763 980 982 983 1024 1059 1089 1094 1119 1132 1182 1212 1240 1278 1297 1337 1362 1370 1378 1418 1421 1510 1523 1549 1615 1653 1667 1735 1812 1895 1980 
42 9 159 160 190 306 325 329 367 407 444 454 476 746 753 779 781 824 828 879 939 1017 1028 1087 1114 1164 1171 1180 1213 1408 1464 1472 1508 1540 1627 1645 1699 1739 1763 1892 1935 1955 1981 
39 27 96 132 192 214 241 321 462 655 682 712 742 752 802 921 954 963 1114 1127 1191 1259 1278 1319 1397 1451 1473 1561 1660 1707 1741 1764 1774 1782 1796 1836 1837 1862 1948 1969 
39 5 36 54 130 213 217 227 279 358 461 577 654 667 728 844 971 1088 1195 1198 1249 1278 1338 1368 1371 1459 1480 1508 1513 1529 1542 1589 1595 1605 1641 1751 1774 1921 1962 1981 
40 9 53 67 149 166 211 223 261 268 305 384 480 545 605 633 686 729 735 762 771 798 822 887 950 1024 1096 1116 1126 1164 1168 1188 1189 1251 1316 1350 1393 1399 1455 1854 1938 
37 6 46 272 352 371 391 454 490 620 740 749 772 824 871 893 910 952 971 988 1052 1193 1289 1298 1329 1448 1457 1490 1528 1558 1579 1660 1719 1788 1867 1912 1964 1981 
45 98 150 280 293 367 455 527 544 546 610 627 690 716 759 831 859 898 911 978 1124 1181 1210 1280 1341 1369 1384 1428 1475 1476 1526 1595 1615 1648 1650 1676 1783 1796 1829 1854 1878 1880 1971 1982 1984 1986 
34 32 125 126 210 303 349 419 454 484 501 509 530 551 600 684 689 746 799 827 877 933 974 1003 1102 1170 1175 1183 1306 1360 1372 1379 1599 1662 1816 
45 19 122 386 434 459 494 578 583 589 601 611 682 707 717 784 841 885 941 972 995 1008 1114 1133 1219 1258 1325 1345 1395 1449 1517 1518 1526 1546 1580 1598 1610 1623 1645 1709 1719 1831 1834 1847 1856 1995 
49 90 154 159 243 327 374 381 446 455 480 514 528 536 560 571 610 614 620 658 667 672 684 753 853 895 972 1032 1088 1147 1170 1179 1196 1217 1241 1250 1327 1357 1362 1368 1386 1401 1409 1427 1496 1539 1646 1685 1715 1905 
42 41 56 76 124 151 177 191 230 237 277 316 323 362 381 476 548 640 673 790 978 1027 1102 1191 1194 1291 1295 1395 1417 1458 1506 1526 1543 1558 1586 1602 1655 1665 1667 1878 1880 1917 1925 
50 83 104 133 175 237 296 326 391 414 416 489 492 565 582 609 610 619 642 644 649 667 820 821 881 930 956 1078 1100 1125 1149 1176 1214 1232 1234 1365 1411 1449 1492 1516 1580 1617 1677 1687 1689 1705 1776 1959 1963 1993 1999 
38 38 70 73 228 275 293 312 346 375 392 411 525 541 670 688 717 718 839 957 1006 1030 1153 1159 1179 1211 1313 1317 1323 1388 1413 1492 1611 1700 1742 1777 1784 1814 1983 
42 7 63 178 265 296 402 445 519 539 574 581 635 685 692 788 869 946 997 1004 1095 1100 1149 1254 1278 1333 1345 1367 1368 1393 1410 1415 1450 1489 1492 1551 1607 1637 1682 1687 1751 1791 1801 
31 59 80 104 260 292 346 415 602 669 696 894 907 1128 1298 1314 1317 1323 1404 1550 1579 1598 1674 1680 1770 1784 1794 1795 1857 1928 1952 1982 
37 69 76 127 172 179 242 249 357 389 415 429 457 483 508 621 696 752 802 885 918 1076 1086 1192 1256 1318 1337 1358 1401 1429 1538 1646 1650 1663 1711 1733 1750 1901 
35 4 23 192 206 279 318 338 374 377 383 426 538 629 675 714 798 814 816 833 837 838 942 982 988 1018 1188 1225 1276 1299 1480 1554 1760 1788 1890 1989 
51 34 42 240 410 411 417 456 469 500 513 525 580 645 711 800 812 877 882 944 949 986 1012 1025 1136 1137 1148 1176 1220 1242 1279 1293 1320 1323 1345 1346 1400 1405 1407 1414 1426 1495 1496 1514 1569 1620 1702 1748 1797 1801 1827 1829 
43 5 34 79 105 149 150 183 187 313 390 404 533 561 566 606 642 647 672 863 903 930 993 1046 1050 1106 1141 1155 1168 1335 1372 1417 1437 1450 1497 1523 1627 1632 1649 1717 1744 1756 1794 1799 
50 40 90 209 265 287 352 372 383 397 416 430 431 433 495 598 680 731 764 802 811 851 867 928 949 950 951 985 991 997 1000 1021 1039 1085 1116 1148 1182 1188 1192 1251 1297 1347 1361 1400 1447 1460 1510 1532 1575 1613 1771 
41 41 61 89 218 308 538 618 645 655 656 669 737 860 870 908 924 954 1008 1033 1083 1258 1276 1329 1393 1402 1505 1582 1586 1593 1614 1638 1661 1706 1740 1779 1812 1902 1913 1917 1957 1991 
50 93 110 131 172 220 322 413 476 483 488 509 530 583 602 624 642 646 783 787 823 911 928 975 983 998 999 1025 1070 1082 1084 1097 1134 1144 1336 1416 1432 1479 1483 1541 1554 1612 1618 1723 1732 1743 1763 1776 1815 1834 1926 
38 3 9 26 121 144 160 245 282 283 366 486 541 682 774 775 835 854 872 887 908 1001 1120 1189 1216 1241 1255 1499 1532 1577 1616 1620 1693 1695 1704 1728 1876 1892 1906 
37 80 176 218 231 261 305 308 446 477 515 630 676 814 906 1006 1035 1118 1121 1172 1201 1216 1382 1399 1439 1537 1603 1707 1756 1797 1809 1810 1823 1825 1828 1879 1898 1995 
40 1 156 334 348 428 703 712 727 766 801 803 807 838 843 848 856 945 979 980 1099 1273 1274 1298 1302 1306 1317 1493 1543 1585 1622 1643 1644 1661 1700 1712 1714 1762 1795 1844 1868 
40 113 162 191 205 311 334 511 538 568 590 592 602 611 687 740 882 890 1034 1047 1197 1210 1294 1297 1309 1392 1408 1423 1537 1570 1591 1633 1643 1645 1660 1675 1748 1863 1876 1885 1992 
37 75 91 129 275 304 317 321 432 454 507 564 708 771 867 872 901 977 1011 1021 1090 1187 1197 1256 1257 1431 1483 1558 1563 1623 1680 1712 1772 1804 1812 1818 1852 1987 
35 0 86 151 321 502 575 618 708 729 829 850 941 970 1015 1078 1104 1200 1229 1283 1292 1431 1451 1477 1493 1500 1518 1578 1584 1672 1687 1723 1844 1848 1945 1976 
46 1 86 107 115 213 244 264 359 436 437 492 580 664 674 728 800 864 889 972 1037 1048 1049 1210 1220 1224 1259 1276 1302 1367 1386 1391 1438 1521 1562 1608 1663 1671 1769 1803 1822 1846 1899 1907 1945 1946 1960 
30 94 175 209 227 236 381 616 639 672 857 871 887 938 970 997 1000 1066 1097 1171 1294 1389 1430 1432 1481 1672 1688 1741 1810 1839 1956 
39 80 149 162 172 197 205 366 482 539 604 605 666 695 728 745 776 797 798 806 913 914 997 1056 1101 1194 1232 1235 1385 1555 1595 1648 1652 1703 1740 1768 1772 1869 1901 1935 
41 148 156 179 240 288 309 337 352 389 412 455 494 562 607 672 729 731 741 757 802 865 923 977 989 990 998 1052 1108 1222 1240 1298 1300 1308 1311 1436 1458 1513 1602 1768 1847 1956 
40 182 183 198 216 232 273 274 276 403 439 481 516 751 783 836 839 862 908 923 1025 1096 1117 1135 1218 1277 1320 1381 1413 1473 1522 1536 1601 1732 1741 1750 1793 1871 1926 1931 1979 
37 7 31 46 128 336 389 427 440 450 460 479 497 600 751 754 913 1060 1188 1199 1261 1386 1460 1497 1539 1579 1733 1745 1765 1778 1800 1815 1863 1893 1898 1904 1908 1977 
43 35 77 85 122 232 235 260 290 299 339 346 360 390 401 422 523 590 709 757 797 927 972 1047 1169 1217 1357 1512 1533 1536 1612 1678 1725 1736 1744 1803 1811 1837 1847 1880 1882 1940 1950 1988 
29 228 276 348 540 553 575 652 733 765 767 775 779 785 866 1014 1035 1117 1201 1446 1475 1565 1626 1686 1703 1845 1860 1875 1900 1912 
49 2 8 24 88 106 114 135 215 219 239 308 313 350 375 432 465 578 627 668 721 785 791 831 960 1029 1077 1081 1130 1134 1143 1148 1168 1227 1325 1346 1349 1487 1513 1557 1596 1599 1662 1774 1778 1833 1838 1918 1924 1982 
39 101 301 331 378 438 487 518 521 528 566 579 604 659 679 681 687 781 796 1006 1064 1094 1135 1216 1277 1394 1432 1504 1664 1676 1683 1760 1794 1848 1858 1859 1899 1905 1978 1982 
26 10 33 65 349 390 433 642 731 899 1069 1088 1141 1166 1253 1278 1434 1439 1529 1567 1643 1792 1865 1911 1935 1965 1968 
36 62 95 146 147 161 177 202 310 387 444 651 686 730 767 804 832 982 1040 1053 1057 1062 1080 1215 1234 1288 1330 1373 1494 1509 1515 1544 1548 1566 1966 1967 1988 
41 30 45 128 190 204 211 246 278 280 294 398 422 465 543 554 564 673 700 730 825 835 913 974 996 1051 1068 1151 1177 1216 1244 1270 1297 1309 1311 1445 1621 1648 1709 1743 1760 1926 
36 6 89 117 140 145 148 320 324 485 493 517 571 612 672 716 775 806 855 1018 1063 1214 1267 1408 1409 1448 1505 1564 1587 1732 1763 1883 1928 1940 1943 1963 1985 
37 33 126 214 226 232 253 356 538 563 631 758 776 806 852 885 999 1123 1133 1140 1247 1256 1300 1388 1435 1542 1765 1774 1789 1798 1844 1887 1899 1942 1951 1983 1987 1996 
44 92 143 192 227 288 363 401 499 500 521 556 567 579 585 625 657 668 677 726 733 803 886 927 951 996 1021 1105 1180 1185 1260 1353 1420 1630 1663 1720 1783 1801 1876 1881 1886 1901 1929 1985 1992 
25 27 38 176 238 372 412 506 563 568 608 639 670 709 943 960 1037 1075 1245 1327 1597 1615 1689 1717 1826 1986 
39 19 43 64 104 231 403 409 434 435 442 510 534 683 710 849 897 976 1095 1130 1151 1164 1188 1218 1250 1328 1411 1511 1570 1599 1600 1690 1701 1740 1746 1777 1805 1834 1849 1978 
46 5 6 44 71 90 110 147 188 259 266 298 303 324 362 417 457 520 560 630 772 788 862 870 981 1026 1034 1091 1120 1129 1157 1313 1388 1389 1508 1509 1542 1556 1561 1600 1603 1743 1748 1799 1825 1895 1965 
37 104 174 207 298 325 341 354 356 416 464 511 605 624 626 726 840 891 928 1026 1047 1079 1132 1177 1210 1273 1360 1411 1412 1602 1708 1739 1825 1853 1876 1884 1937 1943 
43 81 99 144 145 300 302 307 347 371 404 462 479 625 654 667 683 713 857 875 886 889 1000 1026 1035 1190 1243 1278 1288 1303 1321 1339 1472 1484 1494 1522 1574 1586 1638 1830 1869 1901 1929 1942 
36 46 180 188 201 294 438 458 508 604 641 679 798 801 823 842 890 928 948 975 1036 1051 1163 1182 1211 1296 1305 1410 1431 1433 1634 1759 1800 1866 1885 1887 1940 
44 158 239 289 315 322 323 373 410 520 618 737 753 832 893 926 938 966 977 1005 1032 1050 1056 1057 1061 1171 1190 1233 1239 1241 1370 1390 1447 1488 1525 1535 1560 1601 1604 1814 1844 1865 1888 1917 1924 
33 28 32 301 324 355 424 573 624 666 676 722 732 759 798 824 842 845 1051 1058 1072 1168 1232 1234 1269 1625 1700 1721 1727 1768 1811 1845 1902 1914 
50 24 88 112 148 170 194 221 255 308 327 391 409 410 411 431 443 447 522 565 599 683 725 735 805 833 854 917 918 1048 1100 1132 1181 1213 1222 1237 1243 1280 1287 1324 1470 1534 1554 1555 1571 1746 1757 1856 1905 1924 1959 
36 14 116 124 200 205 294 330 346 478 683 817 831 883 911 993 1028 1030 1066 1194 1196 1275 1355 1382 1407 1431 1478 1538 1550 1552 1603 1751 1813 1908 1915 1929 1994 
41 55 106 152 171 180 182 185 249 397 399 415 418 492 509 521 526 567 578 606 623 773 849 998 1131 1134 1152 1218 1360 1371 1375 1377 1386 1446 1477 1511 1573 1612 1687 1753 1855 1918 
30 106 132 214 228 278 303 330 349 362 406 415 479 564 569 643 733 839 929 931 948 986 1148 1161 1231 1266 1319 1447 1621 1697 1720 
26 173 245 373 403 477 547 778 782 970 1004 1053 1094 1275 1347 1398 1518 1576 1590 1608 1616 1664 1669 1684 1905 1967 1990 
38 10 41 55 153 198 351 415 475 744 778 832 833 982 1007 1036 1048 1054 1095 1102 1138 1325 1333 1351 1436 1494 1501 1511 1565 1597 1740 1764 1778 1821 1838 1851 1906 1917 1966 
48 127 221 232 253 361 384 390 498 506 597 600 607 640 678 724 755 774 791 797 831 834 870 885 931 939 972 1031 1109 1127 1173 1274 1325 1344 1369 1428 1444 1457 1462 1686 1691 1692 1746 1794 1853 1878 1890 1899 1910 
38 62 81 119 126 213 218 372 503 540 581 619 643 651 728 823 851 857 899 906 951 1055 1122 1312 1474 1501 1503 1509 1522 1561 1672 1703 1749 1773 1779 1810 1832 1875 1971 
45 86 97 113 247 358 466 489 520 536 668 740 754 863 921 932 987 1043 1081 1087 1099 1106 1122 1164 1167 1196 1246 1265 1322 1338 1442 1450 1554 1609 1612 1618 1627 1745 1828 1876 1877 1888 1927 1959 1965 1972 
39 49 69 208 281 328 376 454 496 524 540 649 709 715 773 790 801 821 825 838 873 894 896 1024 1055 1233 1240 1332 1381 1386 1433 1436 1451 1535 1560 1569 1581 1665 1842 1907 
41 60 102 149 163 215 254 287 292 293 295 399 457 549 594 601 603 789 842 870 872 973 1021 1034 1167 1172 1180 1251 1330 1344 1379 1446 1532 1646 1660 1668 1704 1708 1734 1744 1852 1944 
42 3 41 163 223 240 241 248 305 319 326 439 449 473 558 592 654 703 728 736 770 857 897 914 1056 1078 1239 1241 1321 1387 1395 1419 1429 1462 1641 1647 1778 1811 1916 1930 1946 1982 1996 
43 30 31 76 86 91 108 145 169 193 212 243 283 310 464 550 562 579 637 662 714 853 861 866 911 1038 1100 1131 1136 1208 1228 1244 1319 1381 1408 1475 1569 1588 1644 1679 1724 1746 1856 1885 
49 8 25 44 81 88 129 162 165 200 269 274 622 624 664 665 682 687 723 729 780 810 837 892 893 997 1007 1026 1038 1061 1084 1116 1174 1203 1237 1238 1343 1347 1361 1386 1535 1613 1647 1683 1700 1767 1844 1868 1879 1992 
47 66 101 168 213 235 251 431 434 445 496 529 581 670 718 805 855 910 998 1023 1043 1055 1084 1099 1108 1121 1156 1203 1232 1250 1253 1254 1354 1371 1377 1386 1391 1410 1415 1468 1492 1530 1581 1617 1644 1660 1754 1781 
31 16 42 49 50 78 347 372 491 536 593 595 600 653 831 849 893 910 952 1104 1202 1207 1274 1317 1371 1388 1415 1487 1787 1830 1846 1982 
52 3 29 109 122 176 184 189 242 261 287 301 346 365 423 428 487 497 533 541 556 582 608 624 699 753 772 773 804 880 964 1015 1028 1169 1199 1242 1290 1300 1513 1538 1578 1584 1619 1643 1661 1680 1691 1709 1730 1766 1773 1914 1989 
44 0 5 104 139 146 152 180 181 281 312 349 422 439 539 542 545 641 656 663 669 678 996 1038 1081 1084 1098 1158 1214 1346 1358 1410 1416 1474 1626 1716 1783 1809 1860 1879 1897 1906 1929 1955 1961 
40 0 30 87 152 170 188 236 361 371 414 426 493 521 522 535 546 611 697 738 812 867 914 1002 1156 1233 1268 1306 1326 1375 1431 1447 1449 1464 1557 1618 1694 1811 1851 1891 1903 
36 51 92 106 172 407 441 452 496 529 559 623 664 668 674 679 707 905 907 1118 1132 1165 1202 1205 1282 1421 1480 1485 1499 1532 1616 1718 1742 1845 1881 1927 1941 
50 2 40 46 150 157 188 193 201 202 320 351 429 463 541 548 580 632 670 726 801 922 935 944 962 988 1002 1027 1041 1070 1077 1083 1087 1121 1215 1269 1273 1274 1359 1367 1371 1378 1472 1476 1556 1620 1640 1681 1701 1702 1813 
38 0 59 71 75 78 168 178 185 241 576 702 764 850 933 979 996 1002 1010 1255 1468 1514 1520 1545 1563 1568 1612 1633 1713 1742 1785 1896 1900 1905 1909 1926 1932 1945 1950 
38 130 192 309 325 351 449 456 549 590 619 638 647 836 866 1044 1098 1117 1167 1231 1320 1350 1503 1527 1540 1555 1567 1577 1607 1618 1666 1679 1700 1701 1723 1796 1816 1877 1936 
40 43 47 63 176 265 407 429 493 502 588 661 821 895 901 915 959 970 1003 1079 1086 1101 1102 1119 1127 1198 1217 1305 1319 1413 1566 1597 1605 1674 1721 1749 1765 1773 1798 1827 1862 
35 43 71 89 94 153 206 408 413 477 478 511 602 618 770 783 803 844 999 1132 1179 1205 1236 1315 1327 1348 1367 1390 1634 1680 1681 1731 1744 1864 1962 1968 
28 23 256 262 312 407 419 440 512 557 577 660 719 822 1013 1097 1192 1339 1340 1414 1541 1614 1626 1667 1766 1816 1825 1834 1841 
37 7 79 154 186 204 250 260 359 436 457 481 508 650 693 780 799 877 915 948 959 966 1252 1281 1330 1407 1408 1409 1487 1519 1554 1599 1649 1694 1727 1906 1956 1961 
44 8 19 49 77 108 120 122 210 254 257 371 458 479 577 698 751 790 900 914 948 953 1064 1095 1103 1110 1128 1373 1391 1396 1498 1580 1645 1661 1722 1744 1761 1764 1844 1859 1906 1928 1937 1938 1960 
37 4 125 171 224 248 407 409 410 489 495 650 730 769 802 898 1021 1030 1078 1092 1276 1368 1370 1407 1429 1474 1495 1579 1589 1612 1636 1682 1703 1745 1783 1899 1913 1985 
45 26 36 60 114 153 196 214 379 394 448 463 492 531 636 684 820 910 929 940 1000 1014 1082 1131 1149 1247 1253 1262 1376 1383 1394 1430 1454 1463 1474 1554 1585 1628 1747 1776 1813 1831 1844 1903 1983 1993 
46 43 63 103 144 204 234 305 321 344 475 620 662 690 708 794 855 894 953 973 1077 1106 1107 1149 1151 1234 1262 1282 1384 1402 1410 1502 1509 1596 1605 1644 1646 1668 1674 1682 1792 1802 1810 1815 1879 1931 1969 
34 29 170 302 481 550 639 682 694 756 778 860 1006 1007 1122 1137 1187 1232 1277 1299 1380 1417 1438 1476 1528 1651 1689 1705 1750 1767 1786 1902 1922 1953 1983 
43 102 179 195 203 212 260 370 380 484 485 490 532 545 755 760 761 766 826 848 859 868 907 937 947 971 1061 1097 1112 1123 1141 1168 1261 1273 1277 1352 1438 1643 1852 1898 1901 1909 1966 1984 
38 1 9 12 109 204 245 355 387 395 425 472 531 603 688 689 699 772 779 807 972 1062 1131 1135 1224 1275 1293 1388 1394 1433 1440 1452 1473 1533 1591 1665 1702 1762 1774 
41 20 24 50 65 75 123 130 132 134 185 228 311 315 604 652 667 695 697 770 791 818 889 937 950 970 1021 1136 1159 1200 1218 1276 1296 1388 1667 1692 1735 1781 1826 1850 1869 1965 
40 1 4 365 392 408 476 533 607 609 622 647 661 727 730 913 1082 1087 1117 1126 1165 1214 1218 1295 1303 1317 1437 1452 1489 1492 1531 1597 1615 1637 1661 1684 1693 1699 1732 1760 1867 
40 11 30 47 48 132 135 138 155 195 207 211 392 477 485 495 524 537 713 772 803 859 1047 1054 1110 1140 1154 1252 1281 1319 1323 1348 1367 1372 1397 1492 1511 1545 1562 1660 1966 
40 28 42 116 209 253 284 375 573 605 639 691 707 836 869 957 1001 1022 1140 1160 1183 1190 1251 1294 1304 1344 1401 1407 1409 1416 1432 1472 1492 1580 1603 1611 1637 1721 1726 1778 1951 
39 60 87 208 363 392 482 561 581 586 642 685 880 953 1032 1045 1053 1081 1089 1103 1124 1134 1157 1160 1187 1202 1212 1229 1236 1250 1349 1497 1534 1630 1662 1701 1724 1744 1905 1928 
37 1 41 122 168 323 438 462 465 493 494 648 676 682 735 780 866 955 974 1073 1114 1213 1260 1261 1349 1398 1447 1555 1557 1583 1587 1647 1704 1773 1831 1859 1912 1943 
40 203 207 216 222 240 242 272 300 385 650 771 798 818 833 852 873 909 951 975 1041 1067 1136 1181 1187 1257 1263 1295 1340 1367 1519 1577 1634 1659 1682 1782 1829 1841 1883 1904 1940 
42 59 160 225 229 278 287 290 293 374 460 522 544 675 705 706 737 764 822 847 973 1039 1151 1189 1254 1263 1264 1286 1342 1374 1389 1407 1645 1737 1748 1828 1837 1893 1919 1925 1934 1970 1972 
33 7 111 117 459 523 538 634 762 765 853 938 953 997 1013 1027 1045 1106 1158 1225 1398 1407 1428 1432 1602 1650 1671 1709 1730 1760 1789 1820 1839 1931 
46 65 135 207 212 234 241 244 252 350 379 429 469 527 529 588 758 801 822 831 835 952 958 981 1005 1027 1065 1137 1275 1292 1311 1361 1387 1495 1595 1596 1681 1689 1717 1787 1827 1849 1896 1911 1915 1931 1947 
25 144 347 356 438 494 684 888 908 926 1003 1059 1105 1195 1324 1345 1376 1435 1455 1635 1760 1853 1858 1870 1875 1947 
36 110 167 230 335 464 502 627 641 706 792 887 908 909 959 973 995 1036 1138 1191 1194 1237 1252 1256 1382 1384 1482 1612 1665 1826 1833 1871 1882 1889 1911 1948 1976 
42 2 21 80 146 151 158 230 247 348 376 391 628 664 666 671 729 734 748 797 851 871 874 915 916 979 990 1049 1055 1158 1187 1274 1321 1390 1392 1456 1533 1573 1622 1666 1717 1898 1925 
39 20 90 251 288 316 328 348 519 620 673 688 752 823 834 853 856 865 896 906 937 1058 1131 1134 1152 1233 1276 1434 1582 1605 1609 1656 1681 1687 1707 1817 1856 1899 1941 1981 
39 27 75 150 168 263 291 364 439 451 468 500 634 704 793 840 1015 1154 1213 1263 1318 1321 1406 1425 1462 1482 1504 1514 1577 1612 1613 1642 1677 1721 1795 1814 1826 1861 1883 1920 
39 20 131 144 236 289 310 376 405 512 587 628 646 720 756 848 886 910 917 1019 1039 1046 1344 1378 1389 1409 1428 1442 1463 1533 1534 1554 1697 1722 1740 1754 1826 1878 1952 1957 
45 10 73 118 154 177 246 248 257 303 329 437 484 494 506 525 559 645 655 666 757 773 848 886 999 1014 1135 1178 1197 1293 1411 1422 1428 1530 1551 1585 1586 1596 1612 1627 1685 1718 1738 1802 1902 1971 
40 74 86 121 137 393 409 413 414 418 588 685 731 787 879 885 902 930 940 950 1004 1022 1147 1235 1331 1395 1448 1455 1670 1705 1718 1784 1795 1808 1819 1820 1840 1887 1888 1960 1967 
38 35 131 164 394 421 436 457 580 586 671 712 1062 1094 1116 1118 1222 1228 1336 1349 1356 1370 1387 1471 1484 1549 1595 1620 1635 1669 1684 1686 1731 1747 1750 1890 1905 1921 1937 
36 16 161 250 407 408 416 442 505 582 644 831 847 931 955 965 1064 1284 1294 1308 1322 1379 1385 1434 1512 1517 1540 1559 1597 1702 1704 1767 1780 1802 1898 1925 1942 
39 26 74 100 209 320 395 398 509 536 560 605 615 656 684 929 974 1062 1078 1091 1114 1153 1200 1243 1265 1355 1374 1458 1571 1580 1623 1672 1699 1708 1713 1745 1849 1857 1900 1926 
39 28 41 128 188 190 194 307 400 551 588 594 623 645 701 727 732 751 752 875 919 927 1086 1092 1147 1228 1243 1254 1264 1296 1419 1466 1474 1578 1648 1664 1669 1750 1773 1795 
43 82 93 129 189 209 242 275 282 355 435 483 589 628 641 689 868 885 908 928 1111 1122 1155 1296 1301 1326 1378 1400 1417 1453 1515 1532 1539 1662 1760 1794 1803 1812 1847 1849 1864 1964 1975 1988 
48 42 109 123 189 205 329 332 474 504 520 559 641 651 665 669 674 724 732 756 775 776 798 809 901 906 989 1011 1023 1051 1153 1178 1203 1207 1235 1344 1440 1459 1501 1590 1704 1706 1737 1751 1825 1849 1870 1900 1944 
38 12 49 51 72 196 198 233 238 277 459 544 712 729 756 799 806 1080 1115 1222 1285 1287 1534 1557 1600 1610 1628 1638 1702 1735 1741 1749 1752 1763 1823 1831 1903 1916 1960 
33 56 77 270 277 322 390 559 585 597 795 813 830 833 907 912 924 928 1022 1066 1085 1242 1282 1301 1405 1483 1524 1584 1669 1786 1867 1878 1924 1928 
43 23 40 42 125 146 323 376 417 555 572 642 664 686 730 819 905 958 973 1111 1120 1140 1165 1186 1356 1420 1466 1508 1515 1588 1647 1655 1681 1690 1762 1769 1838 1934 1938 1939 1941 1950 1981 1983 
36 87 170 207 234 252 311 324 343 350 398 467 473 508 584 688 705 755 933 971 1009 1053 1188 1310 1317 1318 1322 1456 1535 1559 1619 1645 1673 1796 1814 1944 1984 
32 81 208 303 304 327 635 639 777 821 926 981 1012 1103 1115 1296 1352 1470 1496 1533 1552 1559 1579 1581 1640 1644 1647 1754 1761 1806 1908 1925 1928 
41 27 91 112 141 155 174 210 233 242 272 291 478 495 534 674 874 894 900 905 982 1075 1115 1192 1289 1294 1317 1343 1412 1424 1429 1461 1475 1635 1639 1657 1666 1686 1728 1741 1770 1910 
36 19 61 146 169 191 250 294 302 304 488 532 552 665 689 735 759 869 891 977 985 1027 1050 1147 1322 1354 1437 1493 1556 1596 1636 1715 1793 1794 1810 1827 1882 
32 40 134 155 186 212 247 248 291 301 390 399 409 458 582 644 691 748 756 947 970 1055 1097 1126 1221 1246 1312 1402 1418 1450 1830 1938 1942 
34 20 45 48 75 120 121 123 182 225 326 375 433 474 607 618 739 744 778 866 875 886 888 916 1023 1048 1077 1260 1318 1373 1412 1572 1578 1957 1989 
44 44 87 104 124 210 335 340 433 453 471 492 498 591 614 623 746 800 896 943 997 1028 1078 1094 1118 1139 1321 1363 1391 1418 1432 1435 1456 1486 1564 1565 1600 1616 1651 1656 1667 1775 1821 1934 1939 
43 3 54 66 68 79 191 425 444 455 466 488 499 507 601 619 688 832 849 862 931 942 984 1002 1053 1067 1081 1148 1195 1353 1386 1431 1459 1465 1503 1583 1614 1643 1788 1797 1814 1818 1851 1946 
31 290 350 408 483 504 621 648 668 744 765 810 876 935 980 996 1071 1131 1204 1224 1425 1428 1430 1472 1492 1525 1626 1777 1884 1903 1947 1959 
35 32 79 117 122 169 200 233 247 279 329 503 847 858 888 927 949 1058 1167 1173 1176 1226 1229 1240 1328 1345 1369 1475 1485 1577 1683 1784 1835 1886 1899 1964 
36 37 240 262 347 474 481 505 567 611 665 734 771 786 788 858 869 942 964 1025 1107 1236 1251 1257 1394 1469 1473 1481 1500 1680 1686 1854 1877 1904 1920 1944 1974 
42 141 175 189 246 332 353 367 389 395 460 477 562 580 615 726 741 826 915 922 923 980 1004 1023 1049 1199 1415 1430 1510 1548 1604 1614 1631 1660 1664 1702 1787 1845 1881 1904 1911 1937 1958 
48 14 68 78 112 133 146 166 183 212 274 304 320 348 352 395 428 473 543 651 667 689 797 869 920 984 1054 1088 1129 1148 1149 1164 1170 1221 1223 1245 1390 1545 1557 1588 1621 1666 1701 1752 1760 1810 1875 1930 1955 
53 3 14 61 79 129 194 240 284 346 393 396 400 428 434 531 563 567 732 734 771 793 795 839 850 943 970 971 1016 1033 1057 1072 1166 1193 1210 1221 1254 1255 1343 1366 1420 1447 1456 1531 1577 1675 1679 1721 1779 1790 1800 1877 1898 1927 
43 5 25 144 151 157 205 224 288 339 388 391 447 474 521 584 600 621 705 733 815 866 918 947 996 1029 1033 1066 1166 1187 1196 1252 1272 1351 1515 1563 1679 1681 1692 1774 1900 1907 1930 1991 
49 0 22 41 76 169 177 231 292 310 430 446 458 561 572 626 686 698 705 716 780 817 866 873 920 936 969 971 972 1044 1166 1211 1233 1234 1352 1353 1367 1394 1424 1440 1594 1649 1717 1718 1761 1779 1818 1846 1919 1981 
55 11 12 18 81 94 195 207 242 261 312 336 409 461 487 503 510 603 620 683 691 738 743 786 800 820 826 864 906 935 1002 1031 1056 1203 1211 1212 1472 1477 1493 1494 1499 1536 1562 1578 1583 1696 1775 1790 1833 1845 1855 1875 1891 1916 1949 1985 
43 4 76 94 131 205 327 378 429 456 478 526 547 595 603 665 770 811 825 831 954 970 991 994 1020 1147 1187 1262 1321 1374 1480 1554 1598 1654 1668 1669 1707 1717 1825 1848 1853 1909 1919 1924 
46 22 97 121 169 190 243 397 431 475 501 507 532 555 583 599 684 711 760 770 793 837 876 892 914 929 939 957 1037 1083 1115 1159 1198 1213 1223 1230 1231 1323 1376 1458 1481 1564 1639 1681 1695 1717 1910 
38 21 103 105 121 136 173 269 309 320 357 411 432 536 539 548 560 563 579 643 726 751 787 816 996 1020 1040 1098 1152 1215 1258 1289 1334 1375 1486 1665 1732 1846 1891 
46 22 83 204 244 307 354 389 400 494 522 608 727 846 851 874 932 958 970 975 992 1048 1054 1057 1077 1085 1109 1139 1146 1160 1221 1225 1299 1343 1407 1434 1449 1517 1556 1561 1658 1663 1670 1673 1710 1799 1949 
40 34 108 170 243 263 348 366 461 480 481 591 596 606 622 667 673 722 745 753 809 854 1099 1238 1290 1359 1364 1366 1393 1439 1494 1519 1521 1591 1600 1683 1710 1875 1877 1884 1937 
41 0 61 88 100 151 168 171 262 268 322 333 401 499 516 626 736 747 792 903 941 951 1006 1033 1151 1172 1201 1233 1302 1322 1349 1354 1392 1532 1698 1711 1720 1752 1780 1835 1908 1983 
34 80 372 435 437 577 682 718 736 784 785 799 800 820 906 960 973 994 1007 1061 1068 1113 1135 1149 1301 1310 1320 1410 1419 1730 1842 1860 1903 1913 1961 
31 45 287 335 355 359 373 448 665 775 827 985 1010 1060 1065 1165 1174 1188 1255 1268 1284 1299 1352 1482 1624 1679 1683 1690 1762 1765 1953 1957 
34 125 159 215 289 386 392 407 570 606 706 743 821 836 850 872 905 936 983 1022 1059 1138 1214 1242 1318 1334 1344 1368 1629 1643 1680 1725 1766 1775 1786 
42 20 66 145 147 168 245 263 334 475 504 529 646 715 808 867 906 950 996 1009 1098 1116 1157 1206 1211 1274 1284 1310 1348 1353 1354 1441 1448 1483 1510 1536 1693 1696 1723 1819 1882 1960 1972 
33 2 37 57 63 95 229 356 493 554 579 584 604 612 739 781 861 956 1068 1148 1238 1348 1399 1469 1486 1508 1595 1617 1622 1795 1800 1820 1930 1940 
49 43 87 134 173 194 273 290 537 542 566 601 620 623 731 762 777 782 801 814 826 843 907 1024 1082 1094 1165 1187 1193 1209 1233 1245 1253 1274 1423 1428 1471 1588 1615 1617 1629 1631 1736 1775 1776 1789 1813 1894 1955 1963 
39 78 82 105 174 181 191 243 371 375 382 431 468 476 486 528 542 587 603 621 727 772 797 809 980 992 998 1048 1147 1167 1472 1473 1498 1500 1633 1720 1729 1779 1866 1878 
42 92 144 178 184 228 487 561 598 636 653 678 701 723 739 761 777 847 886 958 961 1195 1234 1237 1258 1285 1293 1312 1325 1435 1498 1532 1539 1555 1567 1577 1631 1639 1775 1857 1877 1903 1993 
37 15 44 78 86 191 295 440 617 719 802 808 857 909 927 934 952 968 999 1052 1115 1131 1174 1264 1273 1295 1392 1441 1653 1710 1734 1743 1755 1776 1798 1850 1870 1880 
40 70 124 127 133 147 189 220 306 337 379 393 430 456 470 545 610 649 690 743 815 820 849 875 961 1003 1022 1025 1153 1205 1227 1232 1308 1367 1482 1559 1612 1706 1843 1876 1937 
42 23 29 171 222 274 331 349 459 482 523 565 602 638 671 706 717 751 781 824 887 955 956 985 1082 1150 1178 1190 1191 1267 1293 1386 1411 1449 1455 1457 1502 1731 1797 1826 1848 1902 1958 
47 1 21 77 79 193 194 221 230 272 324 331 337 373 455 456 461 480 503 514 543 849 919 1026 1095 1112 1114 1215 1235 1266 1285 1348 1369 1390 1409 1502 1506 1554 1577 1580 1584 1598 1651 1663 1694 1719 1831 1957 
50 10 13 60 105 107 150 184 199 260 338 370 391 408 460 474 564 568 601 643 657 683 749 870 909 925 936 989 1016 1183 1196 1207 1234 1279 1291 1347 1368 1501 1507 1541 1585 1662 1666 1733 1827 1861 1901 1904 1908 1932 1961 
39 22 24 67 105 211 381 569 570 675 693 755 803 810 888 892 895 933 1003 1065 1080 1081 1101 1114 1115 1166 1169 1281 1295 1307 1369 1478 1533 1583 1619 1817 1874 1881 1949 1961 
42 20 92 107 204 296 353 364 389 454 473 499 537 572 606 645 711 715 761 779 822 834 848 873 998 1011 1012 1051 1119 1145 1202 1373 1414 1443 1558 1582 1730 1781 1850 1876 1878 1948 1970 
43 64 77 206 217 251 266 313 314 360 380 410 430 456 538 575 619 666 687 699 799 871 945 953 1002 1042 1133 1150 1279 1408 1453 1461 1504 1562 1587 1626 1685 1699 1737 1836 1894 1902 1910 1982 
37 0 3 75 76 214 227 262 274 283 307 377 408 420 559 560 751 855 887 900 934 981 1005 1017 1049 1096 1129 1157 1699 1703 1764 1809 1825 1875 1958 1968 1981 1989 
41 40 78 104 149 240 277 323 378 392 393 459 485 507 520 644 657 768 776 812 855 885 931 1008 1101 1131 1191 1302 1347 1465 1478 1510 1577 1632 1707 1720 1738 1742 1808 1810 1881 1936 
33 1 25 69 78 267 370 412 440 581 713 751 766 832 835 868 902 930 947 1059 1155 1219 1350 1598 1601 1617 1684 1692 1726 1816 1840 1926 1933 1941 
47 11 58 115 126 145 148 208 229 295 346 413 484 486 526 596 633 710 760 777 786 859 885 912 956 1010 1090 1103 1139 1236 1252 1273 1275 1362 1420 1451 1452 1453 1525 1558 1652 1680 1685 1740 1753 1755 1809 1898 
39 68 116 145 235 325 352 455 501 504 521 541 668 685 752 948 1040 1063 1099 1193 1206 1212 1226 1280 1287 1343 1355 1438 1477 1587 1607 1661 1733 1774 1809 1900 1945 1985 1991 1994 
48 39 40 61 90 204 240 430 448 646 682 706 747 771 976 984 1079 1164 1169 1189 1234 1253 1255 1260 1283 1297 1324 1326 1386 1387 1445 1474 1488 1509 1524 1546 1568 1629 1682 1734 1753 1760 1773 1785 1851 1886 1915 1962 1984 
40 19 43 51 143 187 273 288 297 328 382 408 420 441 664 675 683 726 834 911 934 1005 1063 1084 1107 1113 1186 1281 1305 1397 1413 1433 1508 1564 1794 1859 1879 1900 1906 1925 1933 
39 62 77 89 285 328 419 428 499 522 524 577 608 644 707 752 813 851 1042 1121 1161 1261 1324 1328 1332 1422 1590 1595 1619 1626 1654 1660 1671 1678 1688 1777 1806 1851 1884 1951 
39 99 143 189 199 233 237 301 428 726 742 754 805 807 821 891 961 1001 1034 1077 1120 1128 1138 1239 1270 1357 1452 1453 1592 1596 1633 1688 1712 1736 1749 1782 1798 1813 1902 1956 
