200 2000
300 782
337 488
700 1160
260 602
484 648
31 149
63 140
295 1290
85 645
505 1438
70 971
649 856
382 1365
115 636
917 1904
373 626
25 132
421 605
564 1415
664 1215
851 1095
508 1063
296 687
267 1201
119 675
908 1799
67 73
732 1048
733 1163
754 1210
308 847
362 823
282 1195
869 1810
458 822
308 1001
67 415
709 1677
269 366
716 1153
420 971
932 1531
225 1040
685 1354
784 1185
153 270
641 1473
122 768
524 1264
425 1278
606 1044
470 593
24 310
863 1513
44 882
427 1259
460 1120
971 1684
174 959
263 946
829 1032
292 1274
679 1570
574 1357
262 742
818 1811
217 742
487 1373
276 372
905 1139
982 1215
262 834
492 677
847 964
882 1296
364 1286
162 488
804 1156
706 1573
82 511
699 790
133 652
108 968
744 1586
382 478
964 1127
371 1259
308 1145
854 1295
382 927
671 733
524 827
681 1293
472 1083
624 893
686 1636
435 531
610 1303
877 1483
263 427
675 999
808 1749
348 1243
467 654
468 902
626 829
498 1324
83 907
82 681
993 1586
497 1337
298 359
143 755
204 630
122 1006
334 1119
418 586
238 1171
156 245
660 1272
557 623
737 875
489 495
278 1239
5 141
835 1149
54 866
428 509
55 357
845 1438
592 1435
125 858
806 1761
231 1073
966 1014
229 740
627 1322
255 625
795 1628
138 270
746 1349
460 506
643 731
707 1220
376 919
715 811
358 534
603 1099
778 1453
439 1263
118 163
668 713
672 1646
653 924
153 411
403 616
295 516
318 1085
831 881
961 1860
407 583
301 975
983 1457
98 583
168 632
632 1336
500 1484
91 440
337 653
51 870
148 896
1 749
718 1461
115 982
33 886
395 675
429 1121
413 713
292 1258
483 642
630 908
120 132
409 749
198 506
982 1084
892 1074
878 1583
782 1335
529 1338
184 1108
486 589
849 954
970 1853
933 1635
103 198
656 818
977 1507
393 1182
345 1322
333 666
781 1690
994 1643
500 1353
477 528
955 1128
536 1186
800 1565
310 922
833 1125
710 1572
147 1015
601 1119
146 223
343 1204
966 1269
910 1484
768 983
328 755
768 1093
219 1013
740 741
286 826
344 1036
154 422
312 682
130 674
703 1132
660 714
257 1014
836 865
288 1249
51 847
232 444
436 669
99 941
646 1065
352 1206
216 745
846 1168
523 1297
111 640
827 827
366 808
926 1059
598 1520
145 392
258 515
410 967
621 1453
654 1121
227 929
640 1300
269 596
163 1123
320 525
939 949
531 1131
43 459
294 887
321 668
993 1570
798 1158
138 378
209 1065
273 492
545 1178
448 1113
999 1035
100 228
878 1069
171 933
881 1224
386 1160
998 1059
210 516
24 436
691 1003
955 1571
124 344
891 1413
81 367
193 824
37 670
12 454
892 1864
164 567
252 332
970 1219
662 972
743 1659
387 1234
935 1011
342 809
327 700
979 1575
565 641
660 1640
109 598
607 844
307 1027
136 1125
774 1479
687 737
72 739
594 1266
804 1063
94 756
572 914
726 1560
355 1334
298 479
826 1295
554 664
144 776
167 1030
66 464
999 1713
167 414
319 1038
640 790
928 1444
775 1445
844 1638
856 1079
124 378
821 1535
442 650
905 1564
214 1128
626 628
887 1024
505 802
131 1085
544 958
24 834
664 904
655 1475
170 441
136 735
829 1037
935 1381
698 723
700 1267
308 378
112 615
361 581
92 722
336 1068
944 1371
217 517
685 831
325 456
174 859
190 1075
761 1606
402 1209
731 865
448 1260
962 1916
264 361
628 933
760 1737
894 1067
241 539
420 1088
638 686
528 1367
535 1153
31 766
186 1122
329 779
381 866
966 1318
558 755
359 1073
615 1010
746 1293
23 507
904 1889
652 1011
50 614
605 1378
727 1060
392 1073
581 795
266 858
889 957
226 396
82 219
428 672
230 542
343 444
46 95
210 607
338 836
569 811
501 843
390 1002
187 301
882 1486
329 774
845 1539
481 680
783 1002
404 922
527 564
946 1648
524 1175
797 1303
780 1427
950 1726
489 1359
643 1331
329 516
51 697
738 946
185 195
549 1296
783 1738
587 653
351 1135
317 704
861 1742
869 1568
580 1400
630 1288
671 896
686 920
191 850
967 999
885 1074
984 1267
331 577
372 577
704 1213
920 1157
842 1211
798 846
160 926
784 1343
524 721
442 746
450 798
798 1018
627 1349
0 86
306 454
803 1629
914 1740
51 587
549 1312
394 987
714 1500
914 1096
414 717
548 867
879 1116
70 806
427 1259
160 824
139 629
148 660
878 885
461 676
181 244
599 617
188 854
26 117
885 1508
630 1210
964 1577
467 1261
725 1511
689 1216
887 1339
778 889
665 722
768 958
32 62
115 756
449 1266
82 753
57 368
205 1084
80 585
881 1588
793 1687
516 848
267 827
305 1295
530 590
454 602
2 413
382 533
836 1383
43 617
313 1097
945 1336
188 671
897 979
221 592
516 925
917 1840
288 967
227 987
321 1293
142 967
680 1110
638 1280
214 255
297 926
166 977
207 641
855 1784
83 782
345 352
931 1580
855 1055
758 1178
698 1636
971 1246
751 899
901 1153
1000 1413
272 1136
973 1289
176 307
967 1025
797 1318
254 799
646 967
112 360
458 862
622 970
547 569
644 886
407 1271
786 1275
877 1474
578 1183
374 1119
363 450
210 233
259 508
951 1452
229 609
858 1150
31 413
338 797
761 1290
599 746
611 1145
550 1404
5 616
409 1052
268 488
684 1596
373 1149
176 836
888 1545
533 992
978 1851
370 1366
714 1320
24 151
233 679
865 1268
832 1268
902 1459
926 1073
685 715
413 456
622 1245
515 1251
872 1293
323 386
213 534
608 1206
893 1293
288 1165
677 707
623 1162
32 940
907 1141
36 348
83 757
773 1044
106 483
823 1645
216 671
881 1540
468 855
907 1307
182 862
159 587
825 1760
871 1681
71 181
273 313
711 1020
428 1322
114 942
738 1118
265 521
183 703
289 985
136 1056
659 1288
709 1022
775 1583
939 991
297 556
527 829
819 1582
99 834
977 1493
868 1727
285 826
407 608
137 365
593 1286
723 839
244 266
712 1528
468 905
450 606
671 721
59 1028
202 808
958 1484
449 1319
181 1074
804 1090
756 1410
336 962
756 857
42 1021
731 1497
563 1022
672 1492
279 803
3 94
628 1135
94 382
864 1805
624 770
359 384
306 590
62 427
377 714
917 1229
474 1137
701 945
125 997
143 329
916 1913
375 1333
414 1085
238 284
897 1155
541 724
863 980
926 1483
731 1344
92 202
588 753
845 1668
762 1629
91 184
199 1156
155 514
451 1396
53 1049
953 1262
184 243
410 1069
8 545
582 1509
640 1000
946 1180
18 97
116 752
407 900
644 916
893 1104
513 1047
395 1353
25 514
70 635
527 1160
800 1535
324 594
142 649
248 852
395 594
434 780
51 381
116 759
905 1182
418 757
827 1339
989 1563
221 955
336 801
433 1015
835 1338
511 1150
223 528
125 635
172 858
555 940
976 1333
403 506
325 711
936 1128
442 1238
893 1411
258 1235
803 1172
314 509
621 674
344 512
507 1262
844 1023
310 757
64 431
55 343
77 626
803 1598
961 1180
464 707
539 1149
349 426
870 1002
950 1604
267 1115
279 588
684 735
281 470
521 786
737 1170
249 361
107 772
844 1187
663 786
637 1175
920 1704
993 1598
686 777
166 848
485 1272
441 714
346 744
77 587
897 1646
800 1371
629 1271
232 1057
590 1002
177 851
302 1004
976 1457
428 759
769 1426
287 820
199 989
444 1001
133 639
710 1230
948 1663
895 913
197 683
20 313
914 1604
550 1096
723 781
261 1078
490 1024
123 858
612 999
611 1504
916 988
282 1131
158 905
131 983
360 1312
713 1524
391 786
967 1363
392 990
691 963
796 843
407 749
884 1190
612 915
908 1717
706 1447
284 761
99 587
158 309
599 1322
495 720
194 986
302 1243
830 884
283 347
189 694
759 1252
850 1482
613 1542
241 673
759 1510
670 950
696 1174
396 614
853 1306
723 1323
928 1456
793 1563
922 1609
727 1560
704 1082
119 424
40 142
588 1395
883 1801
818 1746
954 1928
823 1796
651 1404
82 364
685 1242
14 769
594 1333
807 1408
711 1459
111 974
23 858
594 1405
443 663
199 926
474 855
571 1523
719 1422
571 640
490 783
136 645
33 859
486 992
12 492
201 301
293 527
779 789
155 387
453 942
790 1002
450 977
826 1305
380 1060
786 1295
760 1518
579 969
328 1289
768 1395
486 641
74 346
929 958
239 1108
22 201
669 1569
855 1737
916 1813
261 1189
795 796
66 584
650 689
871 1129
776 1301
75 376
193 829
190 935
517 980
4 540
772 1328
876 1067
834 1017
586 1092
986 1545
55 683
216 543
68 781
700 1149
374 1061
750 1026
551 805
430 691
330 1282
832 991
867 1153
316 1170
467 969
440 986
685 833
543 659
585 1230
590 1093
385 1239
432 1068
690 1185
394 1301
11 204
137 857
723 1716
35 88
283 595
518 1174
495 1090
137 403
247 1188
372 393
497 598
401 819
913 1285
621 1509
285 828
810 1691
891 1528
737 913
219 1170
739 1562
294 464
466 685
227 652
684 1133
179 270
24 163
992 1011
838 1576
240 518
566 1497
836 1284
226 389
470 831
862 1336
615 649
885 1147
315 535
456 1155
193 921
383 925
538 1420
289 1160
265 1032
685 924
55 177
471 863
382 774
257 1045
543 1315
484 827
26 598
585 700
450 699
447 1371
281 877
277 812
855 1240
507 937
292 477
909 1328
210 1178
705 1272
718 1471
28 722
342 667
509 570
336 506
667 987
585 1021
83 154
388 565
933 1722
233 684
611 1192
711 1570
629 1437
333 515
560 780
458 835
492 1417
729 972
787 1337
27 560
327 811
806 1725
785 1775
399 771
723 1375
366 878
305 680
219 730
513 634
822 860
795 884
43 653
748 1367
497 537
976 1782
2 835
302 643
300 381
875 1111
79 340
487 719
815 1327
108 457
202 1135
156 284
831 1726
564 1158
718 1338
210 1079
873 1611
759 1484
488 744
859 1789
178 1129
799 1472
779 1091
824 1044
447 853
590 1148
841 987
328 903
363 384
730 1437
374 1123
456 1004
511 675
672 841
215 282
81 806
743 1190
912 1569
864 1624
774 1561
333 1018
919 947
488 1368
547 1343
437 1396
183 1047
344 739
818 1278
376 688
114 225
346 484
426 1012
658 1473
233 992
862 1749
565 1006
470 1378
982 1523
178 457
265 455
149 653
225 723
976 1372
594 1477
774 1740
123 262
160 1056
683 1513
93 941
546 567
191 799
915 1163
123 603
398 672
686 1084
18 55
526 1450
770 1437
753 1566
340 626
239 567
81 442
799 1184
995 1677
483 746
309 944
19 691
411 1089
278 864
955 1661
196 232
948 1846
570 969
181 859
481 1174
174 985
106 1061
410 876
68 922
61 307
483 1341
727 888
683 1209
223 986
774 1308
582 976
66 519
353 637
674 1364
807 1386
43 260
280 830
225 1126
629 1352
237 534
639 726
521 1389
249 1103
126 535
351 1170
531 846
61 553
511 1174
345 880
994 1739
718 1318
256 1177
301 624
851 1527
230 281
39 184
265 1019
926 991
672 1201
522 1310
632 1423
681 816
125 1125
928 1879
980 1485
90 1008
515 1350
347 635
190 1141
923 1106
235 746
497 544
536 816
779 1180
485 700
204 837
531 789
520 903
137 605
116 536
815 1070
407 699
366 1217
16 1013
754 1540
593 1501
825 1094
720 1402
822 1006
301 320
984 1150
295 329
404 827
181 994
94 831
701 1262
822 1208
771 1533
410 596
25 779
857 1042
399 907
39 949
177 682
8 310
730 1389
698 1406
334 1095
377 1207
790 981
114 893
717 1300
621 1010
330 613
272 376
215 717
840 959
806 1602
104 593
602 1147
257 439
606 1579
655 1016
283 620
25 658
615 865
290 1248
234 789
606 1148
816 1402
375 794
308 535
847 974
915 1102
224 371
711 1161
114 396
595 892
600 770
901 1215
594 1300
238 682
855 1309
541 661
7 306
632 1030
834 1626
866 977
804 1118
691 1470
992 1951
150 318
180 433
20 775
937 1670
684 1085
209 966
335 795
896 1608
422 458
457 1236
779 1418
54 954
896 1718
292 605
107 221
255 914
266 350
864 1327
406 606
264 529
754 1585
125 980
445 687
966 1794
955 1366
688 751
223 846
773 1674
886 1077
664 904
209 567
757 777
15 853
340 1324
128 407
284 922
16 416
649 1641
705 1412
819 1209
165 262
301 388
748 1239
742 1237
618 1563
776 1325
932 1543
864 1735
538 836
425 1121
147 367
718 1481
1 150
220 408
672 1566
556 789
144 475
773 1176
977 1071
994 1284
939 1848
519 807
260 644
262 1225
712 1020
680 1301
928 1921
235 882
682 1620
440 1268
173 1038
489 620
820 1029
988 1760
739 1683
123 727
744 824
153 737
616 1219
378 593
726 1076
651 1506
364 512
764 1567
70 742
766 1069
362 431
891 1785
812 1416
334 1073
464 924
310 1081
958 1509
598 1550
579 1250
885 1414
665 1603
364 1104
382 794
681 1074
200 795
840 1560
713 1296
484 1413
960 1451
946 1163
829 1293
946 1410
664 1108
887 1817
615 662
365 785
95 227
30 93
726 1675
874 1830
702 1550
973 1434
682 1168
911 1820
634 949
142 738
619 1277
449 829
844 1788
523 876
429 1055
162 301
927 1328
126 846
500 1315
307 1277
221 1167
539 1394
686 1370
884 997
113 365
995 1453
259 619
475 502
723 861
886 1569
579 1278
565 716
197 534
857 1201
538 1344
782 794
408 582
561 1115
563 1055
360 1144
439 1426
443 520
519 1022
504 679
218 721
569 732
99 432
922 1834
738 1082
367 1009
906 975
964 1559
510 720
23 791
934 1015
919 1352
387 1017
416 846
93 382
86 672
694 863
975 1685
782 1766
538 752
169 231
682 1243
228 807
888 1008
693 1015
542 724
555 961
181 906
428 1284
173 177
819 1665
371 1190
339 1317
216 1120
616 1324
821 1789
36 287
115 329
786 1213
35 71
255 935
209 607
396 647
311 1299
475 956
968 1146
408 1159
208 651
600 1337
339 989
594 1351
964 1570
503 1250
701 1606
266 1065
583 1579
980 1642
313 1292
923 1471
335 477
42 851
532 652
548 1153
764 947
353 973
131 574
11 386
450 1006
802 1729
527 1189
225 797
790 1412
427 1328
627 1268
444 1071
437 622
569 1078
566 1129
666 1168
471 1020
301 640
883 1763
355 554
432 1355
959 971
361 1267
768 966
301 879
304 1026
558 630
751 1593
846 1284
636 857
253 585
317 405
303 624
535 1081
12 516
20 994
874 1448
393 1217
114 150
61 1009
187 1143
157 293
508 1402
874 1802
329 1279
609 1042
256 535
495 507
449 569
216 767
214 362
17 705
920 1230
188 1170
95 631
341 608
276 657
581 1558
889 1357
198 1102
868 1247
229 712
555 698
321 1159
971 1820
980 1584
839 1179
165 389
476 1103
894 1033
65 375
508 1496
844 1287
153 1113
974 1153
252 682
214 886
531 1511
246 765
622 1604
188 1181
888 1635
832 1011
568 1243
100 837
247 557
955 1065
205 1188
570 1295
653 1286
896 1698
63 447
319 1181
572 701
254 995
186 556
618 1560
715 1302
309 1043
813 1294
519 931
955 1909
23 994
32 661
51 375
447 1031
522 1209
510 653
934 1307
274 891
757 1735
534 1110
131 473
56 505
137 475
317 611
54 608
507 943
380 912
713 983
157 385
552 1539
444 623
716 1649
795 1135
204 943
123 336
595 920
552 639
749 1261
644 1415
467 807
195 975
681 1634
867 1361
759 1305
830 1042
594 732
66 786
335 1143
98 161
671 876
981 1436
605 753
983 1218
183 916
143 408
39 667
999 1211
938 1913
324 1275
832 1423
285 425
30 139
550 983
915 1127
830 1781
108 897
798 1790
867 1455
287 666
469 823
147 187
596 1260
910 1149
806 1647
220 336
446 1339
171 897
343 954
901 1892
36 152
487 1440
307 1023
723 1145
467 716
431 830
682 1539
242 814
176 247
32 691
626 834
233 992
401 552
291 989
348 542
59 937
961 1770
168 228
363 489
691 776
791 1469
934 1526
220 706
553 762
177 1139
355 511
570 1306
105 386
264 583
671 1007
747 1713
332 804
512 1484
885 1596
742 924
785 1219
438 486
774 1015
593 612
131 484
116 808
200 1178
290 856
611 1091
587 1505
105 1059
897 1211
376 894
381 579
207 1133
599 677
51 819
218 793
974 1086
391 1175
734 1178
827 1208
383 1000
394 1140
468 941
473 565
872 1322
952 1882
907 1244
350 906
515 1157
448 715
638 1204
981 1520
131 946
566 599
144 641
502 751
924 1475
648 1596
583 1522
543 1301
235 858
301 1103
63 239
335 938
567 803
772 1669
504 754
415 877
529 916
218 253
996 1894
140 266
686 1324
383 763
688 1489
909 1106
195 618
223 910
888 1307
505 1214
789 986
977 1211
79 501
196 1188
613 1411
751 1553
315 640
92 487
961 1001
502 606
23 423
37 80
783 902
733 1405
798 1785
222 472
787 796
449 874
714 1644
889 1702
51 231
951 1602
88 558
881 1169
602 1260
94 672
583 1194
833 1170
32 996
733 1107
302 1184
433 1401
853 1449
550 1381
999 1484
260 931
638 1328
245 1055
462 1011
358 581
505 988
566 1334
374 804
944 1548
63 442
78 801
563 1481
483 1459
119 761
212 800
126 488
927 1582
253 739
920 1362
180 325
819 872
799 1402
668 1088
40 865
714 1682
220 449
780 1126
923 1877
539 1048
11 610
367 634
19 552
445 1075
103 173
125 791
586 1441
896 1726
996 1476
673 777
255 266
811 1052
146 709
129 368
565 1023
230 293
258 1039
459 461
131 525
528 1415
146 873
509 622
854 1574
30 572
214 344
415 904
447 1051
49 462
410 1280
733 1251
724 1322
114 792
99 314
791 943
63 1002
0 270
119 958
690 767
413 1366
478 912
445 1444
23 128
618 1179
806 1196
292 305
504 1187
523 831
864 1122
84 597
299 754
162 790
326 1176
363 930
141 1057
640 993
171 499
594 1026
225 877
821 1374
444 453
338 946
89 817
391 1245
123 899
637 1527
532 633
47 407
403 1002
250 281
176 1165
147 513
95 372
374 864
465 504
153 711
118 663
680 1127
748 1289
226 425
946 1108
948 1419
390 659
337 1000
227 1196
217 1027
312 589
520 903
66 750
965 1078
877 1809
737 892
637 1013
272 1118
788 1671
916 1149
809 1372
880 1165
332 1025
388 583
803 1546
728 1725
112 295
664 714
540 621
196 323
142 561
298 1103
822 1805
498 1425
201 535
793 1313
599 805
95 709
572 934
495 917
512 738
30 71
763 802
46 80
613 684
543 738
936 976
139 784
341 539
209 1057
627 1191
232 819
537 708
764 820
236 984
944 993
330 1052
776 1210
610 885
85 785
942 1050
236 244
519 967
421 944
783 807
1000 1224
163 1058
170 891
96 982
409 1272
558 878
623 1246
50 1024
204 921
267 1109
24 944
919 1709
130 605
196 311
78 623
681 1242
503 802
312 1195
174 757
58 267
181 746
844 1555
314 737
579 1438
582 788
137 966
717 769
954 1078
934 1850
511 1018
258 409
246 522
41 142
853 1778
468 1269
21 822
972 1559
542 646
546 1232
781 1664
280 1168
216 725
81 478
261 640
582 594
39 664
503 1218
316 894
152 915
940 1498
274 1236
813 1298
66 403
962 1256
946 1370
509 749
590 978
909 1508
603 1031
582 800
715 1253
835 1600
633 1469
294 710
101 577
838 1140
521 1391
311 860
609 1235
854 1245
855 1737
311 362
667 758
807 1671
32 424
1000 1879
521 980
37 41 104 127 161 238 251 269 328 376 406 438 597 642 735 754 882 1013 1105 1136 1165 1177 1178 1200 1283 1294 1296 1352 1421 1425 1436 1541 1556 1651 1653 1712 1774 1825 
45 14 253 336 362 393 407 439 443 462 645 720 735 788 813 840 845 927 961 968 997 1006 1090 1295 1342 1350 1447 1452 1515 1625 1637 1664 1692 1699 1705 1735 1750 1752 1794 1816 1826 1838 1844 1846 1858 1969 
29 29 116 260 301 351 488 586 612 640 797 825 836 980 984 1091 1172 1177 1187 1204 1335 1524 1542 1690 1695 1732 1842 1875 1910 1951 
39 4 13 36 155 162 350 389 485 529 656 716 812 832 880 899 930 951 954 962 1164 1277 1279 1287 1322 1333 1334 1389 1409 1421 1474 1508 1603 1616 1658 1678 1685 1915 1927 1931 
43 90 110 146 156 170 175 221 420 476 495 536 552 554 599 614 655 673 711 717 758 767 791 803 914 946 980 993 1216 1231 1270 1355 1445 1485 1505 1557 1584 1589 1644 1694 1701 1749 1917 1923 
48 59 83 124 130 151 167 174 206 330 474 561 587 594 691 699 716 771 839 884 949 951 967 979 1007 1052 1132 1164 1193 1207 1253 1317 1344 1363 1376 1400 1423 1490 1562 1584 1599 1606 1677 1731 1823 1824 1892 1929 1962 
49 106 139 164 167 202 219 356 405 415 447 452 507 575 578 646 660 689 742 884 905 945 946 1157 1171 1176 1210 1211 1271 1320 1325 1334 1356 1380 1421 1515 1535 1539 1568 1651 1754 1766 1767 1778 1829 1833 1891 1901 1964 1978 
55 17 63 65 88 130 142 160 161 276 321 374 445 453 472 525 538 560 643 672 738 769 786 804 805 830 837 868 877 903 917 927 1061 1134 1140 1149 1257 1269 1274 1291 1464 1532 1567 1579 1589 1599 1600 1693 1735 1756 1777 1783 1796 1853 1918 1922 
29 8 25 61 106 129 220 318 412 469 573 749 1013 1057 1208 1263 1291 1329 1338 1405 1449 1466 1530 1684 1726 1801 1803 1831 1930 1956 
35 41 85 96 127 284 335 455 481 556 590 602 611 709 721 739 754 787 789 828 935 1003 1098 1110 1350 1369 1398 1424 1463 1472 1489 1562 1613 1652 1669 1901 
33 63 68 127 148 168 261 266 271 328 331 342 375 394 486 505 581 589 708 765 775 792 846 897 1028 1051 1128 1267 1376 1557 1560 1583 1824 1969 
33 10 27 44 53 129 158 208 245 270 278 294 550 625 674 678 688 774 829 878 945 960 1110 1219 1455 1501 1523 1573 1616 1702 1727 1839 1924 1951 
34 31 41 86 109 129 160 179 230 231 435 503 581 623 737 757 787 889 1060 1084 1086 1107 1123 1185 1232 1444 1484 1562 1602 1620 1793 1818 1858 1909 1990 
34 61 79 81 83 149 240 263 389 445 446 484 491 529 708 821 830 836 874 901 959 1086 1138 1180 1199 1273 1331 1404 1465 1535 1686 1793 1800 1820 1993 
37 113 169 180 267 320 470 523 554 634 723 746 810 814 866 904 1117 1124 1224 1247 1264 1294 1326 1393 1394 1453 1520 1523 1537 1543 1564 1596 1605 1638 1709 1774 1946 1986 
30 11 271 332 389 427 537 578 631 698 744 910 959 1106 1162 1310 1474 1509 1533 1548 1624 1700 1716 1751 1756 1761 1834 1838 1894 1920 1923 
43 43 77 106 203 211 238 385 395 400 402 410 459 481 508 645 659 749 787 808 840 845 897 974 1050 1094 1110 1153 1399 1448 1502 1513 1581 1617 1634 1641 1723 1729 1753 1770 1794 1910 1917 1994 
39 20 111 112 113 138 142 190 217 250 268 282 551 557 560 568 578 657 670 695 827 911 924 978 984 1016 1020 1186 1292 1328 1353 1355 1454 1692 1756 1857 1906 1940 1941 1958 
39 25 38 108 166 175 469 487 518 546 618 664 722 771 802 924 945 959 997 1006 1029 1036 1153 1154 1160 1194 1300 1334 1370 1375 1461 1536 1646 1718 1724 1734 1829 1851 1867 1954 
38 72 250 254 313 331 387 388 478 485 553 579 715 813 972 1071 1079 1109 1111 1177 1192 1205 1264 1275 1276 1282 1455 1549 1578 1663 1688 1707 1737 1760 1811 1819 1837 1867 1907 
32 2 130 163 186 200 241 289 377 448 575 633 743 795 874 935 965 1018 1126 1150 1210 1234 1239 1314 1461 1485 1504 1636 1671 1728 1740 1820 1992 
47 21 48 108 123 251 292 296 302 372 401 486 506 531 581 740 804 858 880 891 932 935 945 990 1026 1151 1174 1320 1321 1326 1354 1401 1436 1445 1515 1530 1544 1560 1618 1657 1792 1862 1881 1882 1950 1968 1971 1991 
40 74 169 175 234 263 303 369 375 419 462 482 804 972 989 999 1012 1026 1039 1093 1156 1174 1188 1252 1268 1384 1390 1395 1414 1444 1467 1475 1533 1598 1714 1848 1853 1871 1876 1921 1970 
40 3 60 77 85 211 277 301 332 422 472 488 556 578 584 788 821 926 978 980 995 1019 1051 1110 1129 1182 1188 1300 1307 1495 1505 1519 1676 1699 1721 1817 1828 1839 1870 1893 1950 
31 45 166 178 220 250 271 315 513 619 625 638 641 651 741 761 839 961 976 1062 1075 1118 1225 1318 1321 1368 1388 1531 1681 1715 1774 1775 
39 121 127 151 229 388 390 398 529 594 648 712 756 781 827 831 888 905 963 1009 1018 1026 1040 1043 1060 1081 1126 1255 1274 1340 1538 1550 1559 1663 1684 1708 1711 1833 1872 1969 
36 111 171 265 273 323 349 354 369 376 394 423 449 567 590 699 737 753 754 816 822 831 852 912 1128 1151 1262 1285 1293 1298 1315 1521 1530 1545 1666 1728 1967 
52 139 146 172 259 293 329 468 533 598 633 687 709 718 719 723 753 764 836 878 884 1002 1039 1071 1073 1075 1089 1122 1136 1171 1173 1174 1209 1228 1285 1317 1398 1518 1535 1540 1571 1615 1634 1640 1665 1691 1755 1791 1801 1866 1870 1899 1970 
36 63 162 242 302 308 310 336 391 416 440 485 516 534 553 574 770 809 1000 1012 1089 1148 1201 1247 1351 1426 1445 1451 1458 1506 1516 1616 1625 1694 1755 1770 1817 
46 39 253 301 357 363 378 390 436 530 620 677 741 798 804 837 875 878 982 1033 1049 1066 1123 1130 1176 1197 1200 1212 1234 1326 1382 1414 1428 1444 1456 1481 1505 1540 1618 1640 1663 1678 1769 1793 1923 1982 1984 
36 6 17 23 108 119 141 300 415 439 592 667 686 751 828 856 865 913 991 1032 1107 1137 1138 1155 1193 1297 1308 1355 1404 1521 1528 1543 1619 1661 1772 1835 1964 
46 17 60 84 133 198 224 231 328 333 340 389 418 452 532 589 597 775 835 856 860 916 958 959 962 1037 1092 1159 1168 1178 1282 1291 1294 1413 1440 1470 1534 1541 1631 1646 1677 1767 1819 1835 1906 1954 1985 
31 14 122 137 249 252 454 523 541 613 660 773 1053 1073 1233 1346 1360 1392 1466 1527 1601 1612 1624 1706 1741 1750 1771 1819 1830 1900 1905 1985 
48 4 21 68 97 225 227 232 342 359 366 385 496 537 632 639 664 695 713 757 784 890 921 952 982 1042 1055 1111 1124 1160 1169 1190 1194 1226 1314 1345 1381 1410 1434 1502 1559 1578 1641 1706 1736 1753 1768 1824 1957 
40 274 275 333 346 383 475 508 553 555 638 643 676 737 762 763 790 885 1017 1127 1149 1150 1154 1239 1291 1434 1447 1528 1558 1588 1602 1641 1671 1700 1726 1837 1886 1909 1962 1969 1978 
44 135 168 198 210 253 288 293 312 313 351 391 393 394 473 522 580 644 665 675 702 807 859 1022 1055 1089 1111 1314 1357 1369 1389 1429 1465 1485 1502 1507 1577 1607 1670 1728 1730 1784 1856 1873 1919 
37 64 96 156 176 241 319 354 380 391 392 403 487 518 650 736 798 826 863 1054 1141 1146 1171 1256 1271 1276 1338 1395 1408 1553 1727 1749 1767 1775 1874 1944 1977 1997 
45 47 61 66 73 186 200 378 420 504 525 538 573 574 599 620 689 757 805 981 994 1041 1075 1143 1172 1214 1270 1278 1292 1303 1304 1316 1339 1361 1412 1418 1453 1454 1488 1509 1724 1768 1892 1904 1941 1954 
33 69 128 196 270 316 332 410 505 529 567 593 696 725 733 766 819 1050 1175 1222 1229 1296 1301 1317 1353 1447 1467 1584 1592 1797 1803 1859 1925 1932 
39 7 140 166 205 224 267 268 315 453 687 690 731 839 862 915 947 994 1064 1079 1136 1318 1321 1366 1422 1434 1436 1506 1562 1627 1686 1703 1709 1800 1890 1901 1913 1921 1945 1991 
34 37 65 89 101 256 369 413 506 515 532 604 669 692 697 705 738 792 1047 1088 1128 1185 1248 1265 1297 1370 1378 1419 1461 1479 1751 1757 1914 1957 1976 
46 68 111 125 182 344 352 381 414 435 437 513 554 597 607 633 634 705 714 772 801 812 842 859 914 935 979 987 1007 1154 1179 1219 1407 1499 1528 1543 1557 1591 1593 1603 1643 1681 1796 1806 1903 1905 1925 
37 42 238 314 394 425 608 651 822 845 882 947 1073 1118 1134 1135 1207 1220 1221 1228 1229 1263 1342 1345 1366 1456 1468 1483 1494 1569 1606 1659 1741 1744 1757 1759 1888 1978 
34 49 132 177 396 410 434 473 555 692 693 839 857 966 1006 1029 1083 1193 1302 1316 1403 1511 1532 1642 1648 1723 1725 1769 1797 1798 1799 1824 1947 1979 1985 
39 0 45 74 137 179 223 291 303 343 471 608 681 702 754 756 758 773 790 810 822 881 912 958 1005 1050 1053 1094 1096 1124 1171 1198 1324 1445 1578 1656 1674 1812 1840 1996 
37 86 141 200 253 338 412 592 641 686 758 831 892 894 992 1023 1049 1183 1189 1243 1259 1281 1288 1356 1358 1378 1386 1402 1427 1578 1599 1643 1686 1778 1860 1881 1884 1967 
37 19 56 135 231 249 334 414 415 432 470 484 499 505 582 591 635 680 689 710 880 967 981 1072 1114 1364 1378 1387 1416 1426 1549 1643 1673 1676 1823 1860 1881 1898 
43 105 154 159 230 437 464 524 559 573 620 635 664 667 694 744 771 838 926 1021 1070 1122 1167 1223 1259 1316 1340 1358 1362 1367 1449 1464 1502 1531 1571 1608 1628 1687 1697 1743 1861 1913 1942 1967 
38 107 149 236 252 294 429 453 459 505 591 617 633 659 667 691 745 834 888 981 989 1106 1196 1219 1247 1278 1297 1319 1352 1506 1578 1605 1641 1709 1800 1822 1903 1908 1989 
35 42 87 91 100 144 147 170 240 266 492 555 608 632 717 769 785 849 937 1082 1104 1251 1277 1284 1291 1396 1461 1494 1544 1610 1617 1669 1788 1861 1862 1875 
46 30 94 103 254 257 302 370 389 471 494 531 533 562 581 626 654 708 792 803 929 944 977 989 1020 1032 1035 1115 1125 1166 1194 1215 1305 1347 1353 1383 1401 1405 1534 1536 1560 1649 1725 1749 1773 1826 1985 
37 133 175 232 371 431 437 444 458 537 600 603 616 642 686 706 829 847 914 915 1056 1071 1276 1395 1411 1418 1444 1480 1488 1495 1510 1554 1559 1564 1632 1655 1833 1847 
39 0 73 94 235 244 273 348 563 610 686 720 871 946 1001 1019 1067 1098 1123 1149 1172 1182 1203 1219 1235 1250 1278 1286 1298 1360 1404 1534 1545 1555 1566 1631 1655 1874 1877 1917 
42 111 163 238 360 440 455 503 573 587 592 716 754 778 810 819 912 973 978 1070 1072 1109 1127 1130 1253 1268 1336 1358 1377 1444 1480 1488 1504 1618 1623 1673 1720 1723 1776 1831 1853 1858 1930 
51 3 11 140 158 173 231 311 340 377 438 442 477 481 559 574 657 793 795 807 843 848 900 948 955 1003 1053 1095 1152 1153 1169 1181 1189 1223 1227 1239 1363 1446 1463 1513 1542 1632 1674 1678 1689 1717 1773 1844 1859 1920 1956 1970 
34 78 136 183 210 270 331 352 388 471 588 618 764 774 792 811 823 926 928 993 1137 1161 1400 1403 1552 1577 1706 1711 1724 1733 1784 1922 1942 1945 1984 
34 22 134 165 175 197 222 240 246 314 371 396 507 671 805 806 812 826 929 977 1006 1028 1068 1128 1173 1396 1424 1447 1463 1520 1568 1650 1696 1884 1992 
31 58 153 161 203 374 414 551 560 577 586 596 622 661 758 770 823 903 1032 1085 1112 1129 1206 1230 1251 1269 1403 1406 1437 1716 1912 1970 
41 129 177 199 200 218 291 310 311 389 461 485 540 575 610 614 759 837 882 938 965 1089 1113 1147 1176 1290 1328 1337 1444 1508 1536 1712 1773 1793 1800 1812 1854 1862 1895 1950 1957 1987 
46 68 71 94 226 311 330 341 356 402 415 447 450 475 509 552 713 814 842 948 961 1031 1080 1103 1171 1280 1311 1379 1491 1534 1557 1580 1585 1607 1676 1684 1730 1736 1796 1828 1837 1873 1876 1890 1907 1909 1993 
29 42 107 196 209 257 307 312 330 356 399 411 480 530 556 649 717 734 817 823 846 925 1011 1190 1340 1372 1645 1679 1685 1806 
33 8 38 80 84 145 183 205 309 329 375 435 452 459 672 755 790 816 1068 1074 1233 1242 1267 1269 1336 1471 1473 1507 1529 1547 1648 1699 1797 1942 
44 31 40 48 54 84 94 157 161 193 248 326 346 350 503 560 621 637 657 665 668 697 700 777 815 857 863 926 960 1139 1178 1192 1580 1654 1661 1711 1726 1753 1759 1768 1776 1787 1827 1832 1872 
31 69 195 241 252 294 306 347 353 369 486 570 654 656 753 756 780 990 996 1050 1086 1149 1179 1191 1274 1379 1477 1683 1687 1692 1779 1814 
39 7 31 64 84 110 170 177 218 512 585 605 618 632 643 666 709 769 808 933 1028 1081 1104 1133 1207 1226 1248 1336 1371 1382 1486 1526 1594 1646 1693 1749 1815 1876 1878 1904 
47 13 37 48 51 76 181 192 201 254 312 373 435 489 505 531 558 740 788 792 822 838 894 928 946 1011 1087 1093 1109 1126 1127 1150 1163 1172 1221 1224 1271 1337 1354 1368 1426 1513 1540 1586 1902 1914 1943 1993 
34 1 2 63 97 99 255 281 360 376 436 574 581 783 808 860 897 900 926 949 1052 1204 1265 1296 1351 1366 1369 1446 1529 1742 1756 1859 1893 1946 1971 
42 78 133 205 272 355 422 497 503 514 545 563 600 616 621 711 828 874 886 897 942 1099 1100 1130 1163 1224 1249 1361 1390 1478 1504 1507 1537 1690 1704 1724 1731 1798 1811 1850 1868 1937 1942 
42 36 40 196 209 220 264 370 412 517 524 726 733 735 787 790 805 833 875 906 946 1008 1027 1106 1119 1125 1188 1238 1255 1283 1334 1350 1397 1514 1616 1671 1706 1732 1767 1772 1780 1838 1910 
40 12 142 202 217 218 287 504 518 559 647 653 666 681 732 734 740 742 1070 1102 1118 1155 1171 1224 1238 1259 1284 1286 1518 1669 1730 1736 1737 1795 1824 1854 1908 1945 1961 1973 1984 
42 6 184 365 548 551 565 594 623 676 694 840 861 916 1096 1167 1171 1204 1245 1270 1272 1293 1352 1402 1408 1497 1537 1600 1615 1689 1709 1723 1749 1754 1762 1777 1794 1796 1832 1872 1875 1948 1980 
47 32 63 91 137 179 239 365 380 382 384 585 594 624 745 760 927 967 979 1146 1173 1251 1360 1449 1465 1484 1503 1504 1524 1527 1529 1546 1558 1563 1616 1621 1643 1699 1729 1758 1786 1817 1821 1881 1928 1946 1961 1998 
29 52 341 413 485 508 516 616 672 738 861 1042 1072 1086 1131 1155 1171 1174 1250 1356 1380 1577 1583 1654 1774 1802 1841 1885 1946 1960 
42 30 38 92 114 134 243 245 364 374 534 555 614 650 672 673 679 870 878 1040 1098 1112 1123 1156 1163 1184 1249 1253 1333 1365 1452 1461 1462 1469 1510 1521 1701 1710 1743 1820 1915 1935 1999 
47 108 134 189 217 308 380 472 486 494 533 597 615 634 658 708 732 760 789 828 836 861 880 973 983 1004 1029 1144 1150 1205 1208 1227 1357 1384 1512 1570 1586 1634 1637 1727 1728 1758 1796 1837 1933 1979 1984 1986 
45 43 61 139 164 231 234 284 288 302 350 390 498 554 556 572 583 689 703 716 991 1077 1151 1226 1295 1362 1399 1425 1433 1535 1542 1609 1666 1690 1707 1763 1807 1821 1860 1862 1868 1873 1885 1907 1922 1968 
40 20 67 184 219 227 247 262 270 328 330 396 484 561 574 588 592 670 681 741 913 921 990 1016 1080 1129 1193 1210 1283 1317 1367 1404 1503 1508 1532 1547 1551 1641 1708 1751 1882 
50 21 24 82 106 182 188 218 275 375 395 493 560 564 577 593 679 687 788 813 858 920 926 939 950 952 959 981 1095 1150 1211 1252 1266 1274 1297 1399 1476 1487 1502 1517 1545 1605 1616 1629 1631 1675 1688 1745 1792 1815 1911 
39 49 87 90 128 195 291 315 362 392 575 687 727 762 797 834 874 911 913 997 1086 1088 1137 1280 1342 1350 1363 1446 1508 1534 1573 1577 1617 1687 1698 1705 1752 1896 1941 1946 
41 22 87 92 178 233 274 275 352 399 403 424 516 534 536 624 718 811 882 916 929 989 990 1027 1063 1125 1226 1228 1236 1385 1512 1525 1551 1558 1575 1582 1614 1723 1758 1856 1882 1917 
43 17 19 99 167 249 251 259 280 473 476 479 506 562 650 654 728 776 844 851 890 923 1022 1126 1158 1221 1232 1237 1261 1333 1380 1432 1437 1464 1487 1539 1577 1635 1786 1814 1819 1902 1920 1995 
52 17 72 212 268 329 434 480 523 551 721 731 739 901 918 1043 1106 1191 1231 1242 1248 1252 1272 1292 1295 1337 1398 1448 1450 1462 1468 1492 1563 1565 1568 1628 1697 1713 1738 1739 1750 1751 1752 1795 1818 1822 1889 1927 1943 1946 1949 1989 1995 
42 22 157 192 272 354 376 453 455 602 641 704 734 781 823 892 983 1076 1078 1092 1124 1221 1279 1376 1379 1394 1422 1472 1541 1573 1585 1597 1670 1707 1729 1778 1797 1809 1827 1917 1976 1988 1989 
42 18 91 176 191 193 487 551 577 656 686 701 730 755 773 832 875 879 893 909 984 1001 1034 1048 1113 1142 1181 1243 1292 1350 1389 1452 1462 1482 1773 1846 1864 1903 1953 1967 1977 1991 1994 
45 6 46 106 115 134 156 215 236 267 358 373 402 436 561 579 606 652 659 709 859 865 919 931 971 1008 1014 1034 1139 1175 1273 1275 1365 1506 1507 1571 1604 1635 1656 1718 1719 1807 1819 1831 1848 1924 
44 89 203 271 288 364 381 414 419 442 450 487 499 529 544 598 614 704 918 931 945 953 1052 1057 1109 1296 1450 1509 1527 1538 1543 1621 1660 1692 1712 1742 1776 1804 1825 1834 1889 1920 1931 1988 1995 
45 48 158 185 228 268 272 289 465 492 504 514 566 569 649 675 733 736 767 814 844 855 884 928 936 941 998 1018 1073 1074 1219 1276 1330 1340 1517 1555 1581 1601 1618 1714 1767 1878 1901 1941 1952 1980 
53 50 107 116 117 127 143 156 194 274 364 453 503 510 531 565 583 600 601 604 636 683 714 737 796 808 837 957 1010 1048 1152 1172 1175 1209 1232 1255 1280 1289 1293 1322 1351 1355 1401 1528 1583 1672 1686 1694 1696 1821 1827 1834 1928 1992 
40 11 19 20 32 36 67 86 148 193 222 412 599 613 636 723 795 895 911 948 1135 1211 1225 1240 1361 1364 1414 1464 1489 1502 1566 1620 1640 1656 1715 1753 1793 1827 1858 1872 1955 
37 0 3 50 58 123 174 290 345 414 456 460 489 504 535 603 616 617 633 701 727 869 873 879 969 988 1207 1249 1251 1346 1407 1695 1734 1787 1817 1948 1972 1986 
53 36 71 118 159 178 181 277 307 331 339 358 420 430 449 529 651 671 732 762 782 791 891 913 914 962 1011 1071 1108 1141 1157 1179 1208 1254 1311 1315 1371 1381 1450 1554 1590 1611 1614 1657 1723 1724 1726 1770 1826 1836 1938 1951 1952 1979 
40 62 64 119 124 164 188 201 258 278 279 304 438 491 584 649 650 698 753 856 866 936 994 1070 1158 1342 1386 1486 1491 1526 1560 1632 1633 1665 1694 1768 1782 1878 1883 1901 1926 
39 40 50 304 329 494 520 546 706 710 742 789 821 948 1008 1026 1030 1100 1107 1124 1152 1188 1241 1248 1251 1303 1344 1372 1423 1438 1505 1510 1556 1561 1581 1598 1648 1805 1908 1937 
44 9 32 62 103 190 217 313 334 358 388 413 423 461 470 531 543 564 587 615 634 750 818 856 934 940 1038 1074 1077 1127 1172 1227 1230 1378 1408 1417 1423 1437 1456 1548 1578 1708 1795 1969 1985 
24 251 255 379 553 557 618 624 652 862 876 1123 1157 1383 1406 1502 1587 1592 1615 1757 1762 1780 1848 1877 1887 
40 42 239 351 355 397 497 501 522 553 576 714 788 800 825 875 885 1007 1076 1093 1130 1160 1175 1273 1294 1385 1397 1412 1514 1555 1662 1707 1739 1802 1818 1832 1879 1895 1904 1929 1974 
48 28 44 223 289 305 312 363 374 375 378 400 430 441 443 469 487 500 547 665 686 689 708 716 739 874 901 905 927 970 1053 1092 1123 1174 1220 1385 1509 1582 1607 1687 1693 1713 1738 1836 1847 1854 1855 1958 1982 
37 34 36 134 167 249 412 457 578 616 799 824 891 947 961 1008 1070 1092 1152 1175 1177 1272 1304 1319 1447 1531 1555 1558 1598 1614 1643 1655 1705 1720 1728 1753 1772 1833 
46 16 23 37 102 180 198 199 221 280 327 332 501 515 554 604 639 673 686 699 700 720 764 802 818 847 934 974 989 1051 1061 1094 1125 1202 1204 1236 1257 1285 1429 1473 1475 1606 1689 1775 1800 1825 1857 
47 2 35 36 43 47 62 97 156 157 187 250 344 359 482 486 529 553 642 682 805 827 858 922 1046 1059 1072 1105 1116 1184 1227 1343 1370 1465 1480 1576 1591 1600 1609 1776 1828 1855 1895 1932 1936 1942 1972 1987 
41 3 26 183 206 298 349 373 406 438 527 532 666 684 722 820 826 840 909 994 1041 1159 1177 1220 1256 1267 1314 1335 1385 1395 1448 1469 1498 1505 1515 1564 1645 1730 1819 1880 1886 1986 
32 87 100 243 281 338 353 394 453 456 487 577 622 644 770 846 898 998 1314 1438 1446 1450 1470 1503 1570 1598 1604 1608 1614 1759 1783 1798 1905 
58 37 47 55 85 197 224 231 308 403 439 461 582 596 635 652 671 679 689 713 731 740 786 843 957 964 1000 1009 1011 1036 1051 1058 1063 1131 1147 1246 1268 1278 1341 1361 1384 1400 1405 1452 1458 1476 1642 1646 1671 1697 1711 1794 1799 1901 1903 1906 1943 1965 1992 
39 26 36 51 85 117 138 241 247 251 255 506 519 526 561 651 731 754 759 820 900 985 987 1025 1034 1103 1140 1192 1578 1622 1627 1640 1669 1719 1746 1794 1795 1834 1907 1992 
49 89 137 157 288 335 400 441 444 495 557 574 596 599 635 665 690 693 728 768 772 774 804 812 851 890 906 938 948 1048 1056 1087 1172 1330 1413 1432 1472 1484 1567 1574 1590 1594 1688 1710 1847 1880 1903 1938 1953 1977 
36 75 91 126 155 159 163 265 289 306 350 441 544 546 558 632 683 710 823 877 1021 1035 1097 1144 1279 1328 1376 1409 1473 1504 1721 1806 1836 1866 1918 1928 1975 
55 27 36 51 56 78 199 317 343 443 473 562 574 585 605 666 678 708 713 824 842 848 960 1012 1054 1056 1067 1099 1128 1131 1137 1150 1262 1335 1351 1408 1411 1478 1516 1533 1572 1604 1612 1621 1640 1647 1672 1691 1706 1716 1771 1844 1853 1943 1956 1971 
47 40 50 112 125 134 136 279 362 457 500 558 566 615 635 655 805 806 822 843 915 936 951 961 1013 1033 1157 1197 1296 1319 1320 1362 1397 1421 1466 1569 1598 1617 1642 1643 1648 1650 1697 1754 1808 1843 1909 1999 
36 26 136 139 196 212 419 489 498 511 543 605 692 763 838 874 946 954 966 967 1133 1223 1234 1258 1260 1261 1275 1315 1349 1386 1500 1522 1546 1568 1910 1917 1973 
44 84 118 133 165 269 280 282 353 551 615 632 768 779 840 841 872 907 930 959 995 996 1171 1298 1327 1394 1468 1479 1489 1530 1591 1620 1630 1644 1649 1695 1706 1707 1725 1789 1798 1825 1918 1923 1959 
34 23 28 98 154 328 338 418 436 470 552 650 669 688 711 830 833 917 947 987 1038 1099 1171 1195 1250 1273 1307 1399 1416 1494 1821 1842 1864 1958 1988 
37 135 189 193 208 237 283 351 363 425 440 474 518 539 765 782 933 987 992 1010 1026 1134 1159 1190 1196 1317 1338 1368 1421 1466 1527 1618 1657 1724 1764 1778 1863 1963 
30 173 239 317 417 427 429 455 475 477 520 571 584 629 633 634 759 767 810 827 1250 1348 1384 1439 1446 1474 1555 1574 1779 1795 1853 
37 25 107 109 121 152 180 221 344 351 469 593 644 687 692 724 763 786 867 1036 1088 1102 1108 1174 1293 1388 1405 1484 1489 1599 1603 1664 1671 1717 1861 1921 1931 1988 
42 38 62 88 147 194 250 276 316 435 460 463 508 539 576 690 881 940 956 965 1058 1060 1154 1191 1258 1337 1340 1402 1422 1429 1435 1485 1496 1539 1582 1654 1820 1880 1914 1919 1942 1972 1980 
34 44 98 172 181 272 290 307 329 350 510 640 687 690 731 735 772 862 892 906 937 1101 1216 1290 1394 1467 1499 1502 1579 1624 1626 1654 1790 1793 1984 
48 89 133 176 225 265 275 329 405 409 454 470 552 615 674 786 825 898 908 914 917 933 960 1007 1031 1081 1178 1254 1291 1315 1327 1351 1406 1479 1504 1563 1604 1626 1642 1667 1722 1781 1818 1891 1893 1898 1987 1991 1993 
43 8 23 152 157 255 258 281 292 299 350 411 443 535 580 665 672 692 713 715 719 845 863 867 1027 1047 1090 1199 1247 1252 1253 1407 1459 1561 1582 1584 1689 1692 1708 1749 1867 1915 1925 1926 
40 33 106 233 291 329 337 349 474 478 488 489 530 539 630 658 676 697 707 763 888 964 975 977 1070 1087 1102 1112 1173 1282 1421 1432 1569 1588 1598 1705 1721 1794 1855 1904 1944 
37 44 72 85 198 202 208 217 311 339 345 395 444 471 564 694 817 839 854 859 898 929 950 1029 1190 1299 1423 1486 1506 1725 1743 1768 1780 1840 1879 1892 1918 1926 
44 75 95 150 194 197 218 261 266 274 367 426 434 532 552 556 557 671 688 711 778 791 838 863 879 928 932 1007 1030 1047 1106 1133 1161 1166 1240 1333 1334 1490 1610 1674 1710 1828 1908 1974 1994 
35 5 81 194 244 267 268 379 392 395 417 448 488 511 588 679 709 796 805 815 833 852 960 1188 1425 1503 1559 1622 1650 1664 1696 1756 1875 1917 1926 1949 
36 0 5 24 64 86 159 242 243 270 370 442 454 533 609 639 664 666 703 747 750 850 911 990 1093 1175 1295 1333 1339 1343 1428 1649 1754 1883 1884 1947 1949 
44 9 33 62 106 128 129 145 176 199 236 279 334 469 484 506 583 595 617 634 636 700 804 856 887 977 985 993 1168 1218 1220 1229 1336 1362 1381 1412 1527 1590 1613 1654 1696 1763 1856 1886 1912 
44 18 22 27 122 132 142 154 194 234 237 246 411 460 538 595 603 637 652 734 804 854 883 921 992 1154 1248 1277 1299 1302 1325 1345 1354 1451 1475 1507 1513 1556 1621 1642 1712 1731 1749 1830 1947 
44 18 37 96 99 163 181 220 265 302 328 386 486 507 569 614 626 766 821 949 968 1044 1064 1066 1086 1151 1253 1269 1350 1407 1413 1460 1464 1492 1514 1540 1579 1623 1672 1750 1757 1798 1846 1883 1963 
53 18 85 109 127 138 155 204 233 236 269 296 332 351 424 455 465 525 552 573 578 755 883 930 1097 1133 1173 1247 1275 1314 1323 1341 1379 1403 1424 1443 1498 1519 1561 1579 1581 1593 1599 1629 1665 1686 1708 1738 1774 1791 1836 1943 1951 1966 
31 43 153 155 252 307 322 452 512 677 709 790 824 897 1033 1058 1122 1138 1250 1382 1409 1496 1519 1659 1684 1702 1777 1839 1873 1934 1945 1955 
37 69 106 136 206 207 233 343 516 561 583 637 674 732 760 777 836 933 997 1077 1213 1235 1236 1257 1399 1427 1487 1488 1561 1598 1622 1735 1781 1822 1835 1842 1863 1968 
47 25 36 46 134 203 204 267 273 289 301 340 421 423 459 474 494 503 535 597 601 627 671 937 988 1072 1153 1196 1198 1222 1268 1271 1404 1423 1444 1484 1538 1578 1580 1581 1585 1628 1677 1723 1883 1888 1903 1984 
43 54 67 76 100 112 222 306 335 336 337 422 505 509 534 542 575 619 638 712 742 753 778 830 938 956 971 1010 1028 1073 1194 1208 1315 1397 1522 1615 1627 1673 1742 1761 1780 1828 1887 1909 
35 84 213 244 248 309 361 384 496 551 640 752 824 902 907 908 1092 1145 1149 1176 1190 1209 1222 1334 1337 1400 1417 1444 1463 1466 1471 1475 1554 1602 1785 1824 
37 3 44 156 169 176 188 214 417 504 509 566 574 595 668 761 807 860 910 917 968 1027 1048 1054 1071 1079 1091 1134 1136 1161 1187 1268 1294 1316 1318 1512 1771 1775 
42 235 370 439 476 530 541 601 714 732 741 801 871 874 896 931 1139 1180 1205 1214 1284 1301 1302 1308 1317 1329 1354 1391 1424 1451 1537 1567 1572 1620 1630 1654 1670 1684 1758 1776 1802 1884 1896 
37 73 154 182 219 335 381 396 433 458 493 506 512 668 691 709 764 945 970 1000 1009 1010 1115 1276 1390 1391 1405 1426 1427 1493 1503 1668 1673 1714 1733 1771 1817 1997 
43 66 107 163 177 319 368 413 557 579 695 696 712 733 776 793 804 828 862 897 919 922 959 1230 1291 1292 1303 1307 1313 1335 1359 1409 1441 1461 1491 1492 1511 1555 1709 1730 1861 1919 1959 1974 
42 39 46 93 98 145 177 195 227 233 269 293 357 374 383 392 458 527 531 576 593 673 701 739 776 779 820 823 885 887 919 980 981 1078 1108 1279 1419 1445 1561 1671 1695 1839 1911 
44 27 62 79 301 401 410 489 669 677 680 684 690 811 821 870 893 899 925 939 988 1029 1076 1087 1132 1210 1277 1302 1339 1365 1428 1430 1471 1514 1575 1605 1644 1691 1796 1801 1821 1823 1863 1930 1953 
53 10 61 62 143 172 183 243 332 404 410 491 500 503 509 537 593 625 653 661 676 769 817 896 915 930 950 962 971 1023 1095 1145 1161 1183 1195 1196 1251 1324 1355 1403 1431 1439 1478 1516 1535 1579 1633 1641 1727 1818 1955 1975 1989 1998 
39 17 75 109 144 266 295 357 369 376 436 469 512 544 576 582 623 636 743 895 902 946 966 1028 1048 1087 1108 1122 1213 1221 1301 1309 1395 1688 1694 1769 1857 1902 1932 1962 
36 84 91 217 220 226 249 356 437 495 509 517 559 573 637 762 769 836 857 859 1032 1040 1069 1095 1206 1358 1359 1465 1565 1579 1716 1782 1822 1874 1902 1929 1986 
53 1 38 67 87 93 131 217 290 303 352 358 372 391 530 556 568 582 626 642 738 747 796 797 807 835 837 866 868 904 916 918 983 987 997 1052 1059 1071 1108 1114 1192 1198 1347 1398 1446 1510 1580 1688 1722 1750 1767 1859 1901 1933 
52 9 18 21 45 55 120 229 276 397 437 454 519 542 551 552 554 579 669 678 688 719 733 838 881 899 960 978 979 991 1024 1097 1233 1248 1318 1335 1350 1471 1509 1511 1518 1626 1639 1645 1647 1714 1728 1734 1785 1872 1907 1912 1948 
36 90 108 109 131 462 497 519 601 635 653 666 775 913 963 969 978 992 1039 1293 1301 1304 1532 1587 1620 1656 1676 1679 1740 1769 1783 1788 1820 1826 1860 1934 1976 
32 86 133 223 288 306 434 470 558 602 696 783 794 926 1013 1054 1106 1203 1249 1379 1383 1414 1485 1512 1527 1546 1578 1622 1625 1658 1775 1872 1905 
30 19 59 162 204 231 252 469 538 542 548 668 685 842 860 947 998 1090 1169 1191 1319 1376 1527 1529 1577 1662 1687 1819 1873 1944 1967 
46 40 61 182 201 303 359 428 445 496 513 515 521 553 562 674 736 768 777 806 943 993 1027 1089 1109 1149 1225 1270 1421 1455 1462 1482 1528 1541 1586 1669 1693 1739 1749 1788 1789 1853 1866 1901 1903 1947 1949 
43 7 47 135 175 262 316 328 330 349 371 379 381 545 565 570 605 612 621 635 649 714 876 899 931 953 972 998 1007 1015 1030 1077 1088 1112 1164 1237 1295 1410 1430 1503 1567 1687 1752 1878 
40 28 65 126 127 136 160 216 295 297 371 399 434 437 599 670 856 865 881 939 1015 1033 1172 1267 1305 1402 1484 1556 1566 1572 1639 1644 1661 1669 1685 1713 1770 1802 1817 1856 1928 
40 12 141 162 196 288 502 508 567 569 576 773 847 867 987 996 1120 1132 1152 1174 1186 1241 1315 1394 1396 1431 1433 1435 1511 1513 1528 1577 1595 1654 1670 1817 1823 1849 1923 1941 1943 
37 28 128 150 155 187 225 290 314 373 401 417 554 598 607 632 678 708 719 849 875 964 991 1006 1014 1027 1087 1126 1202 1252 1254 1272 1356 1393 1660 1686 1948 1987 
35 34 120 132 187 198 232 342 354 379 454 555 607 655 864 879 898 915 985 992 1087 1111 1132 1140 1151 1159 1173 1189 1293 1316 1318 1657 1710 1799 1841 1911 
43 20 54 92 228 266 291 303 333 352 393 409 435 475 485 491 493 573 577 675 682 806 809 826 1057 1213 1244 1273 1346 1377 1396 1510 1564 1566 1725 1772 1782 1790 1793 1799 1801 1855 1877 1951 
36 19 93 138 156 200 256 301 306 308 330 349 369 442 478 669 758 824 886 1047 1201 1206 1291 1336 1387 1388 1397 1448 1456 1468 1673 1680 1751 1854 1955 1975 1985 
50 26 38 128 140 179 185 194 201 221 249 302 353 452 453 457 477 563 596 598 711 753 868 899 904 920 937 963 1078 1080 1122 1180 1221 1267 1291 1293 1347 1351 1394 1422 1453 1462 1487 1530 1558 1646 1682 1770 1784 1961 1981 
48 1 49 52 107 235 239 250 272 391 397 434 458 507 533 580 592 627 637 645 731 864 903 911 955 969 999 1009 1031 1082 1135 1150 1155 1267 1333 1353 1377 1416 1457 1491 1518 1519 1533 1577 1617 1659 1813 1944 1994 
36 15 146 234 271 293 298 334 452 606 655 729 818 826 905 907 941 1044 1075 1123 1193 1209 1212 1292 1324 1360 1413 1417 1435 1508 1693 1727 1733 1741 1865 1874 1986 
43 8 29 165 282 285 310 353 361 411 547 632 680 688 715 732 808 824 886 900 932 1030 1031 1099 1114 1138 1176 1238 1250 1299 1356 1442 1452 1486 1510 1554 1640 1715 1801 1805 1827 1856 1975 1984 
54 0 84 236 278 328 331 338 388 622 664 685 738 766 774 780 798 799 821 875 900 949 964 989 1001 1030 1106 1127 1142 1175 1230 1306 1322 1335 1352 1353 1398 1411 1415 1465 1536 1610 1614 1684 1689 1691 1732 1751 1767 1779 1857 1905 1913 1920 1954 
34 71 117 197 219 230 242 273 285 377 393 484 521 528 543 618 755 821 836 864 874 875 923 1078 1168 1320 1357 1365 1422 1454 1459 1461 1490 1835 1933 
37 46 69 180 193 197 292 303 325 601 636 686 731 776 885 977 999 1008 1037 1065 1108 1217 1222 1231 1277 1394 1446 1463 1504 1527 1539 1619 1734 1813 1829 1925 1948 1974 
41 41 72 88 131 133 134 139 158 230 232 237 265 328 341 352 388 469 485 573 619 639 653 690 736 827 859 874 902 912 934 965 995 1183 1232 1364 1461 1467 1698 1845 1850 1987 
34 19 23 49 86 154 160 232 237 398 673 717 733 789 846 902 952 1017 1035 1114 1117 1165 1189 1219 1229 1281 1430 1520 1529 1601 1729 1750 1804 1843 1990 
39 1 119 245 246 339 370 392 408 419 436 484 652 683 712 733 770 804 825 856 932 950 988 996 1269 1323 1334 1441 1463 1470 1516 1647 1690 1705 1771 1821 1830 1905 1916 1986 
45 24 35 39 65 70 130 135 162 195 226 283 337 390 409 447 472 536 592 609 638 724 761 806 841 889 930 1031 1107 1225 1266 1299 1352 1354 1410 1462 1554 1596 1601 1690 1720 1754 1787 1797 1934 1960 
45 20 64 66 101 121 171 178 198 259 336 357 434 496 502 504 517 632 651 670 877 978 991 1027 1185 1212 1271 1341 1402 1418 1440 1449 1451 1511 1531 1587 1647 1726 1752 1757 1851 1865 1874 1906 1918 1968 
46 43 70 110 118 195 305 309 355 395 510 513 529 595 674 746 768 809 844 858 866 878 932 963 1016 1041 1091 1248 1287 1298 1300 1334 1410 1445 1451 1454 1599 1614 1845 1852 1894 1902 1918 1941 1945 1990 1996 
45 17 53 57 113 148 154 207 240 305 354 416 464 495 551 580 627 635 663 669 698 721 793 879 1056 1090 1117 1191 1295 1303 1344 1357 1367 1445 1548 1602 1619 1630 1737 1747 1882 1942 1944 1968 1970 1985 
34 84 90 138 185 309 382 426 530 686 752 755 756 811 869 886 889 1059 1091 1187 1197 1224 1343 1377 1396 1401 1406 1457 1508 1532 1760 1822 1841 1917 1952 
48 10 82 93 154 175 219 382 479 490 521 549 567 592 617 621 654 732 759 768 787 799 821 843 855 857 1096 1106 1152 1160 1184 1203 1205 1267 1275 1288 1351 1377 1450 1662 1669 1768 1829 1877 1902 1927 1941 1945 1957 
30 199 286 378 405 421 540 559 568 576 594 667 831 864 927 1094 1103 1115 1122 1401 1488 1583 1636 1719 1724 1727 1760 1818 1864 1902 1924 
34 1 45 114 184 230 256 288 299 319 452 456 514 566 643 736 757 787 898 918 929 942 1120 1222 1228 1249 1254 1280 1286 1507 1547 1849 1865 1920 1990 
36 2 61 88 92 333 463 483 572 575 646 665 675 722 769 877 952 977 1047 1086 1101 1158 1181 1252 1255 1306 1336 1350 1485 1598 1617 1691 1822 1832 1854 1904 1935 
41 37 70 158 159 193 204 234 249 310 446 499 519 534 582 585 628 633 675 743 793 807 848 858 861 875 953 955 1274 1332 1359 1382 1395 1431 1497 1542 1622 1685 1753 1793 1890 1924 
45 22 24 45 67 76 154 253 269 304 317 393 416 438 480 619 691 694 715 861 883 887 897 901 933 983 1151 1166 1180 1182 1254 1260 1333 1398 1556 1557 1563 1592 1608 1686 1786 1799 1804 1825 1891 1969 
34 18 29 171 258 294 330 370 409 479 600 771 850 897 911 1049 1050 1088 1110 1111 1149 1373 1469 1476 1589 1611 1638 1748 1794 1818 1845 1856 1939 1950 1984 
35 41 136 205 304 486 511 517 571 580 633 691 777 806 829 1034 1074 1090 1176 1189 1383 1427 1448 1457 1472 1493 1522 1629 1658 1705 1823 1904 1921 1950 1968 1997 
42 21 90 95 155 202 233 320 366 390 530 634 636 755 765 794 849 862 979 1033 1048 1052 1083 1165 1203 1305 1318 1338 1359 1424 1455 1580 1600 1680 1700 1785 1855 1869 1894 1927 1941 1967 1971 
40 65 114 115 120 264 288 334 350 365 380 418 457 595 649 667 784 800 815 819 945 1100 1125 1170 1173 1233 1316 1319 1464 1469 1487 1509 1537 1583 1585 1655 1670 1755 1829 1919 1943 
39 36 61 110 193 207 265 283 308 373 426 568 620 710 712 720 775 786 965 968 1012 1036 1131 1162 1203 1291 1333 1350 1453 1470 1505 1570 1623 1633 1644 1684 1744 1794 1887 1987 
38 70 144 186 194 305 307 439 507 562 565 614 617 629 668 691 735 748 759 809 822 883 980 1028 1093 1143 1156 1186 1219 1315 1420 1474 1490 1554 1624 1645 1823 1843 1944 
37 104 135 140 247 297 324 383 428 510 555 579 718 794 858 903 988 1220 1272 1281 1331 1363 1473 1493 1565 1640 1649 1685 1705 1715 1750 1755 1773 1795 1808 1809 1922 1972 
50 4 40 68 71 85 133 191 196 210 222 277 296 349 372 377 408 488 586 606 656 664 715 936 995 1055 1142 1162 1172 1203 1260 1343 1391 1458 1468 1481 1531 1550 1565 1652 1706 1723 1731 1733 1751 1769 1855 1873 1897 1908 1952 
33 74 102 184 290 411 444 490 492 576 734 875 999 1030 1098 1101 1129 1270 1352 1357 1381 1399 1460 1588 1615 1619 1667 1679 1777 1854 1869 1875 1902 1959 
29 5 15 193 197 266 510 532 554 575 687 912 923 926 993 994 1002 1006 1049 1153 1237 1339 1358 1523 1544 1577 1603 1647 1732 1944 
39 6 88 105 154 335 351 361 421 532 540 641 653 658 668 688 718 737 772 779 829 977 982 986 1017 1135 1155 1214 1359 1397 1425 1453 1506 1623 1660 1666 1740 1755 1805 1906 
36 86 89 265 467 536 594 606 649 770 794 800 816 832 876 931 947 988 1032 1035 1089 1124 1167 1310 1477 1525 1615 1621 1645 1672 1707 1810 1853 1863 1872 1885 1995 
31 36 39 66 73 230 292 333 404 407 435 526 558 791 1038 1091 1113 1141 1149 1178 1256 1380 1517 1625 1642 1688 1713 1793 1840 1864 1919 1996 
42 57 95 214 235 318 331 415 416 418 420 446 493 498 596 662 670 693 751 837 850 874 947 959 961 987 990 1049 1062 1065 1222 1261 1292 1306 1376 1466 1486 1582 1675 1682 1711 1797 1810 
32 85 143 160 318 482 483 515 541 577 584 593 595 710 853 887 911 954 982 1179 1192 1235 1400 1512 1517 1689 1698 1710 1764 1769 1781 1830 1857 
32 4 7 51 257 321 388 451 456 512 640 693 786 808 893 996 1088 1190 1195 1206 1364 1392 1514 1524 1529 1530 1533 1690 1718 1731 1772 1936 1960 
43 5 17 36 66 77 156 157 164 372 382 531 545 552 677 841 853 860 876 962 1028 1037 1116 1188 1195 1199 1215 1234 1291 1294 1314 1323 1327 1595 1614 1642 1698 1798 1849 1888 1922 1953 1988 1989 
31 30 36 39 230 267 372 413 425 511 514 539 628 710 731 744 757 844 966 1113 1247 1249 1268 1289 1300 1309 1348 1378 1559 1560 1765 1988 
33 52 147 165 213 215 232 336 398 404 445 535 547 555 598 600 725 928 1019 1055 1116 1158 1197 1258 1374 1396 1470 1626 1675 1680 1826 1868 1956 1996 
47 53 55 63 115 116 166 235 242 276 322 371 490 520 524 632 688 768 857 877 901 951 1051 1096 1097 1104 1107 1156 1219 1319 1373 1411 1412 1415 1469 1503 1552 1556 1651 1675 1722 1726 1735 1736 1752 1779 1880 1973 
33 64 155 218 295 304 441 466 522 602 603 604 611 622 739 860 964 1015 1029 1122 1189 1220 1223 1247 1281 1325 1338 1467 1725 1781 1918 1921 1947 1973 
30 127 168 209 305 347 427 452 490 557 682 753 780 922 945 995 1107 1312 1339 1341 1428 1538 1609 1653 1685 1745 1879 1897 1911 1981 1990 
39 2 107 193 195 260 289 424 492 553 634 662 667 711 726 761 807 841 865 904 963 1026 1045 1076 1121 1256 1380 1387 1415 1449 1477 1619 1670 1672 1685 1703 1803 1820 1879 1991 
37 42 80 137 141 155 161 265 304 440 484 511 563 564 619 702 756 760 791 857 872 970 1026 1047 1170 1188 1231 1536 1641 1674 1729 1838 1876 1889 1919 1949 1983 1985 
34 20 39 106 133 254 277 337 349 355 360 390 409 490 748 789 825 876 898 920 934 1014 1107 1119 1223 1249 1433 1484 1600 1717 1795 1817 1831 1921 1924 
