200 1000
300 782
337 488
700 1160
260 602
484 648
31 149
63 140
295 1290
85 645
505 1438
70 971
649 856
382 1365
115 636
917 1904
373 626
25 132
421 605
564 1415
664 1215
851 1095
508 1063
296 687
267 1201
119 675
908 1799
67 73
732 1048
733 1163
754 1210
308 847
362 823
282 1195
869 1810
458 822
308 1001
67 415
709 1677
269 366
716 1153
420 971
932 1531
225 1040
685 1354
784 1185
153 270
641 1473
122 768
524 1264
425 1278
606 1044
470 593
24 310
863 1513
44 882
427 1259
460 1120
971 1684
174 959
263 946
829 1032
292 1274
679 1570
574 1357
262 742
818 1811
217 742
487 1373
276 372
905 1139
982 1215
262 834
492 677
847 964
882 1296
364 1286
162 488
804 1156
706 1573
82 511
699 790
133 652
108 968
744 1586
382 478
964 1127
371 1259
308 1145
854 1295
382 927
671 733
524 827
681 1293
472 1083
624 893
686 1636
435 531
610 1303
877 1483
263 427
675 999
808 1749
348 1243
467 654
468 902
626 829
498 1324
83 907
82 681
993 1586
497 1337
298 359
143 755
204 630
122 1006
334 1119
418 586
238 1171
156 245
660 1272
557 623
737 875
489 495
278 1239
5 141
835 1149
54 866
428 509
55 357
845 1438
592 1435
125 858
806 1761
231 1073
966 1014
229 740
627 1322
255 625
795 1628
138 270
746 1349
460 506
643 731
707 1220
376 919
715 811
358 534
603 1099
778 1453
439 1263
118 163
668 713
672 1646
653 924
153 411
403 616
295 516
318 1085
831 881
961 1860
407 583
301 975
983 1457
98 583
168 632
632 1336
500 1484
91 440
337 653
51 870
148 896
1 749
718 1461
115 982
33 886
395 675
429 1121
413 713
292 1258
483 642
630 908
120 132
409 749
198 506
982 1084
892 1074
878 1583
782 1335
529 1338
184 1108
486 589
849 954
970 1853
933 1635
103 198
656 818
977 1507
393 1182
345 1322
333 666
781 1690
994 1643
500 1353
477 528
955 1128
536 1186
800 1565
310 922
833 1125
710 1572
147 1015
601 1119
146 223
343 1204
966 1269
910 1484
768 983
328 755
768 1093
219 1013
740 741
286 826
344 1036
154 422
312 682
130 674
703 1132
660 714
257 1014
836 865
288 1249
51 847
232 444
436 669
99 941
646 1065
352 1206
216 745
846 1168
523 1297
111 640
827 827
366 808
926 1059
598 1520
145 392
258 515
410 967
621 1453
654 1121
227 929
640 1300
269 596
163 1123
320 525
939 949
531 1131
43 459
294 887
321 668
993 1570
798 1158
138 378
209 1065
273 492
545 1178
448 1113
999 1035
100 228
878 1069
171 933
881 1224
386 1160
998 1059
210 516
24 436
691 1003
955 1571
124 344
891 1413
81 367
193 824
37 670
12 454
892 1864
164 567
252 332
970 1219
662 972
743 1659
387 1234
935 1011
342 809
327 700
979 1575
565 641
660 1640
109 598
607 844
307 1027
136 1125
774 1479
687 737
72 739
594 1266
804 1063
94 756
572 914
726 1560
355 1334
298 479
826 1295
554 664
144 776
167 1030
66 464
999 1713
167 414
319 1038
640 790
928 1444
775 1445
844 1638
856 1079
124 378
821 1535
442 650
905 1564
214 1128
626 628
887 1024
505 802
131 1085
544 958
24 834
664 904
655 1475
170 441
136 735
829 1037
935 1381
698 723
700 1267
308 378
112 615
361 581
92 722
336 1068
944 1371
217 517
685 831
325 456
174 859
190 1075
761 1606
402 1209
731 865
448 1260
962 1916
264 361
628 933
760 1737
894 1067
241 539
420 1088
638 686
528 1367
535 1153
31 766
186 1122
329 779
381 866
966 1318
558 755
359 1073
615 1010
746 1293
23 507
904 1889
652 1011
50 614
605 1378
727 1060
392 1073
581 795
266 858
889 957
226 396
82 219
428 672
230 542
343 444
46 95
210 607
338 836
569 811
501 843
390 1002
187 301
882 1486
329 774
845 1539
481 680
783 1002
404 922
527 564
946 1648
524 1175
797 1303
780 1427
950 1726
489 1359
643 1331
329 516
51 697
738 946
185 195
549 1296
783 1738
587 653
351 1135
317 704
861 1742
869 1568
580 1400
630 1288
671 896
686 920
191 850
967 999
885 1074
984 1267
331 577
372 577
704 1213
920 1157
842 1211
798 846
160 926
784 1343
524 721
442 746
450 798
798 1018
627 1349
0 86
306 454
803 1629
914 1740
51 587
549 1312
394 987
714 1500
914 1096
414 717
548 867
879 1116
70 806
427 1259
160 824
139 629
148 660
878 885
461 676
181 244
599 617
188 854
26 117
885 1508
630 1210
964 1577
467 1261
725 1511
689 1216
887 1339
778 889
665 722
768 958
32 62
115 756
449 1266
82 753
57 368
205 1084
80 585
881 1588
793 1687
516 848
267 827
305 1295
530 590
454 602
2 413
382 533
836 1383
43 617
313 1097
945 1336
188 671
897 979
221 592
516 925
917 1840
288 967
227 987
321 1293
142 967
680 1110
638 1280
214 255
297 926
166 977
207 641
855 1784
83 782
345 352
931 1580
855 1055
758 1178
698 1636
971 1246
751 899
901 1153
1000 1413
272 1136
973 1289
176 307
967 1025
797 1318
254 799
646 967
112 360
458 862
622 970
547 569
644 886
407 1271
786 1275
877 1474
578 1183
374 1119
363 450
210 233
259 508
951 1452
229 609
858 1150
31 413
338 797
761 1290
599 746
611 1145
550 1404
5 616
409 1052
268 488
684 1596
373 1149
176 836
888 1545
533 992
978 1851
370 1366
714 1320
24 151
233 679
865 1268
832 1268
902 1459
926 1073
685 715
413 456
622 1245
515 1251
872 1293
323 386
213 534
608 1206
893 1293
288 1165
677 707
623 1162
32 940
907 1141
36 348
83 757
773 1044
106 483
823 1645
216 671
881 1540
468 855
907 1307
182 862
159 587
825 1760
871 1681
71 181
273 313
711 1020
428 1322
114 942
738 1118
265 521
183 703
289 985
136 1056
659 1288
709 1022
775 1583
939 991
297 556
527 829
819 1582
99 834
977 1493
868 1727
285 826
407 608
137 365
593 1286
723 839
244 266
712 1528
468 905
450 606
671 721
59 1028
202 808
958 1484
449 1319
181 1074
804 1090
756 1410
336 962
756 857
42 1021
731 1497
563 1022
672 1492
279 803
3 94
628 1135
94 382
864 1805
624 770
359 384
306 590
62 427
377 714
917 1229
474 1137
701 945
125 997
143 329
916 1913
375 1333
414 1085
238 284
897 1155
541 724
863 980
926 1483
731 1344
92 202
588 753
845 1668
762 1629
91 184
199 1156
155 514
451 1396
53 1049
953 1262
184 243
410 1069
8 545
582 1509
640 1000
946 1180
18 97
116 752
407 900
644 916
893 1104
513 1047
395 1353
25 514
70 635
527 1160
800 1535
324 594
142 649
248 852
395 594
434 780
51 381
116 759
905 1182
418 757
827 1339
989 1563
221 955
336 801
433 1015
835 1338
511 1150
223 528
125 635
172 858
555 940
976 1333
403 506
325 711
936 1128
442 1238
893 1411
258 1235
803 1172
314 509
621 674
344 512
507 1262
844 1023
310 757
64 431
55 343
77 626
803 1598
961 1180
464 707
539 1149
349 426
870 1002
950 1604
267 1115
279 588
684 735
281 470
521 786
737 1170
249 361
107 772
844 1187
663 786
637 1175
920 1704
993 1598
686 777
166 848
485 1272
441 714
346 744
77 587
897 1646
800 1371
629 1271
232 1057
590 1002
177 851
302 1004
976 1457
428 759
769 1426
287 820
199 989
444 1001
133 639
710 1230
948 1663
895 913
197 683
20 313
914 1604
550 1096
723 781
261 1078
490 1024
123 858
612 999
611 1504
916 988
282 1131
158 905
131 983
360 1312
713 1524
391 786
967 1363
392 990
691 963
796 843
407 749
884 1190
612 915
908 1717
706 1447
284 761
99 587
158 309
599 1322
495 720
194 986
302 1243
830 884
283 347
189 694
759 1252
850 1482
613 1542
241 673
759 1510
670 950
696 1174
396 614
853 1306
723 1323
928 1456
793 1563
922 1609
727 1560
704 1082
119 424
40 142
588 1395
883 1801
818 1746
954 1928
823 1796
651 1404
82 364
685 1242
14 769
594 1333
807 1408
711 1459
111 974
23 858
594 1405
443 663
199 926
474 855
571 1523
719 1422
571 640
490 783
136 645
33 859
486 992
12 492
201 301
293 527
779 789
155 387
453 942
790 1002
450 977
826 1305
380 1060
786 1295
760 1518
579 969
328 1289
768 1395
486 641
74 346
929 958
239 1108
22 201
669 1569
855 1737
916 1813
261 1189
795 796
66 584
650 689
871 1129
776 1301
75 376
193 829
190 935
517 980
4 540
772 1328
876 1067
834 1017
586 1092
986 1545
55 683
216 543
68 781
700 1149
374 1061
750 1026
551 805
430 691
330 1282
832 991
867 1153
316 1170
467 969
440 986
685 833
543 659
585 1230
590 1093
385 1239
432 1068
690 1185
394 1301
11 204
137 857
723 1716
35 88
283 595
518 1174
495 1090
137 403
247 1188
372 393
497 598
401 819
913 1285
621 1509
285 828
810 1691
891 1528
737 913
219 1170
739 1562
294 464
466 685
227 652
684 1133
179 270
24 163
992 1011
838 1576
240 518
566 1497
836 1284
226 389
470 831
862 1336
615 649
885 1147
315 535
456 1155
193 921
383 925
538 1420
289 1160
265 1032
685 924
55 177
471 863
382 774
257 1045
543 1315
484 827
26 598
585 700
450 699
447 1371
281 877
277 812
855 1240
507 937
292 477
909 1328
210 1178
705 1272
718 1471
28 722
342 667
509 570
336 506
667 987
585 1021
83 154
388 565
933 1722
233 684
611 1192
711 1570
629 1437
333 515
560 780
458 835
492 1417
729 972
787 1337
27 560
327 811
806 1725
785 1775
399 771
723 1375
366 878
305 680
42 21 86 113 165 167 224 267 275 304 309 318 377 399 404 411 432 453 482 486 586 608 634 651 694 708 762 771 773 780 786 826 841 859 876 907 908 935 955 956 962 964 967 
48 9 18 43 54 63 77 111 115 172 190 204 237 251 256 277 296 297 317 325 347 356 369 415 417 443 446 462 473 555 561 614 623 671 673 683 687 706 735 754 780 790 797 841 925 936 944 948 954 
45 16 57 135 189 194 195 197 206 219 234 276 283 284 288 290 293 299 347 433 447 475 508 509 541 560 586 651 706 719 721 746 759 772 780 791 792 866 924 931 944 959 976 983 989 992 
44 0 10 18 24 52 126 131 165 180 184 220 269 319 324 339 344 397 402 407 426 445 462 517 542 544 617 618 620 655 673 676 723 745 769 772 775 817 845 899 921 922 927 961 983 
49 18 71 102 109 125 162 165 200 204 250 276 285 292 322 338 342 343 365 375 377 379 406 415 421 434 608 625 631 660 701 725 753 783 787 791 797 804 810 834 843 850 854 861 862 884 894 930 945 994 
47 10 28 81 83 168 172 179 199 208 235 251 269 277 294 306 323 329 339 343 344 352 369 375 380 403 408 412 417 474 518 538 620 633 686 703 705 744 752 764 771 775 871 892 912 914 935 958 
43 12 19 21 79 136 148 183 219 223 237 240 292 309 326 349 377 429 430 460 470 476 529 535 541 555 577 595 641 653 675 681 695 787 796 797 849 863 880 894 911 967 976 981 
54 28 30 31 47 73 112 116 142 185 208 244 246 247 248 252 287 288 342 363 371 380 381 386 409 423 443 460 523 535 572 574 598 608 635 636 655 698 704 742 747 770 772 774 775 799 839 853 864 904 914 954 979 992 995 
55 14 20 111 131 153 168 183 186 217 238 265 293 296 318 337 348 349 350 410 418 436 473 478 482 496 505 520 527 542 567 572 579 591 599 608 633 641 655 731 766 773 777 781 786 825 845 870 885 893 908 920 934 955 985 988 
46 19 57 97 103 124 152 170 171 284 290 342 346 351 399 456 480 487 524 534 541 605 621 628 661 667 673 728 734 763 772 788 799 845 851 853 864 872 873 879 892 926 956 983 990 992 998 
47 5 41 53 67 87 103 134 157 166 233 234 238 252 259 264 265 280 335 346 403 482 485 489 495 500 526 535 545 567 581 610 617 629 641 649 686 724 725 743 771 789 798 855 871 912 979 980 
65 0 16 34 64 92 101 142 150 154 162 171 190 199 201 209 242 273 297 300 323 325 328 349 354 372 429 434 435 437 454 460 479 480 499 501 534 559 560 594 611 615 648 664 686 696 719 732 742 752 768 771 791 798 803 807 826 851 869 872 907 909 927 933 976 981 
58 32 59 75 90 97 128 130 132 152 162 163 168 177 199 207 219 235 237 244 247 259 271 284 289 309 316 319 329 339 397 401 402 420 454 481 613 615 653 656 665 687 692 706 721 750 757 816 840 849 861 875 879 895 896 941 952 959 989 
57 50 75 82 125 140 178 180 187 197 211 217 218 228 250 258 279 305 350 439 460 494 500 525 535 543 562 567 575 603 606 607 610 629 636 650 659 678 710 722 768 785 794 809 810 815 830 835 837 843 846 862 867 888 958 963 967 997 
54 11 22 81 100 113 121 140 152 173 216 262 286 299 300 321 322 348 349 363 365 378 389 395 433 451 455 462 478 517 539 561 602 606 607 616 632 664 690 702 719 782 794 820 850 851 852 857 863 869 902 925 935 937 992 
51 19 33 63 64 105 106 110 122 143 158 242 258 260 299 307 338 346 358 377 385 403 416 417 422 439 458 478 502 513 527 558 596 604 617 622 625 631 648 707 742 758 789 799 840 871 916 941 944 968 975 987 
48 1 28 30 57 92 102 124 135 148 171 218 258 264 266 301 345 346 348 349 352 380 381 389 401 420 468 518 527 536 546 558 559 561 624 660 661 682 707 742 797 842 866 871 899 904 953 954 962 
50 57 77 103 118 122 139 141 144 183 186 191 222 233 242 243 307 311 316 354 373 382 390 467 480 517 531 540 562 567 583 601 615 617 622 638 648 657 659 664 682 686 690 700 703 806 884 887 890 899 940 
54 30 46 62 92 100 112 117 149 154 169 174 211 220 225 237 252 273 278 317 320 337 339 373 410 435 443 503 541 558 561 565 579 682 715 754 782 796 804 806 823 825 828 838 839 868 875 904 913 931 948 964 967 975 994 
57 7 11 58 82 99 102 119 180 200 249 254 302 305 309 332 336 343 371 387 391 419 424 433 435 436 446 461 474 493 508 512 546 567 582 601 605 622 631 641 647 657 675 676 690 700 737 739 751 763 815 821 854 862 864 877 984 999 
51 3 4 46 69 78 105 112 136 144 156 197 209 235 271 324 368 412 417 442 452 463 480 506 526 531 532 534 543 544 569 603 632 640 653 658 714 721 728 737 738 750 803 809 822 839 841 844 882 913 946 957 
49 20 40 71 72 148 167 213 232 244 249 252 260 274 282 296 321 341 359 361 394 401 407 443 450 458 460 499 505 528 533 543 561 595 603 644 650 679 711 720 776 784 798 824 829 839 945 947 978 987 
61 14 18 19 20 33 58 73 92 94 95 100 143 154 160 172 194 237 242 302 338 353 368 403 412 417 433 448 458 463 467 518 531 536 558 577 583 589 590 607 617 633 637 659 680 699 708 722 734 752 787 805 828 829 832 860 888 929 934 968 993 994 
54 35 56 58 65 76 109 153 181 184 199 201 210 227 233 238 245 246 247 256 277 294 298 435 438 444 453 487 501 514 519 575 591 594 595 609 620 641 667 673 675 708 778 779 784 808 834 835 870 875 886 897 960 990 991 
43 19 27 48 107 113 139 147 175 193 246 264 282 293 294 300 355 356 367 401 414 421 447 459 463 474 476 530 560 580 633 643 653 683 689 725 731 742 755 814 852 863 916 955 
45 3 16 23 31 42 60 93 94 109 162 224 254 267 268 276 277 288 318 364 365 378 388 389 416 466 471 485 495 527 542 564 604 628 655 701 759 776 815 853 856 859 899 925 968 981 
52 43 66 68 79 143 176 177 202 210 222 240 254 305 319 341 357 391 392 428 438 448 453 465 481 508 514 522 545 585 593 623 628 662 679 710 731 759 768 773 789 805 807 824 835 857 867 884 898 949 959 968 974 
39 2 11 32 48 73 83 101 184 190 276 316 360 387 417 423 433 480 483 528 579 590 639 650 688 727 729 746 757 762 798 851 880 899 904 940 971 976 982 995 
50 26 29 48 53 60 93 128 135 140 209 222 257 261 311 320 322 329 331 349 401 407 420 430 441 453 478 479 523 557 564 578 609 622 624 633 638 647 672 676 693 699 729 736 754 825 904 910 957 979 990 
53 4 17 41 74 92 101 115 117 133 146 175 178 188 199 208 209 234 271 272 282 314 317 328 347 350 364 413 423 471 500 551 557 562 569 587 590 597 601 671 688 758 815 824 844 852 861 872 885 931 934 957 958 999 
57 8 13 22 28 185 187 188 208 210 218 219 227 249 275 318 338 345 366 385 386 390 411 416 420 440 444 498 504 513 520 525 534 572 578 581 583 611 616 629 645 650 671 683 706 721 746 774 783 790 827 852 864 879 898 920 931 992 
45 37 50 54 65 79 88 98 107 131 137 143 154 155 205 233 297 308 312 325 343 358 366 380 397 427 476 496 587 589 604 613 636 652 679 702 718 735 787 788 819 855 883 899 906 946 
46 25 85 87 135 155 172 230 238 239 244 251 306 319 320 326 347 366 410 431 433 546 559 583 610 615 639 643 653 668 669 687 692 725 741 753 766 777 820 836 854 865 883 892 959 992 993 
59 25 38 71 124 135 138 146 168 182 183 187 203 205 259 293 338 348 362 368 369 396 401 419 422 442 462 463 475 483 487 497 504 506 529 537 550 557 590 597 618 643 647 682 704 720 764 812 818 831 836 862 867 885 889 901 937 940 956 975 
60 1 10 20 28 38 45 54 89 91 101 127 137 180 193 200 234 238 247 262 267 282 285 303 307 309 340 365 393 408 479 514 517 524 532 547 560 588 628 653 693 694 698 726 732 734 750 773 792 798 805 822 823 829 842 852 876 911 919 955 995 
48 0 16 20 42 51 104 125 166 187 246 251 253 291 309 347 349 362 367 379 435 440 451 452 456 461 485 492 504 534 577 583 584 603 616 650 651 654 693 714 718 733 824 826 853 887 889 919 949 
54 30 43 68 113 117 123 130 134 140 147 209 221 236 238 241 244 265 266 281 283 287 327 351 376 380 405 433 459 488 513 537 538 571 583 601 630 633 638 650 674 684 686 705 759 763 789 829 885 889 924 932 947 960 990 
57 20 36 48 62 71 102 129 160 183 223 228 303 312 314 333 350 359 413 421 426 445 464 466 471 485 488 490 496 506 571 589 590 628 652 666 675 683 685 701 720 727 736 772 822 844 864 866 870 886 892 905 954 955 974 984 986 993 
61 3 4 14 28 38 43 76 81 110 158 162 175 226 245 252 260 262 265 300 305 308 320 336 376 383 417 429 436 461 469 503 528 537 558 574 616 626 659 660 685 699 700 717 719 733 735 751 758 805 822 845 854 861 867 886 934 936 956 959 975 996 
50 17 25 28 54 60 68 83 107 108 122 152 157 162 164 221 229 274 277 284 302 316 320 328 363 377 398 402 416 446 448 455 474 482 491 499 542 544 590 599 628 648 689 779 783 835 862 866 906 930 966 
39 17 27 47 107 112 161 163 167 222 223 224 225 236 250 272 299 324 386 415 435 444 450 460 489 512 519 520 546 572 591 611 684 715 716 807 886 933 951 956 
37 17 53 69 117 136 182 194 215 223 236 239 292 345 358 379 403 405 413 450 501 537 538 606 663 706 711 718 721 782 846 849 854 870 893 929 936 942 
39 9 50 54 81 117 136 147 148 150 210 234 298 300 307 324 376 386 415 458 483 487 494 522 540 561 569 650 712 743 756 775 779 792 845 917 921 929 944 982 
56 3 13 29 31 35 52 53 58 61 67 72 75 80 101 141 163 168 171 184 212 213 234 292 321 330 338 376 387 392 407 425 435 526 531 536 544 548 568 581 603 631 635 640 645 675 706 742 832 837 844 896 901 915 930 960 995 
51 8 9 13 30 32 43 65 90 103 113 118 121 159 163 237 279 359 434 454 495 496 508 538 540 543 547 582 604 611 649 663 665 689 703 709 710 738 756 768 782 787 790 796 800 824 875 897 900 901 977 998 
60 4 16 29 108 125 137 143 173 194 198 199 224 261 262 271 292 303 308 321 355 368 377 383 385 407 427 434 465 472 483 509 514 521 545 546 579 592 596 627 632 634 636 671 700 712 722 727 732 751 771 786 830 842 867 891 900 929 945 952 981 
52 5 48 50 69 71 91 95 99 103 112 128 143 148 161 200 214 266 289 344 354 366 404 407 492 516 536 560 569 570 592 603 621 628 635 671 697 713 746 766 778 781 822 824 849 850 887 905 927 930 941 946 965 
46 1 9 35 82 130 202 243 249 278 284 286 318 337 347 394 407 422 433 444 477 525 547 578 592 612 620 622 650 678 717 730 733 750 791 793 800 815 878 932 936 957 961 977 981 987 988 
39 22 45 63 78 90 91 148 161 200 242 268 279 281 287 327 361 433 449 467 488 490 491 499 536 543 583 584 629 630 709 724 743 765 799 802 851 922 937 978 
61 17 19 27 35 71 76 91 97 132 156 164 186 217 227 244 283 317 320 358 359 362 366 404 418 422 429 436 444 451 462 463 500 522 529 536 540 642 650 662 667 677 683 685 688 703 723 732 733 775 778 798 865 884 890 898 919 921 973 976 985 992 
55 13 17 24 28 44 52 93 106 152 166 179 217 231 271 275 282 288 291 308 331 352 353 363 398 445 449 455 472 501 530 547 580 607 618 621 628 651 662 676 694 696 719 743 750 758 765 801 824 836 837 853 900 908 925 930 
46 20 21 22 96 114 126 165 206 233 259 266 300 318 371 405 415 516 517 524 560 601 672 687 704 723 726 733 743 745 750 783 785 794 799 844 853 862 903 905 913 955 966 970 971 978 982 
47 17 63 64 87 112 145 147 160 176 203 227 233 263 265 274 300 342 352 377 387 422 467 470 478 502 579 580 632 642 661 695 716 722 757 790 800 822 833 839 841 844 908 916 925 963 969 995 
48 2 29 30 33 62 103 147 171 192 239 272 288 292 316 332 372 375 390 395 404 410 422 430 460 471 525 537 539 562 615 625 626 644 733 804 832 835 836 841 851 858 898 911 921 938 972 976 997 
50 53 84 93 96 98 126 158 176 195 208 224 236 264 268 284 306 307 319 365 377 406 512 520 530 536 554 566 589 618 619 623 629 670 677 688 693 707 709 712 723 731 736 780 790 834 851 936 956 961 988 
57 5 6 8 10 71 76 84 132 151 174 200 205 217 236 257 259 272 299 333 360 381 388 402 415 436 437 438 464 485 497 498 519 551 606 615 618 629 649 656 695 706 714 718 757 764 771 807 812 815 841 857 858 881 912 942 944 981 
62 21 32 44 77 93 122 124 143 149 163 171 209 250 274 284 296 314 324 346 375 401 424 443 462 463 466 482 486 494 528 533 535 546 573 583 589 601 623 624 632 659 689 726 741 746 784 792 817 833 843 860 865 869 887 888 898 900 910 926 935 982 993 
44 0 32 48 142 149 158 174 198 205 221 239 245 264 271 273 278 301 314 325 330 389 410 412 436 468 499 538 545 580 658 669 689 703 773 783 807 808 852 902 945 948 957 967 989 
49 60 81 86 97 100 122 145 156 163 173 209 212 230 280 296 302 317 323 426 441 481 496 504 528 548 553 563 564 574 580 598 625 628 645 655 674 732 736 755 760 762 792 844 867 869 870 945 970 994 
64 10 32 62 112 140 150 169 206 210 218 243 261 283 307 323 330 333 343 375 397 411 428 483 502 525 553 556 568 585 591 614 616 637 648 649 672 683 732 733 735 737 745 749 755 760 770 774 777 785 815 823 853 857 863 881 890 900 917 933 938 964 974 981 993 
49 0 2 17 60 178 181 184 196 217 235 240 277 293 316 328 416 426 477 487 494 527 552 577 579 630 636 648 652 665 691 701 711 732 744 780 802 804 848 855 856 861 868 903 908 917 926 955 961 970 
48 41 59 70 82 95 160 192 210 223 236 242 259 271 300 345 376 398 402 424 478 494 509 519 537 627 629 630 644 654 658 671 675 707 717 721 731 749 772 817 829 901 902 906 914 932 944 954 987 
38 22 24 33 89 119 156 163 261 294 351 357 358 361 375 377 391 417 424 440 471 478 485 518 541 651 673 704 749 752 790 794 800 808 817 835 887 907 948 
55 9 31 34 52 57 59 122 131 144 145 152 165 172 191 216 233 249 256 257 283 289 336 368 388 390 453 534 543 544 549 649 654 676 682 684 691 707 712 798 804 822 828 852 861 866 872 876 899 900 903 915 920 921 971 973 
53 2 12 47 60 68 84 121 125 137 146 162 171 200 217 218 240 243 249 255 291 326 330 344 378 394 418 420 520 564 570 572 631 632 653 655 672 673 678 704 751 765 775 776 813 818 830 845 851 886 917 946 957 986 
50 1 54 55 75 81 92 110 118 156 171 192 217 225 236 271 285 294 302 329 354 355 369 370 404 441 452 494 626 644 675 733 736 769 800 801 808 816 819 828 834 878 909 924 947 955 956 968 977 996 999 
46 1 3 47 51 66 84 90 125 162 185 201 210 218 223 235 250 293 297 299 316 320 348 385 391 398 401 422 453 484 509 576 584 587 599 602 644 660 669 700 731 749 758 806 815 852 928 
63 3 7 45 57 66 76 103 123 139 155 168 174 190 252 269 343 368 377 392 409 415 424 450 453 456 530 546 565 578 602 607 627 635 642 656 664 666 678 689 720 736 742 743 807 815 823 835 843 874 875 891 893 898 937 944 957 960 968 978 983 987 996 998 
49 24 38 40 47 60 103 157 172 188 205 219 263 268 298 310 337 338 371 376 393 459 463 468 526 527 548 574 610 648 660 682 689 735 743 756 760 763 828 835 861 892 909 911 921 939 947 979 980 985 
48 3 24 69 83 86 90 177 218 265 272 285 305 320 323 362 367 396 401 416 439 465 466 475 512 539 540 601 615 642 648 656 708 712 781 833 834 859 864 869 885 902 946 950 960 968 980 985 997 
46 35 106 110 129 162 200 228 247 254 277 284 298 321 333 348 365 452 456 462 464 549 560 605 608 609 619 628 640 649 661 673 691 706 709 734 786 792 803 829 842 851 878 896 924 948 993 
50 12 28 30 34 43 59 81 87 119 173 195 207 220 244 253 286 297 341 359 371 419 459 526 529 543 567 582 589 605 618 630 652 687 718 724 747 760 767 771 788 803 826 848 864 887 924 925 961 974 999 
56 6 42 46 68 91 123 149 166 175 181 203 219 249 262 284 342 346 357 381 400 401 406 416 420 423 454 465 500 503 516 521 525 526 551 557 559 577 596 642 657 692 698 731 750 752 774 779 796 803 820 822 834 860 881 911 983 
51 44 46 66 69 70 98 101 116 176 214 261 292 296 297 307 310 337 344 350 358 409 413 437 463 494 501 515 547 594 621 628 640 664 665 672 676 705 742 754 757 765 797 817 842 862 871 875 888 961 977 980 
61 18 35 42 91 101 139 193 197 213 215 233 239 257 278 311 319 326 353 369 388 407 409 421 423 452 461 479 481 487 498 507 520 561 576 589 606 613 616 642 668 692 710 711 713 735 738 801 806 835 858 866 875 881 884 899 903 907 919 928 939 993 
51 6 23 34 49 77 80 113 164 213 221 235 252 263 264 268 272 274 313 315 323 340 418 436 461 504 516 527 528 530 534 558 562 593 629 634 651 659 660 744 748 757 764 783 793 806 825 839 840 903 910 934 
49 82 91 93 104 127 136 158 239 249 252 253 262 295 302 310 327 328 341 352 375 380 384 387 419 440 549 604 619 632 656 658 659 666 669 687 695 698 708 718 753 764 772 801 818 824 844 868 930 982 
60 0 31 57 82 109 121 127 156 175 178 199 208 231 233 254 272 274 281 287 302 375 394 402 414 420 431 476 483 533 545 551 554 589 594 601 618 641 668 709 733 737 746 747 754 761 771 780 787 821 823 848 849 856 865 866 912 915 945 958 971 
45 70 92 103 106 135 157 169 180 191 206 219 225 254 270 273 322 341 395 399 404 411 420 457 473 481 521 541 591 609 611 649 656 674 692 697 742 836 856 882 901 909 917 920 928 975 
49 63 112 145 188 206 209 220 234 241 245 259 279 283 289 306 318 338 344 351 358 381 389 395 416 418 425 435 445 452 484 488 571 572 676 743 753 770 787 861 874 913 915 916 923 935 940 955 970 979 
47 10 17 62 75 83 85 159 166 222 298 308 332 345 356 364 393 396 402 405 451 496 526 534 545 565 574 612 616 643 651 667 691 692 734 752 762 784 805 815 830 880 883 884 945 957 967 994 
43 44 53 64 103 117 123 136 155 162 179 195 199 225 250 265 336 348 377 397 414 438 496 503 543 558 567 580 596 639 648 658 672 729 742 785 793 795 798 837 852 853 911 988 
61 0 1 15 23 37 61 71 105 106 109 111 123 163 185 217 245 260 262 306 322 337 387 418 434 439 444 446 454 455 479 514 545 557 563 589 593 626 640 656 685 691 747 751 769 772 806 830 831 833 853 868 875 879 883 888 928 948 949 965 970 972 
51 24 43 51 80 82 91 135 149 162 200 212 231 232 235 291 300 317 331 334 348 362 385 399 416 439 473 488 539 545 569 591 596 640 657 664 682 697 761 773 784 851 861 893 895 907 912 916 928 933 944 993 
34 47 65 94 114 218 230 244 263 294 328 353 356 403 412 421 516 569 591 615 628 629 692 750 769 838 885 888 899 902 920 922 927 968 973 
48 61 69 72 82 100 102 207 252 257 265 274 277 292 297 298 310 334 376 384 390 427 437 478 494 514 515 641 666 676 682 694 697 707 724 738 771 773 816 851 863 877 880 886 910 930 939 982 993 
44 22 31 43 76 82 102 123 157 159 164 205 211 280 298 320 350 352 405 406 423 427 446 450 469 483 508 515 519 546 593 595 655 658 664 671 672 784 795 837 876 960 965 971 976 
60 3 5 12 32 74 94 100 144 146 147 184 185 203 212 215 216 273 286 323 327 355 357 364 398 405 408 409 411 426 438 451 452 496 508 541 543 581 593 600 632 640 653 693 725 737 739 744 767 784 837 840 849 861 869 870 926 946 949 968 978 
45 22 37 49 61 94 102 162 171 173 202 230 311 321 323 336 339 346 366 377 405 416 431 457 512 667 686 695 707 714 732 733 753 780 789 806 816 853 871 882 888 904 939 940 951 992 
59 7 20 50 68 77 92 107 113 121 124 182 183 189 200 220 231 236 271 331 346 348 358 393 401 441 443 450 453 474 482 483 487 501 512 519 550 593 608 631 634 660 700 702 703 720 727 809 817 835 836 840 863 866 886 894 931 955 975 977 
47 42 44 45 77 80 102 119 135 229 233 237 267 296 298 312 358 365 381 386 397 416 419 439 469 487 494 525 537 544 556 575 598 620 623 663 671 690 692 701 738 745 780 787 805 851 910 921 
54 24 69 90 136 137 139 140 146 199 226 263 312 341 346 353 407 445 465 467 472 515 532 534 549 582 606 626 639 641 657 700 702 710 725 732 753 765 797 823 827 839 851 867 870 893 900 919 923 944 950 952 969 988 997 
59 5 16 32 70 97 116 165 193 194 217 236 248 267 312 315 329 340 353 367 374 385 451 456 461 484 507 510 515 550 568 580 619 637 644 647 648 665 684 687 691 694 705 709 711 717 742 745 775 805 825 831 872 908 910 959 969 974 986 994 
54 30 54 82 104 144 156 157 185 206 218 221 228 233 265 278 305 310 316 336 359 362 383 385 395 410 427 452 538 557 558 563 578 586 604 681 699 718 723 747 757 776 780 797 829 832 861 876 886 896 898 917 980 983 994 
55 3 11 16 40 42 49 60 157 166 176 188 201 242 273 291 296 310 364 373 375 428 437 450 451 475 494 510 544 549 588 611 616 617 624 630 645 648 657 703 722 734 753 761 764 774 782 783 806 825 843 865 871 959 992 998 
40 51 60 62 67 135 152 155 174 180 221 243 250 298 305 342 344 365 413 416 466 470 528 544 574 577 640 695 753 762 771 774 781 828 830 840 848 868 920 936 990 
52 2 28 42 69 90 98 128 129 137 188 189 239 291 309 321 347 348 350 365 366 370 376 394 395 422 434 452 460 462 479 505 546 548 610 611 656 676 700 731 751 772 781 785 812 838 847 855 875 878 983 992 993 
48 44 86 104 105 114 160 164 179 199 202 207 272 296 297 299 346 364 375 387 408 435 436 447 449 450 498 502 566 578 603 604 669 674 677 714 782 799 805 818 853 855 857 877 908 935 955 973 982 
48 28 49 129 139 164 213 272 274 278 290 291 301 319 330 342 359 376 425 474 482 484 491 507 527 535 549 574 590 597 603 666 677 688 713 719 746 751 762 772 779 794 846 865 866 895 900 909 971 
64 23 37 57 65 70 73 83 86 102 150 153 187 250 270 273 275 279 281 308 316 317 318 334 339 370 373 374 391 393 402 409 413 440 445 465 479 500 503 535 570 589 594 597 619 640 652 654 656 661 696 706 707 708 758 766 768 776 788 847 890 898 941 948 967 
34 0 78 85 86 92 137 182 187 201 246 297 313 341 354 395 427 442 447 461 526 544 558 628 674 711 713 728 747 802 816 865 874 955 981 
51 1 13 24 40 63 100 105 106 230 235 251 263 272 275 281 286 305 314 345 359 384 429 447 468 470 476 482 500 511 513 516 517 543 553 586 602 614 694 701 710 754 781 807 821 845 885 938 939 953 969 996 
46 0 1 4 19 28 33 96 151 156 194 267 291 351 357 401 424 429 435 474 484 503 531 567 589 650 661 685 686 702 779 792 822 838 847 857 866 876 879 900 917 932 947 953 956 963 995 
48 77 85 113 120 165 171 174 176 201 232 239 241 247 257 277 299 309 326 331 342 354 382 419 434 470 504 550 553 597 599 630 639 654 673 678 684 707 735 752 755 759 763 783 831 852 879 884 975 
43 9 10 18 30 55 61 67 73 75 147 154 242 252 291 315 342 352 363 384 385 434 455 467 512 534 555 577 661 674 702 733 752 755 778 785 797 840 863 909 933 938 977 995 
52 43 46 67 104 119 121 136 145 147 151 155 183 206 209 234 245 278 304 337 343 345 450 460 483 492 506 518 545 553 561 571 584 589 595 598 601 623 685 686 695 761 788 790 808 850 864 876 884 899 909 945 956 
68 5 25 39 79 86 94 105 112 114 127 129 137 138 150 215 220 221 247 249 253 273 282 293 312 313 337 344 360 394 404 437 453 475 477 504 523 547 550 552 561 567 578 601 614 656 697 706 718 723 753 765 776 786 839 842 843 856 867 868 879 908 909 929 930 949 951 955 969 
54 9 78 87 102 111 126 127 128 155 165 192 195 196 203 226 259 267 279 312 317 351 361 372 392 408 427 437 464 491 507 534 545 578 581 586 594 597 616 622 672 673 721 743 867 877 891 907 913 926 949 963 967 976 991 
52 7 17 36 47 57 66 83 87 98 217 224 244 248 268 293 298 343 358 362 379 383 386 453 462 470 475 494 497 552 563 579 617 645 650 666 688 722 745 782 788 809 815 854 869 929 935 938 955 958 971 979 999 
53 28 29 43 51 59 72 82 90 91 197 268 269 276 287 319 332 349 370 394 427 451 466 498 500 518 531 534 546 548 550 552 592 634 642 653 699 702 705 737 738 747 777 781 789 846 863 873 892 894 901 951 981 998 
52 4 8 18 29 47 52 74 88 98 104 128 133 140 143 153 165 198 226 250 265 279 311 326 343 347 390 424 444 456 468 503 515 529 555 579 585 591 598 630 655 672 693 810 814 839 877 881 899 908 915 954 989 
41 59 60 75 82 114 115 154 174 192 219 245 247 253 271 273 274 317 334 339 360 417 492 504 570 577 634 645 660 684 698 710 740 770 780 811 834 863 883 893 945 970 
58 8 30 60 72 84 108 131 144 158 164 202 214 224 226 268 283 294 297 330 390 469 488 491 500 544 579 580 593 594 601 602 622 640 641 643 688 698 706 718 724 728 729 737 748 787 793 805 806 808 847 863 866 898 916 923 934 956 962 
49 14 19 27 85 86 99 111 141 155 172 189 201 234 235 281 288 304 306 316 325 326 372 402 440 443 497 514 543 579 588 595 634 652 655 695 774 780 801 815 818 840 864 887 898 949 953 957 990 995 
44 16 101 127 145 159 164 214 245 269 317 325 358 377 403 418 450 481 510 511 513 519 548 552 558 581 625 649 675 683 688 708 719 724 740 749 773 805 815 875 899 924 927 929 986 
51 37 45 69 72 77 81 100 111 131 159 160 188 201 210 220 223 286 291 321 345 384 387 409 457 460 476 489 506 567 569 585 590 602 605 638 660 718 738 765 773 854 870 882 919 932 943 945 950 967 970 996 
68 37 46 48 72 74 83 87 91 100 127 129 163 186 202 230 264 269 271 335 340 341 349 365 375 376 378 394 406 420 436 448 475 486 500 513 514 550 559 568 579 655 680 682 684 685 691 708 709 715 720 722 757 759 798 812 833 854 861 868 876 892 904 908 926 931 938 974 983 
44 32 45 69 74 83 84 89 93 145 148 166 175 189 229 231 234 310 375 396 404 406 455 466 512 514 525 628 675 716 763 767 773 796 844 847 862 868 878 894 906 923 972 983 994 
48 48 63 81 83 86 90 109 123 171 186 198 201 283 311 363 384 402 443 445 454 456 476 481 486 489 547 550 569 571 572 593 607 610 640 666 676 688 691 708 765 773 808 811 819 933 943 946 987 
48 9 12 43 95 119 122 125 163 194 197 213 222 223 280 344 362 364 403 420 456 497 525 531 543 573 577 578 618 625 639 652 663 668 677 678 694 705 782 798 813 817 851 863 870 893 957 996 998 
35 0 5 67 73 81 115 144 167 224 259 266 275 285 290 293 309 361 377 396 433 511 577 619 647 684 716 743 754 763 767 814 845 872 883 969 
50 6 87 89 111 113 123 132 141 143 145 152 208 234 275 295 301 313 318 328 336 343 358 366 376 378 397 401 491 525 529 530 545 554 556 566 588 603 653 668 684 687 700 743 762 808 894 912 993 997 998 
56 26 33 50 95 109 137 157 158 161 170 204 219 235 242 258 260 278 340 354 362 371 398 403 404 415 506 527 531 559 582 592 619 636 641 683 689 696 704 731 732 737 755 756 824 848 854 862 864 868 881 905 920 942 957 982 994 
49 2 45 52 85 128 164 202 209 246 251 256 283 299 316 322 417 434 476 485 495 578 620 642 651 656 658 671 701 710 719 731 752 756 761 765 769 826 839 843 877 885 919 943 947 953 972 976 980 985 
47 3 19 31 38 49 50 61 69 90 91 132 137 163 248 255 267 269 271 293 362 416 428 467 472 500 502 513 581 624 646 674 683 690 707 731 763 782 806 809 832 876 896 914 931 969 970 992 
41 2 26 30 42 79 96 114 169 178 217 228 263 290 327 354 376 417 419 420 482 485 518 523 546 563 714 721 726 727 728 749 787 838 862 908 934 938 946 958 964 974 
48 29 32 39 104 112 124 141 152 176 177 218 234 245 261 306 343 348 355 375 384 392 394 422 451 452 469 478 486 502 512 535 542 571 604 628 641 650 659 679 706 758 774 843 872 907 916 924 977 
49 21 76 81 112 136 164 181 182 183 187 196 211 246 268 281 338 347 361 368 370 380 394 444 450 521 528 569 629 643 644 668 692 696 731 748 789 792 802 820 860 886 898 923 924 952 955 956 962 969 
45 39 61 62 94 115 116 133 163 171 208 225 227 363 366 376 378 384 423 439 457 494 512 542 549 592 603 604 606 621 629 676 680 685 709 739 778 786 812 826 828 861 909 922 948 974 
49 56 61 67 90 118 124 155 157 183 211 280 295 296 303 335 337 339 369 376 402 457 474 475 478 489 497 501 502 513 521 536 553 557 580 591 617 672 700 715 732 751 797 809 877 903 968 973 977 997 
42 26 42 54 81 101 108 141 146 160 179 208 219 245 248 277 343 369 395 501 505 507 540 550 561 587 612 627 649 697 709 727 753 766 781 826 851 870 886 905 920 937 958 
56 21 28 29 31 34 39 101 154 162 167 173 191 230 233 234 255 261 286 313 322 358 366 377 430 468 499 500 509 512 525 562 609 638 667 686 687 694 707 730 747 750 767 771 805 818 848 856 865 895 910 925 929 931 936 954 960 
53 24 45 46 64 91 111 122 136 150 154 175 183 205 220 237 260 262 277 280 297 316 320 325 327 356 357 360 373 386 407 414 415 476 480 502 515 535 560 573 601 627 697 703 723 752 767 780 792 807 815 898 975 981 
33 67 77 81 169 179 224 259 272 295 305 308 310 311 316 336 360 446 514 515 516 517 525 605 634 660 693 746 755 800 816 833 862 869 
65 5 16 36 71 114 121 133 145 152 160 165 186 194 199 217 222 233 242 243 244 259 278 289 346 368 395 419 421 424 450 488 512 537 546 592 593 598 609 631 643 651 658 686 690 702 719 735 766 767 780 786 787 796 800 807 812 853 862 869 893 918 920 956 997 998 
46 11 63 116 142 172 180 221 245 251 255 260 289 299 328 345 372 374 451 464 503 565 577 585 594 604 701 703 722 738 740 744 811 828 858 862 869 892 903 912 914 918 919 933 944 946 985 
53 13 57 63 104 112 121 136 155 163 187 208 213 239 306 308 320 323 342 375 386 403 407 421 433 443 460 462 475 503 523 591 594 604 612 646 648 654 657 663 665 678 691 748 764 775 799 805 832 837 849 895 929 967 
49 23 55 132 135 146 147 159 161 164 193 222 263 276 334 346 352 361 390 396 433 436 440 452 484 489 496 512 517 526 547 562 578 629 651 683 690 750 825 827 834 836 878 891 944 958 959 962 974 975 
52 51 57 102 105 115 121 138 202 215 221 237 243 254 263 267 272 313 321 360 379 382 387 397 422 428 451 472 492 507 554 567 587 605 640 656 669 741 757 765 771 773 827 854 857 861 906 933 934 947 950 969 975 
54 39 46 52 84 87 97 107 108 125 129 133 136 167 221 249 272 289 298 329 368 389 402 415 453 464 478 481 491 512 523 563 607 641 642 679 713 715 723 740 777 785 817 827 852 859 863 868 877 910 919 921 929 933 992 
44 0 2 9 11 22 29 31 35 40 44 51 58 75 96 121 138 190 204 207 225 246 324 430 433 468 494 544 550 559 564 581 609 670 748 752 764 768 802 879 884 896 921 977 978 
53 13 42 67 73 107 121 143 191 236 256 261 265 271 317 333 337 364 386 412 466 474 479 500 525 527 540 544 557 566 568 570 577 593 595 615 644 662 685 686 690 734 768 771 840 909 922 955 970 974 981 984 988 997 
49 2 45 53 65 67 101 115 116 122 204 228 274 277 288 304 307 311 339 372 416 426 441 485 490 493 501 529 539 543 549 577 581 654 657 667 670 687 719 726 731 744 745 825 855 923 937 945 972 989 
53 10 55 70 84 110 208 222 225 255 262 294 315 338 341 380 392 419 423 428 434 451 480 509 522 529 552 559 577 581 616 621 655 666 696 734 753 772 809 813 825 831 853 871 874 876 883 909 914 919 920 944 954 999 
33 20 29 64 122 126 130 135 157 170 282 363 398 415 425 428 460 468 535 540 547 552 587 592 664 690 731 743 811 863 865 878 933 999 
48 7 14 16 36 62 65 67 68 82 85 123 126 183 204 235 243 262 275 278 307 313 359 367 375 407 417 425 458 517 568 573 605 628 638 658 684 718 745 751 754 755 827 870 892 905 939 959 995 
62 1 16 48 71 82 100 124 144 145 186 203 209 210 245 290 307 308 342 352 379 391 446 450 455 485 507 513 527 534 535 600 648 649 652 657 659 682 719 742 746 751 778 781 784 820 838 868 878 882 888 899 904 907 911 914 919 922 935 945 947 950 978 
48 16 26 29 33 58 64 76 82 92 124 130 147 173 176 193 198 222 273 280 283 295 343 371 404 415 418 438 466 514 533 539 545 552 579 609 672 688 704 769 772 788 826 889 895 952 974 979 993 
42 44 51 59 106 133 138 238 264 266 270 292 303 351 378 385 395 399 405 452 477 500 501 512 529 578 590 606 637 685 762 775 782 791 808 841 884 892 932 936 984 995 996 
51 6 9 40 68 104 116 126 135 143 159 172 176 192 214 227 273 286 304 342 351 403 405 417 418 424 435 461 481 486 505 532 550 554 578 596 605 622 623 636 673 710 751 782 788 791 823 863 884 936 977 981 
49 14 32 60 68 75 81 121 145 146 171 178 202 236 327 336 353 375 416 420 442 470 496 516 522 546 558 581 602 612 658 667 674 679 760 796 806 810 823 847 864 883 884 897 901 950 952 970 973 994 
48 2 35 57 59 138 149 153 159 167 169 174 185 208 213 219 229 274 287 296 297 347 369 374 477 495 498 592 630 631 654 664 708 714 720 750 783 789 848 872 874 878 880 894 899 902 940 949 974 
59 15 59 61 105 155 169 185 200 218 228 241 244 249 251 263 280 285 294 332 344 345 375 387 408 415 443 454 473 481 484 500 537 559 568 586 592 595 602 652 679 681 684 691 723 732 743 782 819 825 830 832 836 862 883 898 910 930 964 982 
48 38 56 59 67 95 130 153 156 179 205 217 218 238 240 242 267 308 349 406 432 437 446 454 479 482 493 502 510 557 559 568 584 597 628 665 667 686 691 712 754 772 807 814 816 856 866 907 951 
51 66 79 83 100 123 149 155 243 246 261 289 290 291 312 321 323 346 402 419 421 465 473 487 493 533 545 557 575 582 603 685 711 715 716 718 766 767 788 793 798 819 823 834 836 837 859 861 873 923 929 945 
46 3 21 70 102 105 132 186 199 205 246 291 301 306 363 386 396 445 472 505 515 519 523 532 579 580 585 589 600 621 649 756 831 864 878 885 902 906 911 914 915 918 944 958 967 978 987 
45 7 25 68 136 143 192 223 233 249 256 261 291 300 302 313 316 319 367 379 392 409 415 421 440 447 506 522 563 602 621 623 671 680 682 742 758 764 772 780 809 822 927 956 968 995 
51 10 15 19 26 75 88 124 146 189 191 211 239 277 287 295 311 314 336 343 350 378 394 402 410 417 425 475 490 495 503 508 543 549 554 558 592 661 750 776 778 816 855 856 861 871 921 937 958 973 978 984 
44 17 31 61 79 99 113 130 154 166 180 193 214 220 227 228 233 247 253 320 333 358 360 361 406 418 450 460 503 504 543 545 568 590 709 715 716 756 777 790 803 899 912 920 965 
29 21 52 58 151 242 266 285 287 288 310 325 353 385 398 516 557 573 576 618 683 685 701 744 752 764 818 843 869 891 
53 11 18 44 45 50 62 68 136 143 146 183 191 211 232 241 254 283 294 339 345 351 360 382 401 448 480 502 506 548 557 565 568 584 606 607 613 643 726 759 805 806 828 854 855 869 876 903 907 918 942 949 960 970 
43 1 49 64 78 82 84 100 158 177 191 234 283 335 425 451 471 544 549 558 560 583 596 600 631 674 675 683 700 701 733 734 739 744 767 784 809 816 846 900 901 913 924 951 
45 1 14 49 67 92 101 105 129 177 244 260 271 287 317 318 336 340 344 383 388 389 398 429 433 442 475 480 521 534 543 570 577 584 588 596 640 684 742 821 841 852 876 897 927 998 
40 15 19 57 58 175 209 223 226 292 342 378 384 415 433 443 478 480 484 497 530 579 580 585 590 618 633 635 687 742 765 781 787 805 840 855 858 932 947 949 986 
57 88 101 102 115 137 266 269 281 311 322 352 355 367 402 404 406 438 446 450 451 461 469 488 492 495 513 521 528 536 548 560 573 604 605 640 641 648 649 664 689 759 763 777 785 813 827 829 856 875 877 904 915 917 932 950 957 996 
47 26 51 78 122 131 144 174 178 181 191 202 206 253 255 378 400 408 411 419 422 430 438 441 461 518 532 544 573 579 639 666 732 733 743 766 770 776 788 793 795 796 882 902 958 969 979 993 
42 4 50 57 142 148 150 156 166 167 217 233 253 278 342 344 379 455 465 476 502 538 556 561 582 587 605 670 704 712 734 736 748 749 768 771 781 808 898 912 922 928 946 
56 12 33 42 58 78 158 162 184 189 212 225 231 243 261 266 284 291 297 306 318 325 330 353 359 362 369 372 385 477 479 480 497 505 530 547 551 571 602 603 606 634 646 648 702 734 750 784 838 873 881 887 898 930 966 984 985 
43 4 46 55 81 90 106 164 182 189 191 217 286 320 347 355 379 384 455 484 486 517 528 575 585 588 622 651 763 768 790 802 823 828 837 902 908 923 929 932 942 943 986 998 
55 17 41 47 56 70 72 105 111 114 196 203 212 219 251 252 262 316 368 388 408 415 479 501 516 536 548 559 567 608 642 668 703 722 734 736 739 755 756 762 769 781 789 826 834 842 852 875 877 882 889 960 984 994 996 998 
41 29 47 76 79 103 139 154 156 190 195 210 224 226 234 259 331 336 389 421 460 537 559 605 630 631 651 682 696 714 731 740 742 766 796 813 858 902 911 940 951 992 
51 33 37 65 68 134 221 235 237 278 309 316 347 348 358 437 452 454 476 490 509 518 525 551 555 560 562 578 659 662 674 688 700 714 751 766 774 781 800 818 829 831 842 866 879 903 922 939 946 984 989 992 
44 27 43 67 82 108 124 126 135 149 159 172 212 300 318 385 405 434 444 470 534 535 551 577 584 594 603 607 620 629 642 673 681 761 763 767 776 787 793 816 834 863 958 979 992 
44 8 18 41 63 86 97 106 113 190 220 221 226 243 258 260 273 277 284 286 340 360 439 443 450 461 486 542 576 602 625 650 657 678 689 690 699 710 731 816 834 865 934 961 963 
49 31 58 88 89 93 100 104 144 167 175 184 229 284 288 306 308 336 344 350 384 421 437 442 478 481 494 509 514 547 557 573 608 633 655 721 736 770 794 807 817 864 885 888 893 902 913 923 971 992 
49 5 9 34 36 96 112 124 149 158 162 186 188 285 322 381 395 396 406 418 455 469 477 495 526 536 538 557 570 601 608 613 646 682 717 743 745 762 791 796 817 834 846 860 898 905 959 967 991 996 
36 28 58 110 114 134 168 171 188 243 255 304 324 337 345 361 364 373 379 397 416 425 502 570 610 629 634 675 701 714 715 801 806 822 901 910 984 
58 29 44 64 70 108 110 111 204 208 209 219 248 254 296 301 310 319 412 416 464 469 472 482 500 502 548 591 601 610 643 661 666 686 702 742 745 752 755 756 766 777 805 810 813 819 824 840 846 867 881 883 913 923 929 943 948 951 995 
49 23 38 49 83 85 89 111 118 136 183 211 243 291 299 370 388 395 410 426 477 497 503 506 551 576 593 628 648 656 665 667 677 705 706 747 763 773 783 823 838 873 878 894 919 922 941 957 965 976 
60 0 6 39 40 55 59 70 84 101 148 191 264 266 279 305 321 322 327 342 361 382 384 393 402 405 414 415 423 455 474 490 515 551 637 638 659 664 685 731 756 788 796 797 850 861 867 873 877 881 883 897 901 929 931 932 937 953 972 985 991 
61 11 25 29 30 33 34 78 88 95 100 138 152 168 170 220 222 225 229 256 305 306 340 359 361 373 437 464 475 489 495 498 515 518 549 571 582 607 608 619 627 632 668 669 671 674 693 708 710 716 732 736 793 809 820 823 868 890 926 953 996 999 
53 12 44 57 117 141 153 179 192 249 251 260 295 302 309 332 359 360 370 403 404 417 423 467 497 512 519 535 572 615 630 635 643 667 673 688 689 693 696 720 738 760 780 805 858 880 903 922 929 931 933 942 986 992 
49 0 4 25 45 113 115 144 153 157 173 251 263 276 283 289 296 303 350 351 364 371 386 411 421 425 479 481 489 522 535 547 561 626 631 632 664 665 679 702 731 754 791 802 851 862 883 890 894 969 
52 16 34 47 75 77 150 153 167 178 189 204 222 232 242 264 301 315 317 321 322 329 332 340 382 388 406 426 434 454 535 538 545 548 620 644 650 655 677 680 725 739 750 753 763 773 804 865 892 904 953 958 978 
52 7 57 67 104 111 120 122 161 162 177 234 240 250 272 295 303 314 319 344 345 355 356 364 367 378 406 457 474 486 529 541 543 544 546 582 610 613 619 671 683 737 783 799 821 833 839 875 920 931 946 948 955 
47 23 59 65 118 142 152 165 168 196 225 286 324 331 345 375 411 447 452 454 465 495 496 508 665 670 683 693 697 709 720 744 761 769 770 796 805 830 835 847 883 909 918 934 935 944 975 980 
52 0 20 31 42 94 123 144 177 193 195 247 255 262 292 301 358 388 389 401 405 432 439 444 471 474 483 501 505 516 517 539 554 562 586 616 646 677 708 711 719 746 790 801 827 835 842 871 887 893 968 985 997 
53 0 10 21 75 90 123 138 152 159 160 169 170 184 185 201 207 211 259 277 363 387 401 403 408 441 463 490 515 526 539 547 553 555 564 599 690 705 714 724 739 771 789 811 822 889 897 918 919 932 959 962 981 988 
57 6 21 22 36 39 41 44 45 88 93 100 106 160 181 185 190 203 226 227 238 250 260 314 319 321 338 370 375 398 399 406 412 430 484 501 538 574 589 590 630 643 656 687 744 745 755 781 825 827 835 856 880 885 892 931 947 982 
56 9 23 27 81 95 96 118 121 126 139 154 171 238 281 292 301 318 326 359 363 388 426 433 435 438 453 454 504 512 539 540 553 558 559 560 592 597 649 713 714 747 758 797 841 854 855 877 891 897 900 921 936 952 975 981 993 
51 1 5 16 29 58 61 68 107 116 121 153 163 193 195 212 279 285 293 294 305 307 343 367 410 412 418 419 451 456 535 543 562 589 633 635 665 671 682 684 694 707 732 789 809 811 826 879 886 903 907 994 
47 1 2 18 43 60 66 67 77 81 127 138 166 196 242 244 258 283 285 296 305 336 384 390 397 417 455 464 513 528 565 589 616 617 633 651 655 695 709 762 809 822 855 862 887 916 925 967 
42 10 31 53 59 72 85 93 100 130 135 173 193 204 216 226 253 264 301 319 337 358 396 513 570 580 582 595 621 632 652 657 677 680 694 700 774 788 861 885 900 907 941 
48 16 46 49 58 68 111 125 134 141 146 203 224 235 250 254 261 315 349 354 362 384 478 530 532 575 580 601 611 614 615 642 655 678 682 689 710 735 748 751 754 774 782 785 850 865 892 919 972 
55 12 17 42 44 48 56 58 74 76 107 117 121 153 161 217 243 275 317 338 343 350 360 367 376 404 436 471 482 505 565 567 571 578 584 590 615 649 652 672 718 739 764 774 791 799 801 811 824 859 865 875 884 930 956 997 
53 76 80 83 99 111 144 154 172 190 216 220 246 277 280 285 287 292 296 330 361 369 394 396 405 409 425 483 495 507 520 535 549 564 566 582 585 599 626 678 682 683 714 716 730 762 797 816 901 910 935 969 972 997 
46 2 18 55 61 68 120 140 187 192 208 217 232 255 279 329 391 394 399 424 501 534 572 583 591 609 648 661 662 666 692 704 713 740 808 810 819 837 847 880 913 930 947 959 968 992 994 
57 4 11 13 62 114 115 118 135 137 152 153 166 186 192 206 227 236 237 248 253 303 324 386 387 401 408 411 479 480 534 537 548 557 588 598 602 612 624 635 637 651 658 663 664 674 677 816 846 859 867 880 883 889 915 975 986 993 
45 18 46 81 85 142 187 223 227 283 293 305 317 319 342 359 373 384 393 408 445 474 494 504 526 543 560 602 609 629 657 670 671 721 740 744 762 768 774 805 807 893 896 938 950 982 
55 23 25 30 36 59 73 94 119 125 128 151 158 184 218 229 260 276 284 318 339 372 382 396 403 404 427 447 484 501 544 617 620 624 628 637 672 701 707 717 720 734 735 760 772 774 808 810 827 836 895 907 952 957 974 991 
