200 1000
711 716
329 827
833 1399
905 1260
400 1166
280 1075
504 1299
381 1038
450 1364
835 926
720 866
783 1433
368 925
9 733
872 1810
726 1300
792 978
77 740
561 818
173 558
868 912
513 1064
111 398
957 1210
503 699
980 1196
501 1064
452 776
388 708
691 955
646 1038
771 1235
263 1261
857 1055
94 688
234 290
869 1611
192 530
390 1280
849 1301
707 1483
240 811
699 890
167 786
227 536
977 1479
148 152
435 537
947 1064
726 1635
390 1017
738 1374
123 143
375 627
123 923
2 246
234 1123
177 615
351 733
326 918
152 988
508 766
182 315
335 803
243 341
816 1319
959 1471
71 1019
115 1022
893 1624
542 1504
862 1674
384 1054
556 921
928 1380
236 816
317 1211
387 899
772 1615
375 430
702 748
199 477
29 374
230 400
891 1202
70 429
572 725
480 494
801 1332
923 1227
900 969
775 816
142 948
878 1253
89 1081
703 1210
573 1034
511 1010
420 1296
399 843
511 1371
868 1191
355 438
528 980
121 150
138 403
40 222
253 528
300 894
199 1082
297 412
455 931
782 1131
84 222
420 457
466 1431
651 1460
600 1317
304 314
416 830
286 1087
602 1187
639 1452
873 1394
924 1872
997 1778
979 1064
151 334
320 923
786 905
510 682
740 1059
900 930
441 1246
99 929
498 1308
31 1005
569 1494
736 1615
39 220
938 1144
223 546
469 1134
764 1745
333 438
218 291
391 1077
505 959
438 922
759 1604
110 811
24 866
347 489
280 1269
935 1836
382 698
861 863
326 689
943 1930
664 674
152 876
664 1193
825 1652
372 626
191 1146
224 332
86 856
236 636
579 744
294 504
850 1673
468 559
186 1183
433 1329
824 1692
904 1753
294 1227
392 772
730 1725
672 1398
560 651
66 370
119 486
953 977
597 1439
860 925
300 1206
25 88
828 939
931 1267
411 1253
100 1031
793 1258
866 1465
42 259
432 488
347 936
348 1278
857 1042
316 316
537 1034
40 1009
550 958
80 992
66 234
239 648
157 1082
508 1333
314 518
267 464
727 816
833 1007
827 1327
971 1942
324 768
962 1660
663 691
70 421
212 1180
728 1566
236 357
525 724
985 1428
628 1461
710 759
878 1099
17 867
955 1820
341 526
966 1863
454 665
558 731
220 449
136 188
295 558
52 347
761 796
811 1711
700 1653
821 1580
304 1125
904 1191
861 1675
699 776
951 1495
354 478
489 511
226 327
448 806
901 1139
737 1596
58 293
246 655
974 1834
385 1294
544 936
12 329
502 697
44 652
728 1437
624 1159
229 285
185 529
933 1631
964 1471
483 703
735 1537
494 798
48 402
278 354
631 1083
898 1040
573 1498
399 717
48 964
561 635
565 765
770 1434
113 729
134 855
363 598
616 1122
310 985
625 1286
126 747
793 872
91 322
979 1145
170 606
248 768
461 1152
749 1366
610 1073
599 1297
233 815
631 983
845 1542
243 718
153 371
831 1233
758 923
716 1381
332 486
201 1045
194 454
998 1002
487 615
310 699
825 1300
368 513
344 661
358 376
255 707
381 1167
82 799
747 1079
556 694
550 704
145 417
845 1055
666 832
791 1602
305 1095
808 1089
621 1317
656 1135
945 1787
887 1484
546 960
399 1229
873 1178
204 420
472 1059
132 714
477 1325
777 1243
790 1426
118 1019
821 1425
113 362
255 411
389 1116
294 560
425 1184
428 1113
96 730
18 840
403 613
88 417
477 574
887 1501
374 511
759 1316
462 1065
660 1377
189 273
186 1041
289 667
880 1532
556 1101
901 1092
264 638
470 626
718 1212
220 809
34 912
521 1112
332 508
943 1923
774 860
569 1506
174 537
278 929
447 717
779 961
757 996
71 788
509 801
128 958
972 1634
349 560
787 1746
236 828
280 750
761 1590
202 1035
385 894
578 1165
390 1112
811 1605
212 620
82 932
264 602
1000 1063
765 1079
560 782
686 1601
648 1422
18 463
359 1189
335 1082
10 297
398 850
237 855
454 1397
346 753
508 543
590 1387
540 1397
576 635
536 626
215 300
884 1016
930 1649
188 417
147 386
624 916
141 1088
984 1373
835 1556
642 1415
842 1410
294 830
192 1153
83 471
602 855
610 1332
956 1549
45 942
646 1385
32 42
14 68
332 1055
21 572
428 1262
241 363
252 444
32 392
7 91
627 874
722 1067
216 1032
896 1087
231 586
182 364
954 1237
558 1182
232 875
143 836
851 1289
766 1561
910 1719
80 690
951 1750
42 870
982 1687
873 1617
609 850
495 1166
868 1220
303 696
676 1303
96 903
423 495
945 1826
245 524
902 1331
987 1720
5 363
902 1336
620 1540
559 985
674 1616
828 1331
538 1158
338 991
316 678
677 1350
522 1237
914 985
709 1335
821 1622
484 1069
295 832
801 984
614 816
733 1358
292 703
24 249
664 1315
211 324
809 1163
345 1146
490 576
513 786
730 1462
479 893
971 1081
504 790
620 1313
803 1051
720 967
772 1460
716 1012
943 1805
70 879
879 1548
131 265
307 407
957 1854
320 1164
402 1069
511 1442
821 1142
566 706
817 1039
932 1267
836 1553
370 549
86 259
887 1246
928 1401
321 477
819 1571
868 1603
517 1041
13 20
386 474
922 942
88 722
435 1399
118 741
814 1456
927 1913
388 1200
599 874
818 1525
533 1100
846 1478
37 957
685 1056
295 747
105 993
349 902
405 776
879 1667
72 1060
948 1497
377 781
318 445
87 121
19 952
812 1153
403 636
406 991
103 273
40 872
889 1053
599 795
927 1326
1 823
667 1353
948 1049
955 1381
484 1137
394 1139
975 1330
465 791
234 896
118 479
91 110
447 812
632 735
290 593
146 571
101 195
97 410
461 1448
419 510
573 1166
178 743
321 555
938 1643
862 1085
947 1864
797 1298
978 1610
959 1818
197 433
146 596
189 431
61 424
973 1805
640 705
61 434
441 552
542 805
617 868
538 1007
67 887
100 273
363 1147
309 1036
273 1024
645 1447
125 1068
518 717
225 1046
82 560
508 747
456 727
428 1377
670 1585
923 1635
277 1198
96 759
197 600
88 708
148 973
316 764
686 1396
653 1371
854 1810
982 1305
105 206
775 864
727 1429
256 744
592 850
430 841
140 1000
611 1177
192 1149
326 866
484 933
922 1746
504 773
916 1792
958 1095
676 1118
210 1088
734 1492
577 841
549 748
533 1100
172 576
616 736
733 1524
210 446
393 1229
275 964
337 630
556 746
404 562
415 488
131 409
890 1638
159 437
204 810
17 43
671 783
813 1468
87 437
730 1543
200 242
922 1592
68 178
629 780
987 1914
630 1188
359 502
717 1208
513 517
94 596
599 1062
333 425
949 1767
592 1010
392 674
861 1488
436 927
952 1419
457 1123
403 910
771 1575
858 1693
214 229
723 1604
859 1251
889 1346
929 1569
309 771
66 405
513 514
167 954
456 894
231 426
533 844
437 1408
731 1057
540 851
97 304
187 460
517 675
856 1186
799 1736
296 1139
376 383
304 1169
245 685
917 973
108 712
21 954
294 969
413 711
534 728
649 1214
248 567
852 939
896 1162
845 1094
25 970
23 946
331 889
880 1773
847 1742
940 1422
450 587
864 1072
480 750
680 1352
525 863
701 1042
120 609
278 954
331 580
440 1355
290 1253
276 387
466 1311
483 1123
564 1428
161 525
199 934
32 622
653 884
281 1267
912 1484
329 1114
616 1340
582 1147
507 630
730 748
288 509
672 1590
448 859
822 1471
88 234
349 568
76 648
243 697
282 624
492 1360
220 1085
71 309
797 1311
769 1323
712 1332
677 992
445 993
589 1193
315 888
476 1199
342 588
83 303
43 414
383 1327
321 506
941 1126
908 1664
791 985
905 1334
523 1241
8 574
266 1207
43 628
944 1009
642 692
78 997
713 1472
43 1003
955 1907
574 1040
136 949
621 910
255 547
843 964
988 1318
628 776
929 1267
340 1250
47 446
515 1197
723 1227
771 1159
777 960
151 925
633 1552
658 1649
179 270
926 1433
181 674
98 941
556 1124
613 974
687 1225
447 1283
154 922
601 749
24 674
340 671
182 807
903 1824
72 184
961 1132
121 469
272 428
344 413
218 1023
592 1211
981 1517
724 1079
427 1091
468 1018
835 1530
428 877
703 1465
415 701
471 901
134 913
632 1048
480 1008
965 1147
817 1676
674 691
592 1133
573 699
319 730
284 1150
776 804
664 1222
175 1021
220 493
225 648
65 892
310 330
576 845
286 831
828 836
65 977
531 717
810 1790
145 675
925 1125
688 1433
23 844
331 363
152 626
723 966
999 1444
213 522
699 1622
532 1010
55 230
533 1500
391 482
818 1666
799 1357
887 1705
758 1734
714 1208
969 1552
288 976
247 780
683 1169
351 835
685 1256
985 1032
428 712
702 914
17 551
489 610
132 1089
773 1773
958 1417
319 836
617 1077
483 1150
953 1740
241 460
41 230
75 1065
880 1439
869 1394
261 902
216 581
611 1082
329 682
640 1157
891 1880
260 437
664 1093
832 1126
393 780
815 900
774 1342
798 1226
353 586
778 1253
167 853
748 1493
63 689
955 1569
821 837
78 392
705 745
833 1789
94 1030
608 1292
152 662
456 620
808 1073
684 741
486 1379
297 916
907 1580
380 738
182 712
282 513
607 1226
872 1792
619 1012
568 640
57 822
217 248
409 821
604 1533
328 672
588 1497
925 1150
794 1178
685 1685
788 852
677 1177
256 721
720 1188
663 1596
548 882
805 1690
250 968
26 46
233 552
828 1503
539 1534
428 750
895 1892
940 1000
549 1355
329 414
117 1066
26 97
883 1876
549 1110
949 1568
277 509
532 549
318 756
913 1905
937 1722
122 308
676 792
34 218
687 802
593 1527
673 824
387 1158
956 1832
563 855
282 863
546 754
538 1503
848 1810
483 983
472 1104
788 793
363 598
499 1244
905 937
485 905
745 1152
49 22 68 78 84 98 142 148 155 186 238 243 312 323 362 370 386 399 411 441 442 446 471 481 497 530 578 581 597 639 656 669 698 702 740 763 773 778 795 848 865 883 897 898 915 924 935 936 957 976 
59 18 44 59 71 93 131 141 156 158 177 250 262 264 271 329 332 355 364 379 381 384 398 432 458 465 466 475 477 500 533 591 610 636 648 656 657 660 690 718 739 757 762 768 796 797 800 857 858 885 896 912 914 922 934 940 941 964 976 987 
41 0 11 31 51 102 145 184 211 237 251 267 321 326 353 373 383 398 450 470 479 494 497 503 582 598 664 686 696 699 703 721 794 844 848 852 895 896 916 924 940 960 
40 56 77 98 99 198 240 289 291 333 342 346 349 365 373 394 408 434 448 473 487 504 531 535 548 555 596 600 629 644 770 786 806 828 832 860 906 918 936 978 988 
54 2 3 30 41 51 83 129 139 158 169 172 196 197 201 284 288 311 336 339 345 348 354 358 435 502 520 555 585 594 618 650 670 675 691 701 739 751 757 778 785 793 838 857 874 902 903 924 931 932 933 942 952 962 973 
42 6 27 38 65 77 78 83 109 171 199 244 248 252 270 279 293 309 325 332 421 481 489 530 541 596 607 615 623 664 724 744 757 764 807 819 847 862 874 941 942 963 964 
40 55 82 89 110 115 161 246 256 304 322 326 330 358 363 394 406 418 420 434 447 458 502 550 569 685 712 716 729 752 803 820 852 858 890 921 923 943 952 969 994 
41 10 34 37 38 75 92 139 163 167 211 214 216 260 298 324 337 345 367 397 449 457 464 489 544 547 558 573 597 614 650 734 783 812 866 883 885 911 929 936 943 988 
52 27 35 36 49 97 124 131 210 215 216 282 311 313 340 341 350 371 380 390 392 401 415 416 429 432 444 472 477 500 517 537 541 549 571 580 595 598 646 648 669 687 769 829 852 863 905 931 939 940 941 948 979 
36 19 35 81 93 103 116 128 157 173 213 239 242 254 273 280 294 300 311 314 336 341 361 369 384 403 414 431 449 498 524 543 555 644 732 839 894 
51 23 33 48 104 126 155 319 322 398 414 418 433 440 442 456 478 498 502 506 530 554 569 607 617 619 631 645 646 654 661 669 673 680 690 711 725 727 746 752 781 784 786 850 851 878 880 902 908 940 954 982 
43 25 61 73 162 175 208 243 255 266 301 325 333 362 368 415 437 448 452 485 502 558 568 590 594 621 694 698 707 718 740 741 760 769 776 792 839 851 874 906 914 916 967 987 
54 2 32 35 47 59 60 79 90 106 109 114 128 139 177 186 189 218 283 288 331 351 384 396 399 417 431 528 542 551 552 556 577 590 614 616 635 667 679 715 718 720 728 757 774 797 802 820 849 851 857 877 888 945 993 
60 2 3 20 40 76 99 110 131 158 187 210 220 231 253 258 274 281 285 289 294 300 321 338 365 371 373 378 379 382 393 411 426 435 451 458 488 495 512 532 587 594 629 677 720 757 784 793 801 805 834 859 865 869 883 940 952 957 978 980 991 
52 26 27 62 96 111 138 168 176 181 204 207 213 250 255 268 290 335 338 348 357 413 416 463 478 484 497 498 505 529 547 550 566 578 593 615 616 629 646 683 717 728 786 787 788 816 838 843 887 958 989 991 996 
53 11 17 60 84 89 118 132 134 143 144 145 180 215 227 229 232 264 361 375 419 422 549 565 566 573 577 605 647 655 677 681 701 712 723 724 754 760 774 779 805 822 828 834 840 856 904 943 953 961 972 975 984 985 
49 10 34 49 80 84 94 118 124 161 214 232 239 278 304 317 383 400 439 445 458 460 511 517 534 536 571 581 589 617 627 657 672 684 702 714 755 757 818 819 843 855 869 875 915 940 955 969 978 992 
61 1 12 31 41 56 62 66 77 102 217 229 231 235 237 243 254 269 271 296 309 334 338 345 347 353 367 421 422 441 444 463 485 490 514 537 546 554 557 572 584 627 652 659 681 691 717 726 734 736 754 759 784 800 823 836 852 873 905 923 963 964 
47 17 39 46 66 88 106 119 122 139 140 142 168 209 219 277 309 319 365 369 383 420 451 482 530 548 549 589 599 618 624 628 630 663 712 713 741 758 777 789 796 799 822 831 902 910 954 994 
40 13 30 51 85 94 95 129 132 140 158 178 186 187 229 270 332 404 433 488 497 504 512 544 562 575 596 625 683 711 758 762 784 795 833 841 857 922 963 978 985 
46 25 35 44 95 118 146 194 210 248 254 265 280 299 346 354 358 400 402 464 480 481 518 531 547 561 570 599 662 687 696 722 727 742 750 772 784 819 831 883 893 902 921 922 927 932 981 
50 29 30 66 101 154 167 206 243 253 255 257 285 306 339 366 395 504 518 523 549 565 574 581 596 605 650 654 671 681 708 712 717 765 771 798 803 841 863 880 884 918 926 934 945 953 954 957 964 976 977 
55 26 67 83 84 85 107 108 123 135 147 151 154 155 167 181 188 204 214 238 308 324 341 357 363 388 394 412 432 435 466 515 549 559 568 588 593 594 653 654 657 670 675 694 697 714 735 741 780 824 831 851 856 936 943 999 
53 29 45 47 50 59 64 100 108 121 144 175 200 209 217 218 229 231 253 257 264 291 320 325 328 345 369 443 465 468 479 513 542 546 570 577 622 648 649 655 662 727 766 768 777 823 844 867 868 876 912 966 969 985 
59 32 36 44 108 115 133 138 153 196 220 226 298 302 356 358 363 367 370 379 380 385 404 505 513 518 519 522 530 535 544 583 601 604 612 620 641 655 658 660 665 674 676 727 765 767 785 810 811 827 883 901 926 943 946 955 957 960 965 984 
45 15 17 25 28 52 76 138 185 186 260 265 285 321 325 327 333 365 376 404 428 430 478 495 509 511 516 517 536 548 565 584 589 651 669 694 707 712 734 739 776 813 814 883 893 940 
52 17 21 26 30 40 50 77 79 87 92 140 141 158 169 171 175 199 260 267 318 321 390 395 398 417 420 427 437 499 559 578 590 591 635 671 692 694 736 740 748 752 761 763 795 832 922 934 950 975 993 995 998 
52 47 52 73 83 125 135 156 160 174 181 195 214 239 240 244 271 278 282 287 302 303 321 357 375 378 399 494 542 564 587 592 611 612 642 649 671 676 725 750 779 829 841 851 853 873 910 915 918 929 952 953 999 
53 9 10 44 67 72 76 99 172 195 219 232 243 290 296 309 319 366 417 438 452 464 468 499 512 515 527 558 568 576 595 597 603 628 641 666 704 708 727 737 756 771 784 787 797 808 809 864 886 924 942 952 953 985 
52 11 53 77 95 109 113 114 137 151 165 182 187 188 205 281 296 302 346 347 358 400 408 423 432 434 496 525 544 551 552 560 577 599 600 618 659 664 685 714 728 734 738 784 810 829 838 867 877 882 926 984 992 
47 9 17 54 64 65 85 146 186 192 220 241 264 287 311 319 328 347 349 366 380 403 455 457 459 464 568 572 602 609 657 666 669 681 764 774 820 822 830 860 879 887 893 899 935 953 967 968 
52 11 19 47 85 93 123 157 193 214 218 230 239 241 245 258 267 268 278 310 317 337 352 393 418 435 449 450 472 486 503 531 532 559 568 582 596 628 635 656 669 721 734 743 829 889 894 899 908 942 954 979 985 
50 121 158 166 181 189 191 198 205 223 226 255 260 280 295 305 312 315 356 414 424 443 453 455 466 485 491 507 520 540 580 599 611 614 648 684 716 789 800 809 822 849 853 876 884 895 909 922 931 963 966 
56 14 31 36 52 54 93 104 106 115 146 164 203 228 240 244 247 255 284 289 292 315 326 332 358 366 396 422 445 506 507 542 556 566 596 627 628 658 670 731 736 742 761 773 794 810 811 833 841 843 849 866 878 916 926 968 984 
53 20 63 80 133 136 138 162 190 215 254 259 309 310 319 380 386 410 415 427 445 446 447 453 460 480 504 515 520 524 534 564 573 612 618 627 646 669 681 785 787 798 801 810 856 878 895 903 906 915 916 938 974 977 
50 9 21 35 37 56 66 84 100 119 132 143 189 194 205 230 234 239 247 258 279 312 313 335 339 383 407 436 470 501 513 532 552 556 569 597 619 654 657 677 728 745 754 757 771 807 823 840 890 941 984 
57 3 39 61 139 149 154 159 196 206 210 218 227 243 245 256 264 267 268 273 304 313 327 329 331 359 362 407 417 431 451 453 454 480 514 518 535 538 564 608 652 701 740 759 773 786 790 796 811 812 859 867 929 981 989 993 995 997 
49 36 38 46 100 113 134 154 186 195 197 198 241 244 261 301 312 347 380 387 451 460 471 478 479 494 508 523 529 547 563 598 641 647 648 663 666 699 716 785 793 799 808 868 884 917 944 952 992 995 
45 5 11 78 91 120 123 143 149 172 174 176 179 188 191 205 206 208 226 233 241 242 244 267 291 319 335 453 509 557 584 592 612 680 685 724 726 818 854 899 910 923 924 928 970 973 
47 26 96 116 128 151 166 180 209 308 320 331 337 339 365 379 457 477 479 498 508 512 517 585 589 663 681 690 700 712 716 720 722 726 775 809 815 833 850 853 876 888 889 893 905 925 933 996 
57 8 21 31 58 68 78 94 126 135 141 147 152 157 158 160 220 223 230 272 330 359 365 373 406 408 410 423 428 459 531 543 575 632 660 707 763 766 812 819 820 832 838 845 852 855 869 885 886 888 889 898 932 934 965 968 969 992 
52 5 35 45 66 81 97 124 133 149 170 175 191 195 203 226 257 286 325 346 365 382 426 443 453 462 475 506 540 583 588 643 658 660 673 678 684 719 736 749 752 826 838 849 865 868 878 881 921 963 979 992 995 
51 1 43 69 73 120 135 147 170 206 226 236 295 297 301 303 306 346 356 361 383 384 401 476 498 520 542 548 569 596 615 633 683 702 707 719 731 736 746 810 813 828 854 856 868 871 883 886 906 939 955 990 
46 1 10 16 21 54 56 120 169 171 231 274 294 332 345 346 348 362 454 467 516 546 603 614 639 655 689 749 753 759 760 786 789 807 814 816 833 848 853 882 897 915 957 962 985 988 992 
50 1 28 43 55 56 94 147 166 180 184 209 238 239 275 280 283 301 328 339 365 370 435 449 464 468 482 490 493 517 520 558 573 576 645 652 682 687 710 713 740 762 797 813 842 873 921 922 927 994 996 
45 19 37 76 181 185 188 203 207 230 248 253 278 296 403 410 413 421 424 457 484 489 501 505 603 631 645 667 725 732 733 736 788 820 821 839 863 870 883 894 933 938 945 965 968 989 
55 13 35 59 67 100 121 131 164 191 216 222 255 295 296 304 358 397 413 415 439 452 483 484 521 544 556 567 586 588 590 616 619 659 661 676 729 771 779 788 799 801 815 844 864 898 924 934 940 961 965 971 973 977 985 997 
45 43 73 113 122 123 131 150 153 171 178 215 229 262 271 297 353 377 396 406 409 421 434 446 484 495 497 532 535 586 616 623 629 633 648 662 781 791 819 832 855 869 905 908 914 946 
55 45 57 67 75 76 78 149 150 153 159 166 168 214 235 238 287 288 296 301 346 369 371 395 425 428 433 436 441 448 455 469 484 493 509 518 542 545 556 559 577 578 650 673 686 695 708 709 719 724 812 892 913 928 968 986 
53 2 79 81 92 105 117 132 137 138 146 156 178 181 218 261 291 318 334 340 346 353 372 393 401 428 461 468 478 480 498 615 616 645 672 716 731 746 748 749 770 807 835 853 874 890 894 897 904 914 921 922 924 955 
52 2 15 28 38 78 82 89 155 174 180 221 256 320 325 350 356 385 398 447 464 470 487 491 503 508 529 541 565 587 607 615 617 621 626 640 682 691 698 703 713 768 791 794 798 831 841 849 909 918 950 964 993 
59 14 31 33 42 65 66 69 76 104 121 193 217 226 236 244 254 266 288 311 346 360 372 374 389 391 429 440 455 463 491 517 566 575 604 633 640 648 660 676 692 719 730 736 740 742 747 752 771 776 781 787 791 810 818 821 850 955 956 998 
55 54 77 119 134 165 185 198 219 226 247 255 266 283 302 304 305 316 320 321 344 353 386 398 399 400 403 441 453 477 508 510 551 573 595 600 643 670 693 714 717 738 744 745 796 806 814 848 856 905 921 932 944 954 976 987 
43 12 24 58 92 97 106 126 145 148 192 227 259 265 302 310 333 334 337 373 395 483 497 521 604 610 691 702 706 709 713 723 731 782 872 891 908 910 921 922 936 945 972 997 
44 9 13 26 37 39 54 67 70 72 82 103 133 155 156 302 308 311 321 333 401 411 414 426 431 456 531 582 591 645 646 722 751 781 787 798 828 842 870 905 909 918 945 956 969 
48 9 47 61 66 71 96 106 131 132 133 142 231 238 278 279 284 338 347 349 363 374 390 395 407 442 446 465 518 522 596 630 634 675 678 730 772 787 834 841 869 874 884 907 910 922 940 942 961 
48 13 16 30 65 78 106 138 152 160 165 202 213 247 266 309 344 379 403 461 489 492 511 519 579 615 616 620 639 678 694 722 778 784 810 845 851 879 889 891 897 907 909 919 926 966 970 976 998 
45 4 5 10 49 58 63 64 96 126 143 152 156 186 194 234 248 250 266 320 335 345 349 361 406 477 521 537 587 595 624 682 700 757 808 825 838 856 866 873 892 902 915 956 969 970 
50 7 10 32 51 63 84 95 126 139 153 166 168 190 195 205 245 279 299 345 372 446 447 452 456 466 479 481 490 501 535 539 558 584 595 650 657 666 712 720 726 793 829 852 885 892 899 903 935 952 970 
48 4 29 51 52 111 116 122 211 253 264 283 289 340 350 400 421 454 459 491 530 535 560 566 579 580 585 596 614 648 654 673 702 707 708 712 728 743 788 804 841 860 896 916 926 937 953 955 973 
52 25 57 76 117 129 133 168 179 200 217 241 242 245 298 300 310 317 323 340 354 357 369 370 404 442 460 486 493 525 539 565 567 583 648 657 714 716 725 729 748 763 819 821 825 868 924 926 953 959 966 976 979 
38 48 54 98 122 166 167 176 203 217 260 264 281 328 413 437 495 521 545 558 578 615 629 656 657 664 666 667 684 715 748 862 883 888 942 963 970 988 993 
53 50 58 62 71 91 130 146 202 239 253 289 312 322 336 346 355 359 372 388 392 465 466 481 492 501 568 574 579 631 634 672 675 735 769 775 790 795 797 805 835 840 867 888 897 905 919 928 936 943 959 964 989 997 
37 14 30 83 86 111 127 179 207 291 335 336 350 377 398 466 469 482 504 597 598 599 647 651 663 681 703 713 719 725 776 777 798 820 862 898 923 927 
48 41 50 66 89 90 102 182 212 234 255 265 295 305 309 334 347 383 417 423 453 462 487 491 514 540 545 546 577 591 600 629 674 679 702 718 732 789 811 825 829 846 885 894 902 909 958 966 980 
50 0 32 38 56 69 113 151 197 200 225 235 238 253 255 304 314 316 340 351 365 385 390 399 414 424 469 477 485 497 514 533 567 568 639 649 651 660 712 747 757 761 766 896 933 946 954 961 967 980 982 
50 4 17 24 38 103 106 107 111 114 119 121 125 172 197 221 246 264 274 335 338 342 363 366 372 391 464 500 502 512 515 562 565 589 593 595 638 705 773 798 799 811 835 842 855 903 917 920 952 968 976 
52 10 17 25 28 68 77 97 104 133 159 160 168 174 193 201 223 243 247 258 265 266 299 327 376 417 426 434 437 478 497 506 509 546 568 604 634 685 693 735 740 759 795 806 821 847 871 930 938 957 964 969 993 
53 4 24 33 100 118 125 126 141 157 180 205 207 240 264 271 295 306 350 365 367 416 432 433 451 477 488 539 545 553 561 564 566 588 590 592 596 669 677 689 700 717 730 748 780 842 859 887 889 905 911 940 943 948 
50 50 73 104 105 153 174 179 196 199 211 225 230 240 253 255 259 264 290 335 337 340 383 395 402 422 431 440 480 483 500 542 564 605 622 640 671 699 736 764 778 817 849 861 892 902 920 947 949 960 965 
36 26 40 66 85 102 105 109 166 242 260 284 295 350 382 399 428 455 480 541 557 562 637 641 656 681 688 763 805 822 839 840 846 872 892 894 971 
52 19 63 76 153 154 175 183 203 207 252 266 279 291 297 308 311 324 339 346 354 357 359 385 386 396 439 477 493 511 584 585 594 602 639 646 667 731 766 767 769 772 795 838 848 863 889 894 932 947 985 990 998 
44 30 42 43 46 82 84 93 107 112 123 146 156 258 262 265 269 279 301 305 311 330 346 353 384 410 417 421 450 473 490 503 559 593 611 636 680 731 895 901 922 962 965 981 990 
63 19 22 25 32 53 56 80 110 194 207 221 225 239 250 266 281 288 294 297 300 301 320 326 335 381 403 431 456 478 483 485 486 489 499 505 523 535 537 581 595 610 613 627 629 652 670 682 692 698 702 732 774 794 816 832 858 873 886 938 943 965 968 987 
43 1 18 31 65 103 104 143 209 214 230 233 248 254 345 357 419 473 509 510 511 518 533 546 565 580 616 617 674 689 696 698 742 744 839 859 863 888 909 927 945 946 976 982 
42 2 119 125 130 142 203 205 208 216 227 249 279 288 290 292 324 362 384 390 405 433 480 497 501 524 536 558 571 591 613 662 677 698 701 818 828 886 955 958 966 969 970 
55 4 47 50 55 56 74 89 96 115 121 147 214 221 228 245 278 323 343 347 357 375 402 457 465 502 538 555 563 570 574 613 620 624 627 638 672 680 686 690 691 716 718 741 743 752 753 779 800 818 834 861 875 884 928 981 
65 5 22 40 59 93 95 104 107 139 140 152 164 176 189 190 191 215 218 250 264 277 301 305 330 332 383 405 410 440 463 471 491 503 561 598 607 642 646 671 673 704 725 747 761 774 780 782 789 832 838 847 851 859 866 870 872 892 904 917 954 970 978 983 990 999 
40 16 20 53 57 129 150 154 240 265 272 314 333 349 384 410 417 473 480 494 555 593 594 598 647 683 688 693 709 712 732 783 796 831 837 861 895 915 940 957 981 
46 10 23 47 58 78 119 131 146 151 173 202 203 205 209 255 290 345 366 389 391 392 460 486 498 576 596 632 644 647 688 706 709 719 741 742 816 832 862 868 874 876 883 885 886 948 961 
44 53 79 97 118 146 155 183 186 190 204 266 278 279 304 350 356 366 392 400 401 422 432 501 530 535 586 588 622 640 642 665 675 748 751 761 765 836 874 894 898 924 928 933 939 
53 3 11 17 61 68 83 94 110 112 114 119 130 139 163 167 222 228 236 242 317 321 336 345 366 387 398 405 440 467 483 527 562 573 578 588 643 671 675 679 733 741 751 770 779 785 820 823 826 828 910 930 956 957 
55 3 4 21 94 105 106 147 148 158 160 179 194 205 206 209 216 238 272 301 307 335 337 378 379 399 426 431 440 471 482 494 495 508 560 577 583 591 620 628 629 647 650 657 713 725 768 783 795 823 850 876 915 980 982 984 
53 16 30 32 54 68 69 78 93 100 120 128 134 156 161 230 233 329 336 342 361 379 387 402 440 441 544 546 553 558 614 682 685 715 718 726 746 750 755 764 786 792 818 820 845 846 895 897 902 905 919 929 967 975 
42 5 21 37 130 147 164 172 216 227 232 239 241 253 317 324 338 356 390 396 420 481 483 488 500 507 509 567 598 601 647 649 652 665 673 790 821 899 912 914 921 941 997 
47 37 57 64 148 154 203 204 210 246 247 256 288 348 351 363 366 388 400 411 416 435 494 516 518 519 585 594 631 633 645 660 692 704 717 727 739 740 818 834 838 854 855 857 891 966 977 986 
67 5 29 32 33 44 48 66 70 75 144 178 198 206 213 229 261 264 306 309 311 332 360 378 383 387 390 422 477 507 531 548 594 613 618 622 627 642 646 653 656 661 669 692 726 727 747 758 784 788 819 822 849 858 872 881 889 906 912 914 917 928 935 947 948 950 963 977 
50 18 21 52 95 96 154 173 213 219 235 248 250 256 265 288 295 310 379 380 398 408 427 433 435 449 450 456 514 613 655 671 724 757 760 769 770 798 800 830 849 876 886 896 934 958 965 977 984 987 988 
41 1 49 61 129 134 165 218 239 251 278 304 319 356 388 402 444 452 457 461 474 498 505 510 545 614 621 647 749 753 759 785 818 828 866 876 882 904 915 920 923 935 
56 15 21 40 41 46 60 64 72 76 87 127 141 165 197 204 205 231 239 242 276 288 299 356 359 360 367 384 385 386 391 397 420 434 451 464 468 483 500 614 658 683 693 714 751 757 758 798 805 808 835 884 893 914 977 980 994 
50 23 71 84 111 127 131 154 185 213 224 225 241 245 254 261 265 319 353 368 373 389 412 415 436 449 492 500 610 660 687 705 712 735 740 744 766 790 792 867 875 883 887 896 913 921 927 954 958 959 992 
50 2 19 60 109 131 150 152 155 167 169 174 195 203 205 211 265 281 301 337 357 375 397 398 440 465 496 498 515 516 517 612 616 617 624 630 634 635 658 670 676 684 729 790 796 820 835 879 964 984 995 
52 38 42 139 153 155 165 170 171 175 236 239 248 288 305 340 367 378 392 425 429 434 452 484 498 512 537 567 582 594 597 620 630 642 681 684 716 732 760 768 788 809 854 870 887 907 925 927 938 953 954 955 956 
60 13 37 39 88 112 132 140 158 163 208 221 228 238 267 290 303 329 346 368 371 378 436 448 450 451 479 481 494 502 506 510 542 564 571 580 581 633 652 655 666 690 714 717 729 737 759 780 781 806 807 811 815 831 848 875 880 904 907 950 986 
45 45 87 118 144 146 155 167 170 203 213 217 225 229 249 251 254 316 377 413 426 479 494 499 522 544 577 611 733 757 760 769 776 779 809 818 871 878 889 923 924 941 955 956 958 967 
50 36 87 91 109 123 135 165 189 204 225 241 258 279 319 322 361 366 376 463 464 496 516 551 554 555 571 582 611 635 648 680 686 697 705 711 728 768 770 778 787 807 818 829 838 840 851 917 942 956 961 
55 9 17 26 64 98 105 120 151 167 201 221 233 241 257 265 270 294 303 305 315 319 322 323 327 335 352 390 391 397 406 431 490 508 550 564 578 586 637 644 656 661 695 710 723 813 822 832 860 885 921 950 953 964 968 991 
45 3 46 48 57 63 134 138 162 178 185 189 206 215 255 269 296 323 374 386 394 422 443 449 458 470 473 484 508 543 563 607 636 682 690 699 720 725 797 832 900 916 959 963 969 997 
48 0 44 53 111 118 129 142 147 172 180 207 220 221 252 286 292 295 307 313 376 394 397 404 418 425 464 475 530 560 595 618 647 724 737 785 787 823 828 837 857 891 921 922 939 946 973 992 993 
57 10 39 58 66 69 93 99 101 113 116 119 170 184 187 220 225 240 273 320 369 380 404 409 432 452 464 478 482 483 516 542 544 554 559 589 616 643 644 650 663 680 689 719 738 771 805 851 869 876 885 893 903 960 965 988 994 998 
49 9 45 64 68 89 118 163 228 238 240 282 290 294 323 345 358 362 379 383 386 387 401 411 416 445 523 531 596 632 672 677 678 706 735 738 756 759 822 838 872 875 880 892 902 907 978 985 995 998 
40 2 9 28 57 70 115 120 126 131 171 178 179 204 240 263 298 333 352 365 370 378 391 489 581 615 628 630 637 760 804 808 821 867 875 904 933 958 959 963 972 
56 4 66 75 81 90 99 118 122 133 166 169 181 183 257 268 280 282 284 289 313 314 356 364 372 393 407 481 498 514 559 599 632 674 680 715 718 738 747 748 774 791 795 807 856 875 897 900 907 910 914 919 925 947 954 979 992 
48 18 34 40 55 60 68 174 195 227 228 233 239 278 284 301 302 312 315 332 343 389 402 407 438 509 538 554 565 597 617 620 629 664 676 679 684 706 744 753 776 805 811 850 879 913 916 934 978 
58 6 35 37 38 72 79 80 89 118 120 126 179 189 204 232 257 268 273 304 307 344 377 383 410 440 441 445 450 459 471 500 533 536 574 584 601 602 627 631 638 647 680 690 716 760 767 772 774 826 827 829 852 861 877 879 892 904 937 
54 8 39 42 104 108 152 162 183 189 246 267 290 305 312 324 326 339 451 478 488 545 582 586 597 607 608 621 631 640 679 704 708 717 720 724 725 733 737 757 764 786 802 825 868 877 892 896 902 911 921 924 976 984 992 
53 53 58 60 102 107 132 141 155 206 250 266 279 289 307 332 336 343 349 357 359 384 389 407 443 499 506 555 560 568 577 589 592 627 638 690 691 713 739 746 759 784 792 823 829 848 859 879 903 906 925 941 966 989 
52 20 21 74 86 109 148 154 188 190 196 204 232 251 264 267 278 279 290 310 320 337 360 407 414 419 449 469 494 502 515 527 538 555 584 613 656 696 704 709 748 772 815 818 850 852 862 883 897 932 933 947 983 
47 13 20 27 33 68 81 112 118 120 148 156 185 187 225 286 324 342 367 382 396 425 441 458 479 497 501 512 547 549 606 623 631 643 646 654 667 685 699 704 711 755 768 833 877 911 927 973 
63 7 21 30 58 79 110 122 141 145 153 157 165 166 170 186 192 200 233 253 274 294 302 322 352 358 368 377 435 442 453 462 486 505 530 543 545 552 566 601 605 614 622 624 631 704 721 730 733 753 757 819 821 832 833 840 849 899 923 941 953 956 963 969 
41 14 55 58 77 84 199 200 242 301 303 305 306 310 322 333 345 365 465 487 544 563 611 612 631 659 726 735 752 754 767 795 840 852 875 884 885 886 914 923 962 992 
60 48 52 57 83 88 111 130 132 155 168 233 239 243 244 254 257 279 281 289 302 303 324 327 330 332 356 381 457 468 487 503 539 566 593 601 612 619 622 724 726 757 765 772 780 804 826 834 862 865 866 889 892 923 930 933 938 944 949 993 997 
55 12 18 59 81 98 105 112 126 140 153 155 165 182 184 187 208 246 248 250 283 302 304 368 371 374 382 394 415 421 435 440 445 475 514 535 536 548 629 644 652 658 661 676 700 715 738 743 761 778 802 805 921 932 957 960 
50 10 67 75 76 129 130 202 245 281 303 309 323 336 338 350 367 381 384 385 389 400 401 407 454 500 516 537 548 579 603 634 651 672 676 690 691 699 720 745 751 789 877 901 902 916 917 920 925 972 973 
39 0 42 55 57 77 87 146 157 198 212 224 228 284 301 379 401 442 463 472 480 496 508 526 565 590 613 651 671 755 811 822 830 888 908 937 939 946 949 966 
53 12 38 49 55 57 62 98 136 138 153 156 225 259 262 279 293 309 338 349 386 396 397 413 424 447 449 462 476 518 532 541 546 556 567 574 590 598 604 610 625 628 632 678 699 719 727 777 792 830 831 840 903 979 
45 18 46 95 136 209 240 243 264 275 293 303 327 332 378 420 431 450 453 474 505 526 530 557 559 570 608 611 614 621 654 707 715 788 810 835 844 862 865 897 902 907 908 964 967 997 
52 45 71 80 110 124 125 148 155 159 181 187 214 257 302 314 320 352 373 385 394 400 412 425 450 495 499 509 516 569 579 594 597 603 605 611 612 614 615 659 693 786 808 813 816 858 871 874 895 896 923 974 996 
51 0 41 53 63 72 78 81 96 119 140 168 211 220 230 238 242 243 299 310 314 380 387 405 450 471 491 519 520 525 534 538 573 591 635 643 703 706 768 780 805 824 830 885 888 914 921 923 924 932 968 991 
50 6 15 23 33 57 58 71 85 99 150 161 235 245 254 281 325 337 343 356 372 376 383 388 477 483 510 537 548 566 577 579 592 612 627 633 639 650 664 682 737 739 785 796 813 839 844 875 894 908 963 
47 25 59 63 67 104 106 159 202 259 262 278 298 303 309 345 378 399 407 409 413 414 423 438 446 463 471 481 519 524 544 562 626 685 693 711 743 753 824 830 845 887 894 945 959 963 967 972 
43 19 94 107 147 241 252 302 326 327 376 388 391 418 429 430 431 433 455 482 493 504 524 559 562 581 582 623 633 691 707 720 724 734 737 762 774 791 836 880 893 944 972 976 
37 47 79 85 146 183 240 263 278 374 399 408 423 441 469 474 482 493 499 553 576 618 633 634 658 674 682 685 714 776 811 821 833 839 896 910 951 977 
40 22 80 83 97 130 145 146 153 177 195 207 231 243 269 285 303 307 327 375 395 399 512 522 546 554 591 616 692 714 735 763 777 785 788 903 905 919 935 940 960 
47 1 12 19 48 77 79 99 108 153 154 187 192 215 223 260 274 276 314 324 366 418 444 466 509 517 531 542 570 572 578 585 668 672 688 689 706 727 730 749 750 824 850 853 858 859 877 954 
50 70 88 114 149 163 164 197 198 203 209 224 228 229 259 261 266 288 326 342 356 360 398 415 459 479 520 521 533 555 563 614 617 625 646 656 665 669 687 706 738 828 898 943 960 968 977 980 982 986 988 
62 0 9 41 55 59 69 95 111 116 122 124 157 173 197 204 207 240 246 259 267 269 270 289 300 301 307 321 322 351 364 369 371 387 391 413 473 498 511 517 523 543 580 599 606 611 661 662 673 675 682 720 814 837 853 875 906 914 922 949 964 974 993 
53 12 30 31 51 61 176 187 193 201 257 272 279 280 285 331 358 378 381 395 408 433 460 466 467 508 525 551 587 594 619 659 669 710 721 783 799 801 809 812 818 839 861 880 885 900 904 905 912 923 927 968 980 990 
49 1 35 83 85 114 135 159 172 174 178 184 245 280 284 294 305 306 328 341 402 407 422 429 438 444 472 476 482 492 510 532 569 578 597 609 633 640 736 766 784 787 810 838 844 861 891 903 918 946 
43 82 93 102 104 118 128 130 136 145 176 190 192 216 244 247 292 316 319 345 352 354 394 405 409 421 423 443 445 460 638 698 704 710 717 766 789 812 865 867 879 883 906 986 
55 1 9 23 37 40 86 91 104 158 190 195 196 217 240 249 333 349 383 386 402 403 404 408 427 478 479 556 570 589 603 605 622 627 671 675 683 684 685 695 713 717 727 758 794 799 805 865 898 934 937 963 987 992 997 998 
34 3 37 59 62 66 77 106 121 137 220 273 277 317 355 361 372 398 463 478 604 614 617 630 640 719 733 736 788 820 846 884 950 954 967 
35 39 44 105 119 167 172 258 315 316 320 361 394 399 452 454 462 472 496 508 510 588 636 658 662 710 715 723 738 785 868 892 925 988 992 993 
42 12 58 80 118 162 169 188 247 270 282 320 333 359 412 445 450 467 501 504 508 511 513 617 625 630 633 655 660 677 696 721 735 737 770 785 851 856 866 897 940 960 964 
35 5 14 55 105 108 147 157 180 182 204 297 303 311 322 348 410 423 461 485 503 517 538 687 709 756 764 778 806 814 818 856 858 916 989 990 
46 53 54 56 70 89 142 160 171 182 198 236 266 276 285 286 315 325 341 362 379 381 413 473 524 529 590 608 630 631 639 641 642 653 663 668 671 730 754 799 809 830 872 893 935 944 967 
39 3 4 17 18 22 40 87 115 121 127 186 247 249 256 289 324 396 436 531 539 547 569 609 615 641 695 715 724 735 741 792 823 828 833 887 914 915 926 976 
53 5 46 47 49 80 82 96 103 105 148 189 229 240 244 246 273 275 290 292 315 351 357 364 367 388 481 493 518 531 539 561 568 577 595 602 621 680 709 712 713 750 758 779 785 815 832 837 848 855 891 925 929 998 
52 18 35 46 48 54 67 68 76 108 111 129 138 147 150 160 178 180 183 237 309 329 349 360 361 367 389 397 458 481 491 516 550 588 595 605 628 650 680 759 801 806 824 880 902 904 914 942 945 953 974 980 995 
46 10 11 19 20 38 39 41 78 81 86 104 127 140 166 175 179 201 219 222 256 268 282 307 325 353 356 459 463 468 501 528 561 578 619 638 641 646 668 721 724 736 803 819 846 881 892 
59 30 34 42 43 67 76 77 79 86 88 90 96 109 113 137 161 204 220 230 238 240 241 289 293 326 368 369 386 392 406 438 440 453 464 486 487 509 534 555 561 581 618 646 655 700 701 724 765 766 784 822 831 840 843 884 892 941 949 972 
50 1 13 18 35 37 56 76 82 107 178 200 272 275 278 313 314 359 370 371 386 392 411 414 424 454 469 516 519 544 638 680 720 749 750 751 778 789 796 825 871 886 913 920 925 932 942 948 971 979 987 
39 3 8 12 22 27 48 53 55 113 137 153 189 215 239 285 336 352 385 399 409 416 449 469 476 485 536 539 564 577 606 675 736 762 789 880 902 904 959 987 
49 9 34 36 76 82 94 243 246 247 307 334 396 415 421 428 468 492 538 546 557 566 578 600 624 628 676 709 710 716 721 722 744 745 750 773 786 787 806 848 850 894 895 908 915 925 933 934 947 978 
50 24 88 112 122 137 142 143 167 169 170 219 233 270 283 288 328 389 429 432 449 461 468 469 504 523 533 574 591 595 624 630 632 637 646 665 690 699 704 719 749 760 768 864 865 875 922 925 949 952 964 
41 46 56 77 157 161 167 169 175 180 188 203 226 232 265 297 306 343 347 416 481 540 560 564 592 598 611 619 650 683 701 733 770 784 788 808 826 850 857 919 985 987 
47 44 101 120 122 134 171 173 188 245 246 293 294 295 334 335 345 351 374 378 383 426 516 581 616 627 666 672 683 689 698 725 729 748 767 777 790 797 806 809 812 815 818 835 857 896 899 944 
47 1 14 19 20 54 59 171 192 198 217 275 277 279 313 333 370 375 385 406 444 489 518 522 550 558 575 578 579 614 628 638 642 643 646 673 679 683 718 734 773 780 812 828 878 898 901 997 
63 3 22 27 32 73 113 119 120 128 134 138 181 182 199 204 211 221 242 268 280 282 288 290 316 336 342 385 401 425 439 444 480 482 522 536 548 593 601 608 677 681 691 726 729 731 758 773 791 796 829 842 849 865 867 876 881 885 913 937 956 967 972 996 
49 17 19 36 40 51 93 101 146 199 204 208 238 261 309 335 369 370 398 406 411 419 428 437 451 463 492 582 595 604 640 661 686 690 694 700 715 723 731 860 869 874 876 877 892 917 952 966 984 990 
43 20 24 36 50 61 70 97 127 162 190 200 203 213 228 253 311 313 333 416 467 555 557 589 595 597 609 667 671 698 728 729 749 756 763 769 780 786 802 809 825 865 875 904 
63 2 48 54 77 89 94 114 118 123 155 161 169 214 235 242 270 274 289 299 333 371 406 410 424 470 477 478 481 492 504 508 521 540 564 569 603 611 623 627 640 659 672 674 716 728 731 732 762 786 805 836 839 848 863 867 875 905 911 927 957 983 989 994 
46 10 17 33 36 41 51 86 93 98 119 135 159 188 191 197 210 276 283 295 357 369 409 432 456 529 532 533 557 567 605 634 696 742 754 766 772 784 821 825 873 881 882 916 922 924 992 
63 1 11 13 22 44 60 67 82 88 120 128 151 164 225 271 292 304 310 315 325 326 336 381 395 400 408 431 470 486 487 493 516 529 535 572 580 627 635 652 698 715 728 734 787 796 808 819 836 842 851 873 874 881 909 921 931 948 952 955 958 971 983 990 
41 17 18 92 121 154 192 213 224 242 269 313 321 332 355 368 385 398 399 414 417 441 442 445 465 477 499 543 565 603 632 638 662 718 782 824 854 860 881 908 931 986 
49 10 35 66 110 115 165 186 206 219 227 231 239 242 266 280 285 302 303 306 346 367 370 437 443 466 485 496 502 521 547 565 572 606 642 649 663 682 730 756 767 784 853 870 894 929 937 944 967 978 
45 15 44 48 70 78 107 120 200 203 214 225 244 280 308 310 357 414 449 451 456 458 467 480 535 557 570 613 639 653 664 672 680 683 704 705 748 800 814 816 874 886 915 921 952 985 
52 2 17 24 45 58 71 73 86 110 114 123 168 199 242 246 279 280 281 283 290 293 306 340 349 362 364 368 370 419 444 492 510 542 549 621 625 644 653 670 673 692 699 710 767 776 786 807 824 900 907 947 981 
50 12 55 59 93 95 100 117 130 140 150 154 156 166 207 227 256 286 288 334 354 357 358 414 425 478 480 536 570 589 592 607 609 611 625 656 670 673 679 704 731 777 813 818 839 853 885 907 923 974 981 
53 7 34 41 61 62 67 72 132 141 153 157 159 219 220 223 241 258 267 348 368 374 377 383 430 452 486 501 536 557 565 577 581 588 627 649 679 705 707 718 727 734 790 805 809 815 820 843 846 854 883 937 939 944 
37 35 47 57 68 127 147 154 179 187 193 196 201 239 241 336 410 490 512 531 567 576 590 670 681 689 714 739 743 750 755 756 766 849 857 919 959 961 
36 8 44 69 79 81 175 201 236 351 356 365 374 389 393 420 434 459 466 539 542 543 571 640 669 700 724 730 865 882 893 932 967 975 986 994 996 
47 24 38 54 66 106 112 115 173 188 197 213 222 225 229 235 252 282 285 291 305 308 317 319 385 405 423 451 476 485 487 490 500 510 521 578 653 683 725 737 786 811 851 860 934 940 979 981 
52 0 22 37 67 74 79 91 106 161 162 168 218 265 302 306 345 347 364 374 392 422 432 435 437 467 488 489 492 505 508 512 528 543 557 589 603 606 629 654 659 680 684 713 748 760 779 786 892 895 914 971 983 
50 9 11 14 66 105 122 159 163 182 195 200 203 205 225 229 251 254 268 272 296 301 304 337 341 364 388 393 444 461 464 470 497 526 564 598 609 630 634 637 640 649 722 749 750 827 831 834 908 936 981 
58 4 7 10 22 27 33 35 47 52 74 149 199 224 232 238 278 280 296 310 368 390 402 406 409 438 449 454 487 530 572 602 618 619 623 636 641 642 647 650 668 674 678 690 725 751 752 776 801 830 831 854 900 912 914 956 962 979 991 
49 7 10 29 45 50 81 90 105 124 128 129 171 195 200 201 204 222 227 237 242 271 281 312 379 380 564 565 628 632 638 681 705 712 760 787 808 821 842 843 849 884 901 918 921 925 941 986 994 999 
54 5 18 48 81 98 101 119 121 125 128 150 165 206 222 233 243 249 282 296 321 322 334 348 355 363 370 404 406 417 436 453 474 477 489 509 526 536 547 575 600 635 655 678 690 706 769 817 830 854 870 879 884 937 980 
57 0 6 11 20 31 36 39 70 76 90 100 107 140 142 161 212 231 235 237 259 267 269 288 332 334 338 360 363 371 378 387 405 412 439 443 510 519 544 547 552 567 586 599 652 699 721 733 767 768 777 823 865 870 877 892 909 965 
52 1 46 71 79 92 118 153 186 198 217 226 228 241 244 270 316 334 344 358 359 393 401 407 409 413 463 479 509 556 560 596 603 606 623 630 636 646 649 654 692 707 782 790 795 807 866 869 916 917 934 948 966 
50 0 18 25 34 55 56 66 69 78 86 126 127 148 156 159 174 208 217 251 269 282 289 293 301 309 320 323 385 387 424 463 477 483 523 534 552 615 678 714 721 724 778 788 833 834 843 884 928 929 953 
44 0 112 117 127 133 172 192 197 198 222 236 238 266 273 283 322 331 341 359 360 401 463 472 545 548 567 592 611 649 655 738 749 789 797 799 803 818 824 842 886 900 954 970 986 
37 19 30 57 68 69 110 127 128 155 165 173 187 206 218 227 308 319 351 368 413 420 466 475 482 488 522 573 590 658 728 730 785 806 816 898 914 984 
47 34 112 154 169 183 196 207 208 216 218 270 289 290 294 343 381 398 409 419 436 448 450 456 484 498 511 513 525 540 545 556 560 646 701 708 744 830 838 878 906 912 917 941 956 970 979 994 
47 9 23 28 40 56 78 107 139 166 195 225 227 235 242 248 305 333 339 360 381 383 395 423 441 443 470 478 491 517 553 588 620 639 651 673 684 726 743 766 783 843 865 874 893 938 953 996 
51 10 18 25 58 77 90 111 117 157 170 179 212 219 254 278 290 316 344 348 454 455 473 474 478 486 511 534 537 553 578 643 648 651 668 674 680 712 726 729 739 758 773 779 785 813 818 820 821 886 914 992 
58 2 20 46 62 74 77 80 94 97 126 168 193 224 238 241 251 252 272 284 295 301 322 329 348 386 394 398 429 434 474 479 497 503 508 513 518 529 543 567 598 621 625 639 678 691 692 693 701 732 764 769 787 792 807 821 845 935 969 
51 41 57 196 203 234 241 253 312 314 328 330 346 347 361 372 384 388 396 408 413 415 427 431 441 479 488 491 522 536 546 618 619 632 669 684 690 711 713 729 732 758 776 803 808 903 930 942 945 975 988 995 
51 31 32 60 68 93 127 158 180 223 228 234 268 302 310 317 320 344 384 394 406 412 415 452 471 472 485 517 530 533 557 597 615 629 655 704 737 739 755 764 772 775 789 810 830 844 859 899 917 918 951 996 
48 16 24 39 40 51 74 82 91 118 126 136 163 282 304 327 334 371 406 408 424 430 431 463 484 556 561 563 566 594 615 616 670 671 705 777 795 805 806 817 852 855 879 909 919 926 940 962 994 
52 14 23 30 43 49 69 72 124 126 149 196 199 208 213 216 240 244 269 281 301 309 318 348 528 534 543 571 620 641 672 674 686 697 705 706 715 748 750 777 796 812 844 887 890 895 907 923 930 935 942 974 982 
56 3 6 27 38 49 63 71 167 187 226 255 312 316 323 339 341 416 432 440 478 488 510 511 516 519 526 527 529 532 543 545 556 584 603 662 674 681 736 737 745 746 761 798 813 835 838 854 872 880 883 884 888 952 971 989 992 
44 28 44 45 80 108 146 184 214 221 226 236 238 249 345 360 373 384 385 425 499 547 553 571 577 583 594 647 651 656 687 695 730 745 770 793 799 814 829 866 904 943 952 991 996 
63 0 9 27 61 80 86 113 116 120 152 160 202 210 213 214 227 256 258 280 310 311 381 384 414 419 434 477 492 529 543 558 574 594 639 643 654 663 672 682 683 708 714 718 733 742 748 751 753 754 775 782 802 807 839 845 860 887 911 936 955 976 978 982 
43 21 23 32 39 63 105 139 141 165 170 195 204 264 286 307 342 359 393 418 419 421 442 446 449 466 588 604 607 617 649 654 665 669 670 688 871 876 886 895 919 928 992 995 
52 4 54 55 65 87 128 138 147 154 165 177 199 245 253 298 324 348 358 378 386 416 437 440 442 452 472 483 502 529 549 564 565 595 603 654 655 676 687 691 698 699 752 762 791 831 839 879 932 965 987 992 993 
43 23 45 79 88 153 176 208 231 232 234 254 256 271 275 297 373 379 388 415 424 427 433 486 491 523 543 550 575 579 703 759 767 839 855 871 884 892 893 903 911 935 965 966 
62 31 34 36 45 54 87 95 127 144 153 160 182 203 215 219 238 244 319 321 334 347 380 387 396 398 407 467 499 529 545 549 555 566 569 580 614 619 628 659 661 663 688 697 706 725 753 788 818 819 822 848 849 850 853 855 861 866 878 902 933 971 991 
51 29 49 87 91 99 108 154 170 191 206 215 216 234 315 328 345 350 359 422 427 441 492 493 524 560 564 570 577 591 637 648 649 674 690 730 763 770 791 793 795 828 856 864 887 901 918 928 940 944 984 986 
54 6 9 24 49 88 91 126 153 156 184 217 243 244 265 278 325 347 355 360 375 380 388 421 423 427 430 465 491 493 497 527 564 595 629 631 636 651 657 661 717 737 742 776 797 874 878 899 902 933 947 964 971 974 982 
56 0 50 67 70 108 173 183 188 190 205 210 245 257 276 280 290 294 320 323 329 383 384 421 446 465 477 514 517 532 542 545 555 569 579 582 583 631 640 670 680 782 837 850 858 868 870 877 887 893 897 926 940 952 958 970 996 
59 9 15 17 35 36 62 66 79 94 97 107 110 144 199 211 213 215 225 249 263 296 332 337 352 354 357 403 467 474 484 499 547 556 577 578 599 604 641 653 665 675 688 691 726 738 749 778 781 790 809 815 819 823 824 852 854 893 896 971 
54 0 42 55 76 80 101 128 130 210 213 215 230 249 253 347 397 400 406 433 451 454 479 496 500 509 520 545 550 572 580 594 603 617 626 644 692 698 703 711 729 754 771 776 777 797 819 841 855 878 900 903 905 943 951 
52 36 45 50 81 101 136 157 197 209 216 226 246 277 287 294 298 321 323 343 385 392 413 422 436 440 480 513 525 538 546 567 580 583 590 600 601 628 638 653 658 669 708 722 745 770 771 781 845 848 887 898 977 
57 26 37 46 52 62 80 90 93 112 129 133 143 149 177 206 245 289 303 338 357 365 366 400 408 418 419 447 463 465 469 529 533 551 592 600 606 618 638 647 664 675 700 705 713 732 748 755 758 759 767 775 806 808 888 940 985 987 
52 9 15 55 66 85 109 223 234 326 332 333 335 356 359 379 391 419 426 440 442 450 451 455 465 480 482 492 500 513 540 572 604 634 638 645 682 686 695 712 769 775 782 789 850 853 866 867 890 903 948 984 998 
45 26 78 104 132 144 169 190 216 272 307 309 323 367 382 409 421 450 495 503 519 520 540 541 571 579 603 606 659 686 721 727 761 762 778 836 840 865 904 906 946 959 963 965 986 995 
50 12 20 76 121 173 243 287 292 351 356 358 366 384 418 457 464 499 516 534 544 549 570 579 587 594 605 608 615 639 647 657 662 692 700 728 741 757 771 800 829 848 874 880 888 890 902 920 927 930 953 
44 11 16 33 52 54 60 126 129 130 162 165 177 191 196 332 340 361 369 375 381 389 418 487 497 612 613 632 685 703 713 739 758 817 854 855 877 878 906 929 931 946 951 955 994 
57 28 44 49 51 52 60 61 107 109 121 127 138 178 210 214 234 249 286 295 296 297 299 303 322 332 334 368 378 387 395 432 482 518 550 551 562 583 606 613 627 630 668 677 680 705 724 772 814 834 836 858 861 894 915 920 935 956 
