200 1000
300 782
337 488
700 1160
260 602
484 648
31 149
63 140
295 1290
85 645
505 1438
70 971
649 856
382 1365
115 636
917 1904
373 626
25 132
421 605
564 1415
664 1215
851 1095
508 1063
296 687
267 1201
119 675
908 1799
67 73
732 1048
733 1163
754 1210
308 847
362 823
282 1195
869 1810
458 822
308 1001
67 415
709 1677
269 366
716 1153
420 971
932 1531
225 1040
685 1354
784 1185
153 270
641 1473
122 768
524 1264
425 1278
606 1044
470 593
24 310
863 1513
44 882
427 1259
460 1120
971 1684
174 959
263 946
829 1032
292 1274
679 1570
574 1357
262 742
818 1811
217 742
487 1373
276 372
905 1139
982 1215
262 834
492 677
847 964
882 1296
364 1286
162 488
804 1156
706 1573
82 511
699 790
133 652
108 968
744 1586
382 478
964 1127
371 1259
308 1145
854 1295
382 927
671 733
524 827
681 1293
472 1083
624 893
686 1636
435 531
610 1303
877 1483
263 427
675 999
808 1749
348 1243
467 654
468 902
626 829
498 1324
83 907
82 681
993 1586
497 1337
298 359
143 755
204 630
122 1006
334 1119
418 586
238 1171
156 245
660 1272
557 623
737 875
489 495
278 1239
5 141
835 1149
54 866
428 509
55 357
845 1438
592 1435
125 858
806 1761
231 1073
966 1014
229 740
627 1322
255 625
795 1628
138 270
746 1349
460 506
643 731
707 1220
376 919
715 811
358 534
603 1099
778 1453
439 1263
118 163
668 713
672 1646
653 924
153 411
403 616
295 516
318 1085
831 881
961 1860
407 583
301 975
983 1457
98 583
168 632
632 1336
500 1484
91 440
337 653
51 870
148 896
1 749
718 1461
115 982
33 886
395 675
429 1121
413 713
292 1258
483 642
630 908
120 132
409 749
198 506
982 1084
892 1074
878 1583
782 1335
529 1338
184 1108
486 589
849 954
970 1853
933 1635
103 198
656 818
977 1507
393 1182
345 1322
333 666
781 1690
994 1643
500 1353
477 528
955 1128
536 1186
800 1565
310 922
833 1125
710 1572
147 1015
601 1119
146 223
343 1204
966 1269
910 1484
768 983
328 755
768 1093
219 1013
740 741
286 826
344 1036
154 422
312 682
130 674
703 1132
660 714
257 1014
836 865
288 1249
51 847
232 444
436 669
99 941
646 1065
352 1206
216 745
846 1168
523 1297
111 640
827 827
366 808
926 1059
598 1520
145 392
258 515
410 967
621 1453
654 1121
227 929
640 1300
269 596
163 1123
320 525
939 949
531 1131
43 459
294 887
321 668
993 1570
798 1158
138 378
209 1065
273 492
545 1178
448 1113
999 1035
100 228
878 1069
171 933
881 1224
386 1160
998 1059
210 516
24 436
691 1003
955 1571
124 344
891 1413
81 367
193 824
37 670
12 454
892 1864
164 567
252 332
970 1219
662 972
743 1659
387 1234
935 1011
342 809
327 700
979 1575
565 641
660 1640
109 598
607 844
307 1027
136 1125
774 1479
687 737
72 739
594 1266
804 1063
94 756
572 914
726 1560
355 1334
298 479
826 1295
554 664
144 776
167 1030
66 464
999 1713
167 414
319 1038
640 790
928 1444
775 1445
844 1638
856 1079
124 378
821 1535
442 650
905 1564
214 1128
626 628
887 1024
505 802
131 1085
544 958
24 834
664 904
655 1475
170 441
136 735
829 1037
935 1381
698 723
700 1267
308 378
112 615
361 581
92 722
336 1068
944 1371
217 517
685 831
325 456
174 859
190 1075
761 1606
402 1209
731 865
448 1260
962 1916
264 361
628 933
760 1737
894 1067
241 539
420 1088
638 686
528 1367
535 1153
31 766
186 1122
329 779
381 866
966 1318
558 755
359 1073
615 1010
746 1293
23 507
904 1889
652 1011
50 614
605 1378
727 1060
392 1073
581 795
266 858
889 957
226 396
82 219
428 672
230 542
343 444
46 95
210 607
338 836
569 811
501 843
390 1002
187 301
882 1486
329 774
845 1539
481 680
783 1002
404 922
527 564
946 1648
524 1175
797 1303
780 1427
950 1726
489 1359
643 1331
329 516
51 697
738 946
185 195
549 1296
783 1738
587 653
351 1135
317 704
861 1742
869 1568
580 1400
630 1288
671 896
686 920
191 850
967 999
885 1074
984 1267
331 577
372 577
704 1213
920 1157
842 1211
798 846
160 926
784 1343
524 721
442 746
450 798
798 1018
627 1349
0 86
306 454
803 1629
914 1740
51 587
549 1312
394 987
714 1500
914 1096
414 717
548 867
879 1116
70 806
427 1259
160 824
139 629
148 660
878 885
461 676
181 244
599 617
188 854
26 117
885 1508
630 1210
964 1577
467 1261
725 1511
689 1216
887 1339
778 889
665 722
768 958
32 62
115 756
449 1266
82 753
57 368
205 1084
80 585
881 1588
793 1687
516 848
267 827
305 1295
530 590
454 602
2 413
382 533
836 1383
43 617
313 1097
945 1336
188 671
897 979
221 592
516 925
917 1840
288 967
227 987
321 1293
142 967
680 1110
638 1280
214 255
297 926
166 977
207 641
855 1784
83 782
345 352
931 1580
855 1055
758 1178
698 1636
971 1246
751 899
901 1153
1000 1413
272 1136
973 1289
176 307
967 1025
797 1318
254 799
646 967
112 360
458 862
622 970
547 569
644 886
407 1271
786 1275
877 1474
578 1183
374 1119
363 450
210 233
259 508
951 1452
229 609
858 1150
31 413
338 797
761 1290
599 746
611 1145
550 1404
5 616
409 1052
268 488
684 1596
373 1149
176 836
888 1545
533 992
978 1851
370 1366
714 1320
24 151
233 679
865 1268
832 1268
902 1459
926 1073
685 715
413 456
622 1245
515 1251
872 1293
323 386
213 534
608 1206
893 1293
288 1165
677 707
623 1162
32 940
907 1141
36 348
83 757
773 1044
106 483
823 1645
216 671
881 1540
468 855
907 1307
182 862
159 587
825 1760
871 1681
71 181
273 313
711 1020
428 1322
114 942
738 1118
265 521
183 703
289 985
136 1056
659 1288
709 1022
775 1583
939 991
297 556
527 829
819 1582
99 834
977 1493
868 1727
285 826
407 608
137 365
593 1286
723 839
244 266
712 1528
468 905
450 606
671 721
59 1028
202 808
958 1484
449 1319
181 1074
804 1090
756 1410
336 962
756 857
42 1021
731 1497
563 1022
672 1492
279 803
3 94
628 1135
94 382
864 1805
624 770
359 384
306 590
62 427
377 714
917 1229
474 1137
701 945
125 997
143 329
916 1913
375 1333
414 1085
238 284
897 1155
541 724
863 980
926 1483
731 1344
92 202
588 753
845 1668
762 1629
91 184
199 1156
155 514
451 1396
53 1049
953 1262
184 243
410 1069
8 545
582 1509
640 1000
946 1180
18 97
116 752
407 900
644 916
893 1104
513 1047
395 1353
25 514
70 635
527 1160
800 1535
324 594
142 649
248 852
395 594
434 780
51 381
116 759
905 1182
418 757
827 1339
989 1563
221 955
336 801
433 1015
835 1338
511 1150
223 528
125 635
172 858
555 940
976 1333
403 506
325 711
936 1128
442 1238
893 1411
258 1235
803 1172
314 509
621 674
344 512
507 1262
844 1023
310 757
64 431
55 343
77 626
803 1598
961 1180
464 707
539 1149
349 426
870 1002
950 1604
267 1115
279 588
684 735
281 470
521 786
737 1170
249 361
107 772
844 1187
663 786
637 1175
920 1704
993 1598
686 777
166 848
485 1272
441 714
346 744
77 587
897 1646
800 1371
629 1271
232 1057
590 1002
177 851
302 1004
976 1457
428 759
769 1426
287 820
199 989
444 1001
133 639
710 1230
948 1663
895 913
197 683
20 313
914 1604
550 1096
723 781
261 1078
490 1024
123 858
612 999
611 1504
916 988
282 1131
158 905
131 983
360 1312
713 1524
391 786
967 1363
392 990
691 963
796 843
407 749
884 1190
612 915
908 1717
706 1447
284 761
99 587
158 309
599 1322
495 720
194 986
302 1243
830 884
283 347
189 694
759 1252
850 1482
613 1542
241 673
759 1510
670 950
696 1174
396 614
853 1306
723 1323
928 1456
793 1563
922 1609
727 1560
704 1082
119 424
40 142
588 1395
883 1801
818 1746
954 1928
823 1796
651 1404
82 364
685 1242
14 769
594 1333
807 1408
711 1459
111 974
23 858
594 1405
443 663
199 926
474 855
571 1523
719 1422
571 640
490 783
136 645
33 859
486 992
12 492
201 301
293 527
779 789
155 387
453 942
790 1002
450 977
826 1305
380 1060
786 1295
760 1518
579 969
328 1289
768 1395
486 641
74 346
929 958
239 1108
22 201
669 1569
855 1737
916 1813
261 1189
795 796
66 584
650 689
871 1129
776 1301
75 376
193 829
190 935
517 980
4 540
772 1328
876 1067
834 1017
586 1092
986 1545
55 683
216 543
68 781
700 1149
374 1061
750 1026
551 805
430 691
330 1282
832 991
867 1153
316 1170
467 969
440 986
685 833
543 659
585 1230
590 1093
385 1239
432 1068
690 1185
394 1301
11 204
137 857
723 1716
35 88
283 595
518 1174
495 1090
137 403
247 1188
372 393
497 598
401 819
913 1285
621 1509
285 828
810 1691
891 1528
737 913
219 1170
739 1562
294 464
466 685
227 652
684 1133
179 270
24 163
992 1011
838 1576
240 518
566 1497
836 1284
226 389
470 831
862 1336
615 649
885 1147
315 535
456 1155
193 921
383 925
538 1420
289 1160
265 1032
685 924
55 177
471 863
382 774
257 1045
543 1315
484 827
26 598
585 700
450 699
447 1371
281 877
277 812
855 1240
507 937
292 477
909 1328
210 1178
705 1272
718 1471
28 722
342 667
509 570
336 506
667 987
585 1021
83 154
388 565
933 1722
233 684
611 1192
711 1570
629 1437
333 515
560 780
458 835
492 1417
729 972
787 1337
27 560
327 811
806 1725
785 1775
399 771
723 1375
366 878
305 680
51 26 28 67 81 83 85 101 130 148 167 202 250 284 294 307 312 332 349 394 443 478 486 515 526 550 551 586 601 641 659 668 672 691 712 713 727 742 764 765 778 789 797 809 815 835 842 888 891 903 905 967 
46 48 90 116 132 136 167 185 189 222 226 231 246 262 284 308 313 339 380 406 420 425 467 484 485 498 510 526 527 569 605 630 642 677 686 688 698 711 737 765 827 873 875 882 956 975 999 
49 37 46 57 61 64 68 75 116 121 138 201 248 268 269 310 324 371 389 404 447 472 475 484 519 555 561 563 622 686 704 727 762 767 797 804 830 833 892 895 898 900 902 904 927 930 932 960 978 996 
48 8 49 68 116 127 143 158 166 176 185 244 328 329 333 340 342 352 359 363 388 390 408 415 419 427 444 483 498 529 580 586 600 639 652 653 761 780 783 808 855 915 927 940 949 951 958 991 996 
57 16 20 70 102 120 129 152 153 156 186 187 203 274 287 320 365 366 379 409 453 461 477 486 497 501 510 514 528 543 547 562 564 609 618 622 634 659 680 700 747 769 781 787 799 802 804 821 823 840 842 884 897 925 941 943 968 971 
62 0 23 33 58 75 87 141 188 191 196 233 237 246 250 285 291 313 331 340 347 350 353 368 379 383 402 453 479 497 516 528 530 546 561 562 592 597 631 656 709 727 738 765 768 771 847 848 882 886 895 902 932 934 941 950 953 959 971 978 984 985 989 
40 73 101 120 122 126 128 153 155 204 223 237 242 266 272 327 349 391 401 408 415 418 419 432 436 448 522 629 644 679 703 737 760 798 828 835 845 858 873 925 951 
54 1 4 9 16 39 54 72 140 152 174 178 214 221 250 261 268 341 361 401 412 414 425 438 447 468 482 516 518 525 527 576 606 607 616 619 630 634 678 702 721 722 729 736 772 823 850 865 873 875 894 900 957 979 981 
46 35 49 88 96 97 109 128 135 170 237 275 281 350 353 377 382 488 497 570 572 574 586 596 601 688 696 711 713 717 730 741 786 789 797 816 848 851 864 870 880 881 917 925 931 988 996 
42 28 56 99 123 127 131 169 190 202 214 253 260 279 348 355 424 441 460 486 499 509 526 606 623 629 689 700 701 705 738 794 805 825 831 862 887 901 906 942 958 967 973 
63 6 38 51 116 127 150 170 183 188 195 225 232 234 242 248 259 268 283 292 327 339 343 344 358 406 414 445 462 469 471 474 475 478 483 494 509 523 547 574 581 583 587 611 612 625 667 669 675 698 728 803 813 816 856 862 868 890 905 916 925 938 988 991 
45 17 30 74 84 132 152 170 174 190 193 215 219 226 236 263 308 355 403 404 430 488 526 537 569 585 595 620 623 628 638 640 651 677 734 746 778 801 822 840 882 888 896 922 989 990 
47 3 5 15 60 79 81 92 119 148 151 201 216 226 230 237 247 248 292 293 319 353 370 382 393 403 408 410 433 457 480 510 527 627 675 690 699 721 849 850 856 869 918 928 929 955 977 987 
38 0 23 50 95 105 109 127 130 134 151 170 175 201 203 225 321 322 328 361 451 459 465 466 497 512 562 569 575 601 688 692 700 737 766 894 915 959 974 
55 22 44 51 84 138 148 164 172 206 230 265 273 308 314 356 365 374 381 382 394 398 409 423 433 451 509 524 530 563 570 587 589 604 624 630 660 664 683 687 704 723 740 759 780 795 797 799 802 838 859 871 878 923 947 966 
44 42 45 71 107 147 184 193 230 241 245 246 251 303 330 390 395 410 417 420 426 446 449 483 487 514 515 517 624 626 638 662 669 674 684 729 747 800 807 822 888 912 919 924 946 
44 11 56 67 86 90 143 186 272 293 322 331 348 360 390 401 406 409 426 431 437 446 470 476 509 518 534 569 585 631 641 741 759 779 782 836 849 853 889 918 925 971 973 981 995 
55 21 23 27 44 55 81 89 93 110 135 169 174 201 213 217 220 255 256 263 284 285 297 305 313 323 372 401 407 426 465 547 590 608 612 614 642 650 661 668 712 717 740 741 745 799 810 829 842 859 876 906 936 941 945 947 
37 1 17 27 65 70 81 114 115 130 144 239 268 298 318 351 395 408 414 446 469 474 508 510 520 686 722 751 753 773 830 839 884 885 907 946 952 988 
50 42 56 80 94 113 166 171 213 277 282 314 352 373 395 399 428 436 459 477 508 510 514 534 576 581 584 590 603 636 649 659 660 668 669 715 739 753 766 780 788 827 845 847 891 905 943 957 987 989 994 
60 6 11 16 32 68 83 97 128 131 147 151 174 187 209 213 225 229 334 364 365 386 387 411 437 439 461 468 479 503 528 529 532 540 565 569 574 595 617 641 642 650 652 654 655 682 701 719 723 740 741 745 747 782 787 841 883 913 916 979 989 
65 3 7 30 42 67 75 116 138 140 149 159 182 212 273 276 322 329 352 362 363 364 374 378 381 414 421 424 458 500 502 516 533 542 546 568 569 575 613 631 641 652 653 657 660 671 674 713 720 722 759 803 819 832 835 838 840 856 859 910 926 928 932 947 966 975 
45 14 45 55 60 94 139 140 151 169 184 198 200 221 224 273 294 309 314 385 393 403 459 462 511 522 527 547 604 631 639 646 666 690 726 756 842 857 875 887 909 912 922 942 973 995 
48 18 35 49 80 117 163 176 229 252 270 295 337 384 400 432 445 476 490 496 527 559 579 580 591 630 634 638 641 643 652 698 714 719 721 736 761 766 801 816 891 909 915 958 962 977 983 991 997 
43 58 86 94 99 132 138 174 184 207 281 291 314 328 349 352 375 380 399 421 426 450 451 464 532 537 542 545 579 654 668 703 727 733 741 759 820 822 833 837 854 862 867 872 
49 0 2 82 116 126 130 185 212 219 246 251 259 273 284 288 333 348 398 403 406 459 491 549 552 581 589 591 608 612 620 698 703 707 718 726 730 732 741 742 799 818 824 870 902 917 919 926 936 940 
53 3 20 25 85 89 93 121 130 131 147 152 171 175 206 219 220 221 247 256 264 282 293 299 306 317 340 352 359 378 404 405 418 425 449 454 487 501 511 558 565 574 614 707 722 728 768 809 814 815 944 949 988 993 
55 18 27 34 72 77 102 106 111 147 149 150 201 256 262 270 274 314 319 377 398 424 446 474 484 490 508 520 526 541 547 563 585 598 612 616 640 656 665 698 737 752 778 793 798 805 869 886 893 903 906 926 944 953 956 982 
49 1 17 24 26 56 96 99 103 115 136 166 168 331 338 368 400 401 435 450 483 517 520 531 533 585 605 651 660 667 674 675 700 719 737 739 761 771 793 806 831 835 840 904 910 973 981 982 987 988 
40 4 7 24 40 81 117 173 183 199 219 228 276 277 304 372 400 432 478 493 525 558 564 603 627 702 708 763 766 778 813 822 845 894 899 905 907 915 932 970 989 
51 1 71 80 107 119 150 176 196 206 216 263 269 313 322 327 337 376 378 386 405 455 464 465 467 471 491 519 544 551 552 569 582 597 602 610 614 641 647 654 656 657 674 703 723 751 773 875 941 983 990 991 
52 0 5 6 31 65 68 72 87 111 115 145 148 152 207 216 321 340 341 371 385 405 437 464 465 480 483 511 551 560 587 598 651 698 702 719 720 734 747 761 773 779 781 792 806 810 839 849 892 914 918 919 937 
56 1 11 22 36 62 98 108 125 155 166 182 194 362 378 392 399 413 433 461 469 474 499 547 558 584 596 620 661 675 677 686 717 721 722 737 751 767 777 789 800 820 824 832 836 841 851 852 858 862 869 883 925 938 945 978 983 
40 4 5 6 7 29 47 86 115 153 198 218 224 238 239 293 337 354 377 407 425 435 447 468 494 508 512 544 621 639 644 652 730 757 762 786 791 823 887 934 961 
45 19 20 22 46 53 72 76 123 128 129 197 204 214 277 283 327 329 337 341 363 451 461 472 510 525 527 551 566 636 641 659 673 712 733 740 762 763 798 860 892 896 902 946 957 999 
46 30 40 77 107 112 143 146 163 173 195 196 214 217 237 266 284 298 314 350 389 392 402 466 473 561 571 575 579 586 666 693 694 696 698 725 726 737 740 771 811 814 850 868 916 946 964 
47 9 16 23 25 78 82 122 139 155 183 198 211 215 229 304 370 384 411 419 434 446 480 486 497 534 550 553 563 569 593 611 632 661 682 684 709 714 717 787 798 811 846 848 877 901 920 935 
52 16 69 100 107 115 135 144 157 172 173 177 195 223 235 239 286 308 316 348 409 421 450 460 473 482 524 556 573 586 596 597 606 607 609 626 640 654 674 685 708 721 728 756 823 846 885 903 910 913 928 970 972 
56 73 83 92 112 127 145 151 157 173 223 224 225 238 249 264 265 276 285 335 350 415 422 424 427 454 463 479 497 515 517 519 522 529 532 577 579 598 674 698 702 712 713 726 727 739 741 773 796 804 805 840 846 854 900 957 990 
52 136 160 173 193 194 197 206 216 222 261 269 274 280 285 288 291 299 305 312 333 348 353 361 381 401 418 424 433 434 436 441 485 489 497 498 560 566 617 687 714 726 748 787 792 842 859 879 884 897 937 955 989 
59 63 88 92 133 236 287 314 346 347 349 360 364 367 368 370 378 406 411 413 431 432 435 438 458 464 470 483 499 501 548 550 553 560 569 572 582 583 599 603 611 615 617 639 685 690 717 728 743 745 757 785 789 892 893 950 977 982 992 997 
50 0 6 20 65 69 70 89 143 148 186 196 238 268 307 327 360 370 404 438 447 449 462 500 503 520 524 530 533 537 546 591 595 601 620 621 646 660 690 695 696 699 793 798 819 829 842 883 885 956 980 
55 47 52 62 101 108 112 121 126 130 204 236 255 267 274 305 312 314 319 332 346 371 411 414 423 449 451 464 493 506 560 578 601 607 660 667 697 699 716 731 743 760 808 812 817 826 827 841 852 867 874 881 940 950 954 963 
48 1 16 24 31 85 86 88 116 141 194 254 267 271 297 336 363 381 408 416 423 448 454 464 482 491 516 529 576 613 655 662 668 693 699 714 751 777 798 803 829 887 893 912 946 958 975 987 988 
49 1 16 18 21 57 84 89 92 96 98 105 131 141 148 175 198 223 263 296 321 373 382 403 415 435 447 449 468 499 517 560 581 638 683 698 704 729 772 817 820 824 825 851 852 875 882 957 992 994 
47 5 7 87 106 110 117 134 148 150 174 201 276 297 320 332 354 414 424 431 447 456 464 483 504 518 546 550 584 589 638 656 690 717 723 742 760 772 835 837 844 847 849 853 860 911 935 950 
38 19 118 119 153 242 276 287 292 296 300 368 400 426 439 445 476 478 482 507 514 522 526 541 570 582 597 629 639 697 732 770 778 790 809 824 828 888 988 
52 8 16 48 51 65 138 151 153 174 181 185 197 242 277 295 306 317 325 336 349 376 416 451 463 467 490 504 547 578 591 593 610 673 674 688 743 765 793 805 811 820 822 860 869 877 883 897 911 923 939 957 983 
44 39 41 47 58 91 99 107 113 134 174 175 188 205 232 244 257 269 284 313 330 368 382 394 403 433 485 515 536 551 552 599 651 697 710 712 728 740 779 785 843 892 924 968 979 
51 3 30 60 61 119 133 138 176 187 193 210 239 253 311 319 336 344 370 385 423 478 537 538 559 576 585 600 611 638 640 671 689 694 728 732 746 762 768 773 778 780 786 788 815 828 857 881 883 903 938 941 
49 30 39 46 51 64 115 118 174 229 247 300 303 395 448 450 468 471 520 521 531 544 549 566 591 602 620 623 625 629 640 649 665 669 672 684 686 692 700 799 803 832 884 888 924 927 934 940 954 972 
56 8 17 19 25 26 45 86 96 148 165 197 205 209 241 258 304 323 364 367 392 396 459 472 506 522 532 542 545 585 589 599 613 625 634 656 670 686 694 723 737 779 781 799 802 829 838 845 848 849 863 876 879 891 919 928 985 
55 17 38 54 66 72 87 106 123 167 176 187 250 292 307 310 329 352 361 372 376 392 425 433 435 485 498 502 555 574 579 583 623 645 651 659 663 664 697 703 728 754 760 771 772 798 800 824 838 875 914 934 939 951 990 999 
43 70 81 117 125 135 141 170 198 213 236 250 272 275 278 292 295 351 359 363 368 387 393 397 409 445 472 477 495 587 633 675 679 688 748 755 767 772 801 831 846 911 939 973 
54 17 39 73 76 111 134 149 163 185 189 196 217 237 247 256 257 258 267 284 298 350 362 375 377 394 403 410 433 453 484 511 520 542 546 578 586 600 602 648 650 652 679 767 791 799 831 839 861 880 886 900 961 973 988 
47 0 8 45 49 82 115 159 174 179 187 238 243 390 414 417 431 450 477 496 497 502 516 583 596 603 656 662 676 678 679 711 741 744 771 800 804 816 818 830 836 845 868 876 902 906 971 981 
39 31 43 51 68 76 92 105 132 181 205 228 237 337 342 344 349 355 397 400 446 488 502 539 547 561 583 600 606 623 630 672 677 686 699 730 774 856 890 964 
42 25 30 38 98 100 105 131 147 148 156 226 242 249 338 345 362 364 369 383 429 435 474 482 550 619 651 653 655 666 685 697 726 752 776 780 807 811 823 832 866 951 979 
50 19 42 51 63 67 111 118 128 144 161 185 188 212 229 240 250 258 268 278 280 287 304 337 351 429 530 535 580 607 608 643 673 683 708 725 730 733 756 757 782 847 873 874 889 891 911 957 983 993 999 
62 12 17 29 70 73 82 87 98 107 112 120 131 140 146 155 161 180 239 247 252 264 267 277 284 296 301 314 316 353 363 394 398 409 416 435 461 470 475 483 484 513 554 563 584 598 640 648 673 693 715 720 727 784 787 792 800 815 848 932 973 981 986 
52 12 33 36 47 51 68 112 140 143 164 169 171 173 215 218 225 239 252 290 297 305 328 330 359 388 392 423 446 500 520 549 572 597 616 626 629 730 743 759 778 790 795 798 802 822 909 921 955 974 984 989 995 
40 47 48 71 97 113 114 138 168 172 183 196 204 327 408 434 448 459 469 487 564 600 603 616 669 676 681 708 741 746 780 807 816 854 895 902 903 925 960 986 998 
55 5 33 59 71 92 93 145 156 178 190 231 260 293 331 337 353 354 366 397 424 440 455 467 496 511 529 531 572 573 577 589 621 622 660 669 707 711 761 762 779 783 817 821 830 841 847 883 896 922 931 938 961 966 969 997 
41 41 88 175 182 188 189 192 215 234 269 297 326 360 377 425 433 465 476 485 511 529 532 563 600 659 680 687 758 770 773 787 815 818 837 877 894 917 946 963 987 992 
65 6 8 23 42 61 76 115 119 132 163 173 175 181 239 257 327 358 366 370 381 383 393 395 402 432 436 445 449 463 470 471 484 487 492 501 517 549 551 556 561 573 579 586 599 613 632 637 645 649 686 697 736 740 778 793 814 817 845 848 861 864 877 880 882 927 
43 5 34 71 108 111 158 219 227 246 251 253 276 285 296 299 341 352 447 453 490 507 518 530 535 536 542 546 590 598 617 620 642 649 670 674 760 778 804 830 895 949 963 984 
51 40 53 57 63 74 82 96 101 102 142 155 192 235 236 246 264 276 289 300 313 319 360 363 374 375 452 491 514 542 569 588 604 606 611 630 669 677 707 746 749 756 760 761 763 779 819 823 857 860 896 938 
50 33 53 79 141 155 183 202 204 215 218 240 241 249 271 274 288 373 386 396 405 410 458 496 501 519 543 549 570 600 613 638 652 672 673 711 722 732 756 771 794 807 845 901 908 913 922 940 952 975 990 
56 10 18 32 37 39 45 52 72 90 113 115 129 163 205 229 230 246 259 276 355 371 381 396 417 450 488 518 523 524 528 566 599 602 604 608 614 625 638 667 693 697 704 712 731 784 787 792 799 814 818 869 889 977 978 991 998 
61 2 41 50 56 84 97 106 117 145 186 227 240 278 292 298 348 432 436 471 476 477 493 494 512 514 531 544 570 604 628 656 662 715 719 722 733 762 768 846 847 852 858 859 866 874 875 881 891 899 907 911 918 920 931 939 956 970 979 986 987 991 
50 9 40 42 56 82 96 126 139 149 154 157 177 180 181 183 186 212 219 275 291 304 305 332 349 352 401 417 434 486 525 548 569 572 600 617 706 712 749 776 784 800 812 827 834 842 850 880 909 932 948 
43 41 104 121 154 157 184 207 243 292 317 318 340 343 381 385 396 402 404 443 503 531 559 569 573 593 623 644 677 678 681 687 701 740 743 746 787 810 868 882 923 959 967 974 
56 1 15 27 34 61 66 67 71 72 99 105 134 140 167 183 215 238 248 282 294 301 359 382 414 428 434 441 454 483 525 528 530 535 542 546 576 588 589 590 621 629 653 657 677 680 688 691 707 772 822 840 851 889 910 971 987 
52 35 51 67 88 104 113 159 164 183 223 242 261 270 292 302 321 328 365 367 385 394 433 438 464 501 508 509 514 529 533 537 539 580 597 601 622 628 654 681 694 706 716 743 758 814 820 836 864 874 903 909 911 
55 10 25 33 40 60 69 71 79 115 146 174 179 180 199 203 225 249 260 279 281 292 311 316 368 383 392 398 445 458 482 504 521 526 549 565 615 673 699 720 730 738 749 770 774 790 805 813 814 845 881 907 913 933 977 999 
50 52 98 104 137 147 161 181 183 234 258 304 316 330 400 419 426 436 440 441 442 448 467 475 485 496 514 515 546 549 559 560 571 608 638 647 648 649 684 690 691 757 796 800 822 858 873 914 935 950 963 
44 0 2 26 34 80 106 111 127 178 273 282 294 316 334 346 385 400 409 436 449 452 535 543 560 569 588 606 657 661 666 788 806 812 813 824 837 841 881 883 908 918 927 982 997 
53 75 107 121 126 135 142 192 208 245 248 260 268 310 330 351 361 427 443 488 524 530 574 597 605 612 643 649 658 662 665 666 670 689 701 710 730 759 774 777 782 787 810 816 836 841 861 881 883 886 916 933 970 998 
48 8 10 32 42 56 94 116 125 219 224 227 240 259 279 282 315 338 350 415 428 432 457 463 536 540 559 561 609 624 651 665 687 717 760 769 815 817 835 857 898 911 914 922 930 933 936 953 984 
37 4 42 96 136 149 152 163 167 180 184 213 239 246 252 257 269 290 324 343 415 426 474 485 527 565 581 597 599 638 671 740 757 777 833 840 924 925 
51 8 33 67 92 98 118 142 175 179 189 193 201 231 232 251 287 312 340 348 363 369 375 408 438 451 453 458 465 476 489 500 515 585 595 599 614 615 625 629 710 735 767 778 800 802 884 916 954 955 971 986 
59 2 16 22 23 41 43 61 71 96 103 116 130 138 165 176 179 184 221 226 274 293 294 304 341 390 396 413 433 446 448 474 481 501 525 552 566 585 610 614 687 698 705 711 718 722 728 729 734 764 771 789 803 809 864 869 875 953 973 996 
50 0 16 31 33 86 92 97 100 133 184 191 192 214 219 220 238 248 257 272 294 300 312 327 329 356 370 375 383 397 411 542 585 616 641 649 660 661 704 714 716 724 741 783 801 836 853 881 924 942 972 
51 36 67 95 134 141 175 203 223 229 258 261 262 274 285 286 321 339 372 387 452 466 497 515 533 538 554 606 617 623 673 674 731 736 738 755 763 775 783 795 805 827 876 879 891 912 926 931 936 955 959 998 
51 17 21 42 62 69 118 121 128 166 167 183 190 232 240 256 266 269 289 294 303 312 332 342 366 395 480 486 490 492 496 555 586 613 655 674 693 737 748 795 800 814 871 874 885 914 930 948 960 968 992 993 
48 2 25 39 67 85 98 114 150 151 165 175 196 202 220 232 247 274 294 312 332 391 393 401 421 438 445 446 458 470 487 496 500 538 544 610 621 639 658 663 667 676 680 713 738 791 811 845 856 
46 35 75 85 102 128 147 163 164 171 187 189 195 233 283 284 288 317 355 366 394 422 434 533 555 562 573 581 649 658 663 723 755 757 776 780 806 809 825 828 832 852 877 909 932 936 950 
48 57 69 110 132 188 224 228 256 267 291 298 337 340 365 374 401 436 450 480 486 527 548 551 558 572 575 578 603 608 609 651 652 676 739 748 758 770 776 801 840 846 853 866 901 933 940 951 957 
55 58 74 76 106 111 116 140 142 163 164 204 209 225 245 250 258 300 324 354 360 412 427 459 477 480 533 543 553 557 581 602 604 644 664 726 732 741 750 753 764 808 814 825 840 843 849 850 855 880 881 883 907 949 962 965 
42 45 71 111 133 150 158 165 180 191 197 201 202 208 220 244 248 270 277 280 297 331 366 388 400 475 503 504 506 534 577 588 709 720 738 770 785 804 854 877 913 940 996 
45 4 32 40 72 111 124 152 160 237 291 329 402 414 432 473 479 483 507 512 514 521 529 543 553 563 569 591 611 641 663 691 695 699 715 732 807 831 834 835 836 891 944 952 959 994 
63 32 46 82 86 107 123 129 137 153 183 188 194 201 202 257 258 281 284 285 309 324 330 340 359 368 369 376 408 440 453 491 497 528 543 590 622 641 645 676 726 729 733 744 758 766 799 823 831 838 854 857 858 865 883 892 893 915 924 928 941 984 987 991 
44 55 119 143 153 177 190 193 264 327 369 408 414 444 445 446 483 516 521 550 562 564 575 583 590 627 685 708 710 713 715 719 770 781 800 848 857 891 892 902 917 931 934 943 955 
40 7 26 43 58 81 155 173 294 302 357 369 481 488 511 527 550 557 569 617 626 631 649 677 716 731 735 741 799 808 828 851 852 856 878 891 895 930 958 975 976 
47 1 4 17 40 44 50 64 104 116 128 142 165 174 179 191 205 258 267 277 286 289 301 320 339 382 406 444 485 488 518 530 540 605 619 620 655 662 699 775 779 796 798 847 867 890 919 922 
40 32 48 53 73 119 144 150 154 271 292 299 306 370 407 419 502 506 514 543 584 587 606 621 682 692 701 762 770 788 798 823 825 840 844 851 860 897 928 987 991 
54 4 11 20 78 85 112 114 119 130 139 158 211 215 219 222 227 251 258 266 270 291 306 337 373 375 379 420 438 484 500 509 554 571 574 582 632 633 634 680 711 740 748 780 867 876 890 905 909 946 947 963 988 993 998 
52 9 83 105 107 137 138 172 181 187 213 216 221 252 278 279 286 312 327 344 362 386 412 427 432 433 443 469 488 525 528 529 530 561 577 613 642 655 671 673 706 731 758 800 813 874 896 923 924 954 965 971 995 
46 28 44 54 70 149 151 163 177 201 241 249 253 264 272 302 345 400 405 418 430 432 451 465 527 548 609 610 630 633 639 678 681 682 692 704 757 762 769 798 815 838 881 902 942 955 961 
51 17 20 22 49 63 176 180 195 275 311 391 398 403 417 421 441 448 452 465 483 486 487 512 529 553 566 587 593 600 632 659 673 676 695 770 779 781 801 809 826 827 844 856 868 877 879 937 944 947 962 974 
33 6 32 76 142 173 196 214 262 304 305 306 310 439 486 492 510 538 555 629 651 653 666 680 732 793 801 805 838 855 858 940 950 990 
52 4 39 41 71 97 117 120 122 152 164 177 202 214 227 248 256 262 287 292 316 350 384 411 417 438 440 489 491 509 534 556 568 581 592 662 710 711 713 727 792 829 838 861 895 901 911 913 920 945 955 962 989 
43 13 18 19 43 48 61 77 104 109 110 136 175 230 272 419 449 485 518 519 529 574 631 635 656 673 683 695 721 725 734 750 756 799 810 824 835 839 870 877 901 941 992 994 
61 6 68 71 91 124 147 149 154 178 185 188 206 220 224 225 231 233 250 269 285 296 334 338 347 350 415 440 445 453 461 470 485 487 526 536 546 549 550 587 592 593 598 608 611 670 672 700 708 721 729 752 777 779 795 818 826 831 840 851 863 938 
50 7 10 20 23 29 56 59 68 122 126 144 230 253 312 318 332 334 338 386 397 407 430 468 495 498 527 555 571 588 594 613 622 640 743 744 749 756 763 772 799 839 873 885 893 923 934 939 947 987 989 
42 18 48 66 90 117 122 128 133 171 191 208 237 278 334 337 338 340 368 478 485 487 492 500 522 525 537 570 613 640 702 719 740 742 791 799 840 869 910 929 938 952 956 
46 1 3 19 66 76 77 86 87 110 138 145 150 165 184 212 233 234 246 298 300 360 393 404 405 415 425 442 451 462 474 518 539 572 576 583 607 627 642 661 715 735 760 784 792 959 992 
53 7 13 87 129 145 167 188 197 224 229 242 243 247 257 289 296 298 309 337 364 417 418 424 457 483 498 515 518 557 562 615 617 635 643 663 726 771 789 823 828 829 845 891 895 901 903 911 922 944 962 974 981 992 
40 0 84 117 139 248 285 294 305 356 357 383 389 392 440 444 464 513 517 528 582 584 588 609 705 728 734 736 751 870 873 876 887 906 931 933 935 939 957 966 972 
56 35 62 78 89 97 100 118 133 144 162 174 236 246 271 275 285 294 341 356 359 368 387 393 420 454 469 493 505 519 539 568 569 577 659 686 702 723 736 742 759 789 793 814 820 821 824 841 868 869 908 933 952 958 970 993 995 
58 9 10 19 24 40 57 66 68 69 73 117 164 190 202 232 248 268 270 290 319 340 358 360 364 365 367 368 369 384 387 464 465 466 469 494 496 499 516 538 542 597 606 610 639 693 713 718 740 759 780 825 846 858 905 939 942 946 964 
48 5 16 52 59 82 115 141 149 209 309 329 344 356 372 373 376 388 402 406 434 445 458 476 489 493 530 546 614 620 624 659 732 745 766 787 808 818 828 861 878 881 887 916 924 930 937 948 994 
50 0 9 12 21 42 116 122 134 152 169 202 204 219 220 226 295 309 328 348 369 393 417 439 464 465 466 484 497 507 542 543 548 553 599 621 623 729 731 745 764 781 783 838 854 872 875 877 894 901 948 
50 2 8 14 40 70 105 118 121 159 178 186 190 216 217 221 233 254 291 320 338 343 344 377 401 428 441 459 582 613 650 674 687 705 726 731 759 761 777 784 785 803 835 839 859 864 866 887 898 912 917 
51 2 16 18 30 38 75 101 102 107 189 212 222 229 240 257 259 262 277 315 317 329 331 365 426 427 460 474 514 571 608 618 621 661 681 713 742 749 756 827 833 859 864 879 892 896 917 920 938 939 943 957 
43 43 64 129 134 142 177 186 208 223 226 231 260 274 342 350 358 401 421 452 465 466 503 548 561 569 586 592 635 665 667 676 708 713 734 774 775 822 830 853 858 957 973 993 
52 4 53 62 64 96 99 100 105 106 110 120 131 194 196 222 224 254 269 274 374 392 430 435 437 448 452 481 532 534 542 544 559 570 589 629 640 659 670 739 822 826 838 839 879 880 893 896 908 920 923 944 970 
37 14 50 100 137 147 162 173 177 178 201 204 215 312 320 353 369 381 415 495 584 588 664 689 696 699 719 750 771 780 849 866 875 933 934 939 970 994 
49 0 3 31 86 96 129 159 193 201 231 265 296 299 302 306 308 309 328 472 474 480 482 487 488 490 556 567 588 606 654 662 690 710 726 731 738 745 749 770 790 814 836 882 902 911 974 986 991 992 
45 1 27 41 42 44 46 62 79 114 141 175 185 189 207 237 301 306 334 371 392 423 478 509 523 566 600 602 607 636 651 660 661 680 685 744 776 785 806 811 844 878 893 927 951 976 
60 47 49 52 59 74 93 96 98 101 117 148 222 234 256 261 268 275 290 351 357 362 373 385 399 422 426 434 452 464 466 536 547 553 584 587 593 601 610 612 620 626 668 712 739 744 745 758 816 843 874 893 901 918 924 927 928 946 956 961 996 
60 2 3 32 39 48 56 86 135 149 163 169 173 190 197 213 246 253 260 271 281 311 319 345 379 387 395 397 399 434 441 450 471 472 505 511 579 618 632 637 643 653 657 675 677 678 702 709 720 724 740 750 756 763 794 797 848 913 915 991 993 
46 9 23 59 81 93 143 154 156 185 212 254 291 308 316 328 404 413 467 522 534 562 574 603 615 625 629 639 644 648 686 687 697 705 741 816 820 842 848 882 910 924 932 938 949 965 981 
49 6 21 42 44 87 103 106 118 125 147 175 191 204 213 226 243 345 346 359 380 392 393 407 430 446 447 453 454 456 527 547 571 577 615 642 661 676 681 706 709 742 776 818 825 827 835 866 872 939 
52 3 9 17 56 60 89 115 163 173 187 211 221 235 239 342 357 391 416 436 494 527 554 579 583 598 601 607 609 658 664 676 690 704 727 735 791 815 825 836 838 847 877 878 885 912 927 939 941 947 978 982 996 
46 7 14 25 57 65 119 169 191 209 217 221 222 237 284 311 353 388 396 399 406 407 434 475 489 498 564 589 602 620 628 634 639 652 655 662 674 679 774 783 790 821 886 926 962 963 988 
45 97 100 102 115 117 129 150 167 168 189 200 280 285 292 300 309 330 333 362 371 400 425 431 434 437 508 510 523 562 582 592 621 649 661 689 700 705 719 746 846 893 894 902 904 989 
55 11 34 69 88 124 131 140 150 172 187 203 212 228 251 259 260 273 279 281 285 302 316 322 343 348 388 397 404 423 447 456 475 555 562 572 581 594 614 620 646 663 703 718 781 784 788 801 812 815 819 829 869 871 972 990 
38 9 30 105 133 176 190 256 299 338 361 397 442 447 461 464 479 485 506 555 561 607 631 635 666 667 779 788 814 817 857 859 926 929 934 955 960 977 986 
49 17 43 55 96 98 138 176 213 214 223 236 281 304 339 342 346 353 356 413 429 442 451 494 543 551 563 633 643 656 666 675 676 677 707 764 765 815 841 845 851 876 877 878 884 890 948 950 955 965 
44 2 17 88 89 108 115 122 157 194 247 255 315 352 359 385 399 405 418 462 498 523 531 559 576 580 585 594 598 604 644 670 682 699 711 716 725 730 818 832 891 898 958 966 985 
46 50 67 143 154 227 230 241 268 279 299 307 317 325 371 390 420 449 450 452 458 475 491 554 555 564 601 602 609 630 678 714 743 748 758 778 804 860 886 894 898 903 927 955 968 992 994 
44 48 81 91 153 165 178 183 207 230 263 270 293 328 337 349 369 398 428 484 503 505 523 532 540 551 582 618 649 650 689 708 720 757 823 853 898 903 908 917 938 952 965 980 993 
47 18 31 86 96 139 140 165 166 181 197 220 240 285 305 374 416 422 446 468 476 489 495 496 522 547 552 565 577 578 585 643 667 714 720 750 814 836 841 866 917 922 926 929 938 943 958 991 
48 18 87 119 157 158 165 166 186 213 217 251 275 278 284 311 318 322 368 381 383 400 459 478 509 523 532 542 560 582 592 603 657 659 692 693 706 710 717 753 754 756 796 798 803 868 921 946 983 
41 11 18 67 75 99 104 200 203 231 236 280 285 295 361 365 374 385 405 412 483 496 528 548 574 607 639 640 684 697 706 722 757 763 845 854 859 863 913 921 929 989 
46 2 106 151 153 157 186 189 196 246 280 284 286 302 304 339 382 389 402 425 458 462 516 525 528 546 576 582 597 639 691 694 699 702 715 721 753 756 827 866 870 872 874 875 899 916 998 
42 20 22 67 101 109 115 117 148 170 185 195 200 231 279 313 317 336 338 350 363 436 451 464 489 504 526 563 567 568 603 604 621 654 670 681 752 758 810 844 876 893 961 
50 13 30 86 114 154 178 180 195 198 205 236 255 270 283 299 373 386 433 445 448 464 465 478 484 487 488 514 539 541 553 586 624 686 689 710 739 776 782 808 838 841 873 875 898 906 911 927 947 970 985 
41 12 16 28 43 54 90 154 166 177 196 204 216 267 315 327 439 443 454 473 542 544 546 560 565 582 594 597 683 698 737 815 835 853 898 912 943 957 962 963 991 996 
54 13 37 43 72 76 78 86 99 112 138 149 170 173 220 241 251 267 318 331 414 437 439 447 459 463 475 489 491 528 548 556 598 599 608 631 660 664 675 709 743 744 747 760 803 805 899 923 933 938 947 948 955 968 971 
39 35 58 68 144 168 202 259 325 333 345 370 373 375 384 426 481 505 528 557 559 560 562 571 589 599 629 642 682 706 714 718 720 729 750 765 770 835 847 970 
44 14 16 36 55 87 145 160 164 191 192 247 258 261 271 338 352 373 391 396 423 452 454 458 468 473 500 503 536 548 598 742 777 780 799 822 823 825 870 873 919 926 959 987 988 
39 3 71 74 79 113 125 156 184 207 236 247 278 295 365 366 372 388 409 410 466 468 535 623 643 684 689 701 704 747 775 788 826 843 861 867 884 889 938 969 
50 37 39 46 53 78 88 121 190 223 275 282 345 348 366 376 381 384 446 448 473 477 486 501 561 570 602 605 616 633 650 675 679 697 701 710 731 742 758 790 794 800 801 802 828 853 862 873 945 958 984 
61 13 15 45 46 58 65 91 128 131 132 136 139 148 155 184 218 219 259 282 304 307 315 323 335 345 392 394 440 469 502 534 540 548 549 556 560 562 584 588 621 632 647 655 671 699 719 727 742 775 811 819 845 867 873 876 879 912 948 956 982 994 
48 26 49 52 74 93 153 155 157 192 203 246 247 259 263 278 297 306 316 319 359 369 387 424 437 455 461 467 481 498 504 539 541 565 581 618 635 665 695 735 740 769 850 853 871 901 912 960 995 
49 11 15 58 68 74 87 131 134 147 150 179 201 202 221 236 293 295 305 329 334 341 344 392 402 414 427 455 471 495 526 550 580 651 697 711 727 738 744 749 816 850 862 876 882 928 940 942 960 969 
61 15 30 46 68 73 123 129 150 164 194 202 211 213 216 238 288 320 360 375 382 383 393 402 420 428 455 473 474 489 504 525 531 546 615 619 626 646 647 653 671 686 692 715 726 779 786 809 814 833 836 855 867 892 923 925 932 955 956 988 989 994 
44 37 54 59 60 90 100 150 189 220 255 285 301 404 407 422 445 457 466 481 487 488 489 501 502 603 614 616 638 645 680 683 707 710 754 798 810 819 831 839 844 848 959 961 995 
52 39 41 47 106 109 116 148 153 160 181 183 195 225 235 290 297 308 365 428 434 483 496 499 505 512 550 553 565 567 578 599 638 663 665 673 677 694 741 745 778 806 862 873 913 926 929 937 958 961 971 976 983 
48 13 20 35 69 82 97 99 195 198 213 239 240 248 267 268 284 307 322 339 355 405 460 485 486 550 559 601 669 675 678 680 707 712 736 782 790 801 805 815 823 824 856 915 956 971 982 985 987 
48 0 5 21 34 53 75 112 122 142 154 202 204 224 237 253 258 307 330 339 341 362 383 384 401 415 447 464 473 505 529 575 603 605 609 689 697 712 732 748 756 793 794 802 824 850 904 948 956 
52 29 36 57 70 74 103 139 214 222 229 238 272 284 318 344 383 394 422 427 429 432 438 445 486 492 493 510 511 516 517 538 540 551 639 646 663 664 671 679 710 716 726 729 795 812 817 838 861 865 907 922 998 
48 21 38 63 85 112 126 152 225 254 330 335 336 350 381 394 449 451 459 473 485 496 498 512 515 573 605 660 676 688 691 754 759 764 775 778 789 794 801 805 835 856 884 897 903 923 926 959 995 
52 10 24 69 77 109 111 132 137 148 200 217 275 287 293 298 302 310 333 390 396 415 420 428 434 437 473 498 525 534 554 564 582 631 644 668 677 679 700 701 713 738 772 792 823 885 902 908 912 921 930 980 981 
53 1 12 40 60 68 69 74 88 89 123 128 129 149 212 232 259 265 267 283 306 318 342 343 362 386 406 423 443 467 481 492 494 566 633 697 698 726 747 756 767 774 788 790 791 822 849 860 894 920 931 946 970 993 
50 19 20 41 46 57 113 130 151 152 156 164 177 201 221 314 326 335 346 367 377 386 389 423 432 462 508 510 525 544 547 599 611 643 650 655 697 757 794 806 829 838 839 847 866 883 922 926 960 972 974 
45 4 21 61 83 87 98 133 135 175 199 219 222 230 238 253 262 272 308 313 329 337 419 423 434 449 450 455 509 515 522 530 564 602 605 621 688 690 699 767 838 866 881 888 922 997 
49 22 56 58 78 81 89 105 117 118 159 195 203 228 233 267 274 325 351 424 445 450 473 486 521 571 584 607 608 624 663 700 705 712 715 721 745 757 774 808 821 824 826 872 891 935 939 983 984 990 
48 10 25 90 109 156 164 180 183 192 195 229 251 254 269 308 333 337 414 415 453 504 519 525 544 552 569 591 592 598 648 658 662 691 719 726 735 758 772 793 852 863 883 895 899 922 924 929 949 
49 18 33 40 73 101 165 195 260 312 354 366 372 384 389 416 436 439 458 460 463 465 469 491 492 503 505 508 570 573 586 641 658 664 665 689 736 759 774 800 846 892 894 904 950 965 976 981 982 986 
50 7 27 29 39 124 125 142 184 194 199 223 275 301 357 360 361 375 387 400 404 410 430 463 476 478 513 514 525 553 604 641 655 710 751 804 819 826 856 872 874 892 901 938 949 960 967 973 974 987 990 
55 28 42 57 60 118 129 136 149 164 165 169 186 190 215 230 233 267 289 303 305 333 343 361 412 429 432 433 435 490 497 552 559 591 594 616 644 676 689 706 736 746 750 792 807 817 819 822 827 888 894 896 914 923 928 985 
50 45 58 91 109 131 163 216 252 256 257 280 288 320 343 369 374 383 415 419 460 508 524 531 583 601 611 645 649 654 657 667 675 698 699 712 733 747 748 751 764 789 796 798 804 806 901 904 970 982 994 
41 5 41 43 52 60 69 72 73 114 135 158 185 188 203 263 268 286 351 360 388 393 410 429 445 449 467 526 578 625 633 638 700 703 714 720 745 884 887 920 993 997 
45 62 82 96 103 108 115 129 130 140 146 151 166 172 173 179 220 284 322 335 343 362 409 466 468 473 514 537 557 591 597 599 622 623 624 692 711 749 761 764 772 791 802 816 867 948 
49 0 41 141 142 185 223 236 278 295 296 305 312 315 328 339 342 359 385 416 425 429 450 473 479 526 542 581 584 589 597 622 646 650 666 693 697 730 788 799 805 808 839 904 914 923 936 942 958 987 
58 45 49 63 65 75 108 130 197 225 238 250 269 291 295 313 323 327 343 442 452 470 479 502 509 510 513 535 548 564 617 631 639 659 685 690 706 715 731 740 744 757 787 797 811 823 830 848 867 882 885 895 905 913 921 925 935 977 990 
45 22 70 99 178 187 200 214 236 251 277 284 287 323 339 400 416 424 430 437 461 468 473 477 525 547 578 582 590 603 625 649 652 743 817 818 825 850 855 868 870 902 933 948 975 989 
46 1 12 83 105 110 116 128 164 206 247 250 252 274 304 310 376 389 476 483 488 492 540 556 557 561 585 598 606 609 640 647 653 677 697 713 739 746 752 761 770 844 846 863 912 943 995 
52 24 56 71 73 78 151 171 198 199 222 227 228 257 269 279 293 294 323 338 364 374 378 401 403 417 427 435 454 460 466 477 511 543 576 587 645 666 673 686 687 692 724 752 791 796 847 849 857 881 885 940 999 
62 3 12 17 31 62 91 106 108 115 132 145 173 201 212 226 227 232 252 263 307 309 313 344 351 358 368 384 400 403 424 435 446 462 467 470 526 567 571 632 668 669 670 673 683 698 702 704 744 770 790 791 796 806 834 874 900 905 948 949 954 959 992 
54 8 30 40 63 108 113 140 168 201 203 221 224 236 306 318 327 338 348 370 374 375 376 389 392 395 396 404 411 418 435 448 450 467 527 535 541 545 575 583 651 655 686 710 733 794 802 804 840 886 907 916 931 964 991 
56 11 22 70 83 86 106 107 135 143 184 203 210 230 267 268 293 296 328 349 370 378 416 448 449 477 499 530 546 570 588 604 619 625 635 636 640 661 675 692 701 733 739 750 768 785 821 822 849 887 890 915 922 930 972 978 982 
41 63 69 75 77 91 101 105 120 130 184 187 223 231 249 303 337 349 458 461 484 528 552 565 570 581 613 653 667 691 697 778 817 836 868 922 923 930 931 964 976 988 
57 31 32 36 41 54 84 96 97 103 186 215 221 227 236 240 277 312 317 340 360 371 384 429 447 458 484 560 561 562 597 598 622 640 642 653 654 662 678 694 724 736 737 743 756 775 780 791 814 836 903 907 916 938 942 981 990 992 
53 1 2 6 34 50 52 76 86 105 110 113 121 128 159 163 167 174 206 212 229 231 288 301 303 312 315 317 320 345 348 367 455 460 493 496 547 601 610 620 643 660 697 747 754 763 773 806 837 858 873 906 928 951 
50 0 31 43 44 77 83 100 108 110 130 139 141 160 167 239 257 275 307 313 321 326 336 367 512 548 552 563 565 583 618 650 664 675 678 688 698 716 723 763 773 823 870 882 894 896 897 927 947 967 990 
36 2 10 33 41 77 102 116 147 172 191 210 257 276 305 310 351 365 371 381 470 531 532 581 587 615 656 686 718 760 778 779 794 846 897 942 958 
57 1 15 105 118 156 189 222 236 237 290 300 321 338 403 412 423 456 479 484 490 508 533 536 544 545 547 548 554 570 584 616 628 629 638 681 687 701 773 784 787 789 798 804 810 815 818 822 823 826 843 852 873 904 929 940 958 988 
43 14 19 40 64 71 124 135 173 193 231 351 378 393 401 423 435 446 474 499 502 546 576 642 650 678 705 734 751 752 762 765 771 782 807 816 824 839 843 873 949 972 975 985 
52 5 16 40 67 96 108 109 149 161 162 179 212 230 240 244 247 256 270 279 287 335 348 372 400 406 519 549 573 613 615 620 621 622 666 671 674 681 703 761 780 792 830 855 856 858 871 899 914 947 956 969 976 
45 39 50 57 91 120 138 141 144 146 160 168 173 228 244 286 369 371 382 416 434 448 526 533 545 546 572 583 587 593 600 632 660 667 698 742 783 785 792 796 800 803 935 943 982 987 
58 19 35 44 73 96 117 133 148 154 155 166 201 202 220 231 247 261 264 295 304 313 337 341 370 433 447 469 471 475 500 515 516 517 525 547 571 616 645 646 724 750 757 766 812 826 832 842 856 866 869 874 889 892 908 949 981 983 996 
44 18 40 59 72 77 147 157 173 174 191 243 244 270 338 367 369 432 433 503 526 569 602 605 610 613 619 654 665 703 721 729 740 749 765 786 801 807 812 846 851 881 911 930 956 
51 7 19 44 90 115 128 137 166 238 243 253 261 280 315 330 341 368 371 372 393 394 396 465 507 543 564 566 583 607 614 630 638 659 682 702 707 719 728 733 743 817 828 839 857 867 888 889 925 975 993 997 
56 3 18 50 67 74 87 119 120 123 132 147 187 197 324 330 331 335 349 353 365 366 370 373 395 402 417 476 480 489 513 525 538 590 592 601 615 624 643 645 647 652 663 668 673 691 720 725 772 802 822 834 839 955 960 982 994 
50 14 24 80 91 103 105 146 180 181 238 276 291 313 321 331 332 392 434 455 475 485 495 502 552 564 577 595 600 618 620 642 688 714 729 741 748 753 770 798 802 810 860 890 914 919 921 939 976 979 990 
48 73 86 97 156 169 188 208 212 256 331 339 354 386 401 414 417 452 470 484 501 508 525 559 594 626 650 654 682 686 691 700 728 740 742 743 744 771 786 827 850 867 886 893 911 955 956 957 987 
50 48 49 118 120 124 147 149 176 184 185 224 227 232 248 255 261 273 306 307 315 349 368 381 455 496 497 499 516 541 544 546 563 573 620 622 646 674 709 727 771 772 779 788 868 904 912 919 923 926 938 
58 10 12 13 28 57 133 144 192 241 242 243 246 249 259 278 291 293 297 308 313 314 332 342 351 377 402 405 418 421 432 447 465 479 487 508 535 573 575 598 618 624 632 652 673 686 687 705 724 782 795 806 807 824 840 843 884 974 981 
48 6 26 39 41 55 64 98 134 137 139 158 168 173 229 240 243 249 329 350 407 484 537 538 588 604 634 636 668 695 721 723 724 746 760 762 769 803 813 815 837 838 856 857 885 897 925 941 952 
59 23 59 60 72 84 85 109 125 131 132 147 168 183 192 205 214 229 249 256 262 271 296 342 372 395 418 433 446 466 467 535 543 570 575 593 595 605 614 636 687 696 736 738 744 770 775 776 798 809 843 871 876 900 903 913 914 959 964 972 
43 4 16 43 47 59 79 88 110 186 203 208 226 246 265 379 392 416 460 483 508 515 531 532 554 572 620 644 645 661 676 679 711 714 718 813 816 825 838 839 893 902 937 949 
53 39 58 81 82 84 105 120 139 179 199 203 210 222 234 238 252 275 286 339 349 376 425 428 448 469 500 511 559 594 597 599 627 650 674 699 703 716 743 800 826 838 841 847 874 878 903 924 929 946 953 957 972 976 
49 2 24 27 36 59 90 94 116 122 168 170 203 221 222 249 252 254 258 274 276 318 359 369 418 437 442 445 460 492 499 517 528 547 638 656 666 672 679 700 742 774 795 799 814 918 928 956 985 997 
43 16 47 124 129 137 171 217 228 230 232 241 249 267 270 283 289 301 359 380 400 431 432 481 519 536 549 577 581 596 602 630 642 659 695 742 788 808 809 843 915 929 962 984 
54 5 87 97 105 136 152 176 212 220 268 280 285 286 370 384 394 407 490 493 514 539 543 575 590 592 618 623 633 641 678 680 696 722 736 758 781 783 803 807 816 826 828 829 833 852 857 863 871 882 901 906 977 984 992 
53 0 21 26 34 39 61 80 92 108 123 138 139 161 219 237 241 257 260 264 269 271 286 339 348 361 372 379 382 390 438 453 458 509 520 554 559 581 600 620 649 653 659 688 692 745 781 790 820 886 918 953 966 988 
