200 1000
711 716
329 827
833 1399
905 1260
400 1166
280 1075
504 1299
381 1038
450 1364
835 926
720 866
783 1433
368 925
9 733
872 1810
726 1300
792 978
77 740
561 818
173 558
868 912
513 1064
111 398
957 1210
503 699
980 1196
501 1064
452 776
388 708
691 955
646 1038
771 1235
263 1261
857 1055
94 688
234 290
869 1611
192 530
390 1280
849 1301
707 1483
240 811
699 890
167 786
227 536
977 1479
148 152
435 537
947 1064
726 1635
390 1017
738 1374
123 143
375 627
123 923
2 246
234 1123
177 615
351 733
326 918
152 988
508 766
182 315
335 803
243 341
816 1319
959 1471
71 1019
115 1022
893 1624
542 1504
862 1674
384 1054
556 921
928 1380
236 816
317 1211
387 899
772 1615
375 430
702 748
199 477
29 374
230 400
891 1202
70 429
572 725
480 494
801 1332
923 1227
900 969
775 816
142 948
878 1253
89 1081
703 1210
573 1034
511 1010
420 1296
399 843
511 1371
868 1191
355 438
528 980
121 150
138 403
40 222
253 528
300 894
199 1082
297 412
455 931
782 1131
84 222
420 457
466 1431
651 1460
600 1317
304 314
416 830
286 1087
602 1187
639 1452
873 1394
924 1872
997 1778
979 1064
151 334
320 923
786 905
510 682
740 1059
900 930
441 1246
99 929
498 1308
31 1005
569 1494
736 1615
39 220
938 1144
223 546
469 1134
764 1745
333 438
218 291
391 1077
505 959
438 922
759 1604
110 811
24 866
347 489
280 1269
935 1836
382 698
861 863
326 689
943 1930
664 674
152 876
664 1193
825 1652
372 626
191 1146
224 332
86 856
236 636
579 744
294 504
850 1673
468 559
186 1183
433 1329
824 1692
904 1753
294 1227
392 772
730 1725
672 1398
560 651
66 370
119 486
953 977
597 1439
860 925
300 1206
25 88
828 939
931 1267
411 1253
100 1031
793 1258
866 1465
42 259
432 488
347 936
348 1278
857 1042
316 316
537 1034
40 1009
550 958
80 992
66 234
239 648
157 1082
508 1333
314 518
267 464
727 816
833 1007
827 1327
971 1942
324 768
962 1660
663 691
70 421
212 1180
728 1566
236 357
525 724
985 1428
628 1461
710 759
878 1099
17 867
955 1820
341 526
966 1863
454 665
558 731
220 449
136 188
295 558
52 347
761 796
811 1711
700 1653
821 1580
304 1125
904 1191
861 1675
699 776
951 1495
354 478
489 511
226 327
448 806
901 1139
737 1596
58 293
246 655
974 1834
385 1294
544 936
12 329
502 697
44 652
728 1437
624 1159
229 285
185 529
933 1631
964 1471
483 703
735 1537
494 798
48 402
278 354
631 1083
898 1040
573 1498
399 717
48 964
561 635
565 765
770 1434
113 729
134 855
363 598
616 1122
310 985
625 1286
126 747
793 872
91 322
979 1145
170 606
248 768
461 1152
749 1366
610 1073
599 1297
233 815
631 983
845 1542
243 718
153 371
831 1233
758 923
716 1381
332 486
201 1045
194 454
998 1002
487 615
310 699
825 1300
368 513
344 661
358 376
255 707
381 1167
82 799
747 1079
556 694
550 704
145 417
845 1055
666 832
791 1602
305 1095
808 1089
621 1317
656 1135
945 1787
887 1484
546 960
399 1229
873 1178
204 420
472 1059
132 714
477 1325
777 1243
790 1426
118 1019
821 1425
113 362
255 411
389 1116
294 560
425 1184
428 1113
96 730
18 840
403 613
88 417
477 574
887 1501
374 511
759 1316
462 1065
660 1377
189 273
186 1041
289 667
880 1532
556 1101
901 1092
264 638
470 626
718 1212
220 809
34 912
521 1112
332 508
943 1923
774 860
569 1506
174 537
278 929
447 717
779 961
757 996
71 788
509 801
128 958
972 1634
349 560
787 1746
236 828
280 750
761 1590
202 1035
385 894
578 1165
390 1112
811 1605
212 620
82 932
264 602
1000 1063
765 1079
560 782
686 1601
648 1422
18 463
359 1189
335 1082
10 297
398 850
237 855
454 1397
346 753
508 543
590 1387
540 1397
576 635
536 626
215 300
884 1016
930 1649
188 417
147 386
624 916
141 1088
984 1373
835 1556
642 1415
842 1410
294 830
192 1153
83 471
602 855
610 1332
956 1549
45 942
646 1385
32 42
14 68
332 1055
21 572
428 1262
241 363
252 444
32 392
7 91
627 874
722 1067
216 1032
896 1087
231 586
182 364
954 1237
558 1182
232 875
143 836
851 1289
766 1561
910 1719
80 690
951 1750
42 870
982 1687
873 1617
609 850
495 1166
868 1220
303 696
676 1303
96 903
423 495
945 1826
245 524
902 1331
987 1720
5 363
902 1336
620 1540
559 985
674 1616
828 1331
538 1158
338 991
316 678
677 1350
522 1237
914 985
709 1335
821 1622
484 1069
295 832
801 984
614 816
733 1358
292 703
24 249
664 1315
211 324
809 1163
345 1146
490 576
513 786
730 1462
479 893
971 1081
504 790
620 1313
803 1051
720 967
772 1460
716 1012
943 1805
70 879
879 1548
131 265
307 407
957 1854
320 1164
402 1069
511 1442
821 1142
566 706
817 1039
932 1267
836 1553
370 549
86 259
887 1246
928 1401
321 477
819 1571
868 1603
517 1041
13 20
386 474
922 942
88 722
435 1399
118 741
814 1456
927 1913
388 1200
599 874
818 1525
533 1100
846 1478
37 957
685 1056
295 747
105 993
349 902
405 776
879 1667
72 1060
948 1497
377 781
318 445
87 121
19 952
812 1153
403 636
406 991
103 273
40 872
889 1053
599 795
927 1326
1 823
667 1353
948 1049
955 1381
484 1137
394 1139
975 1330
465 791
234 896
118 479
91 110
447 812
632 735
290 593
146 571
101 195
97 410
461 1448
419 510
573 1166
178 743
321 555
938 1643
862 1085
947 1864
797 1298
978 1610
959 1818
197 433
146 596
189 431
61 424
973 1805
640 705
61 434
441 552
542 805
617 868
538 1007
67 887
100 273
363 1147
309 1036
273 1024
645 1447
125 1068
518 717
225 1046
82 560
508 747
456 727
428 1377
670 1585
923 1635
277 1198
96 759
197 600
88 708
148 973
316 764
686 1396
653 1371
854 1810
982 1305
105 206
775 864
727 1429
256 744
592 850
430 841
140 1000
611 1177
192 1149
326 866
484 933
922 1746
504 773
916 1792
958 1095
676 1118
210 1088
734 1492
577 841
549 748
533 1100
172 576
616 736
733 1524
210 446
393 1229
275 964
337 630
556 746
404 562
415 488
131 409
890 1638
159 437
204 810
17 43
671 783
813 1468
87 437
730 1543
200 242
922 1592
68 178
629 780
987 1914
630 1188
359 502
717 1208
513 517
94 596
599 1062
333 425
949 1767
592 1010
392 674
861 1488
436 927
952 1419
457 1123
403 910
771 1575
858 1693
214 229
723 1604
859 1251
889 1346
929 1569
309 771
66 405
513 514
167 954
456 894
231 426
533 844
437 1408
731 1057
540 851
97 304
187 460
517 675
856 1186
799 1736
296 1139
376 383
304 1169
245 685
917 973
108 712
21 954
294 969
413 711
534 728
649 1214
248 567
852 939
896 1162
845 1094
25 970
23 946
331 889
880 1773
847 1742
940 1422
450 587
864 1072
480 750
680 1352
525 863
701 1042
120 609
278 954
331 580
440 1355
290 1253
276 387
466 1311
483 1123
564 1428
161 525
199 934
32 622
653 884
281 1267
912 1484
329 1114
616 1340
582 1147
507 630
730 748
288 509
672 1590
448 859
822 1471
88 234
349 568
76 648
243 697
282 624
492 1360
220 1085
71 309
797 1311
769 1323
712 1332
677 992
445 993
589 1193
315 888
476 1199
342 588
83 303
43 414
383 1327
321 506
941 1126
908 1664
791 985
905 1334
523 1241
8 574
266 1207
43 628
944 1009
642 692
78 997
713 1472
43 1003
955 1907
574 1040
136 949
621 910
255 547
843 964
988 1318
628 776
929 1267
340 1250
47 446
515 1197
723 1227
771 1159
777 960
151 925
633 1552
658 1649
179 270
926 1433
181 674
98 941
556 1124
613 974
687 1225
447 1283
154 922
601 749
24 674
340 671
182 807
903 1824
72 184
961 1132
121 469
272 428
344 413
218 1023
592 1211
981 1517
724 1079
427 1091
468 1018
835 1530
428 877
703 1465
415 701
471 901
134 913
632 1048
480 1008
965 1147
817 1676
674 691
592 1133
573 699
319 730
284 1150
776 804
664 1222
175 1021
220 493
225 648
65 892
310 330
576 845
286 831
828 836
65 977
531 717
810 1790
145 675
925 1125
688 1433
23 844
331 363
152 626
723 966
999 1444
213 522
699 1622
532 1010
55 230
533 1500
391 482
818 1666
799 1357
887 1705
758 1734
714 1208
969 1552
288 976
247 780
683 1169
351 835
685 1256
985 1032
428 712
702 914
17 551
489 610
132 1089
773 1773
958 1417
319 836
617 1077
483 1150
953 1740
241 460
41 230
75 1065
880 1439
869 1394
261 902
216 581
611 1082
329 682
640 1157
891 1880
260 437
664 1093
832 1126
393 780
815 900
774 1342
798 1226
353 586
778 1253
167 853
748 1493
63 689
955 1569
821 837
78 392
705 745
833 1789
94 1030
608 1292
152 662
456 620
808 1073
684 741
486 1379
297 916
907 1580
380 738
182 712
282 513
607 1226
872 1792
619 1012
568 640
57 822
217 248
409 821
604 1533
328 672
588 1497
925 1150
794 1178
685 1685
788 852
677 1177
256 721
720 1188
663 1596
548 882
805 1690
250 968
26 46
233 552
828 1503
539 1534
428 750
895 1892
940 1000
549 1355
329 414
117 1066
26 97
883 1876
549 1110
949 1568
277 509
532 549
318 756
913 1905
937 1722
122 308
676 792
34 218
687 802
593 1527
673 824
387 1158
956 1832
563 855
282 863
546 754
538 1503
848 1810
483 983
472 1104
788 793
363 598
499 1244
905 937
485 905
745 1152
52 7 17 26 113 125 135 168 172 188 207 211 281 287 341 347 373 378 399 431 433 451 452 465 481 485 495 515 538 544 546 557 601 641 642 643 659 713 716 737 776 781 786 797 863 865 869 892 904 950 958 963 993 
60 0 34 46 47 76 100 110 113 125 128 157 161 162 171 189 191 198 205 220 236 246 255 294 295 310 314 321 324 327 372 393 398 399 408 411 423 436 454 533 596 614 630 631 652 655 681 707 731 737 762 774 786 796 835 904 925 933 990 991 995 
64 3 27 37 38 72 89 97 147 166 167 190 221 235 306 345 352 378 391 414 437 443 465 473 501 518 530 549 603 605 634 662 698 704 705 719 722 726 732 733 742 743 744 746 755 759 781 783 801 827 833 835 863 865 870 877 881 887 935 937 961 971 978 985 988 
61 0 1 7 33 41 72 91 99 113 160 185 187 192 203 205 208 259 268 296 302 308 332 337 349 357 371 373 385 419 420 429 430 438 453 486 517 533 595 616 626 638 639 650 652 703 717 727 753 782 797 808 853 866 871 882 889 901 906 940 985 990 
64 9 19 71 81 95 97 110 128 141 151 152 158 181 221 228 235 249 256 262 295 298 301 302 313 350 366 367 401 404 420 424 427 456 458 466 468 473 474 475 494 516 537 552 576 592 598 640 654 660 670 680 694 779 800 817 818 835 883 901 910 926 952 966 976 
49 0 8 51 58 59 86 109 115 128 140 172 197 274 279 290 325 338 340 366 373 398 415 419 426 438 445 475 482 510 523 527 530 580 640 695 708 713 758 769 814 864 871 886 896 926 944 970 978 995 
57 2 23 136 149 162 163 171 172 187 199 271 287 289 295 307 309 313 327 342 351 371 385 392 425 435 447 455 494 504 529 554 572 591 595 667 668 675 679 715 720 748 750 758 788 789 809 832 845 850 877 890 904 919 921 938 946 961 
51 24 78 81 97 98 128 136 167 189 191 195 207 212 242 250 255 282 337 342 345 390 393 429 503 524 530 535 548 559 560 564 600 616 626 634 658 706 735 740 780 785 806 816 823 856 859 890 915 916 991 994 
48 40 46 73 104 145 155 201 206 214 235 244 266 285 338 456 463 486 493 498 505 517 528 542 586 587 623 627 651 684 693 716 733 736 752 758 777 787 831 841 845 854 884 900 920 923 931 956 990 
48 22 24 57 73 76 78 84 109 116 120 141 177 194 201 247 257 265 273 278 334 347 368 386 393 394 469 548 580 588 590 619 655 661 671 710 731 760 774 824 831 833 856 883 887 904 938 955 969 
52 49 78 88 97 121 138 176 185 213 249 285 301 339 356 365 402 406 428 434 435 452 458 465 467 470 472 473 498 514 533 557 563 597 633 680 681 687 700 752 755 789 808 824 843 849 857 874 889 930 943 980 988 
46 7 18 67 74 88 115 161 186 194 208 236 255 262 286 293 333 337 392 407 456 491 513 545 549 575 587 588 635 640 646 697 709 722 742 753 812 853 863 864 881 884 893 935 938 969 999 
53 2 16 21 43 67 88 137 146 155 156 162 167 250 251 273 275 281 284 288 292 335 348 356 357 364 370 396 423 430 431 437 444 503 526 545 560 580 591 611 641 685 730 736 742 762 778 780 789 820 831 899 956 988 
45 7 16 24 52 68 80 85 89 90 110 141 244 256 261 268 281 289 292 329 338 343 351 357 396 419 426 431 478 507 512 540 630 681 695 760 768 772 788 792 852 873 905 924 929 983 
52 34 45 73 93 102 109 137 163 168 171 173 206 232 237 264 279 336 355 394 411 422 426 434 440 448 451 472 493 528 531 551 553 573 595 602 706 737 738 739 762 768 808 820 843 844 877 885 907 912 913 927 966 
55 7 11 15 22 24 41 48 68 75 77 85 111 160 204 263 264 276 278 293 304 312 329 334 338 353 357 388 409 451 455 538 543 551 566 598 632 642 647 649 682 689 696 719 739 743 756 797 821 823 857 873 876 899 943 975 
56 11 12 37 48 71 89 98 135 161 179 226 236 238 247 258 299 312 314 351 371 388 403 407 418 426 445 466 478 513 526 529 530 565 572 594 610 618 621 638 700 715 734 741 760 769 782 829 843 860 870 885 886 895 914 964 990 
57 27 36 59 71 72 83 116 124 173 176 193 198 200 205 216 221 227 229 242 245 254 344 356 404 418 421 434 437 496 562 566 589 613 619 621 636 641 660 664 680 688 690 706 719 747 770 775 787 789 817 818 830 832 856 862 874 931 
47 19 35 78 108 109 124 131 154 170 183 224 263 276 296 300 318 321 331 342 390 392 447 452 468 492 498 507 521 529 541 590 595 617 664 665 676 683 730 798 809 859 870 886 931 934 976 994 
44 54 101 102 104 121 123 173 194 240 252 297 309 314 318 319 363 386 415 421 422 436 452 454 458 498 509 530 546 562 591 629 690 701 733 754 767 821 832 876 894 924 951 956 971 
41 14 18 98 135 185 195 213 215 261 267 288 299 300 371 394 396 417 430 454 491 527 538 557 574 626 631 665 684 693 711 723 754 844 848 869 887 892 938 949 969 975 
48 0 12 41 75 76 98 130 152 154 156 158 226 278 305 316 337 364 386 389 393 403 435 502 511 513 515 537 556 585 655 670 702 771 791 803 817 819 820 837 838 842 861 872 886 920 945 948 953 
49 19 60 84 110 112 186 196 213 217 232 238 244 245 252 272 311 319 320 361 387 432 437 456 463 467 470 497 498 507 531 559 683 694 711 731 736 740 756 762 795 799 806 846 849 900 925 928 996 997 
45 6 41 43 45 62 93 104 126 133 168 190 236 243 265 289 327 333 384 429 439 445 467 473 502 557 563 594 596 601 604 697 737 802 813 828 830 858 874 876 888 890 913 949 973 987 
55 3 15 46 69 71 83 84 90 101 102 128 156 186 192 244 281 304 342 350 365 374 405 409 450 454 469 471 495 505 590 631 660 661 666 672 680 702 723 753 773 775 801 815 825 842 847 895 900 923 939 955 963 970 976 982 
43 6 18 66 154 179 183 191 218 243 248 258 290 292 302 305 351 355 361 372 391 399 456 460 470 482 495 553 573 582 616 680 713 716 758 769 782 815 832 881 932 954 968 987 
44 19 55 66 67 87 194 201 223 224 246 258 281 299 324 331 419 423 427 439 475 499 512 542 565 596 630 649 680 682 684 710 728 732 744 779 793 801 842 868 872 887 920 926 997 
56 29 41 86 90 97 109 123 136 141 148 174 181 184 222 237 248 262 264 273 310 315 334 350 359 399 404 421 423 435 453 473 479 486 495 527 532 537 592 598 603 639 688 712 768 798 817 820 834 851 858 903 918 950 961 967 988 
53 9 52 86 117 120 138 155 202 274 280 319 339 358 363 368 378 395 401 410 432 438 487 505 569 580 583 588 597 600 617 655 682 684 689 697 712 714 744 795 816 823 879 882 884 907 927 928 941 945 957 960 975 998 
62 34 38 47 51 53 67 116 127 151 154 182 184 192 195 224 233 252 257 263 271 310 311 339 364 368 379 385 401 449 450 455 457 479 488 504 511 557 567 569 598 604 626 627 628 634 714 717 763 795 801 806 833 854 856 872 873 906 929 944 946 954 979 
54 53 110 152 157 171 185 197 217 226 233 300 327 330 343 348 350 359 379 401 422 443 501 510 511 563 583 592 601 627 641 716 721 747 754 762 789 803 818 820 838 846 882 891 894 901 906 917 921 927 932 945 953 970 971 
53 4 32 44 45 61 68 73 82 106 127 208 210 220 223 227 259 273 286 306 312 388 404 412 425 441 445 460 489 525 568 580 581 622 632 665 725 729 731 782 802 811 818 835 863 864 885 887 920 927 940 967 974 984 
44 0 45 52 62 66 110 182 238 286 300 310 333 336 367 406 421 430 431 488 489 500 529 532 556 597 603 619 640 641 695 711 737 742 747 752 755 760 800 844 902 914 923 942 969 
53 10 38 85 87 100 120 130 155 172 173 192 231 240 272 283 287 291 303 309 317 324 337 338 348 359 407 427 467 470 473 495 539 555 564 575 579 588 647 650 651 662 682 689 705 722 785 805 866 941 962 966 971 994 
52 4 41 42 48 57 92 153 190 196 197 205 235 257 277 278 303 308 329 388 457 458 465 467 487 506 522 544 552 592 596 621 642 645 677 687 705 730 808 814 828 838 842 847 866 905 931 944 945 948 957 968 977 
42 9 34 37 57 94 100 102 140 165 173 178 186 228 230 232 238 240 266 320 374 390 413 435 453 520 584 603 623 647 651 675 687 694 735 754 789 813 920 933 958 974 991 
63 1 14 19 49 71 88 94 104 115 157 184 200 204 219 237 243 257 273 297 308 334 353 362 370 371 377 391 392 393 395 406 413 429 434 471 476 481 517 519 536 579 586 588 604 614 616 638 681 695 710 719 728 761 816 908 928 934 940 941 951 953 966 981 
60 5 35 50 56 61 95 111 132 135 191 192 217 252 264 285 291 312 322 353 359 368 371 373 394 402 429 449 456 467 485 521 545 565 574 588 595 599 614 638 639 640 690 707 780 789 830 841 850 870 871 874 884 891 904 910 929 938 946 953 966 
34 20 24 43 79 105 160 164 185 222 285 310 323 328 335 356 378 398 419 428 483 500 552 574 606 674 682 687 756 767 823 835 933 956 995 
48 9 35 67 95 103 105 131 138 144 174 200 205 212 246 303 311 355 393 404 421 423 440 458 471 551 572 574 595 597 614 635 636 653 664 677 694 706 734 766 797 811 831 837 905 919 925 958 964 
51 10 11 51 54 79 87 99 110 127 171 193 274 289 306 309 324 366 382 393 426 451 454 497 543 549 557 558 561 595 601 615 618 639 649 655 660 671 677 689 692 700 712 769 770 818 824 830 875 899 915 918 
65 17 22 47 54 106 130 131 135 141 142 151 174 212 288 327 336 363 364 374 407 416 419 422 442 445 447 452 461 482 520 529 535 550 555 560 567 571 594 615 620 660 671 675 697 703 745 758 775 778 780 791 792 828 832 852 857 903 907 908 913 920 926 927 931 957 
48 23 41 52 56 73 97 130 139 148 185 192 209 213 217 273 304 369 409 422 425 431 436 452 471 505 518 537 597 616 652 674 699 731 767 774 799 807 814 821 834 844 849 860 865 870 905 945 990 
57 100 109 126 169 179 181 182 219 227 229 237 270 285 292 307 314 320 322 335 372 391 394 424 438 454 476 482 518 532 538 545 561 569 572 575 576 614 629 631 683 727 734 757 795 805 808 813 849 858 877 894 911 935 943 953 955 956 
54 2 42 58 69 80 82 99 102 108 120 124 139 169 241 242 244 253 280 284 306 327 346 416 420 460 479 481 483 499 519 556 561 563 581 618 640 657 658 673 687 691 700 722 741 755 762 765 803 844 859 862 864 957 975 
62 1 64 68 96 98 109 121 133 134 147 164 174 223 256 263 265 270 276 296 301 305 317 319 327 363 378 406 426 427 480 486 522 541 544 551 553 566 581 612 617 642 702 731 737 748 766 776 781 792 838 839 842 858 873 880 917 928 937 956 962 986 998 
65 9 26 43 44 72 75 97 102 109 136 142 145 159 169 172 184 208 229 231 236 275 326 338 384 397 402 403 414 444 447 505 508 525 558 562 564 567 571 577 589 600 611 634 638 640 656 657 662 676 684 685 688 708 714 718 744 763 790 863 907 919 928 929 938 977 
38 2 31 49 66 67 90 106 120 141 182 215 236 288 361 375 378 384 386 445 460 493 548 626 674 684 686 723 729 732 752 797 827 845 870 880 977 979 987 
37 31 43 90 105 114 129 150 157 197 205 233 340 354 374 392 419 422 424 438 455 466 492 525 528 529 572 612 624 635 654 733 843 851 914 935 984 987 
42 151 154 191 211 231 284 341 367 372 387 412 415 433 440 447 459 468 509 558 607 652 688 737 788 811 827 831 836 845 852 889 894 912 923 924 925 927 961 974 981 983 997 
53 5 44 63 99 101 116 120 139 170 196 211 225 255 262 274 285 320 331 345 392 400 403 406 440 495 504 512 528 559 615 619 658 663 672 679 720 722 729 739 759 770 794 815 819 834 848 866 918 921 934 947 974 997 
50 32 42 80 82 98 130 145 150 163 255 258 272 274 309 311 350 358 412 432 433 487 501 504 517 519 526 542 598 603 605 620 628 636 640 643 651 675 709 725 726 794 804 881 900 920 922 932 943 987 990 
42 49 56 60 73 85 117 124 145 164 206 216 222 225 244 273 309 324 328 403 411 450 457 474 480 525 550 652 660 678 679 693 700 732 803 840 852 860 867 885 934 961 980 
40 10 20 23 59 89 97 149 192 267 290 301 328 367 376 379 450 484 519 559 569 599 600 632 634 656 663 686 708 710 745 749 753 773 779 788 828 831 912 945 968 
39 5 8 35 51 74 99 218 223 234 242 243 260 282 293 315 324 364 372 375 381 408 453 481 556 564 602 610 616 790 791 812 833 835 860 879 893 900 969 995 
43 96 104 107 113 134 220 256 321 342 345 364 392 410 420 423 428 439 442 451 477 517 529 535 572 616 673 697 717 723 729 746 756 770 776 780 793 859 865 909 931 954 980 999 
50 25 42 52 58 70 72 89 95 129 140 175 188 207 218 220 254 288 321 330 341 348 391 394 395 419 441 451 502 517 520 528 537 544 561 613 663 696 705 706 714 736 812 893 911 936 942 944 963 977 992 
42 75 111 158 243 254 262 286 287 293 306 375 376 392 425 446 477 501 568 614 639 653 667 684 685 697 710 720 740 747 797 813 819 870 886 887 916 927 930 939 952 987 988 
39 30 94 139 145 150 168 217 228 234 235 241 256 289 308 319 326 336 370 387 393 430 450 481 494 509 510 578 648 710 745 773 778 786 857 872 891 944 946 951 
47 13 20 84 87 104 123 209 210 219 225 228 235 351 352 362 369 370 381 402 419 449 455 461 507 511 579 586 636 647 670 724 742 745 746 780 813 814 815 817 834 867 890 898 946 950 977 990 
42 72 124 155 156 194 250 251 272 296 313 380 393 422 485 540 550 555 568 584 621 709 710 717 728 746 754 777 783 796 807 810 840 851 867 879 883 899 930 952 965 967 981 
52 20 21 30 42 44 60 82 110 130 147 163 174 179 212 218 245 249 255 279 339 350 353 360 484 508 515 521 522 542 585 592 644 651 652 659 675 680 705 716 729 759 761 792 798 818 855 857 864 887 911 918 980 
58 30 33 68 101 102 105 123 173 205 209 218 222 236 237 244 245 251 262 265 288 298 305 332 353 369 370 388 414 417 458 466 477 494 506 518 536 545 572 575 585 601 604 624 635 658 670 672 708 721 745 776 785 794 843 910 976 993 996 
62 2 3 8 16 17 25 33 38 44 46 75 77 80 142 172 185 188 205 215 246 263 277 288 289 290 295 314 350 403 474 479 496 499 505 533 541 558 587 615 618 673 697 717 721 724 741 748 749 767 782 788 812 834 872 889 895 899 915 939 947 956 992 
56 24 63 65 79 90 116 125 136 137 138 150 210 215 221 228 232 236 243 248 255 266 287 339 342 374 390 391 406 432 446 468 497 511 514 533 535 562 576 621 638 662 681 693 707 720 763 772 843 864 936 942 943 946 958 960 979 
44 9 42 43 110 149 158 161 183 187 190 193 216 224 244 267 288 295 390 407 433 450 460 498 563 606 651 655 670 702 719 725 743 787 815 819 840 844 845 852 914 935 944 960 964 
45 26 37 66 121 205 222 231 235 257 299 344 352 375 409 438 454 461 488 514 545 552 573 591 628 631 665 701 705 724 736 745 754 787 791 817 837 843 849 857 886 891 937 943 948 959 
57 9 45 60 66 112 113 128 153 157 159 183 197 221 225 233 240 248 258 262 298 323 335 385 390 408 411 424 470 472 484 517 567 570 596 609 620 627 689 697 701 702 709 719 737 745 759 801 816 837 868 878 888 913 953 961 987 993 
58 0 21 35 137 150 157 185 198 222 237 243 264 288 290 295 316 344 346 366 400 401 430 452 457 500 532 535 579 587 597 651 657 665 691 694 718 731 737 740 743 793 826 828 832 836 865 885 902 904 909 911 924 936 954 955 987 992 995 
45 19 20 46 49 64 67 74 90 103 118 151 154 167 180 184 195 198 219 223 244 270 328 370 371 411 426 434 522 552 606 661 671 681 683 714 753 756 797 799 816 900 913 930 940 968 
53 38 56 68 70 90 91 97 127 133 145 154 160 246 277 285 295 327 345 347 348 355 449 452 470 520 531 534 562 564 575 602 637 641 650 653 673 676 681 701 705 725 730 748 769 835 867 868 870 894 896 943 953 995 
34 15 134 164 178 232 317 347 350 365 435 486 533 546 548 553 590 597 660 666 667 676 699 714 800 838 864 867 899 905 919 927 958 962 967 
56 18 92 121 137 140 192 198 207 211 223 226 248 271 295 327 352 369 387 417 426 446 453 458 516 518 534 550 555 628 640 660 661 688 692 736 740 743 744 771 803 834 853 857 861 863 905 906 912 914 915 924 933 959 987 991 998 
59 7 18 22 69 70 78 86 87 116 122 163 176 187 220 223 226 227 261 267 269 295 308 344 363 379 453 505 515 543 561 563 583 609 612 615 619 623 653 661 714 751 767 772 773 796 800 809 827 854 867 875 880 921 949 955 984 987 990 999 
49 34 43 59 67 135 137 157 181 183 194 215 218 236 260 280 295 300 309 317 339 382 394 437 457 479 530 541 552 570 603 614 638 641 643 686 743 799 805 812 822 832 845 851 865 877 943 962 966 969 
46 0 5 13 17 28 41 42 98 139 146 183 231 234 240 250 255 263 267 270 278 308 428 442 444 456 460 503 505 564 595 613 617 681 687 701 709 736 747 762 788 810 823 830 914 921 986 
45 14 39 41 127 143 145 148 193 233 246 285 297 300 358 363 367 428 434 452 455 469 472 493 496 499 523 571 573 613 625 644 715 723 733 790 835 850 857 874 882 899 911 927 960 990 
41 28 70 88 98 119 181 216 223 260 282 344 352 366 378 380 436 445 508 559 598 610 622 623 655 674 696 706 711 723 763 809 812 839 841 871 875 881 901 925 953 962 
59 8 58 63 96 102 109 128 171 178 186 206 247 263 274 325 330 341 357 360 363 390 395 397 405 424 461 485 494 508 531 562 589 617 651 652 654 662 678 685 699 752 757 759 766 794 820 821 842 843 855 856 867 886 923 967 978 989 994 995 
54 7 18 77 109 136 138 141 157 166 176 244 267 271 280 301 323 367 378 381 396 437 448 449 451 463 475 486 490 514 578 590 613 617 640 642 656 673 682 690 698 717 732 740 774 786 796 852 874 893 903 937 944 967 980 
42 47 48 61 76 83 93 120 156 172 182 260 266 310 339 369 407 408 420 435 441 446 465 493 549 558 560 578 644 663 664 715 767 770 802 822 836 859 904 914 919 989 992 
47 1 61 99 111 122 140 165 249 250 251 268 272 279 281 313 330 340 341 394 403 414 447 458 469 471 482 489 494 497 520 524 559 574 634 645 670 675 697 755 774 805 822 824 900 953 986 991 
34 45 69 90 94 106 113 137 142 145 168 206 271 292 339 341 344 393 430 506 517 527 537 539 558 582 642 692 693 705 777 853 936 979 981 
61 19 36 61 62 75 76 98 112 114 120 129 139 151 170 196 198 214 223 231 239 246 259 262 272 288 289 317 334 360 377 423 431 440 442 444 452 457 465 487 506 532 573 586 611 634 638 639 644 658 674 739 742 748 788 792 798 820 853 863 907 989 
46 2 40 87 109 129 154 178 185 204 227 246 333 343 368 371 385 451 462 482 483 530 531 558 595 625 671 676 692 722 729 741 782 786 790 812 842 843 851 883 887 910 918 919 932 947 982 
52 0 9 56 58 89 131 168 183 217 235 279 285 308 345 354 380 390 395 472 507 530 561 564 590 598 599 628 635 642 646 651 653 661 709 715 756 769 816 825 862 870 874 897 899 901 905 944 954 956 967 987 989 
48 50 54 120 158 161 178 181 187 207 253 274 326 328 351 355 420 439 451 459 484 505 513 529 551 565 592 593 602 628 638 653 673 685 792 823 851 852 870 880 883 884 889 907 913 943 952 966 968 
51 5 14 18 22 51 59 91 92 157 231 232 237 239 245 255 260 262 271 327 335 399 415 444 445 473 484 488 490 509 545 583 646 684 722 756 802 809 850 863 886 899 909 918 922 931 933 954 975 983 987 995 
53 17 32 36 59 81 83 88 93 98 101 115 123 124 140 164 170 181 187 194 295 320 340 353 355 360 372 384 395 400 462 481 494 504 519 529 562 574 579 589 640 656 681 698 753 755 757 780 783 797 825 837 951 972 
63 4 6 23 31 55 57 67 98 104 130 149 179 198 226 251 252 276 292 321 329 336 341 364 383 384 412 419 445 448 470 481 527 549 572 584 587 652 663 676 679 702 711 725 734 747 748 767 795 798 804 843 862 865 866 871 873 901 919 922 964 981 988 993 
45 47 49 50 58 77 92 97 177 180 189 217 239 243 257 264 286 338 356 359 416 462 579 596 620 627 637 738 749 754 767 772 782 833 847 858 873 894 908 910 914 933 935 989 992 994 
51 0 1 7 12 17 117 126 133 135 143 150 152 177 206 210 221 237 246 279 281 285 294 312 316 318 338 353 370 371 419 422 453 457 493 537 573 704 721 769 784 848 851 880 898 899 930 953 969 972 989 993 
55 0 8 28 71 90 97 169 192 235 256 270 278 291 293 296 338 346 354 370 387 392 396 436 445 459 465 513 549 560 575 588 589 638 673 678 696 700 718 729 758 760 782 790 805 848 850 860 887 888 903 909 910 916 920 953 
49 34 38 58 68 80 97 103 140 147 161 189 191 211 229 243 254 276 287 330 428 430 433 454 486 513 520 548 569 604 628 642 668 691 715 720 721 730 744 771 777 781 832 892 896 900 942 961 979 986 
49 12 42 64 74 92 115 155 158 175 188 194 232 238 265 274 277 287 304 311 343 421 424 444 464 467 503 510 533 547 549 561 594 619 626 634 652 672 693 709 719 740 828 830 839 895 899 913 929 954 
45 2 66 87 107 132 135 150 167 187 241 266 281 319 391 409 411 432 496 503 540 546 560 575 579 593 627 630 643 652 657 670 686 697 698 705 738 743 795 879 901 911 916 948 949 960 
53 12 20 68 88 107 117 135 211 213 230 263 278 289 295 296 326 329 330 340 352 370 385 386 387 412 441 467 478 488 494 524 527 577 626 628 660 668 680 687 714 725 764 822 830 839 875 886 902 915 927 939 990 993 
44 24 25 39 99 112 134 136 152 197 206 249 263 291 309 313 321 344 355 384 386 405 410 412 414 443 449 474 483 540 550 623 715 738 771 786 801 824 857 878 902 913 946 983 998 
53 27 30 77 114 120 147 165 173 188 207 216 244 315 316 328 349 351 352 365 392 429 451 468 481 512 547 562 563 579 586 587 590 591 600 609 681 715 721 730 738 766 767 787 826 831 838 891 893 923 929 953 956 958 
49 8 14 36 45 56 76 94 112 120 181 198 221 280 286 297 379 390 399 440 446 451 487 501 505 509 527 530 547 566 568 581 597 611 635 663 675 706 726 728 768 770 834 863 876 896 900 902 922 925 
44 59 69 87 137 161 183 185 247 259 260 268 277 316 336 382 406 414 421 434 436 496 504 523 524 549 585 605 635 643 652 653 654 711 720 739 751 777 784 793 796 865 872 950 955 
43 20 41 44 70 71 154 161 182 191 193 198 206 271 290 302 311 335 381 384 390 400 411 428 482 491 515 523 540 638 652 661 682 695 717 846 901 926 928 929 942 963 987 991 
59 3 18 33 47 66 91 139 159 161 169 186 193 209 268 269 272 277 279 321 328 334 340 356 410 412 496 504 507 518 549 585 597 601 612 614 627 639 684 686 696 706 753 775 781 804 807 812 844 851 857 902 914 923 924 929 933 971 979 985 
47 21 36 48 86 91 101 133 139 154 200 216 278 296 297 319 320 326 366 373 395 410 431 489 493 495 508 520 590 618 631 651 662 675 755 786 814 849 862 888 918 919 920 925 930 954 970 972 
33 3 142 175 259 300 379 395 425 439 441 505 518 525 535 548 551 555 582 604 615 650 652 676 710 799 808 810 815 842 892 932 940 944 
56 3 4 39 68 72 82 106 132 140 155 170 187 189 193 224 237 244 374 402 409 412 415 422 455 459 462 480 506 528 553 567 588 593 625 652 653 660 664 707 711 736 737 788 792 832 843 847 861 881 913 929 944 977 982 988 993 
46 2 57 95 110 120 138 143 218 245 265 266 269 272 308 316 324 331 354 357 436 437 468 473 509 521 539 554 611 620 639 649 715 739 768 777 789 830 836 871 875 879 881 891 939 968 981 
49 8 22 43 101 103 115 120 129 138 146 155 180 200 216 222 258 263 351 379 382 401 424 431 432 509 530 560 587 598 611 624 651 659 680 699 701 711 740 741 758 784 819 822 833 853 883 892 912 998 
63 2 21 32 43 60 63 88 118 126 128 131 141 170 186 191 215 221 232 235 248 257 269 278 284 286 291 350 357 362 396 417 419 436 463 477 508 511 528 607 627 630 634 648 650 657 693 714 734 749 787 809 816 817 834 845 881 895 906 927 964 980 993 994 
47 17 20 49 51 66 205 228 232 291 345 351 352 358 367 394 425 501 504 508 510 523 532 545 552 558 559 567 572 603 639 676 684 698 700 738 742 744 755 756 802 825 895 920 922 926 964 971 
38 47 77 93 119 121 149 154 170 172 199 206 246 249 297 352 379 413 424 433 469 482 485 504 506 516 521 539 554 621 659 685 695 752 816 850 953 966 979 
42 43 76 91 139 165 190 191 216 243 262 310 312 337 350 391 397 409 423 424 447 458 466 483 497 539 542 543 632 639 664 680 729 736 752 826 850 885 900 901 915 956 965 
49 14 111 120 149 157 191 195 212 216 230 249 256 274 286 298 319 335 336 370 384 386 429 432 445 476 491 498 543 560 563 568 618 682 775 784 799 813 826 842 849 886 905 911 930 946 963 967 988 998 
47 18 21 29 35 49 66 146 231 245 254 274 312 314 315 343 358 384 399 432 443 451 506 511 516 518 556 571 572 583 585 611 642 643 660 674 679 697 745 779 780 798 802 833 841 896 900 991 
48 12 20 25 105 132 162 177 186 217 243 290 315 425 436 465 474 529 541 548 551 560 569 589 598 600 627 637 649 677 689 698 707 752 771 779 811 825 836 857 885 890 902 908 947 948 974 976 985 
41 50 51 61 98 136 157 219 220 236 246 301 368 383 403 413 465 469 470 560 566 612 626 649 656 662 674 688 713 751 780 783 787 826 831 832 833 862 928 939 947 957 
44 7 43 46 79 91 169 206 210 212 227 253 272 378 391 397 408 443 447 448 451 495 509 560 566 582 599 628 667 707 731 740 753 799 810 813 862 875 876 880 887 910 940 965 970 
54 14 15 20 50 67 82 95 165 168 189 227 233 240 243 277 294 363 392 407 408 411 412 427 493 494 496 502 527 547 574 611 614 641 645 676 714 720 721 736 746 772 780 806 810 822 838 845 849 850 861 927 936 968 976 
54 7 17 18 26 92 121 141 147 155 186 190 208 219 222 245 256 267 323 343 360 379 383 411 430 452 479 493 504 507 522 538 571 581 637 639 660 670 686 701 708 717 718 746 762 791 821 825 840 844 876 912 954 977 990 
43 4 40 70 72 80 95 115 167 182 224 228 256 269 285 290 353 354 356 361 368 385 424 433 434 523 540 561 581 616 630 658 661 691 724 757 835 854 912 924 936 958 974 987 
41 34 46 86 107 124 128 137 148 172 196 227 253 303 385 404 405 422 434 448 464 467 485 496 512 527 531 587 638 712 714 731 752 769 786 800 817 820 824 831 908 943 
51 0 1 23 30 37 99 107 114 136 141 146 155 159 204 225 231 253 273 280 311 337 380 385 388 454 476 477 481 528 564 568 582 615 647 666 680 706 730 738 743 753 763 765 781 845 853 921 943 944 960 989 
47 1 23 33 57 78 101 112 115 169 175 176 189 203 209 243 244 276 289 302 333 347 374 395 412 422 433 485 486 543 548 575 585 612 616 636 638 736 765 805 816 849 869 872 941 949 950 959 
52 9 34 67 91 104 113 135 142 144 154 157 160 168 215 232 248 264 266 290 299 334 372 375 379 393 426 449 455 472 493 544 567 587 612 615 618 629 673 708 727 753 769 789 838 854 866 882 890 903 922 998 999 
46 10 89 125 131 155 165 175 177 185 188 234 235 250 252 291 324 342 346 382 434 448 464 467 478 507 519 525 528 581 582 587 607 681 748 817 847 871 880 888 896 915 937 954 966 984 991 
57 0 17 20 36 64 75 76 87 93 112 125 166 189 196 230 250 280 308 314 315 331 339 368 372 389 404 416 418 423 454 481 489 507 510 546 548 553 585 628 631 637 663 672 682 705 710 770 850 857 868 880 882 922 937 959 978 993 
57 6 11 25 30 31 44 52 82 94 106 128 135 150 159 166 188 199 247 249 287 296 303 372 387 390 419 426 434 468 477 484 504 521 543 555 559 606 672 688 692 707 714 736 758 813 824 839 883 884 915 922 931 934 940 957 978 989 
45 0 19 48 54 61 99 106 170 184 194 238 239 311 363 411 431 446 479 512 529 551 568 626 637 644 645 673 699 726 779 788 812 815 830 833 869 870 879 897 913 954 961 966 982 996 
54 10 27 61 77 78 103 131 135 137 138 160 174 197 212 254 273 283 334 346 363 366 390 413 433 434 448 451 456 482 489 496 505 600 612 619 646 654 708 719 741 779 812 818 819 822 830 867 886 909 927 930 938 981 986 
54 50 53 63 66 70 74 79 81 86 90 94 143 147 149 181 199 229 237 250 275 299 329 354 382 405 422 446 458 471 476 499 537 544 549 583 608 613 620 646 693 727 735 787 796 799 838 849 851 870 932 942 957 959 992 
62 11 13 33 45 69 85 93 104 151 156 159 193 217 218 232 234 261 277 299 302 325 327 331 332 358 366 371 404 421 436 440 453 485 493 496 524 536 538 539 565 566 570 600 629 642 665 700 701 707 718 737 752 804 807 836 888 919 923 934 937 964 974 
55 12 99 138 250 256 268 272 286 305 308 322 329 395 441 451 455 478 482 488 494 497 506 513 516 518 519 522 531 538 559 565 570 597 599 612 620 633 671 703 725 747 755 783 831 840 859 862 879 923 935 943 972 974 975 982 
53 25 27 50 67 77 126 136 144 154 156 184 192 210 211 213 241 248 258 262 263 301 340 354 367 419 422 446 480 525 541 543 571 598 611 617 624 635 643 650 656 672 694 695 696 708 776 793 813 814 858 901 943 992 
49 7 9 10 17 55 65 72 85 97 103 149 170 186 194 207 214 226 300 317 318 320 341 347 372 394 433 448 470 550 567 579 580 646 655 659 674 675 715 732 746 770 775 822 829 865 895 899 937 966 
46 7 17 58 66 79 105 108 111 125 128 136 155 162 208 227 237 275 282 307 349 371 379 390 401 411 455 469 529 558 596 617 626 682 683 694 701 711 727 759 771 774 788 866 881 902 921 
46 19 42 46 56 144 146 161 171 223 235 245 253 264 295 309 338 364 398 430 445 466 468 474 476 548 572 593 611 613 669 685 699 730 739 741 747 753 772 840 844 846 864 936 958 962 976 
43 69 89 92 96 159 190 195 201 225 233 243 271 273 382 418 426 511 573 580 589 592 606 626 656 685 709 771 781 782 790 791 803 821 846 862 869 888 902 927 943 952 970 996 
49 44 57 60 65 118 168 184 236 247 248 249 259 268 271 283 296 298 310 322 330 346 349 361 369 484 517 539 595 638 643 646 654 670 710 753 777 783 798 800 801 834 851 870 880 889 892 928 968 996 
48 17 98 105 113 142 155 163 164 184 191 202 205 209 219 257 262 265 268 298 381 421 439 456 468 469 500 553 566 586 589 608 611 622 645 683 694 696 699 775 786 795 821 897 916 945 950 971 996 
62 1 3 60 64 66 77 78 128 133 146 162 191 201 247 319 331 373 376 378 392 406 446 453 462 498 507 518 522 532 535 564 588 596 613 617 629 648 683 685 691 692 705 732 752 756 759 769 779 786 796 815 841 842 846 862 872 887 893 915 918 966 968 
61 8 21 40 44 45 53 58 76 81 130 159 162 181 209 238 251 255 264 274 275 305 313 337 358 360 390 433 453 543 546 559 561 596 626 628 647 660 672 677 683 685 693 719 730 760 764 787 807 850 851 855 858 860 862 876 891 902 930 968 978 993 
39 17 36 45 46 81 87 97 114 134 145 162 174 176 187 210 222 248 267 269 299 340 398 447 519 597 627 633 653 662 675 680 702 730 747 776 855 870 931 967 
53 92 101 108 119 129 132 139 158 195 335 336 342 346 352 382 387 397 425 429 438 469 482 494 508 512 523 548 554 587 594 595 622 641 647 648 651 653 704 714 729 761 768 773 791 793 806 808 846 850 871 872 882 908 
53 69 74 75 121 123 152 162 164 184 207 231 234 269 297 332 352 355 357 359 369 392 411 416 451 506 528 533 550 565 573 599 602 654 659 678 691 692 737 738 749 778 790 862 867 880 886 930 936 965 983 988 989 994 
55 13 39 41 71 83 89 129 170 183 276 298 316 322 323 332 337 340 370 386 388 432 471 472 477 478 499 504 505 506 528 538 550 610 631 651 662 686 687 703 736 751 768 771 774 779 798 820 833 889 928 932 941 969 972 988 
44 0 1 41 42 77 79 100 140 181 206 264 280 313 358 381 413 433 449 478 505 559 561 574 584 603 604 619 653 662 698 731 733 744 764 772 798 818 830 831 849 899 914 932 948 
46 15 28 48 99 116 136 148 153 199 226 234 235 260 285 325 364 370 378 383 437 442 467 470 471 493 500 510 552 569 643 659 690 707 716 735 764 771 776 815 833 872 880 930 981 983 985 
46 8 25 34 44 51 62 109 122 144 154 160 174 199 215 238 307 336 343 425 428 445 453 487 490 495 509 527 541 554 593 629 644 652 708 717 720 729 750 767 771 777 882 924 935 962 970 
40 0 8 22 75 94 309 314 318 328 351 383 388 395 424 431 501 504 505 526 566 574 595 597 611 694 703 706 718 760 770 772 781 797 826 834 869 878 929 948 983 
45 12 35 57 72 86 87 99 113 143 163 180 289 313 319 323 325 327 336 370 400 404 405 415 421 504 506 521 534 543 544 559 572 591 686 688 707 714 731 738 745 779 787 818 902 947 
57 13 23 40 45 70 84 229 231 245 272 308 311 330 335 355 380 403 420 435 438 466 481 483 485 493 497 509 559 616 658 671 672 681 692 693 694 696 703 715 729 755 757 764 806 812 836 865 871 902 918 934 949 951 968 980 988 992 
60 7 26 28 44 45 48 56 81 86 104 118 134 135 171 194 195 209 221 239 272 274 303 306 319 329 378 391 406 413 417 430 452 475 506 565 601 605 615 630 648 684 689 734 742 749 775 786 801 802 810 850 881 889 901 912 932 933 964 966 975 
54 4 73 96 100 114 120 121 155 175 182 203 217 236 240 320 323 335 351 359 390 414 444 464 468 470 497 505 536 541 546 575 617 644 646 654 661 674 682 707 709 712 741 785 793 814 823 846 859 868 910 924 928 947 964 
48 9 32 76 98 133 176 182 183 228 245 251 259 276 290 303 320 329 334 348 351 355 383 452 457 542 558 599 639 640 648 660 678 687 690 697 714 722 731 770 781 799 822 833 860 862 882 884 950 
67 3 22 32 55 71 86 101 138 143 168 177 182 188 196 214 218 228 245 249 288 308 329 337 379 386 390 425 465 469 471 483 512 519 520 561 594 624 629 645 648 667 674 681 698 699 710 716 718 748 765 767 774 786 787 796 837 877 885 887 896 912 926 945 954 974 982 993 
39 55 56 62 74 116 122 148 153 165 174 239 258 301 332 373 375 457 465 506 562 566 589 591 664 701 728 742 791 820 852 882 889 892 908 909 913 967 978 997 
56 57 66 88 100 109 118 121 153 169 193 203 213 226 230 313 322 380 393 399 404 418 421 441 466 471 492 546 550 580 590 593 631 666 674 709 715 739 754 760 786 797 807 811 853 862 879 897 898 904 909 934 937 946 947 987 988 
42 29 53 112 132 145 164 208 222 225 278 287 309 311 385 389 391 394 405 431 446 492 496 537 561 596 602 626 639 643 678 694 704 718 775 872 879 897 928 941 956 963 999 
39 31 67 73 100 113 158 173 224 250 275 299 307 310 349 357 365 396 412 472 483 490 539 565 583 584 587 645 661 715 751 768 776 778 814 868 892 903 944 985 
59 0 13 59 63 75 91 117 147 158 162 169 188 215 220 248 265 270 295 326 348 349 365 400 423 430 443 446 474 502 506 527 531 534 558 560 583 596 598 618 669 705 707 729 784 786 807 829 835 852 864 868 888 908 915 928 945 954 968 969 
52 10 78 95 139 147 156 165 166 181 184 201 203 219 229 261 262 263 266 310 325 333 334 366 386 407 408 432 455 467 481 483 495 515 524 654 661 667 671 680 702 757 781 797 803 830 855 871 896 917 965 973 997 
46 23 32 96 101 125 131 132 151 173 241 251 255 277 314 396 402 411 427 441 450 453 498 618 646 692 742 754 778 785 796 825 857 862 863 868 908 920 922 936 951 961 963 970 987 991 994 
47 17 49 58 77 86 87 93 130 134 142 160 166 167 184 206 267 273 276 279 310 317 326 332 352 354 363 365 372 405 420 499 558 565 591 613 615 648 730 744 752 770 774 781 788 840 871 873 
46 64 76 77 98 109 182 195 224 234 237 246 277 343 345 384 391 403 415 452 465 473 484 548 550 551 587 595 641 680 744 746 768 773 801 824 836 864 871 892 909 918 939 946 962 969 989 
52 8 24 32 47 53 75 102 103 129 138 146 168 195 239 243 247 275 282 286 331 336 353 354 373 393 407 420 432 439 462 477 481 508 513 518 534 551 627 660 686 708 808 815 816 817 823 863 884 901 909 935 989 
54 26 43 69 89 92 98 143 149 200 205 207 221 257 258 302 310 330 356 364 365 378 403 431 451 464 466 500 508 531 558 588 593 611 632 642 661 664 679 692 700 707 738 750 780 790 794 812 844 879 888 917 922 983 984 
56 27 41 46 48 54 56 78 114 125 129 131 169 175 189 196 212 222 275 295 317 327 334 360 365 385 397 450 459 475 476 484 507 510 514 520 544 547 551 561 562 570 622 712 743 759 768 788 809 867 875 899 924 930 957 975 984 
71 11 19 20 69 73 76 91 121 152 189 200 240 242 246 271 286 300 304 323 329 363 391 409 427 439 455 468 515 520 538 542 553 555 580 584 680 688 691 692 695 718 727 738 739 750 753 756 757 772 789 797 804 805 813 857 863 866 874 888 890 894 900 906 931 945 948 953 957 976 982 995 
42 28 39 45 60 103 122 148 163 210 225 243 275 378 407 414 463 497 517 521 526 534 538 542 584 599 660 677 681 706 733 734 752 754 783 796 804 837 863 865 870 929 971 
49 19 21 36 83 86 88 115 116 135 146 208 215 271 290 304 328 387 402 420 429 465 549 568 600 605 609 611 612 622 634 657 713 723 724 726 753 763 772 800 812 835 879 890 907 919 929 937 969 973 
57 27 33 42 74 80 97 103 118 130 142 156 158 167 192 221 231 255 265 272 283 322 332 380 403 448 462 475 494 510 536 558 572 582 589 629 645 662 689 691 732 804 807 819 871 879 889 908 927 928 931 933 934 944 975 977 988 991 
40 32 37 42 146 158 185 200 218 298 396 406 431 442 444 532 550 568 607 623 656 692 695 723 752 754 800 812 815 819 839 855 864 874 891 912 947 950 969 976 996 
49 32 33 38 50 99 121 126 160 186 193 199 253 262 293 296 305 313 331 350 396 400 467 473 499 519 522 534 540 541 548 620 641 663 723 741 750 764 768 775 776 802 832 836 856 900 906 946 967 968 
39 35 39 46 52 79 102 137 164 297 307 355 365 397 420 422 427 428 514 521 524 532 554 564 587 605 606 622 651 670 708 908 932 943 962 974 979 980 982 999 
56 11 26 41 53 72 110 111 148 224 230 291 295 302 306 312 356 362 412 418 438 468 469 501 565 569 577 671 681 682 700 702 729 769 774 781 785 793 813 821 843 846 849 864 873 877 880 903 907 918 923 932 938 951 958 977 980 
54 23 33 51 65 70 99 122 123 124 137 154 156 160 181 213 255 256 315 318 324 326 416 451 460 472 475 489 497 504 528 551 584 595 621 624 670 677 683 738 739 745 753 772 779 810 827 869 895 916 925 959 966 972 990 
34 11 24 42 68 100 112 117 120 145 175 190 192 224 247 261 298 335 363 392 420 423 535 579 581 588 706 726 729 773 863 864 932 953 992 
45 1 7 43 56 75 88 112 114 152 156 176 183 202 239 243 244 254 257 273 291 294 313 316 333 335 361 397 542 562 576 627 654 691 693 730 754 757 759 792 794 814 821 898 929 962 
46 10 18 41 59 63 93 103 105 158 215 216 221 223 252 270 315 353 404 438 440 559 577 649 666 670 682 686 733 741 767 768 773 796 829 847 859 864 890 912 927 930 959 967 970 973 977 
40 23 29 47 117 154 178 184 205 236 265 309 312 334 350 353 354 362 419 441 453 456 514 517 573 641 666 673 676 683 742 773 782 790 791 793 803 847 853 883 963 
49 13 19 22 25 29 68 81 87 113 126 156 219 308 321 327 337 356 359 361 381 390 430 435 440 446 448 461 474 481 483 507 508 534 535 576 588 599 608 630 665 677 692 714 725 771 806 881 988 995 
39 46 48 62 75 86 111 138 145 191 238 245 247 315 321 322 354 384 404 421 457 500 519 520 566 695 706 767 798 814 826 842 879 904 916 921 941 965 970 994 
55 2 93 110 111 124 140 182 191 205 225 230 259 271 312 357 380 417 420 437 466 476 498 504 531 550 563 579 614 636 671 699 701 708 721 730 734 745 761 769 778 787 801 814 855 878 898 901 906 914 917 921 955 967 974 975 
51 62 77 89 100 151 159 168 196 275 309 325 371 381 387 398 408 410 420 454 459 466 487 492 502 504 523 540 541 577 643 691 697 698 699 713 716 720 743 756 779 806 830 834 873 897 903 916 925 958 989 997 
53 8 23 33 34 40 42 43 50 97 107 130 146 156 157 182 191 245 252 260 271 305 312 344 358 366 410 421 424 447 453 480 503 539 556 577 671 691 697 705 721 741 757 781 800 842 894 921 931 934 935 940 969 991 
58 18 44 61 79 129 150 154 159 163 166 229 252 253 269 330 354 362 384 413 423 445 463 465 472 486 490 495 503 527 539 567 593 602 625 655 672 673 690 716 736 764 784 786 792 812 816 829 836 837 904 911 933 939 949 955 974 988 989 
50 35 55 129 147 163 170 183 187 207 215 233 238 251 262 264 314 328 370 389 397 411 432 442 459 475 483 499 549 570 589 596 611 651 660 712 743 761 780 796 799 803 805 827 847 888 891 947 963 966 996 
53 16 18 70 71 80 86 91 97 105 112 129 206 244 279 289 308 314 454 491 494 502 510 536 537 548 552 564 596 597 629 636 637 670 682 700 713 724 731 733 743 746 767 824 831 861 865 893 899 925 955 964 968 978 
46 11 21 47 66 67 92 96 100 132 133 148 256 303 304 328 338 343 474 511 568 578 579 625 642 644 663 675 698 714 722 726 740 770 782 794 800 837 875 919 920 928 961 966 978 987 992 
44 29 154 171 197 202 210 216 259 275 308 370 413 461 495 537 554 567 569 572 573 576 580 607 613 657 676 678 683 709 712 717 737 742 828 839 842 858 888 916 931 952 961 963 975 
42 54 80 114 136 147 165 166 169 224 321 350 370 413 415 421 432 443 447 452 466 495 496 532 554 563 573 581 647 658 683 684 724 757 773 823 842 854 884 944 955 959 979 
47 21 24 59 84 86 89 148 188 192 197 215 243 286 297 383 403 420 435 436 507 517 560 580 582 584 612 613 657 668 672 680 691 698 700 705 716 739 765 799 826 831 853 861 866 972 984 987 
42 32 88 156 244 271 272 282 287 307 315 389 456 478 487 533 534 544 575 583 608 621 644 651 671 699 706 709 754 761 783 802 819 839 870 873 876 912 919 936 953 955 994 
59 9 10 25 78 123 134 171 187 207 222 286 311 319 325 344 353 382 394 398 427 439 443 449 461 468 482 493 601 602 612 614 616 623 661 663 666 679 694 732 736 742 755 779 796 802 809 827 842 878 882 893 933 957 959 967 976 989 992 997 
57 19 22 44 82 100 110 164 182 209 214 254 285 287 295 322 323 341 351 388 391 453 493 496 500 512 514 527 530 533 558 563 576 626 651 683 691 695 698 699 749 755 761 769 791 798 819 832 841 844 854 878 883 949 955 962 969 971 
49 1 12 17 52 57 60 108 122 135 196 199 246 247 266 276 320 330 336 342 381 387 392 405 425 442 446 459 509 541 549 581 587 601 613 672 698 729 761 763 822 842 870 886 908 918 934 938 966 970 
48 62 63 68 70 71 76 111 114 119 235 275 309 310 331 340 356 379 380 414 430 435 470 471 567 577 582 612 614 627 633 678 713 741 744 758 794 796 840 890 893 903 912 917 939 943 945 948 975 
42 20 21 22 33 37 83 137 181 183 202 208 257 304 332 339 367 373 398 416 466 469 511 524 542 562 612 630 634 708 715 724 730 746 768 821 827 829 836 841 845 903 955 
46 56 60 73 79 100 111 122 266 383 391 403 411 427 437 485 488 516 518 536 542 563 574 592 594 622 629 634 640 645 669 693 704 705 741 750 778 780 784 789 832 852 866 903 905 927 929 
42 32 47 69 122 123 144 148 159 193 205 211 225 241 276 279 318 322 347 384 386 403 405 472 484 505 506 508 547 615 619 696 712 752 790 804 818 825 863 910 991 994 996 
