200 1000
145 300
51 337
322 700
89 260
79 484
3 31
4 63
294 295
48 85
472 505
63 70
135 649
376 382
60 115
905 917
94 373
2 25
77 421
480 564
366 664
207 851
282 508
116 296
250 267
66 119
809 908
0 67
231 732
315 733
344 754
166 308
167 362
258 282
818 869
167 458
214 308
23 67
687 709
26 269
313 716
232 420
559 932
184 225
458 685
314 784
18 153
534 641
79 122
388 524
363 425
266 606
58 470
7 24
561 863
37 44
356 427
304 460
692 971
137 174
180 263
168 829
287 292
605 679
450 574
126 262
813 818
114 217
432 487
26 276
211 905
228 982
150 262
91 492
99 847
365 882
336 364
53 162
283 804
612 706
35 82
64 699
69 133
93 108
627 744
36 382
157 964
330 371
258 308
377 854
208 382
41 671
159 524
417 681
288 472
168 624
652 686
41 435
423 610
531 877
43 263
219 675
761 808
312 348
87 467
203 468
127 626
411 498
69 83
49 82
589 993
418 497
18 298
88 143
87 204
108 122
262 334
70 418
222 238
14 156
404 660
37 557
102 737
3 489
268 278
0 5
262 835
44 54
35 428
16 55
501 845
499 592
92 125
770 806
195 231
47 966
117 229
436 627
94 255
662 795
18 138
450 746
21 460
57 643
363 707
204 376
69 715
63 358
299 603
525 778
362 439
5 118
30 668
655 672
177 653
39 153
86 403
65 295
244 318
42 831
864 961
72 407
203 301
466 983
48 98
78 168
445 632
492 500
32 91
107 337
42 51
111 148
1 1
533 718
100 115
28 33
110 395
297 429
124 413
282 292
77 483
175 630
1 120
139 409
61 198
100 982
162 892
619 878
433 782
428 529
170 184
50 486
89 849
857 970
655 933
9 103
106 656
517 977
310 393
338 345
111 333
710 781
645 994
427 500
24 477
166 955
349 536
612 800
190 310
243 833
612 710
128 147
311 601
11 146
296 343
292 966
523 910
165 768
140 328
250 768
174 219
1 740
155 286
238 344
41 154
115 312
71 130
301 703
35 660
195 257
24 836
277 288
41 51
49 232
101 436
84 99
270 646
301 352
114 216
273 846
405 523
59 111
0 827
162 366
123 926
552 598
36 145
66 258
228 410
517 621
305 654
160 227
422 640
88 269
157 163
65 320
10 939
319 531
18 43
174 294
111 321
573 993
287 798
33 138
179 209
60 273
345 545
298 448
36 999
13 100
167 878
130 171
302 881
299 386
61 998
64 210
10 24
215 691
588 955
27 124
465 891
23 81
122 193
24 37
5 12
867 892
66 164
20 252
241 970
205 662
681 743
328 387
71 935
160 342
122 327
583 979
43 565
647 660
53 109
144 607
221 307
135 136
546 774
34 687
48 72
399 594
208 804
62 94
195 572
606 726
348 355
54 298
387 826
61 554
91 144
144 167
26 66
713 999
41 167
230 319
96 640
479 928
519 775
670 844
191 856
31 124
586 821
92 442
597 905
196 214
1 626
121 887
150 505
125 131
225 544
20 24
159 664
537 655
46 170
82 136
173 829
417 935
17 698
397 700
21 308
56 112
79 361
58 92
246 336
403 944
65 217
100 685
42 325
119 174
168 190
643 761
325 402
98 731
364 448
917 962
25 264
192 628
742 760
154 894
72 241
281 420
31 638
443 528
331 535
23 31
175 186
148 329
185 381
340 966
110 558
256 359
243 615
408 746
11 23
891 904
234 652
28 50
468 605
242 727
267 392
124 581
158 266
60 889
38 226
11 82
104 428
72 230
34 343
2 46
83 210
168 338
137 569
171 501
239 390
21 187
533 882
146 329
587 845
95 481
172 783
209 404
19 527
664 946
341 524
403 797
505 780
737 950
426 489
443 643
61 329
33 51
154 738
1 185
410 549
748 783
38 587
275 351
123 317
759 861
607 869
475 580
415 630
151 671
161 686
126 191
31 967
167 885
279 984
81 331
76 372
358 704
218 920
311 842
38 798
123 160
438 784
103 524
134 442
157 450
175 798
453 627
0 0
45 306
663 803
755 914
27 51
419 549
234 394
561 714
166 914
125 414
175 548
208 879
52 70
355 427
106 160
68 139
76 148
6 878
99 461
11 181
11 599
125 188
2 26
551 885
365 630
591 964
371 467
570 725
363 689
401 887
86 778
38 665
146 768
0 32
74 115
367 449
55 82
18 57
180 205
40 80
623 881
709 793
171 516
150 267
302 305
31 530
67 454
1 2
58 382
457 836
25 43
246 313
369 945
91 188
73 897
82 221
211 516
846 917
196 288
173 227
312 321
117 142
293 680
409 638
8 214
187 297
135 166
90 207
795 855
58 83
2 345
604 931
171 855
318 758
655 698
267 971
111 751
227 901
413 1000
235 272
308 973
23 176
56 967
415 797
138 254
207 646
28 112
185 458
216 622
12 547
156 644
352 407
384 786
524 877
350 578
279 374
31 363
4 210
64 259
476 951
87 229
250 858
12 31
155 338
402 761
88 599
326 611
470 550
3 5
263 409
59 268
624 684
290 373
116 176
583 888
245 533
854 978
369 370
432 714
3 24
104 233
348 865
363 832
503 902
136 926
20 685
17 413
388 622
379 515
367 872
20 323
68 213
364 608
357 893
253 288
20 677
336 623
29 32
212 907
11 36
56 83
210 773
40 106
677 823
98 216
581 881
181 468
363 907
124 182
68 159
771 825
706 871
7 71
10 273
220 711
383 428
95 114
281 738
68 265
95 183
201 289
125 136
414 659
222 709
626 775
49 939
77 297
159 527
625 819
73 99
505 977
745 868
154 285
82 407
31 137
411 593
84 723
5 244
581 712
205 468
70 450
34 671
58 59
123 202
504 958
391 449
162 181
230 804
495 756
210 336
77 756
42 42
560 731
259 563
551 672
146 279
0 3
318 628
27 94
813 864
91 624
9 359
87 306
23 62
127 377
286 917
314 474
171 701
109 125
26 143
914 916
359 375
278 414
11 238
231 897
99 541
101 863
516 926
448 731
10 92
97 588
695 845
661 762
8 91
191 199
56 155
427 451
53 53
295 953
11 184
270 410
4 8
540 582
230 640
221 946
1 18
74 116
201 407
175 644
188 893
274 513
379 395
12 25
40 70
334 527
588 800
87 324
72 142
150 248
78 395
150 434
17 51
75 116
251 905
142 418
424 827
568 989
162 221
156 336
252 433
420 835
326 511
68 223
64 125
118 172
214 555
348 976
41 403
125 325
180 936
352 442
462 893
252 258
297 803
61 314
33 621
57 344
383 507
151 844
138 310
23 64
16 55
42 77
638 803
210 961
112 464
329 539
27 349
115 870
621 950
227 267
86 279
35 684
53 281
138 521
319 737
28 249
71 107
289 844
82 663
343 637
721 920
601 993
62 686
113 166
382 485
120 441
138 346
39 77
672 897
457 800
404 629
192 232
243 590
119 177
212 302
469 976
141 428
505 769
153 287
157 199
247 444
67 133
369 710
678 948
16 895
96 197
6 20
631 914
300 550
42 723
214 261
262 490
91 123
237 612
546 611
65 916
240 282
118 158
112 131
343 360
578 713
154 391
383 967
234 392
188 691
38 796
139 407
270 884
186 612
734 908
523 706
135 284
48 99
24 158
433 599
111 495
154 194
285 302
45 830
18 283
95 189
374 759
538 850
570 613
104 241
570 759
187 670
333 696
86 396
387 853
434 723
490 928
611 793
634 922
606 727
266 704
36 119
4 40
474 588
811 883
759 818
929 954
801 823
490 651
23 82
381 685
11 14
439 594
485 807
532 711
96 111
20 23
482 594
97 443
145 199
181 474
544 571
506 719
39 571
144 490
69 136
28 33
246 486
6 12
20 201
69 293
7 779
36 155
222 453
167 790
237 450
396 826
258 380
400 786
576 760
226 579
315 328
481 768
75 486
20 74
27 929
208 239
4 22
602 669
754 855
822 916
242 261
1 795
34 66
25 650
224 871
408 776
22 75
123 193
142 190
239 517
2 4
429 772
168 876
153 834
296 586
551 986
35 55
71 216
49 68
315 700
257 374
207 750
140 551
112 430
314 330
132 832
248 867
270 316
235 467
240 440
102 685
63 543
378 585
297 590
329 385
275 432
342 690
357 394
2 11
99 137
718 723
1 35
88 283
340 518
294 495
36 137
233 247
8 372
50 497
167 401
339 913
552 621
155 285
713 810
567 891
130 737
209 219
608 739
50 294
102 466
97 227
307 684
16 179
3 24
19 992
618 838
67 240
527 566
375 836
37 226
170 470
408 862
21 615
232 885
69 315
319 456
141 193
208 383
475 538
252 289
203 265
164 685
6 55
185 471
150 382
203 257
419 543
166 484
15 26
67 585
112 450
413 447
168 281
148 277
330 855
218 507
54 292
381 909
204 210
400 705
541 718
20 28
111 342
31 509
57 336
214 667
255 585
5 83
69 388
737 933
105 233
355 611
611 711
508 629
60 333
123 560
172 458
455 492
177 729
433 787
14 27
158 327
741 806
777 785
148 399
471 723
187 366
114 305
17 90 213 229 288 350 415 487 490 517 566 719 720 734 752 767 927 989 
18 21 46 98 191 298 321 339 499 618 627 639 662 708 735 795 843 929 969 
26 1 36 55 114 150 159 177 181 217 227 344 387 586 587 606 613 628 634 635 672 756 792 799 848 872 928 
15 1 92 124 327 333 336 390 401 558 696 702 732 780 789 908 
23 17 80 84 115 164 260 276 279 289 330 337 352 399 505 539 556 589 652 711 714 801 883 977 
17 13 50 77 199 235 316 331 468 494 577 700 711 789 821 829 838 987 
19 77 128 434 458 490 511 547 550 575 639 642 647 651 812 915 947 953 982 998 
17 119 149 275 277 378 388 436 492 506 536 567 607 620 709 769 907 934 
19 52 58 135 138 177 213 257 287 306 327 475 631 654 734 757 792 879 885 948 
18 2 5 63 100 103 143 179 275 401 421 537 599 634 637 693 730 888 941 
16 65 117 254 277 433 462 479 554 575 633 668 673 687 750 882 963 
22 2 23 28 44 59 73 116 135 161 231 317 370 399 420 432 459 611 658 659 778 799 834 
11 13 135 384 388 425 545 701 777 788 830 969 
15 67 98 204 274 363 422 542 558 568 608 637 641 692 835 857 
24 48 126 148 180 184 227 331 374 425 435 436 485 513 569 593 600 807 813 817 826 873 902 959 971 
18 85 241 353 364 404 417 427 448 546 564 597 651 681 683 779 828 851 864 
25 5 16 32 114 171 179 201 224 296 297 316 389 450 525 527 546 594 653 679 708 742 800 803 890 929 
19 0 79 97 121 145 161 327 393 413 444 459 500 588 621 680 690 806 840 844 
14 14 96 111 174 252 323 420 453 604 714 745 784 842 988 
17 35 124 143 184 194 218 272 302 370 398 399 582 621 624 680 725 968 
11 43 108 124 148 186 455 579 672 677 803 896 
19 56 79 115 157 171 266 286 293 312 337 389 400 454 475 491 559 628 681 752 
20 15 18 62 66 81 84 304 370 428 438 451 559 619 629 630 646 680 751 846 930 
30 105 109 128 140 179 197 212 226 243 369 395 396 409 471 486 499 597 628 635 640 689 724 776 831 851 914 955 982 990 992 
25 72 117 121 147 158 163 182 208 321 364 376 469 470 516 659 666 706 746 854 879 882 930 935 936 983 
17 27 51 146 164 176 187 316 322 324 329 467 530 694 735 781 807 972 
18 34 137 193 293 311 314 338 351 509 555 584 626 670 679 723 783 838 950 
15 11 278 301 306 449 477 550 602 624 643 686 756 820 870 991 
20 31 33 66 69 98 105 159 449 459 478 532 584 611 617 673 712 755 860 908 934 
21 70 110 114 257 267 275 365 517 522 607 635 667 727 767 853 858 915 920 923 927 985 
18 10 47 120 130 140 196 265 278 375 446 567 570 693 701 864 873 903 936 
29 0 16 19 36 83 131 162 183 301 321 357 389 418 534 552 556 565 568 584 644 729 731 745 770 775 785 903 904 981 
17 10 95 154 180 245 397 411 445 469 555 605 622 706 713 813 888 913 
12 134 274 277 334 401 498 499 541 602 665 735 868 
25 38 42 197 204 237 344 364 404 420 473 535 619 639 646 650 671 721 830 864 898 953 958 960 967 988 
21 15 34 114 209 223 278 310 323 352 441 446 480 484 554 611 663 672 699 866 951 989 
25 90 154 197 250 295 309 371 461 462 542 579 596 599 609 707 747 750 760 767 775 818 845 862 870 923 
24 62 66 97 227 241 244 247 280 300 335 373 387 442 469 483 605 618 684 741 838 868 947 957 965 
30 7 82 136 198 233 237 238 251 294 330 344 369 458 526 558 651 734 752 775 776 819 843 870 881 882 884 917 935 946 955 
29 43 79 144 194 205 215 290 319 333 376 413 529 556 622 628 636 647 656 663 741 799 810 867 879 925 941 951 966 983 
23 37 45 71 94 144 275 306 316 341 363 398 501 644 651 690 699 761 772 799 807 939 961 976 
15 120 221 257 343 357 466 483 557 651 691 698 798 836 897 961 
22 76 123 184 324 331 345 380 452 476 512 577 589 591 626 652 690 773 819 820 836 920 985 
19 34 43 65 106 197 198 249 341 354 397 412 455 534 631 754 840 862 872 934 
24 17 160 169 295 329 377 405 465 576 585 632 650 654 680 686 705 708 711 758 820 874 924 938 948 
20 18 121 162 205 247 312 341 410 444 453 529 574 578 611 628 727 822 835 863 984 
23 13 28 124 185 235 239 366 454 493 602 620 626 666 732 742 748 769 808 839 843 861 866 967 
13 76 225 314 320 344 388 618 776 785 837 936 957 960 
21 12 65 200 234 296 346 354 403 408 494 596 606 655 682 720 725 733 891 948 967 989 
21 45 175 227 290 298 317 338 356 358 501 583 653 739 776 834 868 869 876 920 966 996 
21 20 82 122 157 190 193 198 199 219 246 403 414 418 530 617 698 716 745 794 832 857 
22 77 130 166 177 211 218 251 258 318 340 381 428 439 511 534 535 557 669 752 854 965 981 
20 19 29 104 115 153 208 219 222 293 378 387 482 523 686 747 767 826 926 986 991 
19 119 121 124 153 157 262 295 318 338 456 495 567 596 699 701 738 777 821 990 
15 60 121 319 322 361 378 391 661 686 722 876 902 910 960 999 
24 77 88 107 129 162 170 226 232 265 389 410 416 500 640 648 713 793 827 829 853 871 913 967 972 
19 115 198 246 328 386 407 413 430 563 572 597 649 741 743 809 835 880 909 926 
18 126 143 207 249 270 441 469 489 535 540 545 649 658 674 681 775 779 784 
18 84 150 207 270 342 350 545 588 590 603 650 709 717 721 769 786 957 981 
27 25 99 230 253 273 295 398 424 448 501 557 571 596 600 658 700 717 725 741 748 752 765 791 824 957 966 980 
23 12 13 18 20 178 228 261 363 364 380 388 443 450 474 508 557 584 605 626 632 652 799 869 
19 89 100 139 152 256 311 334 369 424 453 469 508 537 559 575 685 739 822 930 
26 46 81 136 179 209 210 240 348 380 426 469 550 560 578 583 626 643 647 719 797 827 894 972 975 981 995 
17 29 71 127 137 146 147 162 201 317 436 513 638 759 933 949 954 963 
29 7 13 52 66 89 95 187 233 353 368 373 423 487 523 575 691 694 773 798 848 850 853 875 937 950 962 985 986 987 
25 16 35 79 185 284 335 339 438 462 499 502 540 580 623 627 719 787 814 847 870 889 919 941 965 983 
15 27 157 212 258 307 381 421 570 587 706 792 849 891 928 946 
30 27 59 77 126 220 248 352 363 435 453 499 516 527 558 578 598 618 646 648 739 782 795 818 848 865 894 957 965 970 982 
16 102 199 242 286 312 344 489 504 545 564 692 695 789 801 922 991 
17 54 65 162 167 206 362 387 415 530 640 711 736 815 829 863 919 968 
21 42 125 151 184 225 278 296 306 332 400 446 541 560 594 648 685 698 786 850 890 919 
13 12 97 114 307 401 432 465 467 472 524 561 647 921 
14 20 258 277 329 337 394 475 533 561 618 660 813 926 946 
14 51 248 273 359 575 672 679 709 724 845 852 865 871 960 
18 0 29 78 122 268 299 390 411 502 505 548 612 659 704 781 892 902 928 
25 0 3 17 28 49 50 113 147 159 260 273 325 447 508 602 710 720 722 726 827 834 868 902 957 971 
24 17 114 206 301 316 327 330 331 344 355 382 383 385 491 523 568 661 719 770 797 809 858 909 990 
17 6 31 44 121 281 356 358 443 454 707 748 755 809 819 830 871 908 
20 12 39 91 166 173 254 392 426 451 460 493 538 554 581 606 668 702 808 834 881 
25 61 108 109 266 269 288 329 349 358 367 377 434 466 472 486 503 583 586 672 684 690 744 746 837 967 
22 23 24 71 203 292 319 416 474 491 540 562 581 586 665 676 700 755 758 839 863 993 997 
21 8 23 78 146 265 267 294 384 500 529 531 555 603 642 671 743 767 879 901 986 987 
15 88 121 208 268 421 442 604 672 766 806 849 920 924 943 994 
18 12 46 72 184 251 257 265 546 562 596 604 697 703 718 738 752 845 921 
26 60 91 93 215 247 295 361 363 376 420 426 445 489 598 627 660 708 723 728 739 754 760 844 877 974 987 
23 4 30 123 148 219 262 266 304 349 402 419 515 563 584 592 622 630 641 653 726 808 892 935 
20 192 274 352 354 395 401 435 527 534 563 684 710 800 834 835 840 875 923 936 950 
27 41 57 78 97 130 142 208 241 250 294 348 390 490 493 509 523 524 537 585 597 669 787 809 810 819 849 911 
18 19 29 86 121 178 269 273 359 419 423 424 433 483 658 681 753 855 865 
20 44 57 147 192 238 258 321 463 539 542 547 569 696 712 751 774 793 926 981 989 
16 53 73 176 246 327 359 402 471 496 660 721 746 792 912 922 926 
15 6 27 151 191 237 255 313 379 576 770 771 835 856 917 975 
18 65 107 128 188 239 276 289 410 451 488 506 551 619 631 684 772 855 893 
19 9 42 81 92 218 266 367 433 449 457 548 580 671 706 760 788 791 927 944 
19 5 40 83 160 311 340 400 405 442 489 558 777 833 853 868 869 936 944 979 
23 5 43 85 157 158 175 226 236 273 410 536 541 585 675 785 876 887 910 920 931 935 976 994 
20 12 62 81 92 206 218 283 287 354 374 402 407 481 557 646 833 858 871 874 887 
17 2 247 513 518 520 528 548 568 605 617 673 785 812 916 981 992 997 
24 98 107 114 294 334 344 367 387 391 432 443 447 464 492 510 570 655 728 887 902 939 947 949 965 
25 18 74 97 149 190 265 285 399 475 494 560 598 627 629 633 683 719 723 754 764 895 901 905 929 932 
23 49 182 221 235 305 387 451 484 515 534 619 685 753 770 811 820 831 843 864 898 934 940 941 
29 3 90 126 160 188 210 238 241 349 387 389 424 462 470 508 538 576 589 596 609 617 673 718 722 777 797 911 943 995 
13 80 141 189 202 300 414 434 450 476 736 778 888 959 
18 28 110 217 244 292 303 305 405 410 501 556 593 617 720 750 905 906 919 
20 78 105 123 147 178 202 230 438 455 592 652 767 798 823 859 878 928 946 958 970 
20 4 79 81 138 180 286 302 323 413 461 497 509 639 670 800 836 863 899 958 974 
29 0 78 102 115 181 190 272 310 346 412 427 473 500 549 626 634 678 686 687 727 768 798 801 841 843 849 856 904 954 
19 1 70 89 112 117 139 308 427 456 489 495 515 556 688 779 781 854 908 918 
23 8 95 183 185 259 296 332 380 419 458 472 554 579 601 623 637 639 688 784 787 802 938 990 
23 1 2 75 80 135 148 201 202 346 353 368 392 412 439 577 685 706 707 771 800 890 893 947 
20 61 83 119 148 259 261 355 619 649 667 686 698 742 808 810 844 875 881 968 996 
14 47 50 158 165 174 203 231 240 376 509 596 750 844 890 
17 88 141 163 280 294 296 319 340 406 515 518 588 640 768 802 838 975 
15 65 66 77 87 89 131 274 460 603 647 653 692 783 835 971 
20 90 136 160 275 310 318 358 464 484 560 566 670 713 725 737 797 826 861 909 910 
19 56 122 138 152 195 279 329 360 392 494 565 607 633 679 688 691 790 805 968 
26 31 152 154 161 204 212 228 242 394 403 406 411 437 471 600 640 649 692 703 797 819 845 927 958 967 970 
18 3 28 94 106 225 236 374 561 569 606 607 647 790 810 814 821 847 855 
18 68 185 217 220 261 440 446 499 508 564 584 587 749 768 806 869 902 935 
16 19 168 187 214 225 253 301 309 365 412 539 658 687 773 918 992 
19 15 32 51 87 136 145 151 186 246 265 276 311 341 346 365 411 789 801 966 
25 16 34 75 132 259 282 319 338 423 510 552 565 597 611 621 710 775 841 874 900 912 927 942 943 969 
16 101 143 195 236 247 342 366 457 555 583 603 704 753 759 879 919 
20 106 122 248 286 297 402 410 524 576 623 639 699 735 757 767 801 804 826 855 887 
22 33 64 82 103 145 196 217 238 285 286 317 366 602 636 743 751 793 828 880 925 985 988 
21 105 181 233 279 429 432 459 574 583 619 621 683 753 798 872 878 884 932 949 953 982 
20 27 150 159 211 232 248 322 355 458 483 578 632 645 676 804 853 856 891 915 939 
27 2 29 33 37 55 159 179 204 276 281 339 343 375 398 405 411 421 450 504 513 546 555 591 671 721 840 992 
21 10 56 135 146 235 279 302 315 389 463 551 566 567 689 726 759 786 821 913 916 945 
21 58 135 139 155 173 190 205 268 289 417 419 503 580 629 709 710 764 787 889 973 984 
25 74 182 194 316 330 338 355 360 404 406 471 473 511 544 738 740 746 787 818 828 852 864 932 933 942 
15 46 68 240 259 359 366 388 464 496 569 588 683 706 708 906 
20 9 26 170 276 328 339 375 452 498 526 581 602 604 648 675 682 693 736 744 987 
15 76 236 376 387 448 497 583 615 698 714 729 831 905 958 977 
20 60 76 84 249 394 400 402 452 476 525 612 688 742 749 761 834 862 863 937 949 
22 31 42 78 116 121 122 136 149 301 323 345 397 413 490 540 663 685 751 879 900 940 982 
18 93 111 186 192 516 535 566 571 641 691 761 811 839 842 862 912 913 982 
21 1 118 211 235 302 307 353 365 403 508 564 596 633 641 646 689 694 843 908 952 964 
15 76 116 320 368 379 452 506 514 519 526 664 679 683 747 776 
16 30 48 80 81 123 200 273 318 337 436 477 564 582 771 853 872 
29 32 58 122 140 158 186 239 249 254 267 288 362 390 437 444 488 510 591 604 660 678 709 775 778 810 908 914 926 946 
20 8 149 163 299 345 395 419 423 638 664 665 698 738 791 871 883 928 950 952 968 
23 47 48 56 122 125 127 136 255 260 328 403 461 472 474 523 639 667 691 706 791 818 881 983 
17 59 91 414 432 504 513 649 650 662 683 684 744 785 802 904 934 958 
17 25 79 99 125 145 180 345 433 440 620 659 670 696 750 934 973 984 
26 14 58 204 217 220 271 281 317 348 352 357 378 463 489 517 525 539 574 590 670 712 745 758 785 888 929 
24 58 105 118 157 246 274 291 293 297 353 372 374 381 400 444 551 583 617 626 707 749 763 812 963 
11 45 217 220 393 409 552 575 676 679 857 965 
17 49 67 185 189 207 260 265 313 338 343 374 701 768 838 892 921 951 
19 56 145 146 155 240 347 399 473 514 628 797 811 883 921 922 923 965 970 978 
24 27 57 87 124 127 144 236 264 269 273 288 309 351 374 512 538 574 632 644 670 690 701 719 837 
21 38 93 307 322 345 429 432 433 479 516 627 635 657 723 737 760 775 788 846 944 971 
25 26 106 125 149 167 187 188 204 242 243 263 284 356 367 573 583 596 634 654 664 728 756 806 832 984 
22 2 87 118 169 191 225 273 293 308 445 499 519 525 534 620 625 636 839 842 856 905 911 
22 85 132 173 287 306 366 421 422 434 478 492 524 585 614 685 736 790 853 885 904 925 965 
20 82 128 141 151 231 388 397 471 489 510 622 630 642 702 768 844 859 893 959 986 
18 45 116 166 172 176 327 372 391 502 586 646 668 797 880 940 982 986 993 
17 115 144 245 294 379 385 404 492 512 574 662 700 721 746 794 907 983 
22 32 109 158 161 210 243 267 274 377 460 476 507 541 574 687 743 754 784 808 822 919 938 
24 1 4 44 117 133 137 222 232 247 279 303 579 614 720 747 770 788 811 825 836 888 910 946 993 
18 80 153 165 184 271 396 454 509 549 611 648 660 677 762 790 902 931 972 
14 123 214 228 470 572 574 652 671 756 828 844 894 935 988 
22 53 70 79 188 278 306 447 490 509 528 608 702 707 715 783 802 804 805 841 889 961 984 
23 6 13 69 179 225 337 347 364 407 479 504 566 663 675 744 748 803 816 857 903 958 972 984 
19 57 61 68 76 135 179 235 308 367 383 478 618 661 687 756 827 853 884 930 
18 12 48 76 121 163 235 342 397 398 442 486 534 545 674 695 715 962 966 
23 15 22 46 94 189 252 326 340 347 371 377 415 554 603 662 684 688 694 750 753 824 896 959 
22 137 164 275 393 491 493 531 546 547 664 693 741 743 744 751 823 837 843 880 937 951 973 
18 22 125 230 235 283 352 363 470 534 615 658 698 734 750 818 855 922 934 
13 21 33 496 508 518 803 868 870 887 891 908 938 961 
19 57 59 129 158 309 320 347 397 411 458 543 554 599 630 926 936 957 985 988 
17 67 69 86 179 206 219 246 308 333 363 586 629 683 724 826 872 876 
19 127 145 156 160 262 276 328 337 465 495 536 563 603 825 836 848 960 978 994 
12 339 425 432 508 575 699 742 751 789 845 948 974 
25 3 24 57 67 69 86 121 159 164 168 460 461 535 537 538 707 734 806 820 846 897 903 904 971 978 
22 43 207 223 287 520 553 555 565 585 596 620 646 650 687 765 780 865 881 903 924 939 970 
15 43 122 144 161 205 229 248 755 767 793 835 853 888 914 919 
19 60 96 108 152 205 238 239 266 442 505 554 658 843 851 940 945 956 981 983 
24 142 144 168 173 237 250 267 316 399 416 484 485 514 547 563 708 720 757 763 783 809 873 902 959 
28 4 44 82 167 186 198 227 290 308 342 443 456 485 661 689 703 710 742 772 807 832 844 847 854 862 866 903 935 
16 1 45 100 226 282 312 398 502 503 549 666 845 850 911 957 964 
14 47 252 348 408 422 474 514 517 612 648 670 762 798 816 
20 21 80 123 377 388 469 536 544 601 602 627 700 724 741 759 761 783 784 937 999 
22 123 143 189 320 325 470 574 589 631 706 716 745 753 763 784 841 952 962 973 979 995 996 
18 25 30 83 143 153 257 303 341 437 503 543 655 659 673 805 806 879 977 
14 9 138 375 393 555 587 697 734 737 757 762 788 934 954 
18 88 157 268 293 392 450 460 524 528 532 559 769 783 786 885 887 921 927 
28 7 129 179 216 234 250 258 270 315 332 340 354 389 397 428 443 500 526 548 571 658 689 826 839 877 889 895 969 
17 42 236 379 382 433 501 521 576 592 613 658 665 680 692 742 767 837 
17 0 226 236 313 365 398 406 595 610 629 639 671 730 783 823 869 910 
21 22 54 76 107 200 259 310 356 363 364 415 491 602 608 630 656 695 758 817 882 912 
20 24 44 126 157 293 298 375 391 420 556 563 584 612 617 807 836 846 880 937 966 
21 150 175 225 229 274 287 346 382 414 445 536 649 659 670 737 741 754 800 863 875 981 
19 63 135 137 191 197 237 263 318 337 577 585 597 674 684 749 755 807 874 985 
19 42 118 122 174 357 368 412 435 486 514 565 590 715 721 769 850 926 931 974 
28 0 56 106 158 221 265 269 277 280 295 328 344 451 469 508 537 595 608 707 734 766 780 786 834 846 860 864 909 
16 14 30 68 99 116 228 360 383 500 605 852 862 886 965 969 998 
16 193 253 264 291 307 355 387 422 459 485 616 712 722 767 873 976 
27 0 14 39 77 78 87 99 101 209 328 431 509 557 567 643 731 743 750 751 799 847 854 909 942 947 983 991 
17 35 88 122 165 235 271 327 416 458 477 483 722 796 859 899 938 956 
