200 1000
3 711
164 329
471 833
321 905
306 400
223 280
401 504
250 381
412 450
76 835
105 720
509 783
205 368
7 9
818 872
416 726
147 792
51 77
144 561
67 173
38 868
283 513
32 111
242 957
98 503
212 980
282 501
147 452
124 388
182 691
253 646
358 771
263 263
170 857
56 94
13 234
645 869
65 192
347 390
384 849
549 707
137 240
134 699
103 167
70 227
491 977
0 148
44 435
111 947
660 726
245 390
469 738
2 123
94 375
99 123
0 2
208 234
77 177
134 351
193 326
127 152
131 508
24 182
157 335
23 243
411 816
491 959
68 71
105 115
652 893
522 542
700 862
257 384
203 556
420 928
137 236
284 317
198 387
651 772
20 375
32 702
55 199
10 29
39 230
277 891
25 70
87 572
7 480
425 801
281 923
62 900
32 775
115 142
329 878
89 89
356 703
264 573
255 511
368 420
177 399
439 511
280 868
29 355
239 528
3 121
36 138
7 40
69 253
178 300
176 199
34 297
217 455
272 782
11 84
15 420
450 466
527 651
431 600
3 304
172 416
229 286
352 602
519 639
455 873
876 924
779 997
83 979
27 151
193 320
93 786
87 510
236 740
27 900
355 441
82 99
403 498
31 31
526 569
647 736
7 39
193 938
72 223
312 469
750 764
35 333
16 218
268 391
229 505
212 438
642 759
77 110
21 24
49 347
277 280
843 935
120 382
2 861
118 326
931 943
7 664
110 152
351 664
682 825
94 372
183 191
24 224
67 86
94 236
96 579
62 294
700 850
42 468
186 186
388 433
715 824
768 904
275 294
149 392
726 730
488 672
51 560
20 66
44 119
22 953
503 597
56 860
272 300
1 25
91 828
313 931
346 411
94 100
368 793
518 866
9 42
24 432
204 347
324 348
159 857
0 316
267 537
39 40
225 550
73 80
11 66
98 239
146 157
419 508
64 314
52 267
64 727
145 833
414 827
943 971
144 324
672 962
19 663
24 70
206 212
610 728
28 236
104 525
436 985
523 628
35 710
194 878
15 17
826 955
63 341
866 966
95 454
96 558
50 220
7 136
77 295
15 52
27 761
730 811
667 700
623 821
250 304
259 904
701 861
54 699
517 951
44 354
10 489
23 226
160 448
214 901
633 737
13 58
101 246
838 974
350 385
213 544
4 12
98 502
27 44
516 728
334 624
12 229
64 185
651 933
489 964
106 483
590 735
150 494
17 48
21 278
285 631
127 898
530 573
127 399
44 48
41 561
113 565
511 770
70 113
97 134
85 363
312 616
209 310
413 625
78 126
62 793
21 91
163 979
74 170
129 248
318 461
462 749
282 610
418 599
136 233
222 631
589 845
115 243
33 153
334 831
125 758
476 716
51 332
170 201
50 194
4 998
62 487
121 310
392 825
53 368
109 344
6 358
115 255
300 381
59 82
248 747
76 556
85 550
39 145
178 845
111 666
641 791
241 305
227 808
433 621
314 656
796 945
530 887
226 546
332 399
266 873
44 204
277 472
77 132
405 477
362 777
503 790
107 118
496 821
28 113
40 255
283 389
78 294
323 425
293 428
61 96
15 18
84 403
29 88
46 477
545 887
51 374
423 759
279 462
474 660
16 189
159 186
109 289
574 880
303 556
172 901
99 264
73 470
355 718
130 220
30 34
308 521
58 332
924 943
66 774
534 569
63 174
181 278
121 447
141 779
181 757
51 71
148 509
107 128
644 972
73 349
755 787
140 236
132 280
631 761
168 202
196 385
339 578
282 390
644 811
86 212
70 82
89 264
63 1000
240 765
124 560
627 686
502 648
8 18
298 359
250 335
3 10
180 398
147 237
428 454
141 346
17 508
471 590
463 540
34 576
48 536
18 215
116 884
669 930
43 188
35 147
182 624
134 141
383 984
602 835
497 642
478 842
157 294
185 192
32 83
152 602
440 610
567 956
41 45
478 646
0 32
0 14
240 332
12 21
357 428
29 241
48 252
11 32
0 7
155 627
249 722
177 216
171 896
82 231
33 182
270 954
348 558
149 232
99 143
373 851
609 766
736 910
49 80
759 951
35 42
692 982
650 873
146 609
332 495
306 868
119 303
424 676
78 96
30 423
833 945
68 245
387 902
724 987
2 5
391 902
571 620
238 559
635 674
416 828
333 538
221 338
114 316
456 677
373 522
65 914
444 709
657 821
283 484
159 295
147 801
124 614
458 733
120 292
5 24
432 664
24 211
286 809
277 345
42 490
140 513
535 730
198 479
107 971
144 504
430 620
199 803
178 720
531 772
212 716
813 943
57 70
588 879
17 131
30 307
858 957
270 320
268 402
476 511
263 821
79 566
182 817
313 932
599 836
66 370
15 86
318 887
439 928
50 321
616 819
638 868
271 517
0 13
34 386
19 922
56 88
419 435
74 118
523 814
914 927
315 388
164 599
578 818
302 533
535 846
34 37
254 685
133 295
94 105
193 349
150 405
693 879
72 72
520 948
152 377
40 318
3 87
18 19
277 812
94 403
237 406
17 103
34 40
146 889
118 599
370 927
1 1
458 667
96 948
407 955
316 484
294 394
346 975
151 465
155 234
42 118
1 91
163 447
65 632
88 290
62 146
9 101
30 97
455 461
38 419
340 573
101 178
75 321
661 938
192 862
869 947
400 797
618 978
824 959
46 197
66 146
45 189
22 61
810 973
41 640
23 61
49 441
142 542
155 617
252 538
55 67
17 100
285 363
225 309
205 273
517 645
118 125
103 518
185 225
39 82
121 508
124 456
406 428
613 670
657 923
256 277
64 96
79 197
55 88
122 148
141 316
487 686
469 653
816 854
317 982
10 105
69 775
511 727
125 256
153 592
177 430
121 140
346 611
184 192
176 326
217 484
760 922
136 504
802 916
131 958
299 676
185 210
556 734
152 577
109 549
302 533
69 172
74 616
580 733
49 210
329 393
190 275
98 337
106 556
64 404
30 415
36 131
666 890
44 159
124 204
0 17
75 671
533 813
30 87
594 730
8 200
618 922
7 68
95 629
915 987
351 630
51 359
352 717
2 513
47 94
278 599
31 333
777 949
248 592
110 392
539 861
214 436
444 952
305 457
204 403
620 771
717 858
3 214
637 723
336 859
406 889
594 929
143 309
22 66
0 513
132 167
200 456
45 231
166 533
425 437
238 731
168 540
20 97
51 187
82 517
282 856
749 799
250 296
2 376
263 304
108 245
52 917
65 108
20 21
199 294
123 413
103 534
367 649
79 248
74 852
238 896
210 845
24 25
22 23
185 331
786 880
758 847
454 940
61 450
179 864
130 480
457 680
177 525
239 701
59 120
188 278
82 331
403 440
280 290
30 276
394 466
309 483
487 564
58 161
146 199
19 32
151 653
277 281
522 912
258 329
446 616
329 582
62 507
13 730
63 288
617 672
184 448
534 822
13 88
76 349
44 76
110 243
96 282
427 492
191 220
17 71
410 797
426 769
442 712
213 677
244 445
356 589
181 315
344 476
84 342
18 83
16 43
362 383
59 321
174 941
686 908
153 791
388 905
376 523
5 8
251 266
25 43
61 944
32 642
72 78
541 713
42 43
910 955
268 574
111 136
179 621
74 255
102 843
326 988
93 628
314 929
310 340
19 47
351 515
365 723
299 771
142 777
117 151
582 633
652 658
16 179
469 926
89 181
83 98
316 556
221 613
370 687
374 447
119 154
89 601
16 24
113 340
114 182
832 903
8 72
164 961
42 121
42 272
23 344
176 218
367 592
526 981
257 724
283 427
257 468
581 835
192 428
535 703
118 415
203 471
105 134
263 632
254 480
176 965
702 817
11 674
320 592
72 573
131 319
246 284
22 776
370 664
148 175
60 220
95 225
54 65
6 310
155 576
156 286
6 828
60 65
99 531
794 810
77 145
185 925
512 688
19 23
10 331
72 152
175 723
444 999
66 213
646 699
254 532
9 55
515 533
35 391
694 818
446 799
726 887
740 758
353 714
565 969
198 288
132 247
332 683
170 351
391 685
46 985
121 428
149 702
9 17
59 489
127 132
773 773
440 958
165 319
284 617
322 483
750 953
53 241
7 41
75 75
492 880
456 869
167 261
79 216
288 611
116 329
331 640
882 891
46 260
285 664
245 832
152 393
69 815
440 774
342 798
82 353
369 778
115 167
557 748
40 63
586 955
13 821
24 78
28 705
796 833
88 94
416 608
78 152
75 456
214 808
39 684
434 486
184 297
611 907
136 380
97 182
65 282
376 607
802 872
243 619
41 568
44 57
6 217
168 409
561 604
113 328
534 588
208 925
305 794
685 685
51 788
339 677
119 256
337 720
618 663
183 548
713 805
180 250
0 26
74 233
559 828
536 539
138 428
892 895
56 940
443 549
28 329
111 117
1 26
877 883
308 549
587 949
64 277
9 532
139 318
905 913
735 937
22 122
78 676
6 34
79 687
554 593
102 673
298 387
837 956
164 563
164 282
113 546
519 538
816 848
241 483
298 472
4 788
85 363
372 499
29 905
204 485
303 745
18 17 112 163 269 308 319 380 403 409 432 451 490 586 638 843 854 934 969 
21 9 16 58 183 237 253 354 418 422 443 447 611 624 676 684 687 706 756 843 947 950 
16 219 272 283 293 345 433 445 510 586 718 745 752 787 922 956 974 
16 16 27 164 217 316 339 404 406 446 462 541 661 747 919 965 986 
17 16 69 103 123 162 202 288 362 380 602 633 656 800 861 885 949 992 
18 176 177 205 209 233 253 339 343 369 379 405 411 701 703 744 766 909 913 
22 17 21 145 219 222 237 238 308 428 476 534 556 580 642 681 795 798 800 865 879 907 981 
31 28 32 67 111 186 244 284 342 366 390 407 417 443 534 568 574 630 631 661 704 746 769 772 774 802 855 863 909 950 975 996 
16 20 126 184 293 346 439 472 503 519 526 589 602 762 883 894 938 
22 102 173 289 342 349 396 455 487 522 535 664 765 774 846 851 870 873 876 958 986 995 999 
15 33 53 68 102 265 483 534 567 612 620 629 651 688 773 868 
26 18 90 154 162 206 274 328 347 428 434 437 487 504 559 561 607 718 733 760 787 803 827 866 870 931 974 
22 127 162 201 205 233 290 308 318 324 402 404 481 654 655 684 706 730 842 893 937 951 991 
15 47 172 182 190 279 460 567 576 604 630 790 811 817 835 962 
22 11 112 124 139 297 320 353 378 433 454 515 539 562 603 615 666 790 818 851 853 866 928 
19 58 64 144 246 258 259 297 306 338 358 415 436 478 526 625 802 908 970 982 
18 28 29 122 344 346 426 466 526 538 543 559 560 617 686 840 862 904 950 
25 61 76 102 141 234 305 306 382 392 487 515 531 537 567 601 652 658 666 688 693 700 701 884 885 942 
22 29 63 90 154 212 217 225 255 373 443 501 562 715 801 810 823 824 918 935 963 969 992 
24 60 103 114 202 298 343 370 388 391 423 433 434 447 475 567 618 645 658 675 700 751 856 863 983 
22 72 135 156 198 233 271 418 440 507 525 529 531 544 604 657 714 730 822 839 843 880 955 
13 40 226 252 296 394 443 453 460 527 562 648 825 982 
19 20 21 60 67 90 154 237 298 367 448 461 531 636 662 680 805 860 886 929 
24 30 75 206 210 234 243 244 299 441 485 512 514 589 593 622 664 673 775 785 813 871 877 889 897 
12 46 107 191 303 354 445 470 561 643 687 692 742 
19 22 45 62 92 93 272 278 287 362 363 378 415 526 558 628 817 852 854 981 
19 144 178 250 448 506 512 523 579 628 674 752 768 771 805 806 834 853 885 977 
17 6 11 46 67 100 183 272 417 635 648 725 753 803 879 899 904 967 
14 208 251 305 321 577 618 639 645 723 904 914 955 975 989 
17 19 33 74 100 149 171 209 235 345 417 548 557 570 594 831 839 859 
18 5 10 219 319 371 385 390 392 509 518 530 585 615 641 648 793 859 903 
20 39 66 78 85 97 107 144 200 343 358 379 421 476 496 591 630 649 722 898 899 
17 160 333 371 430 433 543 582 635 684 694 729 818 864 890 892 994 995 
20 167 187 199 338 346 369 420 440 462 485 498 507 528 557 594 643 686 721 812 828 
28 28 49 88 100 137 182 191 240 244 288 302 362 479 515 529 561 685 695 732 759 805 823 825 840 907 920 959 996 
16 18 101 123 253 308 353 377 434 468 486 582 604 648 650 685 948 
18 42 117 130 146 208 240 284 376 433 518 536 632 688 752 887 922 930 946 
17 69 131 161 222 230 355 360 416 484 488 496 571 682 774 862 892 950 
26 14 28 42 110 155 162 171 223 259 262 334 336 501 656 682 699 700 718 731 751 761 805 846 938 939 997 
20 19 49 70 104 107 153 159 327 366 447 483 489 497 594 598 777 781 834 861 966 
20 25 107 111 163 165 220 221 249 297 422 453 460 491 519 568 589 607 683 715 931 
17 135 215 236 241 348 358 377 401 504 659 706 712 842 848 894 936 939 
21 81 135 145 146 147 210 306 326 376 390 459 480 537 648 743 755 777 778 791 929 945 
22 30 54 57 77 100 142 173 214 235 291 391 434 525 538 544 575 673 742 835 839 896 957 
22 29 31 42 91 102 112 118 152 165 360 456 536 537 547 659 665 734 768 793 797 877 976 
24 18 104 174 195 261 264 291 310 380 385 437 471 480 520 543 595 630 638 700 709 725 751 888 951 
23 1 47 72 99 127 145 158 211 263 406 627 628 676 690 745 762 822 842 850 884 933 952 964 
20 2 132 252 277 285 420 433 477 577 618 648 679 716 731 788 817 930 976 981 985 
16 23 58 91 96 270 279 284 361 433 461 484 497 629 724 799 919 
24 75 184 218 245 317 358 360 368 444 450 537 538 663 671 682 701 720 733 775 864 972 974 990 995 
24 27 28 92 176 218 271 276 281 292 321 344 446 449 533 547 621 650 696 759 796 835 855 906 915 
20 17 20 164 203 370 401 522 561 601 677 704 720 731 781 782 790 839 861 905 967 
23 58 143 146 178 199 232 262 342 344 391 461 478 637 640 660 689 719 753 797 839 841 915 968 
20 29 102 173 287 291 395 408 420 431 460 563 623 625 801 834 836 857 907 974 993 
26 53 94 97 197 220 268 283 306 312 316 410 519 521 533 538 553 565 616 629 669 671 738 851 958 965 985 
27 8 69 75 83 129 251 297 330 359 381 439 465 486 514 626 629 651 655 689 706 753 773 812 857 913 936 945 
27 17 31 44 151 165 208 249 296 311 375 470 495 532 601 662 692 728 740 745 826 864 866 884 886 934 984 994 
19 0 46 151 175 194 200 224 243 311 331 405 439 497 588 657 781 859 947 969 
20 62 106 125 156 165 208 227 298 317 328 558 566 641 672 733 758 791 866 949 992 
28 242 261 286 328 330 343 375 409 500 555 575 579 611 615 651 687 731 733 737 748 769 823 853 855 865 917 963 981 
14 19 238 293 318 327 429 485 495 551 578 630 917 959 971 
23 33 59 71 82 192 210 236 246 348 376 400 404 424 495 542 632 657 735 816 898 900 950 982 
11 361 375 424 473 517 540 650 760 790 816 834 
21 36 59 61 125 126 143 148 164 213 234 251 451 544 545 675 707 801 824 862 921 967 
19 13 62 70 83 123 173 202 238 242 256 425 426 558 568 654 776 778 846 851 
22 49 51 81 90 156 218 225 271 298 347 364 369 438 673 738 770 797 819 837 922 946 998 
19 65 83 123 162 222 249 297 318 388 400 420 451 583 584 603 656 667 748 926 
26 4 65 102 121 167 183 255 267 367 424 451 455 543 603 619 631 655 721 738 834 874 945 957 970 982 999 
20 62 370 376 386 457 525 550 574 656 686 737 757 824 867 892 907 921 943 975 980 
21 3 72 86 89 231 262 365 402 415 436 463 469 474 601 655 837 863 866 883 944 970 
25 30 162 283 299 320 346 362 455 462 465 552 605 660 678 706 710 732 786 791 804 825 851 875 896 994 
21 13 29 59 81 114 217 245 254 301 423 457 525 545 649 746 757 764 884 922 977 998 
26 45 48 121 171 252 342 349 357 399 402 410 415 417 456 463 501 520 525 530 548 595 772 798 822 860 907 
20 44 48 211 291 301 306 355 358 412 435 495 547 628 742 753 763 800 840 868 976 
20 16 30 234 251 305 416 452 479 481 502 572 640 694 796 862 899 902 911 920 994 
19 76 112 166 233 260 273 275 337 425 516 526 527 560 590 629 650 656 766 841 
21 96 101 128 135 254 298 323 327 344 379 384 423 552 637 667 689 708 796 839 869 984 
29 0 32 108 171 172 209 234 250 375 394 404 476 532 548 549 553 591 593 642 670 731 745 754 795 823 842 864 916 967 
18 159 219 250 341 395 396 403 540 651 672 690 742 852 900 910 923 926 978 
20 111 203 235 239 290 312 381 389 419 425 434 452 488 571 743 750 908 934 959 975 
18 63 77 84 152 221 329 363 386 450 535 574 609 615 643 767 785 885 992 
19 44 64 102 197 225 249 380 397 414 501 567 652 657 677 723 788 792 907 985 
27 15 57 69 105 108 121 186 218 259 264 312 322 456 479 512 557 590 591 655 828 830 855 876 886 926 947 971 
19 42 136 162 202 233 317 325 415 436 539 549 595 658 690 851 867 893 894 908 
15 66 93 227 260 405 516 570 589 628 838 883 901 919 925 972 
14 255 262 273 376 435 642 675 707 734 773 819 914 933 994 
25 23 32 75 103 200 334 344 401 421 453 464 480 506 513 514 543 590 600 661 666 792 957 964 967 974 
23 1 3 146 148 186 199 214 323 356 363 409 411 450 496 545 590 599 637 764 844 866 867 952 
9 57 162 174 305 339 401 430 688 783 
22 4 20 76 179 185 228 236 271 402 438 443 480 483 485 514 546 602 638 701 808 844 895 
20 76 103 136 229 234 296 307 397 415 423 436 464 622 659 702 783 805 851 914 921 
25 72 91 137 139 149 260 307 341 352 406 446 463 471 623 635 658 711 841 872 894 920 944 945 968 993 
23 31 98 115 218 307 324 365 372 450 468 511 513 546 616 634 665 684 703 716 747 829 870 956 
22 82 101 148 159 203 224 231 234 262 313 360 385 408 421 536 577 681 776 783 833 881 992 
25 11 18 40 45 188 296 313 363 427 435 474 511 552 581 615 617 620 632 641 719 732 750 772 784 956 
19 68 136 153 175 224 242 299 342 362 412 527 580 750 773 824 830 844 869 923 
25 6 28 45 127 185 188 292 320 362 364 420 452 462 479 503 550 607 655 735 780 782 838 845 858 875 
19 44 101 119 201 205 275 296 301 375 445 449 499 500 565 667 671 714 853 878 
20 55 131 141 166 289 292 316 332 526 596 604 668 671 691 718 751 777 862 864 906 
27 39 61 71 266 274 317 319 339 364 372 386 442 446 463 479 534 616 649 653 660 697 706 761 776 845 891 937 
10 0 79 90 137 309 525 712 726 819 981 
18 10 58 105 109 233 282 285 311 360 445 483 508 611 702 780 821 883 997 
18 0 2 7 94 269 357 402 428 434 567 591 648 682 822 862 930 962 996 
20 112 226 239 241 244 308 321 333 342 347 437 467 554 598 653 679 707 737 765 781 
18 16 29 67 246 292 384 437 454 461 535 580 672 731 775 844 865 932 996 
21 42 48 68 101 114 143 203 243 343 460 507 517 549 597 601 624 682 689 754 910 958 
22 34 78 105 147 217 252 340 403 435 451 655 706 720 750 840 852 876 910 929 933 959 968 
24 87 103 160 192 307 361 374 393 421 489 502 535 549 593 596 615 618 743 872 888 911 927 969 988 
18 61 245 299 368 383 462 467 474 551 620 719 747 784 817 932 960 967 975 
25 28 42 50 272 284 316 329 394 421 450 469 505 535 551 640 699 734 741 780 789 873 892 895 953 981 
18 5 16 54 85 134 194 223 249 345 444 466 579 597 632 661 677 685 882 
13 116 175 244 273 325 573 580 683 695 739 769 807 949 
21 5 104 126 207 220 223 286 332 464 505 544 578 695 723 726 813 845 862 908 958 961 
20 21 25 84 86 113 177 185 206 304 312 443 512 649 796 863 948 954 955 989 996 
17 100 143 166 211 243 317 331 358 508 551 560 673 708 724 748 925 929 
25 43 73 81 113 210 217 285 348 407 458 476 567 570 722 763 771 856 871 880 920 930 940 944 969 997 
24 46 128 131 335 353 375 410 426 448 505 559 578 680 682 686 698 708 826 856 869 892 927 932 935 
19 31 43 143 169 171 228 375 403 512 530 628 673 771 839 845 895 924 986 992 
21 86 121 184 194 305 404 443 481 546 568 590 613 668 675 691 698 763 771 807 815 931 
18 9 114 165 195 198 368 530 577 635 649 671 696 703 784 803 816 894 955 
12 1 67 116 148 220 288 433 580 717 765 814 870 
21 87 88 129 143 153 209 235 300 336 343 358 402 489 581 654 670 683 700 913 993 994 
19 24 38 47 108 155 219 368 403 531 592 616 687 697 831 849 923 936 955 992 
19 43 127 208 318 322 418 486 702 735 754 755 763 841 847 883 920 940 973 974 
17 3 32 57 137 267 271 293 415 427 461 500 617 672 810 968 971 995 
12 119 172 289 323 376 517 543 861 932 938 952 977 
22 31 34 101 111 122 153 261 346 452 478 490 521 541 571 610 628 662 674 772 847 908 976 
15 17 166 179 180 345 379 394 444 527 570 647 694 789 961 968 
15 57 93 115 225 376 458 608 610 629 675 682 710 824 827 919 
22 52 57 91 118 122 160 280 294 335 474 478 491 554 588 589 733 751 808 878 970 976 993 
17 49 81 100 104 209 243 278 343 395 583 609 619 725 780 871 889 941 
21 17 37 154 163 174 193 227 261 285 309 505 530 727 746 773 820 852 893 929 939 957 
16 113 125 147 154 171 217 280 331 354 359 406 500 513 561 619 690 
18 68 168 220 294 305 310 313 318 336 359 512 513 656 745 758 797 826 861 
23 69 124 164 184 195 221 242 245 265 277 349 367 424 453 543 590 592 718 786 861 912 923 999 
15 58 177 243 256 297 450 564 593 719 734 739 909 912 931 945 
18 10 101 124 135 190 209 216 342 413 416 524 610 644 659 749 766 842 893 
22 22 51 129 152 158 166 191 260 325 344 361 398 482 515 525 563 629 650 693 875 888 978 
19 50 116 138 320 359 450 502 583 646 667 740 771 773 853 856 867 898 946 978 
20 34 83 87 134 163 422 451 478 521 524 640 674 720 739 779 854 865 921 931 995 
14 6 23 50 94 201 247 326 433 546 606 799 896 976 979 
22 10 67 107 124 193 257 261 330 363 405 475 557 573 688 693 732 910 919 971 977 985 993 
20 66 68 100 115 125 204 278 287 305 306 492 504 528 539 585 653 684 718 747 829 
17 12 51 71 221 338 417 427 528 615 668 750 829 855 868 874 909 923 
15 37 64 133 136 170 419 460 466 537 583 592 807 864 865 875 
22 18 63 66 68 84 121 133 187 264 276 277 309 365 375 419 569 575 605 657 683 832 996 
27 46 69 106 143 208 377 388 454 502 649 652 658 718 742 775 818 838 869 875 880 886 909 920 944 946 949 979 
22 18 37 38 82 90 122 132 178 191 221 274 280 286 441 469 539 578 606 677 887 951 975 
16 44 50 109 263 266 291 350 396 452 528 594 608 634 767 885 892 
21 9 101 152 177 178 192 342 350 401 434 481 503 546 553 577 605 618 630 711 794 885 
23 62 81 143 236 323 352 415 426 440 467 516 585 664 672 674 798 810 897 900 944 951 971 972 
19 30 152 168 175 273 345 477 499 633 653 714 721 789 849 875 879 895 899 948 
22 57 59 168 186 230 239 260 295 329 351 443 482 559 592 600 674 683 784 815 830 836 890 
20 41 52 132 157 176 310 435 447 500 557 559 584 628 664 665 709 756 806 852 911 
21 65 78 247 290 307 320 349 416 423 472 532 576 587 682 715 764 794 823 836 924 949 
20 3 17 200 300 366 503 529 578 755 828 863 883 898 901 912 916 945 960 979 982 
18 4 26 70 135 144 257 292 303 309 316 318 416 422 566 676 774 925 970 
23 24 77 122 193 212 284 294 305 311 378 394 404 408 418 474 494 560 592 660 867 921 941 972 
14 19 57 169 191 211 217 244 359 361 460 501 509 755 804 
11 60 150 287 352 557 572 621 682 820 847 888 
14 43 47 135 149 187 250 295 350 564 608 728 881 911 948 
23 2 82 106 155 181 235 286 419 544 552 582 599 633 672 673 687 732 744 764 785 848 922 953 
17 14 105 245 317 337 351 389 433 545 573 581 595 683 742 821 843 925 
19 21 171 222 291 384 443 482 533 578 579 621 631 684 742 763 805 858 946 948 
23 100 137 263 344 365 404 453 464 488 493 520 527 569 646 666 692 752 779 782 809 825 852 997 
23 24 79 125 126 172 193 378 399 420 438 468 517 529 544 569 668 762 792 798 901 960 968 975 
16 7 140 254 342 351 377 555 605 704 709 738 780 903 913 919 926 
24 155 162 185 189 214 228 242 292 301 319 332 369 385 479 571 603 604 644 652 705 759 785 884 983 
17 91 179 218 285 377 384 454 490 515 579 581 799 835 915 924 930 936 
25 19 52 71 105 119 196 199 219 367 422 504 516 550 567 602 640 701 732 736 827 840 878 887 957 997 
20 56 78 156 220 235 321 336 416 460 605 650 686 714 739 762 809 857 942 953 995 
17 70 224 233 237 277 318 345 452 510 548 563 577 672 691 762 772 983 
17 25 82 122 136 152 385 444 534 584 593 640 678 754 764 788 865 960 
13 5 33 58 86 258 259 274 278 283 337 436 572 837 
20 60 92 189 283 310 336 355 384 416 478 481 547 569 636 806 863 886 918 924 967 
23 1 9 35 94 111 122 155 162 184 288 322 395 398 425 494 536 557 602 787 816 903 905 956 
10 130 167 188 340 361 363 373 377 715 983 
23 64 104 204 208 219 248 250 296 316 465 500 612 705 758 762 805 809 811 815 872 882 929 947 
16 22 84 88 187 212 242 395 501 572 664 665 671 765 781 875 974 
22 8 34 59 71 100 145 263 268 342 386 401 475 484 548 634 800 873 897 929 935 954 988 
24 36 38 79 85 95 106 138 167 229 337 435 491 494 513 587 616 619 672 676 685 708 788 808 998 
27 61 117 142 176 192 359 360 364 417 418 461 498 514 534 568 631 632 664 678 685 691 692 734 783 902 919 987 
21 43 116 157 260 286 302 419 523 534 547 562 623 633 665 674 735 787 799 851 861 895 
24 18 36 147 163 172 221 226 246 315 322 324 382 387 550 622 671 680 729 736 750 771 801 892 954 
17 4 238 249 316 348 356 365 378 528 540 587 614 826 841 877 935 947 
11 59 118 140 153 164 506 805 910 912 934 980 
29 0 20 32 45 121 181 191 256 264 300 387 389 401 402 436 480 503 553 563 586 615 671 718 793 832 834 868 970 990 
24 0 17 77 121 152 161 168 201 212 366 411 438 484 513 558 703 714 724 736 822 887 920 956 961 
18 35 43 44 85 92 106 180 183 223 259 364 482 504 536 591 780 834 984 
18 22 95 173 291 300 319 360 387 429 554 560 596 651 713 746 856 858 981 
18 1 2 18 70 115 124 191 279 293 314 405 545 636 707 789 876 902 992 
19 16 42 65 76 128 138 196 314 397 418 454 527 564 710 767 861 884 908 969 
16 12 53 73 136 174 204 213 316 358 518 588 627 696 700 883 937 
16 48 123 130 199 249 261 347 478 529 601 640 679 711 756 782 973 
22 19 60 74 117 158 338 359 403 483 564 577 626 649 722 736 787 796 802 854 877 933 993 
23 75 80 89 113 183 213 217 296 361 394 398 407 419 480 494 502 534 558 565 579 727 914 993 
22 16 57 120 139 192 209 218 226 279 324 396 582 589 606 652 663 713 815 835 946 992 995 
20 7 63 153 157 169 248 326 479 581 597 609 617 631 659 666 671 854 916 987 994 
14 293 317 475 525 603 606 669 676 768 805 806 932 944 984 
22 26 35 93 123 150 259 319 403 413 482 544 617 634 702 707 737 757 772 774 836 893 977 
