200 1000
145 300
51 337
322 700
89 260
79 484
3 31
4 63
294 295
48 85
472 505
63 70
135 649
376 382
60 115
905 917
94 373
2 25
77 421
480 564
366 664
207 851
282 508
116 296
250 267
66 119
809 908
0 67
231 732
315 733
344 754
166 308
167 362
258 282
818 869
167 458
214 308
23 67
687 709
26 269
313 716
232 420
559 932
184 225
458 685
314 784
18 153
534 641
79 122
388 524
363 425
266 606
58 470
7 24
561 863
37 44
356 427
304 460
692 971
137 174
180 263
168 829
287 292
605 679
450 574
126 262
813 818
114 217
432 487
26 276
211 905
228 982
150 262
91 492
99 847
365 882
336 364
53 162
283 804
612 706
35 82
64 699
69 133
93 108
627 744
36 382
157 964
330 371
258 308
377 854
208 382
41 671
159 524
417 681
288 472
168 624
652 686
41 435
423 610
531 877
43 263
219 675
761 808
312 348
87 467
203 468
127 626
411 498
69 83
49 82
589 993
418 497
18 298
88 143
87 204
108 122
262 334
70 418
222 238
14 156
404 660
37 557
102 737
3 489
268 278
0 5
262 835
44 54
35 428
16 55
501 845
499 592
92 125
770 806
195 231
47 966
117 229
436 627
94 255
662 795
18 138
450 746
21 460
57 643
363 707
204 376
69 715
63 358
299 603
525 778
362 439
5 118
30 668
655 672
177 653
39 153
86 403
65 295
244 318
42 831
864 961
72 407
203 301
466 983
48 98
78 168
445 632
492 500
32 91
107 337
42 51
111 148
1 1
533 718
100 115
28 33
110 395
297 429
124 413
282 292
77 483
175 630
1 120
139 409
61 198
100 982
162 892
619 878
433 782
428 529
170 184
50 486
89 849
857 970
655 933
9 103
106 656
517 977
310 393
338 345
111 333
710 781
645 994
427 500
24 477
166 955
349 536
612 800
190 310
243 833
612 710
128 147
311 601
11 146
296 343
292 966
523 910
165 768
140 328
250 768
174 219
1 740
155 286
238 344
41 154
115 312
71 130
301 703
35 660
195 257
24 836
277 288
41 51
49 232
101 436
84 99
270 646
301 352
114 216
273 846
405 523
59 111
0 827
162 366
123 926
552 598
36 145
66 258
228 410
517 621
305 654
160 227
422 640
88 269
157 163
65 320
10 939
319 531
18 43
174 294
111 321
573 993
287 798
33 138
179 209
60 273
345 545
298 448
36 999
13 100
167 878
130 171
302 881
299 386
61 998
64 210
10 24
215 691
588 955
27 124
465 891
23 81
122 193
24 37
5 12
867 892
66 164
20 252
241 970
205 662
681 743
328 387
71 935
160 342
122 327
583 979
43 565
647 660
53 109
144 607
221 307
135 136
546 774
34 687
48 72
399 594
208 804
62 94
195 572
606 726
348 355
54 298
387 826
61 554
91 144
144 167
26 66
713 999
41 167
230 319
96 640
479 928
519 775
670 844
191 856
31 124
586 821
92 442
597 905
196 214
1 626
121 887
150 505
125 131
225 544
20 24
159 664
537 655
46 170
82 136
173 829
417 935
17 698
397 700
21 308
56 112
79 361
58 92
246 336
403 944
65 217
100 685
42 325
119 174
168 190
643 761
325 402
98 731
364 448
917 962
25 264
192 628
742 760
154 894
72 241
281 420
31 638
443 528
331 535
23 31
175 186
148 329
185 381
340 966
110 558
256 359
243 615
408 746
11 23
891 904
234 652
28 50
468 605
242 727
267 392
124 581
158 266
60 889
38 226
11 82
104 428
72 230
34 343
2 46
83 210
168 338
137 569
171 501
239 390
21 187
533 882
146 329
587 845
95 481
172 783
209 404
19 527
664 946
341 524
403 797
505 780
737 950
426 489
443 643
61 329
33 51
154 738
1 185
410 549
748 783
38 587
275 351
123 317
759 861
607 869
475 580
415 630
151 671
161 686
126 191
31 967
167 885
279 984
81 331
76 372
358 704
218 920
311 842
38 798
123 160
438 784
103 524
134 442
157 450
175 798
453 627
0 0
45 306
663 803
755 914
27 51
419 549
234 394
561 714
166 914
125 414
175 548
208 879
52 70
355 427
106 160
68 139
76 148
6 878
99 461
11 181
11 599
125 188
2 26
551 885
365 630
591 964
371 467
570 725
363 689
401 887
86 778
38 665
146 768
0 32
74 115
367 449
55 82
18 57
180 205
40 80
623 881
709 793
171 516
150 267
302 305
31 530
67 454
1 2
58 382
457 836
25 43
246 313
369 945
91 188
73 897
82 221
211 516
846 917
196 288
173 227
312 321
117 142
293 680
409 638
8 214
187 297
135 166
90 207
795 855
58 83
2 345
604 931
171 855
318 758
655 698
267 971
111 751
227 901
413 1000
235 272
308 973
23 176
56 967
415 797
138 254
207 646
28 112
185 458
216 622
12 547
156 644
352 407
384 786
524 877
350 578
279 374
31 363
4 210
64 259
476 951
87 229
250 858
12 31
155 338
402 761
88 599
326 611
470 550
3 5
263 409
59 268
624 684
290 373
116 176
583 888
245 533
854 978
369 370
432 714
3 24
104 233
348 865
363 832
503 902
136 926
20 685
17 413
388 622
379 515
367 872
20 323
68 213
364 608
357 893
253 288
20 677
336 623
29 32
212 907
11 36
56 83
210 773
40 106
677 823
98 216
581 881
181 468
363 907
124 182
68 159
771 825
706 871
7 71
10 273
220 711
383 428
95 114
281 738
68 265
95 183
201 289
125 136
414 659
222 709
626 775
49 939
77 297
159 527
625 819
73 99
505 977
745 868
154 285
82 407
31 137
411 593
84 723
5 244
581 712
205 468
70 450
34 671
58 59
123 202
504 958
391 449
162 181
230 804
495 756
210 336
77 756
42 42
560 731
259 563
551 672
146 279
0 3
318 628
27 94
813 864
91 624
9 359
87 306
23 62
127 377
286 917
314 474
171 701
109 125
26 143
914 916
359 375
278 414
11 238
231 897
99 541
101 863
516 926
448 731
10 92
97 588
695 845
661 762
8 91
191 199
56 155
427 451
53 53
295 953
11 184
270 410
4 8
540 582
230 640
221 946
1 18
74 116
201 407
175 644
188 893
274 513
379 395
12 25
40 70
334 527
588 800
87 324
72 142
150 248
78 395
150 434
17 51
75 116
251 905
142 418
424 827
568 989
162 221
156 336
252 433
420 835
326 511
68 223
64 125
118 172
214 555
348 976
41 403
125 325
180 936
352 442
462 893
252 258
297 803
61 314
33 621
57 344
383 507
151 844
138 310
23 64
16 55
42 77
638 803
210 961
112 464
329 539
27 349
115 870
621 950
227 267
86 279
35 684
53 281
138 521
319 737
28 249
71 107
289 844
82 663
343 637
721 920
601 993
62 686
113 166
382 485
120 441
138 346
39 77
672 897
457 800
404 629
192 232
243 590
119 177
212 302
469 976
141 428
505 769
153 287
157 199
247 444
67 133
369 710
678 948
16 895
96 197
6 20
631 914
300 550
42 723
214 261
262 490
91 123
237 612
546 611
65 916
240 282
118 158
112 131
343 360
578 713
154 391
383 967
234 392
188 691
38 796
139 407
270 884
186 612
734 908
523 706
135 284
48 99
24 158
433 599
111 495
154 194
285 302
45 830
18 283
95 189
374 759
538 850
570 613
104 241
570 759
187 670
333 696
86 396
387 853
434 723
490 928
611 793
634 922
606 727
266 704
36 119
4 40
474 588
811 883
759 818
929 954
801 823
490 651
23 82
381 685
11 14
439 594
485 807
532 711
96 111
20 23
482 594
97 443
145 199
181 474
544 571
506 719
39 571
144 490
69 136
28 33
246 486
6 12
20 201
69 293
7 779
36 155
222 453
167 790
237 450
396 826
258 380
400 786
576 760
226 579
315 328
481 768
75 486
20 74
27 929
208 239
4 22
602 669
754 855
822 916
242 261
1 795
34 66
25 650
224 871
408 776
22 75
123 193
142 190
239 517
2 4
429 772
168 876
153 834
296 586
551 986
35 55
71 216
49 68
315 700
257 374
207 750
140 551
112 430
314 330
132 832
248 867
270 316
235 467
240 440
102 685
63 543
378 585
297 590
329 385
275 432
342 690
357 394
2 11
99 137
718 723
1 35
88 283
340 518
294 495
36 137
233 247
8 372
50 497
167 401
339 913
552 621
155 285
713 810
567 891
130 737
209 219
608 739
50 294
102 466
97 227
307 684
16 179
3 24
19 992
618 838
67 240
527 566
375 836
37 226
170 470
408 862
21 615
232 885
69 315
319 456
141 193
208 383
475 538
252 289
203 265
164 685
6 55
185 471
150 382
203 257
419 543
166 484
15 26
67 585
112 450
413 447
168 281
148 277
330 855
218 507
54 292
381 909
204 210
400 705
541 718
20 28
111 342
31 509
57 336
214 667
255 585
5 83
69 388
737 933
105 233
355 611
611 711
508 629
60 333
123 560
172 458
455 492
177 729
433 787
14 27
158 327
741 806
777 785
148 399
471 723
187 366
114 305
18 17 112 163 269 308 319 380 403 409 432 451 490 586 638 843 854 934 969 
21 9 16 58 183 237 253 354 418 422 443 447 611 624 676 684 687 706 756 843 947 950 
16 219 272 283 293 345 433 445 510 586 718 745 752 787 922 956 974 
16 16 27 164 217 316 339 404 406 446 462 541 661 747 919 965 986 
17 16 69 103 123 162 202 288 362 380 602 633 656 800 861 885 949 992 
18 176 177 205 209 233 253 339 343 369 379 405 411 701 703 744 766 909 913 
22 17 21 145 219 222 237 238 308 428 476 534 556 580 642 681 795 798 800 865 879 907 981 
31 28 32 67 111 186 244 284 342 366 390 407 417 443 534 568 574 630 631 661 704 746 769 772 774 802 855 863 909 950 975 996 
16 20 126 184 293 346 439 472 503 519 526 589 602 762 883 894 938 
22 102 173 289 342 349 396 455 487 522 535 664 765 774 846 851 870 873 876 958 986 995 999 
15 33 53 68 102 265 483 534 567 612 620 629 651 688 773 868 
26 18 90 154 162 206 274 328 347 428 434 437 487 504 559 561 607 718 733 760 787 803 827 866 870 931 974 
22 127 162 201 205 233 290 308 318 324 402 404 481 654 655 684 706 730 842 893 937 951 991 
15 47 172 182 190 279 460 567 576 604 630 790 811 817 835 962 
22 11 112 124 139 297 320 353 378 433 454 515 539 562 603 615 666 790 818 851 853 866 928 
19 58 64 144 246 258 259 297 306 338 358 415 436 478 526 625 802 908 970 982 
18 28 29 122 344 346 426 466 526 538 543 559 560 617 686 840 862 904 950 
25 61 76 102 141 234 305 306 382 392 487 515 531 537 567 601 652 658 666 688 693 700 701 884 885 942 
22 29 63 90 154 212 217 225 255 373 443 501 562 715 801 810 823 824 918 935 963 969 992 
24 60 103 114 202 298 343 370 388 391 423 433 434 447 475 567 618 645 658 675 700 751 856 863 983 
22 72 135 156 198 233 271 418 440 507 525 529 531 544 604 657 714 730 822 839 843 880 955 
13 40 226 252 296 394 443 453 460 527 562 648 825 982 
19 20 21 60 67 90 154 237 298 367 448 461 531 636 662 680 805 860 886 929 
24 30 75 206 210 234 243 244 299 441 485 512 514 589 593 622 664 673 775 785 813 871 877 889 897 
12 46 107 191 303 354 445 470 561 643 687 692 742 
19 22 45 62 92 93 272 278 287 362 363 378 415 526 558 628 817 852 854 981 
19 144 178 250 448 506 512 523 579 628 674 752 768 771 805 806 834 853 885 977 
17 6 11 46 67 100 183 272 417 635 648 725 753 803 879 899 904 967 
14 208 251 305 321 577 618 639 645 723 904 914 955 975 989 
17 19 33 74 100 149 171 209 235 345 417 548 557 570 594 831 839 859 
18 5 10 219 319 371 385 390 392 509 518 530 585 615 641 648 793 859 903 
20 39 66 78 85 97 107 144 200 343 358 379 421 476 496 591 630 649 722 898 899 
17 160 333 371 430 433 543 582 635 684 694 729 818 864 890 892 994 995 
20 167 187 199 338 346 369 420 440 462 485 498 507 528 557 594 643 686 721 812 828 
28 28 49 88 100 137 182 191 240 244 288 302 362 479 515 529 561 685 695 732 759 805 823 825 840 907 920 959 996 
16 18 101 123 253 308 353 377 434 468 486 582 604 648 650 685 948 
18 42 117 130 146 208 240 284 376 433 518 536 632 688 752 887 922 930 946 
17 69 131 161 222 230 355 360 416 484 488 496 571 682 774 862 892 950 
26 14 28 42 110 155 162 171 223 259 262 334 336 501 656 682 699 700 718 731 751 761 805 846 938 939 997 
20 19 49 70 104 107 153 159 327 366 447 483 489 497 594 598 777 781 834 861 966 
20 25 107 111 163 165 220 221 249 297 422 453 460 491 519 568 589 607 683 715 931 
17 135 215 236 241 348 358 377 401 504 659 706 712 842 848 894 936 939 
21 81 135 145 146 147 210 306 326 376 390 459 480 537 648 743 755 777 778 791 929 945 
22 30 54 57 77 100 142 173 214 235 291 391 434 525 538 544 575 673 742 835 839 896 957 
22 29 31 42 91 102 112 118 152 165 360 456 536 537 547 659 665 734 768 793 797 877 976 
24 18 104 174 195 261 264 291 310 380 385 437 471 480 520 543 595 630 638 700 709 725 751 888 951 
23 1 47 72 99 127 145 158 211 263 406 627 628 676 690 745 762 822 842 850 884 933 952 964 
20 2 132 252 277 285 420 433 477 577 618 648 679 716 731 788 817 930 976 981 985 
16 23 58 91 96 270 279 284 361 433 461 484 497 629 724 799 919 
24 75 184 218 245 317 358 360 368 444 450 537 538 663 671 682 701 720 733 775 864 972 974 990 995 
24 27 28 92 176 218 271 276 281 292 321 344 446 449 533 547 621 650 696 759 796 835 855 906 915 
20 17 20 164 203 370 401 522 561 601 677 704 720 731 781 782 790 839 861 905 967 
23 58 143 146 178 199 232 262 342 344 391 461 478 637 640 660 689 719 753 797 839 841 915 968 
20 29 102 173 287 291 395 408 420 431 460 563 623 625 801 834 836 857 907 974 993 
26 53 94 97 197 220 268 283 306 312 316 410 519 521 533 538 553 565 616 629 669 671 738 851 958 965 985 
27 8 69 75 83 129 251 297 330 359 381 439 465 486 514 626 629 651 655 689 706 753 773 812 857 913 936 945 
27 17 31 44 151 165 208 249 296 311 375 470 495 532 601 662 692 728 740 745 826 864 866 884 886 934 984 994 
19 0 46 151 175 194 200 224 243 311 331 405 439 497 588 657 781 859 947 969 
20 62 106 125 156 165 208 227 298 317 328 558 566 641 672 733 758 791 866 949 992 
28 242 261 286 328 330 343 375 409 500 555 575 579 611 615 651 687 731 733 737 748 769 823 853 855 865 917 963 981 
14 19 238 293 318 327 429 485 495 551 578 630 917 959 971 
23 33 59 71 82 192 210 236 246 348 376 400 404 424 495 542 632 657 735 816 898 900 950 982 
11 361 375 424 473 517 540 650 760 790 816 834 
21 36 59 61 125 126 143 148 164 213 234 251 451 544 545 675 707 801 824 862 921 967 
19 13 62 70 83 123 173 202 238 242 256 425 426 558 568 654 776 778 846 851 
22 49 51 81 90 156 218 225 271 298 347 364 369 438 673 738 770 797 819 837 922 946 998 
19 65 83 123 162 222 249 297 318 388 400 420 451 583 584 603 656 667 748 926 
26 4 65 102 121 167 183 255 267 367 424 451 455 543 603 619 631 655 721 738 834 874 945 957 970 982 999 
20 62 370 376 386 457 525 550 574 656 686 737 757 824 867 892 907 921 943 975 980 
21 3 72 86 89 231 262 365 402 415 436 463 469 474 601 655 837 863 866 883 944 970 
25 30 162 283 299 320 346 362 455 462 465 552 605 660 678 706 710 732 786 791 804 825 851 875 896 994 
21 13 29 59 81 114 217 245 254 301 423 457 525 545 649 746 757 764 884 922 977 998 
26 45 48 121 171 252 342 349 357 399 402 410 415 417 456 463 501 520 525 530 548 595 772 798 822 860 907 
20 44 48 211 291 301 306 355 358 412 435 495 547 628 742 753 763 800 840 868 976 
20 16 30 234 251 305 416 452 479 481 502 572 640 694 796 862 899 902 911 920 994 
19 76 112 166 233 260 273 275 337 425 516 526 527 560 590 629 650 656 766 841 
21 96 101 128 135 254 298 323 327 344 379 384 423 552 637 667 689 708 796 839 869 984 
29 0 32 108 171 172 209 234 250 375 394 404 476 532 548 549 553 591 593 642 670 731 745 754 795 823 842 864 916 967 
18 159 219 250 341 395 396 403 540 651 672 690 742 852 900 910 923 926 978 
20 111 203 235 239 290 312 381 389 419 425 434 452 488 571 743 750 908 934 959 975 
18 63 77 84 152 221 329 363 386 450 535 574 609 615 643 767 785 885 992 
19 44 64 102 197 225 249 380 397 414 501 567 652 657 677 723 788 792 907 985 
27 15 57 69 105 108 121 186 218 259 264 312 322 456 479 512 557 590 591 655 828 830 855 876 886 926 947 971 
19 42 136 162 202 233 317 325 415 436 539 549 595 658 690 851 867 893 894 908 
15 66 93 227 260 405 516 570 589 628 838 883 901 919 925 972 
14 255 262 273 376 435 642 675 707 734 773 819 914 933 994 
25 23 32 75 103 200 334 344 401 421 453 464 480 506 513 514 543 590 600 661 666 792 957 964 967 974 
23 1 3 146 148 186 199 214 323 356 363 409 411 450 496 545 590 599 637 764 844 866 867 952 
9 57 162 174 305 339 401 430 688 783 
22 4 20 76 179 185 228 236 271 402 438 443 480 483 485 514 546 602 638 701 808 844 895 
20 76 103 136 229 234 296 307 397 415 423 436 464 622 659 702 783 805 851 914 921 
25 72 91 137 139 149 260 307 341 352 406 446 463 471 623 635 658 711 841 872 894 920 944 945 968 993 
23 31 98 115 218 307 324 365 372 450 468 511 513 546 616 634 665 684 703 716 747 829 870 956 
22 82 101 148 159 203 224 231 234 262 313 360 385 408 421 536 577 681 776 783 833 881 992 
25 11 18 40 45 188 296 313 363 427 435 474 511 552 581 615 617 620 632 641 719 732 750 772 784 956 
19 68 136 153 175 224 242 299 342 362 412 527 580 750 773 824 830 844 869 923 
25 6 28 45 127 185 188 292 320 362 364 420 452 462 479 503 550 607 655 735 780 782 838 845 858 875 
19 44 101 119 201 205 275 296 301 375 445 449 499 500 565 667 671 714 853 878 
20 55 131 141 166 289 292 316 332 526 596 604 668 671 691 718 751 777 862 864 906 
27 39 61 71 266 274 317 319 339 364 372 386 442 446 463 479 534 616 649 653 660 697 706 761 776 845 891 937 
10 0 79 90 137 309 525 712 726 819 981 
18 10 58 105 109 233 282 285 311 360 445 483 508 611 702 780 821 883 997 
18 0 2 7 94 269 357 402 428 434 567 591 648 682 822 862 930 962 996 
20 112 226 239 241 244 308 321 333 342 347 437 467 554 598 653 679 707 737 765 781 
18 16 29 67 246 292 384 437 454 461 535 580 672 731 775 844 865 932 996 
21 42 48 68 101 114 143 203 243 343 460 507 517 549 597 601 624 682 689 754 910 958 
22 34 78 105 147 217 252 340 403 435 451 655 706 720 750 840 852 876 910 929 933 959 968 
24 87 103 160 192 307 361 374 393 421 489 502 535 549 593 596 615 618 743 872 888 911 927 969 988 
18 61 245 299 368 383 462 467 474 551 620 719 747 784 817 932 960 967 975 
25 28 42 50 272 284 316 329 394 421 450 469 505 535 551 640 699 734 741 780 789 873 892 895 953 981 
18 5 16 54 85 134 194 223 249 345 444 466 579 597 632 661 677 685 882 
13 116 175 244 273 325 573 580 683 695 739 769 807 949 
21 5 104 126 207 220 223 286 332 464 505 544 578 695 723 726 813 845 862 908 958 961 
20 21 25 84 86 113 177 185 206 304 312 443 512 649 796 863 948 954 955 989 996 
17 100 143 166 211 243 317 331 358 508 551 560 673 708 724 748 925 929 
25 43 73 81 113 210 217 285 348 407 458 476 567 570 722 763 771 856 871 880 920 930 940 944 969 997 
24 46 128 131 335 353 375 410 426 448 505 559 578 680 682 686 698 708 826 856 869 892 927 932 935 
19 31 43 143 169 171 228 375 403 512 530 628 673 771 839 845 895 924 986 992 
21 86 121 184 194 305 404 443 481 546 568 590 613 668 675 691 698 763 771 807 815 931 
18 9 114 165 195 198 368 530 577 635 649 671 696 703 784 803 816 894 955 
12 1 67 116 148 220 288 433 580 717 765 814 870 
21 87 88 129 143 153 209 235 300 336 343 358 402 489 581 654 670 683 700 913 993 994 
19 24 38 47 108 155 219 368 403 531 592 616 687 697 831 849 923 936 955 992 
19 43 127 208 318 322 418 486 702 735 754 755 763 841 847 883 920 940 973 974 
17 3 32 57 137 267 271 293 415 427 461 500 617 672 810 968 971 995 
12 119 172 289 323 376 517 543 861 932 938 952 977 
22 31 34 101 111 122 153 261 346 452 478 490 521 541 571 610 628 662 674 772 847 908 976 
15 17 166 179 180 345 379 394 444 527 570 647 694 789 961 968 
15 57 93 115 225 376 458 608 610 629 675 682 710 824 827 919 
22 52 57 91 118 122 160 280 294 335 474 478 491 554 588 589 733 751 808 878 970 976 993 
17 49 81 100 104 209 243 278 343 395 583 609 619 725 780 871 889 941 
21 17 37 154 163 174 193 227 261 285 309 505 530 727 746 773 820 852 893 929 939 957 
16 113 125 147 154 171 217 280 331 354 359 406 500 513 561 619 690 
18 68 168 220 294 305 310 313 318 336 359 512 513 656 745 758 797 826 861 
23 69 124 164 184 195 221 242 245 265 277 349 367 424 453 543 590 592 718 786 861 912 923 999 
15 58 177 243 256 297 450 564 593 719 734 739 909 912 931 945 
18 10 101 124 135 190 209 216 342 413 416 524 610 644 659 749 766 842 893 
22 22 51 129 152 158 166 191 260 325 344 361 398 482 515 525 563 629 650 693 875 888 978 
19 50 116 138 320 359 450 502 583 646 667 740 771 773 853 856 867 898 946 978 
20 34 83 87 134 163 422 451 478 521 524 640 674 720 739 779 854 865 921 931 995 
14 6 23 50 94 201 247 326 433 546 606 799 896 976 979 
22 10 67 107 124 193 257 261 330 363 405 475 557 573 688 693 732 910 919 971 977 985 993 
20 66 68 100 115 125 204 278 287 305 306 492 504 528 539 585 653 684 718 747 829 
17 12 51 71 221 338 417 427 528 615 668 750 829 855 868 874 909 923 
15 37 64 133 136 170 419 460 466 537 583 592 807 864 865 875 
22 18 63 66 68 84 121 133 187 264 276 277 309 365 375 419 569 575 605 657 683 832 996 
27 46 69 106 143 208 377 388 454 502 649 652 658 718 742 775 818 838 869 875 880 886 909 920 944 946 949 979 
22 18 37 38 82 90 122 132 178 191 221 274 280 286 441 469 539 578 606 677 887 951 975 
16 44 50 109 263 266 291 350 396 452 528 594 608 634 767 885 892 
21 9 101 152 177 178 192 342 350 401 434 481 503 546 553 577 605 618 630 711 794 885 
23 62 81 143 236 323 352 415 426 440 467 516 585 664 672 674 798 810 897 900 944 951 971 972 
19 30 152 168 175 273 345 477 499 633 653 714 721 789 849 875 879 895 899 948 
22 57 59 168 186 230 239 260 295 329 351 443 482 559 592 600 674 683 784 815 830 836 890 
20 41 52 132 157 176 310 435 447 500 557 559 584 628 664 665 709 756 806 852 911 
21 65 78 247 290 307 320 349 416 423 472 532 576 587 682 715 764 794 823 836 924 949 
20 3 17 200 300 366 503 529 578 755 828 863 883 898 901 912 916 945 960 979 982 
18 4 26 70 135 144 257 292 303 309 316 318 416 422 566 676 774 925 970 
23 24 77 122 193 212 284 294 305 311 378 394 404 408 418 474 494 560 592 660 867 921 941 972 
14 19 57 169 191 211 217 244 359 361 460 501 509 755 804 
11 60 150 287 352 557 572 621 682 820 847 888 
14 43 47 135 149 187 250 295 350 564 608 728 881 911 948 
23 2 82 106 155 181 235 286 419 544 552 582 599 633 672 673 687 732 744 764 785 848 922 953 
17 14 105 245 317 337 351 389 433 545 573 581 595 683 742 821 843 925 
19 21 171 222 291 384 443 482 533 578 579 621 631 684 742 763 805 858 946 948 
23 100 137 263 344 365 404 453 464 488 493 520 527 569 646 666 692 752 779 782 809 825 852 997 
23 24 79 125 126 172 193 378 399 420 438 468 517 529 544 569 668 762 792 798 901 960 968 975 
16 7 140 254 342 351 377 555 605 704 709 738 780 903 913 919 926 
24 155 162 185 189 214 228 242 292 301 319 332 369 385 479 571 603 604 644 652 705 759 785 884 983 
17 91 179 218 285 377 384 454 490 515 579 581 799 835 915 924 930 936 
25 19 52 71 105 119 196 199 219 367 422 504 516 550 567 602 640 701 732 736 827 840 878 887 957 997 
20 56 78 156 220 235 321 336 416 460 605 650 686 714 739 762 809 857 942 953 995 
17 70 224 233 237 277 318 345 452 510 548 563 577 672 691 762 772 983 
17 25 82 122 136 152 385 444 534 584 593 640 678 754 764 788 865 960 
13 5 33 58 86 258 259 274 278 283 337 436 572 837 
20 60 92 189 283 310 336 355 384 416 478 481 547 569 636 806 863 886 918 924 967 
23 1 9 35 94 111 122 155 162 184 288 322 395 398 425 494 536 557 602 787 816 903 905 956 
10 130 167 188 340 361 363 373 377 715 983 
23 64 104 204 208 219 248 250 296 316 465 500 612 705 758 762 805 809 811 815 872 882 929 947 
16 22 84 88 187 212 242 395 501 572 664 665 671 765 781 875 974 
22 8 34 59 71 100 145 263 268 342 386 401 475 484 548 634 800 873 897 929 935 954 988 
24 36 38 79 85 95 106 138 167 229 337 435 491 494 513 587 616 619 672 676 685 708 788 808 998 
27 61 117 142 176 192 359 360 364 417 418 461 498 514 534 568 631 632 664 678 685 691 692 734 783 902 919 987 
21 43 116 157 260 286 302 419 523 534 547 562 623 633 665 674 735 787 799 851 861 895 
24 18 36 147 163 172 221 226 246 315 322 324 382 387 550 622 671 680 729 736 750 771 801 892 954 
17 4 238 249 316 348 356 365 378 528 540 587 614 826 841 877 935 947 
11 59 118 140 153 164 506 805 910 912 934 980 
29 0 20 32 45 121 181 191 256 264 300 387 389 401 402 436 480 503 553 563 586 615 671 718 793 832 834 868 970 990 
24 0 17 77 121 152 161 168 201 212 366 411 438 484 513 558 703 714 724 736 822 887 920 956 961 
18 35 43 44 85 92 106 180 183 223 259 364 482 504 536 591 780 834 984 
18 22 95 173 291 300 319 360 387 429 554 560 596 651 713 746 856 858 981 
18 1 2 18 70 115 124 191 279 293 314 405 545 636 707 789 876 902 992 
19 16 42 65 76 128 138 196 314 397 418 454 527 564 710 767 861 884 908 969 
16 12 53 73 136 174 204 213 316 358 518 588 627 696 700 883 937 
16 48 123 130 199 249 261 347 478 529 601 640 679 711 756 782 973 
22 19 60 74 117 158 338 359 403 483 564 577 626 649 722 736 787 796 802 854 877 933 993 
23 75 80 89 113 183 213 217 296 361 394 398 407 419 480 494 502 534 558 565 579 727 914 993 
22 16 57 120 139 192 209 218 226 279 324 396 582 589 606 652 663 713 815 835 946 992 995 
20 7 63 153 157 169 248 326 479 581 597 609 617 631 659 666 671 854 916 987 994 
14 293 317 475 525 603 606 669 676 768 805 806 932 944 984 
22 26 35 93 123 150 259 319 403 413 482 544 617 634 702 707 737 757 772 774 836 893 977 
