200 1000
145 300
51 337
322 700
89 260
79 484
3 31
4 63
294 295
48 85
472 505
63 70
135 649
376 382
60 115
905 917
94 373
2 25
77 421
480 564
366 664
207 851
282 508
116 296
250 267
66 119
809 908
0 67
231 732
315 733
344 754
166 308
167 362
258 282
818 869
167 458
214 308
23 67
687 709
26 269
313 716
232 420
559 932
184 225
458 685
314 784
18 153
534 641
79 122
388 524
363 425
266 606
58 470
7 24
561 863
37 44
356 427
304 460
692 971
137 174
180 263
168 829
287 292
605 679
450 574
126 262
813 818
114 217
432 487
26 276
211 905
228 982
150 262
91 492
99 847
365 882
336 364
53 162
283 804
612 706
35 82
64 699
69 133
93 108
627 744
36 382
157 964
330 371
258 308
377 854
208 382
41 671
159 524
417 681
288 472
168 624
652 686
41 435
423 610
531 877
43 263
219 675
761 808
312 348
87 467
203 468
127 626
411 498
69 83
49 82
589 993
418 497
18 298
88 143
87 204
108 122
262 334
70 418
222 238
14 156
404 660
37 557
102 737
3 489
268 278
0 5
262 835
44 54
35 428
16 55
501 845
499 592
92 125
770 806
195 231
47 966
117 229
436 627
94 255
662 795
18 138
450 746
21 460
57 643
363 707
204 376
69 715
63 358
299 603
525 778
362 439
5 118
30 668
655 672
177 653
39 153
86 403
65 295
244 318
42 831
864 961
72 407
203 301
466 983
48 98
78 168
445 632
492 500
32 91
107 337
42 51
111 148
1 1
533 718
100 115
28 33
110 395
297 429
124 413
282 292
77 483
175 630
1 120
139 409
61 198
100 982
162 892
619 878
433 782
428 529
170 184
50 486
89 849
857 970
655 933
9 103
106 656
517 977
310 393
338 345
111 333
710 781
645 994
427 500
24 477
166 955
349 536
612 800
190 310
243 833
612 710
128 147
311 601
11 146
296 343
292 966
523 910
165 768
140 328
250 768
174 219
1 740
155 286
238 344
41 154
115 312
71 130
301 703
35 660
195 257
24 836
277 288
41 51
49 232
101 436
84 99
270 646
301 352
114 216
273 846
405 523
59 111
0 827
162 366
123 926
552 598
36 145
66 258
228 410
517 621
305 654
160 227
422 640
88 269
157 163
65 320
10 939
319 531
18 43
174 294
111 321
573 993
287 798
33 138
179 209
60 273
345 545
298 448
36 999
13 100
167 878
130 171
302 881
299 386
61 998
64 210
10 24
215 691
588 955
27 124
465 891
23 81
122 193
24 37
5 12
867 892
66 164
20 252
241 970
205 662
681 743
328 387
71 935
160 342
122 327
583 979
43 565
647 660
53 109
144 607
221 307
135 136
546 774
34 687
48 72
399 594
208 804
62 94
195 572
606 726
348 355
54 298
387 826
61 554
91 144
144 167
26 66
713 999
41 167
230 319
96 640
479 928
519 775
670 844
191 856
31 124
586 821
92 442
597 905
196 214
1 626
121 887
150 505
125 131
225 544
20 24
159 664
537 655
46 170
82 136
173 829
417 935
17 698
397 700
21 308
56 112
79 361
58 92
246 336
403 944
65 217
100 685
42 325
119 174
168 190
643 761
325 402
98 731
364 448
917 962
25 264
192 628
742 760
154 894
72 241
281 420
31 638
443 528
331 535
23 31
175 186
148 329
185 381
340 966
110 558
256 359
243 615
408 746
11 23
891 904
234 652
28 50
468 605
242 727
267 392
124 581
158 266
60 889
38 226
11 82
104 428
72 230
34 343
2 46
83 210
168 338
137 569
171 501
239 390
21 187
533 882
146 329
587 845
95 481
172 783
209 404
19 527
664 946
341 524
403 797
505 780
737 950
426 489
443 643
61 329
33 51
154 738
1 185
410 549
748 783
38 587
275 351
123 317
759 861
607 869
475 580
415 630
151 671
161 686
126 191
31 967
167 885
279 984
81 331
76 372
358 704
218 920
311 842
38 798
123 160
438 784
103 524
134 442
157 450
175 798
453 627
0 0
45 306
663 803
755 914
27 51
419 549
234 394
561 714
166 914
125 414
175 548
208 879
52 70
355 427
106 160
68 139
76 148
6 878
99 461
11 181
11 599
125 188
2 26
551 885
365 630
591 964
371 467
570 725
363 689
401 887
86 778
38 665
146 768
0 32
74 115
367 449
55 82
18 57
180 205
40 80
623 881
709 793
171 516
150 267
302 305
31 530
67 454
1 2
58 382
457 836
25 43
246 313
369 945
91 188
73 897
82 221
211 516
846 917
196 288
173 227
312 321
117 142
293 680
409 638
8 214
187 297
135 166
90 207
795 855
58 83
2 345
604 931
171 855
318 758
655 698
267 971
111 751
227 901
413 1000
235 272
308 973
23 176
56 967
415 797
138 254
207 646
28 112
185 458
216 622
12 547
156 644
352 407
384 786
524 877
350 578
279 374
31 363
4 210
64 259
476 951
87 229
250 858
12 31
155 338
402 761
88 599
326 611
470 550
3 5
263 409
59 268
624 684
290 373
116 176
583 888
245 533
854 978
369 370
432 714
3 24
104 233
348 865
363 832
503 902
136 926
20 685
17 413
388 622
379 515
367 872
20 323
68 213
364 608
357 893
253 288
20 677
336 623
29 32
212 907
11 36
56 83
210 773
40 106
677 823
98 216
581 881
181 468
363 907
124 182
68 159
771 825
706 871
7 71
10 273
220 711
383 428
95 114
281 738
68 265
95 183
201 289
125 136
414 659
222 709
626 775
49 939
77 297
159 527
625 819
73 99
505 977
745 868
154 285
82 407
31 137
411 593
84 723
5 244
581 712
205 468
70 450
34 671
58 59
123 202
504 958
391 449
162 181
230 804
495 756
210 336
77 756
42 42
560 731
259 563
551 672
146 279
0 3
318 628
27 94
813 864
91 624
9 359
87 306
23 62
127 377
286 917
314 474
171 701
109 125
26 143
914 916
359 375
278 414
11 238
231 897
99 541
101 863
516 926
448 731
10 92
97 588
695 845
661 762
8 91
191 199
56 155
427 451
53 53
295 953
11 184
270 410
4 8
540 582
230 640
221 946
1 18
74 116
201 407
175 644
188 893
274 513
379 395
12 25
40 70
334 527
588 800
87 324
72 142
150 248
78 395
150 434
17 51
75 116
251 905
142 418
424 827
568 989
162 221
156 336
252 433
420 835
326 511
68 223
64 125
118 172
214 555
348 976
41 403
125 325
180 936
352 442
462 893
252 258
297 803
61 314
33 621
57 344
383 507
151 844
138 310
23 64
16 55
42 77
638 803
210 961
112 464
329 539
27 349
115 870
621 950
227 267
86 279
35 684
53 281
138 521
319 737
28 249
71 107
289 844
82 663
343 637
721 920
601 993
62 686
113 166
382 485
120 441
138 346
39 77
672 897
457 800
404 629
192 232
243 590
119 177
212 302
469 976
141 428
505 769
153 287
157 199
247 444
67 133
369 710
678 948
16 895
96 197
6 20
631 914
300 550
42 723
214 261
262 490
91 123
237 612
546 611
65 916
240 282
118 158
112 131
343 360
578 713
154 391
383 967
234 392
188 691
38 796
139 407
270 884
186 612
734 908
523 706
135 284
48 99
24 158
433 599
111 495
154 194
285 302
45 830
18 283
95 189
374 759
538 850
570 613
104 241
570 759
187 670
333 696
86 396
387 853
434 723
490 928
611 793
634 922
606 727
266 704
36 119
4 40
474 588
811 883
759 818
929 954
801 823
490 651
23 82
381 685
11 14
439 594
485 807
532 711
96 111
20 23
482 594
97 443
145 199
181 474
544 571
506 719
39 571
144 490
69 136
28 33
246 486
6 12
20 201
69 293
7 779
36 155
222 453
167 790
237 450
396 826
258 380
400 786
576 760
226 579
315 328
481 768
75 486
20 74
27 929
208 239
4 22
602 669
754 855
822 916
242 261
1 795
34 66
25 650
224 871
408 776
22 75
123 193
142 190
239 517
2 4
429 772
168 876
153 834
296 586
551 986
35 55
71 216
49 68
315 700
257 374
207 750
140 551
112 430
314 330
132 832
248 867
270 316
235 467
240 440
102 685
63 543
378 585
297 590
329 385
275 432
342 690
357 394
2 11
99 137
718 723
1 35
88 283
340 518
294 495
36 137
233 247
8 372
50 497
167 401
339 913
552 621
155 285
713 810
567 891
130 737
209 219
608 739
50 294
102 466
97 227
307 684
16 179
3 24
19 992
618 838
67 240
527 566
375 836
37 226
170 470
408 862
21 615
232 885
69 315
319 456
141 193
208 383
475 538
252 289
203 265
164 685
6 55
185 471
150 382
203 257
419 543
166 484
15 26
67 585
112 450
413 447
168 281
148 277
330 855
218 507
54 292
381 909
204 210
400 705
541 718
20 28
111 342
31 509
57 336
214 667
255 585
5 83
69 388
737 933
105 233
355 611
611 711
508 629
60 333
123 560
172 458
455 492
177 729
433 787
14 27
158 327
741 806
777 785
148 399
471 723
187 366
114 305
20 20 67 85 155 186 246 360 368 399 411 443 444 598 638 658 698 739 915 934 961 
21 24 139 161 258 275 378 471 500 589 634 658 662 762 796 799 859 861 884 914 936 940 
17 50 96 142 204 235 266 319 322 350 369 451 491 499 682 895 918 958 
19 56 202 248 338 354 369 394 410 433 448 502 557 601 639 831 920 935 981 985 
19 6 50 83 165 196 199 280 345 356 516 674 692 758 778 839 905 923 932 957 
18 4 19 37 65 85 240 243 267 332 529 537 594 624 657 764 848 878 965 
16 82 241 255 356 359 394 445 455 547 680 714 922 926 957 964 992 
16 32 162 204 324 333 450 461 466 483 542 559 574 865 929 935 946 
18 19 102 313 337 347 385 392 418 430 474 539 551 579 596 669 771 925 979 
10 29 78 99 112 238 296 398 497 639 893 
24 30 44 155 330 420 440 454 477 504 529 554 619 640 654 677 684 708 724 777 789 854 877 940 976 
17 21 242 270 323 360 488 568 595 691 704 739 763 779 788 838 914 918 
25 5 35 60 76 87 108 110 133 141 215 327 348 545 546 558 591 614 720 758 799 825 850 859 876 943 
24 18 115 272 288 319 367 369 378 379 381 427 489 495 508 586 629 719 803 805 834 857 867 887 978 
20 19 26 95 105 143 171 213 260 271 413 414 499 501 547 683 785 810 839 962 991 
20 15 17 82 118 142 145 226 361 374 567 646 722 763 770 832 907 952 960 974 990 
23 32 45 84 93 122 233 304 437 455 460 511 534 580 588 619 656 672 751 758 818 956 964 993 
24 11 31 66 223 227 231 242 268 275 295 315 334 335 422 425 484 569 650 686 717 725 753 784 800 
24 49 138 140 141 208 214 315 366 415 449 550 588 597 615 627 714 776 786 795 796 828 910 953 992 
17 50 93 127 154 186 227 267 499 502 508 562 572 594 762 829 842 921 
21 21 35 98 148 194 243 254 265 298 479 517 532 542 556 571 689 697 784 828 921 924 
21 101 203 365 397 502 517 521 551 566 603 654 714 717 798 877 928 936 943 952 953 980 
21 83 84 106 147 153 179 207 305 359 432 435 465 647 656 670 696 732 742 781 828 935 
17 48 51 52 63 106 231 441 472 480 577 620 651 659 869 875 908 964 
26 46 143 197 306 356 357 359 368 382 404 512 517 525 529 543 584 622 655 662 664 673 729 765 827 947 961 
13 47 257 287 323 338 370 429 526 652 669 691 731 940 
19 76 86 154 165 200 257 385 415 416 423 591 633 691 756 757 759 831 995 998 
17 47 123 135 172 179 302 319 549 564 611 612 671 724 755 854 929 952 
18 9 10 77 97 170 295 498 522 559 568 573 660 706 711 729 737 784 952 
22 80 107 132 147 167 193 279 295 346 356 403 421 432 524 555 618 657 666 680 833 876 928 
19 17 148 192 224 239 282 329 365 398 458 461 604 660 669 686 770 830 874 896 
24 90 121 158 215 239 244 245 259 309 333 349 391 450 485 530 594 633 718 731 833 896 909 942 979 
20 179 191 202 205 222 228 260 294 301 311 312 357 516 800 807 819 862 875 891 925 
15 31 225 240 312 365 549 567 594 655 736 808 829 841 881 970 
18 131 160 254 309 409 445 453 516 527 611 618 649 686 787 798 808 881 915 
25 9 25 66 84 94 144 259 311 317 339 340 408 431 467 530 545 558 598 654 676 814 823 846 950 987 
26 38 62 153 203 226 255 264 266 269 271 317 327 328 360 439 449 457 517 535 538 564 701 793 813 983 996 
24 37 94 107 126 186 239 262 311 393 449 463 477 480 491 509 533 599 645 651 665 715 792 795 809 
8 170 171 229 239 453 680 725 963 
22 133 147 166 208 320 340 367 378 497 665 719 725 773 807 829 852 875 886 890 901 932 994 
20 3 67 93 128 146 154 158 367 421 532 553 572 628 704 812 839 843 853 883 967 
24 78 151 174 228 285 323 427 441 453 456 471 504 540 584 662 677 736 748 756 826 839 870 922 965 
14 40 71 203 228 302 308 497 704 728 736 808 858 868 887 
17 1 12 169 231 345 457 614 687 761 786 810 829 882 915 955 985 993 
19 27 93 183 245 284 308 450 466 472 487 573 574 640 650 689 712 847 872 992 
14 180 243 398 422 482 640 667 724 726 736 838 873 893 943 
23 16 35 64 68 94 124 191 216 294 304 413 437 452 543 616 730 774 795 811 923 960 969 990 
21 40 75 120 129 218 227 258 297 350 406 407 422 433 482 495 538 585 659 777 831 914 
22 48 68 73 157 166 168 282 308 428 431 436 444 459 492 577 682 694 706 716 727 892 970 
25 5 76 92 132 148 179 215 292 334 350 372 391 462 472 497 621 672 728 748 752 767 835 893 894 923 
14 27 82 320 388 537 681 692 712 766 790 794 828 842 948 
22 13 30 31 65 66 113 236 240 289 363 390 493 526 679 740 744 756 774 777 785 818 959 
23 119 126 167 180 202 247 270 301 304 306 389 398 399 403 670 690 721 738 806 922 941 953 980 
14 23 55 306 333 609 698 707 710 712 722 888 921 922 996 
13 68 88 305 319 338 427 532 640 749 832 904 920 943 
15 51 62 66 72 129 140 278 280 335 594 635 734 867 902 942 
22 65 114 150 156 198 213 247 343 378 398 494 511 616 622 691 784 888 894 917 928 963 971 
12 57 63 161 250 320 351 361 478 586 615 959 963 
24 7 57 84 128 157 166 188 195 298 372 452 454 465 503 596 656 660 719 725 792 833 903 934 957 
17 28 105 112 120 204 529 578 579 587 745 791 802 842 860 897 933 975 
18 77 127 168 178 310 342 352 368 565 576 715 724 757 821 824 954 979 980 
13 61 171 257 264 413 523 621 629 656 713 752 985 995 
21 59 89 198 245 311 326 336 355 358 383 566 578 674 771 799 869 886 894 904 917 946 
17 33 105 210 292 336 347 468 597 646 652 716 776 798 825 848 924 926 
26 66 96 209 237 294 301 346 387 416 421 510 540 544 548 577 589 601 673 675 698 720 733 813 840 884 911 
23 37 56 107 147 196 230 316 367 426 499 510 531 568 638 740 759 897 947 953 960 973 976 978 
19 100 104 110 119 170 264 272 335 339 359 386 508 515 588 596 768 795 903 919 
17 17 21 131 156 159 189 242 247 434 568 680 797 821 844 868 930 966 
24 2 30 94 184 205 210 264 275 414 432 449 478 552 556 590 592 687 717 734 857 885 890 904 913 
24 52 75 113 178 200 248 261 264 333 342 400 481 500 564 603 671 702 736 778 817 850 851 919 958 
18 26 41 66 96 108 166 294 347 381 459 537 632 819 840 846 871 892 893 
20 57 77 153 174 182 292 297 313 324 362 388 395 492 582 602 638 728 849 863 944 
22 33 43 49 99 111 121 258 259 265 278 308 331 350 354 484 561 593 634 728 900 955 984 
22 20 21 210 270 279 380 454 481 488 501 606 629 670 698 699 790 810 831 872 946 970 988 
20 1 24 100 208 234 243 362 511 513 531 565 687 697 738 744 838 857 886 947 976 
16 123 140 206 216 226 289 293 324 486 536 613 676 956 962 963 964 
25 2 54 56 70 116 124 146 281 321 346 362 506 535 560 566 615 672 682 692 715 720 818 851 879 927 
27 64 138 141 187 218 301 331 387 440 463 493 505 556 649 671 724 740 770 781 786 831 844 907 916 977 981 984 
19 18 149 273 316 384 416 476 486 491 646 683 685 690 733 796 851 895 915 983 
20 55 119 148 175 205 291 345 365 386 392 460 485 594 628 639 716 810 831 848 883 
18 155 182 278 281 347 401 529 538 585 592 641 664 749 765 878 893 899 938 
17 6 17 62 67 83 93 111 134 141 310 336 522 674 675 780 787 832 
24 2 93 109 154 156 194 203 273 307 308 379 399 440 463 495 555 589 646 766 782 852 915 978 987 
24 12 67 85 126 229 328 341 440 543 548 614 680 681 713 725 751 764 788 825 840 894 904 973 974 
14 8 36 164 256 335 385 481 489 599 600 646 650 664 996 
20 36 63 153 241 247 289 365 383 411 491 517 518 595 637 693 729 739 839 855 856 
24 8 30 69 73 303 332 385 425 507 532 595 613 620 630 641 663 725 740 784 791 914 927 934 982 
20 95 230 265 309 378 382 410 435 451 510 758 763 767 771 798 830 897 936 967 988 
19 1 45 62 126 167 245 251 383 400 442 497 501 514 544 748 754 787 865 875 
21 14 63 74 86 139 196 231 274 289 357 358 384 388 396 415 500 749 758 805 901 982 
17 22 72 105 130 244 418 431 450 606 732 738 739 769 788 869 879 912 
24 108 129 149 150 155 165 172 205 265 333 374 402 440 497 615 616 633 655 730 793 835 874 966 997 
22 141 169 173 236 379 392 433 452 482 497 508 539 583 598 686 688 766 807 873 953 956 959 
29 91 111 138 154 217 225 266 291 302 431 448 449 451 479 480 504 549 570 631 650 730 737 761 777 806 814 828 849 986 
16 48 145 206 249 254 314 375 491 612 726 771 780 807 868 923 926 
21 121 167 187 207 232 365 469 546 557 651 684 696 705 708 735 766 767 785 839 942 960 
22 17 109 147 229 253 265 296 302 312 325 339 385 386 406 509 564 581 639 819 948 966 989 
21 44 49 58 160 180 185 187 295 389 394 455 467 509 560 607 681 695 831 918 954 964 
18 0 53 118 127 140 146 217 224 252 307 424 529 555 618 737 785 823 921 
25 10 66 71 97 112 173 183 366 404 477 481 487 519 549 588 639 648 684 687 854 867 884 958 985 998 
16 48 82 118 225 291 321 521 676 678 741 839 871 877 892 902 997 
17 27 58 128 129 178 263 299 338 349 386 483 621 627 632 802 932 965 
19 131 165 179 182 253 271 283 286 316 391 479 597 673 713 752 797 902 914 944 
20 24 60 172 195 225 306 311 312 332 390 400 535 554 565 629 657 675 738 805 981 
24 82 118 178 187 253 269 343 409 440 463 536 566 582 602 630 772 775 826 851 874 876 892 907 933 
17 38 150 266 301 322 340 544 598 607 608 623 706 724 737 801 820 870 
24 55 60 96 104 137 139 288 307 351 362 384 441 498 555 588 630 692 712 743 784 849 874 971 991 
29 18 25 79 152 153 188 264 291 309 333 408 417 468 491 522 535 557 582 711 811 818 848 853 887 894 932 937 944 977 
20 30 67 111 125 152 180 232 341 424 455 480 499 503 542 624 644 667 766 829 876 
26 25 55 139 166 173 186 192 201 229 256 272 326 356 375 544 545 600 603 615 620 718 726 821 829 850 952 
13 54 303 309 543 611 666 725 797 853 879 883 914 955 
24 44 47 105 134 155 240 254 288 325 332 380 461 490 567 611 625 727 781 848 865 892 932 939 941 
26 11 78 157 183 190 243 250 284 306 377 381 418 440 446 471 510 536 655 679 741 759 778 801 805 922 937 
18 68 73 279 347 376 390 403 519 636 679 702 746 786 905 916 918 931 972 
17 0 54 86 209 220 225 280 401 447 496 520 565 751 819 933 938 951 
23 45 58 232 258 290 335 395 396 413 426 456 473 517 530 537 548 606 617 628 729 828 830 979 
16 24 136 276 290 302 332 379 453 612 654 808 835 845 848 902 905 
21 115 159 190 221 253 349 394 412 424 451 498 603 611 614 690 809 810 861 878 895 968 
23 0 74 85 95 138 168 204 234 238 242 246 298 463 516 524 574 700 766 822 884 914 923 926 
27 14 97 149 230 244 279 333 357 370 383 387 539 550 578 611 631 638 648 681 747 787 796 815 838 845 909 965 
22 21 57 68 198 299 345 399 408 413 417 421 438 443 469 518 543 626 680 754 830 893 965 
17 29 239 252 322 325 370 383 386 429 459 492 561 562 631 770 836 972 
10 421 470 655 673 680 681 779 821 910 945 
17 83 102 177 195 242 268 302 399 508 548 554 616 693 757 776 904 958 
16 11 76 97 157 190 222 257 274 442 465 513 668 734 748 852 953 
18 69 91 110 151 220 227 289 322 341 363 418 516 523 531 617 658 982 985 
26 0 9 42 98 120 158 241 266 267 268 288 300 319 348 364 366 511 521 553 612 659 674 681 837 862 968 
25 11 171 189 253 278 379 380 397 436 464 465 509 546 669 709 795 803 818 838 877 898 908 924 978 984 
18 90 135 172 185 280 296 301 303 329 337 400 473 530 581 631 736 784 947 
15 134 142 188 192 240 405 407 421 422 460 717 769 786 866 906 
24 1 36 89 154 188 195 197 223 351 387 398 400 423 477 571 588 671 680 694 729 760 790 795 933 
14 36 59 64 114 269 310 361 372 402 614 716 726 736 948 
8 170 176 320 361 452 456 993 995 
20 11 55 81 118 193 320 358 446 464 512 617 631 635 661 676 732 737 767 858 966 
13 54 181 184 297 302 313 421 462 505 535 750 858 984 
17 53 56 140 156 181 270 274 323 378 413 527 591 637 647 795 941 973 
20 2 20 41 86 130 249 255 324 395 431 541 604 727 732 788 823 829 832 915 980 
25 45 49 51 81 95 100 109 227 241 269 312 348 364 376 383 492 602 707 760 787 849 855 888 929 931 
22 44 77 105 106 127 143 146 149 235 396 479 493 603 627 648 761 806 822 914 943 952 978 
21 10 15 37 38 78 79 113 174 199 214 219 307 357 458 469 556 642 718 727 804 840 
22 33 40 76 132 239 248 288 366 389 406 438 466 485 556 557 580 649 703 727 891 892 972 
19 36 77 104 273 281 371 518 519 684 748 749 778 786 796 820 912 919 942 949 
17 3 19 44 54 132 187 336 349 399 407 414 450 468 536 762 786 954 
20 39 88 241 242 428 567 615 627 707 709 715 718 723 768 785 806 849 915 932 981 
16 23 120 144 176 267 390 432 468 596 628 649 695 763 766 921 951 
22 56 80 165 184 228 233 297 344 346 540 555 564 590 599 648 701 767 791 809 917 988 990 
21 101 120 126 169 244 290 334 339 345 348 387 580 660 730 776 793 811 812 859 896 941 
20 1 13 18 169 276 278 374 483 517 525 547 559 578 627 641 644 683 731 768 900 
25 6 19 20 34 107 119 204 207 217 238 271 314 388 486 536 593 608 768 794 850 866 875 880 884 994 
24 17 39 41 99 148 246 315 368 406 419 428 449 494 596 609 682 728 867 876 878 892 916 984 987 
18 18 188 201 225 464 557 596 604 671 699 748 750 757 789 801 807 820 879 
27 44 61 80 118 155 163 230 238 267 272 288 371 406 409 477 478 479 502 509 605 715 805 924 961 977 991 992 
17 103 119 135 159 191 274 284 294 366 454 697 753 769 775 820 882 921 
26 46 88 293 304 336 380 519 533 579 630 699 713 731 785 809 836 854 878 880 911 925 949 956 962 977 984 
16 17 92 213 220 238 268 319 373 417 444 446 475 565 642 856 880 
20 10 35 66 186 203 214 226 245 270 287 303 496 506 523 542 569 750 772 784 893 
21 44 46 69 104 125 201 221 240 305 309 563 613 647 657 672 683 800 816 883 915 957 
23 5 17 23 55 79 110 168 200 238 241 290 303 342 360 364 419 442 617 677 779 789 898 902 
20 54 64 94 117 134 138 153 166 226 285 352 356 424 588 607 670 675 776 838 968 
24 7 32 42 137 158 214 266 373 375 387 503 563 565 580 653 675 705 805 807 840 841 933 938 941 
19 35 58 130 146 153 178 189 197 199 239 409 484 508 573 721 750 769 917 954 
8 3 357 367 458 541 570 937 992 
28 23 37 66 116 196 213 227 230 283 292 301 305 310 449 473 484 500 581 647 683 724 737 789 813 860 936 940 979 
16 0 36 89 168 303 377 434 435 464 501 610 666 688 895 914 977 
18 66 162 181 206 232 254 304 337 383 442 467 520 604 632 643 755 828 834 
18 19 20 30 35 70 295 385 457 645 648 678 695 724 830 898 914 959 989 
23 7 10 52 78 87 122 169 195 199 207 238 378 564 642 705 714 809 850 920 950 986 992 999 
22 149 219 229 249 334 368 416 431 453 470 478 483 520 542 572 601 661 678 710 817 830 933 
27 0 4 18 38 39 69 77 104 163 209 261 268 289 332 334 335 359 514 518 543 545 597 650 726 866 876 892 
21 1 72 76 118 157 186 239 314 358 401 407 408 558 649 654 693 704 783 814 865 971 
14 32 56 66 79 211 288 290 320 321 481 545 678 841 952 
19 117 130 131 196 219 269 327 337 358 550 590 661 799 804 818 822 883 963 986 
12 58 67 71 133 190 215 305 415 525 735 806 899 
15 153 165 211 216 267 288 344 402 512 524 738 830 906 908 916 
15 9 22 104 226 238 243 301 397 441 467 677 782 841 866 994 
20 55 80 105 214 353 470 534 552 581 673 714 725 760 768 780 787 815 818 883 993 
21 59 70 80 81 189 251 326 328 389 430 480 623 690 693 701 733 764 785 788 843 964 
11 197 256 329 383 395 413 423 618 625 669 708 
24 31 34 67 154 225 237 309 310 320 384 394 406 452 463 474 488 529 531 598 773 808 896 916 945 
20 12 38 70 128 283 304 325 371 469 482 560 616 670 671 776 797 874 917 955 992 
23 13 22 33 45 122 200 216 318 353 528 672 673 713 755 796 812 885 889 902 930 934 942 968 
24 37 45 57 260 314 321 337 414 432 440 477 518 520 522 544 558 605 659 736 743 798 815 877 969 
17 46 81 106 228 345 369 384 388 552 570 577 646 658 694 792 865 989 
25 0 79 107 112 156 198 309 313 417 433 478 494 559 595 638 665 672 726 749 752 753 860 885 935 976 
20 25 34 109 139 195 264 358 419 420 422 443 447 450 619 669 670 685 875 883 927 
18 54 61 146 256 389 434 474 533 605 654 661 699 762 828 838 874 967 993 
14 22 76 255 383 426 485 521 547 553 772 838 903 934 967 
32 31 39 98 156 181 206 240 246 319 330 334 408 544 551 575 579 614 627 663 685 696 724 754 819 850 851 852 855 865 881 905 969 
23 28 106 153 203 345 347 423 425 444 492 555 571 632 651 653 757 797 864 927 940 941 986 987 
21 4 45 265 323 346 363 382 421 423 493 564 629 634 652 663 799 932 944 966 969 976 
23 0 106 175 182 205 244 253 286 291 296 320 422 443 475 530 575 583 643 684 861 940 963 994 
24 9 76 104 204 218 333 349 352 398 464 470 498 542 577 597 647 674 685 778 811 822 824 853 897 
22 54 81 133 212 213 346 396 449 496 516 569 595 605 700 730 753 824 855 898 903 945 946 
20 39 78 136 196 208 277 296 299 319 388 440 486 600 655 767 777 843 849 885 899 
24 26 59 87 127 144 203 244 288 410 445 546 646 657 674 703 705 712 733 751 760 761 773 806 940 
16 9 90 322 332 386 419 440 451 494 500 569 636 694 783 903 949 
15 26 145 165 273 307 321 381 407 516 570 682 759 866 906 954 
18 282 348 356 384 420 466 498 519 571 595 646 656 742 800 833 886 889 919 
16 12 30 47 61 128 160 167 197 332 611 628 700 712 856 925 945 
22 46 47 50 60 104 108 212 294 295 298 326 332 334 373 487 630 727 816 834 836 915 934 
