200 1000
145 300
51 337
322 700
89 260
79 484
3 31
4 63
294 295
48 85
472 505
63 70
135 649
376 382
60 115
905 917
94 373
2 25
77 421
480 564
366 664
207 851
282 508
116 296
250 267
66 119
809 908
0 67
231 732
315 733
344 754
166 308
167 362
258 282
818 869
167 458
214 308
23 67
687 709
26 269
313 716
232 420
559 932
184 225
458 685
314 784
18 153
534 641
79 122
388 524
363 425
266 606
58 470
7 24
561 863
37 44
356 427
304 460
692 971
137 174
180 263
168 829
287 292
605 679
450 574
126 262
813 818
114 217
432 487
26 276
211 905
228 982
150 262
91 492
99 847
365 882
336 364
53 162
283 804
612 706
35 82
64 699
69 133
93 108
627 744
36 382
157 964
330 371
258 308
377 854
208 382
41 671
159 524
417 681
288 472
168 624
652 686
41 435
423 610
531 877
43 263
219 675
761 808
312 348
87 467
203 468
127 626
411 498
69 83
49 82
589 993
418 497
18 298
88 143
87 204
108 122
262 334
70 418
222 238
14 156
404 660
37 557
102 737
3 489
268 278
0 5
262 835
44 54
35 428
16 55
501 845
499 592
92 125
770 806
195 231
47 966
117 229
436 627
94 255
662 795
18 138
450 746
21 460
57 643
363 707
204 376
69 715
63 358
299 603
525 778
362 439
5 118
30 668
655 672
177 653
39 153
86 403
65 295
244 318
42 831
864 961
72 407
203 301
466 983
48 98
78 168
445 632
492 500
32 91
107 337
42 51
111 148
1 1
533 718
100 115
28 33
110 395
297 429
124 413
282 292
77 483
175 630
1 120
139 409
61 198
100 982
162 892
619 878
433 782
428 529
170 184
50 486
89 849
857 970
655 933
9 103
106 656
517 977
310 393
338 345
111 333
710 781
645 994
427 500
24 477
166 955
349 536
612 800
190 310
243 833
612 710
128 147
311 601
11 146
296 343
292 966
523 910
165 768
140 328
250 768
174 219
1 740
155 286
238 344
41 154
115 312
71 130
301 703
35 660
195 257
24 836
277 288
41 51
49 232
101 436
84 99
270 646
301 352
114 216
273 846
405 523
59 111
0 827
162 366
123 926
552 598
36 145
66 258
228 410
517 621
305 654
160 227
422 640
88 269
157 163
65 320
10 939
319 531
18 43
174 294
111 321
573 993
287 798
33 138
179 209
60 273
345 545
298 448
36 999
13 100
167 878
130 171
302 881
299 386
61 998
64 210
10 24
215 691
588 955
27 124
465 891
23 81
122 193
24 37
5 12
867 892
66 164
20 252
241 970
205 662
681 743
328 387
71 935
160 342
122 327
583 979
43 565
647 660
53 109
144 607
221 307
135 136
546 774
34 687
48 72
399 594
208 804
62 94
195 572
606 726
348 355
54 298
387 826
61 554
91 144
144 167
26 66
713 999
41 167
230 319
96 640
479 928
519 775
670 844
191 856
31 124
586 821
92 442
597 905
196 214
1 626
121 887
150 505
125 131
225 544
20 24
159 664
537 655
46 170
82 136
173 829
417 935
17 698
397 700
21 308
56 112
79 361
58 92
246 336
403 944
65 217
100 685
42 325
119 174
168 190
643 761
325 402
98 731
364 448
917 962
25 264
192 628
742 760
154 894
72 241
281 420
31 638
443 528
331 535
23 31
175 186
148 329
185 381
340 966
110 558
256 359
243 615
408 746
11 23
891 904
234 652
28 50
468 605
242 727
267 392
124 581
158 266
60 889
38 226
11 82
104 428
72 230
34 343
2 46
83 210
168 338
137 569
171 501
239 390
21 187
533 882
146 329
587 845
95 481
172 783
209 404
19 527
664 946
341 524
403 797
505 780
737 950
426 489
443 643
61 329
33 51
154 738
1 185
410 549
748 783
38 587
275 351
123 317
759 861
607 869
475 580
415 630
151 671
161 686
126 191
31 967
167 885
279 984
81 331
76 372
358 704
218 920
311 842
38 798
123 160
438 784
103 524
134 442
157 450
175 798
453 627
0 0
45 306
663 803
755 914
27 51
419 549
234 394
561 714
166 914
125 414
175 548
208 879
52 70
355 427
106 160
68 139
76 148
6 878
99 461
11 181
11 599
125 188
2 26
551 885
365 630
591 964
371 467
570 725
363 689
401 887
86 778
38 665
146 768
0 32
74 115
367 449
55 82
18 57
180 205
40 80
623 881
709 793
171 516
150 267
302 305
31 530
67 454
1 2
58 382
457 836
25 43
246 313
369 945
91 188
73 897
82 221
211 516
846 917
196 288
173 227
312 321
117 142
293 680
409 638
8 214
187 297
135 166
90 207
795 855
58 83
2 345
604 931
171 855
318 758
655 698
267 971
111 751
227 901
413 1000
235 272
308 973
23 176
56 967
415 797
138 254
207 646
28 112
185 458
216 622
12 547
156 644
352 407
384 786
524 877
350 578
279 374
31 363
4 210
64 259
476 951
87 229
250 858
12 31
155 338
402 761
88 599
326 611
470 550
3 5
263 409
59 268
624 684
290 373
116 176
583 888
245 533
854 978
369 370
432 714
3 24
104 233
348 865
363 832
503 902
136 926
20 685
17 413
388 622
379 515
367 872
20 323
68 213
364 608
357 893
253 288
20 677
336 623
29 32
212 907
11 36
56 83
210 773
40 106
677 823
98 216
581 881
181 468
363 907
124 182
68 159
771 825
706 871
7 71
10 273
220 711
383 428
95 114
281 738
68 265
95 183
201 289
125 136
414 659
222 709
626 775
49 939
77 297
159 527
625 819
73 99
505 977
745 868
154 285
82 407
31 137
411 593
84 723
5 244
581 712
205 468
70 450
34 671
58 59
123 202
504 958
391 449
162 181
230 804
495 756
210 336
77 756
42 42
560 731
259 563
551 672
146 279
0 3
318 628
27 94
813 864
91 624
9 359
87 306
23 62
127 377
286 917
314 474
171 701
109 125
26 143
914 916
359 375
278 414
11 238
231 897
99 541
101 863
516 926
448 731
10 92
97 588
695 845
661 762
8 91
191 199
56 155
427 451
53 53
295 953
11 184
270 410
4 8
540 582
230 640
221 946
1 18
74 116
201 407
175 644
188 893
274 513
379 395
12 25
40 70
334 527
588 800
87 324
72 142
150 248
78 395
150 434
17 51
75 116
251 905
142 418
424 827
568 989
162 221
156 336
252 433
420 835
326 511
68 223
64 125
118 172
214 555
348 976
41 403
125 325
180 936
352 442
462 893
252 258
297 803
61 314
33 621
57 344
383 507
151 844
138 310
23 64
16 55
42 77
638 803
210 961
112 464
329 539
27 349
115 870
621 950
227 267
86 279
35 684
53 281
138 521
319 737
28 249
71 107
289 844
82 663
343 637
721 920
601 993
62 686
113 166
382 485
120 441
138 346
39 77
672 897
457 800
404 629
192 232
243 590
119 177
212 302
469 976
141 428
505 769
153 287
157 199
247 444
67 133
369 710
678 948
16 895
96 197
6 20
631 914
300 550
42 723
214 261
262 490
91 123
237 612
546 611
65 916
240 282
118 158
112 131
343 360
578 713
154 391
383 967
234 392
188 691
38 796
139 407
270 884
186 612
734 908
523 706
135 284
48 99
24 158
433 599
111 495
154 194
285 302
45 830
18 283
95 189
374 759
538 850
570 613
104 241
570 759
187 670
333 696
86 396
387 853
434 723
490 928
611 793
634 922
606 727
266 704
36 119
4 40
474 588
811 883
759 818
929 954
801 823
490 651
23 82
381 685
11 14
439 594
485 807
532 711
96 111
20 23
482 594
97 443
145 199
181 474
544 571
506 719
39 571
144 490
69 136
28 33
246 486
6 12
20 201
69 293
7 779
36 155
222 453
167 790
237 450
396 826
258 380
400 786
576 760
226 579
315 328
481 768
75 486
20 74
27 929
208 239
4 22
602 669
754 855
822 916
242 261
1 795
34 66
25 650
224 871
408 776
22 75
123 193
142 190
239 517
2 4
429 772
168 876
153 834
296 586
551 986
35 55
71 216
49 68
315 700
257 374
207 750
140 551
112 430
314 330
132 832
248 867
270 316
235 467
240 440
102 685
63 543
378 585
297 590
329 385
275 432
342 690
357 394
2 11
99 137
718 723
1 35
88 283
340 518
294 495
36 137
233 247
8 372
50 497
167 401
339 913
552 621
155 285
713 810
567 891
130 737
209 219
608 739
50 294
102 466
97 227
307 684
16 179
3 24
19 992
618 838
67 240
527 566
375 836
37 226
170 470
408 862
21 615
232 885
69 315
319 456
141 193
208 383
475 538
252 289
203 265
164 685
6 55
185 471
150 382
203 257
419 543
166 484
15 26
67 585
112 450
413 447
168 281
148 277
330 855
218 507
54 292
381 909
204 210
400 705
541 718
20 28
111 342
31 509
57 336
214 667
255 585
5 83
69 388
737 933
105 233
355 611
611 711
508 629
60 333
123 560
172 458
455 492
177 729
433 787
14 27
158 327
741 806
777 785
148 399
471 723
187 366
114 305
24 29 69 81 131 148 167 285 297 304 312 332 485 548 597 659 669 686 714 741 793 802 816 882 907 
16 167 228 231 248 263 380 401 424 470 483 570 603 638 681 712 883 
26 35 41 59 77 115 120 267 270 311 388 410 471 483 514 556 561 562 769 803 824 832 898 899 902 933 956 
20 67 115 119 139 163 177 244 327 330 342 349 385 415 571 758 782 784 852 912 947 
25 99 117 130 150 155 185 206 289 403 485 501 517 547 608 621 659 699 747 787 804 820 843 925 938 966 
22 26 77 184 249 322 331 350 376 383 404 478 516 563 630 651 732 738 888 926 928 982 992 
15 72 122 123 128 236 243 414 420 432 644 685 700 835 845 856 
25 16 43 73 179 215 222 345 359 400 424 438 449 516 525 527 580 634 677 704 847 861 873 875 896 981 
22 47 96 169 236 382 486 569 573 574 593 597 694 712 715 742 783 818 846 867 918 927 990 
16 60 119 171 252 276 442 485 504 510 528 688 699 703 863 940 964 
29 44 119 147 169 186 195 220 246 267 282 328 469 474 491 583 589 612 670 673 698 730 812 818 860 872 886 914 941 998 
12 31 213 429 528 582 625 649 743 801 841 882 994 
21 15 79 81 154 230 236 246 354 372 408 457 509 525 626 673 701 847 869 915 923 924 
15 95 175 316 330 458 467 501 570 578 699 737 761 912 959 975 
19 20 44 148 172 204 260 365 368 397 448 524 561 584 598 690 707 756 813 868 
15 40 71 193 248 254 292 398 405 427 627 671 727 882 913 946 
20 7 69 139 192 316 348 385 400 403 425 446 510 521 538 742 778 779 854 915 925 
23 23 42 81 87 108 250 322 325 406 427 596 607 613 661 713 740 805 843 904 929 938 945 950 
15 0 22 65 68 113 131 294 398 508 746 749 824 838 881 991 
22 163 277 313 349 370 430 434 458 508 517 602 629 650 659 711 736 761 853 891 944 955 987 
29 7 30 67 128 151 212 361 381 384 437 463 464 478 499 526 531 532 533 566 570 594 641 655 656 675 742 914 916 977 
24 4 69 138 153 181 214 362 364 368 373 428 502 516 546 652 676 756 806 825 860 865 923 928 950 
16 14 42 58 91 141 221 462 598 630 667 760 857 873 909 913 976 
24 34 76 118 251 268 402 452 496 560 575 587 633 639 641 642 657 716 719 758 909 912 973 984 989 
20 57 98 145 209 280 293 313 349 380 419 445 448 536 544 654 669 742 756 817 837 
23 83 115 190 258 271 286 401 458 551 552 607 717 726 728 735 742 804 815 822 867 918 929 930 
22 24 82 87 120 151 222 223 224 305 414 447 489 498 513 557 566 574 613 724 802 942 991 
21 19 33 74 112 147 268 274 313 378 397 446 508 528 547 645 698 737 799 811 903 942 
21 0 27 116 133 163 331 337 375 402 515 518 649 663 670 673 736 737 758 789 835 981 
17 21 39 81 183 225 277 278 374 432 527 602 626 780 812 826 845 912 
24 71 121 147 196 217 265 328 373 381 407 470 472 514 570 586 601 606 613 641 700 746 873 938 994 
21 2 5 32 88 116 143 155 387 484 548 649 698 729 778 781 800 805 838 848 915 936 
21 0 7 114 181 189 399 413 436 468 476 547 557 595 673 713 776 817 825 850 856 945 
15 15 28 116 150 238 239 406 449 464 491 508 644 726 889 962 
18 18 20 25 49 125 128 205 277 327 328 364 564 629 659 714 902 955 997 
22 39 74 105 110 146 165 173 195 215 236 264 350 392 404 473 572 667 698 721 740 814 963 
18 9 26 78 157 197 213 306 446 538 561 609 632 679 716 787 849 917 937 
27 16 100 105 116 142 162 195 234 290 307 315 348 445 460 473 479 524 549 610 645 680 708 719 730 849 916 971 
23 84 110 119 220 221 226 239 260 426 478 515 519 531 575 599 728 732 736 742 849 855 896 994 
22 173 189 198 204 227 274 284 286 301 348 359 400 414 433 436 488 505 559 564 716 792 992 
29 62 90 129 289 313 347 352 361 366 375 401 409 425 461 465 484 504 550 559 569 570 586 609 689 713 730 757 786 973 
22 70 139 148 239 328 363 410 499 535 536 546 597 620 624 646 696 701 799 819 884 957 980 
23 120 123 131 269 313 332 346 417 423 465 494 597 610 745 809 821 823 828 840 870 877 951 960 
19 0 16 21 82 86 115 140 272 386 412 450 465 479 495 669 691 701 799 829 
23 16 92 96 148 197 265 302 382 447 464 559 727 771 817 821 822 831 850 851 883 955 988 995 
20 4 108 147 179 203 278 296 417 425 428 456 484 521 546 584 651 759 835 842 951 
15 121 243 291 295 474 479 503 522 573 605 635 643 780 790 882 
17 44 150 198 448 459 470 587 592 676 692 745 789 826 859 876 884 939 
14 45 57 98 186 202 519 530 548 551 697 778 844 966 977 
17 58 61 129 145 310 317 387 423 474 560 582 600 668 743 774 783 830 
18 31 41 229 247 291 292 450 464 587 601 635 650 671 804 881 922 954 970 
27 13 17 24 27 50 86 96 148 202 207 257 361 393 507 522 582 584 604 628 633 666 737 845 848 874 879 891 
24 36 73 125 177 185 349 392 424 440 574 640 649 660 665 752 759 772 798 822 839 926 939 947 997 
16 68 81 118 134 140 197 375 384 477 492 581 767 771 801 849 911 
19 72 165 196 216 236 247 256 257 269 395 405 408 546 655 791 838 858 888 962 
20 2 83 185 241 385 417 425 445 496 583 595 744 798 803 836 845 874 904 974 981 
10 106 202 446 486 502 634 687 701 770 963 
17 100 102 106 148 149 151 253 362 476 619 697 755 808 810 825 827 866 
22 18 124 128 159 190 229 242 249 257 279 281 355 571 642 708 726 779 875 877 891 911 993 
27 10 28 68 88 105 138 238 285 315 397 403 440 466 483 511 555 561 645 648 711 723 785 787 792 798 928 983 
21 138 139 164 168 218 288 296 308 333 360 392 446 497 518 617 726 745 756 790 961 999 
16 51 111 183 196 328 450 458 468 674 743 898 902 925 956 983 996 
26 37 56 71 87 93 143 149 178 331 338 394 428 496 533 569 620 621 663 712 824 840 892 941 962 968 989 
20 188 191 213 232 324 475 513 531 561 682 690 774 777 787 815 816 837 894 960 987 
26 5 26 40 75 238 383 396 432 434 447 469 489 493 515 548 575 577 604 614 636 687 739 789 846 858 876 
9 15 114 219 254 490 539 615 666 803 
18 59 62 101 191 234 291 317 368 451 611 634 671 706 759 778 819 857 892 
24 140 183 205 213 240 242 253 286 370 381 405 496 498 514 552 573 657 678 794 808 845 901 948 978 
27 6 19 30 73 116 165 229 248 278 386 393 416 445 486 526 601 607 613 714 731 792 815 885 973 979 996 998 
24 97 107 118 294 469 475 491 494 537 598 625 651 733 766 853 856 873 877 887 897 905 911 917 927 
15 9 40 141 174 180 192 214 332 433 485 570 600 773 798 928 
16 46 162 187 209 241 320 344 393 560 577 623 684 702 740 932 964 
28 0 11 22 33 64 71 73 106 138 183 239 246 382 433 484 526 534 542 584 652 653 681 686 771 850 885 906 987 
22 44 69 243 259 295 300 318 330 387 498 508 510 533 571 597 625 705 814 817 836 864 911 
25 6 39 58 174 176 200 206 280 310 315 375 383 392 397 452 506 520 528 616 726 790 905 916 934 997 
25 137 159 180 232 257 333 427 435 442 481 487 496 546 552 559 560 639 648 679 686 757 795 798 856 919 
24 2 76 107 112 119 271 315 334 387 403 451 543 559 590 652 788 800 812 837 840 884 887 922 986 
17 123 245 262 333 486 603 642 658 666 688 702 710 726 756 787 858 971 
18 6 13 91 258 415 459 532 622 649 713 768 816 835 919 929 933 949 982 
17 3 40 96 153 155 165 174 270 319 415 427 476 487 525 668 757 841 
18 102 124 312 371 438 461 488 519 616 635 710 798 813 881 914 961 974 983 
26 1 20 46 48 131 177 187 274 299 306 385 393 436 498 551 703 717 727 772 802 806 864 869 949 976 990 
22 16 32 37 93 184 223 246 273 291 327 542 582 617 641 650 663 801 836 854 935 940 970 
18 206 226 229 318 340 374 535 615 623 678 738 751 784 811 891 927 929 961 
23 120 128 183 194 235 264 287 292 297 312 343 367 490 556 593 656 691 798 814 933 952 956 988 
21 45 154 175 196 274 297 312 332 419 438 446 466 496 497 606 620 682 715 791 810 860 
20 34 195 282 320 357 395 422 433 556 563 660 722 751 773 802 825 851 876 929 951 
27 135 186 221 225 261 293 338 365 368 400 445 482 485 525 548 569 578 579 608 674 801 841 854 866 934 943 947 
26 75 80 112 138 164 249 257 291 319 351 477 589 598 742 749 764 807 814 841 848 852 880 884 905 958 969 
8 166 201 244 277 279 481 507 709 
17 3 30 156 236 417 484 503 520 543 554 587 609 686 711 833 835 959 
26 30 41 83 86 130 183 186 189 256 285 319 342 369 377 501 543 621 640 641 727 834 857 861 893 987 998 
20 42 121 139 150 182 194 369 412 443 565 626 680 711 781 798 846 857 900 944 961 
18 4 297 369 525 553 627 630 650 681 718 734 804 807 830 851 878 891 965 
16 3 39 66 115 128 144 202 277 287 323 340 382 401 795 853 870 
16 30 121 295 372 420 543 581 585 611 693 702 788 831 842 895 923 
20 82 110 219 223 254 268 305 371 376 483 572 631 782 870 886 907 909 960 991 996 
13 105 145 185 276 381 426 486 526 534 576 668 877 954 
23 43 165 266 273 300 341 402 407 414 429 432 448 525 608 631 643 675 677 693 768 799 887 902 
21 17 25 47 195 275 390 485 489 554 564 592 632 659 778 801 823 842 876 879 936 942 
17 5 30 75 215 305 306 308 311 485 493 509 667 789 801 839 856 943 
21 97 118 164 182 219 295 350 409 416 438 488 495 549 588 589 662 712 715 901 917 958 
24 18 48 61 74 104 108 109 133 175 447 514 630 637 651 683 696 719 729 805 822 835 838 938 995 
22 67 71 89 153 204 220 224 231 249 337 439 453 487 553 581 588 592 666 708 796 850 862 
24 4 6 25 26 56 60 122 230 252 312 321 394 429 464 591 621 760 765 838 926 932 939 987 992 
19 19 122 129 168 184 236 487 489 493 497 527 573 614 704 740 741 791 804 906 
19 8 64 166 233 363 407 415 424 435 448 529 569 583 638 661 711 785 959 988 
22 130 143 167 241 256 287 294 309 338 428 484 505 615 616 637 793 829 830 901 903 931 975 
17 2 284 353 356 383 388 439 465 526 585 590 739 874 904 934 955 968 
24 63 78 129 142 237 272 275 284 345 384 396 529 567 722 741 789 793 820 840 869 908 948 965 971 
22 21 39 70 72 201 246 288 342 363 366 369 468 496 540 542 606 691 715 740 756 946 963 
15 207 327 339 374 401 452 534 613 748 761 787 878 887 889 935 
23 9 132 155 171 201 205 224 330 369 396 416 465 467 483 503 542 620 623 839 871 873 876 901 
21 1 13 39 68 158 216 233 337 339 344 458 586 614 676 690 703 728 776 806 838 913 
21 1 16 31 36 99 101 188 229 256 314 320 327 618 620 661 823 879 892 917 918 944 
11 419 467 472 499 562 664 729 770 824 955 976 
16 3 49 107 117 274 480 545 560 584 635 666 828 880 892 893 942 
12 54 161 173 203 213 386 415 492 585 866 873 926 
18 32 130 158 260 309 476 479 486 490 549 590 662 689 731 790 814 883 902 
19 0 40 41 52 63 79 140 190 303 392 474 510 600 629 680 744 800 878 922 
19 51 55 56 148 232 267 353 530 547 581 606 714 763 818 844 922 935 957 990 
26 1 8 53 86 212 248 252 262 310 317 384 394 433 445 471 618 636 652 653 677 704 750 797 846 912 993 
20 9 81 87 149 152 255 293 307 410 574 616 628 643 687 690 817 843 906 941 981 
23 5 23 40 107 151 175 184 205 212 228 341 392 446 525 576 638 684 705 741 773 815 835 871 
23 8 17 92 208 234 238 353 390 434 491 575 583 597 599 608 610 674 707 890 922 938 950 990 
21 14 24 59 171 207 222 391 401 433 488 624 625 633 643 656 676 770 790 930 958 960 
20 97 130 147 170 284 291 309 402 437 508 509 563 620 650 688 720 743 893 894 992 
24 33 136 138 147 185 271 276 300 316 348 394 449 591 613 660 700 717 781 785 788 809 819 970 994 
14 31 106 129 394 435 449 487 562 630 788 926 930 973 983 
17 17 96 212 226 280 306 346 354 356 413 642 706 816 878 881 886 952 
17 1 17 90 189 250 349 360 399 462 571 580 582 644 675 721 891 985 
14 240 276 301 304 326 445 565 597 608 803 859 888 903 922 
16 53 89 166 178 338 369 483 499 523 650 655 688 757 899 908 948 
16 86 163 242 284 368 464 475 492 547 579 582 670 723 814 866 924 
22 19 160 163 166 212 316 523 542 586 588 602 652 659 691 705 713 752 760 795 799 946 984 
16 77 98 199 237 284 359 407 411 484 526 550 643 705 724 855 924 
17 1 150 188 279 285 340 546 686 695 711 749 823 866 867 871 873 877 
19 20 25 101 118 190 195 199 336 337 434 448 488 506 567 602 620 666 763 874 
27 12 31 86 113 152 237 268 370 381 436 452 465 529 541 622 687 710 736 773 779 807 839 840 873 904 911 971 
19 10 16 29 48 94 152 196 217 314 441 444 454 546 591 605 816 958 960 990 
17 12 35 73 75 98 110 169 269 437 549 550 599 607 665 744 759 806 
18 34 67 170 201 258 335 372 480 500 526 558 559 560 572 584 675 717 762 
24 42 184 247 257 259 349 390 393 454 473 497 499 530 550 599 741 776 782 827 867 920 930 959 987 
18 8 71 111 126 149 237 247 298 367 391 539 679 688 702 707 775 788 967 
15 35 41 90 226 275 283 348 477 485 562 601 603 710 790 863 
27 12 50 57 65 89 128 136 141 218 258 304 314 329 341 392 395 468 502 538 549 559 563 585 720 775 819 845 
18 47 87 150 157 191 281 296 305 315 360 384 437 455 566 740 847 868 901 
28 7 57 88 132 201 203 237 298 339 392 404 426 469 492 553 571 649 697 712 738 744 754 818 874 923 940 956 967 
33 11 67 72 147 164 208 212 217 239 323 371 382 383 455 473 488 506 527 537 647 711 778 783 802 814 832 836 852 925 928 932 957 995 
20 43 147 188 250 467 480 486 488 498 613 640 682 683 710 805 834 842 846 962 999 
13 51 148 220 307 365 500 504 639 660 780 800 924 972 
20 83 212 238 246 269 304 460 487 553 597 706 714 779 801 811 822 860 974 985 987 
22 2 33 49 122 144 221 252 304 362 383 389 400 415 465 473 500 578 753 760 789 822 847 
26 28 68 227 229 239 273 285 339 395 426 509 532 540 548 646 660 668 710 718 727 796 809 839 858 861 931 
21 23 36 82 123 220 329 395 447 458 487 496 505 512 674 686 692 756 794 835 895 903 
20 74 109 112 135 137 216 275 294 299 393 421 430 555 699 715 738 771 890 913 921 
21 0 39 67 125 153 235 321 381 423 441 491 697 728 767 770 788 848 859 894 946 993 
25 59 111 154 164 222 313 324 329 378 388 423 432 508 509 527 697 757 800 829 839 866 884 930 956 970 
15 23 61 129 200 227 230 263 307 327 447 522 601 689 866 989 
16 60 158 195 269 355 520 607 622 699 703 748 807 820 822 939 982 
19 24 109 149 164 174 195 255 338 453 587 599 658 662 728 771 862 897 931 953 
10 37 351 434 459 493 500 577 593 658 664 
13 22 45 126 359 371 474 475 517 554 710 901 941 975 
25 29 58 133 164 166 192 213 230 233 308 344 359 411 431 432 501 551 617 644 739 792 823 826 894 923 
20 50 57 251 261 368 508 583 597 609 698 733 747 753 764 795 800 803 910 986 995 
13 58 73 113 134 267 405 431 470 579 631 639 881 889 
18 138 154 163 176 329 403 464 473 517 536 558 621 622 623 754 758 791 952 
19 46 144 237 298 308 312 314 343 360 418 445 473 528 542 585 667 726 838 965 
18 131 220 322 451 466 502 511 615 689 731 787 797 810 824 827 846 883 937 
15 178 199 215 237 340 418 463 473 547 586 602 815 847 852 872 
11 84 115 251 475 486 532 549 647 697 736 842 
20 60 72 78 168 197 219 225 256 270 276 299 325 337 361 368 400 416 460 543 725 
21 17 32 107 143 214 219 251 339 358 389 462 568 572 632 683 698 791 800 833 907 988 
18 39 62 170 206 237 305 348 368 377 393 409 414 525 794 841 905 914 927 
18 20 68 105 139 187 267 373 418 450 477 629 661 673 736 750 766 848 931 
14 74 77 117 185 292 670 686 780 821 836 927 932 972 991 
23 43 85 96 97 103 379 449 461 483 559 562 621 638 645 653 654 662 695 737 814 903 914 981 
25 0 5 75 111 179 204 214 231 286 292 314 341 348 494 496 606 642 697 747 765 856 875 904 923 947 
18 100 108 131 141 156 238 256 275 304 366 512 550 561 618 677 892 922 964 
18 1 6 99 172 211 256 278 311 379 386 466 581 589 651 687 759 794 940 
29 11 124 149 236 237 288 318 337 408 483 490 535 544 617 639 684 774 793 803 815 826 827 828 844 875 910 924 943 991 
18 18 71 193 231 373 396 423 446 546 638 729 746 762 772 818 875 970 985 
21 96 109 114 161 176 214 230 244 276 329 514 614 620 624 667 700 758 782 856 868 972 
18 89 117 142 156 173 225 382 418 450 544 581 600 632 741 784 786 792 986 
23 18 72 96 129 152 157 163 203 247 266 449 515 527 547 640 750 761 843 866 885 908 981 984 
16 19 56 74 184 268 432 614 654 664 719 727 740 762 808 911 957 
28 4 18 52 116 128 163 241 259 374 393 396 503 564 565 583 610 613 675 704 706 720 745 838 882 885 925 989 993 
20 69 88 117 198 352 354 365 367 370 416 482 511 540 588 597 622 640 647 721 956 
19 14 21 76 146 174 180 293 392 492 576 594 692 777 799 805 859 886 919 921 
20 72 186 210 331 351 381 400 451 466 508 527 560 627 654 740 772 847 955 957 961 
16 47 151 187 219 221 250 259 271 386 516 646 676 709 788 913 920 
21 10 142 240 281 296 343 404 414 419 432 478 489 539 622 657 678 687 779 796 808 841 
24 27 42 46 132 160 173 229 241 242 350 406 590 598 633 669 719 743 816 837 857 895 925 938 948 
22 56 82 183 253 261 302 398 467 594 603 613 629 694 775 799 802 896 903 916 959 963 970 
26 3 16 48 56 79 108 210 260 376 484 508 531 537 569 624 640 661 674 712 716 838 839 893 902 936 953 
14 176 232 275 290 352 377 497 700 701 840 924 949 955 972 
18 22 38 222 227 274 321 435 526 547 639 651 672 685 741 770 915 957 989 
14 16 127 130 240 253 268 402 432 530 552 634 638 659 958 
23 88 106 177 224 267 279 284 372 389 406 490 494 529 543 588 623 631 851 857 862 883 982 988 
23 2 27 45 76 223 236 240 262 270 272 359 385 453 518 555 560 600 653 693 748 781 817 888 
