200 1000
371 471
174 657
527 647
217 247
109 452
77 810
267 511
295 386
327 911
38 160
271 556
373 443
389 438
226 762
106 554
96 292
684 753
441 952
295 869
206 674
422 538
147 956
2 24
316 919
156 517
40 292
120 897
159 448
318 985
110 844
77 281
136 796
93 920
124 209
81 506
603 672
83 603
111 168
435 530
478 701
756 856
356 826
6 26
342 347
415 443
228 228
788 890
286 342
266 286
30 818
483 579
284 344
238 708
496 508
462 507
659 925
612 667
229 753
171 623
9 546
37 114
300 431
486 804
282 837
1 3
123 425
693 846
110 714
140 722
21 324
81 184
556 581
693 937
414 552
65 175
694 736
487 518
127 913
260 383
140 938
125 234
134 239
86 103
34 110
194 363
135 326
399 684
415 674
49 57
147 204
436 624
29 569
349 564
61 878
18 74
170 334
646 750
313 451
18 108
16 220
545 559
117 735
237 352
758 807
465 648
122 441
571 645
17 72
93 371
39 105
182 466
222 733
24 272
482 716
161 564
123 132
215 665
56 137
16 65
66 179
610 622
507 540
438 930
614 941
215 217
599 612
360 498
227 299
140 613
5 69
140 179
448 476
58 163
288 762
318 641
543 1000
84 566
284 880
196 355
366 831
156 545
167 692
409 479
530 704
125 204
274 670
230 963
28 604
506 765
75 75
38 257
354 399
28 146
574 798
167 641
54 559
760 885
211 295
54 533
330 334
249 518
55 619
651 828
638 875
141 188
135 414
147 663
269 369
345 853
36 70
226 421
54 379
104 190
675 743
28 36
349 980
357 412
71 281
64 145
138 159
51 367
242 329
37 287
618 869
42 109
5 362
512 626
118 831
429 634
35 114
2 2
35 361
84 117
83 344
56 116
201 463
185 213
287 964
545 693
16 82
140 879
23 33
59 725
149 399
365 639
864 935
382 651
27 35
59 67
29 587
26 311
27 170
327 416
22 25
609 613
35 48
653 964
48 222
460 967
140 651
230 624
23 727
366 884
280 317
162 358
147 178
75 353
171 345
215 679
116 590
354 696
103 210
448 600
159 201
235 400
24 559
125 305
288 790
1 30
237 282
58 84
310 780
156 688
360 928
59 468
682 906
331 558
528 611
205 388
94 241
195 289
64 92
485 527
8 35
43 742
20 387
192 623
152 402
631 728
208 349
756 906
463 948
396 523
78 191
49 76
55 70
254 966
784 823
267 410
284 299
100 243
502 837
531 738
263 449
22 40
464 478
216 625
256 542
203 497
97 270
141 561
243 783
820 868
5 304
22 51
725 805
92 140
133 156
416 644
23 88
137 959
47 583
24 38
451 656
121 912
56 368
54 147
297 679
175 939
625 676
31 133
513 580
67 238
427 571
71 81
404 596
569 791
328 502
262 292
339 603
134 783
242 255
65 213
71 177
166 241
65 70
123 152
116 487
640 952
237 479
321 657
126 374
710 997
288 895
264 471
53 255
224 316
199 309
72 74
100 213
795 995
49 69
640 841
677 694
161 897
390 924
200 502
528 650
596 948
285 886
160 238
181 642
456 754
370 870
118 153
3 7
151 295
56 979
13 36
72 96
253 405
315 339
530 693
457 899
133 725
345 444
42 569
367 726
419 511
15 273
29 109
415 806
34 49
694 790
20 21
337 470
544 561
541 657
92 171
352 574
789 877
357 945
506 759
304 324
893 924
70 567
73 385
398 798
174 375
447 457
448 544
461 571
828 921
24 701
565 633
81 259
199 667
55 567
32 73
99 174
299 888
133 367
243 862
641 694
25 736
302 770
198 682
478 813
13 206
108 854
365 812
2 2
55 199
5 28
17 45
940 970
95 469
107 215
12 66
332 338
114 900
1 9
71 211
28 743
5 18
20 62
262 647
711 793
224 420
148 159
213 750
91 134
33 78
276 956
518 686
391 460
819 987
132 287
120 489
463 958
335 378
463 656
123 757
455 456
411 736
891 974
116 364
637 787
313 322
692 858
175 988
108 497
12 182
158 989
378 710
495 899
275 284
29 52
378 491
133 295
49 143
445 651
193 362
204 632
169 367
359 630
52 57
536 809
256 680
64 308
49 177
311 508
479 987
61 343
26 134
21 24
27 108
294 379
0 543
8 392
802 851
857 992
32 68
22 83
34 593
47 47
246 437
106 975
124 241
237 343
530 800
47 157
50 114
374 533
7 21
89 738
259 460
153 734
454 684
13 46
49 234
60 307
336 741
350 676
265 332
807 909
107 209
62 125
433 559
383 493
77 196
144 731
97 201
473 864
270 643
571 999
638 766
60 884
13 13
323 452
475 508
29 184
112 686
99 117
70 312
387 722
400 874
438 837
66 85
651 840
360 456
461 519
83 166
481 882
316 555
191 211
295 670
186 266
64 176
372 470
312 729
56 272
59 915
514 576
232 415
693 767
156 977
137 157
382 394
76 375
205 901
401 604
278 485
154 201
143 144
143 428
4 364
502 587
433 955
161 703
393 546
302 728
6 738
174 792
102 606
242 292
347 561
111 288
269 456
103 349
360 448
81 910
211 487
323 504
26 559
29 260
223 283
23 280
316 808
45 564
428 852
128 276
2 193
335 611
667 799
8 122
155 260
679 818
49 609
507 513
382 626
73 299
228 406
113 353
290 807
277 402
101 487
70 456
120 292
134 584
490 530
526 623
420 778
537 538
553 605
755 978
246 565
11 48
12 780
636 849
166 688
352 390
260 273
881 895
766 874
67 104
97 649
0 154
25 510
470 925
9 202
328 388
791 984
718 807
51 91
58 356
259 723
356 479
50 57
331 350
4 63
148 187
58 89
760 777
674 726
282 714
127 390
99 132
106 172
139 500
123 794
482 631
215 490
383 677
276 397
355 403
127 177
554 990
360 975
329 611
221 229
137 813
188 194
78 417
129 155
521 821
416 883
76 211
490 788
597 736
658 878
239 361
1 8
50 79
107 967
561 741
78 114
357 609
3 3
911 989
83 616
56 534
21 306
283 934
126 383
4 170
281 763
592 824
568 970
406 577
19 599
372 626
70 631
124 141
116 647
802 864
51 119
224 459
132 381
492 780
646 1000
217 662
262 435
63 961
234 302
20 41
251 672
626 675
260 830
278 383
18 219
35 819
168 206
203 387
425 729
357 884
446 643
9 381
758 791
78 427
115 243
75 434
854 966
279 504
647 678
41 678
187 601
17 509
4 6
258 895
231 565
655 725
573 789
290 810
180 447
197 213
191 882
68 868
36 667
22 165
90 239
627 745
356 839
414 992
172 780
183 338
305 827
53 606
87 230
317 437
330 607
55 81
23 222
902 956
62 215
32 502
39 85
119 130
291 546
826 931
204 452
189 912
336 647
225 260
838 975
65 606
221 463
85 139
207 655
400 408
367 720
97 143
603 696
746 790
107 151
41 52
105 231
593 842
78 136
736 793
153 764
252 376
3 10
77 180
12 104
537 627
146 825
233 485
419 934
115 133
93 139
253 536
178 528
396 653
181 202
288 301
267 549
29 512
375 653
543 676
0 182
393 871
214 650
197 625
87 94
118 405
121 148
154 544
74 350
458 729
112 288
232 377
581 908
1 48
61 434
23 132
502 711
380 968
271 744
499 988
67 70
185 928
866 939
580 987
155 935
279 454
208 242
322 860
480 554
549 859
201 980
8 116
107 877
20 170
60 61
855 962
4 68
24 235
139 797
324 372
123 319
331 443
172 430
20 118
22 23
83 304
148 169
310 663
230 976
380 589
186 534
321 519
143 319
175 200
159 622
45 685
534 664
133 181
203 628
14 676
25 25
165 177
429 796
337 339
78 156
159 849
112 542
210 611
101 332
441 801
27 191
21 417
119 349
42 483
580 897
520 598
154 250
191 707
707 842
232 290
96 224
468 716
208 436
8 33
225 894
339 733
396 524
568 829
7 955
705 915
428 767
194 556
409 851
32 84
140 834
217 266
731 794
515 573
15 720
43 102
184 742
230 444
125 703
745 881
547 873
494 564
102 121
297 723
33 306
118 426
331 523
123 305
97 99
46 72
286 470
296 315
546 842
163 272
341 714
248 773
151 379
128 945
223 660
47 157
499 784
241 892
32 703
202 306
463 611
71 420
737 987
256 852
179 676
262 372
80 247
73 161
7 96
711 979
1 1
642 706
514 880
442 971
4 670
195 619
273 362
44 436
30 143
7 478
118 365
466 939
32 243
503 550
219 323
52 119
380 678
836 841
42 86
81 923
473 784
181 487
7 175
32 126
232 879
490 558
106 500
443 863
23 146
431 571
372 560
384 428
27 81
15 621
356 685
104 433
8 336
391 928
97 461
154 324
59 752
783 871
62 150
11 46
146 492
251 878
8 312
534 624
328 483
147 631
7 9
201 410
567 937
49 234
347 951
46 496
428 698
327 859
213 436
64 405
7 43
672 912
23 52
227 258
457 466
592 815
0 4
115 794
896 1000
331 613
67 409
56 178
722 964
34 333
153 330
160 886
82 291
90 191
272 955
19 174
96 264
22 466
19 7 115 126 186 206 274 290 439 486 541 552 656 716 774 779 798 864 868 943 
30 38 50 78 113 130 155 195 205 217 261 295 317 324 370 393 400 412 436 457 532 630 657 681 707 731 738 767 797 988 991 
25 2 34 35 97 166 302 379 476 495 597 722 732 733 743 747 814 833 865 880 888 930 964 975 985 987 
27 32 72 160 185 205 210 260 300 349 355 371 422 435 438 483 518 532 639 647 649 717 752 800 850 905 932 988 
25 81 130 149 152 181 221 237 298 363 367 403 421 422 475 493 539 574 598 678 692 812 821 921 951 977 
21 45 59 110 130 137 284 287 341 346 394 414 424 472 481 529 641 756 770 863 944 975 
29 22 145 162 164 170 178 188 297 309 312 431 447 452 530 554 572 594 605 667 679 714 718 786 843 851 874 907 918 947 
20 20 81 97 144 184 191 280 517 562 609 621 654 705 734 736 785 816 818 890 996 
27 39 104 203 237 248 285 346 483 527 543 583 587 615 627 696 716 739 756 772 794 830 843 855 884 900 919 953 
20 20 76 78 120 173 277 334 364 387 393 549 580 618 662 672 731 767 853 888 937 
21 44 76 97 185 249 285 303 401 431 432 453 461 514 532 681 800 824 842 857 936 982 
15 7 18 68 95 158 200 210 340 459 573 587 642 722 930 994 
19 15 19 136 166 274 281 337 392 500 545 560 594 611 638 730 739 827 830 953 
17 7 15 79 83 88 255 263 428 469 628 681 755 769 795 854 927 980 
25 89 136 170 172 231 235 270 357 396 420 432 451 467 528 555 556 705 738 765 769 827 885 902 912 933 
21 11 41 55 77 160 269 278 299 313 355 537 569 632 648 691 737 798 815 816 899 945 
18 9 35 87 106 180 236 250 352 371 468 469 559 572 608 735 770 842 860 
22 24 56 71 112 176 199 215 242 243 251 345 403 423 432 634 686 705 749 777 793 862 877 
18 17 108 111 124 159 169 187 269 316 327 339 522 544 664 674 730 808 870 
16 48 101 104 121 122 172 246 301 319 541 689 758 768 815 832 970 
21 18 185 191 255 264 296 392 396 416 529 537 552 626 630 663 727 847 868 948 969 974 
17 0 14 77 149 154 311 388 405 507 508 551 678 702 789 821 919 952 
21 80 192 231 246 279 319 321 359 465 474 503 511 571 685 708 736 762 845 852 926 928 
23 41 43 58 89 123 190 236 245 328 333 426 440 465 499 563 593 595 697 819 859 912 948 973 
19 42 80 84 103 154 373 409 450 457 470 665 683 752 775 806 844 900 934 986 
15 66 187 245 256 287 307 352 370 459 575 579 683 716 756 828 
17 17 53 74 227 256 274 296 325 419 421 472 559 680 747 780 792 921 
17 41 92 97 168 252 272 308 334 351 400 419 471 529 539 598 686 920 
20 8 49 275 379 410 430 505 564 582 589 684 747 791 816 818 883 931 933 952 974 
26 45 152 183 193 226 234 257 310 338 365 378 384 402 446 450 452 515 561 595 715 717 799 806 853 905 927 
12 198 216 350 378 420 437 591 638 812 886 914 971 
23 36 63 67 70 107 127 210 217 286 411 427 488 567 620 663 729 731 811 812 864 888 932 983 
17 58 182 239 305 363 404 498 530 551 638 745 749 753 755 847 904 941 
23 34 83 128 193 238 279 283 289 290 304 309 314 340 351 465 538 661 684 785 805 869 931 995 
20 3 41 46 57 86 205 257 304 330 465 487 599 617 646 673 730 800 823 903 949 
16 8 98 137 177 224 231 238 239 265 413 454 610 615 690 819 954 
27 17 44 110 194 196 235 257 301 334 371 372 377 393 397 413 432 470 518 535 595 725 726 818 908 928 931 966 
19 33 52 94 114 133 195 364 371 374 426 446 522 589 707 838 851 870 886 927 
16 20 43 85 156 185 322 329 379 429 484 498 577 604 762 939 991 
23 8 94 99 105 135 141 205 244 393 403 419 423 442 572 619 651 664 673 705 798 830 954 962 
29 9 45 48 91 100 127 170 199 288 302 309 325 367 451 496 542 548 552 558 565 660 672 673 688 699 812 873 899 913 
21 48 128 131 335 373 417 449 460 550 557 560 614 660 697 703 741 857 902 921 942 958 
22 22 41 49 128 208 299 366 427 436 453 539 676 701 767 768 803 804 815 817 835 852 903 
36 174 180 181 182 225 229 235 266 285 297 315 321 370 395 438 481 519 531 537 564 572 573 619 629 685 724 754 791 800 819 874 887 909 953 956 959 
19 4 73 82 100 241 247 248 484 558 563 622 654 670 699 766 809 862 863 958 
28 62 67 121 129 134 168 262 266 300 319 328 368 379 404 424 480 623 646 744 763 837 914 928 935 953 965 978 999 
28 8 72 77 97 101 138 183 233 320 385 405 447 512 521 570 576 590 609 611 658 680 715 747 864 902 927 937 981 
17 26 74 120 143 182 236 379 676 680 729 732 753 814 843 870 881 989 
17 26 43 88 99 132 155 341 391 420 438 452 491 521 527 625 842 930 
16 159 281 370 411 455 466 602 738 786 814 830 836 843 887 979 980 
20 5 169 192 206 222 276 327 398 404 442 509 654 671 718 729 737 757 820 918 998 
22 46 106 151 279 310 350 411 430 434 495 504 518 525 597 641 644 655 728 796 880 900 945 
14 44 83 124 228 272 309 405 521 699 809 834 860 929 964 
17 12 22 56 97 264 287 363 378 564 603 632 652 687 752 775 780 786 
17 45 68 100 232 242 245 280 292 308 365 407 454 485 879 897 900 991 
14 104 217 339 391 440 451 530 572 621 697 729 910 955 994 
18 137 209 291 433 451 518 523 527 539 616 666 691 705 909 944 961 981 992 
15 157 251 375 391 445 473 619 711 718 736 798 870 933 934 987 
12 150 151 224 232 237 259 335 386 450 485 871 886 
23 10 80 104 122 222 224 358 366 428 446 511 586 634 720 741 745 750 817 867 893 943 947 988 
18 124 253 300 312 381 420 617 709 726 758 804 810 834 849 882 951 963 976 
27 19 30 46 64 113 128 168 211 218 243 338 350 354 356 482 512 581 591 645 656 677 757 812 856 888 909 982 
24 29 67 99 101 122 218 235 243 248 291 354 366 461 468 473 493 581 595 601 654 721 774 788 993 
23 2 4 32 42 77 79 185 186 244 287 288 471 532 614 670 697 768 786 813 835 871 946 953 
18 61 150 221 245 252 390 430 445 533 574 661 696 842 863 938 945 947 954 
13 8 43 46 145 188 215 450 463 702 743 843 854 944 
15 25 121 205 257 296 376 409 489 545 553 575 630 842 857 957 
25 47 66 109 130 155 221 222 234 252 267 384 390 425 467 482 607 627 688 697 700 741 757 839 912 989 
19 0 19 33 150 155 311 367 453 456 531 600 663 743 823 826 865 904 909 992 
20 17 30 44 68 88 118 152 166 175 183 191 227 248 412 685 752 798 803 932 968 
27 34 65 67 88 90 97 244 282 285 295 328 342 344 348 453 528 573 596 651 670 681 700 728 744 831 887 956 
15 11 134 156 231 369 483 541 549 592 674 867 899 903 954 967 
18 18 193 209 271 328 366 454 519 534 550 660 686 736 739 903 913 917 939 
31 7 18 23 73 76 92 176 188 217 225 255 264 295 508 563 615 618 623 651 715 751 768 797 801 808 814 855 867 959 983 988 
18 74 139 181 219 236 275 305 309 456 471 544 568 638 647 743 805 849 966 
20 0 5 27 106 142 232 238 277 318 441 459 500 505 681 709 765 786 816 840 918 
17 16 41 147 285 305 363 368 452 524 714 733 831 883 899 933 960 988 
12 181 258 280 345 379 436 608 659 759 808 880 901 
21 13 111 130 189 207 276 356 425 460 528 612 653 661 675 763 788 842 846 894 991 995 
30 7 75 141 155 161 248 264 271 275 363 382 392 446 451 472 483 514 578 592 612 652 684 698 717 732 767 787 797 906 967 
13 182 265 407 408 433 445 664 714 771 822 924 990 992 
20 100 114 125 249 253 254 274 332 415 481 517 635 677 678 697 764 767 822 978 996 
14 47 107 115 136 138 171 271 529 538 539 646 712 772 976 
23 120 169 192 214 240 244 314 419 441 444 453 456 487 506 531 583 639 645 647 744 745 850 990 
17 159 177 196 333 336 364 481 528 624 674 729 787 842 888 911 920 924 
18 87 131 171 216 237 285 467 511 558 562 598 651 662 714 825 862 877 989 
19 157 177 181 188 209 247 320 352 505 507 530 559 596 670 682 849 870 882 968 
15 18 45 86 90 235 258 337 414 482 582 802 942 955 974 989 
23 56 81 89 103 137 188 295 321 356 370 385 398 493 504 520 530 566 590 641 752 781 839 950 
29 3 26 53 104 128 145 278 294 335 343 365 380 385 448 529 548 587 708 768 796 807 862 865 872 901 962 976 987 993 
19 44 50 52 97 184 216 240 245 286 362 599 613 627 746 844 876 887 917 992 
22 1 21 123 129 173 207 221 274 285 311 316 371 420 456 494 784 848 881 893 899 969 990 
13 27 88 97 292 391 455 548 573 670 755 782 790 919 
24 34 38 59 79 148 158 184 434 435 457 483 507 549 595 668 714 718 721 773 779 832 900 941 978 
21 14 62 179 186 200 262 299 458 510 547 548 626 635 657 671 725 891 899 912 927 955 
14 66 102 265 560 586 588 644 657 678 687 697 698 740 916 
22 102 206 223 277 288 300 320 330 372 384 386 411 465 469 529 576 626 668 715 822 873 993 
17 109 198 207 249 324 387 411 437 475 540 773 806 824 857 878 912 947 
21 24 29 120 172 308 311 358 391 426 451 509 583 587 607 721 763 830 923 953 954 956 
19 40 93 204 221 301 378 445 495 513 536 567 584 600 666 677 771 864 892 900 
19 56 185 187 250 263 311 432 504 524 548 581 597 651 653 772 792 865 871 943 
17 30 41 69 158 159 306 310 337 481 524 540 693 717 921 927 928 989 
19 66 90 158 208 329 362 497 548 600 601 680 691 705 796 813 849 857 927 970 
18 19 40 103 129 215 319 321 397 592 622 630 661 677 787 852 889 920 955 
11 2 138 179 433 505 519 533 579 674 711 800 
28 37 82 226 235 373 401 409 414 452 455 480 506 527 561 588 589 624 651 660 664 707 708 786 844 858 944 981 987 
18 57 120 218 243 325 327 436 466 513 613 639 714 769 872 879 880 934 976 
23 13 43 105 110 146 175 352 378 430 439 536 611 655 656 736 742 756 820 833 850 882 895 915 
20 4 19 43 60 123 221 231 237 252 281 355 392 416 436 462 527 746 818 962 995 
17 45 289 353 358 531 545 561 565 572 639 674 680 698 802 891 919 970 
14 50 75 121 169 178 201 207 378 478 481 504 682 818 984 
15 190 195 215 340 395 399 419 461 468 538 542 543 753 900 963 
18 16 145 155 191 223 249 259 286 319 335 426 449 477 490 563 622 961 999 
20 146 243 276 308 336 353 430 437 516 551 570 644 679 741 781 802 807 833 838 892 
18 99 173 189 308 427 549 560 564 598 627 673 698 753 857 885 890 946 977 
14 155 244 303 364 380 479 626 650 652 661 713 783 794 830 
19 7 42 174 211 212 225 247 448 513 560 633 731 819 862 873 875 911 932 963 
18 11 171 184 225 234 282 293 407 411 412 493 497 499 640 776 781 843 977 
23 21 25 86 189 243 259 322 378 412 435 471 504 526 636 639 687 706 717 815 825 847 875 955 
22 3 39 72 182 224 226 259 285 287 354 360 364 425 432 621 628 694 754 831 915 925 954 
13 38 102 124 192 384 403 497 509 587 710 753 770 821 
23 102 117 146 165 196 222 233 247 272 310 381 384 457 485 527 562 614 683 730 743 752 759 843 
13 109 110 202 208 306 434 483 486 573 871 931 943 948 
26 8 135 138 139 171 219 231 265 270 334 370 378 446 452 467 494 587 629 706 752 841 869 883 890 922 994 
16 126 163 167 173 246 448 458 465 520 521 527 744 881 889 935 955 
15 91 109 161 184 253 275 327 338 370 388 403 510 541 633 975 
19 6 9 28 29 54 82 370 390 424 466 482 504 542 686 715 837 884 922 929 
18 0 48 63 183 239 310 530 567 636 640 670 780 786 813 833 870 896 997 
22 12 75 76 131 211 272 283 334 347 451 481 488 497 618 642 706 812 813 820 840 976 978 
30 60 66 68 69 93 140 145 148 181 201 235 273 330 383 470 477 548 582 613 642 724 734 797 841 849 852 870 940 941 958 
21 10 32 47 154 218 296 327 353 442 454 494 517 538 568 663 699 719 753 924 935 979 
26 14 100 263 279 323 451 481 493 496 506 507 519 528 571 613 631 703 764 783 861 862 879 923 930 972 974 
26 75 123 135 154 183 193 206 212 241 267 303 420 428 445 542 611 612 625 637 649 652 692 693 706 817 901 
19 7 12 21 72 97 145 343 370 448 474 550 561 642 714 732 771 891 935 966 
12 7 163 210 273 371 378 390 412 478 530 767 918 
19 42 135 158 170 309 365 435 572 588 669 682 701 742 749 834 845 863 954 977 
23 73 86 96 190 222 234 271 272 418 424 580 590 591 604 682 773 779 782 789 862 868 889 997 
12 61 118 183 236 250 263 298 772 783 895 898 997 
19 21 99 106 115 156 162 208 220 267 382 459 466 556 606 611 692 791 815 997 
24 1 66 76 129 250 391 445 464 519 533 612 643 682 694 712 732 757 770 780 838 845 846 897 966 
22 47 51 78 165 181 434 541 558 648 660 671 730 755 804 849 851 859 862 886 968 975 993 
14 42 47 164 168 176 212 268 296 394 447 631 683 730 774 
13 86 142 335 383 554 620 715 729 769 775 799 851 872 
21 122 149 183 233 268 331 351 417 506 596 740 746 778 790 862 867 894 936 938 963 990 
22 10 37 71 84 87 132 169 187 322 323 331 372 467 469 527 537 780 807 928 931 940 972 
14 41 181 353 413 434 505 558 595 651 731 733 812 899 949 
20 11 27 112 147 230 232 258 379 380 444 494 553 644 707 734 833 871 881 936 976 
18 28 125 135 297 336 449 502 544 645 706 718 748 768 772 773 925 930 971 
22 23 315 316 329 389 397 439 495 525 569 577 600 611 692 705 719 755 771 776 779 835 980 
17 33 57 91 162 175 312 319 326 328 372 406 423 546 740 741 904 946 
27 39 69 233 243 318 357 381 405 431 438 468 484 486 494 671 681 691 729 760 799 813 865 872 929 968 982 987 
23 54 221 276 302 330 379 404 413 416 453 559 597 601 614 628 643 680 688 735 746 851 962 966 
25 70 120 121 163 182 216 238 351 415 441 458 466 496 505 535 541 612 642 662 676 684 817 845 866 962 
18 78 182 187 260 304 342 641 643 660 675 689 731 779 803 822 860 884 943 
25 2 23 36 103 140 186 224 387 390 470 479 520 593 629 643 667 676 711 719 744 766 768 874 892 993 
14 53 112 147 168 256 331 374 506 566 590 700 908 975 998 
24 98 111 121 153 213 223 230 312 381 403 433 470 665 709 787 811 850 862 893 896 910 935 946 987 
19 31 51 109 151 156 277 310 406 558 596 675 704 777 871 879 928 953 961 994 
12 98 172 273 392 492 559 587 640 751 866 944 985 
24 0 10 56 60 116 157 164 262 342 419 435 445 499 528 560 565 669 804 831 854 863 866 913 969 
22 148 154 167 229 317 326 367 408 430 452 465 508 517 653 662 672 702 754 809 892 963 998 
17 103 126 133 315 433 454 695 745 857 862 866 922 938 950 961 971 995 
20 44 59 89 161 207 278 314 320 360 368 369 370 422 559 565 730 767 771 786 872 
18 62 111 182 232 336 344 476 550 555 587 605 638 769 836 863 910 934 965 
21 20 51 101 105 132 146 191 240 273 286 393 473 485 534 660 816 818 821 864 901 990 
19 25 86 87 140 194 209 221 256 332 458 498 512 528 588 589 662 748 813 879 
18 24 42 126 174 184 228 273 314 482 510 546 555 558 620 899 925 936 974 
33 9 17 70 194 238 244 271 299 322 368 421 440 452 466 508 523 537 580 585 693 695 719 740 776 796 819 864 887 889 890 905 956 977 
13 47 125 147 408 415 462 518 522 534 585 603 796 970 
18 17 95 110 112 271 287 386 548 567 713 720 723 727 752 776 801 831 879 
14 24 46 105 128 157 233 262 323 472 640 879 908 929 933 
16 35 146 157 194 298 392 602 615 758 813 820 828 837 863 886 943 
23 34 52 100 160 327 465 476 501 549 613 638 742 748 760 769 774 777 802 832 836 853 967 968 
19 33 37 49 101 136 156 297 357 517 531 562 604 620 655 908 965 979 984 994 
18 223 289 295 313 466 559 672 699 770 779 792 815 842 881 902 906 920 923 
23 22 32 61 124 160 181 308 316 320 467 488 496 617 737 741 810 814 891 916 926 957 966 988 
15 9 67 98 109 116 120 255 298 419 422 533 729 940 956 992 
22 1 7 43 65 149 154 245 251 293 311 312 337 359 543 566 574 627 653 788 815 817 893 
18 18 56 89 215 227 246 266 308 354 576 687 742 829 844 890 957 967 973 
15 183 205 236 334 350 361 433 454 665 670 789 790 850 882 961 
20 10 17 91 123 220 324 351 359 390 431 448 475 603 606 628 673 695 799 880 991 
12 42 55 58 114 141 243 360 385 520 523 569 995 
23 113 182 222 223 271 313 355 443 468 504 528 634 706 735 741 761 778 817 878 901 918 967 974 
16 58 75 87 326 394 422 455 491 504 697 701 743 762 780 799 876 
28 13 22 46 97 102 146 154 258 313 353 423 425 447 454 500 538 697 721 742 754 779 801 846 918 929 932 969 996 
19 161 165 229 246 247 268 361 413 449 529 624 671 716 739 760 784 787 987 990 
20 33 148 162 209 315 329 399 484 501 568 599 611 781 797 803 805 814 844 886 961 
18 69 71 79 90 99 109 288 490 553 562 599 720 733 824 858 926 962 975 
14 50 98 129 578 722 723 736 782 801 919 964 966 975 989 
19 31 159 197 318 561 572 574 575 602 616 675 685 710 738 745 823 859 889 974 
18 48 117 226 350 414 430 447 453 502 554 563 575 584 680 754 775 816 957 
20 20 87 147 186 219 286 380 431 579 580 616 658 694 716 737 826 830 850 858 972 
12 297 469 487 532 546 617 672 758 761 820 875 915 
20 8 28 228 286 394 396 421 437 446 460 466 481 623 666 797 814 883 939 967 977 
19 17 23 54 98 156 208 251 285 295 352 389 626 698 761 770 789 832 847 969 
25 1 21 49 57 64 139 192 244 278 335 339 386 406 445 455 601 616 671 698 759 846 894 908 929 937 
19 71 119 309 317 341 381 431 474 561 579 619 631 788 834 914 934 945 949 974 
15 32 136 181 197 363 374 468 515 517 543 566 714 720 730 750 
16 70 98 380 395 412 421 443 486 489 629 640 641 742 748 793 832 
17 36 122 125 135 205 206 284 323 467 482 618 691 710 796 812 864 996 
