200 1000
371 471
174 657
527 647
217 247
109 452
77 810
267 511
295 386
327 911
38 160
271 556
373 443
389 438
226 762
106 554
96 292
684 753
441 952
295 869
206 674
422 538
147 956
2 24
316 919
156 517
40 292
120 897
159 448
318 985
110 844
77 281
136 796
93 920
124 209
81 506
603 672
83 603
111 168
435 530
478 701
756 856
356 826
6 26
342 347
415 443
228 228
788 890
286 342
266 286
30 818
483 579
284 344
238 708
496 508
462 507
659 925
612 667
229 753
171 623
9 546
37 114
300 431
486 804
282 837
1 3
123 425
693 846
110 714
140 722
21 324
81 184
556 581
693 937
414 552
65 175
694 736
487 518
127 913
260 383
140 938
125 234
134 239
86 103
34 110
194 363
135 326
399 684
415 674
49 57
147 204
436 624
29 569
349 564
61 878
18 74
170 334
646 750
313 451
18 108
16 220
545 559
117 735
237 352
758 807
465 648
122 441
571 645
17 72
93 371
39 105
182 466
222 733
24 272
482 716
161 564
123 132
215 665
56 137
16 65
66 179
610 622
507 540
438 930
614 941
215 217
599 612
360 498
227 299
140 613
5 69
140 179
448 476
58 163
288 762
318 641
543 1000
84 566
284 880
196 355
366 831
156 545
167 692
409 479
530 704
125 204
274 670
230 963
28 604
506 765
75 75
38 257
354 399
28 146
574 798
167 641
54 559
760 885
211 295
54 533
330 334
249 518
55 619
651 828
638 875
141 188
135 414
147 663
269 369
345 853
36 70
226 421
54 379
104 190
675 743
28 36
349 980
357 412
71 281
64 145
138 159
51 367
242 329
37 287
618 869
42 109
5 362
512 626
118 831
429 634
35 114
2 2
35 361
84 117
83 344
56 116
201 463
185 213
287 964
545 693
16 82
140 879
23 33
59 725
149 399
365 639
864 935
382 651
27 35
59 67
29 587
26 311
27 170
327 416
22 25
609 613
35 48
653 964
48 222
460 967
140 651
230 624
23 727
366 884
280 317
162 358
147 178
75 353
171 345
215 679
116 590
354 696
103 210
448 600
159 201
235 400
24 559
125 305
288 790
1 30
237 282
58 84
310 780
156 688
360 928
59 468
682 906
331 558
528 611
205 388
94 241
195 289
64 92
485 527
8 35
43 742
20 387
192 623
152 402
631 728
208 349
756 906
463 948
396 523
78 191
49 76
55 70
254 966
784 823
267 410
284 299
100 243
502 837
531 738
263 449
22 40
464 478
216 625
256 542
203 497
97 270
141 561
243 783
820 868
5 304
22 51
725 805
92 140
133 156
416 644
23 88
137 959
47 583
24 38
451 656
121 912
56 368
54 147
297 679
175 939
625 676
31 133
513 580
67 238
427 571
71 81
404 596
569 791
328 502
262 292
339 603
134 783
242 255
65 213
71 177
166 241
65 70
123 152
116 487
640 952
237 479
321 657
126 374
710 997
288 895
264 471
53 255
224 316
199 309
72 74
100 213
795 995
49 69
640 841
677 694
161 897
390 924
200 502
528 650
596 948
285 886
160 238
181 642
456 754
370 870
118 153
3 7
151 295
56 979
13 36
72 96
253 405
315 339
530 693
457 899
133 725
345 444
42 569
367 726
419 511
15 273
29 109
415 806
34 49
694 790
20 21
337 470
544 561
541 657
92 171
352 574
789 877
357 945
506 759
304 324
893 924
70 567
73 385
398 798
174 375
447 457
448 544
461 571
828 921
24 701
565 633
81 259
199 667
55 567
32 73
99 174
299 888
133 367
243 862
641 694
25 736
302 770
198 682
478 813
13 206
108 854
365 812
2 2
55 199
5 28
17 45
940 970
95 469
107 215
12 66
332 338
114 900
1 9
71 211
28 743
5 18
20 62
262 647
711 793
224 420
148 159
213 750
91 134
33 78
276 956
518 686
391 460
819 987
132 287
120 489
463 958
335 378
463 656
123 757
455 456
411 736
891 974
116 364
637 787
313 322
692 858
175 988
108 497
12 182
158 989
378 710
495 899
275 284
29 52
378 491
133 295
49 143
445 651
193 362
204 632
169 367
359 630
52 57
536 809
256 680
64 308
49 177
311 508
479 987
61 343
26 134
21 24
27 108
294 379
0 543
8 392
802 851
857 992
32 68
22 83
34 593
47 47
246 437
106 975
124 241
237 343
530 800
47 157
50 114
374 533
7 21
89 738
259 460
153 734
454 684
13 46
49 234
60 307
336 741
350 676
265 332
807 909
107 209
62 125
433 559
383 493
77 196
144 731
97 201
473 864
270 643
571 999
638 766
60 884
13 13
323 452
475 508
29 184
112 686
99 117
70 312
387 722
400 874
438 837
66 85
651 840
360 456
461 519
83 166
481 882
316 555
191 211
295 670
186 266
64 176
372 470
312 729
56 272
59 915
514 576
232 415
693 767
156 977
137 157
382 394
76 375
205 901
401 604
278 485
154 201
143 144
143 428
4 364
502 587
433 955
161 703
393 546
302 728
6 738
174 792
102 606
242 292
347 561
111 288
269 456
103 349
360 448
81 910
211 487
323 504
26 559
29 260
223 283
23 280
316 808
45 564
428 852
128 276
2 193
335 611
667 799
8 122
155 260
679 818
49 609
507 513
382 626
73 299
228 406
113 353
290 807
277 402
101 487
70 456
120 292
134 584
490 530
526 623
420 778
537 538
553 605
755 978
246 565
11 48
12 780
636 849
166 688
352 390
260 273
881 895
766 874
67 104
97 649
0 154
25 510
470 925
9 202
328 388
791 984
718 807
51 91
58 356
259 723
356 479
50 57
331 350
4 63
148 187
58 89
760 777
674 726
282 714
127 390
99 132
106 172
139 500
123 794
482 631
215 490
383 677
276 397
355 403
127 177
554 990
360 975
329 611
221 229
137 813
188 194
78 417
129 155
521 821
416 883
76 211
490 788
597 736
658 878
239 361
1 8
50 79
107 967
561 741
78 114
357 609
3 3
911 989
83 616
56 534
21 306
283 934
126 383
4 170
281 763
592 824
568 970
406 577
19 599
372 626
70 631
124 141
116 647
802 864
51 119
224 459
132 381
492 780
646 1000
217 662
262 435
63 961
234 302
20 41
251 672
626 675
260 830
278 383
18 219
35 819
168 206
203 387
425 729
357 884
446 643
9 381
758 791
78 427
115 243
75 434
854 966
279 504
647 678
41 678
187 601
17 509
4 6
258 895
231 565
655 725
573 789
290 810
180 447
197 213
191 882
68 868
36 667
22 165
90 239
627 745
356 839
414 992
172 780
183 338
305 827
53 606
87 230
317 437
330 607
55 81
23 222
902 956
62 215
32 502
39 85
119 130
291 546
826 931
204 452
189 912
336 647
225 260
838 975
65 606
221 463
85 139
207 655
400 408
367 720
97 143
603 696
746 790
107 151
41 52
105 231
593 842
78 136
736 793
153 764
252 376
3 10
77 180
12 104
537 627
146 825
233 485
419 934
115 133
93 139
253 536
178 528
396 653
181 202
288 301
267 549
29 512
375 653
543 676
0 182
393 871
214 650
197 625
87 94
118 405
121 148
154 544
74 350
458 729
112 288
232 377
581 908
1 48
61 434
23 132
502 711
380 968
271 744
499 988
67 70
185 928
866 939
580 987
155 935
279 454
208 242
322 860
480 554
549 859
201 980
8 116
107 877
20 170
60 61
855 962
4 68
24 235
139 797
324 372
123 319
331 443
172 430
20 118
22 23
83 304
148 169
310 663
230 976
380 589
186 534
321 519
143 319
175 200
159 622
45 685
534 664
133 181
203 628
14 676
25 25
165 177
429 796
337 339
78 156
159 849
112 542
210 611
101 332
441 801
27 191
21 417
119 349
42 483
580 897
520 598
154 250
191 707
707 842
232 290
96 224
468 716
208 436
8 33
225 894
339 733
396 524
568 829
7 955
705 915
428 767
194 556
409 851
32 84
140 834
217 266
731 794
515 573
15 720
43 102
184 742
230 444
125 703
745 881
547 873
494 564
102 121
297 723
33 306
118 426
331 523
123 305
97 99
46 72
286 470
296 315
546 842
163 272
341 714
248 773
151 379
128 945
223 660
47 157
499 784
241 892
32 703
202 306
463 611
71 420
737 987
256 852
179 676
262 372
80 247
73 161
7 96
711 979
1 1
642 706
514 880
442 971
4 670
195 619
273 362
44 436
30 143
7 478
118 365
466 939
32 243
503 550
219 323
52 119
380 678
836 841
42 86
81 923
473 784
181 487
7 175
32 126
232 879
490 558
106 500
443 863
23 146
431 571
372 560
384 428
27 81
15 621
356 685
104 433
8 336
391 928
97 461
154 324
59 752
783 871
62 150
11 46
146 492
251 878
8 312
534 624
328 483
147 631
7 9
201 410
567 937
49 234
347 951
46 496
428 698
327 859
213 436
64 405
7 43
672 912
23 52
227 258
457 466
592 815
0 4
115 794
896 1000
331 613
67 409
56 178
722 964
34 333
153 330
160 886
82 291
90 191
272 955
19 174
96 264
22 466
25 65 79 114 130 139 173 176 257 278 288 295 417 428 504 537 633 663 678 707 781 825 855 899 975 982 
23 0 25 75 135 143 164 204 208 211 237 268 333 363 391 675 695 722 729 824 840 886 922 948 
24 25 31 232 251 320 363 395 474 493 525 628 643 670 697 713 785 804 863 925 927 950 951 993 995 
15 63 124 156 219 248 271 301 351 355 374 384 664 801 865 918 
23 3 87 174 205 209 248 281 386 389 398 407 525 549 563 748 775 843 854 872 899 927 985 997 
23 9 70 147 149 163 243 279 333 348 399 461 503 589 613 622 728 759 788 801 866 906 938 987 
20 249 263 274 374 376 404 441 478 502 537 572 697 788 789 802 823 842 857 909 953 
19 0 70 250 260 283 327 330 383 458 477 494 515 522 534 668 788 815 878 970 
22 70 167 180 220 246 268 346 385 396 449 477 490 512 539 573 628 629 637 744 774 829 839 
27 7 10 46 49 57 69 112 211 234 244 320 359 374 382 454 553 560 577 587 701 717 745 801 803 843 869 937 
23 11 131 142 147 159 293 442 447 496 515 523 532 538 614 646 666 689 745 771 884 906 931 946 
21 28 35 98 126 158 375 390 398 448 600 629 638 658 719 747 748 856 919 945 946 960 
14 212 224 340 404 502 537 538 544 558 566 605 626 879 889 
26 45 147 205 342 354 379 487 490 512 563 577 593 627 631 651 670 675 729 764 799 848 866 916 923 960 990 
14 17 41 115 237 279 608 681 767 771 794 797 864 893 998 
21 36 43 49 69 113 229 232 309 401 417 443 455 654 676 713 737 745 810 860 887 984 
16 21 64 167 395 410 519 559 576 585 601 620 631 718 858 968 996 
20 90 105 147 249 374 408 417 426 469 513 523 603 637 700 795 813 835 856 864 959 
25 100 113 189 258 268 307 347 367 369 411 428 490 592 607 624 645 678 693 697 711 743 764 771 773 875 
20 7 28 61 114 208 276 290 313 315 357 385 481 494 503 540 593 642 704 784 825 
21 9 32 36 102 118 229 240 270 285 320 338 428 434 566 583 601 629 731 782 972 990 
20 26 106 274 284 296 308 333 343 357 376 431 534 554 630 699 715 774 791 893 915 
23 21 42 65 90 124 149 156 190 207 233 292 309 319 426 703 751 793 859 860 863 875 944 974 
13 44 140 183 312 441 526 534 546 609 612 659 724 817 
21 49 88 152 162 263 326 414 456 468 508 548 559 708 729 746 757 800 817 839 908 920 
15 58 84 138 148 222 233 258 319 378 383 461 545 550 697 783 
14 113 280 316 406 413 445 448 585 696 737 747 835 861 985 
20 83 112 201 280 341 364 385 391 405 440 520 627 630 648 664 794 863 906 909 931 
23 53 93 121 144 173 259 291 308 441 479 490 504 524 555 682 698 776 838 917 935 937 946 952 
18 64 153 159 164 204 261 269 312 371 416 581 745 803 876 906 909 944 949 
17 60 73 98 141 277 300 359 383 393 439 498 589 595 658 852 857 954 
25 26 67 98 197 200 279 287 302 316 331 366 368 417 450 532 540 596 625 671 704 733 748 808 850 886 
17 33 37 40 61 62 118 120 186 281 388 412 746 781 792 873 976 979 
20 13 14 24 136 227 249 262 343 354 376 416 435 476 514 716 838 847 903 913 961 
19 113 123 200 222 224 283 321 418 468 474 565 617 641 693 719 781 847 856 901 
20 3 5 96 302 310 318 346 384 431 448 476 587 644 692 735 754 803 884 890 954 
23 52 140 185 201 202 255 346 352 376 383 429 437 483 536 550 587 638 763 802 867 915 927 933 
22 18 108 242 270 298 323 371 378 389 443 450 494 521 527 613 667 704 727 746 854 953 971 
25 19 57 174 181 191 365 380 394 401 411 531 632 652 684 693 703 772 794 819 825 844 883 916 948 980 
15 55 106 206 346 353 440 468 481 498 547 549 564 824 875 946 
21 4 108 112 174 187 207 219 275 325 427 441 445 515 574 579 616 741 915 934 961 964 
18 7 84 128 178 245 281 301 328 386 468 528 568 654 683 730 810 860 866 
23 52 64 180 189 261 352 392 439 442 444 475 577 600 613 614 649 838 856 877 878 884 966 987 
19 24 59 65 138 161 162 172 248 297 425 696 777 793 857 932 956 957 967 984 
13 42 57 191 301 349 430 494 551 570 660 833 870 975 
11 15 182 190 323 466 473 538 585 603 855 865 
17 2 48 60 137 141 157 197 233 369 632 722 808 831 836 838 894 963 
16 44 178 275 318 398 403 490 492 596 656 657 730 807 867 906 941 
21 27 34 63 302 420 506 531 623 686 754 765 791 812 831 868 872 877 906 918 938 944 
22 25 36 122 132 149 233 299 313 335 347 413 419 429 470 491 530 537 592 615 618 680 734 
16 26 193 204 208 352 375 386 408 484 541 580 594 604 749 792 826 
19 50 59 73 94 293 310 332 403 406 434 529 549 745 820 841 885 926 940 964 
24 49 54 88 97 160 235 284 308 321 375 379 399 415 438 441 478 491 506 588 617 803 939 962 975 
20 57 65 83 88 197 231 234 325 387 444 447 483 613 627 657 716 817 875 882 970 
20 51 107 160 165 179 215 324 346 348 368 448 493 508 539 565 606 680 756 863 951 
24 85 166 205 278 300 337 380 398 425 476 502 514 600 613 685 757 786 819 821 874 882 907 918 969 
20 2 66 102 144 199 232 309 406 521 619 685 695 698 713 760 761 805 816 915 946 
22 6 67 87 99 108 201 394 418 464 496 500 502 524 527 566 571 601 681 759 841 927 960 
20 14 64 80 83 117 147 252 451 632 645 682 699 701 724 731 769 783 834 895 935 
28 0 1 138 227 232 269 292 399 402 447 518 532 542 567 604 624 628 755 773 830 833 865 893 926 936 959 961 974 
20 27 81 184 193 206 226 337 463 556 630 682 688 714 737 748 791 818 900 933 953 
25 86 96 110 288 309 311 381 394 460 466 475 476 496 608 651 655 675 714 745 890 932 945 963 979 988 
22 50 52 76 77 259 265 303 375 404 420 454 459 477 507 565 583 723 809 928 937 947 986 
20 51 72 140 166 204 253 271 370 410 421 520 610 615 619 710 719 725 847 941 962 
21 87 107 138 147 150 151 199 279 466 510 544 590 614 616 697 706 785 791 809 930 942 
18 97 158 184 225 248 270 302 367 386 434 520 521 636 671 737 794 865 993 
20 51 105 125 155 272 277 384 393 467 535 600 602 638 709 732 761 771 836 965 994 
23 6 14 64 91 95 119 139 172 183 223 259 421 447 460 617 662 681 724 755 844 895 982 983 
17 20 43 104 106 114 176 232 405 634 665 691 699 789 798 854 919 954 
23 17 88 178 196 273 289 291 392 430 466 490 497 505 558 568 612 666 680 713 825 893 899 918 
20 26 54 68 116 235 236 310 323 431 433 471 561 565 579 681 758 884 895 920 947 
21 15 31 78 172 175 176 215 245 248 301 383 412 506 549 687 693 838 849 937 979 989 
17 18 28 60 98 162 189 241 242 431 518 526 702 733 766 822 959 984 
23 28 65 115 140 195 251 443 523 590 591 656 661 702 724 727 734 801 815 859 908 916 930 980 
19 84 169 277 319 384 430 456 544 615 623 626 745 775 819 828 843 934 944 946 
23 107 109 289 325 406 433 436 437 557 568 613 620 640 664 806 839 875 893 911 916 933 959 977 
23 0 84 132 230 495 509 551 559 562 615 624 691 695 706 781 801 806 811 813 832 840 855 919 
23 24 53 73 84 91 144 158 175 252 369 475 495 553 578 607 618 635 684 724 828 840 861 948 
19 49 64 73 121 205 262 278 315 353 362 377 447 549 792 851 859 915 984 992 
15 27 218 350 465 466 504 508 597 662 715 775 847 914 992 997 
15 1 37 133 370 409 413 436 557 662 703 755 791 871 931 972 
12 103 258 269 359 469 505 509 516 560 671 790 907 
20 12 21 23 35 38 106 181 198 273 291 316 353 442 451 463 513 565 691 797 827 
16 132 227 244 352 406 422 499 588 615 713 717 758 777 809 915 930 
17 76 154 184 229 264 278 370 555 661 714 733 772 855 875 894 960 999 
12 158 291 371 388 475 491 609 677 697 725 749 894 
18 29 30 113 232 246 337 367 374 399 424 465 552 624 674 685 756 812 829 
26 16 142 161 199 220 265 301 347 405 496 505 550 554 570 688 726 838 853 866 870 882 885 898 908 942 963 
17 63 75 320 355 364 380 460 485 586 626 640 699 718 873 880 923 969 
21 8 11 19 25 66 83 222 223 226 334 492 577 614 621 672 675 821 824 876 941 995 
22 12 34 101 113 183 277 327 398 424 493 500 509 537 556 588 602 648 661 738 772 806 830 
21 47 60 99 126 177 197 242 258 308 420 429 464 532 562 665 716 735 889 951 962 988 
21 20 31 204 210 250 262 292 303 356 372 391 598 619 644 649 658 724 742 785 827 905 
18 6 68 105 171 199 237 415 467 487 557 695 697 747 750 824 913 952 997 
30 52 152 163 203 251 293 347 368 409 432 455 457 495 588 621 682 700 718 720 754 784 820 826 828 882 891 926 937 974 981 
27 0 48 85 86 177 224 291 300 364 415 432 471 474 504 591 600 647 660 670 677 689 700 738 739 894 911 926 
24 74 100 105 148 158 173 292 310 335 339 416 429 435 444 464 484 656 683 830 854 868 937 959 978 
24 6 30 39 86 145 165 167 280 312 354 398 409 442 445 478 581 687 778 813 814 818 864 959 981 
14 35 90 104 125 177 250 334 482 503 547 586 601 707 757 
17 40 46 59 71 94 155 270 304 360 402 521 576 648 684 933 945 999 
27 62 89 99 139 182 273 329 375 396 507 520 535 565 597 623 650 677 680 683 734 738 752 773 844 951 960 977 
17 51 62 146 179 355 387 491 520 582 614 616 637 725 756 768 802 925 
19 114 164 171 178 262 336 366 429 462 535 615 623 705 793 855 931 932 940 951 
15 64 186 258 390 536 600 670 726 782 812 858 876 881 913 917 
26 25 179 319 324 355 362 399 414 443 491 499 502 533 550 569 607 619 705 829 864 871 891 897 915 940 986 
17 222 254 334 341 357 362 462 470 473 492 611 629 638 646 685 765 804 
24 66 83 103 150 201 216 254 305 375 377 378 411 449 457 502 656 658 700 716 727 745 748 841 931 
24 0 133 197 249 256 325 363 364 382 546 652 671 733 782 827 863 875 879 896 909 942 956 971 998 
22 22 102 114 140 154 163 264 315 467 478 523 536 614 626 848 858 894 896 922 930 960 968 
13 32 49 134 196 252 358 433 584 602 786 842 959 995 
13 13 16 217 267 283 356 492 564 898 937 954 967 977 
23 4 12 41 85 89 103 181 190 461 479 574 604 627 632 805 816 882 890 907 910 932 937 983 
23 12 29 176 225 286 314 346 453 480 485 577 610 660 701 728 746 796 827 833 838 867 958 985 
17 113 117 193 216 286 387 472 500 514 525 604 639 679 779 793 869 918 
12 171 245 268 297 350 384 666 691 694 733 888 910 
20 53 62 69 83 108 177 194 197 206 260 269 270 452 548 591 598 676 735 831 879 
12 88 173 191 213 372 451 573 618 658 839 854 917 
17 49 175 189 286 300 389 400 415 419 511 516 623 684 781 871 910 994 
18 13 27 43 104 111 121 198 210 409 542 663 760 791 794 807 828 878 985 
20 58 84 106 153 156 180 202 226 254 276 386 466 522 615 637 648 739 864 871 907 
16 13 15 72 97 112 180 204 365 401 443 554 634 653 725 947 976 
18 116 127 222 338 349 400 442 491 501 585 680 702 826 920 937 949 976 988 
22 71 76 135 183 194 205 216 224 272 294 447 540 570 605 606 637 740 824 832 845 957 995 
19 159 192 205 207 223 305 338 366 400 435 641 692 708 739 773 893 910 916 919 
23 33 72 214 240 323 349 351 365 377 421 432 446 453 469 567 577 670 672 776 786 834 879 961 
19 17 59 119 122 200 313 345 392 430 463 479 511 639 715 782 804 911 940 955 
23 16 66 168 169 206 275 279 280 293 300 334 406 433 434 452 464 472 561 585 643 656 726 835 
14 91 105 137 173 211 216 321 476 493 506 508 856 939 953 
19 2 13 50 78 81 150 233 250 260 373 377 402 510 615 626 728 784 814 938 
25 44 61 112 175 215 280 308 311 335 362 366 510 512 575 660 670 671 876 883 889 893 953 960 986 993 
19 30 86 89 203 294 295 321 333 383 531 541 585 623 707 733 791 816 924 943 
20 44 96 110 131 195 196 215 322 362 365 372 433 450 492 498 550 682 763 863 885 
17 57 162 181 191 192 221 329 447 622 673 690 736 824 848 886 945 968 
18 96 123 197 322 324 326 419 460 534 573 640 673 753 787 847 850 887 921 
18 41 42 70 100 141 170 324 363 541 554 624 713 741 792 898 912 961 984 
24 3 74 147 155 161 182 235 284 319 353 378 486 545 574 683 730 771 774 793 832 854 930 959 975 
15 55 71 117 129 240 314 403 470 580 620 623 692 812 888 933 
20 54 66 67 180 209 309 348 497 515 567 633 672 683 692 733 736 763 786 932 963 
16 8 34 92 148 151 204 264 402 423 594 644 781 799 863 870 872 
21 5 41 95 98 161 241 340 397 420 475 526 631 714 721 750 795 803 850 855 955 959 
25 27 52 94 114 120 124 145 255 266 346 366 429 452 545 561 575 663 706 778 814 897 907 916 953 991 
18 2 230 259 260 272 278 285 303 308 454 477 512 545 690 724 849 900 902 
23 22 29 56 108 134 261 324 405 435 464 490 492 505 535 680 720 721 725 770 866 944 952 978 
20 97 171 188 198 296 430 449 467 474 479 553 568 586 608 667 693 727 783 801 897 
19 93 115 198 317 326 423 438 493 536 565 590 595 605 624 625 651 661 805 840 
20 59 115 153 168 200 363 370 374 432 437 538 587 592 618 768 785 822 883 894 907 
16 112 138 185 348 416 477 492 511 522 579 580 595 618 774 853 985 
17 27 92 109 249 297 319 422 428 444 480 613 657 715 716 732 896 962 
22 24 79 99 143 154 159 277 282 440 491 566 596 603 691 698 736 747 764 792 793 830 857 
24 14 47 49 58 63 68 131 252 311 384 441 462 481 493 556 605 657 673 701 868 944 952 980 986 
18 101 116 131 132 238 268 353 363 364 385 450 582 616 766 842 852 989 991 
14 42 189 192 198 222 293 374 424 552 576 594 848 921 976 
17 26 85 138 240 277 321 405 436 479 546 607 625 679 776 787 951 968 
21 38 45 55 68 282 300 314 336 472 513 550 562 672 673 706 721 751 789 909 914 984 
11 62 412 449 625 659 699 750 867 939 964 993 
19 65 77 168 187 215 234 255 287 336 430 507 535 669 710 796 862 869 878 954 
16 15 33 80 147 202 501 573 613 650 656 674 698 742 784 839 955 
20 1 105 127 149 171 241 337 401 403 431 504 524 635 686 692 749 763 772 815 996 
17 69 147 172 260 301 322 339 383 432 522 553 606 614 682 917 970 973 
18 151 247 338 347 352 361 400 403 431 497 513 531 578 785 796 812 817 908 
19 3 30 210 266 302 306 321 358 369 482 560 602 657 659 734 772 774 837 897 
17 26 68 194 223 265 357 387 535 601 674 749 754 776 851 898 930 952 
16 42 61 93 218 230 239 240 249 259 549 551 600 754 773 807 990 
18 101 231 385 389 400 478 480 524 552 591 617 691 694 700 884 945 954 989 
18 2 146 150 172 212 319 442 467 553 668 704 726 728 800 831 912 920 928 
26 5 96 160 171 172 190 236 362 388 428 465 474 475 586 642 648 671 681 712 713 724 766 795 813 908 974 
17 142 148 181 197 322 341 384 397 448 514 555 595 754 782 838 953 978 
25 8 9 107 195 209 242 317 356 398 436 446 483 551 567 574 614 669 670 727 775 784 875 876 883 887 
13 4 122 134 253 298 328 415 464 637 765 795 917 937 
19 67 223 274 285 319 320 391 438 465 521 531 606 616 625 768 826 868 893 969 
23 5 8 41 177 189 272 354 367 448 488 539 547 579 625 680 681 715 758 802 827 908 944 965 
16 24 39 46 58 74 86 110 171 224 474 588 594 623 687 759 788 
18 32 50 71 236 243 375 475 581 590 679 735 772 798 815 854 875 880 896 
20 16 58 61 71 134 191 331 395 557 578 603 630 705 726 782 783 784 874 926 949 
30 18 72 86 96 132 152 166 193 302 311 349 358 360 405 428 451 465 569 586 587 592 643 674 703 713 767 895 896 897 910 
25 4 7 29 64 119 147 171 225 241 258 304 323 408 421 494 552 571 613 682 702 792 882 903 916 952 
14 19 24 66 301 306 327 617 676 760 771 888 921 937 993 
13 70 143 253 304 333 390 469 680 767 865 894 910 987 
22 24 84 136 152 160 201 228 251 266 339 490 533 551 552 613 663 733 802 818 869 873 906 
10 182 294 328 471 507 538 575 756 845 883 
23 20 87 109 187 234 336 356 423 439 441 450 593 602 642 680 694 735 816 842 877 904 939 945 
13 67 217 278 282 363 416 531 558 678 736 783 805 974 
15 85 165 176 250 287 346 399 432 517 554 556 589 603 849 987 
20 133 141 235 248 261 300 407 410 419 614 623 691 740 779 808 814 870 877 958 998 
19 82 83 182 205 218 244 334 342 376 461 543 649 650 813 902 936 986 993 999 
18 58 75 184 185 195 228 292 340 361 371 452 551 659 670 783 787 804 935 
17 25 43 50 115 120 186 199 241 248 503 549 639 747 762 786 790 797 
21 3 50 59 118 223 271 365 455 514 536 539 633 657 682 709 755 757 814 855 895 908 
26 45 97 107 172 225 241 263 290 322 335 344 364 368 415 446 465 495 503 533 624 780 826 829 841 907 996 
14 31 57 74 228 267 291 362 422 593 662 681 731 746 810 
19 85 133 135 174 520 535 550 599 653 680 714 717 720 755 846 891 938 966 984 
22 69 133 175 208 217 242 295 362 363 434 449 499 533 558 586 600 616 659 734 815 926 951 
12 77 407 520 528 641 667 681 708 752 796 828 956 
24 1 92 180 189 190 379 381 400 401 418 453 480 544 577 578 601 628 802 867 892 917 931 952 965 
24 49 109 139 158 281 296 408 418 490 513 521 569 585 631 637 645 698 725 746 881 895 901 906 951 
27 116 123 148 170 271 282 291 330 339 351 407 417 425 474 486 694 705 709 781 892 904 909 912 924 934 985 994 
15 12 51 87 112 139 185 190 294 393 517 683 686 740 764 834 
15 60 151 174 200 240 476 489 516 535 589 611 825 885 929 977 
21 45 192 194 196 207 256 269 333 350 352 383 402 512 555 602 680 717 747 847 971 994 
26 1 10 72 89 131 243 268 273 320 346 362 374 388 390 482 536 619 625 665 680 686 782 787 900 927 960 
