200 1000
3 711
164 329
471 833
321 905
306 400
223 280
401 504
250 381
412 450
76 835
105 720
509 783
205 368
7 9
818 872
416 726
147 792
51 77
144 561
67 173
38 868
283 513
32 111
242 957
98 503
212 980
282 501
147 452
124 388
182 691
253 646
358 771
263 263
170 857
56 94
13 234
645 869
65 192
347 390
384 849
549 707
137 240
134 699
103 167
70 227
491 977
0 148
44 435
111 947
660 726
245 390
469 738
2 123
94 375
99 123
0 2
208 234
77 177
134 351
193 326
127 152
131 508
24 182
157 335
23 243
411 816
491 959
68 71
105 115
652 893
522 542
700 862
257 384
203 556
420 928
137 236
284 317
198 387
651 772
20 375
32 702
55 199
10 29
39 230
277 891
25 70
87 572
7 480
425 801
281 923
62 900
32 775
115 142
329 878
89 89
356 703
264 573
255 511
368 420
177 399
439 511
280 868
29 355
239 528
3 121
36 138
7 40
69 253
178 300
176 199
34 297
217 455
272 782
11 84
15 420
450 466
527 651
431 600
3 304
172 416
229 286
352 602
519 639
455 873
876 924
779 997
83 979
27 151
193 320
93 786
87 510
236 740
27 900
355 441
82 99
403 498
31 31
526 569
647 736
7 39
193 938
72 223
312 469
750 764
35 333
16 218
268 391
229 505
212 438
642 759
77 110
21 24
49 347
277 280
843 935
120 382
2 861
118 326
931 943
7 664
110 152
351 664
682 825
94 372
183 191
24 224
67 86
94 236
96 579
62 294
700 850
42 468
186 186
388 433
715 824
768 904
275 294
149 392
726 730
488 672
51 560
20 66
44 119
22 953
503 597
56 860
272 300
1 25
91 828
313 931
346 411
94 100
368 793
518 866
9 42
24 432
204 347
324 348
159 857
0 316
267 537
39 40
225 550
73 80
11 66
98 239
146 157
419 508
64 314
52 267
64 727
145 833
414 827
943 971
144 324
672 962
19 663
24 70
206 212
610 728
28 236
104 525
436 985
523 628
35 710
194 878
15 17
826 955
63 341
866 966
95 454
96 558
50 220
7 136
77 295
15 52
27 761
730 811
667 700
623 821
250 304
259 904
701 861
54 699
517 951
44 354
10 489
23 226
160 448
214 901
633 737
13 58
101 246
838 974
350 385
213 544
4 12
98 502
27 44
516 728
334 624
12 229
64 185
651 933
489 964
106 483
590 735
150 494
17 48
21 278
285 631
127 898
530 573
127 399
44 48
41 561
113 565
511 770
70 113
97 134
85 363
312 616
209 310
413 625
78 126
62 793
21 91
163 979
74 170
129 248
318 461
462 749
282 610
418 599
136 233
222 631
589 845
115 243
33 153
334 831
125 758
476 716
51 332
170 201
50 194
4 998
62 487
121 310
392 825
53 368
109 344
6 358
115 255
300 381
59 82
248 747
76 556
85 550
39 145
178 845
111 666
641 791
241 305
227 808
433 621
314 656
796 945
530 887
226 546
332 399
266 873
44 204
277 472
77 132
405 477
362 777
503 790
107 118
496 821
28 113
40 255
283 389
78 294
323 425
293 428
61 96
15 18
84 403
29 88
46 477
545 887
51 374
423 759
279 462
474 660
16 189
159 186
109 289
574 880
303 556
172 901
99 264
73 470
355 718
130 220
30 34
308 521
58 332
924 943
66 774
534 569
63 174
181 278
121 447
141 779
181 757
51 71
148 509
107 128
644 972
73 349
755 787
140 236
132 280
631 761
168 202
196 385
339 578
282 390
644 811
86 212
70 82
89 264
63 1000
240 765
124 560
627 686
502 648
8 18
298 359
250 335
3 10
180 398
147 237
428 454
141 346
17 508
471 590
463 540
34 576
48 536
18 215
116 884
669 930
43 188
35 147
182 624
134 141
383 984
602 835
497 642
478 842
157 294
185 192
32 83
152 602
440 610
567 956
41 45
478 646
0 32
0 14
240 332
12 21
357 428
29 241
48 252
11 32
0 7
155 627
249 722
177 216
171 896
82 231
33 182
270 954
348 558
149 232
99 143
373 851
609 766
736 910
49 80
759 951
35 42
692 982
650 873
146 609
332 495
306 868
119 303
424 676
78 96
30 423
833 945
68 245
387 902
724 987
2 5
391 902
571 620
238 559
635 674
416 828
333 538
221 338
114 316
456 677
373 522
65 914
444 709
657 821
283 484
159 295
147 801
124 614
458 733
120 292
5 24
432 664
24 211
286 809
277 345
42 490
140 513
535 730
198 479
107 971
144 504
430 620
199 803
178 720
531 772
212 716
813 943
57 70
588 879
17 131
30 307
858 957
270 320
268 402
476 511
263 821
79 566
182 817
313 932
599 836
66 370
15 86
318 887
439 928
50 321
616 819
638 868
271 517
0 13
34 386
19 922
56 88
419 435
74 118
523 814
914 927
315 388
164 599
578 818
302 533
535 846
34 37
254 685
133 295
94 105
193 349
150 405
693 879
72 72
520 948
152 377
40 318
3 87
18 19
277 812
94 403
237 406
17 103
34 40
146 889
118 599
370 927
1 1
458 667
96 948
407 955
316 484
294 394
346 975
151 465
155 234
42 118
1 91
163 447
65 632
88 290
62 146
9 101
30 97
455 461
38 419
340 573
101 178
75 321
661 938
192 862
869 947
400 797
618 978
824 959
46 197
66 146
45 189
22 61
810 973
41 640
23 61
49 441
142 542
155 617
252 538
55 67
17 100
285 363
225 309
205 273
517 645
118 125
103 518
185 225
39 82
121 508
124 456
406 428
613 670
657 923
256 277
64 96
79 197
55 88
122 148
141 316
487 686
469 653
816 854
317 982
10 105
69 775
511 727
125 256
153 592
177 430
121 140
346 611
184 192
176 326
217 484
760 922
136 504
802 916
131 958
299 676
185 210
556 734
152 577
109 549
302 533
69 172
74 616
580 733
49 210
329 393
190 275
98 337
106 556
64 404
30 415
36 131
666 890
44 159
124 204
0 17
75 671
533 813
30 87
594 730
8 200
618 922
7 68
95 629
915 987
351 630
51 359
352 717
2 513
47 94
278 599
31 333
777 949
248 592
110 392
539 861
214 436
444 952
305 457
204 403
620 771
717 858
3 214
637 723
336 859
406 889
594 929
143 309
22 66
0 513
132 167
200 456
45 231
166 533
425 437
238 731
168 540
20 97
51 187
82 517
282 856
749 799
250 296
2 376
263 304
108 245
52 917
65 108
20 21
199 294
123 413
103 534
367 649
79 248
74 852
238 896
210 845
24 25
22 23
185 331
786 880
758 847
454 940
61 450
179 864
130 480
457 680
177 525
239 701
59 120
188 278
82 331
403 440
280 290
30 276
394 466
309 483
487 564
58 161
146 199
19 32
151 653
277 281
522 912
258 329
446 616
329 582
62 507
13 730
63 288
617 672
184 448
534 822
13 88
76 349
44 76
110 243
96 282
427 492
191 220
17 71
410 797
426 769
442 712
213 677
244 445
356 589
181 315
344 476
84 342
18 83
16 43
362 383
59 321
174 941
686 908
153 791
388 905
376 523
5 8
251 266
25 43
61 944
32 642
72 78
541 713
42 43
910 955
268 574
111 136
179 621
74 255
102 843
326 988
93 628
314 929
310 340
19 47
351 515
365 723
299 771
142 777
117 151
582 633
652 658
16 179
469 926
89 181
83 98
316 556
221 613
370 687
374 447
119 154
89 601
16 24
113 340
114 182
832 903
8 72
164 961
42 121
42 272
23 344
176 218
367 592
526 981
257 724
283 427
257 468
581 835
192 428
535 703
118 415
203 471
105 134
263 632
254 480
176 965
702 817
11 674
320 592
72 573
131 319
246 284
22 776
370 664
148 175
60 220
95 225
54 65
6 310
155 576
156 286
6 828
60 65
99 531
794 810
77 145
185 925
512 688
19 23
10 331
72 152
175 723
444 999
66 213
646 699
254 532
9 55
515 533
35 391
694 818
446 799
726 887
740 758
353 714
565 969
198 288
132 247
332 683
170 351
391 685
46 985
121 428
149 702
9 17
59 489
127 132
773 773
440 958
165 319
284 617
322 483
750 953
53 241
7 41
75 75
492 880
456 869
167 261
79 216
288 611
116 329
331 640
882 891
46 260
285 664
245 832
152 393
69 815
440 774
342 798
82 353
369 778
115 167
557 748
40 63
586 955
13 821
24 78
28 705
796 833
88 94
416 608
78 152
75 456
214 808
39 684
434 486
184 297
611 907
136 380
97 182
65 282
376 607
802 872
243 619
41 568
44 57
6 217
168 409
561 604
113 328
534 588
208 925
305 794
685 685
51 788
339 677
119 256
337 720
618 663
183 548
713 805
180 250
0 26
74 233
559 828
536 539
138 428
892 895
56 940
443 549
28 329
111 117
1 26
877 883
308 549
587 949
64 277
9 532
139 318
905 913
735 937
22 122
78 676
6 34
79 687
554 593
102 673
298 387
837 956
164 563
164 282
113 546
519 538
816 848
241 483
298 472
4 788
85 363
372 499
29 905
204 485
303 745
25 65 79 114 130 139 173 176 257 278 288 295 417 428 504 537 633 663 678 707 781 825 855 899 975 982 
23 0 25 75 135 143 164 204 208 211 237 268 333 363 391 675 695 722 729 824 840 886 922 948 
24 25 31 232 251 320 363 395 474 493 525 628 643 670 697 713 785 804 863 925 927 950 951 993 995 
15 63 124 156 219 248 271 301 351 355 374 384 664 801 865 918 
23 3 87 174 205 209 248 281 386 389 398 407 525 549 563 748 775 843 854 872 899 927 985 997 
23 9 70 147 149 163 243 279 333 348 399 461 503 589 613 622 728 759 788 801 866 906 938 987 
20 249 263 274 374 376 404 441 478 502 537 572 697 788 789 802 823 842 857 909 953 
19 0 70 250 260 283 327 330 383 458 477 494 515 522 534 668 788 815 878 970 
22 70 167 180 220 246 268 346 385 396 449 477 490 512 539 573 628 629 637 744 774 829 839 
27 7 10 46 49 57 69 112 211 234 244 320 359 374 382 454 553 560 577 587 701 717 745 801 803 843 869 937 
23 11 131 142 147 159 293 442 447 496 515 523 532 538 614 646 666 689 745 771 884 906 931 946 
21 28 35 98 126 158 375 390 398 448 600 629 638 658 719 747 748 856 919 945 946 960 
14 212 224 340 404 502 537 538 544 558 566 605 626 879 889 
26 45 147 205 342 354 379 487 490 512 563 577 593 627 631 651 670 675 729 764 799 848 866 916 923 960 990 
14 17 41 115 237 279 608 681 767 771 794 797 864 893 998 
21 36 43 49 69 113 229 232 309 401 417 443 455 654 676 713 737 745 810 860 887 984 
16 21 64 167 395 410 519 559 576 585 601 620 631 718 858 968 996 
20 90 105 147 249 374 408 417 426 469 513 523 603 637 700 795 813 835 856 864 959 
25 100 113 189 258 268 307 347 367 369 411 428 490 592 607 624 645 678 693 697 711 743 764 771 773 875 
20 7 28 61 114 208 276 290 313 315 357 385 481 494 503 540 593 642 704 784 825 
21 9 32 36 102 118 229 240 270 285 320 338 428 434 566 583 601 629 731 782 972 990 
20 26 106 274 284 296 308 333 343 357 376 431 534 554 630 699 715 774 791 893 915 
23 21 42 65 90 124 149 156 190 207 233 292 309 319 426 703 751 793 859 860 863 875 944 974 
13 44 140 183 312 441 526 534 546 609 612 659 724 817 
21 49 88 152 162 263 326 414 456 468 508 548 559 708 729 746 757 800 817 839 908 920 
15 58 84 138 148 222 233 258 319 378 383 461 545 550 697 783 
14 113 280 316 406 413 445 448 585 696 737 747 835 861 985 
20 83 112 201 280 341 364 385 391 405 440 520 627 630 648 664 794 863 906 909 931 
23 53 93 121 144 173 259 291 308 441 479 490 504 524 555 682 698 776 838 917 935 937 946 952 
18 64 153 159 164 204 261 269 312 371 416 581 745 803 876 906 909 944 949 
17 60 73 98 141 277 300 359 383 393 439 498 589 595 658 852 857 954 
25 26 67 98 197 200 279 287 302 316 331 366 368 417 450 532 540 596 625 671 704 733 748 808 850 886 
17 33 37 40 61 62 118 120 186 281 388 412 746 781 792 873 976 979 
20 13 14 24 136 227 249 262 343 354 376 416 435 476 514 716 838 847 903 913 961 
19 113 123 200 222 224 283 321 418 468 474 565 617 641 693 719 781 847 856 901 
20 3 5 96 302 310 318 346 384 431 448 476 587 644 692 735 754 803 884 890 954 
23 52 140 185 201 202 255 346 352 376 383 429 437 483 536 550 587 638 763 802 867 915 927 933 
22 18 108 242 270 298 323 371 378 389 443 450 494 521 527 613 667 704 727 746 854 953 971 
25 19 57 174 181 191 365 380 394 401 411 531 632 652 684 693 703 772 794 819 825 844 883 916 948 980 
15 55 106 206 346 353 440 468 481 498 547 549 564 824 875 946 
21 4 108 112 174 187 207 219 275 325 427 441 445 515 574 579 616 741 915 934 961 964 
18 7 84 128 178 245 281 301 328 386 468 528 568 654 683 730 810 860 866 
23 52 64 180 189 261 352 392 439 442 444 475 577 600 613 614 649 838 856 877 878 884 966 987 
19 24 59 65 138 161 162 172 248 297 425 696 777 793 857 932 956 957 967 984 
13 42 57 191 301 349 430 494 551 570 660 833 870 975 
11 15 182 190 323 466 473 538 585 603 855 865 
17 2 48 60 137 141 157 197 233 369 632 722 808 831 836 838 894 963 
16 44 178 275 318 398 403 490 492 596 656 657 730 807 867 906 941 
21 27 34 63 302 420 506 531 623 686 754 765 791 812 831 868 872 877 906 918 938 944 
22 25 36 122 132 149 233 299 313 335 347 413 419 429 470 491 530 537 592 615 618 680 734 
16 26 193 204 208 352 375 386 408 484 541 580 594 604 749 792 826 
19 50 59 73 94 293 310 332 403 406 434 529 549 745 820 841 885 926 940 964 
24 49 54 88 97 160 235 284 308 321 375 379 399 415 438 441 478 491 506 588 617 803 939 962 975 
20 57 65 83 88 197 231 234 325 387 444 447 483 613 627 657 716 817 875 882 970 
20 51 107 160 165 179 215 324 346 348 368 448 493 508 539 565 606 680 756 863 951 
24 85 166 205 278 300 337 380 398 425 476 502 514 600 613 685 757 786 819 821 874 882 907 918 969 
20 2 66 102 144 199 232 309 406 521 619 685 695 698 713 760 761 805 816 915 946 
22 6 67 87 99 108 201 394 418 464 496 500 502 524 527 566 571 601 681 759 841 927 960 
20 14 64 80 83 117 147 252 451 632 645 682 699 701 724 731 769 783 834 895 935 
28 0 1 138 227 232 269 292 399 402 447 518 532 542 567 604 624 628 755 773 830 833 865 893 926 936 959 961 974 
20 27 81 184 193 206 226 337 463 556 630 682 688 714 737 748 791 818 900 933 953 
25 86 96 110 288 309 311 381 394 460 466 475 476 496 608 651 655 675 714 745 890 932 945 963 979 988 
22 50 52 76 77 259 265 303 375 404 420 454 459 477 507 565 583 723 809 928 937 947 986 
20 51 72 140 166 204 253 271 370 410 421 520 610 615 619 710 719 725 847 941 962 
21 87 107 138 147 150 151 199 279 466 510 544 590 614 616 697 706 785 791 809 930 942 
18 97 158 184 225 248 270 302 367 386 434 520 521 636 671 737 794 865 993 
20 51 105 125 155 272 277 384 393 467 535 600 602 638 709 732 761 771 836 965 994 
23 6 14 64 91 95 119 139 172 183 223 259 421 447 460 617 662 681 724 755 844 895 982 983 
17 20 43 104 106 114 176 232 405 634 665 691 699 789 798 854 919 954 
23 17 88 178 196 273 289 291 392 430 466 490 497 505 558 568 612 666 680 713 825 893 899 918 
20 26 54 68 116 235 236 310 323 431 433 471 561 565 579 681 758 884 895 920 947 
21 15 31 78 172 175 176 215 245 248 301 383 412 506 549 687 693 838 849 937 979 989 
17 18 28 60 98 162 189 241 242 431 518 526 702 733 766 822 959 984 
23 28 65 115 140 195 251 443 523 590 591 656 661 702 724 727 734 801 815 859 908 916 930 980 
19 84 169 277 319 384 430 456 544 615 623 626 745 775 819 828 843 934 944 946 
23 107 109 289 325 406 433 436 437 557 568 613 620 640 664 806 839 875 893 911 916 933 959 977 
23 0 84 132 230 495 509 551 559 562 615 624 691 695 706 781 801 806 811 813 832 840 855 919 
23 24 53 73 84 91 144 158 175 252 369 475 495 553 578 607 618 635 684 724 828 840 861 948 
19 49 64 73 121 205 262 278 315 353 362 377 447 549 792 851 859 915 984 992 
15 27 218 350 465 466 504 508 597 662 715 775 847 914 992 997 
15 1 37 133 370 409 413 436 557 662 703 755 791 871 931 972 
12 103 258 269 359 469 505 509 516 560 671 790 907 
20 12 21 23 35 38 106 181 198 273 291 316 353 442 451 463 513 565 691 797 827 
16 132 227 244 352 406 422 499 588 615 713 717 758 777 809 915 930 
17 76 154 184 229 264 278 370 555 661 714 733 772 855 875 894 960 999 
12 158 291 371 388 475 491 609 677 697 725 749 894 
18 29 30 113 232 246 337 367 374 399 424 465 552 624 674 685 756 812 829 
26 16 142 161 199 220 265 301 347 405 496 505 550 554 570 688 726 838 853 866 870 882 885 898 908 942 963 
17 63 75 320 355 364 380 460 485 586 626 640 699 718 873 880 923 969 
21 8 11 19 25 66 83 222 223 226 334 492 577 614 621 672 675 821 824 876 941 995 
22 12 34 101 113 183 277 327 398 424 493 500 509 537 556 588 602 648 661 738 772 806 830 
21 47 60 99 126 177 197 242 258 308 420 429 464 532 562 665 716 735 889 951 962 988 
21 20 31 204 210 250 262 292 303 356 372 391 598 619 644 649 658 724 742 785 827 905 
18 6 68 105 171 199 237 415 467 487 557 695 697 747 750 824 913 952 997 
30 52 152 163 203 251 293 347 368 409 432 455 457 495 588 621 682 700 718 720 754 784 820 826 828 882 891 926 937 974 981 
27 0 48 85 86 177 224 291 300 364 415 432 471 474 504 591 600 647 660 670 677 689 700 738 739 894 911 926 
24 74 100 105 148 158 173 292 310 335 339 416 429 435 444 464 484 656 683 830 854 868 937 959 978 
24 6 30 39 86 145 165 167 280 312 354 398 409 442 445 478 581 687 778 813 814 818 864 959 981 
14 35 90 104 125 177 250 334 482 503 547 586 601 707 757 
17 40 46 59 71 94 155 270 304 360 402 521 576 648 684 933 945 999 
27 62 89 99 139 182 273 329 375 396 507 520 535 565 597 623 650 677 680 683 734 738 752 773 844 951 960 977 
17 51 62 146 179 355 387 491 520 582 614 616 637 725 756 768 802 925 
19 114 164 171 178 262 336 366 429 462 535 615 623 705 793 855 931 932 940 951 
15 64 186 258 390 536 600 670 726 782 812 858 876 881 913 917 
26 25 179 319 324 355 362 399 414 443 491 499 502 533 550 569 607 619 705 829 864 871 891 897 915 940 986 
17 222 254 334 341 357 362 462 470 473 492 611 629 638 646 685 765 804 
24 66 83 103 150 201 216 254 305 375 377 378 411 449 457 502 656 658 700 716 727 745 748 841 931 
24 0 133 197 249 256 325 363 364 382 546 652 671 733 782 827 863 875 879 896 909 942 956 971 998 
22 22 102 114 140 154 163 264 315 467 478 523 536 614 626 848 858 894 896 922 930 960 968 
13 32 49 134 196 252 358 433 584 602 786 842 959 995 
13 13 16 217 267 283 356 492 564 898 937 954 967 977 
23 4 12 41 85 89 103 181 190 461 479 574 604 627 632 805 816 882 890 907 910 932 937 983 
23 12 29 176 225 286 314 346 453 480 485 577 610 660 701 728 746 796 827 833 838 867 958 985 
17 113 117 193 216 286 387 472 500 514 525 604 639 679 779 793 869 918 
12 171 245 268 297 350 384 666 691 694 733 888 910 
20 53 62 69 83 108 177 194 197 206 260 269 270 452 548 591 598 676 735 831 879 
12 88 173 191 213 372 451 573 618 658 839 854 917 
17 49 175 189 286 300 389 400 415 419 511 516 623 684 781 871 910 994 
18 13 27 43 104 111 121 198 210 409 542 663 760 791 794 807 828 878 985 
20 58 84 106 153 156 180 202 226 254 276 386 466 522 615 637 648 739 864 871 907 
16 13 15 72 97 112 180 204 365 401 443 554 634 653 725 947 976 
18 116 127 222 338 349 400 442 491 501 585 680 702 826 920 937 949 976 988 
22 71 76 135 183 194 205 216 224 272 294 447 540 570 605 606 637 740 824 832 845 957 995 
19 159 192 205 207 223 305 338 366 400 435 641 692 708 739 773 893 910 916 919 
23 33 72 214 240 323 349 351 365 377 421 432 446 453 469 567 577 670 672 776 786 834 879 961 
19 17 59 119 122 200 313 345 392 430 463 479 511 639 715 782 804 911 940 955 
23 16 66 168 169 206 275 279 280 293 300 334 406 433 434 452 464 472 561 585 643 656 726 835 
14 91 105 137 173 211 216 321 476 493 506 508 856 939 953 
19 2 13 50 78 81 150 233 250 260 373 377 402 510 615 626 728 784 814 938 
25 44 61 112 175 215 280 308 311 335 362 366 510 512 575 660 670 671 876 883 889 893 953 960 986 993 
19 30 86 89 203 294 295 321 333 383 531 541 585 623 707 733 791 816 924 943 
20 44 96 110 131 195 196 215 322 362 365 372 433 450 492 498 550 682 763 863 885 
17 57 162 181 191 192 221 329 447 622 673 690 736 824 848 886 945 968 
18 96 123 197 322 324 326 419 460 534 573 640 673 753 787 847 850 887 921 
18 41 42 70 100 141 170 324 363 541 554 624 713 741 792 898 912 961 984 
24 3 74 147 155 161 182 235 284 319 353 378 486 545 574 683 730 771 774 793 832 854 930 959 975 
15 55 71 117 129 240 314 403 470 580 620 623 692 812 888 933 
20 54 66 67 180 209 309 348 497 515 567 633 672 683 692 733 736 763 786 932 963 
16 8 34 92 148 151 204 264 402 423 594 644 781 799 863 870 872 
21 5 41 95 98 161 241 340 397 420 475 526 631 714 721 750 795 803 850 855 955 959 
25 27 52 94 114 120 124 145 255 266 346 366 429 452 545 561 575 663 706 778 814 897 907 916 953 991 
18 2 230 259 260 272 278 285 303 308 454 477 512 545 690 724 849 900 902 
23 22 29 56 108 134 261 324 405 435 464 490 492 505 535 680 720 721 725 770 866 944 952 978 
20 97 171 188 198 296 430 449 467 474 479 553 568 586 608 667 693 727 783 801 897 
19 93 115 198 317 326 423 438 493 536 565 590 595 605 624 625 651 661 805 840 
20 59 115 153 168 200 363 370 374 432 437 538 587 592 618 768 785 822 883 894 907 
16 112 138 185 348 416 477 492 511 522 579 580 595 618 774 853 985 
17 27 92 109 249 297 319 422 428 444 480 613 657 715 716 732 896 962 
22 24 79 99 143 154 159 277 282 440 491 566 596 603 691 698 736 747 764 792 793 830 857 
24 14 47 49 58 63 68 131 252 311 384 441 462 481 493 556 605 657 673 701 868 944 952 980 986 
18 101 116 131 132 238 268 353 363 364 385 450 582 616 766 842 852 989 991 
14 42 189 192 198 222 293 374 424 552 576 594 848 921 976 
17 26 85 138 240 277 321 405 436 479 546 607 625 679 776 787 951 968 
21 38 45 55 68 282 300 314 336 472 513 550 562 672 673 706 721 751 789 909 914 984 
11 62 412 449 625 659 699 750 867 939 964 993 
19 65 77 168 187 215 234 255 287 336 430 507 535 669 710 796 862 869 878 954 
16 15 33 80 147 202 501 573 613 650 656 674 698 742 784 839 955 
20 1 105 127 149 171 241 337 401 403 431 504 524 635 686 692 749 763 772 815 996 
17 69 147 172 260 301 322 339 383 432 522 553 606 614 682 917 970 973 
18 151 247 338 347 352 361 400 403 431 497 513 531 578 785 796 812 817 908 
19 3 30 210 266 302 306 321 358 369 482 560 602 657 659 734 772 774 837 897 
17 26 68 194 223 265 357 387 535 601 674 749 754 776 851 898 930 952 
16 42 61 93 218 230 239 240 249 259 549 551 600 754 773 807 990 
18 101 231 385 389 400 478 480 524 552 591 617 691 694 700 884 945 954 989 
18 2 146 150 172 212 319 442 467 553 668 704 726 728 800 831 912 920 928 
26 5 96 160 171 172 190 236 362 388 428 465 474 475 586 642 648 671 681 712 713 724 766 795 813 908 974 
17 142 148 181 197 322 341 384 397 448 514 555 595 754 782 838 953 978 
25 8 9 107 195 209 242 317 356 398 436 446 483 551 567 574 614 669 670 727 775 784 875 876 883 887 
13 4 122 134 253 298 328 415 464 637 765 795 917 937 
19 67 223 274 285 319 320 391 438 465 521 531 606 616 625 768 826 868 893 969 
23 5 8 41 177 189 272 354 367 448 488 539 547 579 625 680 681 715 758 802 827 908 944 965 
16 24 39 46 58 74 86 110 171 224 474 588 594 623 687 759 788 
18 32 50 71 236 243 375 475 581 590 679 735 772 798 815 854 875 880 896 
20 16 58 61 71 134 191 331 395 557 578 603 630 705 726 782 783 784 874 926 949 
30 18 72 86 96 132 152 166 193 302 311 349 358 360 405 428 451 465 569 586 587 592 643 674 703 713 767 895 896 897 910 
25 4 7 29 64 119 147 171 225 241 258 304 323 408 421 494 552 571 613 682 702 792 882 903 916 952 
14 19 24 66 301 306 327 617 676 760 771 888 921 937 993 
13 70 143 253 304 333 390 469 680 767 865 894 910 987 
22 24 84 136 152 160 201 228 251 266 339 490 533 551 552 613 663 733 802 818 869 873 906 
10 182 294 328 471 507 538 575 756 845 883 
23 20 87 109 187 234 336 356 423 439 441 450 593 602 642 680 694 735 816 842 877 904 939 945 
13 67 217 278 282 363 416 531 558 678 736 783 805 974 
15 85 165 176 250 287 346 399 432 517 554 556 589 603 849 987 
20 133 141 235 248 261 300 407 410 419 614 623 691 740 779 808 814 870 877 958 998 
19 82 83 182 205 218 244 334 342 376 461 543 649 650 813 902 936 986 993 999 
18 58 75 184 185 195 228 292 340 361 371 452 551 659 670 783 787 804 935 
17 25 43 50 115 120 186 199 241 248 503 549 639 747 762 786 790 797 
21 3 50 59 118 223 271 365 455 514 536 539 633 657 682 709 755 757 814 855 895 908 
26 45 97 107 172 225 241 263 290 322 335 344 364 368 415 446 465 495 503 533 624 780 826 829 841 907 996 
14 31 57 74 228 267 291 362 422 593 662 681 731 746 810 
19 85 133 135 174 520 535 550 599 653 680 714 717 720 755 846 891 938 966 984 
22 69 133 175 208 217 242 295 362 363 434 449 499 533 558 586 600 616 659 734 815 926 951 
12 77 407 520 528 641 667 681 708 752 796 828 956 
24 1 92 180 189 190 379 381 400 401 418 453 480 544 577 578 601 628 802 867 892 917 931 952 965 
24 49 109 139 158 281 296 408 418 490 513 521 569 585 631 637 645 698 725 746 881 895 901 906 951 
27 116 123 148 170 271 282 291 330 339 351 407 417 425 474 486 694 705 709 781 892 904 909 912 924 934 985 994 
15 12 51 87 112 139 185 190 294 393 517 683 686 740 764 834 
15 60 151 174 200 240 476 489 516 535 589 611 825 885 929 977 
21 45 192 194 196 207 256 269 333 350 352 383 402 512 555 602 680 717 747 847 971 994 
26 1 10 72 89 131 243 268 273 320 346 362 374 388 390 482 536 619 625 665 680 686 782 787 900 927 960 
