200 1000
145 300
51 337
322 700
89 260
79 484
3 31
4 63
294 295
48 85
472 505
63 70
135 649
376 382
60 115
905 917
94 373
2 25
77 421
480 564
366 664
207 851
282 508
116 296
250 267
66 119
809 908
0 67
231 732
315 733
344 754
166 308
167 362
258 282
818 869
167 458
214 308
23 67
687 709
26 269
313 716
232 420
559 932
184 225
458 685
314 784
18 153
534 641
79 122
388 524
363 425
266 606
58 470
7 24
561 863
37 44
356 427
304 460
692 971
137 174
180 263
168 829
287 292
605 679
450 574
126 262
813 818
114 217
432 487
26 276
211 905
228 982
150 262
91 492
99 847
365 882
336 364
53 162
283 804
612 706
35 82
64 699
69 133
93 108
627 744
36 382
157 964
330 371
258 308
377 854
208 382
41 671
159 524
417 681
288 472
168 624
652 686
41 435
423 610
531 877
43 263
219 675
761 808
312 348
87 467
203 468
127 626
411 498
69 83
49 82
589 993
418 497
18 298
88 143
87 204
108 122
262 334
70 418
222 238
14 156
404 660
37 557
102 737
3 489
268 278
0 5
262 835
44 54
35 428
16 55
501 845
499 592
92 125
770 806
195 231
47 966
117 229
436 627
94 255
662 795
18 138
450 746
21 460
57 643
363 707
204 376
69 715
63 358
299 603
525 778
362 439
5 118
30 668
655 672
177 653
39 153
86 403
65 295
244 318
42 831
864 961
72 407
203 301
466 983
48 98
78 168
445 632
492 500
32 91
107 337
42 51
111 148
1 1
533 718
100 115
28 33
110 395
297 429
124 413
282 292
77 483
175 630
1 120
139 409
61 198
100 982
162 892
619 878
433 782
428 529
170 184
50 486
89 849
857 970
655 933
9 103
106 656
517 977
310 393
338 345
111 333
710 781
645 994
427 500
24 477
166 955
349 536
612 800
190 310
243 833
612 710
128 147
311 601
11 146
296 343
292 966
523 910
165 768
140 328
250 768
174 219
1 740
155 286
238 344
41 154
115 312
71 130
301 703
35 660
195 257
24 836
277 288
41 51
49 232
101 436
84 99
270 646
301 352
114 216
273 846
405 523
59 111
0 827
162 366
123 926
552 598
36 145
66 258
228 410
517 621
305 654
160 227
422 640
88 269
157 163
65 320
10 939
319 531
18 43
174 294
111 321
573 993
287 798
33 138
179 209
60 273
345 545
298 448
36 999
13 100
167 878
130 171
302 881
299 386
61 998
64 210
10 24
215 691
588 955
27 124
465 891
23 81
122 193
24 37
5 12
867 892
66 164
20 252
241 970
205 662
681 743
328 387
71 935
160 342
122 327
583 979
43 565
647 660
53 109
144 607
221 307
135 136
546 774
34 687
48 72
399 594
208 804
62 94
195 572
606 726
348 355
54 298
387 826
61 554
91 144
144 167
26 66
713 999
41 167
230 319
96 640
479 928
519 775
670 844
191 856
31 124
586 821
92 442
597 905
196 214
1 626
121 887
150 505
125 131
225 544
20 24
159 664
537 655
46 170
82 136
173 829
417 935
17 698
397 700
21 308
56 112
79 361
58 92
246 336
403 944
65 217
100 685
42 325
119 174
168 190
643 761
325 402
98 731
364 448
917 962
25 264
192 628
742 760
154 894
72 241
281 420
31 638
443 528
331 535
23 31
175 186
148 329
185 381
340 966
110 558
256 359
243 615
408 746
11 23
891 904
234 652
28 50
468 605
242 727
267 392
124 581
158 266
60 889
38 226
11 82
104 428
72 230
34 343
2 46
83 210
168 338
137 569
171 501
239 390
21 187
533 882
146 329
587 845
95 481
172 783
209 404
19 527
664 946
341 524
403 797
505 780
737 950
426 489
443 643
61 329
33 51
154 738
1 185
410 549
748 783
38 587
275 351
123 317
759 861
607 869
475 580
415 630
151 671
161 686
126 191
31 967
167 885
279 984
81 331
76 372
358 704
218 920
311 842
38 798
123 160
438 784
103 524
134 442
157 450
175 798
453 627
0 0
45 306
663 803
755 914
27 51
419 549
234 394
561 714
166 914
125 414
175 548
208 879
52 70
355 427
106 160
68 139
76 148
6 878
99 461
11 181
11 599
125 188
2 26
551 885
365 630
591 964
371 467
570 725
363 689
401 887
86 778
38 665
146 768
0 32
74 115
367 449
55 82
18 57
180 205
40 80
623 881
709 793
171 516
150 267
302 305
31 530
67 454
1 2
58 382
457 836
25 43
246 313
369 945
91 188
73 897
82 221
211 516
846 917
196 288
173 227
312 321
117 142
293 680
409 638
8 214
187 297
135 166
90 207
795 855
58 83
2 345
604 931
171 855
318 758
655 698
267 971
111 751
227 901
413 1000
235 272
308 973
23 176
56 967
415 797
138 254
207 646
28 112
185 458
216 622
12 547
156 644
352 407
384 786
524 877
350 578
279 374
31 363
4 210
64 259
476 951
87 229
250 858
12 31
155 338
402 761
88 599
326 611
470 550
3 5
263 409
59 268
624 684
290 373
116 176
583 888
245 533
854 978
369 370
432 714
3 24
104 233
348 865
363 832
503 902
136 926
20 685
17 413
388 622
379 515
367 872
20 323
68 213
364 608
357 893
253 288
20 677
336 623
29 32
212 907
11 36
56 83
210 773
40 106
677 823
98 216
581 881
181 468
363 907
124 182
68 159
771 825
706 871
7 71
10 273
220 711
383 428
95 114
281 738
68 265
95 183
201 289
125 136
414 659
222 709
626 775
49 939
77 297
159 527
625 819
73 99
505 977
745 868
154 285
82 407
31 137
411 593
84 723
5 244
581 712
205 468
70 450
34 671
58 59
123 202
504 958
391 449
162 181
230 804
495 756
210 336
77 756
42 42
560 731
259 563
551 672
146 279
0 3
318 628
27 94
813 864
91 624
9 359
87 306
23 62
127 377
286 917
314 474
171 701
109 125
26 143
914 916
359 375
278 414
11 238
231 897
99 541
101 863
516 926
448 731
10 92
97 588
695 845
661 762
8 91
191 199
56 155
427 451
53 53
295 953
11 184
270 410
4 8
540 582
230 640
221 946
1 18
74 116
201 407
175 644
188 893
274 513
379 395
12 25
40 70
334 527
588 800
87 324
72 142
150 248
78 395
150 434
17 51
75 116
251 905
142 418
424 827
568 989
162 221
156 336
252 433
420 835
326 511
68 223
64 125
118 172
214 555
348 976
41 403
125 325
180 936
352 442
462 893
252 258
297 803
61 314
33 621
57 344
383 507
151 844
138 310
23 64
16 55
42 77
638 803
210 961
112 464
329 539
27 349
115 870
621 950
227 267
86 279
35 684
53 281
138 521
319 737
28 249
71 107
289 844
82 663
343 637
721 920
601 993
62 686
113 166
382 485
120 441
138 346
39 77
672 897
457 800
404 629
192 232
243 590
119 177
212 302
469 976
141 428
505 769
153 287
157 199
247 444
67 133
369 710
678 948
16 895
96 197
6 20
631 914
300 550
42 723
214 261
262 490
91 123
237 612
546 611
65 916
240 282
118 158
112 131
343 360
578 713
154 391
383 967
234 392
188 691
38 796
139 407
270 884
186 612
734 908
523 706
135 284
48 99
24 158
433 599
111 495
154 194
285 302
45 830
18 283
95 189
374 759
538 850
570 613
104 241
570 759
187 670
333 696
86 396
387 853
434 723
490 928
611 793
634 922
606 727
266 704
36 119
4 40
474 588
811 883
759 818
929 954
801 823
490 651
23 82
381 685
11 14
439 594
485 807
532 711
96 111
20 23
482 594
97 443
145 199
181 474
544 571
506 719
39 571
144 490
69 136
28 33
246 486
6 12
20 201
69 293
7 779
36 155
222 453
167 790
237 450
396 826
258 380
400 786
576 760
226 579
315 328
481 768
75 486
20 74
27 929
208 239
4 22
602 669
754 855
822 916
242 261
1 795
34 66
25 650
224 871
408 776
22 75
123 193
142 190
239 517
2 4
429 772
168 876
153 834
296 586
551 986
35 55
71 216
49 68
315 700
257 374
207 750
140 551
112 430
314 330
132 832
248 867
270 316
235 467
240 440
102 685
63 543
378 585
297 590
329 385
275 432
342 690
357 394
2 11
99 137
718 723
1 35
88 283
340 518
294 495
36 137
233 247
8 372
50 497
167 401
339 913
552 621
155 285
713 810
567 891
130 737
209 219
608 739
50 294
102 466
97 227
307 684
16 179
3 24
19 992
618 838
67 240
527 566
375 836
37 226
170 470
408 862
21 615
232 885
69 315
319 456
141 193
208 383
475 538
252 289
203 265
164 685
6 55
185 471
150 382
203 257
419 543
166 484
15 26
67 585
112 450
413 447
168 281
148 277
330 855
218 507
54 292
381 909
204 210
400 705
541 718
20 28
111 342
31 509
57 336
214 667
255 585
5 83
69 388
737 933
105 233
355 611
611 711
508 629
60 333
123 560
172 458
455 492
177 729
433 787
14 27
158 327
741 806
777 785
148 399
471 723
187 366
114 305
25 65 79 114 130 139 173 176 257 278 288 295 417 428 504 537 633 663 678 707 781 825 855 899 975 982 
23 0 25 75 135 143 164 204 208 211 237 268 333 363 391 675 695 722 729 824 840 886 922 948 
24 25 31 232 251 320 363 395 474 493 525 628 643 670 697 713 785 804 863 925 927 950 951 993 995 
15 63 124 156 219 248 271 301 351 355 374 384 664 801 865 918 
23 3 87 174 205 209 248 281 386 389 398 407 525 549 563 748 775 843 854 872 899 927 985 997 
23 9 70 147 149 163 243 279 333 348 399 461 503 589 613 622 728 759 788 801 866 906 938 987 
20 249 263 274 374 376 404 441 478 502 537 572 697 788 789 802 823 842 857 909 953 
19 0 70 250 260 283 327 330 383 458 477 494 515 522 534 668 788 815 878 970 
22 70 167 180 220 246 268 346 385 396 449 477 490 512 539 573 628 629 637 744 774 829 839 
27 7 10 46 49 57 69 112 211 234 244 320 359 374 382 454 553 560 577 587 701 717 745 801 803 843 869 937 
23 11 131 142 147 159 293 442 447 496 515 523 532 538 614 646 666 689 745 771 884 906 931 946 
21 28 35 98 126 158 375 390 398 448 600 629 638 658 719 747 748 856 919 945 946 960 
14 212 224 340 404 502 537 538 544 558 566 605 626 879 889 
26 45 147 205 342 354 379 487 490 512 563 577 593 627 631 651 670 675 729 764 799 848 866 916 923 960 990 
14 17 41 115 237 279 608 681 767 771 794 797 864 893 998 
21 36 43 49 69 113 229 232 309 401 417 443 455 654 676 713 737 745 810 860 887 984 
16 21 64 167 395 410 519 559 576 585 601 620 631 718 858 968 996 
20 90 105 147 249 374 408 417 426 469 513 523 603 637 700 795 813 835 856 864 959 
25 100 113 189 258 268 307 347 367 369 411 428 490 592 607 624 645 678 693 697 711 743 764 771 773 875 
20 7 28 61 114 208 276 290 313 315 357 385 481 494 503 540 593 642 704 784 825 
21 9 32 36 102 118 229 240 270 285 320 338 428 434 566 583 601 629 731 782 972 990 
20 26 106 274 284 296 308 333 343 357 376 431 534 554 630 699 715 774 791 893 915 
23 21 42 65 90 124 149 156 190 207 233 292 309 319 426 703 751 793 859 860 863 875 944 974 
13 44 140 183 312 441 526 534 546 609 612 659 724 817 
21 49 88 152 162 263 326 414 456 468 508 548 559 708 729 746 757 800 817 839 908 920 
15 58 84 138 148 222 233 258 319 378 383 461 545 550 697 783 
14 113 280 316 406 413 445 448 585 696 737 747 835 861 985 
20 83 112 201 280 341 364 385 391 405 440 520 627 630 648 664 794 863 906 909 931 
23 53 93 121 144 173 259 291 308 441 479 490 504 524 555 682 698 776 838 917 935 937 946 952 
18 64 153 159 164 204 261 269 312 371 416 581 745 803 876 906 909 944 949 
17 60 73 98 141 277 300 359 383 393 439 498 589 595 658 852 857 954 
25 26 67 98 197 200 279 287 302 316 331 366 368 417 450 532 540 596 625 671 704 733 748 808 850 886 
17 33 37 40 61 62 118 120 186 281 388 412 746 781 792 873 976 979 
20 13 14 24 136 227 249 262 343 354 376 416 435 476 514 716 838 847 903 913 961 
19 113 123 200 222 224 283 321 418 468 474 565 617 641 693 719 781 847 856 901 
20 3 5 96 302 310 318 346 384 431 448 476 587 644 692 735 754 803 884 890 954 
23 52 140 185 201 202 255 346 352 376 383 429 437 483 536 550 587 638 763 802 867 915 927 933 
22 18 108 242 270 298 323 371 378 389 443 450 494 521 527 613 667 704 727 746 854 953 971 
25 19 57 174 181 191 365 380 394 401 411 531 632 652 684 693 703 772 794 819 825 844 883 916 948 980 
15 55 106 206 346 353 440 468 481 498 547 549 564 824 875 946 
21 4 108 112 174 187 207 219 275 325 427 441 445 515 574 579 616 741 915 934 961 964 
18 7 84 128 178 245 281 301 328 386 468 528 568 654 683 730 810 860 866 
23 52 64 180 189 261 352 392 439 442 444 475 577 600 613 614 649 838 856 877 878 884 966 987 
19 24 59 65 138 161 162 172 248 297 425 696 777 793 857 932 956 957 967 984 
13 42 57 191 301 349 430 494 551 570 660 833 870 975 
11 15 182 190 323 466 473 538 585 603 855 865 
17 2 48 60 137 141 157 197 233 369 632 722 808 831 836 838 894 963 
16 44 178 275 318 398 403 490 492 596 656 657 730 807 867 906 941 
21 27 34 63 302 420 506 531 623 686 754 765 791 812 831 868 872 877 906 918 938 944 
22 25 36 122 132 149 233 299 313 335 347 413 419 429 470 491 530 537 592 615 618 680 734 
16 26 193 204 208 352 375 386 408 484 541 580 594 604 749 792 826 
19 50 59 73 94 293 310 332 403 406 434 529 549 745 820 841 885 926 940 964 
24 49 54 88 97 160 235 284 308 321 375 379 399 415 438 441 478 491 506 588 617 803 939 962 975 
20 57 65 83 88 197 231 234 325 387 444 447 483 613 627 657 716 817 875 882 970 
20 51 107 160 165 179 215 324 346 348 368 448 493 508 539 565 606 680 756 863 951 
24 85 166 205 278 300 337 380 398 425 476 502 514 600 613 685 757 786 819 821 874 882 907 918 969 
20 2 66 102 144 199 232 309 406 521 619 685 695 698 713 760 761 805 816 915 946 
22 6 67 87 99 108 201 394 418 464 496 500 502 524 527 566 571 601 681 759 841 927 960 
20 14 64 80 83 117 147 252 451 632 645 682 699 701 724 731 769 783 834 895 935 
28 0 1 138 227 232 269 292 399 402 447 518 532 542 567 604 624 628 755 773 830 833 865 893 926 936 959 961 974 
20 27 81 184 193 206 226 337 463 556 630 682 688 714 737 748 791 818 900 933 953 
25 86 96 110 288 309 311 381 394 460 466 475 476 496 608 651 655 675 714 745 890 932 945 963 979 988 
22 50 52 76 77 259 265 303 375 404 420 454 459 477 507 565 583 723 809 928 937 947 986 
20 51 72 140 166 204 253 271 370 410 421 520 610 615 619 710 719 725 847 941 962 
21 87 107 138 147 150 151 199 279 466 510 544 590 614 616 697 706 785 791 809 930 942 
18 97 158 184 225 248 270 302 367 386 434 520 521 636 671 737 794 865 993 
20 51 105 125 155 272 277 384 393 467 535 600 602 638 709 732 761 771 836 965 994 
23 6 14 64 91 95 119 139 172 183 223 259 421 447 460 617 662 681 724 755 844 895 982 983 
17 20 43 104 106 114 176 232 405 634 665 691 699 789 798 854 919 954 
23 17 88 178 196 273 289 291 392 430 466 490 497 505 558 568 612 666 680 713 825 893 899 918 
20 26 54 68 116 235 236 310 323 431 433 471 561 565 579 681 758 884 895 920 947 
21 15 31 78 172 175 176 215 245 248 301 383 412 506 549 687 693 838 849 937 979 989 
17 18 28 60 98 162 189 241 242 431 518 526 702 733 766 822 959 984 
23 28 65 115 140 195 251 443 523 590 591 656 661 702 724 727 734 801 815 859 908 916 930 980 
19 84 169 277 319 384 430 456 544 615 623 626 745 775 819 828 843 934 944 946 
23 107 109 289 325 406 433 436 437 557 568 613 620 640 664 806 839 875 893 911 916 933 959 977 
23 0 84 132 230 495 509 551 559 562 615 624 691 695 706 781 801 806 811 813 832 840 855 919 
23 24 53 73 84 91 144 158 175 252 369 475 495 553 578 607 618 635 684 724 828 840 861 948 
19 49 64 73 121 205 262 278 315 353 362 377 447 549 792 851 859 915 984 992 
15 27 218 350 465 466 504 508 597 662 715 775 847 914 992 997 
15 1 37 133 370 409 413 436 557 662 703 755 791 871 931 972 
12 103 258 269 359 469 505 509 516 560 671 790 907 
20 12 21 23 35 38 106 181 198 273 291 316 353 442 451 463 513 565 691 797 827 
16 132 227 244 352 406 422 499 588 615 713 717 758 777 809 915 930 
17 76 154 184 229 264 278 370 555 661 714 733 772 855 875 894 960 999 
12 158 291 371 388 475 491 609 677 697 725 749 894 
18 29 30 113 232 246 337 367 374 399 424 465 552 624 674 685 756 812 829 
26 16 142 161 199 220 265 301 347 405 496 505 550 554 570 688 726 838 853 866 870 882 885 898 908 942 963 
17 63 75 320 355 364 380 460 485 586 626 640 699 718 873 880 923 969 
21 8 11 19 25 66 83 222 223 226 334 492 577 614 621 672 675 821 824 876 941 995 
22 12 34 101 113 183 277 327 398 424 493 500 509 537 556 588 602 648 661 738 772 806 830 
21 47 60 99 126 177 197 242 258 308 420 429 464 532 562 665 716 735 889 951 962 988 
21 20 31 204 210 250 262 292 303 356 372 391 598 619 644 649 658 724 742 785 827 905 
18 6 68 105 171 199 237 415 467 487 557 695 697 747 750 824 913 952 997 
30 52 152 163 203 251 293 347 368 409 432 455 457 495 588 621 682 700 718 720 754 784 820 826 828 882 891 926 937 974 981 
27 0 48 85 86 177 224 291 300 364 415 432 471 474 504 591 600 647 660 670 677 689 700 738 739 894 911 926 
24 74 100 105 148 158 173 292 310 335 339 416 429 435 444 464 484 656 683 830 854 868 937 959 978 
24 6 30 39 86 145 165 167 280 312 354 398 409 442 445 478 581 687 778 813 814 818 864 959 981 
14 35 90 104 125 177 250 334 482 503 547 586 601 707 757 
17 40 46 59 71 94 155 270 304 360 402 521 576 648 684 933 945 999 
27 62 89 99 139 182 273 329 375 396 507 520 535 565 597 623 650 677 680 683 734 738 752 773 844 951 960 977 
17 51 62 146 179 355 387 491 520 582 614 616 637 725 756 768 802 925 
19 114 164 171 178 262 336 366 429 462 535 615 623 705 793 855 931 932 940 951 
15 64 186 258 390 536 600 670 726 782 812 858 876 881 913 917 
26 25 179 319 324 355 362 399 414 443 491 499 502 533 550 569 607 619 705 829 864 871 891 897 915 940 986 
17 222 254 334 341 357 362 462 470 473 492 611 629 638 646 685 765 804 
24 66 83 103 150 201 216 254 305 375 377 378 411 449 457 502 656 658 700 716 727 745 748 841 931 
24 0 133 197 249 256 325 363 364 382 546 652 671 733 782 827 863 875 879 896 909 942 956 971 998 
22 22 102 114 140 154 163 264 315 467 478 523 536 614 626 848 858 894 896 922 930 960 968 
13 32 49 134 196 252 358 433 584 602 786 842 959 995 
13 13 16 217 267 283 356 492 564 898 937 954 967 977 
23 4 12 41 85 89 103 181 190 461 479 574 604 627 632 805 816 882 890 907 910 932 937 983 
23 12 29 176 225 286 314 346 453 480 485 577 610 660 701 728 746 796 827 833 838 867 958 985 
17 113 117 193 216 286 387 472 500 514 525 604 639 679 779 793 869 918 
12 171 245 268 297 350 384 666 691 694 733 888 910 
20 53 62 69 83 108 177 194 197 206 260 269 270 452 548 591 598 676 735 831 879 
12 88 173 191 213 372 451 573 618 658 839 854 917 
17 49 175 189 286 300 389 400 415 419 511 516 623 684 781 871 910 994 
18 13 27 43 104 111 121 198 210 409 542 663 760 791 794 807 828 878 985 
20 58 84 106 153 156 180 202 226 254 276 386 466 522 615 637 648 739 864 871 907 
16 13 15 72 97 112 180 204 365 401 443 554 634 653 725 947 976 
18 116 127 222 338 349 400 442 491 501 585 680 702 826 920 937 949 976 988 
22 71 76 135 183 194 205 216 224 272 294 447 540 570 605 606 637 740 824 832 845 957 995 
19 159 192 205 207 223 305 338 366 400 435 641 692 708 739 773 893 910 916 919 
23 33 72 214 240 323 349 351 365 377 421 432 446 453 469 567 577 670 672 776 786 834 879 961 
19 17 59 119 122 200 313 345 392 430 463 479 511 639 715 782 804 911 940 955 
23 16 66 168 169 206 275 279 280 293 300 334 406 433 434 452 464 472 561 585 643 656 726 835 
14 91 105 137 173 211 216 321 476 493 506 508 856 939 953 
19 2 13 50 78 81 150 233 250 260 373 377 402 510 615 626 728 784 814 938 
25 44 61 112 175 215 280 308 311 335 362 366 510 512 575 660 670 671 876 883 889 893 953 960 986 993 
19 30 86 89 203 294 295 321 333 383 531 541 585 623 707 733 791 816 924 943 
20 44 96 110 131 195 196 215 322 362 365 372 433 450 492 498 550 682 763 863 885 
17 57 162 181 191 192 221 329 447 622 673 690 736 824 848 886 945 968 
18 96 123 197 322 324 326 419 460 534 573 640 673 753 787 847 850 887 921 
18 41 42 70 100 141 170 324 363 541 554 624 713 741 792 898 912 961 984 
24 3 74 147 155 161 182 235 284 319 353 378 486 545 574 683 730 771 774 793 832 854 930 959 975 
15 55 71 117 129 240 314 403 470 580 620 623 692 812 888 933 
20 54 66 67 180 209 309 348 497 515 567 633 672 683 692 733 736 763 786 932 963 
16 8 34 92 148 151 204 264 402 423 594 644 781 799 863 870 872 
21 5 41 95 98 161 241 340 397 420 475 526 631 714 721 750 795 803 850 855 955 959 
25 27 52 94 114 120 124 145 255 266 346 366 429 452 545 561 575 663 706 778 814 897 907 916 953 991 
18 2 230 259 260 272 278 285 303 308 454 477 512 545 690 724 849 900 902 
23 22 29 56 108 134 261 324 405 435 464 490 492 505 535 680 720 721 725 770 866 944 952 978 
20 97 171 188 198 296 430 449 467 474 479 553 568 586 608 667 693 727 783 801 897 
19 93 115 198 317 326 423 438 493 536 565 590 595 605 624 625 651 661 805 840 
20 59 115 153 168 200 363 370 374 432 437 538 587 592 618 768 785 822 883 894 907 
16 112 138 185 348 416 477 492 511 522 579 580 595 618 774 853 985 
17 27 92 109 249 297 319 422 428 444 480 613 657 715 716 732 896 962 
22 24 79 99 143 154 159 277 282 440 491 566 596 603 691 698 736 747 764 792 793 830 857 
24 14 47 49 58 63 68 131 252 311 384 441 462 481 493 556 605 657 673 701 868 944 952 980 986 
18 101 116 131 132 238 268 353 363 364 385 450 582 616 766 842 852 989 991 
14 42 189 192 198 222 293 374 424 552 576 594 848 921 976 
17 26 85 138 240 277 321 405 436 479 546 607 625 679 776 787 951 968 
21 38 45 55 68 282 300 314 336 472 513 550 562 672 673 706 721 751 789 909 914 984 
11 62 412 449 625 659 699 750 867 939 964 993 
19 65 77 168 187 215 234 255 287 336 430 507 535 669 710 796 862 869 878 954 
16 15 33 80 147 202 501 573 613 650 656 674 698 742 784 839 955 
20 1 105 127 149 171 241 337 401 403 431 504 524 635 686 692 749 763 772 815 996 
17 69 147 172 260 301 322 339 383 432 522 553 606 614 682 917 970 973 
18 151 247 338 347 352 361 400 403 431 497 513 531 578 785 796 812 817 908 
19 3 30 210 266 302 306 321 358 369 482 560 602 657 659 734 772 774 837 897 
17 26 68 194 223 265 357 387 535 601 674 749 754 776 851 898 930 952 
16 42 61 93 218 230 239 240 249 259 549 551 600 754 773 807 990 
18 101 231 385 389 400 478 480 524 552 591 617 691 694 700 884 945 954 989 
18 2 146 150 172 212 319 442 467 553 668 704 726 728 800 831 912 920 928 
26 5 96 160 171 172 190 236 362 388 428 465 474 475 586 642 648 671 681 712 713 724 766 795 813 908 974 
17 142 148 181 197 322 341 384 397 448 514 555 595 754 782 838 953 978 
25 8 9 107 195 209 242 317 356 398 436 446 483 551 567 574 614 669 670 727 775 784 875 876 883 887 
13 4 122 134 253 298 328 415 464 637 765 795 917 937 
19 67 223 274 285 319 320 391 438 465 521 531 606 616 625 768 826 868 893 969 
23 5 8 41 177 189 272 354 367 448 488 539 547 579 625 680 681 715 758 802 827 908 944 965 
16 24 39 46 58 74 86 110 171 224 474 588 594 623 687 759 788 
18 32 50 71 236 243 375 475 581 590 679 735 772 798 815 854 875 880 896 
20 16 58 61 71 134 191 331 395 557 578 603 630 705 726 782 783 784 874 926 949 
30 18 72 86 96 132 152 166 193 302 311 349 358 360 405 428 451 465 569 586 587 592 643 674 703 713 767 895 896 897 910 
25 4 7 29 64 119 147 171 225 241 258 304 323 408 421 494 552 571 613 682 702 792 882 903 916 952 
14 19 24 66 301 306 327 617 676 760 771 888 921 937 993 
13 70 143 253 304 333 390 469 680 767 865 894 910 987 
22 24 84 136 152 160 201 228 251 266 339 490 533 551 552 613 663 733 802 818 869 873 906 
10 182 294 328 471 507 538 575 756 845 883 
23 20 87 109 187 234 336 356 423 439 441 450 593 602 642 680 694 735 816 842 877 904 939 945 
13 67 217 278 282 363 416 531 558 678 736 783 805 974 
15 85 165 176 250 287 346 399 432 517 554 556 589 603 849 987 
20 133 141 235 248 261 300 407 410 419 614 623 691 740 779 808 814 870 877 958 998 
19 82 83 182 205 218 244 334 342 376 461 543 649 650 813 902 936 986 993 999 
18 58 75 184 185 195 228 292 340 361 371 452 551 659 670 783 787 804 935 
17 25 43 50 115 120 186 199 241 248 503 549 639 747 762 786 790 797 
21 3 50 59 118 223 271 365 455 514 536 539 633 657 682 709 755 757 814 855 895 908 
26 45 97 107 172 225 241 263 290 322 335 344 364 368 415 446 465 495 503 533 624 780 826 829 841 907 996 
14 31 57 74 228 267 291 362 422 593 662 681 731 746 810 
19 85 133 135 174 520 535 550 599 653 680 714 717 720 755 846 891 938 966 984 
22 69 133 175 208 217 242 295 362 363 434 449 499 533 558 586 600 616 659 734 815 926 951 
12 77 407 520 528 641 667 681 708 752 796 828 956 
24 1 92 180 189 190 379 381 400 401 418 453 480 544 577 578 601 628 802 867 892 917 931 952 965 
24 49 109 139 158 281 296 408 418 490 513 521 569 585 631 637 645 698 725 746 881 895 901 906 951 
27 116 123 148 170 271 282 291 330 339 351 407 417 425 474 486 694 705 709 781 892 904 909 912 924 934 985 994 
15 12 51 87 112 139 185 190 294 393 517 683 686 740 764 834 
15 60 151 174 200 240 476 489 516 535 589 611 825 885 929 977 
21 45 192 194 196 207 256 269 333 350 352 383 402 512 555 602 680 717 747 847 971 994 
26 1 10 72 89 131 243 268 273 320 346 362 374 388 390 482 536 619 625 665 680 686 782 787 900 927 960 
