200 1000
371 471
174 657
527 647
217 247
109 452
77 810
267 511
295 386
327 911
38 160
271 556
373 443
389 438
226 762
106 554
96 292
684 753
441 952
295 869
206 674
422 538
147 956
2 24
316 919
156 517
40 292
120 897
159 448
318 985
110 844
77 281
136 796
93 920
124 209
81 506
603 672
83 603
111 168
435 530
478 701
756 856
356 826
6 26
342 347
415 443
228 228
788 890
286 342
266 286
30 818
483 579
284 344
238 708
496 508
462 507
659 925
612 667
229 753
171 623
9 546
37 114
300 431
486 804
282 837
1 3
123 425
693 846
110 714
140 722
21 324
81 184
556 581
693 937
414 552
65 175
694 736
487 518
127 913
260 383
140 938
125 234
134 239
86 103
34 110
194 363
135 326
399 684
415 674
49 57
147 204
436 624
29 569
349 564
61 878
18 74
170 334
646 750
313 451
18 108
16 220
545 559
117 735
237 352
758 807
465 648
122 441
571 645
17 72
93 371
39 105
182 466
222 733
24 272
482 716
161 564
123 132
215 665
56 137
16 65
66 179
610 622
507 540
438 930
614 941
215 217
599 612
360 498
227 299
140 613
5 69
140 179
448 476
58 163
288 762
318 641
543 1000
84 566
284 880
196 355
366 831
156 545
167 692
409 479
530 704
125 204
274 670
230 963
28 604
506 765
75 75
38 257
354 399
28 146
574 798
167 641
54 559
760 885
211 295
54 533
330 334
249 518
55 619
651 828
638 875
141 188
135 414
147 663
269 369
345 853
36 70
226 421
54 379
104 190
675 743
28 36
349 980
357 412
71 281
64 145
138 159
51 367
242 329
37 287
618 869
42 109
5 362
512 626
118 831
429 634
35 114
2 2
35 361
84 117
83 344
56 116
201 463
185 213
287 964
545 693
16 82
140 879
23 33
59 725
149 399
365 639
864 935
382 651
27 35
59 67
29 587
26 311
27 170
327 416
22 25
609 613
35 48
653 964
48 222
460 967
140 651
230 624
23 727
366 884
280 317
162 358
147 178
75 353
171 345
215 679
116 590
354 696
103 210
448 600
159 201
235 400
24 559
125 305
288 790
1 30
237 282
58 84
310 780
156 688
360 928
59 468
682 906
331 558
528 611
205 388
94 241
195 289
64 92
485 527
8 35
43 742
20 387
192 623
152 402
631 728
208 349
756 906
463 948
396 523
78 191
49 76
55 70
254 966
784 823
267 410
284 299
100 243
502 837
531 738
263 449
22 40
464 478
216 625
256 542
203 497
97 270
141 561
243 783
820 868
5 304
22 51
725 805
92 140
133 156
416 644
23 88
137 959
47 583
24 38
451 656
121 912
56 368
54 147
297 679
175 939
625 676
31 133
513 580
67 238
427 571
71 81
404 596
569 791
328 502
262 292
339 603
134 783
242 255
65 213
71 177
166 241
65 70
123 152
116 487
640 952
237 479
321 657
126 374
710 997
288 895
264 471
53 255
224 316
199 309
72 74
100 213
795 995
49 69
640 841
677 694
161 897
390 924
200 502
528 650
596 948
285 886
160 238
181 642
456 754
370 870
118 153
3 7
151 295
56 979
13 36
72 96
253 405
315 339
530 693
457 899
133 725
345 444
42 569
367 726
419 511
15 273
29 109
415 806
34 49
694 790
20 21
337 470
544 561
541 657
92 171
352 574
789 877
357 945
506 759
304 324
893 924
70 567
73 385
398 798
174 375
447 457
448 544
461 571
828 921
24 701
565 633
81 259
199 667
55 567
32 73
99 174
299 888
133 367
243 862
641 694
25 736
302 770
198 682
478 813
13 206
108 854
365 812
2 2
55 199
5 28
17 45
940 970
95 469
107 215
12 66
332 338
114 900
1 9
71 211
28 743
5 18
20 62
262 647
711 793
224 420
148 159
213 750
91 134
33 78
276 956
518 686
391 460
819 987
132 287
120 489
463 958
335 378
463 656
123 757
455 456
411 736
891 974
116 364
637 787
313 322
692 858
175 988
108 497
12 182
158 989
378 710
495 899
275 284
29 52
378 491
133 295
49 143
445 651
193 362
204 632
169 367
359 630
52 57
536 809
256 680
64 308
49 177
311 508
479 987
61 343
26 134
21 24
27 108
294 379
0 543
8 392
802 851
857 992
32 68
22 83
34 593
47 47
246 437
106 975
124 241
237 343
530 800
47 157
50 114
374 533
7 21
89 738
259 460
153 734
454 684
13 46
49 234
60 307
336 741
350 676
265 332
807 909
107 209
62 125
433 559
383 493
77 196
144 731
97 201
473 864
270 643
571 999
638 766
60 884
13 13
323 452
475 508
29 184
112 686
99 117
70 312
387 722
400 874
438 837
66 85
651 840
360 456
461 519
83 166
481 882
316 555
191 211
295 670
186 266
64 176
372 470
312 729
56 272
59 915
514 576
232 415
693 767
156 977
137 157
382 394
76 375
205 901
401 604
278 485
154 201
143 144
143 428
4 364
502 587
433 955
161 703
393 546
302 728
6 738
174 792
102 606
242 292
347 561
111 288
269 456
103 349
360 448
81 910
211 487
323 504
26 559
29 260
223 283
23 280
316 808
45 564
428 852
128 276
2 193
335 611
667 799
8 122
155 260
679 818
49 609
507 513
382 626
73 299
228 406
113 353
290 807
277 402
101 487
70 456
120 292
134 584
490 530
526 623
420 778
537 538
553 605
755 978
246 565
11 48
12 780
636 849
166 688
352 390
260 273
881 895
766 874
67 104
97 649
0 154
25 510
470 925
9 202
328 388
791 984
718 807
51 91
58 356
259 723
356 479
50 57
331 350
4 63
148 187
58 89
760 777
674 726
282 714
127 390
99 132
106 172
139 500
123 794
482 631
215 490
383 677
276 397
355 403
127 177
554 990
360 975
329 611
221 229
137 813
188 194
78 417
129 155
521 821
416 883
76 211
490 788
597 736
658 878
239 361
1 8
50 79
107 967
561 741
78 114
357 609
3 3
911 989
83 616
56 534
21 306
283 934
126 383
4 170
281 763
592 824
568 970
406 577
19 599
372 626
70 631
124 141
116 647
802 864
51 119
224 459
132 381
492 780
646 1000
217 662
262 435
63 961
234 302
20 41
251 672
626 675
260 830
278 383
18 219
35 819
168 206
203 387
425 729
357 884
446 643
9 381
758 791
78 427
115 243
75 434
854 966
279 504
647 678
41 678
187 601
17 509
4 6
258 895
231 565
655 725
573 789
290 810
180 447
197 213
191 882
68 868
36 667
22 165
90 239
627 745
356 839
414 992
172 780
183 338
305 827
53 606
87 230
317 437
330 607
55 81
23 222
902 956
62 215
32 502
39 85
119 130
291 546
826 931
204 452
189 912
336 647
225 260
838 975
65 606
221 463
85 139
207 655
400 408
367 720
97 143
603 696
746 790
107 151
41 52
105 231
593 842
78 136
736 793
153 764
252 376
3 10
77 180
12 104
537 627
146 825
233 485
419 934
115 133
93 139
253 536
178 528
396 653
181 202
288 301
267 549
29 512
375 653
543 676
0 182
393 871
214 650
197 625
87 94
118 405
121 148
154 544
74 350
458 729
112 288
232 377
581 908
1 48
61 434
23 132
502 711
380 968
271 744
499 988
67 70
185 928
866 939
580 987
155 935
279 454
208 242
322 860
480 554
549 859
201 980
8 116
107 877
20 170
60 61
855 962
4 68
24 235
139 797
324 372
123 319
331 443
172 430
20 118
22 23
83 304
148 169
310 663
230 976
380 589
186 534
321 519
143 319
175 200
159 622
45 685
534 664
133 181
203 628
14 676
25 25
165 177
429 796
337 339
78 156
159 849
112 542
210 611
101 332
441 801
27 191
21 417
119 349
42 483
580 897
520 598
154 250
191 707
707 842
232 290
96 224
468 716
208 436
8 33
225 894
339 733
396 524
568 829
7 955
705 915
428 767
194 556
409 851
32 84
140 834
217 266
731 794
515 573
15 720
43 102
184 742
230 444
125 703
745 881
547 873
494 564
102 121
297 723
33 306
118 426
331 523
123 305
97 99
46 72
286 470
296 315
546 842
163 272
341 714
248 773
151 379
128 945
223 660
47 157
499 784
241 892
32 703
202 306
463 611
71 420
737 987
256 852
179 676
262 372
80 247
73 161
7 96
711 979
1 1
642 706
514 880
442 971
4 670
195 619
273 362
44 436
30 143
7 478
118 365
466 939
32 243
503 550
219 323
52 119
380 678
836 841
42 86
81 923
473 784
181 487
7 175
32 126
232 879
490 558
106 500
443 863
23 146
431 571
372 560
384 428
27 81
15 621
356 685
104 433
8 336
391 928
97 461
154 324
59 752
783 871
62 150
11 46
146 492
251 878
8 312
534 624
328 483
147 631
7 9
201 410
567 937
49 234
347 951
46 496
428 698
327 859
213 436
64 405
7 43
672 912
23 52
227 258
457 466
592 815
0 4
115 794
896 1000
331 613
67 409
56 178
722 964
34 333
153 330
160 886
82 291
90 191
272 955
19 174
96 264
22 466
20 47 53 139 334 417 472 479 496 540 545 563 601 647 696 709 789 855 868 964 966 
18 136 212 295 395 433 521 530 532 534 588 665 682 774 785 819 821 836 994 
13 16 23 321 343 403 566 621 671 694 879 943 976 977 
13 5 129 154 238 266 456 541 699 715 717 801 827 865 
20 45 54 85 139 144 156 319 325 369 370 397 417 500 525 691 698 739 832 939 979 
18 75 78 98 189 192 212 299 388 418 554 708 753 812 813 842 878 887 905 
17 73 158 214 225 227 261 301 327 340 430 679 720 886 899 901 958 965 
28 29 38 66 79 102 174 182 185 189 254 393 434 468 523 527 547 553 605 670 695 825 836 841 850 875 918 935 980 
15 84 109 133 178 235 525 553 593 615 750 775 816 819 840 872 
20 23 63 65 72 117 131 205 264 302 367 464 487 606 830 833 889 923 977 994 996 
21 0 30 31 74 154 280 327 392 405 432 492 511 520 569 583 667 736 757 842 930 935 
16 5 27 56 138 203 228 344 387 496 497 500 623 667 743 962 984 
29 23 67 141 147 185 236 270 320 370 375 421 465 491 549 581 628 643 644 651 652 693 853 893 910 927 931 961 965 982 
25 22 31 36 54 119 137 169 236 266 303 312 463 464 472 588 671 681 752 757 769 812 873 876 946 947 
24 46 67 89 157 158 165 167 313 339 348 441 455 574 651 671 680 701 787 806 814 851 933 934 978 
20 94 113 121 187 270 320 394 454 470 505 522 556 558 588 653 682 708 788 823 983 
17 18 76 112 118 162 262 373 455 537 639 657 662 721 851 889 921 940 
19 9 90 135 178 187 279 281 308 324 336 390 455 456 586 655 673 683 734 788 
17 117 230 246 302 307 318 389 396 431 470 553 631 740 743 750 817 835 
19 42 99 110 159 182 213 351 367 430 464 516 697 724 762 826 845 877 919 969 
24 52 66 102 103 155 178 184 234 361 454 525 533 550 560 561 575 579 636 684 715 743 755 814 879 
19 16 105 120 291 338 469 479 526 529 587 588 589 687 746 794 797 876 893 926 
23 44 84 111 129 147 185 201 280 416 437 447 550 613 647 688 698 725 734 782 784 811 831 925 
15 1 31 100 139 218 265 326 365 392 549 579 584 648 831 982 
23 78 85 98 125 173 207 280 320 322 331 377 385 431 493 504 559 581 626 841 851 899 934 950 
23 38 61 67 105 129 156 161 244 261 271 274 306 335 416 433 441 501 517 530 576 580 920 991 
16 111 199 207 218 235 428 461 518 519 615 697 702 885 906 935 995 
24 34 35 93 154 161 180 183 231 262 367 379 405 443 473 476 499 523 532 608 759 793 794 865 883 
17 13 88 97 142 148 159 295 321 354 474 508 590 634 648 668 676 739 
19 22 43 169 174 198 457 482 493 516 534 594 667 672 744 770 887 934 968 982 
24 16 48 68 117 226 259 290 360 395 513 601 615 616 650 743 759 764 841 882 899 938 958 959 991 
24 26 101 333 349 404 417 430 445 493 562 577 624 637 666 668 684 689 783 831 847 880 897 951 977 
22 94 100 101 103 280 309 336 350 465 468 518 629 632 679 722 728 731 737 881 907 991 992 
22 1 19 114 135 157 192 221 293 300 324 356 437 445 461 549 613 630 636 683 700 966 980 
23 12 51 52 60 100 112 151 173 213 272 332 353 358 435 481 660 725 748 846 894 915 923 940 
21 12 33 56 96 185 196 211 214 273 319 359 430 448 459 514 645 688 871 912 952 998 
22 47 69 93 165 223 224 268 337 342 414 481 601 644 665 698 711 719 813 820 871 900 970 
26 43 47 50 64 169 181 251 260 273 398 416 430 449 467 483 536 547 707 713 808 857 859 867 876 920 950 
20 74 117 232 352 396 403 478 486 516 545 577 647 669 679 752 829 893 970 977 980 
19 34 121 204 243 274 289 304 305 332 351 352 453 523 544 560 695 729 815 921 
21 64 67 118 127 180 185 237 305 315 326 340 355 400 442 512 649 680 896 909 911 967 
15 63 73 124 159 234 408 425 507 615 618 673 714 733 815 995 
13 20 59 106 166 258 275 390 394 728 756 775 804 864 
23 21 23 46 108 126 128 215 276 370 382 412 568 576 582 643 693 745 773 838 842 858 921 963 
19 41 99 149 172 307 318 441 448 452 502 512 532 646 698 807 885 908 977 978 
18 81 94 113 141 142 180 186 188 304 313 397 409 449 524 636 751 861 959 
24 64 101 114 126 188 206 250 322 323 346 357 387 489 491 649 656 710 722 774 783 901 921 935 948 
17 69 215 344 429 495 580 589 590 675 737 743 774 824 857 937 939 997 
26 94 99 106 182 195 203 215 232 286 397 398 465 466 497 501 597 602 631 734 767 816 864 891 907 911 922 
21 109 235 263 277 328 341 414 483 520 521 596 628 632 659 730 821 835 861 907 937 990 
20 12 101 185 217 251 282 310 364 374 379 393 412 418 419 526 678 744 808 830 917 
19 43 46 101 147 243 284 306 394 509 587 596 613 614 634 760 861 913 932 969 
25 57 138 201 234 292 300 343 349 419 478 491 526 587 616 626 687 724 726 746 757 787 813 830 868 978 
23 7 28 42 74 154 243 308 332 399 460 463 544 554 555 614 617 727 750 860 865 906 908 981 
19 6 122 181 187 291 312 376 387 440 465 640 737 741 790 884 904 930 936 947 
21 42 43 160 203 225 248 354 378 415 457 468 490 522 554 563 670 748 758 793 938 965 
18 115 183 233 245 301 314 317 477 552 575 577 629 663 786 800 820 860 957 
24 21 70 85 89 196 212 236 271 353 368 395 404 443 449 475 647 712 744 773 787 813 847 915 924 
26 16 33 42 58 97 107 127 186 194 197 204 309 322 334 419 425 433 511 596 607 613 655 699 891 934 949 
18 21 83 142 272 321 357 428 429 444 684 697 785 823 860 866 955 967 987 
18 124 290 319 330 393 448 451 471 505 539 586 637 648 679 760 862 936 938 
26 42 70 128 170 191 192 211 294 349 376 393 399 400 480 485 491 495 605 607 614 711 733 759 832 857 994 
15 2 5 111 114 116 250 266 405 499 544 580 624 681 921 953 
21 60 180 193 229 281 480 504 551 557 614 647 682 695 707 805 845 934 944 971 981 986 
30 12 25 87 158 210 344 362 374 376 412 462 498 510 523 589 616 635 655 658 678 693 694 696 729 742 792 848 855 876 914 
13 170 177 279 332 451 469 593 731 766 914 916 922 998 
14 74 140 194 266 373 387 526 630 638 709 810 855 986 996 
18 8 113 121 364 411 475 543 559 591 601 640 689 747 756 772 776 810 914 
21 0 38 70 71 108 311 351 387 388 444 449 588 625 649 654 693 769 917 919 948 959 
23 14 23 61 102 113 138 227 297 312 324 375 391 414 529 558 575 603 724 730 739 761 790 926 
20 25 185 197 238 243 259 285 491 499 545 570 617 637 707 721 738 923 934 941 996 
17 55 72 126 191 210 259 267 560 668 709 732 749 770 793 808 822 921 
15 47 62 73 120 137 157 208 295 366 392 407 411 492 533 986 
15 9 180 192 200 213 251 267 310 320 392 413 516 584 650 765 
21 65 171 226 260 280 322 345 349 437 457 484 485 548 712 715 778 810 833 897 906 958 
18 77 127 142 150 194 349 382 484 503 528 591 613 655 660 693 710 727 963 
30 81 126 140 162 168 186 194 229 247 262 349 379 413 422 436 440 466 555 561 653 670 672 703 765 832 886 887 905 912 995 
14 278 438 611 661 668 748 767 782 798 804 828 869 907 993 
14 82 124 126 199 327 333 392 534 576 608 773 774 819 820 
21 76 120 142 144 177 196 202 357 403 407 509 524 591 633 729 758 805 863 901 922 960 
16 45 125 244 246 427 523 544 575 744 757 793 830 848 916 935 968 
18 58 96 326 335 369 426 517 538 607 647 685 709 742 761 866 881 885 917 
16 17 51 75 119 213 277 381 438 524 584 631 693 731 877 889 966 
16 3 58 88 90 127 345 369 380 398 487 542 587 650 669 833 950 
11 117 272 316 418 459 575 606 712 737 860 934 
21 35 122 149 181 183 236 264 267 269 279 363 578 597 633 657 671 708 859 860 879 950 
16 4 141 233 307 317 356 426 466 524 626 630 669 736 744 795 999 
18 63 66 84 169 172 195 438 501 540 574 603 617 680 722 784 837 838 968 
19 35 84 184 195 249 361 375 485 499 648 683 696 705 737 749 825 842 912 993 
28 64 94 95 120 131 314 326 359 425 438 451 495 536 587 628 652 670 711 719 794 797 818 834 843 848 910 917 972 
11 174 275 306 394 502 590 635 679 757 763 786 
18 77 85 92 147 165 171 297 312 407 425 445 560 582 627 793 866 883 922 
14 73 100 175 189 383 497 500 587 604 702 703 764 866 933 
26 32 98 107 248 253 341 397 413 421 449 458 471 478 481 520 545 592 605 711 778 856 860 880 897 980 988 
21 44 56 80 155 158 186 247 278 292 300 480 509 575 672 681 763 822 872 888 978 992 
15 56 187 256 338 383 387 457 514 565 694 922 929 946 948 966 
17 42 75 111 127 144 208 230 246 293 301 334 413 439 578 612 760 861 
29 20 24 97 113 137 146 174 185 268 351 352 377 438 439 464 576 638 641 649 660 669 690 701 739 796 877 886 896 922 
16 2 28 345 358 361 528 560 583 603 604 747 789 844 860 895 948 
24 1 16 37 72 159 180 208 299 342 415 431 558 564 593 595 604 658 780 823 832 845 859 862 965 
20 111 193 216 227 362 368 410 429 440 463 577 599 766 832 854 872 918 938 959 971 
18 130 138 160 172 287 368 408 423 551 591 627 738 741 747 890 898 954 983 
20 61 91 104 179 224 238 261 294 346 375 494 517 533 554 694 720 732 831 904 980 
19 84 90 103 140 168 334 361 406 418 442 450 494 506 527 597 810 835 899 939 
18 167 192 196 245 266 383 399 415 416 620 648 719 776 777 786 814 849 895 
23 53 112 195 225 243 252 416 448 467 479 535 548 566 591 601 603 686 793 794 847 862 974 998 
22 48 62 152 170 218 296 317 429 442 454 514 542 546 602 639 722 762 785 834 839 903 913 
17 31 127 175 259 308 450 571 602 714 755 762 816 830 832 867 922 926 
23 36 94 211 268 340 435 481 513 547 574 596 626 714 720 727 768 774 824 830 839 864 927 951 
25 95 134 156 157 192 220 323 358 425 456 502 524 533 548 614 653 667 704 729 783 819 905 923 958 968 
12 40 75 130 131 207 226 503 662 822 843 898 978 
19 6 12 204 291 300 356 379 393 414 480 500 525 587 730 786 804 908 916 947 
22 24 45 107 186 231 283 286 329 368 372 419 460 495 500 531 538 544 613 750 788 824 865 
21 8 18 27 44 104 194 237 249 261 284 452 483 617 712 743 762 846 890 900 927 961 
17 21 33 66 100 151 460 488 578 685 732 743 794 853 868 888 947 969 
17 4 88 96 133 146 150 191 212 228 378 388 393 394 479 503 508 760 
19 95 103 138 159 182 219 270 271 319 341 374 427 597 654 749 819 834 906 951 
20 56 76 164 167 241 250 266 351 353 389 420 427 439 518 581 589 697 839 846 887 
25 106 138 163 176 260 337 365 366 420 436 481 482 517 546 562 590 594 602 674 713 745 841 878 886 991 
22 17 39 76 89 126 200 207 230 341 361 363 413 491 545 644 685 723 802 809 855 897 940 
26 15 32 233 273 285 302 343 363 378 396 412 443 466 470 628 662 667 850 924 939 941 949 961 965 988 992 
26 8 43 160 180 204 216 266 280 353 361 401 430 479 492 505 516 546 606 619 620 651 673 836 870 904 938 
15 6 25 33 282 412 427 533 553 619 728 746 753 838 954 956 
25 56 74 136 176 191 210 225 235 261 266 325 382 413 425 553 609 646 653 677 738 784 793 857 863 988 
13 15 129 247 381 428 486 539 563 591 719 740 878 967 
21 5 87 177 191 233 408 426 502 535 548 569 629 641 741 758 777 803 837 845 882 997 
21 10 130 132 214 284 302 350 420 482 513 535 546 562 564 577 594 637 815 831 854 966 
16 33 59 60 70 229 254 275 304 350 403 502 509 570 792 937 970 
20 50 104 130 144 209 219 225 234 272 279 283 305 311 478 503 713 810 821 971 972 
23 187 207 217 247 269 310 313 328 342 347 448 451 579 585 592 828 844 848 864 897 900 909 985 
27 2 10 87 112 156 239 301 320 340 380 387 424 507 515 537 554 562 620 667 671 721 737 897 936 941 945 982 
20 22 123 235 240 244 263 290 318 365 388 423 476 519 622 686 834 844 845 894 906 
19 12 44 71 85 88 102 146 155 191 290 392 494 524 527 643 700 911 937 959 
24 95 97 99 154 210 234 245 248 297 329 354 413 414 473 479 567 647 746 749 781 827 855 942 988 
24 36 77 84 253 296 372 396 406 412 417 440 480 526 558 621 664 676 694 784 889 935 946 981 993 
22 19 59 78 128 132 262 282 333 384 402 523 576 598 613 633 642 740 744 799 822 849 864 
17 14 80 105 131 240 259 313 407 426 476 511 638 758 762 782 861 944 
21 2 24 25 49 57 63 141 155 233 333 380 410 446 504 531 664 668 783 850 852 918 
28 4 23 26 137 154 207 255 288 314 321 432 437 505 651 735 782 783 802 811 826 856 901 909 940 949 965 972 989 
22 22 143 154 156 166 197 209 211 246 340 378 437 538 590 601 639 735 862 902 960 979 992 
11 160 161 227 235 253 269 342 352 593 672 752 
23 12 14 15 16 17 97 102 171 276 401 413 480 534 572 592 599 652 688 751 820 829 928 952 
23 20 76 107 145 175 210 228 292 486 559 600 627 671 672 682 726 729 730 806 825 863 902 929 
20 1 17 50 62 63 74 87 191 204 378 412 439 519 629 707 771 793 842 967 997 
15 104 144 168 211 233 242 429 523 525 541 723 745 782 812 906 
23 4 20 39 68 69 106 129 269 284 377 392 527 545 578 582 589 745 777 849 892 905 946 979 
28 0 40 80 123 155 158 234 249 311 367 507 590 611 628 637 656 720 737 740 748 780 847 863 880 924 942 973 981 
21 32 62 105 148 203 207 208 220 228 254 330 367 380 535 546 623 680 716 802 876 912 
22 122 170 191 222 244 267 274 347 380 466 467 577 627 642 667 772 812 819 848 885 898 943 
24 21 32 157 260 271 298 362 384 406 421 483 512 559 598 630 647 678 686 868 891 949 962 975 989 
24 24 36 71 77 134 137 145 166 207 279 304 325 374 396 530 677 713 779 796 803 811 830 844 910 
13 29 100 384 574 592 593 618 668 719 727 757 761 810 
22 21 63 78 123 167 231 281 410 464 478 482 483 525 612 710 744 761 764 819 852 913 988 
18 31 32 44 176 259 321 360 425 427 434 447 712 739 795 858 905 925 934 
21 0 4 7 13 34 176 268 309 355 404 458 579 580 681 727 754 768 776 825 877 937 
23 2 20 30 31 54 92 95 143 226 394 567 613 648 674 757 768 787 842 860 899 904 946 953 
24 115 166 179 248 268 281 409 418 550 553 595 631 674 683 751 775 783 791 807 831 834 931 978 989 
24 20 48 86 112 145 340 350 371 404 481 489 503 509 561 652 669 674 675 704 747 780 811 835 860 
17 37 137 148 167 193 205 291 371 439 516 574 594 642 836 841 905 932 
22 43 62 95 214 243 281 355 463 613 651 668 670 707 738 740 755 763 841 897 925 931 979 
15 65 73 96 145 194 469 484 622 656 699 711 759 927 955 983 
21 3 11 42 56 101 181 190 313 343 510 534 551 581 582 601 636 657 742 789 890 952 
19 49 123 233 296 444 467 478 533 566 649 656 675 714 758 784 803 831 879 907 
17 3 21 62 127 303 323 441 464 517 549 565 603 610 708 745 776 823 
29 2 21 45 48 57 117 145 198 205 303 315 324 388 494 515 523 534 641 650 657 718 737 738 741 751 767 820 855 897 
21 86 118 132 141 178 199 203 270 369 375 417 579 648 667 690 717 719 883 888 916 928 
24 22 73 110 119 139 174 228 233 273 325 463 496 504 537 594 673 728 765 843 876 898 900 929 969 
28 5 20 138 140 195 245 255 283 291 329 376 381 389 395 435 478 510 585 595 598 609 636 669 763 870 886 918 984 
22 53 91 128 137 209 225 263 374 448 450 462 509 540 637 639 654 692 719 747 802 946 960 
16 3 26 186 208 244 282 420 482 638 659 759 843 881 898 965 973 
21 52 68 118 143 165 229 263 415 535 661 687 706 709 728 748 760 771 833 837 873 878 
23 27 79 84 168 350 386 409 415 428 432 448 508 588 604 618 658 796 856 897 904 936 974 977 
20 35 46 96 108 181 203 221 252 316 349 492 616 652 766 805 860 870 892 898 976 
16 33 62 65 96 174 314 344 379 422 454 501 534 708 743 877 987 
18 22 174 203 209 260 377 411 431 493 506 576 602 745 904 948 984 986 990 
20 31 86 149 177 203 212 226 312 315 316 352 372 393 589 607 639 701 773 794 843 
26 0 22 37 51 58 75 98 117 216 227 382 400 456 500 501 506 616 638 640 679 777 791 869 924 925 932 
25 3 7 20 100 104 105 126 146 193 292 300 328 436 459 484 499 510 552 669 733 746 778 814 869 877 
16 1 65 103 140 193 233 312 390 423 478 636 874 882 892 909 979 
18 24 45 66 166 223 315 528 571 619 653 677 779 782 788 795 864 928 987 
19 77 165 217 302 374 511 524 544 558 650 679 700 763 821 846 850 921 989 990 
17 20 32 143 163 406 465 475 599 650 707 710 758 778 779 844 867 919 
20 73 142 192 209 230 233 293 319 415 513 547 550 558 602 615 661 710 810 811 962 
17 37 94 188 208 259 269 303 426 454 547 574 609 641 667 709 833 862 
23 6 186 323 374 397 455 496 556 601 610 645 668 716 773 802 817 824 888 916 921 924 987 990 
23 64 139 293 294 322 350 458 574 583 626 627 670 675 681 761 887 897 911 915 923 928 930 961 
21 0 13 94 126 152 165 175 225 239 241 283 332 446 455 499 707 716 764 781 902 960 
26 46 79 86 125 153 245 260 270 434 529 531 592 626 629 638 654 659 668 670 739 807 815 847 910 936 981 
18 64 128 316 340 341 364 367 429 440 512 561 574 608 708 782 862 956 975 
12 24 121 193 222 252 498 510 627 636 645 858 936 
15 34 69 82 215 378 414 430 499 544 568 621 667 760 846 939 
16 17 39 57 274 279 367 388 421 431 518 565 640 673 676 867 925 
26 13 42 114 188 290 371 395 422 429 437 448 485 533 536 548 572 604 632 679 680 696 718 754 861 926 958 
22 49 91 267 301 361 405 412 424 449 487 528 559 573 600 605 682 753 835 934 947 986 999 
22 31 79 137 165 452 539 564 578 588 614 717 723 737 738 746 754 775 806 840 856 899 947 
13 0 1 31 209 362 606 642 721 885 890 891 904 987 
18 34 100 141 150 155 206 217 229 287 319 385 389 403 695 707 785 908 973 
17 67 119 122 139 143 392 468 469 488 533 587 598 617 680 759 811 849 
19 68 140 216 237 257 298 370 428 501 511 546 663 672 720 852 863 871 878 879 
12 44 173 198 379 381 419 450 463 595 649 694 863 
