200 1000
371 471
174 657
527 647
217 247
109 452
77 810
267 511
295 386
327 911
38 160
271 556
373 443
389 438
226 762
106 554
96 292
684 753
441 952
295 869
206 674
422 538
147 956
2 24
316 919
156 517
40 292
120 897
159 448
318 985
110 844
77 281
136 796
93 920
124 209
81 506
603 672
83 603
111 168
435 530
478 701
756 856
356 826
6 26
342 347
415 443
228 228
788 890
286 342
266 286
30 818
483 579
284 344
238 708
496 508
462 507
659 925
612 667
229 753
171 623
9 546
37 114
300 431
486 804
282 837
1 3
123 425
693 846
110 714
140 722
21 324
81 184
556 581
693 937
414 552
65 175
694 736
487 518
127 913
260 383
140 938
125 234
134 239
86 103
34 110
194 363
135 326
399 684
415 674
49 57
147 204
436 624
29 569
349 564
61 878
18 74
170 334
646 750
313 451
18 108
16 220
545 559
117 735
237 352
758 807
465 648
122 441
571 645
17 72
93 371
39 105
182 466
222 733
24 272
482 716
161 564
123 132
215 665
56 137
16 65
66 179
610 622
507 540
438 930
614 941
215 217
599 612
360 498
227 299
140 613
5 69
140 179
448 476
58 163
288 762
318 641
543 1000
84 566
284 880
196 355
366 831
156 545
167 692
409 479
530 704
125 204
274 670
230 963
28 604
506 765
75 75
38 257
354 399
28 146
574 798
167 641
54 559
760 885
211 295
54 533
330 334
249 518
55 619
651 828
638 875
141 188
135 414
147 663
269 369
345 853
36 70
226 421
54 379
104 190
675 743
28 36
349 980
357 412
71 281
64 145
138 159
51 367
242 329
37 287
618 869
42 109
5 362
512 626
118 831
429 634
35 114
2 2
35 361
84 117
83 344
56 116
201 463
185 213
287 964
545 693
16 82
140 879
23 33
59 725
149 399
365 639
864 935
382 651
27 35
59 67
29 587
26 311
27 170
327 416
22 25
609 613
35 48
653 964
48 222
460 967
140 651
230 624
23 727
366 884
280 317
162 358
147 178
75 353
171 345
215 679
116 590
354 696
103 210
448 600
159 201
235 400
24 559
125 305
288 790
1 30
237 282
58 84
310 780
156 688
360 928
59 468
682 906
331 558
528 611
205 388
94 241
195 289
64 92
485 527
8 35
43 742
20 387
192 623
152 402
631 728
208 349
756 906
463 948
396 523
78 191
49 76
55 70
254 966
784 823
267 410
284 299
100 243
502 837
531 738
263 449
22 40
464 478
216 625
256 542
203 497
97 270
141 561
243 783
820 868
5 304
22 51
725 805
92 140
133 156
416 644
23 88
137 959
47 583
24 38
451 656
121 912
56 368
54 147
297 679
175 939
625 676
31 133
513 580
67 238
427 571
71 81
404 596
569 791
328 502
262 292
339 603
134 783
242 255
65 213
71 177
166 241
65 70
123 152
116 487
640 952
237 479
321 657
126 374
710 997
288 895
264 471
53 255
224 316
199 309
72 74
100 213
795 995
49 69
640 841
677 694
161 897
390 924
200 502
528 650
596 948
285 886
160 238
181 642
456 754
370 870
118 153
3 7
151 295
56 979
13 36
72 96
253 405
315 339
530 693
457 899
133 725
345 444
42 569
367 726
419 511
15 273
29 109
415 806
34 49
694 790
20 21
337 470
544 561
541 657
92 171
352 574
789 877
357 945
506 759
304 324
893 924
70 567
73 385
398 798
174 375
447 457
448 544
461 571
828 921
24 701
565 633
81 259
199 667
55 567
32 73
99 174
299 888
133 367
243 862
641 694
25 736
302 770
198 682
478 813
13 206
108 854
365 812
2 2
55 199
5 28
17 45
940 970
95 469
107 215
12 66
332 338
114 900
1 9
71 211
28 743
5 18
20 62
262 647
711 793
224 420
148 159
213 750
91 134
33 78
276 956
518 686
391 460
819 987
132 287
120 489
463 958
335 378
463 656
123 757
455 456
411 736
891 974
116 364
637 787
313 322
692 858
175 988
108 497
12 182
158 989
378 710
495 899
275 284
29 52
378 491
133 295
49 143
445 651
193 362
204 632
169 367
359 630
52 57
536 809
256 680
64 308
49 177
311 508
479 987
61 343
26 134
21 24
27 108
294 379
0 543
8 392
802 851
857 992
32 68
22 83
34 593
47 47
246 437
106 975
124 241
237 343
530 800
47 157
50 114
374 533
7 21
89 738
259 460
153 734
454 684
13 46
49 234
60 307
336 741
350 676
265 332
807 909
107 209
62 125
433 559
383 493
77 196
144 731
97 201
473 864
270 643
571 999
638 766
60 884
13 13
323 452
475 508
29 184
112 686
99 117
70 312
387 722
400 874
438 837
66 85
651 840
360 456
461 519
83 166
481 882
316 555
191 211
295 670
186 266
64 176
372 470
312 729
56 272
59 915
514 576
232 415
693 767
156 977
137 157
382 394
76 375
205 901
401 604
278 485
154 201
143 144
143 428
4 364
502 587
433 955
161 703
393 546
302 728
6 738
174 792
102 606
242 292
347 561
111 288
269 456
103 349
360 448
81 910
211 487
323 504
26 559
29 260
223 283
23 280
316 808
45 564
428 852
128 276
2 193
335 611
667 799
8 122
155 260
679 818
49 609
507 513
382 626
73 299
228 406
113 353
290 807
277 402
101 487
70 456
120 292
134 584
490 530
526 623
420 778
537 538
553 605
755 978
246 565
11 48
12 780
636 849
166 688
352 390
260 273
881 895
766 874
67 104
97 649
0 154
25 510
470 925
9 202
328 388
791 984
718 807
51 91
58 356
259 723
356 479
50 57
331 350
4 63
148 187
58 89
760 777
674 726
282 714
127 390
99 132
106 172
139 500
123 794
482 631
215 490
383 677
276 397
355 403
127 177
554 990
360 975
329 611
221 229
137 813
188 194
78 417
129 155
521 821
416 883
76 211
490 788
597 736
658 878
239 361
1 8
50 79
107 967
561 741
78 114
357 609
3 3
911 989
83 616
56 534
21 306
283 934
126 383
4 170
281 763
592 824
568 970
406 577
19 599
372 626
70 631
124 141
116 647
802 864
51 119
224 459
132 381
492 780
646 1000
217 662
262 435
63 961
234 302
20 41
251 672
626 675
260 830
278 383
18 219
35 819
168 206
203 387
425 729
357 884
446 643
9 381
758 791
78 427
115 243
75 434
854 966
279 504
647 678
41 678
187 601
17 509
4 6
258 895
231 565
655 725
573 789
290 810
180 447
197 213
191 882
68 868
36 667
22 165
90 239
627 745
356 839
414 992
172 780
183 338
305 827
53 606
87 230
317 437
330 607
55 81
23 222
902 956
62 215
32 502
39 85
119 130
291 546
826 931
204 452
189 912
336 647
225 260
838 975
65 606
221 463
85 139
207 655
400 408
367 720
97 143
603 696
746 790
107 151
41 52
105 231
593 842
78 136
736 793
153 764
252 376
3 10
77 180
12 104
537 627
146 825
233 485
419 934
115 133
93 139
253 536
178 528
396 653
181 202
288 301
267 549
29 512
375 653
543 676
0 182
393 871
214 650
197 625
87 94
118 405
121 148
154 544
74 350
458 729
112 288
232 377
581 908
1 48
61 434
23 132
502 711
380 968
271 744
499 988
67 70
185 928
866 939
580 987
155 935
279 454
208 242
322 860
480 554
549 859
201 980
8 116
107 877
20 170
60 61
855 962
4 68
24 235
139 797
324 372
123 319
331 443
172 430
20 118
22 23
83 304
148 169
310 663
230 976
380 589
186 534
321 519
143 319
175 200
159 622
45 685
534 664
133 181
203 628
14 676
25 25
165 177
429 796
337 339
78 156
159 849
112 542
210 611
101 332
441 801
27 191
21 417
119 349
42 483
580 897
520 598
154 250
191 707
707 842
232 290
96 224
468 716
208 436
8 33
225 894
339 733
396 524
568 829
7 955
705 915
428 767
194 556
409 851
32 84
140 834
217 266
731 794
515 573
15 720
43 102
184 742
230 444
125 703
745 881
547 873
494 564
102 121
297 723
33 306
118 426
331 523
123 305
97 99
46 72
286 470
296 315
546 842
163 272
341 714
248 773
151 379
128 945
223 660
47 157
499 784
241 892
32 703
202 306
463 611
71 420
737 987
256 852
179 676
262 372
80 247
73 161
7 96
711 979
1 1
642 706
514 880
442 971
4 670
195 619
273 362
44 436
30 143
7 478
118 365
466 939
32 243
503 550
219 323
52 119
380 678
836 841
42 86
81 923
473 784
181 487
7 175
32 126
232 879
490 558
106 500
443 863
23 146
431 571
372 560
384 428
27 81
15 621
356 685
104 433
8 336
391 928
97 461
154 324
59 752
783 871
62 150
11 46
146 492
251 878
8 312
534 624
328 483
147 631
7 9
201 410
567 937
49 234
347 951
46 496
428 698
327 859
213 436
64 405
7 43
672 912
23 52
227 258
457 466
592 815
0 4
115 794
896 1000
331 613
67 409
56 178
722 964
34 333
153 330
160 886
82 291
90 191
272 955
19 174
96 264
22 466
27 41 59 90 139 147 234 265 326 327 496 537 560 589 616 653 672 681 720 745 771 792 841 872 873 943 962 966 
25 33 45 47 78 81 160 255 284 332 338 372 389 404 419 480 553 630 734 746 794 797 814 833 874 882 
19 20 30 63 145 205 280 295 326 442 467 481 612 626 721 767 829 856 916 986 
20 67 72 123 173 175 216 308 309 424 462 491 495 537 550 555 592 638 764 770 857 
17 37 61 68 74 193 277 285 333 354 463 632 700 702 747 777 825 950 
15 287 432 488 518 547 551 627 706 713 728 749 881 925 949 961 
21 37 66 70 205 221 307 343 355 377 381 572 589 610 698 731 756 815 841 911 942 978 
17 20 26 187 204 374 634 669 775 828 829 847 892 909 972 977 982 999 
17 19 80 230 248 253 254 270 452 472 494 562 611 624 635 789 915 916 
23 34 45 184 248 281 431 454 530 596 637 700 706 708 739 743 791 792 800 879 943 963 977 995 
19 25 128 212 248 255 330 357 438 471 527 528 531 534 608 664 693 703 763 771 
23 68 75 78 84 87 93 107 117 204 290 389 492 506 590 641 716 737 776 830 880 890 897 919 
20 19 272 324 357 376 416 423 434 455 514 552 570 603 760 817 830 833 924 939 951 
19 9 202 267 369 413 427 433 454 471 514 528 570 576 585 648 709 745 817 982 
15 56 58 73 164 222 282 297 469 526 654 712 720 744 788 811 
19 15 150 171 311 376 390 453 569 595 643 714 803 906 910 928 947 985 988 996 
26 13 38 64 74 85 174 183 197 344 407 431 493 507 508 516 627 649 657 687 710 717 773 855 913 926 954 
23 57 110 116 159 172 185 249 250 259 329 365 474 511 585 638 722 736 747 765 833 843 895 987 
16 98 109 125 137 158 165 312 344 404 517 552 554 590 748 762 945 
16 44 62 101 127 217 243 262 293 306 435 459 499 533 675 717 904 
16 120 155 226 238 248 347 408 501 526 587 692 730 745 748 867 901 
15 31 44 137 196 201 239 268 374 457 527 648 710 755 768 991 
21 79 152 159 250 287 317 339 343 359 463 465 523 572 668 724 818 827 857 917 923 983 
19 40 126 134 148 216 447 582 593 630 648 662 716 735 765 838 873 926 941 972 
18 11 54 118 135 175 205 330 333 443 482 515 561 739 773 802 935 937 988 
19 104 158 183 186 206 217 229 393 425 441 471 529 586 625 713 790 800 832 836 
23 21 37 60 218 354 356 388 416 462 463 472 474 559 562 583 591 757 778 796 814 897 902 954 
24 241 276 293 311 316 345 355 431 475 525 538 554 560 565 580 636 638 758 840 849 909 916 991 993 
25 5 36 53 102 103 148 182 352 390 401 472 513 537 618 677 685 694 697 705 724 849 850 891 932 938 
13 68 119 157 261 336 343 408 428 436 492 617 679 835 
15 49 119 126 135 157 216 328 535 590 616 678 777 793 817 939 
17 67 161 195 234 266 299 334 409 532 654 679 695 751 808 842 887 917 
31 23 67 96 103 146 177 196 305 318 331 415 426 441 482 527 550 597 607 610 624 629 633 653 654 671 713 765 776 812 843 909 
28 30 55 127 145 164 166 200 207 226 319 405 446 471 473 480 497 599 650 666 707 725 805 817 831 865 908 968 986 
14 88 112 188 231 315 346 362 394 424 542 551 676 766 791 
20 201 250 273 314 369 396 470 475 496 585 619 653 774 794 807 882 904 918 962 974 
16 117 161 169 468 514 526 529 564 602 671 730 898 941 953 960 998 
17 38 220 255 373 394 452 467 483 662 688 749 805 819 845 868 870 993 
14 0 33 232 279 288 313 346 399 410 514 713 750 860 862 
23 21 43 56 71 87 115 119 140 383 453 489 493 500 626 637 642 701 707 736 788 789 871 948 
16 122 126 196 226 229 465 493 522 635 666 755 786 888 901 975 980 
16 101 221 241 281 297 325 346 375 553 556 635 732 736 748 822 973 
30 89 181 187 188 224 272 313 326 338 410 415 427 479 530 531 554 567 572 667 713 744 752 764 858 864 871 912 937 952 991 
12 36 109 136 486 555 594 724 728 764 766 907 918 
20 7 26 58 115 116 213 457 458 482 487 533 615 626 633 634 640 682 713 900 952 
22 30 77 98 235 259 328 363 369 418 428 544 553 606 651 678 710 738 766 851 910 966 969 
19 53 103 113 208 222 245 261 298 305 409 506 608 648 735 751 887 930 951 953 
21 5 193 210 219 326 366 388 399 415 476 482 637 650 685 688 866 876 907 934 960 976 
22 44 137 157 176 182 217 287 350 371 375 510 561 597 633 640 645 665 699 768 848 853 906 
25 36 56 117 162 199 200 203 211 233 285 347 387 503 617 649 714 716 738 751 877 893 902 930 995 998 
22 29 44 73 125 132 234 269 284 460 468 476 541 551 601 606 641 720 770 774 904 939 951 
29 87 126 134 135 154 214 252 259 261 348 380 403 544 552 565 584 608 617 646 659 686 709 753 773 830 900 906 910 925 
17 13 193 224 286 313 438 470 545 574 584 600 630 806 812 875 887 926 
20 45 117 121 159 234 363 642 655 659 689 780 802 820 854 872 943 947 948 974 993 
17 0 44 63 146 171 315 378 392 426 477 519 569 704 725 776 878 949 
22 11 73 83 144 160 181 211 221 282 312 325 327 332 383 406 414 511 652 816 851 881 894 
19 3 138 143 220 294 467 491 520 584 606 607 652 707 740 819 881 927 928 972 
19 3 55 154 276 337 363 392 433 456 497 613 641 729 745 768 786 788 791 874 
23 31 70 200 207 229 287 292 390 411 425 458 485 501 565 581 608 641 762 865 897 907 921 940 
16 22 124 161 173 266 364 375 460 461 507 561 686 749 771 773 936 
15 12 30 70 78 105 145 240 249 316 323 389 488 578 644 991 
17 3 13 46 77 223 230 276 307 324 562 563 583 744 783 844 859 956 
18 19 32 100 251 324 405 428 448 487 542 711 763 790 852 888 917 938 944 
14 0 24 62 120 281 327 374 380 426 541 569 736 801 845 
21 68 153 174 194 252 261 290 321 356 368 448 518 596 652 708 715 797 823 876 879 920 
15 79 96 150 151 334 337 349 434 457 491 540 589 676 858 929 
20 39 40 75 100 159 253 262 287 303 345 402 415 471 534 598 627 678 714 811 873 
24 36 45 54 93 115 171 186 243 355 455 464 487 489 509 523 584 607 639 677 695 723 916 950 952 
18 174 185 306 340 344 368 394 403 456 489 523 642 664 721 779 905 953 991 
23 32 73 205 223 282 349 421 463 465 487 490 495 526 542 572 620 682 720 724 756 760 768 821 
14 6 147 188 224 279 306 397 535 654 679 719 735 797 899 
19 90 105 107 238 262 274 377 498 509 527 546 582 583 618 767 836 849 890 920 
12 17 219 335 389 410 419 481 496 588 727 892 984 
13 75 260 392 434 467 515 629 689 691 737 842 955 963 
23 18 63 146 317 404 439 562 613 623 677 697 707 726 811 852 854 871 918 937 947 954 974 985 
15 107 166 239 269 368 403 446 488 489 533 558 859 911 916 973 
18 46 71 108 110 227 317 326 339 449 573 686 729 750 815 852 887 938 992 
25 167 182 183 209 223 269 334 402 417 437 530 564 606 622 626 633 686 691 825 828 837 861 917 969 982 
19 44 48 156 343 401 528 548 584 607 624 633 639 665 670 792 793 817 894 977 
20 22 102 131 261 313 368 371 391 442 521 526 543 598 645 646 652 847 916 948 978 
23 24 55 79 101 125 127 136 190 259 260 665 708 712 716 769 810 813 822 862 898 940 971 996 
20 14 32 49 89 188 205 241 270 301 388 407 420 505 512 542 634 671 795 799 834 
23 29 99 184 259 288 324 585 611 636 660 687 703 710 728 795 804 839 845 851 871 890 908 994 
27 6 52 128 178 246 304 388 411 437 454 455 457 501 536 590 599 616 627 650 670 822 872 883 885 896 988 990 
24 128 153 320 354 362 365 417 425 455 504 536 545 616 680 717 733 752 763 789 851 853 918 947 975 
21 141 256 268 310 317 368 451 471 499 551 582 760 808 817 865 873 878 920 921 941 994 
13 10 37 69 79 192 291 499 535 603 746 773 798 872 
17 235 263 279 398 427 473 532 617 634 656 672 742 803 805 826 908 971 
18 13 62 73 84 191 333 500 515 530 629 657 680 687 778 834 904 929 972 
20 92 108 128 182 218 219 302 308 423 501 528 584 596 639 641 719 871 887 910 971 
20 34 119 149 174 276 385 487 526 609 624 636 642 643 707 752 802 808 875 931 964 
21 116 142 163 171 174 280 337 444 463 471 560 619 635 636 640 648 658 667 688 767 883 
23 142 204 307 310 312 418 423 440 463 579 582 607 636 672 686 740 757 791 801 832 898 957 973 
19 87 199 229 258 275 372 464 495 578 595 678 707 709 826 870 905 920 939 963 
23 91 184 192 196 198 229 259 306 334 459 483 504 521 610 668 698 764 766 777 784 869 890 898 
20 37 58 114 157 167 262 420 443 528 542 561 623 661 731 804 856 909 926 936 946 
18 23 110 145 160 318 422 490 497 527 556 612 643 758 778 785 812 819 925 
16 0 3 55 77 94 206 344 389 486 602 644 740 746 773 956 980 
16 115 230 251 339 396 400 457 463 480 516 655 835 858 927 949 996 
27 1 48 49 131 136 197 228 256 279 296 312 315 370 473 483 496 505 617 630 634 661 683 690 780 815 841 972 
21 8 64 170 278 336 417 543 551 582 651 652 655 758 759 791 820 850 895 955 965 997 
15 124 150 180 269 277 305 318 472 490 504 691 811 835 868 971 
16 50 75 88 107 149 153 249 342 379 391 418 570 780 891 987 993 
25 109 115 218 242 271 346 349 447 469 471 514 531 574 586 592 624 625 640 730 808 814 905 962 994 995 
21 30 71 104 106 248 382 388 476 497 517 531 568 573 618 633 634 741 754 855 936 983 
23 8 51 54 80 189 242 341 369 402 472 481 514 564 606 615 627 629 634 719 741 783 845 942 
19 47 147 287 364 490 491 515 549 587 627 727 745 764 821 829 874 899 958 966 
22 56 111 160 210 258 287 371 384 411 526 532 546 564 573 605 614 649 737 759 765 876 976 
13 21 23 60 244 503 571 575 611 724 776 787 809 884 
20 27 99 111 176 205 231 239 254 366 474 477 588 628 725 726 732 762 789 831 888 
25 17 32 87 271 309 353 362 385 390 422 464 560 582 588 618 676 687 729 746 775 781 788 807 963 975 
16 25 134 135 143 168 225 230 296 483 577 635 637 656 849 887 894 
17 110 236 252 276 356 378 406 422 494 503 519 586 619 663 711 791 840 
24 31 69 81 83 118 173 232 234 251 264 282 351 368 417 431 437 460 678 717 743 765 839 859 891 
17 1 86 126 139 157 175 198 394 439 442 464 484 544 592 865 919 955 
22 31 47 50 65 180 241 256 331 372 395 485 502 520 526 550 632 647 820 873 945 947 949 
18 44 57 92 173 244 407 411 421 423 453 505 506 585 625 828 880 916 965 
14 25 73 289 355 454 465 487 647 648 824 843 851 872 936 
17 52 122 145 334 430 470 515 633 644 648 792 801 823 853 888 889 973 
30 5 46 47 131 136 194 225 304 314 338 416 466 485 487 508 520 552 556 562 583 635 643 649 727 741 749 769 774 810 836 
18 7 27 87 121 278 312 516 550 665 682 709 714 744 788 908 962 974 978 
17 4 44 95 110 206 254 343 363 436 466 489 534 558 795 912 965 985 
13 80 114 218 236 416 492 595 796 831 842 866 919 975 
18 79 162 297 300 346 478 509 620 621 665 677 688 701 711 747 886 904 982 
20 72 80 82 107 114 325 328 340 356 562 620 658 708 724 754 755 765 820 831 957 
15 0 36 72 158 183 333 510 529 555 714 744 755 790 809 897 
27 54 67 90 102 107 111 146 165 183 212 230 237 241 278 319 379 426 427 453 522 680 707 750 823 866 965 996 
22 7 45 54 109 213 222 236 265 314 388 410 431 503 517 564 583 661 726 798 810 895 911 
21 0 57 87 98 161 323 348 360 424 446 572 587 625 628 666 776 821 940 955 979 990 
22 54 94 167 329 347 453 500 526 554 599 609 616 645 717 787 794 813 849 889 947 976 985 
21 12 37 150 179 185 189 191 304 362 479 488 508 618 624 775 796 818 829 850 914 962 
14 186 191 246 279 388 420 498 718 722 782 799 810 919 944 
14 116 145 475 477 487 622 746 756 761 781 819 917 952 971 
18 29 57 73 88 91 99 243 289 359 382 468 519 561 594 613 676 690 809 
19 145 151 168 219 235 327 362 443 505 527 647 667 682 781 782 800 860 948 994 
24 20 42 59 87 163 171 199 244 274 393 395 513 516 561 568 715 769 779 796 806 952 971 983 984 
17 58 64 99 138 202 249 253 280 526 550 589 709 725 735 797 984 999 
15 21 39 76 87 165 268 325 395 488 532 546 680 818 899 964 
17 43 140 151 221 229 313 316 330 373 395 607 633 762 798 803 841 948 
21 98 121 137 208 264 326 347 367 439 472 532 538 575 608 631 698 735 747 852 907 922 
20 29 74 138 171 250 295 412 433 445 525 539 625 633 637 677 790 793 936 978 998 
22 35 76 77 88 132 219 220 349 380 403 480 487 560 595 629 674 748 774 837 857 913 938 
21 82 211 280 295 325 350 373 412 435 466 468 481 501 552 688 798 799 817 844 929 953 
19 24 61 73 89 94 104 106 242 254 295 396 440 490 493 697 855 878 974 984 
24 14 67 69 146 172 216 295 298 383 386 387 453 519 559 614 681 715 762 842 849 906 923 925 943 
19 26 55 112 222 233 278 324 369 416 423 489 624 653 753 834 869 904 958 967 
35 12 20 31 48 54 75 125 162 172 270 292 357 390 422 434 447 454 502 512 563 583 621 663 724 726 763 773 794 829 835 919 927 937 968 992 
14 2 15 69 147 159 357 574 609 637 652 669 727 922 947 
21 16 95 111 151 263 289 329 456 458 464 506 553 608 635 692 739 839 947 957 968 987 
21 61 98 109 207 215 305 350 389 444 466 471 494 516 554 557 568 583 742 757 792 866 
18 20 21 55 186 235 304 315 342 356 358 472 504 529 714 784 900 937 940 
24 12 83 88 90 103 112 250 260 364 370 391 418 454 542 593 723 735 785 789 795 911 915 950 976 
18 2 74 106 129 283 318 417 456 492 518 560 662 665 725 770 854 877 967 
24 29 93 187 189 215 225 252 283 335 392 393 456 543 570 689 707 753 865 905 928 936 963 977 992 
34 23 41 42 45 50 92 100 108 144 148 223 316 337 366 382 419 476 491 495 510 528 550 636 652 654 730 772 808 843 849 851 942 950 951 
20 125 154 204 314 376 377 384 391 422 473 507 624 638 709 716 759 861 959 980 981 
18 29 91 101 141 182 237 277 333 459 517 572 625 704 708 775 852 877 888 
14 71 89 90 108 335 397 429 521 597 657 712 813 818 893 
21 60 134 136 155 172 283 355 424 469 560 572 673 679 686 736 763 830 865 869 948 971 
18 15 24 78 176 197 277 296 534 548 553 656 693 744 832 850 905 914 964 
23 1 4 36 105 127 149 162 186 257 260 309 354 382 402 535 701 708 728 910 942 974 992 993 
30 1 81 133 148 183 199 216 284 286 307 343 351 390 396 435 436 442 453 501 507 557 563 577 585 609 631 843 868 950 979 
25 19 68 129 185 229 365 386 391 413 422 445 488 494 515 533 583 652 655 700 725 793 938 948 983 992 
10 400 415 444 530 573 574 651 708 713 967 
18 1 2 16 59 100 146 259 336 540 566 569 639 689 726 778 854 865 871 
16 82 113 134 190 299 314 341 557 646 824 828 841 844 853 962 997 
23 1 19 108 114 149 169 190 260 517 538 561 586 636 638 657 668 670 722 745 777 790 877 973 
15 25 41 81 249 432 478 492 514 596 660 718 733 809 961 975 
30 2 36 61 92 130 229 372 388 393 410 445 480 490 515 531 559 560 571 600 609 655 687 699 773 850 874 893 903 954 992 
21 117 268 400 412 435 443 451 524 575 621 683 698 713 744 789 833 852 876 889 932 951 
20 16 48 196 198 281 290 291 315 351 354 432 516 568 616 651 719 756 849 972 979 
20 130 145 164 197 325 336 389 419 432 438 536 558 601 684 699 715 779 808 933 944 
20 38 57 74 133 231 345 356 434 526 577 626 650 652 665 666 687 689 738 850 930 
25 77 114 123 172 192 204 240 298 308 333 354 484 573 582 595 628 679 681 705 727 867 900 917 939 989 
23 40 54 56 85 122 130 135 139 182 292 333 386 415 502 503 527 614 649 697 718 750 763 941 
17 11 59 118 251 263 320 324 340 345 361 518 591 600 676 819 889 899 
24 14 22 45 46 120 126 146 163 206 322 364 400 440 449 505 529 639 752 777 778 782 875 882 885 
13 39 49 189 206 353 379 575 591 612 714 792 949 991 
14 50 172 210 344 358 368 388 432 484 572 653 694 737 896 
17 11 28 99 288 401 412 414 421 543 611 666 761 766 772 875 892 997 
19 6 177 184 203 209 214 237 316 334 420 547 628 659 702 713 719 736 905 931 
27 145 163 182 195 209 313 322 363 370 373 378 417 429 431 498 522 524 576 692 699 718 750 757 764 774 880 953 
17 179 209 218 260 277 296 419 425 529 616 909 914 921 936 956 964 973 
23 102 125 140 149 247 253 300 320 404 491 545 563 587 606 681 696 697 753 754 769 846 879 913 
20 4 39 60 125 184 185 187 235 276 502 521 588 622 676 723 775 849 863 949 982 
16 118 148 152 197 409 464 465 528 537 582 725 834 848 916 937 958 
19 51 70 112 235 238 243 355 418 422 450 461 482 568 744 747 754 908 927 995 
14 22 216 273 295 348 352 488 527 601 658 667 751 790 912 
22 120 147 194 245 408 473 475 492 619 630 640 644 724 745 783 846 874 878 879 918 959 970 
17 129 157 248 271 358 433 483 563 667 676 703 721 726 860 949 983 989 
20 123 208 220 276 317 370 385 406 464 563 665 699 715 779 809 837 838 842 844 969 
20 32 158 234 288 312 392 418 428 502 504 522 576 610 648 666 793 812 821 853 897 
23 46 152 177 208 217 289 293 314 400 401 416 455 527 551 645 660 690 773 774 818 944 984 986 
24 93 111 166 178 204 257 290 327 328 383 528 536 579 604 626 677 686 700 749 820 906 907 912 972 
23 77 97 108 173 198 201 242 291 321 335 381 458 473 481 518 606 631 658 669 687 828 856 897 
15 0 190 277 391 437 576 578 628 742 832 850 928 950 976 979 
23 38 86 89 95 207 217 264 345 371 384 487 519 642 650 656 698 729 767 775 838 846 925 945 
20 29 33 77 116 294 348 401 405 433 436 450 473 474 506 520 607 684 690 718 774 
16 34 78 91 158 278 398 489 517 580 612 668 683 707 748 799 804 
16 164 178 319 387 429 442 478 508 539 598 667 702 762 788 867 906 
