200 1000
145 300
51 337
322 700
89 260
79 484
3 31
4 63
294 295
48 85
472 505
63 70
135 649
376 382
60 115
905 917
94 373
2 25
77 421
480 564
366 664
207 851
282 508
116 296
250 267
66 119
809 908
0 67
231 732
315 733
344 754
166 308
167 362
258 282
818 869
167 458
214 308
23 67
687 709
26 269
313 716
232 420
559 932
184 225
458 685
314 784
18 153
534 641
79 122
388 524
363 425
266 606
58 470
7 24
561 863
37 44
356 427
304 460
692 971
137 174
180 263
168 829
287 292
605 679
450 574
126 262
813 818
114 217
432 487
26 276
211 905
228 982
150 262
91 492
99 847
365 882
336 364
53 162
283 804
612 706
35 82
64 699
69 133
93 108
627 744
36 382
157 964
330 371
258 308
377 854
208 382
41 671
159 524
417 681
288 472
168 624
652 686
41 435
423 610
531 877
43 263
219 675
761 808
312 348
87 467
203 468
127 626
411 498
69 83
49 82
589 993
418 497
18 298
88 143
87 204
108 122
262 334
70 418
222 238
14 156
404 660
37 557
102 737
3 489
268 278
0 5
262 835
44 54
35 428
16 55
501 845
499 592
92 125
770 806
195 231
47 966
117 229
436 627
94 255
662 795
18 138
450 746
21 460
57 643
363 707
204 376
69 715
63 358
299 603
525 778
362 439
5 118
30 668
655 672
177 653
39 153
86 403
65 295
244 318
42 831
864 961
72 407
203 301
466 983
48 98
78 168
445 632
492 500
32 91
107 337
42 51
111 148
1 1
533 718
100 115
28 33
110 395
297 429
124 413
282 292
77 483
175 630
1 120
139 409
61 198
100 982
162 892
619 878
433 782
428 529
170 184
50 486
89 849
857 970
655 933
9 103
106 656
517 977
310 393
338 345
111 333
710 781
645 994
427 500
24 477
166 955
349 536
612 800
190 310
243 833
612 710
128 147
311 601
11 146
296 343
292 966
523 910
165 768
140 328
250 768
174 219
1 740
155 286
238 344
41 154
115 312
71 130
301 703
35 660
195 257
24 836
277 288
41 51
49 232
101 436
84 99
270 646
301 352
114 216
273 846
405 523
59 111
0 827
162 366
123 926
552 598
36 145
66 258
228 410
517 621
305 654
160 227
422 640
88 269
157 163
65 320
10 939
319 531
18 43
174 294
111 321
573 993
287 798
33 138
179 209
60 273
345 545
298 448
36 999
13 100
167 878
130 171
302 881
299 386
61 998
64 210
10 24
215 691
588 955
27 124
465 891
23 81
122 193
24 37
5 12
867 892
66 164
20 252
241 970
205 662
681 743
328 387
71 935
160 342
122 327
583 979
43 565
647 660
53 109
144 607
221 307
135 136
546 774
34 687
48 72
399 594
208 804
62 94
195 572
606 726
348 355
54 298
387 826
61 554
91 144
144 167
26 66
713 999
41 167
230 319
96 640
479 928
519 775
670 844
191 856
31 124
586 821
92 442
597 905
196 214
1 626
121 887
150 505
125 131
225 544
20 24
159 664
537 655
46 170
82 136
173 829
417 935
17 698
397 700
21 308
56 112
79 361
58 92
246 336
403 944
65 217
100 685
42 325
119 174
168 190
643 761
325 402
98 731
364 448
917 962
25 264
192 628
742 760
154 894
72 241
281 420
31 638
443 528
331 535
23 31
175 186
148 329
185 381
340 966
110 558
256 359
243 615
408 746
11 23
891 904
234 652
28 50
468 605
242 727
267 392
124 581
158 266
60 889
38 226
11 82
104 428
72 230
34 343
2 46
83 210
168 338
137 569
171 501
239 390
21 187
533 882
146 329
587 845
95 481
172 783
209 404
19 527
664 946
341 524
403 797
505 780
737 950
426 489
443 643
61 329
33 51
154 738
1 185
410 549
748 783
38 587
275 351
123 317
759 861
607 869
475 580
415 630
151 671
161 686
126 191
31 967
167 885
279 984
81 331
76 372
358 704
218 920
311 842
38 798
123 160
438 784
103 524
134 442
157 450
175 798
453 627
0 0
45 306
663 803
755 914
27 51
419 549
234 394
561 714
166 914
125 414
175 548
208 879
52 70
355 427
106 160
68 139
76 148
6 878
99 461
11 181
11 599
125 188
2 26
551 885
365 630
591 964
371 467
570 725
363 689
401 887
86 778
38 665
146 768
0 32
74 115
367 449
55 82
18 57
180 205
40 80
623 881
709 793
171 516
150 267
302 305
31 530
67 454
1 2
58 382
457 836
25 43
246 313
369 945
91 188
73 897
82 221
211 516
846 917
196 288
173 227
312 321
117 142
293 680
409 638
8 214
187 297
135 166
90 207
795 855
58 83
2 345
604 931
171 855
318 758
655 698
267 971
111 751
227 901
413 1000
235 272
308 973
23 176
56 967
415 797
138 254
207 646
28 112
185 458
216 622
12 547
156 644
352 407
384 786
524 877
350 578
279 374
31 363
4 210
64 259
476 951
87 229
250 858
12 31
155 338
402 761
88 599
326 611
470 550
3 5
263 409
59 268
624 684
290 373
116 176
583 888
245 533
854 978
369 370
432 714
3 24
104 233
348 865
363 832
503 902
136 926
20 685
17 413
388 622
379 515
367 872
20 323
68 213
364 608
357 893
253 288
20 677
336 623
29 32
212 907
11 36
56 83
210 773
40 106
677 823
98 216
581 881
181 468
363 907
124 182
68 159
771 825
706 871
7 71
10 273
220 711
383 428
95 114
281 738
68 265
95 183
201 289
125 136
414 659
222 709
626 775
49 939
77 297
159 527
625 819
73 99
505 977
745 868
154 285
82 407
31 137
411 593
84 723
5 244
581 712
205 468
70 450
34 671
58 59
123 202
504 958
391 449
162 181
230 804
495 756
210 336
77 756
42 42
560 731
259 563
551 672
146 279
0 3
318 628
27 94
813 864
91 624
9 359
87 306
23 62
127 377
286 917
314 474
171 701
109 125
26 143
914 916
359 375
278 414
11 238
231 897
99 541
101 863
516 926
448 731
10 92
97 588
695 845
661 762
8 91
191 199
56 155
427 451
53 53
295 953
11 184
270 410
4 8
540 582
230 640
221 946
1 18
74 116
201 407
175 644
188 893
274 513
379 395
12 25
40 70
334 527
588 800
87 324
72 142
150 248
78 395
150 434
17 51
75 116
251 905
142 418
424 827
568 989
162 221
156 336
252 433
420 835
326 511
68 223
64 125
118 172
214 555
348 976
41 403
125 325
180 936
352 442
462 893
252 258
297 803
61 314
33 621
57 344
383 507
151 844
138 310
23 64
16 55
42 77
638 803
210 961
112 464
329 539
27 349
115 870
621 950
227 267
86 279
35 684
53 281
138 521
319 737
28 249
71 107
289 844
82 663
343 637
721 920
601 993
62 686
113 166
382 485
120 441
138 346
39 77
672 897
457 800
404 629
192 232
243 590
119 177
212 302
469 976
141 428
505 769
153 287
157 199
247 444
67 133
369 710
678 948
16 895
96 197
6 20
631 914
300 550
42 723
214 261
262 490
91 123
237 612
546 611
65 916
240 282
118 158
112 131
343 360
578 713
154 391
383 967
234 392
188 691
38 796
139 407
270 884
186 612
734 908
523 706
135 284
48 99
24 158
433 599
111 495
154 194
285 302
45 830
18 283
95 189
374 759
538 850
570 613
104 241
570 759
187 670
333 696
86 396
387 853
434 723
490 928
611 793
634 922
606 727
266 704
36 119
4 40
474 588
811 883
759 818
929 954
801 823
490 651
23 82
381 685
11 14
439 594
485 807
532 711
96 111
20 23
482 594
97 443
145 199
181 474
544 571
506 719
39 571
144 490
69 136
28 33
246 486
6 12
20 201
69 293
7 779
36 155
222 453
167 790
237 450
396 826
258 380
400 786
576 760
226 579
315 328
481 768
75 486
20 74
27 929
208 239
4 22
602 669
754 855
822 916
242 261
1 795
34 66
25 650
224 871
408 776
22 75
123 193
142 190
239 517
2 4
429 772
168 876
153 834
296 586
551 986
35 55
71 216
49 68
315 700
257 374
207 750
140 551
112 430
314 330
132 832
248 867
270 316
235 467
240 440
102 685
63 543
378 585
297 590
329 385
275 432
342 690
357 394
2 11
99 137
718 723
1 35
88 283
340 518
294 495
36 137
233 247
8 372
50 497
167 401
339 913
552 621
155 285
713 810
567 891
130 737
209 219
608 739
50 294
102 466
97 227
307 684
16 179
3 24
19 992
618 838
67 240
527 566
375 836
37 226
170 470
408 862
21 615
232 885
69 315
319 456
141 193
208 383
475 538
252 289
203 265
164 685
6 55
185 471
150 382
203 257
419 543
166 484
15 26
67 585
112 450
413 447
168 281
148 277
330 855
218 507
54 292
381 909
204 210
400 705
541 718
20 28
111 342
31 509
57 336
214 667
255 585
5 83
69 388
737 933
105 233
355 611
611 711
508 629
60 333
123 560
172 458
455 492
177 729
433 787
14 27
158 327
741 806
777 785
148 399
471 723
187 366
114 305
27 41 59 90 139 147 234 265 326 327 496 537 560 589 616 653 672 681 720 745 771 792 841 872 873 943 962 966 
25 33 45 47 78 81 160 255 284 332 338 372 389 404 419 480 553 630 734 746 794 797 814 833 874 882 
19 20 30 63 145 205 280 295 326 442 467 481 612 626 721 767 829 856 916 986 
20 67 72 123 173 175 216 308 309 424 462 491 495 537 550 555 592 638 764 770 857 
17 37 61 68 74 193 277 285 333 354 463 632 700 702 747 777 825 950 
15 287 432 488 518 547 551 627 706 713 728 749 881 925 949 961 
21 37 66 70 205 221 307 343 355 377 381 572 589 610 698 731 756 815 841 911 942 978 
17 20 26 187 204 374 634 669 775 828 829 847 892 909 972 977 982 999 
17 19 80 230 248 253 254 270 452 472 494 562 611 624 635 789 915 916 
23 34 45 184 248 281 431 454 530 596 637 700 706 708 739 743 791 792 800 879 943 963 977 995 
19 25 128 212 248 255 330 357 438 471 527 528 531 534 608 664 693 703 763 771 
23 68 75 78 84 87 93 107 117 204 290 389 492 506 590 641 716 737 776 830 880 890 897 919 
20 19 272 324 357 376 416 423 434 455 514 552 570 603 760 817 830 833 924 939 951 
19 9 202 267 369 413 427 433 454 471 514 528 570 576 585 648 709 745 817 982 
15 56 58 73 164 222 282 297 469 526 654 712 720 744 788 811 
19 15 150 171 311 376 390 453 569 595 643 714 803 906 910 928 947 985 988 996 
26 13 38 64 74 85 174 183 197 344 407 431 493 507 508 516 627 649 657 687 710 717 773 855 913 926 954 
23 57 110 116 159 172 185 249 250 259 329 365 474 511 585 638 722 736 747 765 833 843 895 987 
16 98 109 125 137 158 165 312 344 404 517 552 554 590 748 762 945 
16 44 62 101 127 217 243 262 293 306 435 459 499 533 675 717 904 
16 120 155 226 238 248 347 408 501 526 587 692 730 745 748 867 901 
15 31 44 137 196 201 239 268 374 457 527 648 710 755 768 991 
21 79 152 159 250 287 317 339 343 359 463 465 523 572 668 724 818 827 857 917 923 983 
19 40 126 134 148 216 447 582 593 630 648 662 716 735 765 838 873 926 941 972 
18 11 54 118 135 175 205 330 333 443 482 515 561 739 773 802 935 937 988 
19 104 158 183 186 206 217 229 393 425 441 471 529 586 625 713 790 800 832 836 
23 21 37 60 218 354 356 388 416 462 463 472 474 559 562 583 591 757 778 796 814 897 902 954 
24 241 276 293 311 316 345 355 431 475 525 538 554 560 565 580 636 638 758 840 849 909 916 991 993 
25 5 36 53 102 103 148 182 352 390 401 472 513 537 618 677 685 694 697 705 724 849 850 891 932 938 
13 68 119 157 261 336 343 408 428 436 492 617 679 835 
15 49 119 126 135 157 216 328 535 590 616 678 777 793 817 939 
17 67 161 195 234 266 299 334 409 532 654 679 695 751 808 842 887 917 
31 23 67 96 103 146 177 196 305 318 331 415 426 441 482 527 550 597 607 610 624 629 633 653 654 671 713 765 776 812 843 909 
28 30 55 127 145 164 166 200 207 226 319 405 446 471 473 480 497 599 650 666 707 725 805 817 831 865 908 968 986 
14 88 112 188 231 315 346 362 394 424 542 551 676 766 791 
20 201 250 273 314 369 396 470 475 496 585 619 653 774 794 807 882 904 918 962 974 
16 117 161 169 468 514 526 529 564 602 671 730 898 941 953 960 998 
17 38 220 255 373 394 452 467 483 662 688 749 805 819 845 868 870 993 
14 0 33 232 279 288 313 346 399 410 514 713 750 860 862 
23 21 43 56 71 87 115 119 140 383 453 489 493 500 626 637 642 701 707 736 788 789 871 948 
16 122 126 196 226 229 465 493 522 635 666 755 786 888 901 975 980 
16 101 221 241 281 297 325 346 375 553 556 635 732 736 748 822 973 
30 89 181 187 188 224 272 313 326 338 410 415 427 479 530 531 554 567 572 667 713 744 752 764 858 864 871 912 937 952 991 
12 36 109 136 486 555 594 724 728 764 766 907 918 
20 7 26 58 115 116 213 457 458 482 487 533 615 626 633 634 640 682 713 900 952 
22 30 77 98 235 259 328 363 369 418 428 544 553 606 651 678 710 738 766 851 910 966 969 
19 53 103 113 208 222 245 261 298 305 409 506 608 648 735 751 887 930 951 953 
21 5 193 210 219 326 366 388 399 415 476 482 637 650 685 688 866 876 907 934 960 976 
22 44 137 157 176 182 217 287 350 371 375 510 561 597 633 640 645 665 699 768 848 853 906 
25 36 56 117 162 199 200 203 211 233 285 347 387 503 617 649 714 716 738 751 877 893 902 930 995 998 
22 29 44 73 125 132 234 269 284 460 468 476 541 551 601 606 641 720 770 774 904 939 951 
29 87 126 134 135 154 214 252 259 261 348 380 403 544 552 565 584 608 617 646 659 686 709 753 773 830 900 906 910 925 
17 13 193 224 286 313 438 470 545 574 584 600 630 806 812 875 887 926 
20 45 117 121 159 234 363 642 655 659 689 780 802 820 854 872 943 947 948 974 993 
17 0 44 63 146 171 315 378 392 426 477 519 569 704 725 776 878 949 
22 11 73 83 144 160 181 211 221 282 312 325 327 332 383 406 414 511 652 816 851 881 894 
19 3 138 143 220 294 467 491 520 584 606 607 652 707 740 819 881 927 928 972 
19 3 55 154 276 337 363 392 433 456 497 613 641 729 745 768 786 788 791 874 
23 31 70 200 207 229 287 292 390 411 425 458 485 501 565 581 608 641 762 865 897 907 921 940 
16 22 124 161 173 266 364 375 460 461 507 561 686 749 771 773 936 
15 12 30 70 78 105 145 240 249 316 323 389 488 578 644 991 
17 3 13 46 77 223 230 276 307 324 562 563 583 744 783 844 859 956 
18 19 32 100 251 324 405 428 448 487 542 711 763 790 852 888 917 938 944 
14 0 24 62 120 281 327 374 380 426 541 569 736 801 845 
21 68 153 174 194 252 261 290 321 356 368 448 518 596 652 708 715 797 823 876 879 920 
15 79 96 150 151 334 337 349 434 457 491 540 589 676 858 929 
20 39 40 75 100 159 253 262 287 303 345 402 415 471 534 598 627 678 714 811 873 
24 36 45 54 93 115 171 186 243 355 455 464 487 489 509 523 584 607 639 677 695 723 916 950 952 
18 174 185 306 340 344 368 394 403 456 489 523 642 664 721 779 905 953 991 
23 32 73 205 223 282 349 421 463 465 487 490 495 526 542 572 620 682 720 724 756 760 768 821 
14 6 147 188 224 279 306 397 535 654 679 719 735 797 899 
19 90 105 107 238 262 274 377 498 509 527 546 582 583 618 767 836 849 890 920 
12 17 219 335 389 410 419 481 496 588 727 892 984 
13 75 260 392 434 467 515 629 689 691 737 842 955 963 
23 18 63 146 317 404 439 562 613 623 677 697 707 726 811 852 854 871 918 937 947 954 974 985 
15 107 166 239 269 368 403 446 488 489 533 558 859 911 916 973 
18 46 71 108 110 227 317 326 339 449 573 686 729 750 815 852 887 938 992 
25 167 182 183 209 223 269 334 402 417 437 530 564 606 622 626 633 686 691 825 828 837 861 917 969 982 
19 44 48 156 343 401 528 548 584 607 624 633 639 665 670 792 793 817 894 977 
20 22 102 131 261 313 368 371 391 442 521 526 543 598 645 646 652 847 916 948 978 
23 24 55 79 101 125 127 136 190 259 260 665 708 712 716 769 810 813 822 862 898 940 971 996 
20 14 32 49 89 188 205 241 270 301 388 407 420 505 512 542 634 671 795 799 834 
23 29 99 184 259 288 324 585 611 636 660 687 703 710 728 795 804 839 845 851 871 890 908 994 
27 6 52 128 178 246 304 388 411 437 454 455 457 501 536 590 599 616 627 650 670 822 872 883 885 896 988 990 
24 128 153 320 354 362 365 417 425 455 504 536 545 616 680 717 733 752 763 789 851 853 918 947 975 
21 141 256 268 310 317 368 451 471 499 551 582 760 808 817 865 873 878 920 921 941 994 
13 10 37 69 79 192 291 499 535 603 746 773 798 872 
17 235 263 279 398 427 473 532 617 634 656 672 742 803 805 826 908 971 
18 13 62 73 84 191 333 500 515 530 629 657 680 687 778 834 904 929 972 
20 92 108 128 182 218 219 302 308 423 501 528 584 596 639 641 719 871 887 910 971 
20 34 119 149 174 276 385 487 526 609 624 636 642 643 707 752 802 808 875 931 964 
21 116 142 163 171 174 280 337 444 463 471 560 619 635 636 640 648 658 667 688 767 883 
23 142 204 307 310 312 418 423 440 463 579 582 607 636 672 686 740 757 791 801 832 898 957 973 
19 87 199 229 258 275 372 464 495 578 595 678 707 709 826 870 905 920 939 963 
23 91 184 192 196 198 229 259 306 334 459 483 504 521 610 668 698 764 766 777 784 869 890 898 
20 37 58 114 157 167 262 420 443 528 542 561 623 661 731 804 856 909 926 936 946 
18 23 110 145 160 318 422 490 497 527 556 612 643 758 778 785 812 819 925 
16 0 3 55 77 94 206 344 389 486 602 644 740 746 773 956 980 
16 115 230 251 339 396 400 457 463 480 516 655 835 858 927 949 996 
27 1 48 49 131 136 197 228 256 279 296 312 315 370 473 483 496 505 617 630 634 661 683 690 780 815 841 972 
21 8 64 170 278 336 417 543 551 582 651 652 655 758 759 791 820 850 895 955 965 997 
15 124 150 180 269 277 305 318 472 490 504 691 811 835 868 971 
16 50 75 88 107 149 153 249 342 379 391 418 570 780 891 987 993 
25 109 115 218 242 271 346 349 447 469 471 514 531 574 586 592 624 625 640 730 808 814 905 962 994 995 
21 30 71 104 106 248 382 388 476 497 517 531 568 573 618 633 634 741 754 855 936 983 
23 8 51 54 80 189 242 341 369 402 472 481 514 564 606 615 627 629 634 719 741 783 845 942 
19 47 147 287 364 490 491 515 549 587 627 727 745 764 821 829 874 899 958 966 
22 56 111 160 210 258 287 371 384 411 526 532 546 564 573 605 614 649 737 759 765 876 976 
13 21 23 60 244 503 571 575 611 724 776 787 809 884 
20 27 99 111 176 205 231 239 254 366 474 477 588 628 725 726 732 762 789 831 888 
25 17 32 87 271 309 353 362 385 390 422 464 560 582 588 618 676 687 729 746 775 781 788 807 963 975 
16 25 134 135 143 168 225 230 296 483 577 635 637 656 849 887 894 
17 110 236 252 276 356 378 406 422 494 503 519 586 619 663 711 791 840 
24 31 69 81 83 118 173 232 234 251 264 282 351 368 417 431 437 460 678 717 743 765 839 859 891 
17 1 86 126 139 157 175 198 394 439 442 464 484 544 592 865 919 955 
22 31 47 50 65 180 241 256 331 372 395 485 502 520 526 550 632 647 820 873 945 947 949 
18 44 57 92 173 244 407 411 421 423 453 505 506 585 625 828 880 916 965 
14 25 73 289 355 454 465 487 647 648 824 843 851 872 936 
17 52 122 145 334 430 470 515 633 644 648 792 801 823 853 888 889 973 
30 5 46 47 131 136 194 225 304 314 338 416 466 485 487 508 520 552 556 562 583 635 643 649 727 741 749 769 774 810 836 
18 7 27 87 121 278 312 516 550 665 682 709 714 744 788 908 962 974 978 
17 4 44 95 110 206 254 343 363 436 466 489 534 558 795 912 965 985 
13 80 114 218 236 416 492 595 796 831 842 866 919 975 
18 79 162 297 300 346 478 509 620 621 665 677 688 701 711 747 886 904 982 
20 72 80 82 107 114 325 328 340 356 562 620 658 708 724 754 755 765 820 831 957 
15 0 36 72 158 183 333 510 529 555 714 744 755 790 809 897 
27 54 67 90 102 107 111 146 165 183 212 230 237 241 278 319 379 426 427 453 522 680 707 750 823 866 965 996 
22 7 45 54 109 213 222 236 265 314 388 410 431 503 517 564 583 661 726 798 810 895 911 
21 0 57 87 98 161 323 348 360 424 446 572 587 625 628 666 776 821 940 955 979 990 
22 54 94 167 329 347 453 500 526 554 599 609 616 645 717 787 794 813 849 889 947 976 985 
21 12 37 150 179 185 189 191 304 362 479 488 508 618 624 775 796 818 829 850 914 962 
14 186 191 246 279 388 420 498 718 722 782 799 810 919 944 
14 116 145 475 477 487 622 746 756 761 781 819 917 952 971 
18 29 57 73 88 91 99 243 289 359 382 468 519 561 594 613 676 690 809 
19 145 151 168 219 235 327 362 443 505 527 647 667 682 781 782 800 860 948 994 
24 20 42 59 87 163 171 199 244 274 393 395 513 516 561 568 715 769 779 796 806 952 971 983 984 
17 58 64 99 138 202 249 253 280 526 550 589 709 725 735 797 984 999 
15 21 39 76 87 165 268 325 395 488 532 546 680 818 899 964 
17 43 140 151 221 229 313 316 330 373 395 607 633 762 798 803 841 948 
21 98 121 137 208 264 326 347 367 439 472 532 538 575 608 631 698 735 747 852 907 922 
20 29 74 138 171 250 295 412 433 445 525 539 625 633 637 677 790 793 936 978 998 
22 35 76 77 88 132 219 220 349 380 403 480 487 560 595 629 674 748 774 837 857 913 938 
21 82 211 280 295 325 350 373 412 435 466 468 481 501 552 688 798 799 817 844 929 953 
19 24 61 73 89 94 104 106 242 254 295 396 440 490 493 697 855 878 974 984 
24 14 67 69 146 172 216 295 298 383 386 387 453 519 559 614 681 715 762 842 849 906 923 925 943 
19 26 55 112 222 233 278 324 369 416 423 489 624 653 753 834 869 904 958 967 
35 12 20 31 48 54 75 125 162 172 270 292 357 390 422 434 447 454 502 512 563 583 621 663 724 726 763 773 794 829 835 919 927 937 968 992 
14 2 15 69 147 159 357 574 609 637 652 669 727 922 947 
21 16 95 111 151 263 289 329 456 458 464 506 553 608 635 692 739 839 947 957 968 987 
21 61 98 109 207 215 305 350 389 444 466 471 494 516 554 557 568 583 742 757 792 866 
18 20 21 55 186 235 304 315 342 356 358 472 504 529 714 784 900 937 940 
24 12 83 88 90 103 112 250 260 364 370 391 418 454 542 593 723 735 785 789 795 911 915 950 976 
18 2 74 106 129 283 318 417 456 492 518 560 662 665 725 770 854 877 967 
24 29 93 187 189 215 225 252 283 335 392 393 456 543 570 689 707 753 865 905 928 936 963 977 992 
34 23 41 42 45 50 92 100 108 144 148 223 316 337 366 382 419 476 491 495 510 528 550 636 652 654 730 772 808 843 849 851 942 950 951 
20 125 154 204 314 376 377 384 391 422 473 507 624 638 709 716 759 861 959 980 981 
18 29 91 101 141 182 237 277 333 459 517 572 625 704 708 775 852 877 888 
14 71 89 90 108 335 397 429 521 597 657 712 813 818 893 
21 60 134 136 155 172 283 355 424 469 560 572 673 679 686 736 763 830 865 869 948 971 
18 15 24 78 176 197 277 296 534 548 553 656 693 744 832 850 905 914 964 
23 1 4 36 105 127 149 162 186 257 260 309 354 382 402 535 701 708 728 910 942 974 992 993 
30 1 81 133 148 183 199 216 284 286 307 343 351 390 396 435 436 442 453 501 507 557 563 577 585 609 631 843 868 950 979 
25 19 68 129 185 229 365 386 391 413 422 445 488 494 515 533 583 652 655 700 725 793 938 948 983 992 
10 400 415 444 530 573 574 651 708 713 967 
18 1 2 16 59 100 146 259 336 540 566 569 639 689 726 778 854 865 871 
16 82 113 134 190 299 314 341 557 646 824 828 841 844 853 962 997 
23 1 19 108 114 149 169 190 260 517 538 561 586 636 638 657 668 670 722 745 777 790 877 973 
15 25 41 81 249 432 478 492 514 596 660 718 733 809 961 975 
30 2 36 61 92 130 229 372 388 393 410 445 480 490 515 531 559 560 571 600 609 655 687 699 773 850 874 893 903 954 992 
21 117 268 400 412 435 443 451 524 575 621 683 698 713 744 789 833 852 876 889 932 951 
20 16 48 196 198 281 290 291 315 351 354 432 516 568 616 651 719 756 849 972 979 
20 130 145 164 197 325 336 389 419 432 438 536 558 601 684 699 715 779 808 933 944 
20 38 57 74 133 231 345 356 434 526 577 626 650 652 665 666 687 689 738 850 930 
25 77 114 123 172 192 204 240 298 308 333 354 484 573 582 595 628 679 681 705 727 867 900 917 939 989 
23 40 54 56 85 122 130 135 139 182 292 333 386 415 502 503 527 614 649 697 718 750 763 941 
17 11 59 118 251 263 320 324 340 345 361 518 591 600 676 819 889 899 
24 14 22 45 46 120 126 146 163 206 322 364 400 440 449 505 529 639 752 777 778 782 875 882 885 
13 39 49 189 206 353 379 575 591 612 714 792 949 991 
14 50 172 210 344 358 368 388 432 484 572 653 694 737 896 
17 11 28 99 288 401 412 414 421 543 611 666 761 766 772 875 892 997 
19 6 177 184 203 209 214 237 316 334 420 547 628 659 702 713 719 736 905 931 
27 145 163 182 195 209 313 322 363 370 373 378 417 429 431 498 522 524 576 692 699 718 750 757 764 774 880 953 
17 179 209 218 260 277 296 419 425 529 616 909 914 921 936 956 964 973 
23 102 125 140 149 247 253 300 320 404 491 545 563 587 606 681 696 697 753 754 769 846 879 913 
20 4 39 60 125 184 185 187 235 276 502 521 588 622 676 723 775 849 863 949 982 
16 118 148 152 197 409 464 465 528 537 582 725 834 848 916 937 958 
19 51 70 112 235 238 243 355 418 422 450 461 482 568 744 747 754 908 927 995 
14 22 216 273 295 348 352 488 527 601 658 667 751 790 912 
22 120 147 194 245 408 473 475 492 619 630 640 644 724 745 783 846 874 878 879 918 959 970 
17 129 157 248 271 358 433 483 563 667 676 703 721 726 860 949 983 989 
20 123 208 220 276 317 370 385 406 464 563 665 699 715 779 809 837 838 842 844 969 
20 32 158 234 288 312 392 418 428 502 504 522 576 610 648 666 793 812 821 853 897 
23 46 152 177 208 217 289 293 314 400 401 416 455 527 551 645 660 690 773 774 818 944 984 986 
24 93 111 166 178 204 257 290 327 328 383 528 536 579 604 626 677 686 700 749 820 906 907 912 972 
23 77 97 108 173 198 201 242 291 321 335 381 458 473 481 518 606 631 658 669 687 828 856 897 
15 0 190 277 391 437 576 578 628 742 832 850 928 950 976 979 
23 38 86 89 95 207 217 264 345 371 384 487 519 642 650 656 698 729 767 775 838 846 925 945 
20 29 33 77 116 294 348 401 405 433 436 450 473 474 506 520 607 684 690 718 774 
16 34 78 91 158 278 398 489 517 580 612 668 683 707 748 799 804 
16 164 178 319 387 429 442 478 508 539 598 667 702 762 788 867 906 
