200 1000
3 711
164 329
471 833
321 905
306 400
223 280
401 504
250 381
412 450
76 835
105 720
509 783
205 368
7 9
818 872
416 726
147 792
51 77
144 561
67 173
38 868
283 513
32 111
242 957
98 503
212 980
282 501
147 452
124 388
182 691
253 646
358 771
263 263
170 857
56 94
13 234
645 869
65 192
347 390
384 849
549 707
137 240
134 699
103 167
70 227
491 977
0 148
44 435
111 947
660 726
245 390
469 738
2 123
94 375
99 123
0 2
208 234
77 177
134 351
193 326
127 152
131 508
24 182
157 335
23 243
411 816
491 959
68 71
105 115
652 893
522 542
700 862
257 384
203 556
420 928
137 236
284 317
198 387
651 772
20 375
32 702
55 199
10 29
39 230
277 891
25 70
87 572
7 480
425 801
281 923
62 900
32 775
115 142
329 878
89 89
356 703
264 573
255 511
368 420
177 399
439 511
280 868
29 355
239 528
3 121
36 138
7 40
69 253
178 300
176 199
34 297
217 455
272 782
11 84
15 420
450 466
527 651
431 600
3 304
172 416
229 286
352 602
519 639
455 873
876 924
779 997
83 979
27 151
193 320
93 786
87 510
236 740
27 900
355 441
82 99
403 498
31 31
526 569
647 736
7 39
193 938
72 223
312 469
750 764
35 333
16 218
268 391
229 505
212 438
642 759
77 110
21 24
49 347
277 280
843 935
120 382
2 861
118 326
931 943
7 664
110 152
351 664
682 825
94 372
183 191
24 224
67 86
94 236
96 579
62 294
700 850
42 468
186 186
388 433
715 824
768 904
275 294
149 392
726 730
488 672
51 560
20 66
44 119
22 953
503 597
56 860
272 300
1 25
91 828
313 931
346 411
94 100
368 793
518 866
9 42
24 432
204 347
324 348
159 857
0 316
267 537
39 40
225 550
73 80
11 66
98 239
146 157
419 508
64 314
52 267
64 727
145 833
414 827
943 971
144 324
672 962
19 663
24 70
206 212
610 728
28 236
104 525
436 985
523 628
35 710
194 878
15 17
826 955
63 341
866 966
95 454
96 558
50 220
7 136
77 295
15 52
27 761
730 811
667 700
623 821
250 304
259 904
701 861
54 699
517 951
44 354
10 489
23 226
160 448
214 901
633 737
13 58
101 246
838 974
350 385
213 544
4 12
98 502
27 44
516 728
334 624
12 229
64 185
651 933
489 964
106 483
590 735
150 494
17 48
21 278
285 631
127 898
530 573
127 399
44 48
41 561
113 565
511 770
70 113
97 134
85 363
312 616
209 310
413 625
78 126
62 793
21 91
163 979
74 170
129 248
318 461
462 749
282 610
418 599
136 233
222 631
589 845
115 243
33 153
334 831
125 758
476 716
51 332
170 201
50 194
4 998
62 487
121 310
392 825
53 368
109 344
6 358
115 255
300 381
59 82
248 747
76 556
85 550
39 145
178 845
111 666
641 791
241 305
227 808
433 621
314 656
796 945
530 887
226 546
332 399
266 873
44 204
277 472
77 132
405 477
362 777
503 790
107 118
496 821
28 113
40 255
283 389
78 294
323 425
293 428
61 96
15 18
84 403
29 88
46 477
545 887
51 374
423 759
279 462
474 660
16 189
159 186
109 289
574 880
303 556
172 901
99 264
73 470
355 718
130 220
30 34
308 521
58 332
924 943
66 774
534 569
63 174
181 278
121 447
141 779
181 757
51 71
148 509
107 128
644 972
73 349
755 787
140 236
132 280
631 761
168 202
196 385
339 578
282 390
644 811
86 212
70 82
89 264
63 1000
240 765
124 560
627 686
502 648
8 18
298 359
250 335
3 10
180 398
147 237
428 454
141 346
17 508
471 590
463 540
34 576
48 536
18 215
116 884
669 930
43 188
35 147
182 624
134 141
383 984
602 835
497 642
478 842
157 294
185 192
32 83
152 602
440 610
567 956
41 45
478 646
0 32
0 14
240 332
12 21
357 428
29 241
48 252
11 32
0 7
155 627
249 722
177 216
171 896
82 231
33 182
270 954
348 558
149 232
99 143
373 851
609 766
736 910
49 80
759 951
35 42
692 982
650 873
146 609
332 495
306 868
119 303
424 676
78 96
30 423
833 945
68 245
387 902
724 987
2 5
391 902
571 620
238 559
635 674
416 828
333 538
221 338
114 316
456 677
373 522
65 914
444 709
657 821
283 484
159 295
147 801
124 614
458 733
120 292
5 24
432 664
24 211
286 809
277 345
42 490
140 513
535 730
198 479
107 971
144 504
430 620
199 803
178 720
531 772
212 716
813 943
57 70
588 879
17 131
30 307
858 957
270 320
268 402
476 511
263 821
79 566
182 817
313 932
599 836
66 370
15 86
318 887
439 928
50 321
616 819
638 868
271 517
0 13
34 386
19 922
56 88
419 435
74 118
523 814
914 927
315 388
164 599
578 818
302 533
535 846
34 37
254 685
133 295
94 105
193 349
150 405
693 879
72 72
520 948
152 377
40 318
3 87
18 19
277 812
94 403
237 406
17 103
34 40
146 889
118 599
370 927
1 1
458 667
96 948
407 955
316 484
294 394
346 975
151 465
155 234
42 118
1 91
163 447
65 632
88 290
62 146
9 101
30 97
455 461
38 419
340 573
101 178
75 321
661 938
192 862
869 947
400 797
618 978
824 959
46 197
66 146
45 189
22 61
810 973
41 640
23 61
49 441
142 542
155 617
252 538
55 67
17 100
285 363
225 309
205 273
517 645
118 125
103 518
185 225
39 82
121 508
124 456
406 428
613 670
657 923
256 277
64 96
79 197
55 88
122 148
141 316
487 686
469 653
816 854
317 982
10 105
69 775
511 727
125 256
153 592
177 430
121 140
346 611
184 192
176 326
217 484
760 922
136 504
802 916
131 958
299 676
185 210
556 734
152 577
109 549
302 533
69 172
74 616
580 733
49 210
329 393
190 275
98 337
106 556
64 404
30 415
36 131
666 890
44 159
124 204
0 17
75 671
533 813
30 87
594 730
8 200
618 922
7 68
95 629
915 987
351 630
51 359
352 717
2 513
47 94
278 599
31 333
777 949
248 592
110 392
539 861
214 436
444 952
305 457
204 403
620 771
717 858
3 214
637 723
336 859
406 889
594 929
143 309
22 66
0 513
132 167
200 456
45 231
166 533
425 437
238 731
168 540
20 97
51 187
82 517
282 856
749 799
250 296
2 376
263 304
108 245
52 917
65 108
20 21
199 294
123 413
103 534
367 649
79 248
74 852
238 896
210 845
24 25
22 23
185 331
786 880
758 847
454 940
61 450
179 864
130 480
457 680
177 525
239 701
59 120
188 278
82 331
403 440
280 290
30 276
394 466
309 483
487 564
58 161
146 199
19 32
151 653
277 281
522 912
258 329
446 616
329 582
62 507
13 730
63 288
617 672
184 448
534 822
13 88
76 349
44 76
110 243
96 282
427 492
191 220
17 71
410 797
426 769
442 712
213 677
244 445
356 589
181 315
344 476
84 342
18 83
16 43
362 383
59 321
174 941
686 908
153 791
388 905
376 523
5 8
251 266
25 43
61 944
32 642
72 78
541 713
42 43
910 955
268 574
111 136
179 621
74 255
102 843
326 988
93 628
314 929
310 340
19 47
351 515
365 723
299 771
142 777
117 151
582 633
652 658
16 179
469 926
89 181
83 98
316 556
221 613
370 687
374 447
119 154
89 601
16 24
113 340
114 182
832 903
8 72
164 961
42 121
42 272
23 344
176 218
367 592
526 981
257 724
283 427
257 468
581 835
192 428
535 703
118 415
203 471
105 134
263 632
254 480
176 965
702 817
11 674
320 592
72 573
131 319
246 284
22 776
370 664
148 175
60 220
95 225
54 65
6 310
155 576
156 286
6 828
60 65
99 531
794 810
77 145
185 925
512 688
19 23
10 331
72 152
175 723
444 999
66 213
646 699
254 532
9 55
515 533
35 391
694 818
446 799
726 887
740 758
353 714
565 969
198 288
132 247
332 683
170 351
391 685
46 985
121 428
149 702
9 17
59 489
127 132
773 773
440 958
165 319
284 617
322 483
750 953
53 241
7 41
75 75
492 880
456 869
167 261
79 216
288 611
116 329
331 640
882 891
46 260
285 664
245 832
152 393
69 815
440 774
342 798
82 353
369 778
115 167
557 748
40 63
586 955
13 821
24 78
28 705
796 833
88 94
416 608
78 152
75 456
214 808
39 684
434 486
184 297
611 907
136 380
97 182
65 282
376 607
802 872
243 619
41 568
44 57
6 217
168 409
561 604
113 328
534 588
208 925
305 794
685 685
51 788
339 677
119 256
337 720
618 663
183 548
713 805
180 250
0 26
74 233
559 828
536 539
138 428
892 895
56 940
443 549
28 329
111 117
1 26
877 883
308 549
587 949
64 277
9 532
139 318
905 913
735 937
22 122
78 676
6 34
79 687
554 593
102 673
298 387
837 956
164 563
164 282
113 546
519 538
816 848
241 483
298 472
4 788
85 363
372 499
29 905
204 485
303 745
19 10 131 216 365 409 428 475 510 645 667 669 686 687 722 762 807 835 875 982 
34 30 60 95 111 115 133 157 174 184 188 201 214 234 256 259 265 285 304 379 452 461 473 488 528 604 689 816 820 855 858 896 924 970 993 
16 6 73 83 152 153 170 289 291 388 453 473 490 669 721 813 995 
14 7 82 364 456 535 554 560 568 570 578 687 756 867 974 
20 5 63 156 288 446 455 475 492 549 679 823 830 836 858 922 926 936 961 981 992 
30 13 21 58 77 149 169 240 270 289 297 306 373 397 466 471 544 641 671 731 828 830 875 879 895 915 921 944 958 976 992 
25 85 372 382 485 495 507 514 579 581 635 656 690 742 778 790 799 845 850 858 860 886 898 921 923 947 
21 18 27 97 130 133 138 140 150 189 215 330 356 450 515 577 695 726 746 911 938 967 
18 59 133 158 298 340 524 535 552 605 606 636 670 705 714 716 743 929 949 
16 2 186 222 227 356 428 468 482 588 628 745 783 814 874 981 986 
25 13 57 67 102 116 263 304 306 318 345 383 445 458 500 573 650 651 704 737 777 826 875 895 907 973 
15 39 41 99 162 427 529 543 569 664 730 733 744 853 920 923 
26 19 26 71 140 180 210 213 251 312 329 384 441 479 496 574 624 729 789 811 814 835 838 868 881 911 980 
25 8 151 155 185 265 338 363 416 465 504 508 537 559 628 678 685 706 730 763 777 844 888 910 961 985 
12 1 93 284 531 533 554 603 620 632 743 766 810 
23 39 46 73 98 143 201 287 323 358 444 474 502 504 513 529 623 636 651 726 745 789 794 880 
19 24 55 211 235 238 341 354 396 469 471 500 505 507 569 613 641 723 871 922 
15 67 96 97 116 132 205 240 253 307 384 607 664 687 839 841 
20 13 183 235 290 308 317 394 438 476 537 542 565 679 764 775 857 897 914 931 962 
12 12 56 147 269 277 420 545 624 860 896 916 955 
25 1 19 107 162 197 215 250 341 396 420 474 477 498 501 519 554 566 621 642 707 720 790 820 840 997 
21 82 138 166 183 198 220 288 290 324 371 372 408 438 491 493 554 659 819 869 933 959 
13 18 95 204 353 392 541 566 670 765 903 912 949 959 
13 55 163 203 252 284 285 457 534 622 635 818 820 963 
22 26 39 73 88 113 119 169 337 350 357 509 555 580 602 627 726 791 828 849 905 940 951 
11 12 112 145 210 282 286 375 425 522 799 841 
19 7 23 101 106 139 158 366 439 568 573 596 656 791 848 857 882 891 895 930 
15 67 69 151 214 271 281 315 333 345 511 634 713 727 859 881 
19 44 64 88 128 221 471 479 512 556 565 630 681 700 715 784 867 925 952 981 
18 34 171 218 245 279 438 517 524 557 567 676 790 799 805 838 868 890 951 
14 2 173 205 227 233 298 306 400 477 582 680 822 862 967 
21 39 42 58 60 72 138 180 343 410 454 464 570 669 680 755 759 859 913 949 975 996 
22 113 182 202 215 246 248 301 352 449 455 501 529 541 556 604 610 695 724 815 852 860 933 
12 24 63 124 139 143 367 380 464 475 618 636 976 
25 84 140 177 237 273 276 289 311 335 359 376 449 493 542 551 567 653 716 760 821 886 920 965 980 999 
23 81 83 112 117 206 421 454 569 590 596 635 637 657 667 686 689 711 730 887 926 932 949 986 
25 39 59 100 145 149 153 158 163 181 235 236 237 336 422 481 502 507 520 547 571 608 721 761 783 958 
20 39 96 137 198 211 266 289 328 384 386 418 437 471 504 598 621 743 821 839 952 
22 60 95 248 352 356 368 383 544 579 619 621 629 661 712 726 740 788 822 876 905 963 982 
19 82 98 125 134 141 159 221 321 340 343 376 429 601 620 646 702 859 883 970 
16 67 87 120 151 332 346 397 464 513 531 555 583 701 943 964 998 
27 28 77 103 132 167 169 185 212 238 364 370 422 445 468 481 517 543 555 557 564 626 661 748 749 858 941 945 
22 11 98 108 119 142 183 220 323 335 377 411 453 492 498 535 670 678 812 847 870 943 949 
12 81 131 206 234 250 284 302 316 525 553 634 639 
22 70 96 149 373 466 496 528 634 648 655 659 694 736 742 743 800 804 835 851 871 943 984 
20 118 164 271 348 361 364 454 593 601 689 730 736 747 753 814 840 842 851 909 996 
19 15 72 168 255 271 373 517 584 585 631 679 692 723 729 843 849 854 920 942 
15 62 74 129 243 399 422 434 484 575 620 629 690 698 727 749 
16 92 174 187 210 234 273 347 383 461 492 540 589 660 822 903 981 
21 21 53 164 173 342 346 415 427 503 514 520 523 529 540 635 644 760 837 862 989 992 
21 17 44 49 98 374 447 463 506 550 575 652 678 680 770 775 859 899 903 944 963 968 
20 15 143 147 193 245 268 301 390 411 458 597 626 729 750 775 854 879 885 980 983 
19 109 188 205 237 330 376 383 386 430 511 548 637 755 788 812 863 932 938 990 
25 13 143 167 247 302 448 490 520 528 556 564 641 726 733 752 761 763 784 814 818 829 833 893 938 940 
16 90 109 161 194 329 405 424 463 572 669 714 723 740 746 805 917 
17 207 297 299 303 423 453 463 470 499 522 723 727 756 789 870 931 984 
17 50 149 192 223 231 274 428 430 434 448 498 539 647 737 818 822 978 
19 56 57 246 252 266 270 286 321 432 457 614 671 684 791 825 829 855 873 876 
18 0 26 113 159 199 231 244 534 626 641 646 706 768 859 878 881 937 990 
20 97 139 148 177 247 254 267 315 373 563 594 669 676 775 783 803 860 886 913 991 
23 10 160 187 188 203 396 401 435 496 561 613 635 660 688 728 783 803 862 891 945 948 958 975 
25 107 154 250 255 278 314 395 435 521 597 620 638 661 679 773 785 789 809 825 829 841 870 897 912 942 
17 87 89 95 99 270 281 366 389 578 587 594 670 706 749 796 969 985 
24 4 94 96 145 219 281 342 344 402 469 569 584 690 717 723 726 727 743 744 767 788 920 973 984 
22 0 43 71 106 151 173 221 308 411 417 530 547 571 582 639 692 703 808 902 959 988 994 
25 29 39 54 59 72 81 100 155 179 245 275 290 358 366 503 530 686 721 735 744 774 811 836 854 990 
18 116 154 263 270 276 278 291 336 365 520 576 606 654 733 885 939 959 980 
12 141 379 397 423 521 605 678 681 684 742 811 835 
14 16 125 236 435 436 555 652 672 674 740 802 833 884 971 
24 49 116 239 276 292 305 307 326 365 419 435 467 512 604 644 663 718 753 781 837 890 900 972 993 
18 9 57 155 185 196 212 240 242 251 418 433 536 684 776 784 838 910 988 
18 14 45 87 108 128 137 142 201 230 264 274 298 398 490 539 794 871 927 
20 36 95 201 209 217 263 334 353 433 437 579 614 625 631 733 774 832 945 990 998 
16 256 274 286 388 429 453 484 517 571 653 656 728 848 856 952 974 
16 0 68 89 139 177 214 224 297 368 421 429 585 610 735 869 894 
23 31 86 95 167 194 221 269 272 294 324 327 341 367 411 420 467 543 562 708 736 745 926 982 
20 35 47 116 184 186 192 273 322 372 499 559 581 637 660 699 714 741 812 919 943 
17 28 91 234 252 272 282 297 313 321 453 518 535 618 712 846 849 972 
18 162 253 254 288 349 390 406 532 594 608 639 675 707 736 752 777 874 935 
19 31 75 200 256 268 282 350 374 447 518 528 533 563 578 707 715 774 832 852 
20 59 76 99 159 225 240 325 356 366 480 627 634 747 757 784 875 891 905 934 974 
16 20 256 257 278 378 418 609 717 732 783 786 803 866 887 888 989 
31 12 66 87 119 160 193 244 250 274 375 386 481 485 518 539 621 622 654 658 708 722 727 750 756 779 781 804 817 921 974 982 
23 22 26 100 172 211 297 327 335 486 498 534 538 598 606 638 678 686 762 824 835 939 945 947 
20 6 161 229 368 413 415 450 491 534 654 655 665 707 709 738 774 780 969 972 977 
24 7 12 32 53 67 70 72 96 172 196 241 342 344 477 500 622 624 696 712 811 893 933 944 982 
8 190 426 435 439 830 933 943 953 
18 16 47 90 202 334 483 505 548 652 656 683 745 801 813 843 889 908 970 
25 70 74 157 160 208 272 308 353 355 374 375 518 636 648 684 685 736 743 763 788 797 836 904 942 969 
10 122 266 298 513 551 791 800 819 828 888 
21 41 158 246 247 291 306 360 369 425 437 458 593 615 746 759 798 799 887 906 931 966 
24 29 66 77 110 126 149 170 192 202 321 341 402 554 570 583 607 727 740 751 768 792 874 878 994 
9 262 426 479 601 691 834 885 889 910 
19 54 68 69 75 234 318 385 519 521 538 620 702 717 721 746 772 776 935 997 
20 3 4 38 47 86 114 142 176 181 228 290 326 340 390 487 574 780 834 850 901 
25 106 128 161 187 226 349 367 372 380 393 413 416 418 421 447 472 501 539 558 635 760 795 806 862 931 
15 58 120 185 249 258 308 319 489 505 560 671 711 766 812 880 
18 55 122 135 214 246 297 333 392 571 572 595 617 620 640 657 670 772 834 
19 47 183 239 280 293 354 355 418 456 504 541 605 632 683 693 788 838 861 883 
13 109 152 220 243 300 444 454 468 504 595 785 816 880 
24 48 91 103 163 216 220 229 250 257 296 388 434 473 501 562 594 639 710 761 774 876 954 965 969 
19 1 17 50 95 101 130 277 286 301 357 464 476 547 731 770 802 819 851 956 
17 25 45 86 185 262 322 349 382 459 509 539 608 623 699 946 989 991 
19 62 66 151 171 269 348 465 499 671 719 765 779 831 839 924 961 962 985 989 
24 6 14 25 116 127 129 130 153 178 275 310 369 436 480 523 586 617 650 680 742 796 801 856 977 
23 8 79 119 150 170 195 302 357 366 383 385 410 454 459 585 586 623 665 792 901 904 933 993 
11 17 106 108 300 321 497 530 623 820 839 903 
20 4 35 121 170 172 239 288 306 362 460 480 556 557 655 724 734 737 758 836 908 
19 32 43 120 141 184 186 250 261 263 325 379 465 467 531 626 760 780 834 872 
22 102 123 144 236 261 344 345 419 471 542 554 578 602 643 683 697 750 842 857 878 934 971 
15 9 44 61 73 184 377 382 434 502 576 623 711 809 958 999 
28 20 25 48 75 107 122 140 156 157 159 185 210 221 235 237 262 273 424 433 472 516 552 575 751 785 838 974 997 
22 40 56 187 260 323 398 403 422 537 586 609 620 628 660 681 695 789 790 791 870 894 950 
21 14 96 157 223 283 294 304 325 462 494 563 593 637 701 743 744 799 863 932 959 966 
20 42 189 253 339 379 396 419 441 483 519 578 627 630 653 712 808 836 853 904 942 
20 8 33 42 81 169 194 199 253 382 398 404 417 446 456 595 706 760 779 810 903 
24 106 188 277 297 300 364 368 391 433 442 483 528 530 673 793 819 835 841 888 898 911 921 946 984 
14 24 54 155 193 218 234 331 334 353 482 568 678 739 950 
17 13 56 58 88 212 222 244 311 455 474 545 732 874 929 971 973 987 
14 10 228 241 359 372 455 471 500 511 527 769 788 849 961 
18 26 68 275 282 288 434 436 445 490 532 580 594 741 880 897 904 962 995 
24 28 40 55 64 207 219 261 280 306 307 346 383 466 497 611 616 634 643 679 714 755 858 865 944 
17 76 90 213 321 361 403 474 510 561 696 718 755 793 812 853 894 975 
21 49 57 134 198 224 245 282 326 348 365 414 529 532 634 673 674 739 801 824 834 885 
24 110 144 195 245 265 353 384 444 461 467 472 488 529 531 595 614 666 806 837 848 890 895 986 991 
27 8 16 48 117 176 199 204 223 228 288 307 337 360 365 444 596 604 622 640 651 714 727 741 758 793 807 865 
20 4 51 138 202 203 226 244 255 265 316 385 682 688 739 828 831 876 903 915 975 
20 2 118 215 298 376 421 433 446 480 520 548 604 718 727 728 757 758 806 849 896 
27 129 167 225 252 254 323 402 422 456 464 483 604 605 625 650 731 738 743 773 781 787 815 836 863 890 979 987 
16 5 37 207 232 277 323 328 364 398 600 737 743 795 830 836 928 
16 62 157 400 416 491 526 545 588 593 636 687 706 746 758 894 923 
27 25 111 121 136 139 174 201 269 283 310 328 343 455 494 540 568 584 662 711 771 800 827 835 845 877 917 985 
24 29 204 205 220 251 253 309 331 410 490 519 530 549 681 712 736 742 747 818 875 897 928 960 971 
12 12 21 212 238 324 416 542 603 758 844 882 976 
16 31 84 130 200 208 279 400 409 412 512 558 789 821 962 964 983 
17 43 55 171 201 226 254 431 457 464 517 722 734 750 779 814 838 903 
12 192 234 454 566 629 731 739 775 850 859 865 889 
24 273 299 380 391 424 434 506 526 580 599 622 669 742 744 745 767 861 878 883 885 893 951 961 980 
14 2 69 342 486 561 600 672 683 697 698 769 782 961 994 
17 168 183 196 246 247 324 340 453 627 638 643 805 840 864 932 955 982 
15 3 49 104 132 144 291 306 605 635 653 660 759 819 972 998 
17 3 9 52 141 217 220 539 590 682 721 811 824 859 863 927 972 978 
26 1 123 132 193 197 202 255 290 309 374 447 453 538 553 589 637 659 683 748 807 811 851 937 939 951 969 
25 5 16 55 68 86 108 153 160 173 222 232 269 270 344 440 454 533 536 557 621 729 761 762 848 877 
15 41 222 281 367 382 401 486 552 587 620 625 651 738 759 963 
23 7 105 241 274 295 309 316 320 333 345 409 414 471 521 534 550 563 564 669 715 719 742 748 
22 20 27 137 168 176 292 310 311 340 366 399 436 460 462 474 650 776 802 807 855 856 934 
19 15 242 275 333 343 498 503 532 562 650 713 766 801 811 813 864 886 927 948 
23 0 3 120 140 141 184 224 317 333 387 466 473 546 567 633 716 724 744 848 850 949 957 970 
20 54 89 299 385 417 453 518 536 598 607 662 697 710 742 778 792 840 872 893 964 
21 27 33 42 54 156 261 308 378 417 426 465 493 579 624 661 685 732 734 782 815 931 
14 189 210 238 283 336 370 492 523 528 580 872 885 987 988 
27 4 30 98 183 227 233 261 341 364 386 387 487 500 536 548 550 555 599 634 638 756 764 805 826 832 835 858 
22 47 110 121 167 241 259 261 333 353 377 468 499 522 534 572 582 613 701 757 768 778 973 
20 29 66 78 186 224 438 475 551 578 606 647 680 799 802 874 879 942 952 978 981 
17 27 102 142 194 213 262 334 348 397 417 556 663 696 794 928 959 986 
26 40 66 82 83 190 195 223 267 451 460 465 482 535 610 657 713 795 800 818 828 866 877 882 900 949 984 
20 28 100 154 268 284 347 416 433 480 494 603 642 668 682 698 712 722 852 873 965 
15 54 257 424 437 566 637 669 711 764 834 851 876 877 947 966 
27 24 28 184 192 288 306 355 365 410 473 499 522 559 560 608 640 681 754 776 778 821 848 849 937 941 949 960 
21 67 111 114 123 203 206 239 285 378 396 403 445 547 593 682 688 853 861 894 921 958 
23 34 48 71 112 129 150 174 211 236 267 322 374 425 446 508 561 606 655 792 821 887 911 967 
20 2 168 171 175 245 347 401 436 476 502 519 682 706 707 708 815 818 843 915 958 
23 41 88 128 134 172 206 261 289 342 404 463 479 508 509 549 594 605 636 848 850 946 947 980 
27 97 106 128 133 169 186 190 225 246 264 307 312 386 536 554 567 581 600 644 652 716 762 794 797 802 820 910 
25 15 49 50 52 71 142 204 226 272 279 301 573 593 624 645 695 756 839 874 893 904 913 924 925 953 
16 272 389 456 470 479 554 582 669 672 709 742 757 804 820 854 892 
23 36 50 175 209 213 247 269 341 373 389 472 479 481 659 671 799 893 906 907 916 942 970 998 
23 14 101 137 211 225 372 378 399 476 549 604 609 612 616 642 722 777 837 860 902 906 920 964 
23 30 54 117 131 154 194 264 299 305 309 322 355 384 391 540 566 597 602 640 834 913 944 960 
16 234 251 410 507 510 517 555 592 607 646 651 654 695 732 804 987 
20 27 51 66 97 124 159 191 230 380 387 445 463 505 544 640 645 698 699 818 819 
18 25 31 91 126 152 365 377 487 583 723 726 744 803 812 925 930 949 958 
13 18 283 469 517 541 558 625 693 774 775 837 922 980 
20 47 89 117 262 271 281 307 317 409 412 446 518 670 726 747 767 800 809 899 973 
28 22 33 81 103 128 149 165 168 262 264 293 310 321 409 427 448 450 467 570 596 650 671 702 704 720 861 922 932 
23 0 6 19 69 70 86 117 135 152 216 280 453 515 611 649 662 663 721 755 798 837 864 977 
21 1 40 130 175 208 292 382 418 506 580 612 620 661 673 728 783 818 834 934 968 971 
20 24 285 300 338 358 373 384 528 560 563 621 652 700 706 715 724 775 852 886 893 
11 12 109 146 383 506 630 636 684 749 816 909 
15 3 69 97 197 346 354 372 394 615 620 713 792 819 866 970 
9 87 193 444 480 737 743 878 886 953 
28 61 118 150 167 212 213 221 227 288 327 355 417 443 484 538 548 564 567 587 599 711 758 808 864 918 936 949 960 
25 48 65 68 78 99 175 252 288 337 381 457 466 479 491 535 543 604 625 708 738 777 793 806 935 960 
13 46 354 540 572 677 770 842 858 873 887 889 914 935 
18 146 210 231 275 276 334 359 495 508 525 556 562 611 659 696 725 971 985 
19 57 107 235 269 315 335 423 493 514 560 639 642 700 724 751 801 914 920 950 
18 48 104 137 295 309 375 381 385 399 412 498 524 547 670 728 756 765 988 
16 55 158 167 298 417 419 449 459 546 597 757 790 796 946 981 983 
21 30 70 138 179 192 195 210 244 283 347 420 440 495 542 581 612 664 748 757 844 846 
12 152 258 270 433 561 569 579 620 675 697 755 831 
13 56 129 299 351 393 419 454 568 638 691 726 888 950 
14 18 303 325 425 433 445 448 516 538 574 634 759 823 912 
20 32 76 118 178 212 250 271 322 519 562 570 658 711 763 776 813 898 907 945 950 
16 80 85 189 291 321 333 351 354 420 478 485 713 722 771 860 895 
21 17 24 99 211 236 249 364 416 444 458 463 534 541 579 620 685 742 774 823 879 979 
26 14 66 74 101 149 229 230 250 251 258 340 382 416 482 517 538 578 581 638 812 829 892 912 954 983 991 
18 106 170 278 303 315 324 423 463 471 560 595 666 769 800 877 896 960 999 
18 68 92 131 248 263 350 409 472 591 709 783 813 923 936 962 969 986 997 
18 0 5 60 61 86 150 244 387 407 421 439 669 703 797 965 980 983 987 
