200 1000
145 300
51 337
322 700
89 260
79 484
3 31
4 63
294 295
48 85
472 505
63 70
135 649
376 382
60 115
905 917
94 373
2 25
77 421
480 564
366 664
207 851
282 508
116 296
250 267
66 119
809 908
0 67
231 732
315 733
344 754
166 308
167 362
258 282
818 869
167 458
214 308
23 67
687 709
26 269
313 716
232 420
559 932
184 225
458 685
314 784
18 153
534 641
79 122
388 524
363 425
266 606
58 470
7 24
561 863
37 44
356 427
304 460
692 971
137 174
180 263
168 829
287 292
605 679
450 574
126 262
813 818
114 217
432 487
26 276
211 905
228 982
150 262
91 492
99 847
365 882
336 364
53 162
283 804
612 706
35 82
64 699
69 133
93 108
627 744
36 382
157 964
330 371
258 308
377 854
208 382
41 671
159 524
417 681
288 472
168 624
652 686
41 435
423 610
531 877
43 263
219 675
761 808
312 348
87 467
203 468
127 626
411 498
69 83
49 82
589 993
418 497
18 298
88 143
87 204
108 122
262 334
70 418
222 238
14 156
404 660
37 557
102 737
3 489
268 278
0 5
262 835
44 54
35 428
16 55
501 845
499 592
92 125
770 806
195 231
47 966
117 229
436 627
94 255
662 795
18 138
450 746
21 460
57 643
363 707
204 376
69 715
63 358
299 603
525 778
362 439
5 118
30 668
655 672
177 653
39 153
86 403
65 295
244 318
42 831
864 961
72 407
203 301
466 983
48 98
78 168
445 632
492 500
32 91
107 337
42 51
111 148
1 1
533 718
100 115
28 33
110 395
297 429
124 413
282 292
77 483
175 630
1 120
139 409
61 198
100 982
162 892
619 878
433 782
428 529
170 184
50 486
89 849
857 970
655 933
9 103
106 656
517 977
310 393
338 345
111 333
710 781
645 994
427 500
24 477
166 955
349 536
612 800
190 310
243 833
612 710
128 147
311 601
11 146
296 343
292 966
523 910
165 768
140 328
250 768
174 219
1 740
155 286
238 344
41 154
115 312
71 130
301 703
35 660
195 257
24 836
277 288
41 51
49 232
101 436
84 99
270 646
301 352
114 216
273 846
405 523
59 111
0 827
162 366
123 926
552 598
36 145
66 258
228 410
517 621
305 654
160 227
422 640
88 269
157 163
65 320
10 939
319 531
18 43
174 294
111 321
573 993
287 798
33 138
179 209
60 273
345 545
298 448
36 999
13 100
167 878
130 171
302 881
299 386
61 998
64 210
10 24
215 691
588 955
27 124
465 891
23 81
122 193
24 37
5 12
867 892
66 164
20 252
241 970
205 662
681 743
328 387
71 935
160 342
122 327
583 979
43 565
647 660
53 109
144 607
221 307
135 136
546 774
34 687
48 72
399 594
208 804
62 94
195 572
606 726
348 355
54 298
387 826
61 554
91 144
144 167
26 66
713 999
41 167
230 319
96 640
479 928
519 775
670 844
191 856
31 124
586 821
92 442
597 905
196 214
1 626
121 887
150 505
125 131
225 544
20 24
159 664
537 655
46 170
82 136
173 829
417 935
17 698
397 700
21 308
56 112
79 361
58 92
246 336
403 944
65 217
100 685
42 325
119 174
168 190
643 761
325 402
98 731
364 448
917 962
25 264
192 628
742 760
154 894
72 241
281 420
31 638
443 528
331 535
23 31
175 186
148 329
185 381
340 966
110 558
256 359
243 615
408 746
11 23
891 904
234 652
28 50
468 605
242 727
267 392
124 581
158 266
60 889
38 226
11 82
104 428
72 230
34 343
2 46
83 210
168 338
137 569
171 501
239 390
21 187
533 882
146 329
587 845
95 481
172 783
209 404
19 527
664 946
341 524
403 797
505 780
737 950
426 489
443 643
61 329
33 51
154 738
1 185
410 549
748 783
38 587
275 351
123 317
759 861
607 869
475 580
415 630
151 671
161 686
126 191
31 967
167 885
279 984
81 331
76 372
358 704
218 920
311 842
38 798
123 160
438 784
103 524
134 442
157 450
175 798
453 627
0 0
45 306
663 803
755 914
27 51
419 549
234 394
561 714
166 914
125 414
175 548
208 879
52 70
355 427
106 160
68 139
76 148
6 878
99 461
11 181
11 599
125 188
2 26
551 885
365 630
591 964
371 467
570 725
363 689
401 887
86 778
38 665
146 768
0 32
74 115
367 449
55 82
18 57
180 205
40 80
623 881
709 793
171 516
150 267
302 305
31 530
67 454
1 2
58 382
457 836
25 43
246 313
369 945
91 188
73 897
82 221
211 516
846 917
196 288
173 227
312 321
117 142
293 680
409 638
8 214
187 297
135 166
90 207
795 855
58 83
2 345
604 931
171 855
318 758
655 698
267 971
111 751
227 901
413 1000
235 272
308 973
23 176
56 967
415 797
138 254
207 646
28 112
185 458
216 622
12 547
156 644
352 407
384 786
524 877
350 578
279 374
31 363
4 210
64 259
476 951
87 229
250 858
12 31
155 338
402 761
88 599
326 611
470 550
3 5
263 409
59 268
624 684
290 373
116 176
583 888
245 533
854 978
369 370
432 714
3 24
104 233
348 865
363 832
503 902
136 926
20 685
17 413
388 622
379 515
367 872
20 323
68 213
364 608
357 893
253 288
20 677
336 623
29 32
212 907
11 36
56 83
210 773
40 106
677 823
98 216
581 881
181 468
363 907
124 182
68 159
771 825
706 871
7 71
10 273
220 711
383 428
95 114
281 738
68 265
95 183
201 289
125 136
414 659
222 709
626 775
49 939
77 297
159 527
625 819
73 99
505 977
745 868
154 285
82 407
31 137
411 593
84 723
5 244
581 712
205 468
70 450
34 671
58 59
123 202
504 958
391 449
162 181
230 804
495 756
210 336
77 756
42 42
560 731
259 563
551 672
146 279
0 3
318 628
27 94
813 864
91 624
9 359
87 306
23 62
127 377
286 917
314 474
171 701
109 125
26 143
914 916
359 375
278 414
11 238
231 897
99 541
101 863
516 926
448 731
10 92
97 588
695 845
661 762
8 91
191 199
56 155
427 451
53 53
295 953
11 184
270 410
4 8
540 582
230 640
221 946
1 18
74 116
201 407
175 644
188 893
274 513
379 395
12 25
40 70
334 527
588 800
87 324
72 142
150 248
78 395
150 434
17 51
75 116
251 905
142 418
424 827
568 989
162 221
156 336
252 433
420 835
326 511
68 223
64 125
118 172
214 555
348 976
41 403
125 325
180 936
352 442
462 893
252 258
297 803
61 314
33 621
57 344
383 507
151 844
138 310
23 64
16 55
42 77
638 803
210 961
112 464
329 539
27 349
115 870
621 950
227 267
86 279
35 684
53 281
138 521
319 737
28 249
71 107
289 844
82 663
343 637
721 920
601 993
62 686
113 166
382 485
120 441
138 346
39 77
672 897
457 800
404 629
192 232
243 590
119 177
212 302
469 976
141 428
505 769
153 287
157 199
247 444
67 133
369 710
678 948
16 895
96 197
6 20
631 914
300 550
42 723
214 261
262 490
91 123
237 612
546 611
65 916
240 282
118 158
112 131
343 360
578 713
154 391
383 967
234 392
188 691
38 796
139 407
270 884
186 612
734 908
523 706
135 284
48 99
24 158
433 599
111 495
154 194
285 302
45 830
18 283
95 189
374 759
538 850
570 613
104 241
570 759
187 670
333 696
86 396
387 853
434 723
490 928
611 793
634 922
606 727
266 704
36 119
4 40
474 588
811 883
759 818
929 954
801 823
490 651
23 82
381 685
11 14
439 594
485 807
532 711
96 111
20 23
482 594
97 443
145 199
181 474
544 571
506 719
39 571
144 490
69 136
28 33
246 486
6 12
20 201
69 293
7 779
36 155
222 453
167 790
237 450
396 826
258 380
400 786
576 760
226 579
315 328
481 768
75 486
20 74
27 929
208 239
4 22
602 669
754 855
822 916
242 261
1 795
34 66
25 650
224 871
408 776
22 75
123 193
142 190
239 517
2 4
429 772
168 876
153 834
296 586
551 986
35 55
71 216
49 68
315 700
257 374
207 750
140 551
112 430
314 330
132 832
248 867
270 316
235 467
240 440
102 685
63 543
378 585
297 590
329 385
275 432
342 690
357 394
2 11
99 137
718 723
1 35
88 283
340 518
294 495
36 137
233 247
8 372
50 497
167 401
339 913
552 621
155 285
713 810
567 891
130 737
209 219
608 739
50 294
102 466
97 227
307 684
16 179
3 24
19 992
618 838
67 240
527 566
375 836
37 226
170 470
408 862
21 615
232 885
69 315
319 456
141 193
208 383
475 538
252 289
203 265
164 685
6 55
185 471
150 382
203 257
419 543
166 484
15 26
67 585
112 450
413 447
168 281
148 277
330 855
218 507
54 292
381 909
204 210
400 705
541 718
20 28
111 342
31 509
57 336
214 667
255 585
5 83
69 388
737 933
105 233
355 611
611 711
508 629
60 333
123 560
172 458
455 492
177 729
433 787
14 27
158 327
741 806
777 785
148 399
471 723
187 366
114 305
19 10 131 216 365 409 428 475 510 645 667 669 686 687 722 762 807 835 875 982 
34 30 60 95 111 115 133 157 174 184 188 201 214 234 256 259 265 285 304 379 452 461 473 488 528 604 689 816 820 855 858 896 924 970 993 
16 6 73 83 152 153 170 289 291 388 453 473 490 669 721 813 995 
14 7 82 364 456 535 554 560 568 570 578 687 756 867 974 
20 5 63 156 288 446 455 475 492 549 679 823 830 836 858 922 926 936 961 981 992 
30 13 21 58 77 149 169 240 270 289 297 306 373 397 466 471 544 641 671 731 828 830 875 879 895 915 921 944 958 976 992 
25 85 372 382 485 495 507 514 579 581 635 656 690 742 778 790 799 845 850 858 860 886 898 921 923 947 
21 18 27 97 130 133 138 140 150 189 215 330 356 450 515 577 695 726 746 911 938 967 
18 59 133 158 298 340 524 535 552 605 606 636 670 705 714 716 743 929 949 
16 2 186 222 227 356 428 468 482 588 628 745 783 814 874 981 986 
25 13 57 67 102 116 263 304 306 318 345 383 445 458 500 573 650 651 704 737 777 826 875 895 907 973 
15 39 41 99 162 427 529 543 569 664 730 733 744 853 920 923 
26 19 26 71 140 180 210 213 251 312 329 384 441 479 496 574 624 729 789 811 814 835 838 868 881 911 980 
25 8 151 155 185 265 338 363 416 465 504 508 537 559 628 678 685 706 730 763 777 844 888 910 961 985 
12 1 93 284 531 533 554 603 620 632 743 766 810 
23 39 46 73 98 143 201 287 323 358 444 474 502 504 513 529 623 636 651 726 745 789 794 880 
19 24 55 211 235 238 341 354 396 469 471 500 505 507 569 613 641 723 871 922 
15 67 96 97 116 132 205 240 253 307 384 607 664 687 839 841 
20 13 183 235 290 308 317 394 438 476 537 542 565 679 764 775 857 897 914 931 962 
12 12 56 147 269 277 420 545 624 860 896 916 955 
25 1 19 107 162 197 215 250 341 396 420 474 477 498 501 519 554 566 621 642 707 720 790 820 840 997 
21 82 138 166 183 198 220 288 290 324 371 372 408 438 491 493 554 659 819 869 933 959 
13 18 95 204 353 392 541 566 670 765 903 912 949 959 
13 55 163 203 252 284 285 457 534 622 635 818 820 963 
22 26 39 73 88 113 119 169 337 350 357 509 555 580 602 627 726 791 828 849 905 940 951 
11 12 112 145 210 282 286 375 425 522 799 841 
19 7 23 101 106 139 158 366 439 568 573 596 656 791 848 857 882 891 895 930 
15 67 69 151 214 271 281 315 333 345 511 634 713 727 859 881 
19 44 64 88 128 221 471 479 512 556 565 630 681 700 715 784 867 925 952 981 
18 34 171 218 245 279 438 517 524 557 567 676 790 799 805 838 868 890 951 
14 2 173 205 227 233 298 306 400 477 582 680 822 862 967 
21 39 42 58 60 72 138 180 343 410 454 464 570 669 680 755 759 859 913 949 975 996 
22 113 182 202 215 246 248 301 352 449 455 501 529 541 556 604 610 695 724 815 852 860 933 
12 24 63 124 139 143 367 380 464 475 618 636 976 
25 84 140 177 237 273 276 289 311 335 359 376 449 493 542 551 567 653 716 760 821 886 920 965 980 999 
23 81 83 112 117 206 421 454 569 590 596 635 637 657 667 686 689 711 730 887 926 932 949 986 
25 39 59 100 145 149 153 158 163 181 235 236 237 336 422 481 502 507 520 547 571 608 721 761 783 958 
20 39 96 137 198 211 266 289 328 384 386 418 437 471 504 598 621 743 821 839 952 
22 60 95 248 352 356 368 383 544 579 619 621 629 661 712 726 740 788 822 876 905 963 982 
19 82 98 125 134 141 159 221 321 340 343 376 429 601 620 646 702 859 883 970 
16 67 87 120 151 332 346 397 464 513 531 555 583 701 943 964 998 
27 28 77 103 132 167 169 185 212 238 364 370 422 445 468 481 517 543 555 557 564 626 661 748 749 858 941 945 
22 11 98 108 119 142 183 220 323 335 377 411 453 492 498 535 670 678 812 847 870 943 949 
12 81 131 206 234 250 284 302 316 525 553 634 639 
22 70 96 149 373 466 496 528 634 648 655 659 694 736 742 743 800 804 835 851 871 943 984 
20 118 164 271 348 361 364 454 593 601 689 730 736 747 753 814 840 842 851 909 996 
19 15 72 168 255 271 373 517 584 585 631 679 692 723 729 843 849 854 920 942 
15 62 74 129 243 399 422 434 484 575 620 629 690 698 727 749 
16 92 174 187 210 234 273 347 383 461 492 540 589 660 822 903 981 
21 21 53 164 173 342 346 415 427 503 514 520 523 529 540 635 644 760 837 862 989 992 
21 17 44 49 98 374 447 463 506 550 575 652 678 680 770 775 859 899 903 944 963 968 
20 15 143 147 193 245 268 301 390 411 458 597 626 729 750 775 854 879 885 980 983 
19 109 188 205 237 330 376 383 386 430 511 548 637 755 788 812 863 932 938 990 
25 13 143 167 247 302 448 490 520 528 556 564 641 726 733 752 761 763 784 814 818 829 833 893 938 940 
16 90 109 161 194 329 405 424 463 572 669 714 723 740 746 805 917 
17 207 297 299 303 423 453 463 470 499 522 723 727 756 789 870 931 984 
17 50 149 192 223 231 274 428 430 434 448 498 539 647 737 818 822 978 
19 56 57 246 252 266 270 286 321 432 457 614 671 684 791 825 829 855 873 876 
18 0 26 113 159 199 231 244 534 626 641 646 706 768 859 878 881 937 990 
20 97 139 148 177 247 254 267 315 373 563 594 669 676 775 783 803 860 886 913 991 
23 10 160 187 188 203 396 401 435 496 561 613 635 660 688 728 783 803 862 891 945 948 958 975 
25 107 154 250 255 278 314 395 435 521 597 620 638 661 679 773 785 789 809 825 829 841 870 897 912 942 
17 87 89 95 99 270 281 366 389 578 587 594 670 706 749 796 969 985 
24 4 94 96 145 219 281 342 344 402 469 569 584 690 717 723 726 727 743 744 767 788 920 973 984 
22 0 43 71 106 151 173 221 308 411 417 530 547 571 582 639 692 703 808 902 959 988 994 
25 29 39 54 59 72 81 100 155 179 245 275 290 358 366 503 530 686 721 735 744 774 811 836 854 990 
18 116 154 263 270 276 278 291 336 365 520 576 606 654 733 885 939 959 980 
12 141 379 397 423 521 605 678 681 684 742 811 835 
14 16 125 236 435 436 555 652 672 674 740 802 833 884 971 
24 49 116 239 276 292 305 307 326 365 419 435 467 512 604 644 663 718 753 781 837 890 900 972 993 
18 9 57 155 185 196 212 240 242 251 418 433 536 684 776 784 838 910 988 
18 14 45 87 108 128 137 142 201 230 264 274 298 398 490 539 794 871 927 
20 36 95 201 209 217 263 334 353 433 437 579 614 625 631 733 774 832 945 990 998 
16 256 274 286 388 429 453 484 517 571 653 656 728 848 856 952 974 
16 0 68 89 139 177 214 224 297 368 421 429 585 610 735 869 894 
23 31 86 95 167 194 221 269 272 294 324 327 341 367 411 420 467 543 562 708 736 745 926 982 
20 35 47 116 184 186 192 273 322 372 499 559 581 637 660 699 714 741 812 919 943 
17 28 91 234 252 272 282 297 313 321 453 518 535 618 712 846 849 972 
18 162 253 254 288 349 390 406 532 594 608 639 675 707 736 752 777 874 935 
19 31 75 200 256 268 282 350 374 447 518 528 533 563 578 707 715 774 832 852 
20 59 76 99 159 225 240 325 356 366 480 627 634 747 757 784 875 891 905 934 974 
16 20 256 257 278 378 418 609 717 732 783 786 803 866 887 888 989 
31 12 66 87 119 160 193 244 250 274 375 386 481 485 518 539 621 622 654 658 708 722 727 750 756 779 781 804 817 921 974 982 
23 22 26 100 172 211 297 327 335 486 498 534 538 598 606 638 678 686 762 824 835 939 945 947 
20 6 161 229 368 413 415 450 491 534 654 655 665 707 709 738 774 780 969 972 977 
24 7 12 32 53 67 70 72 96 172 196 241 342 344 477 500 622 624 696 712 811 893 933 944 982 
8 190 426 435 439 830 933 943 953 
18 16 47 90 202 334 483 505 548 652 656 683 745 801 813 843 889 908 970 
25 70 74 157 160 208 272 308 353 355 374 375 518 636 648 684 685 736 743 763 788 797 836 904 942 969 
10 122 266 298 513 551 791 800 819 828 888 
21 41 158 246 247 291 306 360 369 425 437 458 593 615 746 759 798 799 887 906 931 966 
24 29 66 77 110 126 149 170 192 202 321 341 402 554 570 583 607 727 740 751 768 792 874 878 994 
9 262 426 479 601 691 834 885 889 910 
19 54 68 69 75 234 318 385 519 521 538 620 702 717 721 746 772 776 935 997 
20 3 4 38 47 86 114 142 176 181 228 290 326 340 390 487 574 780 834 850 901 
25 106 128 161 187 226 349 367 372 380 393 413 416 418 421 447 472 501 539 558 635 760 795 806 862 931 
15 58 120 185 249 258 308 319 489 505 560 671 711 766 812 880 
18 55 122 135 214 246 297 333 392 571 572 595 617 620 640 657 670 772 834 
19 47 183 239 280 293 354 355 418 456 504 541 605 632 683 693 788 838 861 883 
13 109 152 220 243 300 444 454 468 504 595 785 816 880 
24 48 91 103 163 216 220 229 250 257 296 388 434 473 501 562 594 639 710 761 774 876 954 965 969 
19 1 17 50 95 101 130 277 286 301 357 464 476 547 731 770 802 819 851 956 
17 25 45 86 185 262 322 349 382 459 509 539 608 623 699 946 989 991 
19 62 66 151 171 269 348 465 499 671 719 765 779 831 839 924 961 962 985 989 
24 6 14 25 116 127 129 130 153 178 275 310 369 436 480 523 586 617 650 680 742 796 801 856 977 
23 8 79 119 150 170 195 302 357 366 383 385 410 454 459 585 586 623 665 792 901 904 933 993 
11 17 106 108 300 321 497 530 623 820 839 903 
20 4 35 121 170 172 239 288 306 362 460 480 556 557 655 724 734 737 758 836 908 
19 32 43 120 141 184 186 250 261 263 325 379 465 467 531 626 760 780 834 872 
22 102 123 144 236 261 344 345 419 471 542 554 578 602 643 683 697 750 842 857 878 934 971 
15 9 44 61 73 184 377 382 434 502 576 623 711 809 958 999 
28 20 25 48 75 107 122 140 156 157 159 185 210 221 235 237 262 273 424 433 472 516 552 575 751 785 838 974 997 
22 40 56 187 260 323 398 403 422 537 586 609 620 628 660 681 695 789 790 791 870 894 950 
21 14 96 157 223 283 294 304 325 462 494 563 593 637 701 743 744 799 863 932 959 966 
20 42 189 253 339 379 396 419 441 483 519 578 627 630 653 712 808 836 853 904 942 
20 8 33 42 81 169 194 199 253 382 398 404 417 446 456 595 706 760 779 810 903 
24 106 188 277 297 300 364 368 391 433 442 483 528 530 673 793 819 835 841 888 898 911 921 946 984 
14 24 54 155 193 218 234 331 334 353 482 568 678 739 950 
17 13 56 58 88 212 222 244 311 455 474 545 732 874 929 971 973 987 
14 10 228 241 359 372 455 471 500 511 527 769 788 849 961 
18 26 68 275 282 288 434 436 445 490 532 580 594 741 880 897 904 962 995 
24 28 40 55 64 207 219 261 280 306 307 346 383 466 497 611 616 634 643 679 714 755 858 865 944 
17 76 90 213 321 361 403 474 510 561 696 718 755 793 812 853 894 975 
21 49 57 134 198 224 245 282 326 348 365 414 529 532 634 673 674 739 801 824 834 885 
24 110 144 195 245 265 353 384 444 461 467 472 488 529 531 595 614 666 806 837 848 890 895 986 991 
27 8 16 48 117 176 199 204 223 228 288 307 337 360 365 444 596 604 622 640 651 714 727 741 758 793 807 865 
20 4 51 138 202 203 226 244 255 265 316 385 682 688 739 828 831 876 903 915 975 
20 2 118 215 298 376 421 433 446 480 520 548 604 718 727 728 757 758 806 849 896 
27 129 167 225 252 254 323 402 422 456 464 483 604 605 625 650 731 738 743 773 781 787 815 836 863 890 979 987 
16 5 37 207 232 277 323 328 364 398 600 737 743 795 830 836 928 
16 62 157 400 416 491 526 545 588 593 636 687 706 746 758 894 923 
27 25 111 121 136 139 174 201 269 283 310 328 343 455 494 540 568 584 662 711 771 800 827 835 845 877 917 985 
24 29 204 205 220 251 253 309 331 410 490 519 530 549 681 712 736 742 747 818 875 897 928 960 971 
12 12 21 212 238 324 416 542 603 758 844 882 976 
16 31 84 130 200 208 279 400 409 412 512 558 789 821 962 964 983 
17 43 55 171 201 226 254 431 457 464 517 722 734 750 779 814 838 903 
12 192 234 454 566 629 731 739 775 850 859 865 889 
24 273 299 380 391 424 434 506 526 580 599 622 669 742 744 745 767 861 878 883 885 893 951 961 980 
14 2 69 342 486 561 600 672 683 697 698 769 782 961 994 
17 168 183 196 246 247 324 340 453 627 638 643 805 840 864 932 955 982 
15 3 49 104 132 144 291 306 605 635 653 660 759 819 972 998 
17 3 9 52 141 217 220 539 590 682 721 811 824 859 863 927 972 978 
26 1 123 132 193 197 202 255 290 309 374 447 453 538 553 589 637 659 683 748 807 811 851 937 939 951 969 
25 5 16 55 68 86 108 153 160 173 222 232 269 270 344 440 454 533 536 557 621 729 761 762 848 877 
15 41 222 281 367 382 401 486 552 587 620 625 651 738 759 963 
23 7 105 241 274 295 309 316 320 333 345 409 414 471 521 534 550 563 564 669 715 719 742 748 
22 20 27 137 168 176 292 310 311 340 366 399 436 460 462 474 650 776 802 807 855 856 934 
19 15 242 275 333 343 498 503 532 562 650 713 766 801 811 813 864 886 927 948 
23 0 3 120 140 141 184 224 317 333 387 466 473 546 567 633 716 724 744 848 850 949 957 970 
20 54 89 299 385 417 453 518 536 598 607 662 697 710 742 778 792 840 872 893 964 
21 27 33 42 54 156 261 308 378 417 426 465 493 579 624 661 685 732 734 782 815 931 
14 189 210 238 283 336 370 492 523 528 580 872 885 987 988 
27 4 30 98 183 227 233 261 341 364 386 387 487 500 536 548 550 555 599 634 638 756 764 805 826 832 835 858 
22 47 110 121 167 241 259 261 333 353 377 468 499 522 534 572 582 613 701 757 768 778 973 
20 29 66 78 186 224 438 475 551 578 606 647 680 799 802 874 879 942 952 978 981 
17 27 102 142 194 213 262 334 348 397 417 556 663 696 794 928 959 986 
26 40 66 82 83 190 195 223 267 451 460 465 482 535 610 657 713 795 800 818 828 866 877 882 900 949 984 
20 28 100 154 268 284 347 416 433 480 494 603 642 668 682 698 712 722 852 873 965 
15 54 257 424 437 566 637 669 711 764 834 851 876 877 947 966 
27 24 28 184 192 288 306 355 365 410 473 499 522 559 560 608 640 681 754 776 778 821 848 849 937 941 949 960 
21 67 111 114 123 203 206 239 285 378 396 403 445 547 593 682 688 853 861 894 921 958 
23 34 48 71 112 129 150 174 211 236 267 322 374 425 446 508 561 606 655 792 821 887 911 967 
20 2 168 171 175 245 347 401 436 476 502 519 682 706 707 708 815 818 843 915 958 
23 41 88 128 134 172 206 261 289 342 404 463 479 508 509 549 594 605 636 848 850 946 947 980 
27 97 106 128 133 169 186 190 225 246 264 307 312 386 536 554 567 581 600 644 652 716 762 794 797 802 820 910 
25 15 49 50 52 71 142 204 226 272 279 301 573 593 624 645 695 756 839 874 893 904 913 924 925 953 
16 272 389 456 470 479 554 582 669 672 709 742 757 804 820 854 892 
23 36 50 175 209 213 247 269 341 373 389 472 479 481 659 671 799 893 906 907 916 942 970 998 
23 14 101 137 211 225 372 378 399 476 549 604 609 612 616 642 722 777 837 860 902 906 920 964 
23 30 54 117 131 154 194 264 299 305 309 322 355 384 391 540 566 597 602 640 834 913 944 960 
16 234 251 410 507 510 517 555 592 607 646 651 654 695 732 804 987 
20 27 51 66 97 124 159 191 230 380 387 445 463 505 544 640 645 698 699 818 819 
18 25 31 91 126 152 365 377 487 583 723 726 744 803 812 925 930 949 958 
13 18 283 469 517 541 558 625 693 774 775 837 922 980 
20 47 89 117 262 271 281 307 317 409 412 446 518 670 726 747 767 800 809 899 973 
28 22 33 81 103 128 149 165 168 262 264 293 310 321 409 427 448 450 467 570 596 650 671 702 704 720 861 922 932 
23 0 6 19 69 70 86 117 135 152 216 280 453 515 611 649 662 663 721 755 798 837 864 977 
21 1 40 130 175 208 292 382 418 506 580 612 620 661 673 728 783 818 834 934 968 971 
20 24 285 300 338 358 373 384 528 560 563 621 652 700 706 715 724 775 852 886 893 
11 12 109 146 383 506 630 636 684 749 816 909 
15 3 69 97 197 346 354 372 394 615 620 713 792 819 866 970 
9 87 193 444 480 737 743 878 886 953 
28 61 118 150 167 212 213 221 227 288 327 355 417 443 484 538 548 564 567 587 599 711 758 808 864 918 936 949 960 
25 48 65 68 78 99 175 252 288 337 381 457 466 479 491 535 543 604 625 708 738 777 793 806 935 960 
13 46 354 540 572 677 770 842 858 873 887 889 914 935 
18 146 210 231 275 276 334 359 495 508 525 556 562 611 659 696 725 971 985 
19 57 107 235 269 315 335 423 493 514 560 639 642 700 724 751 801 914 920 950 
18 48 104 137 295 309 375 381 385 399 412 498 524 547 670 728 756 765 988 
16 55 158 167 298 417 419 449 459 546 597 757 790 796 946 981 983 
21 30 70 138 179 192 195 210 244 283 347 420 440 495 542 581 612 664 748 757 844 846 
12 152 258 270 433 561 569 579 620 675 697 755 831 
13 56 129 299 351 393 419 454 568 638 691 726 888 950 
14 18 303 325 425 433 445 448 516 538 574 634 759 823 912 
20 32 76 118 178 212 250 271 322 519 562 570 658 711 763 776 813 898 907 945 950 
16 80 85 189 291 321 333 351 354 420 478 485 713 722 771 860 895 
21 17 24 99 211 236 249 364 416 444 458 463 534 541 579 620 685 742 774 823 879 979 
26 14 66 74 101 149 229 230 250 251 258 340 382 416 482 517 538 578 581 638 812 829 892 912 954 983 991 
18 106 170 278 303 315 324 423 463 471 560 595 666 769 800 877 896 960 999 
18 68 92 131 248 263 350 409 472 591 709 783 813 923 936 962 969 986 997 
18 0 5 60 61 86 150 244 387 407 421 439 669 703 797 965 980 983 987 
