200 1000
371 471
174 657
527 647
217 247
109 452
77 810
267 511
295 386
327 911
38 160
271 556
373 443
389 438
226 762
106 554
96 292
684 753
441 952
295 869
206 674
422 538
147 956
2 24
316 919
156 517
40 292
120 897
159 448
318 985
110 844
77 281
136 796
93 920
124 209
81 506
603 672
83 603
111 168
435 530
478 701
756 856
356 826
6 26
342 347
415 443
228 228
788 890
286 342
266 286
30 818
483 579
284 344
238 708
496 508
462 507
659 925
612 667
229 753
171 623
9 546
37 114
300 431
486 804
282 837
1 3
123 425
693 846
110 714
140 722
21 324
81 184
556 581
693 937
414 552
65 175
694 736
487 518
127 913
260 383
140 938
125 234
134 239
86 103
34 110
194 363
135 326
399 684
415 674
49 57
147 204
436 624
29 569
349 564
61 878
18 74
170 334
646 750
313 451
18 108
16 220
545 559
117 735
237 352
758 807
465 648
122 441
571 645
17 72
93 371
39 105
182 466
222 733
24 272
482 716
161 564
123 132
215 665
56 137
16 65
66 179
610 622
507 540
438 930
614 941
215 217
599 612
360 498
227 299
140 613
5 69
140 179
448 476
58 163
288 762
318 641
543 1000
84 566
284 880
196 355
366 831
156 545
167 692
409 479
530 704
125 204
274 670
230 963
28 604
506 765
75 75
38 257
354 399
28 146
574 798
167 641
54 559
760 885
211 295
54 533
330 334
249 518
55 619
651 828
638 875
141 188
135 414
147 663
269 369
345 853
36 70
226 421
54 379
104 190
675 743
28 36
349 980
357 412
71 281
64 145
138 159
51 367
242 329
37 287
618 869
42 109
5 362
512 626
118 831
429 634
35 114
2 2
35 361
84 117
83 344
56 116
201 463
185 213
287 964
545 693
16 82
140 879
23 33
59 725
149 399
365 639
864 935
382 651
27 35
59 67
29 587
26 311
27 170
327 416
22 25
609 613
35 48
653 964
48 222
460 967
140 651
230 624
23 727
366 884
280 317
162 358
147 178
75 353
171 345
215 679
116 590
354 696
103 210
448 600
159 201
235 400
24 559
125 305
288 790
1 30
237 282
58 84
310 780
156 688
360 928
59 468
682 906
331 558
528 611
205 388
94 241
195 289
64 92
485 527
8 35
43 742
20 387
192 623
152 402
631 728
208 349
756 906
463 948
396 523
78 191
49 76
55 70
254 966
784 823
267 410
284 299
100 243
502 837
531 738
263 449
22 40
464 478
216 625
256 542
203 497
97 270
141 561
243 783
820 868
5 304
22 51
725 805
92 140
133 156
416 644
23 88
137 959
47 583
24 38
451 656
121 912
56 368
54 147
297 679
175 939
625 676
31 133
513 580
67 238
427 571
71 81
404 596
569 791
328 502
262 292
339 603
134 783
242 255
65 213
71 177
166 241
65 70
123 152
116 487
640 952
237 479
321 657
126 374
710 997
288 895
264 471
53 255
224 316
199 309
72 74
100 213
795 995
49 69
640 841
677 694
161 897
390 924
200 502
528 650
596 948
285 886
160 238
181 642
456 754
370 870
118 153
3 7
151 295
56 979
13 36
72 96
253 405
315 339
530 693
457 899
133 725
345 444
42 569
367 726
419 511
15 273
29 109
415 806
34 49
694 790
20 21
337 470
544 561
541 657
92 171
352 574
789 877
357 945
506 759
304 324
893 924
70 567
73 385
398 798
174 375
447 457
448 544
461 571
828 921
24 701
565 633
81 259
199 667
55 567
32 73
99 174
299 888
133 367
243 862
641 694
25 736
302 770
198 682
478 813
13 206
108 854
365 812
2 2
55 199
5 28
17 45
940 970
95 469
107 215
12 66
332 338
114 900
1 9
71 211
28 743
5 18
20 62
262 647
711 793
224 420
148 159
213 750
91 134
33 78
276 956
518 686
391 460
819 987
132 287
120 489
463 958
335 378
463 656
123 757
455 456
411 736
891 974
116 364
637 787
313 322
692 858
175 988
108 497
12 182
158 989
378 710
495 899
275 284
29 52
378 491
133 295
49 143
445 651
193 362
204 632
169 367
359 630
52 57
536 809
256 680
64 308
49 177
311 508
479 987
61 343
26 134
21 24
27 108
294 379
0 543
8 392
802 851
857 992
32 68
22 83
34 593
47 47
246 437
106 975
124 241
237 343
530 800
47 157
50 114
374 533
7 21
89 738
259 460
153 734
454 684
13 46
49 234
60 307
336 741
350 676
265 332
807 909
107 209
62 125
433 559
383 493
77 196
144 731
97 201
473 864
270 643
571 999
638 766
60 884
13 13
323 452
475 508
29 184
112 686
99 117
70 312
387 722
400 874
438 837
66 85
651 840
360 456
461 519
83 166
481 882
316 555
191 211
295 670
186 266
64 176
372 470
312 729
56 272
59 915
514 576
232 415
693 767
156 977
137 157
382 394
76 375
205 901
401 604
278 485
154 201
143 144
143 428
4 364
502 587
433 955
161 703
393 546
302 728
6 738
174 792
102 606
242 292
347 561
111 288
269 456
103 349
360 448
81 910
211 487
323 504
26 559
29 260
223 283
23 280
316 808
45 564
428 852
128 276
2 193
335 611
667 799
8 122
155 260
679 818
49 609
507 513
382 626
73 299
228 406
113 353
290 807
277 402
101 487
70 456
120 292
134 584
490 530
526 623
420 778
537 538
553 605
755 978
246 565
11 48
12 780
636 849
166 688
352 390
260 273
881 895
766 874
67 104
97 649
0 154
25 510
470 925
9 202
328 388
791 984
718 807
51 91
58 356
259 723
356 479
50 57
331 350
4 63
148 187
58 89
760 777
674 726
282 714
127 390
99 132
106 172
139 500
123 794
482 631
215 490
383 677
276 397
355 403
127 177
554 990
360 975
329 611
221 229
137 813
188 194
78 417
129 155
521 821
416 883
76 211
490 788
597 736
658 878
239 361
1 8
50 79
107 967
561 741
78 114
357 609
3 3
911 989
83 616
56 534
21 306
283 934
126 383
4 170
281 763
592 824
568 970
406 577
19 599
372 626
70 631
124 141
116 647
802 864
51 119
224 459
132 381
492 780
646 1000
217 662
262 435
63 961
234 302
20 41
251 672
626 675
260 830
278 383
18 219
35 819
168 206
203 387
425 729
357 884
446 643
9 381
758 791
78 427
115 243
75 434
854 966
279 504
647 678
41 678
187 601
17 509
4 6
258 895
231 565
655 725
573 789
290 810
180 447
197 213
191 882
68 868
36 667
22 165
90 239
627 745
356 839
414 992
172 780
183 338
305 827
53 606
87 230
317 437
330 607
55 81
23 222
902 956
62 215
32 502
39 85
119 130
291 546
826 931
204 452
189 912
336 647
225 260
838 975
65 606
221 463
85 139
207 655
400 408
367 720
97 143
603 696
746 790
107 151
41 52
105 231
593 842
78 136
736 793
153 764
252 376
3 10
77 180
12 104
537 627
146 825
233 485
419 934
115 133
93 139
253 536
178 528
396 653
181 202
288 301
267 549
29 512
375 653
543 676
0 182
393 871
214 650
197 625
87 94
118 405
121 148
154 544
74 350
458 729
112 288
232 377
581 908
1 48
61 434
23 132
502 711
380 968
271 744
499 988
67 70
185 928
866 939
580 987
155 935
279 454
208 242
322 860
480 554
549 859
201 980
8 116
107 877
20 170
60 61
855 962
4 68
24 235
139 797
324 372
123 319
331 443
172 430
20 118
22 23
83 304
148 169
310 663
230 976
380 589
186 534
321 519
143 319
175 200
159 622
45 685
534 664
133 181
203 628
14 676
25 25
165 177
429 796
337 339
78 156
159 849
112 542
210 611
101 332
441 801
27 191
21 417
119 349
42 483
580 897
520 598
154 250
191 707
707 842
232 290
96 224
468 716
208 436
8 33
225 894
339 733
396 524
568 829
7 955
705 915
428 767
194 556
409 851
32 84
140 834
217 266
731 794
515 573
15 720
43 102
184 742
230 444
125 703
745 881
547 873
494 564
102 121
297 723
33 306
118 426
331 523
123 305
97 99
46 72
286 470
296 315
546 842
163 272
341 714
248 773
151 379
128 945
223 660
47 157
499 784
241 892
32 703
202 306
463 611
71 420
737 987
256 852
179 676
262 372
80 247
73 161
7 96
711 979
1 1
642 706
514 880
442 971
4 670
195 619
273 362
44 436
30 143
7 478
118 365
466 939
32 243
503 550
219 323
52 119
380 678
836 841
42 86
81 923
473 784
181 487
7 175
32 126
232 879
490 558
106 500
443 863
23 146
431 571
372 560
384 428
27 81
15 621
356 685
104 433
8 336
391 928
97 461
154 324
59 752
783 871
62 150
11 46
146 492
251 878
8 312
534 624
328 483
147 631
7 9
201 410
567 937
49 234
347 951
46 496
428 698
327 859
213 436
64 405
7 43
672 912
23 52
227 258
457 466
592 815
0 4
115 794
896 1000
331 613
67 409
56 178
722 964
34 333
153 330
160 886
82 291
90 191
272 955
19 174
96 264
22 466
19 10 131 216 365 409 428 475 510 645 667 669 686 687 722 762 807 835 875 982 
34 30 60 95 111 115 133 157 174 184 188 201 214 234 256 259 265 285 304 379 452 461 473 488 528 604 689 816 820 855 858 896 924 970 993 
16 6 73 83 152 153 170 289 291 388 453 473 490 669 721 813 995 
14 7 82 364 456 535 554 560 568 570 578 687 756 867 974 
20 5 63 156 288 446 455 475 492 549 679 823 830 836 858 922 926 936 961 981 992 
30 13 21 58 77 149 169 240 270 289 297 306 373 397 466 471 544 641 671 731 828 830 875 879 895 915 921 944 958 976 992 
25 85 372 382 485 495 507 514 579 581 635 656 690 742 778 790 799 845 850 858 860 886 898 921 923 947 
21 18 27 97 130 133 138 140 150 189 215 330 356 450 515 577 695 726 746 911 938 967 
18 59 133 158 298 340 524 535 552 605 606 636 670 705 714 716 743 929 949 
16 2 186 222 227 356 428 468 482 588 628 745 783 814 874 981 986 
25 13 57 67 102 116 263 304 306 318 345 383 445 458 500 573 650 651 704 737 777 826 875 895 907 973 
15 39 41 99 162 427 529 543 569 664 730 733 744 853 920 923 
26 19 26 71 140 180 210 213 251 312 329 384 441 479 496 574 624 729 789 811 814 835 838 868 881 911 980 
25 8 151 155 185 265 338 363 416 465 504 508 537 559 628 678 685 706 730 763 777 844 888 910 961 985 
12 1 93 284 531 533 554 603 620 632 743 766 810 
23 39 46 73 98 143 201 287 323 358 444 474 502 504 513 529 623 636 651 726 745 789 794 880 
19 24 55 211 235 238 341 354 396 469 471 500 505 507 569 613 641 723 871 922 
15 67 96 97 116 132 205 240 253 307 384 607 664 687 839 841 
20 13 183 235 290 308 317 394 438 476 537 542 565 679 764 775 857 897 914 931 962 
12 12 56 147 269 277 420 545 624 860 896 916 955 
25 1 19 107 162 197 215 250 341 396 420 474 477 498 501 519 554 566 621 642 707 720 790 820 840 997 
21 82 138 166 183 198 220 288 290 324 371 372 408 438 491 493 554 659 819 869 933 959 
13 18 95 204 353 392 541 566 670 765 903 912 949 959 
13 55 163 203 252 284 285 457 534 622 635 818 820 963 
22 26 39 73 88 113 119 169 337 350 357 509 555 580 602 627 726 791 828 849 905 940 951 
11 12 112 145 210 282 286 375 425 522 799 841 
19 7 23 101 106 139 158 366 439 568 573 596 656 791 848 857 882 891 895 930 
15 67 69 151 214 271 281 315 333 345 511 634 713 727 859 881 
19 44 64 88 128 221 471 479 512 556 565 630 681 700 715 784 867 925 952 981 
18 34 171 218 245 279 438 517 524 557 567 676 790 799 805 838 868 890 951 
14 2 173 205 227 233 298 306 400 477 582 680 822 862 967 
21 39 42 58 60 72 138 180 343 410 454 464 570 669 680 755 759 859 913 949 975 996 
22 113 182 202 215 246 248 301 352 449 455 501 529 541 556 604 610 695 724 815 852 860 933 
12 24 63 124 139 143 367 380 464 475 618 636 976 
25 84 140 177 237 273 276 289 311 335 359 376 449 493 542 551 567 653 716 760 821 886 920 965 980 999 
23 81 83 112 117 206 421 454 569 590 596 635 637 657 667 686 689 711 730 887 926 932 949 986 
25 39 59 100 145 149 153 158 163 181 235 236 237 336 422 481 502 507 520 547 571 608 721 761 783 958 
20 39 96 137 198 211 266 289 328 384 386 418 437 471 504 598 621 743 821 839 952 
22 60 95 248 352 356 368 383 544 579 619 621 629 661 712 726 740 788 822 876 905 963 982 
19 82 98 125 134 141 159 221 321 340 343 376 429 601 620 646 702 859 883 970 
16 67 87 120 151 332 346 397 464 513 531 555 583 701 943 964 998 
27 28 77 103 132 167 169 185 212 238 364 370 422 445 468 481 517 543 555 557 564 626 661 748 749 858 941 945 
22 11 98 108 119 142 183 220 323 335 377 411 453 492 498 535 670 678 812 847 870 943 949 
12 81 131 206 234 250 284 302 316 525 553 634 639 
22 70 96 149 373 466 496 528 634 648 655 659 694 736 742 743 800 804 835 851 871 943 984 
20 118 164 271 348 361 364 454 593 601 689 730 736 747 753 814 840 842 851 909 996 
19 15 72 168 255 271 373 517 584 585 631 679 692 723 729 843 849 854 920 942 
15 62 74 129 243 399 422 434 484 575 620 629 690 698 727 749 
16 92 174 187 210 234 273 347 383 461 492 540 589 660 822 903 981 
21 21 53 164 173 342 346 415 427 503 514 520 523 529 540 635 644 760 837 862 989 992 
21 17 44 49 98 374 447 463 506 550 575 652 678 680 770 775 859 899 903 944 963 968 
20 15 143 147 193 245 268 301 390 411 458 597 626 729 750 775 854 879 885 980 983 
19 109 188 205 237 330 376 383 386 430 511 548 637 755 788 812 863 932 938 990 
25 13 143 167 247 302 448 490 520 528 556 564 641 726 733 752 761 763 784 814 818 829 833 893 938 940 
16 90 109 161 194 329 405 424 463 572 669 714 723 740 746 805 917 
17 207 297 299 303 423 453 463 470 499 522 723 727 756 789 870 931 984 
17 50 149 192 223 231 274 428 430 434 448 498 539 647 737 818 822 978 
19 56 57 246 252 266 270 286 321 432 457 614 671 684 791 825 829 855 873 876 
18 0 26 113 159 199 231 244 534 626 641 646 706 768 859 878 881 937 990 
20 97 139 148 177 247 254 267 315 373 563 594 669 676 775 783 803 860 886 913 991 
23 10 160 187 188 203 396 401 435 496 561 613 635 660 688 728 783 803 862 891 945 948 958 975 
25 107 154 250 255 278 314 395 435 521 597 620 638 661 679 773 785 789 809 825 829 841 870 897 912 942 
17 87 89 95 99 270 281 366 389 578 587 594 670 706 749 796 969 985 
24 4 94 96 145 219 281 342 344 402 469 569 584 690 717 723 726 727 743 744 767 788 920 973 984 
22 0 43 71 106 151 173 221 308 411 417 530 547 571 582 639 692 703 808 902 959 988 994 
25 29 39 54 59 72 81 100 155 179 245 275 290 358 366 503 530 686 721 735 744 774 811 836 854 990 
18 116 154 263 270 276 278 291 336 365 520 576 606 654 733 885 939 959 980 
12 141 379 397 423 521 605 678 681 684 742 811 835 
14 16 125 236 435 436 555 652 672 674 740 802 833 884 971 
24 49 116 239 276 292 305 307 326 365 419 435 467 512 604 644 663 718 753 781 837 890 900 972 993 
18 9 57 155 185 196 212 240 242 251 418 433 536 684 776 784 838 910 988 
18 14 45 87 108 128 137 142 201 230 264 274 298 398 490 539 794 871 927 
20 36 95 201 209 217 263 334 353 433 437 579 614 625 631 733 774 832 945 990 998 
16 256 274 286 388 429 453 484 517 571 653 656 728 848 856 952 974 
16 0 68 89 139 177 214 224 297 368 421 429 585 610 735 869 894 
23 31 86 95 167 194 221 269 272 294 324 327 341 367 411 420 467 543 562 708 736 745 926 982 
20 35 47 116 184 186 192 273 322 372 499 559 581 637 660 699 714 741 812 919 943 
17 28 91 234 252 272 282 297 313 321 453 518 535 618 712 846 849 972 
18 162 253 254 288 349 390 406 532 594 608 639 675 707 736 752 777 874 935 
19 31 75 200 256 268 282 350 374 447 518 528 533 563 578 707 715 774 832 852 
20 59 76 99 159 225 240 325 356 366 480 627 634 747 757 784 875 891 905 934 974 
16 20 256 257 278 378 418 609 717 732 783 786 803 866 887 888 989 
31 12 66 87 119 160 193 244 250 274 375 386 481 485 518 539 621 622 654 658 708 722 727 750 756 779 781 804 817 921 974 982 
23 22 26 100 172 211 297 327 335 486 498 534 538 598 606 638 678 686 762 824 835 939 945 947 
20 6 161 229 368 413 415 450 491 534 654 655 665 707 709 738 774 780 969 972 977 
24 7 12 32 53 67 70 72 96 172 196 241 342 344 477 500 622 624 696 712 811 893 933 944 982 
8 190 426 435 439 830 933 943 953 
18 16 47 90 202 334 483 505 548 652 656 683 745 801 813 843 889 908 970 
25 70 74 157 160 208 272 308 353 355 374 375 518 636 648 684 685 736 743 763 788 797 836 904 942 969 
10 122 266 298 513 551 791 800 819 828 888 
21 41 158 246 247 291 306 360 369 425 437 458 593 615 746 759 798 799 887 906 931 966 
24 29 66 77 110 126 149 170 192 202 321 341 402 554 570 583 607 727 740 751 768 792 874 878 994 
9 262 426 479 601 691 834 885 889 910 
19 54 68 69 75 234 318 385 519 521 538 620 702 717 721 746 772 776 935 997 
20 3 4 38 47 86 114 142 176 181 228 290 326 340 390 487 574 780 834 850 901 
25 106 128 161 187 226 349 367 372 380 393 413 416 418 421 447 472 501 539 558 635 760 795 806 862 931 
15 58 120 185 249 258 308 319 489 505 560 671 711 766 812 880 
18 55 122 135 214 246 297 333 392 571 572 595 617 620 640 657 670 772 834 
19 47 183 239 280 293 354 355 418 456 504 541 605 632 683 693 788 838 861 883 
13 109 152 220 243 300 444 454 468 504 595 785 816 880 
24 48 91 103 163 216 220 229 250 257 296 388 434 473 501 562 594 639 710 761 774 876 954 965 969 
19 1 17 50 95 101 130 277 286 301 357 464 476 547 731 770 802 819 851 956 
17 25 45 86 185 262 322 349 382 459 509 539 608 623 699 946 989 991 
19 62 66 151 171 269 348 465 499 671 719 765 779 831 839 924 961 962 985 989 
24 6 14 25 116 127 129 130 153 178 275 310 369 436 480 523 586 617 650 680 742 796 801 856 977 
23 8 79 119 150 170 195 302 357 366 383 385 410 454 459 585 586 623 665 792 901 904 933 993 
11 17 106 108 300 321 497 530 623 820 839 903 
20 4 35 121 170 172 239 288 306 362 460 480 556 557 655 724 734 737 758 836 908 
19 32 43 120 141 184 186 250 261 263 325 379 465 467 531 626 760 780 834 872 
22 102 123 144 236 261 344 345 419 471 542 554 578 602 643 683 697 750 842 857 878 934 971 
15 9 44 61 73 184 377 382 434 502 576 623 711 809 958 999 
28 20 25 48 75 107 122 140 156 157 159 185 210 221 235 237 262 273 424 433 472 516 552 575 751 785 838 974 997 
22 40 56 187 260 323 398 403 422 537 586 609 620 628 660 681 695 789 790 791 870 894 950 
21 14 96 157 223 283 294 304 325 462 494 563 593 637 701 743 744 799 863 932 959 966 
20 42 189 253 339 379 396 419 441 483 519 578 627 630 653 712 808 836 853 904 942 
20 8 33 42 81 169 194 199 253 382 398 404 417 446 456 595 706 760 779 810 903 
24 106 188 277 297 300 364 368 391 433 442 483 528 530 673 793 819 835 841 888 898 911 921 946 984 
14 24 54 155 193 218 234 331 334 353 482 568 678 739 950 
17 13 56 58 88 212 222 244 311 455 474 545 732 874 929 971 973 987 
14 10 228 241 359 372 455 471 500 511 527 769 788 849 961 
18 26 68 275 282 288 434 436 445 490 532 580 594 741 880 897 904 962 995 
24 28 40 55 64 207 219 261 280 306 307 346 383 466 497 611 616 634 643 679 714 755 858 865 944 
17 76 90 213 321 361 403 474 510 561 696 718 755 793 812 853 894 975 
21 49 57 134 198 224 245 282 326 348 365 414 529 532 634 673 674 739 801 824 834 885 
24 110 144 195 245 265 353 384 444 461 467 472 488 529 531 595 614 666 806 837 848 890 895 986 991 
27 8 16 48 117 176 199 204 223 228 288 307 337 360 365 444 596 604 622 640 651 714 727 741 758 793 807 865 
20 4 51 138 202 203 226 244 255 265 316 385 682 688 739 828 831 876 903 915 975 
20 2 118 215 298 376 421 433 446 480 520 548 604 718 727 728 757 758 806 849 896 
27 129 167 225 252 254 323 402 422 456 464 483 604 605 625 650 731 738 743 773 781 787 815 836 863 890 979 987 
16 5 37 207 232 277 323 328 364 398 600 737 743 795 830 836 928 
16 62 157 400 416 491 526 545 588 593 636 687 706 746 758 894 923 
27 25 111 121 136 139 174 201 269 283 310 328 343 455 494 540 568 584 662 711 771 800 827 835 845 877 917 985 
24 29 204 205 220 251 253 309 331 410 490 519 530 549 681 712 736 742 747 818 875 897 928 960 971 
12 12 21 212 238 324 416 542 603 758 844 882 976 
16 31 84 130 200 208 279 400 409 412 512 558 789 821 962 964 983 
17 43 55 171 201 226 254 431 457 464 517 722 734 750 779 814 838 903 
12 192 234 454 566 629 731 739 775 850 859 865 889 
24 273 299 380 391 424 434 506 526 580 599 622 669 742 744 745 767 861 878 883 885 893 951 961 980 
14 2 69 342 486 561 600 672 683 697 698 769 782 961 994 
17 168 183 196 246 247 324 340 453 627 638 643 805 840 864 932 955 982 
15 3 49 104 132 144 291 306 605 635 653 660 759 819 972 998 
17 3 9 52 141 217 220 539 590 682 721 811 824 859 863 927 972 978 
26 1 123 132 193 197 202 255 290 309 374 447 453 538 553 589 637 659 683 748 807 811 851 937 939 951 969 
25 5 16 55 68 86 108 153 160 173 222 232 269 270 344 440 454 533 536 557 621 729 761 762 848 877 
15 41 222 281 367 382 401 486 552 587 620 625 651 738 759 963 
23 7 105 241 274 295 309 316 320 333 345 409 414 471 521 534 550 563 564 669 715 719 742 748 
22 20 27 137 168 176 292 310 311 340 366 399 436 460 462 474 650 776 802 807 855 856 934 
19 15 242 275 333 343 498 503 532 562 650 713 766 801 811 813 864 886 927 948 
23 0 3 120 140 141 184 224 317 333 387 466 473 546 567 633 716 724 744 848 850 949 957 970 
20 54 89 299 385 417 453 518 536 598 607 662 697 710 742 778 792 840 872 893 964 
21 27 33 42 54 156 261 308 378 417 426 465 493 579 624 661 685 732 734 782 815 931 
14 189 210 238 283 336 370 492 523 528 580 872 885 987 988 
27 4 30 98 183 227 233 261 341 364 386 387 487 500 536 548 550 555 599 634 638 756 764 805 826 832 835 858 
22 47 110 121 167 241 259 261 333 353 377 468 499 522 534 572 582 613 701 757 768 778 973 
20 29 66 78 186 224 438 475 551 578 606 647 680 799 802 874 879 942 952 978 981 
17 27 102 142 194 213 262 334 348 397 417 556 663 696 794 928 959 986 
26 40 66 82 83 190 195 223 267 451 460 465 482 535 610 657 713 795 800 818 828 866 877 882 900 949 984 
20 28 100 154 268 284 347 416 433 480 494 603 642 668 682 698 712 722 852 873 965 
15 54 257 424 437 566 637 669 711 764 834 851 876 877 947 966 
27 24 28 184 192 288 306 355 365 410 473 499 522 559 560 608 640 681 754 776 778 821 848 849 937 941 949 960 
21 67 111 114 123 203 206 239 285 378 396 403 445 547 593 682 688 853 861 894 921 958 
23 34 48 71 112 129 150 174 211 236 267 322 374 425 446 508 561 606 655 792 821 887 911 967 
20 2 168 171 175 245 347 401 436 476 502 519 682 706 707 708 815 818 843 915 958 
23 41 88 128 134 172 206 261 289 342 404 463 479 508 509 549 594 605 636 848 850 946 947 980 
27 97 106 128 133 169 186 190 225 246 264 307 312 386 536 554 567 581 600 644 652 716 762 794 797 802 820 910 
25 15 49 50 52 71 142 204 226 272 279 301 573 593 624 645 695 756 839 874 893 904 913 924 925 953 
16 272 389 456 470 479 554 582 669 672 709 742 757 804 820 854 892 
23 36 50 175 209 213 247 269 341 373 389 472 479 481 659 671 799 893 906 907 916 942 970 998 
23 14 101 137 211 225 372 378 399 476 549 604 609 612 616 642 722 777 837 860 902 906 920 964 
23 30 54 117 131 154 194 264 299 305 309 322 355 384 391 540 566 597 602 640 834 913 944 960 
16 234 251 410 507 510 517 555 592 607 646 651 654 695 732 804 987 
20 27 51 66 97 124 159 191 230 380 387 445 463 505 544 640 645 698 699 818 819 
18 25 31 91 126 152 365 377 487 583 723 726 744 803 812 925 930 949 958 
13 18 283 469 517 541 558 625 693 774 775 837 922 980 
20 47 89 117 262 271 281 307 317 409 412 446 518 670 726 747 767 800 809 899 973 
28 22 33 81 103 128 149 165 168 262 264 293 310 321 409 427 448 450 467 570 596 650 671 702 704 720 861 922 932 
23 0 6 19 69 70 86 117 135 152 216 280 453 515 611 649 662 663 721 755 798 837 864 977 
21 1 40 130 175 208 292 382 418 506 580 612 620 661 673 728 783 818 834 934 968 971 
20 24 285 300 338 358 373 384 528 560 563 621 652 700 706 715 724 775 852 886 893 
11 12 109 146 383 506 630 636 684 749 816 909 
15 3 69 97 197 346 354 372 394 615 620 713 792 819 866 970 
9 87 193 444 480 737 743 878 886 953 
28 61 118 150 167 212 213 221 227 288 327 355 417 443 484 538 548 564 567 587 599 711 758 808 864 918 936 949 960 
25 48 65 68 78 99 175 252 288 337 381 457 466 479 491 535 543 604 625 708 738 777 793 806 935 960 
13 46 354 540 572 677 770 842 858 873 887 889 914 935 
18 146 210 231 275 276 334 359 495 508 525 556 562 611 659 696 725 971 985 
19 57 107 235 269 315 335 423 493 514 560 639 642 700 724 751 801 914 920 950 
18 48 104 137 295 309 375 381 385 399 412 498 524 547 670 728 756 765 988 
16 55 158 167 298 417 419 449 459 546 597 757 790 796 946 981 983 
21 30 70 138 179 192 195 210 244 283 347 420 440 495 542 581 612 664 748 757 844 846 
12 152 258 270 433 561 569 579 620 675 697 755 831 
13 56 129 299 351 393 419 454 568 638 691 726 888 950 
14 18 303 325 425 433 445 448 516 538 574 634 759 823 912 
20 32 76 118 178 212 250 271 322 519 562 570 658 711 763 776 813 898 907 945 950 
16 80 85 189 291 321 333 351 354 420 478 485 713 722 771 860 895 
21 17 24 99 211 236 249 364 416 444 458 463 534 541 579 620 685 742 774 823 879 979 
26 14 66 74 101 149 229 230 250 251 258 340 382 416 482 517 538 578 581 638 812 829 892 912 954 983 991 
18 106 170 278 303 315 324 423 463 471 560 595 666 769 800 877 896 960 999 
18 68 92 131 248 263 350 409 472 591 709 783 813 923 936 962 969 986 997 
18 0 5 60 61 86 150 244 387 407 421 439 669 703 797 965 980 983 987 
