200 2000
3 711
164 329
471 833
321 905
306 400
223 280
401 504
250 381
412 450
76 835
105 720
509 783
205 368
7 9
818 872
416 726
147 792
51 77
144 561
67 173
38 868
283 513
32 111
242 957
98 503
212 980
282 501
147 452
124 388
182 691
253 646
358 771
263 263
170 857
56 94
13 234
645 869
65 192
347 390
384 849
549 707
137 240
134 699
103 167
70 227
491 977
0 148
44 435
111 947
660 726
245 390
469 738
2 123
94 375
99 123
0 2
208 234
77 177
134 351
193 326
127 152
131 508
24 182
157 335
23 243
411 816
491 959
68 71
105 115
652 893
522 542
700 862
257 384
203 556
420 928
137 236
284 317
198 387
651 772
20 375
32 702
55 199
10 29
39 230
277 891
25 70
87 572
7 480
425 801
281 923
62 900
32 775
115 142
329 878
89 89
356 703
264 573
255 511
368 420
177 399
439 511
280 868
29 355
239 528
3 121
36 138
7 40
69 253
178 300
176 199
34 297
217 455
272 782
11 84
15 420
450 466
527 651
431 600
3 304
172 416
229 286
352 602
519 639
455 873
876 924
779 997
83 979
27 151
193 320
93 786
87 510
236 740
27 900
355 441
82 99
403 498
31 31
526 569
647 736
7 39
193 938
72 223
312 469
750 764
35 333
16 218
268 391
229 505
212 438
642 759
77 110
21 24
49 347
277 280
843 935
120 382
2 861
118 326
931 943
7 664
110 152
351 664
682 825
94 372
183 191
24 224
67 86
94 236
96 579
62 294
700 850
42 468
186 186
388 433
715 824
768 904
275 294
149 392
726 730
488 672
51 560
20 66
44 119
22 953
503 597
56 860
272 300
1 25
91 828
313 931
346 411
94 100
368 793
518 866
9 42
24 432
204 347
324 348
159 857
0 316
267 537
39 40
225 550
73 80
11 66
98 239
146 157
419 508
64 314
52 267
64 727
145 833
414 827
943 971
144 324
672 962
19 663
24 70
206 212
610 728
28 236
104 525
436 985
523 628
35 710
194 878
15 17
826 955
63 341
866 966
95 454
96 558
50 220
7 136
77 295
15 52
27 761
730 811
667 700
623 821
250 304
259 904
701 861
54 699
517 951
44 354
10 489
23 226
160 448
214 901
633 737
13 58
101 246
838 974
350 385
213 544
4 12
98 502
27 44
516 728
334 624
12 229
64 185
651 933
489 964
106 483
590 735
150 494
17 48
21 278
285 631
127 898
530 573
127 399
44 48
41 561
113 565
511 770
70 113
97 134
85 363
312 616
209 310
413 625
78 126
62 793
21 91
163 979
74 170
129 248
318 461
462 749
282 610
418 599
136 233
222 631
589 845
115 243
33 153
334 831
125 758
476 716
51 332
170 201
50 194
4 998
62 487
121 310
392 825
53 368
109 344
6 358
115 255
300 381
59 82
248 747
76 556
85 550
39 145
178 845
111 666
641 791
241 305
227 808
433 621
314 656
796 945
530 887
226 546
332 399
266 873
44 204
277 472
77 132
405 477
362 777
503 790
107 118
496 821
28 113
40 255
283 389
78 294
323 425
293 428
61 96
15 18
84 403
29 88
46 477
545 887
51 374
423 759
279 462
474 660
16 189
159 186
109 289
574 880
303 556
172 901
99 264
73 470
355 718
130 220
30 34
308 521
58 332
924 943
66 774
534 569
63 174
181 278
121 447
141 779
181 757
51 71
148 509
107 128
644 972
73 349
755 787
140 236
132 280
631 761
168 202
196 385
339 578
282 390
644 811
86 212
70 82
89 264
63 1000
240 765
124 560
627 686
502 648
8 18
298 359
250 335
3 10
180 398
147 237
428 454
141 346
17 508
471 590
463 540
34 576
48 536
18 215
116 884
669 930
43 188
35 147
182 624
134 141
383 984
602 835
497 642
478 842
157 294
185 192
32 83
152 602
440 610
567 956
41 45
478 646
0 32
0 14
240 332
12 21
357 428
29 241
48 252
11 32
0 7
155 627
249 722
177 216
171 896
82 231
33 182
270 954
348 558
149 232
99 143
373 851
609 766
736 910
49 80
759 951
35 42
692 982
650 873
146 609
332 495
306 868
119 303
424 676
78 96
30 423
833 945
68 245
387 902
724 987
2 5
391 902
571 620
238 559
635 674
416 828
333 538
221 338
114 316
456 677
373 522
65 914
444 709
657 821
283 484
159 295
147 801
124 614
458 733
120 292
5 24
432 664
24 211
286 809
277 345
42 490
140 513
535 730
198 479
107 971
144 504
430 620
199 803
178 720
531 772
212 716
813 943
57 70
588 879
17 131
30 307
858 957
270 320
268 402
476 511
263 821
79 566
182 817
313 932
599 836
66 370
15 86
318 887
439 928
50 321
616 819
638 868
271 517
0 13
34 386
19 922
56 88
419 435
74 118
523 814
914 927
315 388
164 599
578 818
302 533
535 846
34 37
254 685
133 295
94 105
193 349
150 405
693 879
72 72
520 948
152 377
40 318
3 87
18 19
277 812
94 403
237 406
17 103
34 40
146 889
118 599
370 927
1 1
458 667
96 948
407 955
316 484
294 394
346 975
151 465
155 234
42 118
1 91
163 447
65 632
88 290
62 146
9 101
30 97
455 461
38 419
340 573
101 178
75 321
661 938
192 862
869 947
400 797
618 978
824 959
46 197
66 146
45 189
22 61
810 973
41 640
23 61
49 441
142 542
155 617
252 538
55 67
17 100
285 363
225 309
205 273
517 645
118 125
103 518
185 225
39 82
121 508
124 456
406 428
613 670
657 923
256 277
64 96
79 197
55 88
122 148
141 316
487 686
469 653
816 854
317 982
10 105
69 775
511 727
125 256
153 592
177 430
121 140
346 611
184 192
176 326
217 484
760 922
136 504
802 916
131 958
299 676
185 210
556 734
152 577
109 549
302 533
69 172
74 616
580 733
49 210
329 393
190 275
98 337
106 556
64 404
30 415
36 131
666 890
44 159
124 204
0 17
75 671
533 813
30 87
594 730
8 200
618 922
7 68
95 629
915 987
351 630
51 359
352 717
2 513
47 94
278 599
31 333
777 949
248 592
110 392
539 861
214 436
444 952
305 457
204 403
620 771
717 858
3 214
637 723
336 859
406 889
594 929
143 309
22 66
0 513
132 167
200 456
45 231
166 533
425 437
238 731
168 540
20 97
51 187
82 517
282 856
749 799
250 296
2 376
263 304
108 245
52 917
65 108
20 21
199 294
123 413
103 534
367 649
79 248
74 852
238 896
210 845
24 25
22 23
185 331
786 880
758 847
454 940
61 450
179 864
130 480
457 680
177 525
239 701
59 120
188 278
82 331
403 440
280 290
30 276
394 466
309 483
487 564
58 161
146 199
19 32
151 653
277 281
522 912
258 329
446 616
329 582
62 507
13 730
63 288
617 672
184 448
534 822
13 88
76 349
44 76
110 243
96 282
427 492
191 220
17 71
410 797
426 769
442 712
213 677
244 445
356 589
181 315
344 476
84 342
18 83
16 43
362 383
59 321
174 941
686 908
153 791
388 905
376 523
5 8
251 266
25 43
61 944
32 642
72 78
541 713
42 43
910 955
268 574
111 136
179 621
74 255
102 843
326 988
93 628
314 929
310 340
19 47
351 515
365 723
299 771
142 777
117 151
582 633
652 658
16 179
469 926
89 181
83 98
316 556
221 613
370 687
374 447
119 154
89 601
16 24
113 340
114 182
832 903
8 72
164 961
42 121
42 272
23 344
176 218
367 592
526 981
257 724
283 427
257 468
581 835
192 428
535 703
118 415
203 471
105 134
263 632
254 480
176 965
702 817
11 674
320 592
72 573
131 319
246 284
22 776
370 664
148 175
60 220
95 225
54 65
6 310
155 576
156 286
6 828
60 65
99 531
794 810
77 145
185 925
512 688
19 23
10 331
72 152
175 723
444 999
66 213
646 699
254 532
9 55
515 533
35 391
694 818
446 799
726 887
740 758
353 714
565 969
198 288
132 247
332 683
170 351
391 685
46 985
121 428
149 702
9 17
59 489
127 132
773 773
440 958
165 319
284 617
322 483
750 953
53 241
7 41
75 75
492 880
456 869
167 261
79 216
288 611
116 329
331 640
882 891
46 260
285 664
245 832
152 393
69 815
440 774
342 798
82 353
369 778
115 167
557 748
40 63
586 955
13 821
24 78
28 705
796 833
88 94
416 608
78 152
75 456
214 808
39 684
434 486
184 297
611 907
136 380
97 182
65 282
376 607
802 872
243 619
41 568
44 57
6 217
168 409
561 604
113 328
534 588
208 925
305 794
685 685
51 788
339 677
119 256
337 720
618 663
183 548
713 805
180 250
0 26
74 233
559 828
536 539
138 428
892 895
56 940
443 549
28 329
111 117
1 26
877 883
308 549
587 949
64 277
9 532
139 318
905 913
735 937
22 122
78 676
6 34
79 687
554 593
102 673
298 387
837 956
164 563
164 282
113 546
519 538
816 848
241 483
298 472
4 788
85 363
372 499
29 905
204 485
303 745
381 834
197 958
114 151
57 696
292 340
147 680
16 36
213 696
73 876
51 90
54 689
97 305
236 652
9 226
204 234
360 775
233 335
355 514
18 185
355 383
164 834
379 480
94 304
132 174
34 154
179 425
52 103
82 583
71 102
158 203
157 726
684 834
159 594
219 366
34 74
140 204
394 790
313 592
50 396
279 637
286 433
70 426
267 556
602 880
19 887
348 420
6 8
253 870
247 485
70 184
289 352
138 165
38 203
288 740
19 41
280 435
174 763
520 536
20 220
5 44
335 798
90 103
239 604
549 710
89 626
328 523
163 187
88 860
840 903
142 540
1 696
608 667
150 598
116 129
365 530
318 700
389 715
12 14
127 178
1 8
445 492
332 641
652 696
158 464
523 683
61 681
1 463
14 818
298 492
140 758
195 476
67 341
622 635
604 992
141 625
236 282
515 522
252 611
584 804
206 278
584 961
23 229
39 139
296 303
1 320
3 10
52 723
123 595
176 470
225 304
456 514
283 346
124 135
372 496
463 601
46 114
256 725
10 44
287 416
618 775
163 524
155 168
72 101
324 507
581 648
84 766
403 645
107 158
3 202
365 528
244 389
140 651
277 334
510 830
236 283
262 280
210 293
239 628
94 245
66 718
3 51
522 845
618 802
18 113
10 119
141 771
402 957
84 499
114 763
245 338
267 364
103 389
185 746
268 589
374 450
267 568
5 110
57 82
555 586
89 222
5 54
41 72
211 460
191 643
563 602
119 136
731 858
686 750
198 532
256 567
551 971
149 403
57 76
111 894
317 990
825 939
38 41
232 339
169 774
453 540
416 779
358 588
294 751
574 685
4 98
33 669
611 720
424 850
90 92
366 664
850 868
249 393
660 726
160 830
528 620
400 418
517 672
71 637
205 868
162 217
18 704
162 505
522 583
430 555
404 765
10 201
529 555
313 330
46 189
26 37
15 835
225 716
734 739
217 915
59 347
204 365
246 337
116 829
805 969
540 540
24 51
357 578
193 195
84 86
221 719
456 476
263 289
78 783
43 634
244 539
504 565
205 387
65 248
197 344
134 607
90 231
44 503
291 726
100 261
171 323
42 56
102 399
300 604
234 650
172 327
129 308
326 343
141 185
707 841
703 823
57 70
518 790
19 20
53 531
831 890
284 490
943 977
391 568
99 117
35 323
947 988
24 91
355 396
99 182
46 354
455 472
217 466
575 944
113 392
65 468
28 41
259 582
197 284
277 509
314 684
141 819
6 573
44 108
3 19
88 126
807 954
147 280
532 997
343 399
3 647
479 797
143 765
456 820
435 723
126 996
285 598
401 971
10 114
14 56
545 631
233 702
580 999
232 495
288 592
211 520
94 609
118 581
183 348
165 211
376 783
40 123
231 328
130 525
785 876
24 85
407 436
93 560
448 526
43 825
29 49
185 733
143 327
98 161
372 596
430 640
48 80
133 150
0 5
39 76
201 268
126 383
84 979
101 276
155 521
118 734
25 247
25 33
333 349
152 788
167 476
132 868
0 49
8 41
32 76
580 618
833 945
21 305
39 321
704 787
272 446
45 104
166 449
39 902
43 44
229 429
510 595
90 565
542 763
200 721
202 749
172 467
122 220
105 743
17 17
243 763
605 722
279 875
68 136
336 699
134 635
8 257
230 384
173 967
720 855
374 460
931 988
621 901
177 422
141 836
249 401
395 727
444 613
226 841
78 95
195 319
689 709
272 345
902 965
209 279
21 555
159 610
595 689
117 143
34 89
389 731
1 20
204 469
87 89
595 613
182 202
75 726
57 549
223 985
1 7
840 848
6 16
308 953
424 514
55 187
163 204
560 620
625 791
147 290
505 763
30 372
94 99
18 109
51 145
148 623
470 857
20 108
419 425
89 218
11 98
111 838
785 931
59 548
412 587
451 913
25 891
467 526
626 814
470 935
76 412
460 547
258 845
186 777
234 375
477 478
33 70
80 667
667 883
16 694
39 670
153 203
114 455
367 995
162 257
172 787
164 473
290 604
105 121
844 962
719 783
527 735
158 533
606 953
37 122
191 409
365 815
37 157
349 987
265 769
568 675
226 840
43 807
489 708
407 708
257 414
392 636
501 999
406 448
165 520
18 261
339 868
342 526
55 732
220 770
355 430
361 562
501 541
21 55
745 993
20 233
256 513
19 154
172 305
231 631
268 900
510 876
147 157
241 844
37 243
242 519
3 6
228 670
140 148
322 360
684 846
5 106
261 912
477 489
80 110
171 308
151 269
612 822
353 674
66 173
828 858
112 134
13 130
330 929
326 783
87 792
91 93
561 803
85 741
153 902
143 772
247 606
54 191
39 964
199 438
177 556
377 406
564 587
122 227
95 163
62 106
43 616
508 838
40 487
278 527
211 491
142 734
643 989
112 626
495 631
267 408
71 159
185 608
62 576
13 13
684 777
424 569
401 903
144 841
457 786
4 144
80 120
78 107
22 65
56 473
54 355
209 579
13 944
248 447
398 735
9 83
662 744
40 67
248 367
33 109
182 331
221 788
297 402
38 116
896 980
603 696
223 312
113 397
381 955
52 81
538 629
256 722
317 332
8 45
716 765
335 817
122 306
50 694
41 323
242 972
236 458
71 130
538 654
473 593
25 28
171 623
355 657
196 269
63 80
465 727
66 151
862 971
216 418
26 136
10 234
723 893
42 652
92 160
388 848
339 874
351 476
265 971
204 844
313 374
145 487
580 652
0 13
180 187
96 127
445 469
312 445
472 880
243 270
117 269
265 368
438 610
495 792
41 59
198 213
188 225
127 170
303 750
337 582
262 764
198 261
358 491
755 799
17 110
44 47
279 599
187 362
163 446
196 540
47 492
729 772
433 663
157 882
14 239
22 294
60 301
70 299
184 424
111 439
9 799
200 221
206 664
0 50
1 307
48 70
483 544
5 9
327 691
710 794
52 227
1 38
362 903
373 873
491 824
148 184
435 795
22 833
310 597
477 667
326 361
148 426
43 326
29 769
156 340
969 979
143 152
73 937
33 263
679 715
29 31
520 741
483 483
44 74
74 202
494 824
859 867
0 48
241 469
478 521
53 96
68 307
157 266
72 335
185 523
478 768
865 884
38 578
245 747
9 86
400 430
79 220
64 64
488 974
549 702
478 646
143 146
574 752
273 400
95 186
110 185
75 92
148 496
113 189
330 427
79 164
935 954
416 540
59 479
273 715
519 909
82 256
675 904
260 417
10 46
306 825
224 580
0 21
160 228
339 451
145 149
476 681
63 277
39 263
36 640
82 211
349 728
20 163
458 826
0 157
450 750
66 571
118 774
71 128
178 246
50 73
677 867
134 530
377 634
689 723
377 550
589 674
326 774
576 601
264 703
534 627
171 235
139 209
39 508
451 775
11 180
55 57
58 240
413 585
55 162
123 833
508 725
94 254
12 18
521 945
20 149
189 348
258 672
41 443
45 845
116 412
652 700
851 908
464 830
312 544
91 902
568 789
138 662
151 672
384 401
376 742
127 846
201 354
373 493
36 782
484 903
27 143
346 433
84 179
23 50
81 161
608 670
731 839
310 709
45 103
91 236
404 416
420 660
57 156
454 582
5 551
564 668
75 453
102 376
814 899
821 917
839 871
110 385
234 799
599 793
27 279
47 215
342 817
328 465
233 536
5 120
20 71
21 26
226 576
383 713
452 764
194 387
143 499
144 317
381 925
10 813
426 525
2 764
432 507
454 908
150 646
647 809
680 762
591 758
185 270
6 70
66 228
81 459
316 504
233 580
287 497
444 914
294 459
136 788
37 69
155 952
113 282
216 660
627 848
401 489
156 283
80 128
195 423
5 567
77 678
46 50
100 347
2 13
290 583
125 136
68 448
515 784
891 997
66 349
50 92
83 236
93 209
284 998
230 256
417 650
12 399
217 663
482 650
184 635
156 317
289 312
220 418
270 436
42 737
247 413
79 390
644 742
153 336
728 813
375 587
235 572
208 280
200 737
398 825
13 31
107 345
336 418
864 892
308 363
475 833
341 486
564 850
363 516
429 545
368 647
536 961
25 49
345 399
75 499
228 241
706 865
9 15
145 167
183 816
700 733
94 423
34 171
523 800
61 771
280 647
228 610
0 1
323 975
476 711
573 651
557 631
29 348
320 361
165 366
12 54
1 52
69 121
609 903
602 686
520 731
6 45
11 186
602 605
273 941
528 832
213 811
559 881
343 575
7 9
589 761
2 36
211 361
668 948
79 769
530 654
414 444
340 810
535 949
56 80
57 236
57 515
227 682
668 738
1 916
281 599
877 991
741 842
70 274
331 650
745 888
175 786
176 949
145 163
291 518
22 26
149 201
165 176
633 666
430 459
54 205
261 617
119 599
100 116
71 314
51 164
5 31
697 796
119 644
343 680
86 218
525 935
2 38
103 348
278 595
154 306
90 214
714 791
235 244
601 820
304 846
23 356
62 866
47 166
80 212
404 978
862 922
476 675
18 497
3 5
126 988
60 138
72 879
207 212
227 358
43 31 66 89 106 350 354 388 469 475 517 589 603 639 663 679 685 750 908 969 1021 1060 1075 1107 1136 1152 1161 1201 1240 1248 1255 1291 1312 1364 1438 1530 1550 1596 1611 1633 1713 1811 1889 1953 
42 13 133 154 198 199 328 397 532 668 677 736 752 796 826 890 917 947 991 992 1014 1052 1084 1089 1098 1161 1181 1220 1265 1375 1382 1421 1443 1481 1486 1497 1503 1711 1813 1860 1937 1980 1990 
39 44 144 168 184 211 422 489 540 762 836 859 875 913 940 982 999 1052 1085 1119 1121 1143 1147 1202 1211 1305 1306 1322 1323 1373 1410 1418 1585 1606 1753 1790 1791 1823 1879 1952 
37 1 39 53 84 88 128 151 243 325 326 410 428 452 505 652 665 724 739 761 782 808 907 922 985 1028 1110 1157 1238 1297 1370 1373 1524 1558 1559 1586 1734 1900 
41 70 72 78 165 178 199 211 218 237 242 323 392 405 412 519 561 595 657 708 719 748 809 900 904 921 1004 1034 1066 1067 1080 1151 1161 1166 1223 1232 1319 1504 1712 1731 1872 1963 
31 23 27 101 243 327 337 371 464 465 467 797 805 840 847 951 1082 1089 1120 1213 1392 1538 1547 1556 1560 1565 1587 1610 1665 1780 1824 1904 
43 42 45 77 134 186 195 250 276 278 298 318 330 357 371 398 411 510 572 574 592 617 624 776 786 839 848 1003 1031 1129 1147 1161 1208 1317 1400 1418 1469 1571 1637 1665 1673 1755 1794 1798 
41 0 1 14 291 321 345 447 490 530 550 599 609 654 678 679 682 704 830 941 969 1053 1069 1240 1304 1391 1399 1401 1409 1423 1437 1454 1467 1576 1586 1654 1664 1723 1773 1824 1850 1874 
30 87 109 155 247 298 314 318 668 728 837 840 911 916 975 1016 1020 1024 1197 1223 1262 1269 1466 1498 1524 1532 1551 1720 1896 1942 1951 
39 19 85 106 159 164 181 191 216 426 439 458 472 671 762 771 820 859 902 952 996 1032 1039 1187 1269 1277 1311 1384 1390 1442 1480 1502 1561 1679 1723 1732 1836 1940 1969 1994 
38 57 65 84 142 166 198 289 320 372 459 466 489 500 570 619 624 695 726 842 909 929 1005 1078 1120 1168 1302 1305 1320 1333 1347 1358 1399 1405 1605 1656 1715 1895 1997 
37 64 89 153 214 218 233 288 297 331 350 388 615 652 674 687 783 1020 1076 1295 1319 1422 1434 1505 1519 1529 1548 1562 1564 1627 1672 1707 1750 1784 1791 1864 1918 1978 
38 12 47 65 80 111 132 147 183 366 381 419 431 486 656 709 753 807 850 865 922 1053 1059 1118 1134 1153 1182 1196 1234 1239 1394 1422 1441 1508 1709 1730 1829 1845 1913 
41 2 49 53 131 185 224 226 283 295 300 328 387 451 461 555 576 648 713 754 760 818 888 1030 1040 1072 1107 1120 1199 1323 1347 1414 1500 1513 1703 1724 1747 1825 1875 1917 1957 1981 
46 14 86 125 149 190 202 244 286 441 499 512 573 610 638 672 738 786 800 939 1010 1121 1169 1192 1297 1339 1373 1392 1490 1544 1622 1625 1626 1635 1654 1660 1666 1728 1743 1745 1811 1821 1876 1907 1909 1944 1970 
32 33 123 213 230 265 286 294 426 432 470 535 565 566 614 681 689 772 800 936 1006 1009 1064 1095 1155 1180 1208 1228 1383 1422 1550 1711 1859 
45 3 15 180 185 242 315 328 355 441 473 558 578 588 602 612 656 681 696 709 738 768 836 896 1060 1119 1130 1181 1208 1299 1361 1372 1387 1546 1561 1569 1573 1584 1589 1635 1651 1679 1733 1834 1884 1917 
46 19 51 66 108 116 204 211 243 261 346 389 472 519 555 565 574 588 659 679 733 824 860 905 990 997 1011 1038 1074 1076 1183 1220 1310 1372 1417 1454 1485 1509 1547 1646 1653 1697 1745 1754 1821 1846 1901 
48 21 26 121 168 198 219 255 324 426 427 443 509 510 531 558 575 653 654 666 667 705 721 818 825 919 981 1050 1185 1270 1276 1289 1337 1393 1395 1418 1473 1636 1644 1650 1670 1746 1757 1854 1859 1876 1881 1912 1917 
42 45 68 69 280 284 383 481 529 691 792 795 822 826 839 868 1042 1054 1117 1122 1222 1231 1313 1344 1363 1383 1441 1454 1477 1483 1511 1613 1678 1725 1738 1745 1747 1822 1829 1843 1871 1938 1986 
43 27 73 79 144 203 275 359 382 420 466 493 510 522 529 549 658 726 772 828 837 1012 1047 1117 1168 1228 1349 1358 1391 1399 1420 1532 1711 1713 1726 1733 1761 1762 1830 1833 1941 1963 1980 1991 
37 30 109 161 183 201 241 243 313 343 433 491 520 598 678 708 750 775 777 815 844 864 952 1025 1083 1095 1124 1180 1304 1374 1451 1654 1788 1820 1874 1900 1931 1981 
34 26 53 64 98 100 135 209 212 382 533 541 568 594 635 706 725 897 978 997 1120 1143 1209 1228 1326 1415 1442 1462 1501 1528 1596 1606 1641 1795 1876 
42 9 46 84 99 112 149 169 247 262 367 410 437 467 469 500 685 694 701 747 780 812 865 877 887 996 1076 1128 1142 1188 1204 1327 1606 1618 1708 1725 1738 1770 1857 1863 1884 1968 1994 
42 68 79 123 167 171 195 301 312 382 392 500 542 562 572 641 715 724 725 731 781 866 914 978 1020 1156 1181 1203 1205 1227 1278 1345 1353 1360 1417 1543 1560 1627 1635 1659 1729 1786 1789 
39 16 24 33 89 125 132 261 348 406 444 636 693 723 770 820 902 963 967 980 1005 1116 1123 1201 1221 1237 1238 1328 1351 1419 1443 1547 1561 1565 1693 1802 1883 1918 1924 1979 
44 104 188 256 314 347 411 463 537 664 706 765 791 794 819 846 897 933 938 977 1025 1035 1052 1139 1144 1182 1199 1310 1361 1391 1420 1446 1540 1554 1603 1611 1624 1649 1765 1818 1883 1902 1930 1943 1983 
41 73 165 225 249 434 441 453 592 597 598 612 622 631 672 908 918 1018 1030 1044 1046 1183 1204 1232 1261 1287 1361 1386 1426 1471 1491 1527 1536 1563 1580 1709 1723 1763 1769 1771 1818 1848 
38 71 177 282 284 302 328 497 532 652 677 734 878 886 889 901 902 963 972 1031 1087 1228 1343 1373 1402 1433 1449 1501 1512 1530 1591 1653 1663 1714 1728 1785 1815 1872 1907 
44 6 20 29 85 127 201 219 275 284 292 295 316 348 366 450 471 542 573 680 737 814 840 842 846 857 864 881 1000 1107 1259 1280 1281 1316 1397 1428 1441 1500 1612 1659 1732 1744 1872 1906 1913 
41 0 71 194 209 210 253 399 412 414 422 443 455 474 529 572 621 697 706 741 789 899 917 928 1003 1094 1122 1154 1172 1220 1297 1447 1489 1583 1607 1623 1729 1734 1786 1880 1954 1988 
49 15 16 40 59 80 86 141 150 218 219 254 315 343 345 372 401 432 472 509 714 744 785 806 936 953 999 1104 1105 1137 1167 1185 1272 1294 1374 1419 1425 1501 1504 1507 1536 1589 1603 1716 1789 1829 1837 1926 1941 1967 
39 76 192 221 338 354 378 416 421 425 462 466 477 511 544 559 638 673 747 802 868 870 890 916 934 956 977 1061 1062 1199 1233 1261 1268 1393 1598 1681 1757 1774 1880 1970 
34 31 102 177 225 269 379 427 443 497 509 514 528 530 714 773 809 879 951 966 1152 1156 1185 1327 1391 1401 1448 1460 1520 1565 1576 1689 1709 1826 1942 
37 15 19 82 118 347 456 569 594 692 720 731 755 763 798 815 828 882 933 948 979 1232 1262 1322 1331 1368 1417 1481 1484 1525 1642 1749 1805 1847 1849 1873 1910 1973 
34 65 75 312 472 533 637 708 716 757 770 783 852 859 881 891 915 1051 1052 1144 1165 1186 1190 1391 1494 1566 1608 1636 1680 1703 1730 1768 1833 1972 1977 
43 17 231 322 359 392 498 518 528 538 547 623 648 667 674 677 688 723 734 757 861 932 933 1015 1027 1106 1300 1325 1380 1402 1448 1455 1461 1485 1502 1569 1586 1704 1706 1742 1844 1857 1906 1922 
46 12 70 116 133 187 217 249 252 264 286 370 444 445 450 457 470 515 599 620 632 654 764 787 838 876 931 959 1002 1035 1037 1040 1084 1308 1391 1443 1654 1696 1712 1743 1798 1857 1858 1875 1900 1918 1925 
46 4 64 95 118 126 130 152 204 250 263 312 329 401 407 445 504 577 623 660 795 886 933 937 938 945 950 1007 1057 1059 1102 1105 1112 1114 1155 1244 1396 1472 1598 1635 1646 1690 1801 1840 1859 1925 1972 
38 10 45 48 61 70 107 164 211 322 357 411 501 509 555 635 660 763 795 806 912 1009 1058 1112 1131 1187 1200 1254 1276 1279 1311 1425 1431 1494 1615 1820 1848 1897 1908 
33 37 43 74 162 317 402 537 594 882 884 950 956 962 979 1074 1075 1135 1136 1240 1279 1320 1340 1419 1434 1498 1640 1681 1796 1804 1846 1867 1904 1949 
52 25 30 202 216 221 269 360 373 394 511 557 560 634 763 775 776 780 782 796 799 819 860 894 936 939 1008 1028 1053 1237 1241 1276 1348 1362 1371 1396 1475 1521 1549 1588 1618 1635 1641 1671 1679 1686 1710 1751 1756 1793 1829 1885 1946 
43 21 31 64 121 137 148 168 199 208 415 441 447 468 479 547 574 649 818 885 889 895 903 940 961 1023 1037 1043 1134 1257 1271 1344 1360 1387 1471 1475 1545 1594 1741 1770 1792 1808 1827 1876 
39 77 142 159 168 189 318 329 337 343 353 387 390 569 666 695 798 811 958 1099 1163 1247 1254 1256 1259 1396 1398 1487 1552 1572 1574 1599 1700 1717 1729 1807 1823 1924 1933 1940 
35 172 175 189 306 543 556 653 797 868 936 952 1056 1092 1104 1184 1236 1294 1359 1377 1398 1505 1543 1592 1594 1619 1637 1670 1741 1753 1754 1764 1901 1943 1946 1970 
34 27 88 198 224 264 276 375 393 442 446 476 506 530 558 625 712 749 801 951 1214 1239 1342 1363 1419 1509 1553 1558 1559 1725 1813 1892 1968 1972 1975 
44 129 208 222 246 249 272 363 367 429 554 724 732 738 797 802 880 920 925 1155 1169 1208 1265 1293 1324 1339 1351 1423 1432 1453 1534 1538 1568 1584 1605 1625 1727 1744 1749 1765 1792 1809 1820 1934 1997 
29 126 167 297 382 392 575 599 615 706 712 735 838 870 935 952 1188 1270 1284 1297 1378 1457 1626 1795 1874 1884 1896 1941 1947 1973 
47 1 24 110 144 180 217 263 267 283 335 345 353 512 514 535 540 541 581 752 754 778 785 889 1015 1021 1024 1077 1178 1199 1206 1224 1243 1256 1312 1314 1324 1357 1419 1446 1447 1484 1541 1624 1752 1825 1840 1895 
54 52 64 66 95 128 136 139 142 222 238 313 333 382 411 438 457 475 495 532 564 590 653 680 690 705 749 778 795 804 896 986 1090 1096 1114 1162 1210 1252 1297 1321 1343 1365 1375 1409 1473 1493 1544 1759 1802 1842 1881 1905 1940 1953 1991 
37 11 22 44 193 293 311 467 607 626 657 661 705 708 764 781 788 837 854 874 951 1001 1075 1124 1141 1276 1277 1303 1416 1623 1641 1661 1705 1789 1827 1888 1923 1967 
36 1 5 25 42 81 274 451 484 529 583 631 688 698 704 705 745 799 867 873 899 911 934 935 1015 1043 1080 1120 1205 1671 1687 1736 1762 1763 1844 1871 1928 
39 68 108 140 145 150 188 262 331 456 502 509 557 653 741 768 796 937 1012 1090 1116 1144 1146 1152 1248 1251 1261 1284 1379 1418 1476 1560 1564 1585 1615 1665 1758 1762 1824 1971 
36 3 26 68 115 188 200 222 247 299 365 404 427 631 653 684 777 802 886 938 948 983 998 1123 1149 1258 1310 1334 1343 1403 1442 1503 1593 1712 1723 1843 1999 
38 124 160 202 210 211 385 560 575 654 743 776 816 829 878 914 1004 1052 1060 1103 1232 1270 1292 1302 1395 1429 1468 1559 1560 1577 1584 1658 1678 1784 1797 1828 1844 1874 1988 
37 33 67 106 214 286 311 393 431 477 518 523 611 633 800 816 841 843 861 1034 1076 1152 1175 1187 1205 1360 1502 1518 1630 1638 1651 1664 1689 1814 1918 1939 1971 1983 
35 17 34 42 71 73 90 118 160 210 255 305 450 600 618 813 819 1045 1080 1134 1154 1157 1163 1227 1280 1284 1403 1583 1610 1612 1698 1746 1806 1867 1920 1957 
40 10 29 96 106 143 258 319 323 333 356 384 393 466 474 522 723 751 793 836 869 984 1021 1051 1058 1062 1065 1100 1106 1185 1371 1442 1450 1525 1526 1531 1590 1625 1794 1877 1976 
31 8 9 22 103 213 318 321 327 428 553 605 685 780 839 850 872 873 906 936 987 1146 1153 1156 1159 1172 1508 1568 1583 1742 1780 1919 
42 10 35 51 78 87 294 349 366 416 528 549 746 764 882 912 957 961 974 1054 1057 1079 1232 1241 1255 1300 1316 1356 1377 1427 1449 1474 1526 1623 1638 1670 1691 1776 1810 1917 1922 1946 1992 
40 22 26 65 96 221 236 445 478 481 485 528 541 637 639 768 775 791 838 883 899 907 911 965 1034 1079 1099 1126 1192 1193 1359 1376 1478 1500 1533 1639 1682 1713 1821 1827 1901 
38 20 88 89 96 124 144 177 265 267 343 397 435 654 691 752 924 977 988 996 1001 1078 1079 1081 1110 1122 1200 1288 1371 1562 1567 1641 1645 1663 1687 1835 1865 1895 1902 
47 44 218 223 226 266 334 389 471 473 488 493 540 570 601 711 766 825 844 887 913 949 968 1014 1038 1093 1125 1158 1180 1229 1233 1242 1256 1266 1344 1397 1434 1451 1643 1705 1762 1767 1768 1841 1860 1877 1932 1944 
33 7 110 168 178 184 281 326 346 384 386 551 590 593 631 707 734 818 881 1003 1034 1104 1207 1257 1324 1519 1596 1610 1624 1688 1764 1797 1881 1923 
39 64 66 163 272 383 387 492 539 611 616 672 690 817 882 893 948 999 1000 1002 1008 1053 1075 1125 1281 1333 1392 1429 1451 1472 1535 1564 1651 1652 1697 1899 1920 1943 1982 1985 
36 23 86 121 159 235 368 469 483 625 638 643 652 704 711 739 778 849 856 860 863 1007 1016 1035 1058 1063 1117 1148 1328 1373 1498 1506 1562 1591 1812 1886 1985 
42 0 63 69 199 259 296 325 342 443 471 489 555 594 658 848 854 911 913 921 973 980 981 1014 1023 1097 1119 1121 1238 1323 1435 1444 1470 1496 1564 1613 1630 1654 1675 1795 1796 1823 1944 
39 48 90 133 142 169 197 204 209 210 289 330 332 340 427 531 534 576 598 618 638 744 779 959 1030 1139 1184 1238 1258 1276 1447 1475 1567 1571 1667 1668 1717 1857 1969 1974 
36 19 32 107 109 145 177 181 203 418 448 534 589 652 717 729 742 796 841 855 905 1002 1080 1220 1280 1320 1334 1390 1445 1486 1628 1776 1782 1802 1879 1883 1920 
40 43 85 88 109 113 117 135 332 428 433 477 558 609 627 633 662 698 714 743 749 764 896 926 955 1102 1126 1141 1200 1283 1293 1338 1467 1470 1567 1581 1677 1699 1886 1960 1972 
35 11 52 147 163 234 241 293 344 517 538 552 556 727 764 882 888 942 944 1041 1045 1103 1105 1118 1227 1320 1484 1543 1572 1586 1635 1710 1823 1851 1873 1964 
47 42 163 166 183 273 295 330 489 580 588 596 614 699 718 743 762 781 930 946 1004 1049 1092 1243 1277 1290 1298 1330 1362 1367 1398 1424 1469 1474 1523 1625 1639 1666 1694 1715 1728 1745 1746 1841 1922 1947 1948 1950 
38 44 54 157 253 268 296 384 480 521 533 572 675 739 743 748 751 787 803 923 979 981 1001 1033 1096 1127 1281 1363 1397 1407 1417 1468 1524 1636 1667 1753 1768 1823 1858 
43 12 106 143 145 242 289 301 321 411 425 466 500 515 555 577 621 654 725 789 866 912 982 1015 1076 1252 1384 1429 1447 1459 1479 1495 1506 1509 1638 1661 1730 1747 1773 1787 1795 1798 1824 1919 
44 28 58 110 167 173 180 187 264 304 349 363 370 402 414 421 435 448 544 552 558 576 610 639 670 690 712 784 824 984 1023 1036 1050 1212 1283 1307 1322 1435 1531 1539 1575 1680 1910 1952 1959 
51 57 87 125 167 179 201 208 239 251 316 414 420 492 656 658 695 704 713 718 726 741 749 755 777 804 858 907 935 939 962 1033 1066 1086 1136 1211 1219 1227 1231 1279 1298 1412 1425 1537 1567 1672 1677 1781 1819 1946 1950 1955 
41 261 314 329 365 369 398 519 531 538 604 634 679 682 750 768 813 836 862 872 915 918 962 1081 1190 1206 1277 1311 1326 1378 1420 1424 1442 1456 1468 1553 1614 1616 1926 1942 1954 1992 
42 8 20 56 75 95 150 229 451 537 716 750 751 766 772 805 863 880 946 980 1008 1140 1191 1207 1221 1326 1353 1358 1362 1388 1405 1420 1423 1455 1528 1593 1650 1744 1786 1801 1868 1896 1945 
42 2 167 202 214 271 349 377 501 514 519 590 604 613 837 897 923 930 998 1081 1138 1264 1298 1301 1371 1393 1444 1446 1448 1474 1480 1607 1624 1687 1714 1769 1840 1859 1869 1928 1956 1975 1978 
35 6 88 108 149 208 227 245 260 266 267 301 311 403 617 655 678 796 853 879 943 1102 1142 1290 1419 1442 1452 1474 1499 1550 1563 1677 1831 1855 1960 1970 
44 129 175 241 242 328 368 370 410 413 418 444 499 588 597 655 742 765 797 808 845 848 917 1014 1068 1081 1193 1235 1266 1287 1340 1375 1390 1502 1534 1608 1676 1690 1694 1705 1765 1917 1928 1979 1993 
40 24 42 209 254 367 426 488 506 631 715 726 773 784 851 900 921 1036 1037 1056 1067 1125 1207 1256 1259 1266 1276 1313 1421 1440 1485 1514 1544 1584 1731 1786 1818 1822 1894 1901 1905 
41 89 123 162 220 274 317 331 341 367 388 426 469 550 557 660 683 684 709 729 741 745 776 878 922 1014 1116 1242 1450 1539 1621 1636 1652 1698 1760 1841 1873 1890 1896 1921 1949 1980 
37 4 65 72 120 141 190 191 409 417 512 523 581 614 626 728 765 796 878 1064 1116 1155 1237 1332 1390 1398 1417 1528 1568 1612 1626 1628 1639 1643 1751 1940 1942 1954 
36 28 132 148 178 183 203 271 287 355 385 491 600 617 691 769 811 838 845 870 878 880 883 1171 1236 1301 1332 1386 1484 1525 1534 1609 1663 1750 1838 1927 1929 
33 22 34 40 84 279 291 300 453 470 534 601 759 858 862 881 1014 1040 1042 1182 1186 1202 1239 1299 1327 1353 1394 1436 1488 1535 1619 1726 1842 1961 
48 30 107 121 150 170 179 184 187 189 220 224 306 308 383 414 466 492 499 503 515 599 644 769 780 816 820 830 849 937 1017 1052 1225 1232 1280 1303 1358 1422 1428 1487 1548 1582 1623 1686 1689 1707 1820 1926 1931 
40 32 34 138 154 163 171 227 358 479 587 637 661 688 689 755 981 1016 1032 1077 1134 1142 1187 1245 1289 1449 1477 1518 1593 1666 1758 1766 1818 1820 1822 1862 1872 1932 1950 1968 1981 
43 84 146 160 243 245 286 386 410 497 563 634 661 676 725 780 791 859 864 867 887 891 899 1010 1016 1136 1201 1273 1328 1348 1406 1432 1464 1471 1535 1557 1573 1614 1674 1709 1762 1862 1882 1903 
28 1 19 67 134 200 246 328 330 366 429 540 616 738 753 897 1074 1157 1283 1297 1395 1559 1642 1705 1781 1841 1895 1915 1977 
51 47 113 179 211 296 300 307 312 313 329 351 461 537 574 579 608 631 653 665 804 817 865 967 991 1026 1033 1035 1087 1210 1235 1285 1411 1446 1470 1486 1529 1563 1602 1653 1670 1673 1712 1764 1774 1788 1824 1851 1873 1882 1890 1911 
32 51 98 112 143 145 155 287 305 489 513 528 573 602 748 763 801 815 847 897 976 1084 1157 1181 1233 1433 1526 1555 1671 1818 1859 1965 1966 
55 43 82 87 112 190 346 367 430 455 497 527 548 566 574 613 637 640 653 740 786 797 804 840 858 862 910 964 987 1029 1039 1082 1156 1188 1255 1348 1350 1360 1425 1610 1614 1647 1652 1653 1671 1683 1739 1814 1819 1848 1894 1896 1914 1959 1982 1983 
39 13 141 225 264 341 364 366 395 490 513 635 636 649 683 748 770 875 898 937 1061 1088 1103 1158 1250 1304 1335 1344 1359 1374 1375 1378 1418 1530 1543 1584 1623 1809 1850 1921 
40 25 51 91 217 283 288 290 292 311 314 349 425 539 593 644 711 715 723 762 783 858 885 913 1000 1018 1070 1111 1257 1301 1303 1384 1396 1428 1477 1675 1763 1765 1790 1831 1989 
41 21 22 42 55 71 191 261 294 298 303 335 361 385 548 561 572 606 610 871 878 1030 1031 1183 1211 1223 1277 1335 1381 1401 1410 1445 1510 1545 1648 1659 1702 1727 1732 1759 1885 1973 
41 27 76 112 241 245 271 276 380 410 432 466 559 564 742 777 801 817 942 974 1018 1022 1044 1058 1229 1232 1258 1276 1302 1339 1366 1417 1526 1589 1600 1605 1707 1788 1822 1873 1917 1925 
30 91 367 441 456 458 536 609 634 730 825 841 842 846 924 927 983 996 1104 1152 1200 1282 1300 1808 1818 1842 1894 1912 1942 1950 1984 
41 41 46 103 207 248 288 322 356 469 536 609 689 735 767 779 884 925 926 950 973 1075 1137 1158 1260 1345 1381 1484 1511 1569 1576 1585 1672 1704 1718 1744 1751 1756 1854 1878 1899 1998 
39 7 86 92 161 209 266 324 384 494 526 650 674 680 740 882 884 1005 1019 1022 1056 1205 1230 1246 1379 1444 1471 1515 1538 1582 1594 1605 1656 1736 1764 1788 1812 1833 1878 1958 
37 2 66 163 184 306 344 443 520 523 537 546 587 593 662 663 678 766 784 879 899 900 922 961 995 1020 1040 1093 1216 1231 1325 1381 1391 1513 1568 1632 1674 1684 
36 48 159 161 206 270 299 391 425 434 513 650 665 795 934 965 1129 1204 1234 1339 1459 1461 1478 1545 1546 1562 1627 1724 1737 1743 1769 1778 1786 1787 1866 1894 1944 
35 183 194 320 337 350 442 524 573 630 636 696 701 716 763 787 788 798 838 843 904 977 1299 1306 1309 1352 1358 1503 1509 1528 1556 1583 1587 1673 1708 1900 
47 9 21 43 54 117 122 192 242 269 344 346 359 633 673 707 717 765 839 851 905 906 954 1038 1089 1090 1108 1188 1204 1225 1233 1272 1484 1498 1504 1512 1528 1570 1624 1642 1650 1652 1682 1747 1851 1918 1929 1974 
40 4 179 180 244 274 331 344 366 405 416 496 551 589 603 730 738 839 1006 1085 1108 1138 1177 1301 1347 1426 1476 1498 1552 1571 1599 1628 1645 1694 1702 1805 1810 1862 1909 1926 1989 
44 23 38 67 94 179 180 203 244 290 351 386 580 589 725 729 759 762 846 883 904 913 918 959 972 982 1000 1032 1091 1115 1165 1184 1215 1246 1293 1376 1551 1560 1628 1635 1701 1835 1893 1894 1940 
41 41 93 176 230 263 278 315 411 412 512 513 514 515 528 591 676 682 765 781 817 836 861 862 878 949 959 996 1065 1252 1372 1419 1430 1441 1488 1506 1594 1705 1783 1866 1950 1967 
40 0 27 41 66 71 115 165 205 212 256 273 312 317 379 409 476 526 640 642 726 740 815 898 960 989 990 1181 1257 1304 1345 1376 1380 1390 1430 1463 1504 1543 1630 1727 1793 
42 9 58 76 101 113 145 182 208 254 289 345 349 366 657 769 781 799 837 940 1030 1034 1059 1103 1150 1199 1235 1283 1365 1382 1443 1446 1544 1549 1562 1638 1646 1655 1695 1858 1894 1945 1959 
48 80 212 221 262 268 371 396 404 415 518 536 544 688 710 775 850 901 914 918 919 923 934 948 956 980 999 1118 1165 1262 1263 1286 1316 1321 1341 1424 1449 1464 1485 1511 1746 1750 1874 1894 1900 1912 1947 1957 1967 
29 24 146 165 182 298 417 521 529 742 816 823 928 943 1139 1166 1212 1221 1345 1410 1527 1590 1629 1659 1680 1691 1729 1819 1932 1945 
32 90 151 152 209 265 316 382 386 493 535 587 949 996 1019 1077 1186 1244 1251 1326 1374 1393 1421 1524 1546 1681 1721 1759 1800 1844 1872 1927 1975 
36 32 146 197 240 263 291 315 366 508 669 710 738 766 817 859 958 962 1114 1136 1154 1179 1218 1240 1253 1352 1354 1421 1448 1524 1698 1719 1807 1858 1899 1940 1995 
37 23 94 114 186 538 578 645 673 716 747 819 912 929 939 955 1011 1062 1064 1121 1132 1159 1234 1296 1304 1372 1380 1382 1388 1424 1435 1610 1771 1784 1856 1866 1920 1969 
35 7 104 138 275 285 347 362 412 499 634 652 771 795 800 884 1010 1049 1294 1295 1298 1309 1340 1439 1505 1529 1549 1553 1593 1601 1650 1773 1848 1861 1879 1961 
37 74 238 247 277 398 470 541 545 546 560 656 798 890 896 1032 1056 1065 1142 1180 1210 1263 1286 1300 1431 1441 1517 1525 1533 1543 1573 1608 1657 1736 1876 1944 1951 1993 
34 154 233 289 315 430 531 539 631 700 795 903 1016 1022 1024 1025 1084 1095 1105 1140 1146 1207 1247 1361 1379 1453 1457 1515 1543 1662 1692 1767 1799 1832 1898 
47 22 85 115 130 160 162 185 206 213 221 299 309 562 572 592 643 655 657 704 739 756 796 797 917 1017 1052 1053 1153 1236 1345 1355 1372 1385 1400 1445 1485 1533 1547 1595 1636 1672 1693 1697 1733 1853 1878 1977 
35 270 290 355 367 368 466 560 563 613 672 738 771 782 887 888 977 997 998 1011 1074 1079 1117 1155 1242 1390 1507 1611 1644 1778 1805 1812 1879 1905 1972 1973 
40 136 205 299 343 410 472 491 501 509 576 615 622 671 674 758 859 911 925 1022 1054 1110 1190 1251 1355 1371 1404 1421 1469 1491 1609 1643 1686 1690 1757 1794 1800 1840 1865 1885 1942 
41 29 37 87 166 219 285 297 308 310 334 460 492 543 563 620 798 818 1018 1086 1122 1267 1280 1340 1377 1397 1399 1402 1537 1541 1544 1595 1597 1708 1734 1765 1822 1898 1916 1929 1953 1992 
44 28 121 258 277 295 386 421 430 450 466 467 469 549 588 595 601 652 707 724 725 844 898 919 1015 1055 1085 1091 1202 1205 1224 1268 1308 1322 1341 1346 1422 1452 1656 1675 1687 1748 1803 1811 1828 
49 47 84 160 164 169 170 180 181 333 389 396 415 417 425 428 534 562 621 641 642 699 871 884 955 985 1055 1131 1199 1231 1239 1253 1267 1274 1285 1337 1427 1439 1461 1637 1674 1687 1708 1724 1727 1766 1871 1897 1922 1971 
51 12 70 85 122 141 171 234 242 374 430 452 458 476 507 533 613 628 639 645 668 717 746 774 775 779 827 957 976 1014 1031 1047 1092 1145 1238 1299 1307 1406 1548 1591 1595 1623 1640 1662 1753 1792 1895 1915 1936 1942 1945 1987 
46 20 75 111 125 216 222 504 510 535 542 546 584 611 634 643 730 740 795 799 814 879 916 948 970 989 994 1004 1074 1156 1223 1271 1277 1307 1391 1408 1487 1531 1545 1582 1639 1652 1689 1700 1723 1747 1918 
34 133 241 287 376 446 504 655 673 747 752 824 898 935 964 992 1001 1036 1135 1170 1222 1265 1532 1612 1613 1655 1673 1742 1752 1828 1840 1853 1949 1952 1971 
45 36 64 85 99 109 114 213 284 303 327 360 477 507 510 535 676 698 753 757 836 842 948 1013 1124 1215 1263 1278 1305 1330 1400 1421 1429 1472 1611 1659 1660 1770 1784 1796 1842 1904 1909 1923 1984 1996 
48 92 119 162 283 287 313 336 383 438 495 556 582 591 667 686 762 803 810 843 868 881 950 953 979 988 1026 1035 1052 1085 1109 1153 1180 1224 1342 1436 1467 1472 1572 1606 1613 1656 1688 1706 1723 1755 1825 1826 1977 
41 46 130 143 146 162 171 200 201 358 390 425 432 433 495 545 573 595 609 675 728 754 858 941 1014 1103 1174 1189 1297 1327 1343 1391 1444 1467 1469 1524 1530 1623 1777 1785 1799 1962 
41 127 147 159 169 179 209 232 324 522 614 640 732 733 745 763 767 797 865 906 997 1061 1063 1160 1209 1239 1314 1339 1354 1456 1505 1508 1577 1669 1762 1777 1787 1819 1832 1861 1891 1971 
43 78 84 143 149 208 222 316 374 389 430 446 480 488 496 564 593 637 722 741 771 793 831 853 896 1018 1100 1184 1278 1303 1358 1365 1374 1390 1413 1476 1525 1575 1621 1719 1830 1861 1948 1967 
41 62 86 164 259 375 384 399 408 414 425 529 559 683 692 809 833 845 911 1032 1077 1097 1107 1134 1202 1204 1354 1404 1454 1492 1516 1631 1685 1706 1730 1742 1770 1806 1810 1937 1969 1980 
40 26 101 124 129 192 217 252 467 488 493 494 498 524 596 605 666 739 740 763 769 816 829 944 1078 1109 1302 1304 1358 1499 1609 1632 1651 1655 1688 1706 1707 1737 1777 1797 1934 
44 41 50 55 56 157 251 292 368 384 395 412 420 427 468 545 565 614 655 790 807 823 896 968 1088 1133 1137 1159 1222 1229 1302 1527 1529 1534 1650 1655 1672 1696 1779 1793 1813 1827 1841 1948 1983 
41 21 43 46 73 102 131 225 253 353 369 370 587 639 659 670 688 690 704 798 814 916 1030 1079 1221 1223 1257 1297 1303 1317 1319 1321 1346 1380 1522 1586 1636 1699 1767 1873 1917 1935 
40 19 44 108 148 181 200 229 285 319 343 348 505 658 697 746 821 900 979 1140 1254 1389 1405 1411 1458 1470 1488 1500 1510 1570 1572 1651 1653 1709 1772 1810 1815 1879 1902 1976 1990 
46 2 42 59 84 186 199 203 290 311 350 396 431 449 451 513 521 626 727 746 792 843 861 879 976 1076 1139 1225 1371 1452 1458 1512 1566 1617 1651 1686 1693 1695 1742 1849 1865 1875 1898 1935 1948 1956 1999 
42 5 97 141 208 309 354 366 383 434 491 509 543 556 572 581 632 652 736 852 918 951 998 1113 1141 1180 1225 1243 1259 1339 1341 1441 1469 1524 1575 1582 1588 1616 1748 1772 1825 1852 1991 
40 50 69 220 311 376 388 413 446 495 511 514 659 675 678 688 692 710 799 828 892 957 1015 1033 1111 1323 1350 1358 1560 1634 1643 1686 1693 1722 1800 1845 1850 1880 1882 1888 1943 
35 2 69 114 156 178 224 368 483 596 653 707 719 808 832 847 896 920 1034 1055 1189 1201 1237 1305 1319 1398 1426 1590 1688 1710 1718 1761 1803 1914 1927 1968 
39 30 57 97 266 288 336 410 442 575 587 619 622 623 632 706 887 933 954 957 1007 1048 1055 1183 1191 1198 1214 1226 1287 1582 1602 1617 1624 1670 1678 1692 1775 1852 1921 1953 
46 23 65 67 87 151 158 178 196 212 249 444 534 582 610 652 654 693 714 790 898 933 997 1027 1030 1071 1091 1107 1135 1152 1234 1324 1350 1395 1407 1462 1660 1667 1687 1696 1710 1741 1790 1822 1839 1889 1910 
31 79 163 166 193 284 315 428 487 493 533 583 659 742 743 924 998 1037 1042 1046 1113 1200 1243 1251 1319 1394 1479 1591 1727 1746 1765 1960 
41 131 143 159 257 410 454 475 510 547 635 689 931 1046 1054 1083 1101 1117 1119 1171 1209 1279 1312 1347 1396 1417 1501 1502 1528 1563 1564 1691 1741 1767 1787 1820 1849 1872 1892 1897 1919 1945 
35 14 20 49 128 244 286 338 354 426 452 467 470 559 588 689 744 820 824 855 948 1041 1162 1181 1203 1312 1359 1453 1506 1535 1565 1571 1609 1645 1951 1955 
40 25 93 123 251 252 353 408 413 416 443 490 542 560 562 588 598 709 745 832 938 954 1043 1054 1137 1192 1194 1390 1394 1417 1470 1471 1498 1504 1605 1627 1749 1751 1899 1941 1967 
50 41 64 90 100 108 170 177 201 228 361 426 459 476 512 551 561 575 627 669 688 723 742 802 837 860 879 892 921 984 1018 1057 1176 1182 1267 1292 1351 1368 1418 1426 1473 1508 1514 1539 1560 1566 1620 1682 1785 1862 1968 
49 46 65 121 161 181 202 208 233 302 345 429 435 454 502 587 611 770 779 801 863 920 1001 1026 1108 1111 1137 1138 1159 1160 1164 1179 1286 1340 1418 1447 1484 1496 1514 1561 1629 1707 1735 1741 1776 1878 1911 1924 1943 1949 
45 5 72 76 186 220 256 263 288 347 382 387 389 397 400 419 612 620 633 660 813 858 889 915 986 1030 1048 1216 1220 1315 1392 1394 1490 1545 1607 1655 1662 1668 1731 1821 1891 1917 1930 1939 1972 1995 
49 5 73 106 160 182 187 215 246 320 344 352 400 496 580 675 702 768 775 813 919 934 966 1041 1070 1086 1124 1166 1213 1222 1255 1457 1489 1552 1583 1637 1639 1652 1675 1686 1694 1695 1784 1809 1813 1880 1921 1936 1941 1947 
24 49 141 161 189 237 394 426 589 688 806 869 885 911 1082 1145 1171 1288 1346 1403 1711 1754 1874 1955 1975 
38 34 78 107 127 135 314 525 550 563 593 660 1041 1083 1112 1178 1190 1222 1269 1308 1315 1349 1420 1450 1469 1488 1531 1546 1555 1559 1637 1696 1743 1744 1756 1785 1799 1982 1984 
43 60 100 139 265 346 369 372 374 387 411 415 636 724 789 815 851 862 967 1017 1086 1088 1109 1128 1252 1253 1258 1319 1390 1436 1468 1540 1654 1676 1678 1724 1784 1796 1837 1872 1883 1904 1918 1974 
45 13 20 257 285 386 394 441 442 482 556 582 588 632 684 703 704 727 762 879 894 963 1106 1116 1153 1183 1201 1230 1275 1276 1305 1356 1362 1597 1607 1623 1683 1740 1762 1787 1831 1877 1898 1929 1951 1985 
36 36 41 43 91 123 170 223 231 285 290 356 388 488 511 572 688 707 826 1052 1209 1210 1249 1278 1329 1420 1490 1564 1620 1660 1692 1695 1726 1735 1917 1921 1970 
31 36 198 293 333 335 338 345 377 474 478 501 520 577 610 673 708 744 778 961 1003 1014 1138 1158 1251 1261 1427 1444 1468 1554 1814 1968 
38 41 94 228 236 244 255 336 375 391 436 529 619 710 723 729 783 803 888 1022 1026 1031 1078 1087 1236 1241 1251 1253 1404 1409 1507 1525 1648 1651 1749 1763 1764 1845 1954 
44 4 11 33 96 107 165 229 246 352 357 385 468 471 579 583 591 656 691 726 729 741 784 831 858 886 953 1024 1031 1115 1148 1164 1167 1355 1373 1460 1563 1570 1574 1587 1752 1774 1924 1925 1971 
41 48 74 84 93 126 141 182 352 418 453 509 577 663 767 799 803 830 845 897 903 917 923 1016 1032 1108 1180 1203 1242 1385 1428 1492 1664 1689 1731 1767 1791 1806 1860 1895 1940 1989 
40 44 49 61 70 83 90 144 155 214 235 385 417 431 460 510 517 631 766 858 860 1062 1149 1175 1181 1245 1285 1448 1467 1493 1505 1527 1554 1604 1655 1716 1806 1832 1896 1901 1990 
34 6 7 94 322 352 390 423 425 433 529 579 591 628 640 658 661 687 971 996 997 1220 1309 1313 1320 1329 1450 1498 1547 1589 1656 1775 1857 1888 1962 
39 8 32 55 87 92 127 217 235 248 250 355 436 492 511 525 557 609 632 686 692 693 764 844 902 993 1061 1231 1306 1445 1486 1499 1549 1606 1607 1701 1768 1812 1846 1871 
34 50 68 87 105 214 215 263 283 390 413 516 556 590 705 731 1019 1053 1180 1206 1233 1255 1282 1299 1442 1555 1609 1657 1714 1760 1798 1807 1875 1903 1967 
41 18 177 185 258 287 292 323 330 332 395 412 552 615 616 724 814 899 913 964 986 1101 1123 1155 1281 1302 1333 1372 1431 1529 1559 1566 1580 1592 1638 1661 1735 1771 1811 1861 1913 1976 
35 0 121 156 198 232 252 267 428 434 462 489 503 521 609 619 675 710 744 901 933 941 949 1118 1119 1189 1231 1280 1298 1325 1458 1489 1582 1684 1769 1806 
42 0 8 21 41 86 97 124 132 161 231 232 312 391 442 445 498 625 642 651 672 709 720 767 815 866 885 958 1033 1077 1213 1237 1274 1484 1491 1497 1499 1557 1587 1588 1790 1807 1919 
40 3 72 95 152 157 159 212 367 454 517 578 617 662 841 871 898 912 942 1038 1135 1256 1258 1296 1366 1468 1493 1533 1548 1624 1661 1699 1706 1789 1805 1808 1809 1828 1843 1887 1890 
32 24 102 106 147 210 319 340 344 358 452 531 532 609 681 800 822 1060 1102 1140 1170 1180 1273 1301 1395 1527 1671 1700 1766 1772 1897 1919 1998 
38 11 91 92 122 128 146 218 305 467 632 861 895 940 960 970 993 1102 1141 1153 1195 1212 1220 1231 1236 1349 1364 1392 1423 1433 1527 1647 1728 1732 1763 1809 1857 1878 1955 
35 19 86 99 215 223 317 362 399 403 448 449 792 859 880 883 885 1000 1029 1044 1078 1176 1184 1427 1430 1566 1670 1763 1775 1840 1870 1908 1928 1956 1969 1986 
35 45 75 208 210 220 304 348 571 636 655 670 694 756 816 819 834 978 1036 1222 1282 1291 1300 1321 1323 1336 1359 1376 1544 1623 1640 1657 1658 1763 1793 1941 
37 54 107 137 151 248 285 316 364 407 471 612 633 646 773 900 927 948 956 1074 1106 1160 1184 1235 1288 1298 1307 1443 1465 1578 1582 1724 1749 1889 1897 1903 1941 1947 
43 35 81 160 226 287 303 368 369 373 419 440 457 503 557 689 718 760 762 763 838 883 893 960 1006 1058 1094 1191 1291 1336 1395 1480 1543 1608 1637 1650 1657 1676 1688 1706 1771 1897 1943 1946 
44 6 92 125 304 320 325 380 424 429 445 532 631 664 674 767 813 822 880 942 953 976 1019 1074 1104 1113 1231 1245 1259 1290 1308 1344 1367 1394 1440 1484 1551 1563 1570 1690 1726 1845 1860 1864 1952 
37 28 69 84 117 291 292 313 324 478 555 580 590 602 613 664 711 727 733 749 805 835 883 945 1073 1260 1264 1268 1606 1642 1660 1673 1791 1794 1841 1843 1919 1987 
46 7 23 126 166 174 196 199 227 449 481 516 530 624 631 723 813 837 852 911 912 1063 1083 1097 1103 1108 1123 1168 1182 1203 1249 1284 1295 1298 1392 1516 1544 1577 1598 1652 1674 1690 1844 1847 1882 1886 1920 
35 3 67 93 122 156 200 272 385 447 578 579 638 728 751 776 785 786 840 864 927 943 1021 1152 1154 1330 1331 1475 1545 1561 1641 1752 1821 1834 1842 1973 
40 42 45 89 148 210 227 262 269 339 419 425 427 498 680 728 765 805 821 823 880 886 998 1053 1057 1126 1170 1182 1253 1318 1342 1375 1408 1444 1445 1574 1663 1858 1871 1881 1993 
43 77 91 116 140 164 223 228 261 291 329 429 511 664 697 745 750 766 935 937 958 997 1032 1068 1082 1105 1234 1254 1279 1306 1379 1460 1499 1542 1561 1567 1578 1624 1658 1677 1758 1847 1911 1964 
29 24 31 122 153 201 216 313 416 473 561 676 782 788 790 821 869 914 1047 1093 1118 1143 1202 1341 1342 1364 1674 1755 1797 1902 
38 178 184 213 216 234 268 351 468 518 539 587 641 867 949 978 1015 1027 1096 1185 1186 1194 1287 1377 1408 1453 1455 1456 1537 1592 1601 1627 1640 1654 1669 1745 1807 1819 1907 
43 6 25 88 225 226 230 245 246 262 283 297 307 342 351 516 567 589 661 705 782 825 833 836 914 971 998 1006 1221 1279 1427 1438 1478 1590 1600 1605 1636 1826 1849 1871 1898 1927 1974 1987 
47 50 79 87 122 130 134 144 257 319 326 383 444 530 611 618 635 641 647 762 810 823 863 948 954 1017 1031 1071 1078 1109 1135 1154 1177 1264 1282 1321 1422 1510 1599 1644 1650 1670 1705 1744 1750 1808 1875 1895 
40 38 77 85 177 262 339 447 494 496 532 636 677 694 827 926 934 955 977 1016 1066 1080 1106 1221 1277 1299 1325 1331 1383 1430 1431 1432 1473 1507 1561 1631 1725 1830 1863 1970 1981 
43 2 20 39 81 111 198 321 455 600 635 657 662 911 916 985 1009 1021 1127 1145 1153 1206 1244 1301 1311 1341 1348 1543 1559 1565 1585 1662 1671 1717 1743 1748 1779 1836 1843 1918 1923 1930 1931 1970 
38 47 60 177 216 270 302 325 387 474 516 528 611 715 742 746 779 869 950 960 978 1150 1252 1300 1360 1402 1463 1501 1503 1579 1615 1676 1742 1743 1748 1763 1805 1808 1860 
38 56 111 119 158 182 188 204 212 223 284 296 343 369 415 479 555 574 761 774 807 878 910 920 995 1169 1174 1223 1315 1346 1390 1417 1425 1503 1546 1604 1691 1941 1958 
45 74 106 121 172 215 268 317 318 334 369 373 410 437 468 490 509 585 629 655 669 688 696 721 820 847 867 909 950 952 983 1017 1163 1300 1424 1471 1479 1716 1816 1819 1877 1949 1956 1958 1978 1979 
27 86 108 122 300 319 382 446 618 656 673 706 775 777 821 822 848 975 990 997 1023 1098 1452 1495 1499 1608 1819 1906 
51 4 131 153 173 174 181 251 302 348 393 418 441 470 473 589 592 672 747 880 949 999 1002 1048 1077 1081 1130 1173 1260 1278 1281 1322 1346 1366 1393 1407 1411 1455 1487 1489 1625 1658 1740 1768 1785 1816 1818 1830 1907 1924 1938 1974 
44 29 47 85 178 214 228 277 283 301 347 400 427 440 442 480 559 586 592 597 817 849 863 866 915 976 1017 1039 1044 1162 1235 1246 1393 1459 1500 1708 1728 1739 1762 1769 1868 1884 1921 1968 1988 
40 62 67 98 106 248 261 332 343 488 557 596 738 776 814 829 915 982 1015 1039 1055 1160 1167 1226 1286 1289 1307 1329 1342 1401 1406 1443 1500 1525 1530 1569 1766 1817 1863 1906 1978 
36 10 35 72 162 224 250 356 378 403 447 473 494 524 567 632 646 690 814 827 965 980 1043 1059 1254 1310 1467 1559 1592 1653 1655 1705 1741 1782 1847 1863 1864 
44 3 45 109 110 328 370 411 490 530 644 659 713 732 739 740 785 841 860 912 996 1007 1074 1104 1147 1173 1224 1226 1233 1292 1412 1429 1432 1526 1588 1616 1626 1692 1720 1726 1805 1840 1846 1923 1940 
40 1 193 200 241 273 402 468 482 548 597 600 616 740 778 874 901 988 1020 1042 1045 1057 1102 1182 1226 1278 1303 1352 1397 1451 1492 1513 1532 1536 1650 1725 1766 1818 1821 1922 1976 
37 5 64 142 284 293 360 391 406 448 491 591 595 603 633 748 903 914 933 945 1094 1183 1285 1321 1374 1482 1579 1587 1589 1656 1723 1826 1887 1898 1908 1975 1986 1996 
36 52 86 190 217 279 314 382 475 520 528 531 536 677 700 989 1016 1019 1241 1247 1299 1320 1332 1340 1341 1369 1396 1449 1506 1517 1562 1715 1792 1903 1933 1948 1969 
40 137 142 185 215 344 383 401 573 612 647 663 676 712 727 739 741 881 891 981 1033 1116 1157 1162 1189 1282 1339 1400 1526 1568 1585 1597 1640 1651 1657 1658 1764 1801 1905 1920 1982 
37 194 204 213 215 219 264 413 478 502 568 713 756 934 944 1017 1069 1075 1102 1154 1164 1186 1260 1306 1371 1392 1423 1426 1441 1470 1588 1626 1629 1653 1887 1899 1925 1979 
45 85 124 129 136 226 245 294 323 394 439 449 479 536 587 610 758 896 941 943 966 976 987 994 1005 1025 1054 1056 1203 1206 1217 1309 1314 1343 1378 1389 1392 1393 1428 1437 1583 1748 1871 1877 1944 1969 
