200 2000
145 300
51 337
322 700
89 260
79 484
3 31
4 63
294 295
48 85
472 505
63 70
135 649
376 382
60 115
905 917
94 373
2 25
77 421
480 564
366 664
207 851
282 508
116 296
250 267
66 119
809 908
0 67
231 732
315 733
344 754
166 308
167 362
258 282
818 869
167 458
214 308
23 67
687 709
26 269
313 716
232 420
559 932
184 225
458 685
314 784
18 153
534 641
79 122
388 524
363 425
266 606
58 470
7 24
561 863
37 44
356 427
304 460
692 971
137 174
180 263
168 829
287 292
605 679
450 574
126 262
813 818
114 217
432 487
26 276
211 905
228 982
150 262
91 492
99 847
365 882
336 364
53 162
283 804
612 706
35 82
64 699
69 133
93 108
627 744
36 382
157 964
330 371
258 308
377 854
208 382
41 671
159 524
417 681
288 472
168 624
652 686
41 435
423 610
531 877
43 263
219 675
761 808
312 348
87 467
203 468
127 626
411 498
69 83
49 82
589 993
418 497
18 298
88 143
87 204
108 122
262 334
70 418
222 238
14 156
404 660
37 557
102 737
3 489
268 278
0 5
262 835
44 54
35 428
16 55
501 845
499 592
92 125
770 806
195 231
47 966
117 229
436 627
94 255
662 795
18 138
450 746
21 460
57 643
363 707
204 376
69 715
63 358
299 603
525 778
362 439
5 118
30 668
655 672
177 653
39 153
86 403
65 295
244 318
42 831
864 961
72 407
203 301
466 983
48 98
78 168
445 632
492 500
32 91
107 337
42 51
111 148
1 1
533 718
100 115
28 33
110 395
297 429
124 413
282 292
77 483
175 630
1 120
139 409
61 198
100 982
162 892
619 878
433 782
428 529
170 184
50 486
89 849
857 970
655 933
9 103
106 656
517 977
310 393
338 345
111 333
710 781
645 994
427 500
24 477
166 955
349 536
612 800
190 310
243 833
612 710
128 147
311 601
11 146
296 343
292 966
523 910
165 768
140 328
250 768
174 219
1 740
155 286
238 344
41 154
115 312
71 130
301 703
35 660
195 257
24 836
277 288
41 51
49 232
101 436
84 99
270 646
301 352
114 216
273 846
405 523
59 111
0 827
162 366
123 926
552 598
36 145
66 258
228 410
517 621
305 654
160 227
422 640
88 269
157 163
65 320
10 939
319 531
18 43
174 294
111 321
573 993
287 798
33 138
179 209
60 273
345 545
298 448
36 999
13 100
167 878
130 171
302 881
299 386
61 998
64 210
10 24
215 691
588 955
27 124
465 891
23 81
122 193
24 37
5 12
867 892
66 164
20 252
241 970
205 662
681 743
328 387
71 935
160 342
122 327
583 979
43 565
647 660
53 109
144 607
221 307
135 136
546 774
34 687
48 72
399 594
208 804
62 94
195 572
606 726
348 355
54 298
387 826
61 554
91 144
144 167
26 66
713 999
41 167
230 319
96 640
479 928
519 775
670 844
191 856
31 124
586 821
92 442
597 905
196 214
1 626
121 887
150 505
125 131
225 544
20 24
159 664
537 655
46 170
82 136
173 829
417 935
17 698
397 700
21 308
56 112
79 361
58 92
246 336
403 944
65 217
100 685
42 325
119 174
168 190
643 761
325 402
98 731
364 448
917 962
25 264
192 628
742 760
154 894
72 241
281 420
31 638
443 528
331 535
23 31
175 186
148 329
185 381
340 966
110 558
256 359
243 615
408 746
11 23
891 904
234 652
28 50
468 605
242 727
267 392
124 581
158 266
60 889
38 226
11 82
104 428
72 230
34 343
2 46
83 210
168 338
137 569
171 501
239 390
21 187
533 882
146 329
587 845
95 481
172 783
209 404
19 527
664 946
341 524
403 797
505 780
737 950
426 489
443 643
61 329
33 51
154 738
1 185
410 549
748 783
38 587
275 351
123 317
759 861
607 869
475 580
415 630
151 671
161 686
126 191
31 967
167 885
279 984
81 331
76 372
358 704
218 920
311 842
38 798
123 160
438 784
103 524
134 442
157 450
175 798
453 627
0 0
45 306
663 803
755 914
27 51
419 549
234 394
561 714
166 914
125 414
175 548
208 879
52 70
355 427
106 160
68 139
76 148
6 878
99 461
11 181
11 599
125 188
2 26
551 885
365 630
591 964
371 467
570 725
363 689
401 887
86 778
38 665
146 768
0 32
74 115
367 449
55 82
18 57
180 205
40 80
623 881
709 793
171 516
150 267
302 305
31 530
67 454
1 2
58 382
457 836
25 43
246 313
369 945
91 188
73 897
82 221
211 516
846 917
196 288
173 227
312 321
117 142
293 680
409 638
8 214
187 297
135 166
90 207
795 855
58 83
2 345
604 931
171 855
318 758
655 698
267 971
111 751
227 901
413 1000
235 272
308 973
23 176
56 967
415 797
138 254
207 646
28 112
185 458
216 622
12 547
156 644
352 407
384 786
524 877
350 578
279 374
31 363
4 210
64 259
476 951
87 229
250 858
12 31
155 338
402 761
88 599
326 611
470 550
3 5
263 409
59 268
624 684
290 373
116 176
583 888
245 533
854 978
369 370
432 714
3 24
104 233
348 865
363 832
503 902
136 926
20 685
17 413
388 622
379 515
367 872
20 323
68 213
364 608
357 893
253 288
20 677
336 623
29 32
212 907
11 36
56 83
210 773
40 106
677 823
98 216
581 881
181 468
363 907
124 182
68 159
771 825
706 871
7 71
10 273
220 711
383 428
95 114
281 738
68 265
95 183
201 289
125 136
414 659
222 709
626 775
49 939
77 297
159 527
625 819
73 99
505 977
745 868
154 285
82 407
31 137
411 593
84 723
5 244
581 712
205 468
70 450
34 671
58 59
123 202
504 958
391 449
162 181
230 804
495 756
210 336
77 756
42 42
560 731
259 563
551 672
146 279
0 3
318 628
27 94
813 864
91 624
9 359
87 306
23 62
127 377
286 917
314 474
171 701
109 125
26 143
914 916
359 375
278 414
11 238
231 897
99 541
101 863
516 926
448 731
10 92
97 588
695 845
661 762
8 91
191 199
56 155
427 451
53 53
295 953
11 184
270 410
4 8
540 582
230 640
221 946
1 18
74 116
201 407
175 644
188 893
274 513
379 395
12 25
40 70
334 527
588 800
87 324
72 142
150 248
78 395
150 434
17 51
75 116
251 905
142 418
424 827
568 989
162 221
156 336
252 433
420 835
326 511
68 223
64 125
118 172
214 555
348 976
41 403
125 325
180 936
352 442
462 893
252 258
297 803
61 314
33 621
57 344
383 507
151 844
138 310
23 64
16 55
42 77
638 803
210 961
112 464
329 539
27 349
115 870
621 950
227 267
86 279
35 684
53 281
138 521
319 737
28 249
71 107
289 844
82 663
343 637
721 920
601 993
62 686
113 166
382 485
120 441
138 346
39 77
672 897
457 800
404 629
192 232
243 590
119 177
212 302
469 976
141 428
505 769
153 287
157 199
247 444
67 133
369 710
678 948
16 895
96 197
6 20
631 914
300 550
42 723
214 261
262 490
91 123
237 612
546 611
65 916
240 282
118 158
112 131
343 360
578 713
154 391
383 967
234 392
188 691
38 796
139 407
270 884
186 612
734 908
523 706
135 284
48 99
24 158
433 599
111 495
154 194
285 302
45 830
18 283
95 189
374 759
538 850
570 613
104 241
570 759
187 670
333 696
86 396
387 853
434 723
490 928
611 793
634 922
606 727
266 704
36 119
4 40
474 588
811 883
759 818
929 954
801 823
490 651
23 82
381 685
11 14
439 594
485 807
532 711
96 111
20 23
482 594
97 443
145 199
181 474
544 571
506 719
39 571
144 490
69 136
28 33
246 486
6 12
20 201
69 293
7 779
36 155
222 453
167 790
237 450
396 826
258 380
400 786
576 760
226 579
315 328
481 768
75 486
20 74
27 929
208 239
4 22
602 669
754 855
822 916
242 261
1 795
34 66
25 650
224 871
408 776
22 75
123 193
142 190
239 517
2 4
429 772
168 876
153 834
296 586
551 986
35 55
71 216
49 68
315 700
257 374
207 750
140 551
112 430
314 330
132 832
248 867
270 316
235 467
240 440
102 685
63 543
378 585
297 590
329 385
275 432
342 690
357 394
2 11
99 137
718 723
1 35
88 283
340 518
294 495
36 137
233 247
8 372
50 497
167 401
339 913
552 621
155 285
713 810
567 891
130 737
209 219
608 739
50 294
102 466
97 227
307 684
16 179
3 24
19 992
618 838
67 240
527 566
375 836
37 226
170 470
408 862
21 615
232 885
69 315
319 456
141 193
208 383
475 538
252 289
203 265
164 685
6 55
185 471
150 382
203 257
419 543
166 484
15 26
67 585
112 450
413 447
168 281
148 277
330 855
218 507
54 292
381 909
204 210
400 705
541 718
20 28
111 342
31 509
57 336
214 667
255 585
5 83
69 388
737 933
105 233
355 611
611 711
508 629
60 333
123 560
172 458
455 492
177 729
433 787
14 27
158 327
741 806
777 785
148 399
471 723
187 366
114 305
112 219
62 513
31 822
70 795
26 43
463 748
19 497
787 976
2 2
103 302
24 300
207 875
20 79
113 487
417 815
38 108
189 202
20 156
744 831
335 564
445 718
183 210
645 873
551 759
125 488
799 859
170 178
538 799
243 779
181 824
181 447
329 590
122 841
189 328
7 363
516 730
280 374
250 456
84 511
113 672
14 215
59 81
332 743
599 912
656 864
609 774
228 333
26 919
430 488
435 547
419 437
158 183
136 344
376 818
117 376
12 114
48 346
250 426
536 658
177 233
765 862
249 565
427 470
532 982
50 178
50 265
75 149
112 225
386 976
525 594
748 774
17 123
144 160
567 683
79 93
11 546
116 191
227 915
59 123
109 398
273 686
0 18
486 526
514 770
612 753
97 340
78 239
29 81
307 799
678 995
127 483
196 309
13 19
279 411
163 278
674 955
7 196
851 948
227 570
123 181
333 481
141 174
102 106
191 410
58 68
15 61
415 483
117 727
359 683
170 223
413 774
229 582
30 66
100 353
465 674
467 807
9 43
154 280
203 225
455 629
70 237
56 639
452 521
213 249
51 126
288 351
167 531
30 61
339 511
185 345
741 994
431 718
236 256
97 301
575 851
11 230
5 39
200 265
60 926
356 672
412 522
500 632
92 681
125 125
882 928
495 980
83 90
430 515
100 347
181 190
169 923
120 235
23 497
150 536
312 779
104 485
129 204
137 531
199 520
64 137
49 116
208 815
119 407
312 366
16 16
593 754
539 593
222 825
491 720
152 822
5 301
163 984
10 295
171 404
147 181
70 94
393 701
317 822
588 771
76 410
19 25
158 857
203 399
36 39
89 177
2 8
481 730
494 698
254 334
313 377
151 790
89 114
418 717
241 621
93 330
28 272
108 215
100 840
642 806
51 104
328 602
47 257
590 606
236 655
95 283
16 25
154 615
278 290
130 234
328 606
478 816
157 375
70 308
108 847
171 915
33 224
320 711
32 114
177 595
102 600
283 901
419 594
106 238
388 855
65 541
2 7
252 632
661 834
96 866
253 804
538 691
951 992
25 150
45 180
15 20
687 937
274 684
158 209
154 335
638 896
15 422
356 457
498 779
49 54
737 896
91 292
12 107
168 255
22 266
400 864
81 406
70 264
627 754
107 125
107 445
800 966
392 955
43 688
139 223
697 773
169 886
159 664
75 209
15 757
13 15
335 340
36 128
181 284
6 16
644 649
499 705
319 819
16 165
26 301
368 748
367 742
584 618
426 776
569 932
753 864
160 538
296 425
32 147
548 718
0 1
41 220
601 672
129 556
47 144
312 773
92 977
289 994
854 939
149 519
100 260
253 262
219 712
422 680
922 928
152 235
640 682
364 440
150 173
64 489
172 820
762 988
698 739
74 123
59 744
89 153
372 616
81 378
254 726
556 651
53 364
614 764
47 70
232 766
25 362
796 891
491 812
247 334
214 464
239 310
528 958
569 598
389 579
468 885
624 665
269 364
157 382
268 681
119 200
605 840
416 713
450 484
471 960
205 946
385 829
439 946
295 664
825 887
28 615
153 365
12 95
1 30
689 726
836 874
596 702
449 973
331 682
828 911
200 634
85 142
408 619
170 449
797 844
185 523
269 429
22 162
372 927
91 126
408 500
298 307
209 221
461 539
470 686
100 884
28 113
456 995
93 259
12 475
100 723
605 886
405 579
85 565
66 197
295 857
434 538
9 782
71 408
311 561
277 563
282 360
434 439
34 443
261 519
88 504
110 218
93 569
33 99
841 922
254 738
236 367
63 906
574 964
107 510
18 23
75 934
398 919
244 387
179 416
27 93
50 86
117 694
693 975
769 782
115 538
10 169
383 682
132 228
107 888
223 693
98 542
225 555
131 181
366 428
0 173
693 819
304 371
332 339
195 216
436 616
795 821
9 36
24 115
336 786
1 35
174 255
83 209
99 396
308 311
228 475
173 968
307 408
92 208
442 600
220 339
450 594
584 964
376 503
635 701
213 266
581 583
649 980
307 313
506 923
47 335
34 42
63 532
332 548
140 764
219 353
58 131
4 11
250 450
744 802
349 527
129 225
492 790
385 427
402 627
278 444
81 437
290 569
319 566
334 666
259 471
102 301
777 883
70 355
399 432
11 959
327 361
152 768
174 301
220 304
40 558
633 751
371 846
140 636
84 253
28 317
97 303
292 535
6 12
20 20
502 874
324 393
4 114
58 61
179 187
21 157
455 508
811 874
313 329
264 609
71 256
5 495
54 449
119 216
31 214
12 17
285 920
185 188
51 95
91 341
105 276
568 581
416 889
179 198
329 868
111 229
79 555
269 321
824 971
592 980
286 839
37 165
298 476
124 894
20 65
502 508
374 844
147 153
174 974
108 252
144 214
521 531
128 246
611 622
187 188
664 888
149 832
384 568
74 100
76 247
105 955
202 205
413 570
413 653
719 896
24 63
275 319
74 572
188 254
69 186
582 618
420 715
227 309
391 813
214 519
911 955
23 23
20 32
16 51
261 447
359 522
73 510
348 934
169 274
740 757
307 534
45 131
25 56
46 137
93 317
30 54
221 507
202 380
193 713
36 157
545 552
79 444
668 716
270 795
151 204
26 123
193 595
48 552
383 749
497 644
159 467
152 195
649 681
428 867
414 759
176 830
82 594
48 66
271 335
6 98
137 671
446 981
89 605
231 983
134 183
38 143
25 39
212 999
915 938
309 324
492 832
40 285
3 30
238 550
194 915
789 830
85 108
791 798
510 867
109 287
166 469
5 147
396 596
217 910
678 806
25 220
399 446
124 171
210 343
893 901
4 36
464 487
220 307
305 723
116 467
172 431
585 682
138 242
12 176
21 32
130 626
177 233
60 401
203 291
67 348
52 59
777 961
10 168
46 363
59 691
536 791
553 934
107 220
115 553
171 177
55 355
419 570
29 105
84 264
226 671
722 747
157 332
498 512
629 885
135 742
341 785
21 438
186 774
11 593
46 131
80 116
196 200
164 290
293 611
539 587
101 105
282 897
195 376
75 381
192 207
46 599
39 51
125 218
109 974
307 391
326 734
315 827
236 383
294 394
221 468
43 473
392 872
885 952
306 907
195 350
331 515
119 448
361 638
529 981
107 131
18 566
72 144
125 502
509 924
614 648
548 583
412 543
147 235
242 301
11 63
202 335
134 567
692 772
126 504
192 415
205 529
7 218
895 996
17 140
438 686
145 383
551 688
179 909
82 195
153 223
372 888
358 505
155 789
228 977
33 79
195 196
489 613
602 751
102 315
36 92
38 961
52 502
9 23
1 37
93 783
492 733
788 798
55 222
7 787
191 449
664 714
723 889
9 51
619 951
41 88
254 881
396 602
54 94
356 583
281 833
31 32
274 733
267 302
419 433
508 853
457 550
484 999
175 260
440 638
199 245
254 462
79 358
244 505
435 566
161 374
570 944
24 63
57 78
517 563
472 483
77 119
125 212
46 126
607 927
123 253
407 920
26 180
43 819
482 799
280 668
33 40
692 714
50 220
270 780
881 923
274 539
7 11
98 367
10 19
280 445
7 103
83 125
501 586
744 896
478 996
70 673
3 255
195 811
82 146
31 129
259 565
14 230
202 258
1 459
52 131
469 528
106 146
58 509
615 854
16 30
28 214
203 415
270 447
20 49
357 410
380 733
433 724
77 114
21 99
120 791
60 63
0 0
100 119
53 690
394 413
207 478
445 445
2 23
347 618
314 806
4 292
344 504
161 523
222 864
43 84
136 299
102 162
277 326
206 363
130 141
226 640
56 171
257 594
147 225
454 821
4 444
205 338
65 89
334 391
96 123
567 637
53 532
17 47
242 403
7 250
175 176
54 147
26 95
183 374
18 465
85 153
64 118
304 680
405 748
45 226
153 946
446 948
105 390
224 337
220 227
176 217
86 312
199 520
45 66
109 965
817 877
114 737
240 637
230 272
696 788
213 916
455 809
251 880
230 332
76 388
597 803
726 728
20 112
33 664
43 540
25 196
59 142
240 298
808 822
462 498
67 201
412 793
123 599
58 95
207 572
209 495
116 512
1 30
29 763
1 46
43 613
106 543
38 936
90 139
67 341
178 209
354 627
136 232
91 537
42 764
177 236
46 944
238 330
337 776
168 610
60 85
102 942
1 236
232 519
220 421
19 783
224 1000
146 163
123 170
85 96
353 409
178 558
388 623
49 50
146 204
225 267
22 24
726 919
62 130
22 196
43 78
382 681
150 503
276 312
102 174
12 58
102 181
600 844
133 314
498 579
120 582
114 137
37 717
118 954
856 934
259 511
39 258
68 246
4 41
789 853
375 468
17 21
571 972
56 542
375 546
690 781
249 280
110 216
32 81
99 261
7 582
24 39
360 503
183 316
116 152
524 940
264 274
394 813
22 66
283 962
401 946
122 509
229 590
545 909
258 603
127 582
385 715
639 835
529 633
122 294
48 101
253 838
453 521
171 311
381 609
334 854
754 855
15 311
60 667
698 807
12 32
879 1000
239 521
43 31 66 89 106 350 354 388 469 475 517 589 603 639 663 679 685 750 908 969 1021 1060 1075 1107 1136 1152 1161 1201 1240 1248 1255 1291 1312 1364 1438 1530 1550 1596 1611 1633 1713 1811 1889 1953 
42 13 133 154 198 199 328 397 532 668 677 736 752 796 826 890 917 947 991 992 1014 1052 1084 1089 1098 1161 1181 1220 1265 1375 1382 1421 1443 1481 1486 1497 1503 1711 1813 1860 1937 1980 1990 
39 44 144 168 184 211 422 489 540 762 836 859 875 913 940 982 999 1052 1085 1119 1121 1143 1147 1202 1211 1305 1306 1322 1323 1373 1410 1418 1585 1606 1753 1790 1791 1823 1879 1952 
37 1 39 53 84 88 128 151 243 325 326 410 428 452 505 652 665 724 739 761 782 808 907 922 985 1028 1110 1157 1238 1297 1370 1373 1524 1558 1559 1586 1734 1900 
41 70 72 78 165 178 199 211 218 237 242 323 392 405 412 519 561 595 657 708 719 748 809 900 904 921 1004 1034 1066 1067 1080 1151 1161 1166 1223 1232 1319 1504 1712 1731 1872 1963 
31 23 27 101 243 327 337 371 464 465 467 797 805 840 847 951 1082 1089 1120 1213 1392 1538 1547 1556 1560 1565 1587 1610 1665 1780 1824 1904 
43 42 45 77 134 186 195 250 276 278 298 318 330 357 371 398 411 510 572 574 592 617 624 776 786 839 848 1003 1031 1129 1147 1161 1208 1317 1400 1418 1469 1571 1637 1665 1673 1755 1794 1798 
41 0 1 14 291 321 345 447 490 530 550 599 609 654 678 679 682 704 830 941 969 1053 1069 1240 1304 1391 1399 1401 1409 1423 1437 1454 1467 1576 1586 1654 1664 1723 1773 1824 1850 1874 
30 87 109 155 247 298 314 318 668 728 837 840 911 916 975 1016 1020 1024 1197 1223 1262 1269 1466 1498 1524 1532 1551 1720 1896 1942 1951 
39 19 85 106 159 164 181 191 216 426 439 458 472 671 762 771 820 859 902 952 996 1032 1039 1187 1269 1277 1311 1384 1390 1442 1480 1502 1561 1679 1723 1732 1836 1940 1969 1994 
38 57 65 84 142 166 198 289 320 372 459 466 489 500 570 619 624 695 726 842 909 929 1005 1078 1120 1168 1302 1305 1320 1333 1347 1358 1399 1405 1605 1656 1715 1895 1997 
37 64 89 153 214 218 233 288 297 331 350 388 615 652 674 687 783 1020 1076 1295 1319 1422 1434 1505 1519 1529 1548 1562 1564 1627 1672 1707 1750 1784 1791 1864 1918 1978 
38 12 47 65 80 111 132 147 183 366 381 419 431 486 656 709 753 807 850 865 922 1053 1059 1118 1134 1153 1182 1196 1234 1239 1394 1422 1441 1508 1709 1730 1829 1845 1913 
41 2 49 53 131 185 224 226 283 295 300 328 387 451 461 555 576 648 713 754 760 818 888 1030 1040 1072 1107 1120 1199 1323 1347 1414 1500 1513 1703 1724 1747 1825 1875 1917 1957 1981 
46 14 86 125 149 190 202 244 286 441 499 512 573 610 638 672 738 786 800 939 1010 1121 1169 1192 1297 1339 1373 1392 1490 1544 1622 1625 1626 1635 1654 1660 1666 1728 1743 1745 1811 1821 1876 1907 1909 1944 1970 
32 33 123 213 230 265 286 294 426 432 470 535 565 566 614 681 689 772 800 936 1006 1009 1064 1095 1155 1180 1208 1228 1383 1422 1550 1711 1859 
45 3 15 180 185 242 315 328 355 441 473 558 578 588 602 612 656 681 696 709 738 768 836 896 1060 1119 1130 1181 1208 1299 1361 1372 1387 1546 1561 1569 1573 1584 1589 1635 1651 1679 1733 1834 1884 1917 
46 19 51 66 108 116 204 211 243 261 346 389 472 519 555 565 574 588 659 679 733 824 860 905 990 997 1011 1038 1074 1076 1183 1220 1310 1372 1417 1454 1485 1509 1547 1646 1653 1697 1745 1754 1821 1846 1901 
48 21 26 121 168 198 219 255 324 426 427 443 509 510 531 558 575 653 654 666 667 705 721 818 825 919 981 1050 1185 1270 1276 1289 1337 1393 1395 1418 1473 1636 1644 1650 1670 1746 1757 1854 1859 1876 1881 1912 1917 
42 45 68 69 280 284 383 481 529 691 792 795 822 826 839 868 1042 1054 1117 1122 1222 1231 1313 1344 1363 1383 1441 1454 1477 1483 1511 1613 1678 1725 1738 1745 1747 1822 1829 1843 1871 1938 1986 
43 27 73 79 144 203 275 359 382 420 466 493 510 522 529 549 658 726 772 828 837 1012 1047 1117 1168 1228 1349 1358 1391 1399 1420 1532 1711 1713 1726 1733 1761 1762 1830 1833 1941 1963 1980 1991 
37 30 109 161 183 201 241 243 313 343 433 491 520 598 678 708 750 775 777 815 844 864 952 1025 1083 1095 1124 1180 1304 1374 1451 1654 1788 1820 1874 1900 1931 1981 
34 26 53 64 98 100 135 209 212 382 533 541 568 594 635 706 725 897 978 997 1120 1143 1209 1228 1326 1415 1442 1462 1501 1528 1596 1606 1641 1795 1876 
42 9 46 84 99 112 149 169 247 262 367 410 437 467 469 500 685 694 701 747 780 812 865 877 887 996 1076 1128 1142 1188 1204 1327 1606 1618 1708 1725 1738 1770 1857 1863 1884 1968 1994 
42 68 79 123 167 171 195 301 312 382 392 500 542 562 572 641 715 724 725 731 781 866 914 978 1020 1156 1181 1203 1205 1227 1278 1345 1353 1360 1417 1543 1560 1627 1635 1659 1729 1786 1789 
39 16 24 33 89 125 132 261 348 406 444 636 693 723 770 820 902 963 967 980 1005 1116 1123 1201 1221 1237 1238 1328 1351 1419 1443 1547 1561 1565 1693 1802 1883 1918 1924 1979 
44 104 188 256 314 347 411 463 537 664 706 765 791 794 819 846 897 933 938 977 1025 1035 1052 1139 1144 1182 1199 1310 1361 1391 1420 1446 1540 1554 1603 1611 1624 1649 1765 1818 1883 1902 1930 1943 1983 
41 73 165 225 249 434 441 453 592 597 598 612 622 631 672 908 918 1018 1030 1044 1046 1183 1204 1232 1261 1287 1361 1386 1426 1471 1491 1527 1536 1563 1580 1709 1723 1763 1769 1771 1818 1848 
38 71 177 282 284 302 328 497 532 652 677 734 878 886 889 901 902 963 972 1031 1087 1228 1343 1373 1402 1433 1449 1501 1512 1530 1591 1653 1663 1714 1728 1785 1815 1872 1907 
44 6 20 29 85 127 201 219 275 284 292 295 316 348 366 450 471 542 573 680 737 814 840 842 846 857 864 881 1000 1107 1259 1280 1281 1316 1397 1428 1441 1500 1612 1659 1732 1744 1872 1906 1913 
41 0 71 194 209 210 253 399 412 414 422 443 455 474 529 572 621 697 706 741 789 899 917 928 1003 1094 1122 1154 1172 1220 1297 1447 1489 1583 1607 1623 1729 1734 1786 1880 1954 1988 
49 15 16 40 59 80 86 141 150 218 219 254 315 343 345 372 401 432 472 509 714 744 785 806 936 953 999 1104 1105 1137 1167 1185 1272 1294 1374 1419 1425 1501 1504 1507 1536 1589 1603 1716 1789 1829 1837 1926 1941 1967 
39 76 192 221 338 354 378 416 421 425 462 466 477 511 544 559 638 673 747 802 868 870 890 916 934 956 977 1061 1062 1199 1233 1261 1268 1393 1598 1681 1757 1774 1880 1970 
34 31 102 177 225 269 379 427 443 497 509 514 528 530 714 773 809 879 951 966 1152 1156 1185 1327 1391 1401 1448 1460 1520 1565 1576 1689 1709 1826 1942 
37 15 19 82 118 347 456 569 594 692 720 731 755 763 798 815 828 882 933 948 979 1232 1262 1322 1331 1368 1417 1481 1484 1525 1642 1749 1805 1847 1849 1873 1910 1973 
34 65 75 312 472 533 637 708 716 757 770 783 852 859 881 891 915 1051 1052 1144 1165 1186 1190 1391 1494 1566 1608 1636 1680 1703 1730 1768 1833 1972 1977 
43 17 231 322 359 392 498 518 528 538 547 623 648 667 674 677 688 723 734 757 861 932 933 1015 1027 1106 1300 1325 1380 1402 1448 1455 1461 1485 1502 1569 1586 1704 1706 1742 1844 1857 1906 1922 
46 12 70 116 133 187 217 249 252 264 286 370 444 445 450 457 470 515 599 620 632 654 764 787 838 876 931 959 1002 1035 1037 1040 1084 1308 1391 1443 1654 1696 1712 1743 1798 1857 1858 1875 1900 1918 1925 
46 4 64 95 118 126 130 152 204 250 263 312 329 401 407 445 504 577 623 660 795 886 933 937 938 945 950 1007 1057 1059 1102 1105 1112 1114 1155 1244 1396 1472 1598 1635 1646 1690 1801 1840 1859 1925 1972 
38 10 45 48 61 70 107 164 211 322 357 411 501 509 555 635 660 763 795 806 912 1009 1058 1112 1131 1187 1200 1254 1276 1279 1311 1425 1431 1494 1615 1820 1848 1897 1908 
33 37 43 74 162 317 402 537 594 882 884 950 956 962 979 1074 1075 1135 1136 1240 1279 1320 1340 1419 1434 1498 1640 1681 1796 1804 1846 1867 1904 1949 
52 25 30 202 216 221 269 360 373 394 511 557 560 634 763 775 776 780 782 796 799 819 860 894 936 939 1008 1028 1053 1237 1241 1276 1348 1362 1371 1396 1475 1521 1549 1588 1618 1635 1641 1671 1679 1686 1710 1751 1756 1793 1829 1885 1946 
43 21 31 64 121 137 148 168 199 208 415 441 447 468 479 547 574 649 818 885 889 895 903 940 961 1023 1037 1043 1134 1257 1271 1344 1360 1387 1471 1475 1545 1594 1741 1770 1792 1808 1827 1876 
39 77 142 159 168 189 318 329 337 343 353 387 390 569 666 695 798 811 958 1099 1163 1247 1254 1256 1259 1396 1398 1487 1552 1572 1574 1599 1700 1717 1729 1807 1823 1924 1933 1940 
35 172 175 189 306 543 556 653 797 868 936 952 1056 1092 1104 1184 1236 1294 1359 1377 1398 1505 1543 1592 1594 1619 1637 1670 1741 1753 1754 1764 1901 1943 1946 1970 
34 27 88 198 224 264 276 375 393 442 446 476 506 530 558 625 712 749 801 951 1214 1239 1342 1363 1419 1509 1553 1558 1559 1725 1813 1892 1968 1972 1975 
44 129 208 222 246 249 272 363 367 429 554 724 732 738 797 802 880 920 925 1155 1169 1208 1265 1293 1324 1339 1351 1423 1432 1453 1534 1538 1568 1584 1605 1625 1727 1744 1749 1765 1792 1809 1820 1934 1997 
29 126 167 297 382 392 575 599 615 706 712 735 838 870 935 952 1188 1270 1284 1297 1378 1457 1626 1795 1874 1884 1896 1941 1947 1973 
47 1 24 110 144 180 217 263 267 283 335 345 353 512 514 535 540 541 581 752 754 778 785 889 1015 1021 1024 1077 1178 1199 1206 1224 1243 1256 1312 1314 1324 1357 1419 1446 1447 1484 1541 1624 1752 1825 1840 1895 
54 52 64 66 95 128 136 139 142 222 238 313 333 382 411 438 457 475 495 532 564 590 653 680 690 705 749 778 795 804 896 986 1090 1096 1114 1162 1210 1252 1297 1321 1343 1365 1375 1409 1473 1493 1544 1759 1802 1842 1881 1905 1940 1953 1991 
37 11 22 44 193 293 311 467 607 626 657 661 705 708 764 781 788 837 854 874 951 1001 1075 1124 1141 1276 1277 1303 1416 1623 1641 1661 1705 1789 1827 1888 1923 1967 
36 1 5 25 42 81 274 451 484 529 583 631 688 698 704 705 745 799 867 873 899 911 934 935 1015 1043 1080 1120 1205 1671 1687 1736 1762 1763 1844 1871 1928 
39 68 108 140 145 150 188 262 331 456 502 509 557 653 741 768 796 937 1012 1090 1116 1144 1146 1152 1248 1251 1261 1284 1379 1418 1476 1560 1564 1585 1615 1665 1758 1762 1824 1971 
36 3 26 68 115 188 200 222 247 299 365 404 427 631 653 684 777 802 886 938 948 983 998 1123 1149 1258 1310 1334 1343 1403 1442 1503 1593 1712 1723 1843 1999 
38 124 160 202 210 211 385 560 575 654 743 776 816 829 878 914 1004 1052 1060 1103 1232 1270 1292 1302 1395 1429 1468 1559 1560 1577 1584 1658 1678 1784 1797 1828 1844 1874 1988 
37 33 67 106 214 286 311 393 431 477 518 523 611 633 800 816 841 843 861 1034 1076 1152 1175 1187 1205 1360 1502 1518 1630 1638 1651 1664 1689 1814 1918 1939 1971 1983 
35 17 34 42 71 73 90 118 160 210 255 305 450 600 618 813 819 1045 1080 1134 1154 1157 1163 1227 1280 1284 1403 1583 1610 1612 1698 1746 1806 1867 1920 1957 
40 10 29 96 106 143 258 319 323 333 356 384 393 466 474 522 723 751 793 836 869 984 1021 1051 1058 1062 1065 1100 1106 1185 1371 1442 1450 1525 1526 1531 1590 1625 1794 1877 1976 
31 8 9 22 103 213 318 321 327 428 553 605 685 780 839 850 872 873 906 936 987 1146 1153 1156 1159 1172 1508 1568 1583 1742 1780 1919 
42 10 35 51 78 87 294 349 366 416 528 549 746 764 882 912 957 961 974 1054 1057 1079 1232 1241 1255 1300 1316 1356 1377 1427 1449 1474 1526 1623 1638 1670 1691 1776 1810 1917 1922 1946 1992 
40 22 26 65 96 221 236 445 478 481 485 528 541 637 639 768 775 791 838 883 899 907 911 965 1034 1079 1099 1126 1192 1193 1359 1376 1478 1500 1533 1639 1682 1713 1821 1827 1901 
38 20 88 89 96 124 144 177 265 267 343 397 435 654 691 752 924 977 988 996 1001 1078 1079 1081 1110 1122 1200 1288 1371 1562 1567 1641 1645 1663 1687 1835 1865 1895 1902 
47 44 218 223 226 266 334 389 471 473 488 493 540 570 601 711 766 825 844 887 913 949 968 1014 1038 1093 1125 1158 1180 1229 1233 1242 1256 1266 1344 1397 1434 1451 1643 1705 1762 1767 1768 1841 1860 1877 1932 1944 
33 7 110 168 178 184 281 326 346 384 386 551 590 593 631 707 734 818 881 1003 1034 1104 1207 1257 1324 1519 1596 1610 1624 1688 1764 1797 1881 1923 
39 64 66 163 272 383 387 492 539 611 616 672 690 817 882 893 948 999 1000 1002 1008 1053 1075 1125 1281 1333 1392 1429 1451 1472 1535 1564 1651 1652 1697 1899 1920 1943 1982 1985 
36 23 86 121 159 235 368 469 483 625 638 643 652 704 711 739 778 849 856 860 863 1007 1016 1035 1058 1063 1117 1148 1328 1373 1498 1506 1562 1591 1812 1886 1985 
42 0 63 69 199 259 296 325 342 443 471 489 555 594 658 848 854 911 913 921 973 980 981 1014 1023 1097 1119 1121 1238 1323 1435 1444 1470 1496 1564 1613 1630 1654 1675 1795 1796 1823 1944 
39 48 90 133 142 169 197 204 209 210 289 330 332 340 427 531 534 576 598 618 638 744 779 959 1030 1139 1184 1238 1258 1276 1447 1475 1567 1571 1667 1668 1717 1857 1969 1974 
36 19 32 107 109 145 177 181 203 418 448 534 589 652 717 729 742 796 841 855 905 1002 1080 1220 1280 1320 1334 1390 1445 1486 1628 1776 1782 1802 1879 1883 1920 
40 43 85 88 109 113 117 135 332 428 433 477 558 609 627 633 662 698 714 743 749 764 896 926 955 1102 1126 1141 1200 1283 1293 1338 1467 1470 1567 1581 1677 1699 1886 1960 1972 
35 11 52 147 163 234 241 293 344 517 538 552 556 727 764 882 888 942 944 1041 1045 1103 1105 1118 1227 1320 1484 1543 1572 1586 1635 1710 1823 1851 1873 1964 
47 42 163 166 183 273 295 330 489 580 588 596 614 699 718 743 762 781 930 946 1004 1049 1092 1243 1277 1290 1298 1330 1362 1367 1398 1424 1469 1474 1523 1625 1639 1666 1694 1715 1728 1745 1746 1841 1922 1947 1948 1950 
38 44 54 157 253 268 296 384 480 521 533 572 675 739 743 748 751 787 803 923 979 981 1001 1033 1096 1127 1281 1363 1397 1407 1417 1468 1524 1636 1667 1753 1768 1823 1858 
43 12 106 143 145 242 289 301 321 411 425 466 500 515 555 577 621 654 725 789 866 912 982 1015 1076 1252 1384 1429 1447 1459 1479 1495 1506 1509 1638 1661 1730 1747 1773 1787 1795 1798 1824 1919 
44 28 58 110 167 173 180 187 264 304 349 363 370 402 414 421 435 448 544 552 558 576 610 639 670 690 712 784 824 984 1023 1036 1050 1212 1283 1307 1322 1435 1531 1539 1575 1680 1910 1952 1959 
51 57 87 125 167 179 201 208 239 251 316 414 420 492 656 658 695 704 713 718 726 741 749 755 777 804 858 907 935 939 962 1033 1066 1086 1136 1211 1219 1227 1231 1279 1298 1412 1425 1537 1567 1672 1677 1781 1819 1946 1950 1955 
41 261 314 329 365 369 398 519 531 538 604 634 679 682 750 768 813 836 862 872 915 918 962 1081 1190 1206 1277 1311 1326 1378 1420 1424 1442 1456 1468 1553 1614 1616 1926 1942 1954 1992 
42 8 20 56 75 95 150 229 451 537 716 750 751 766 772 805 863 880 946 980 1008 1140 1191 1207 1221 1326 1353 1358 1362 1388 1405 1420 1423 1455 1528 1593 1650 1744 1786 1801 1868 1896 1945 
42 2 167 202 214 271 349 377 501 514 519 590 604 613 837 897 923 930 998 1081 1138 1264 1298 1301 1371 1393 1444 1446 1448 1474 1480 1607 1624 1687 1714 1769 1840 1859 1869 1928 1956 1975 1978 
35 6 88 108 149 208 227 245 260 266 267 301 311 403 617 655 678 796 853 879 943 1102 1142 1290 1419 1442 1452 1474 1499 1550 1563 1677 1831 1855 1960 1970 
44 129 175 241 242 328 368 370 410 413 418 444 499 588 597 655 742 765 797 808 845 848 917 1014 1068 1081 1193 1235 1266 1287 1340 1375 1390 1502 1534 1608 1676 1690 1694 1705 1765 1917 1928 1979 1993 
40 24 42 209 254 367 426 488 506 631 715 726 773 784 851 900 921 1036 1037 1056 1067 1125 1207 1256 1259 1266 1276 1313 1421 1440 1485 1514 1544 1584 1731 1786 1818 1822 1894 1901 1905 
41 89 123 162 220 274 317 331 341 367 388 426 469 550 557 660 683 684 709 729 741 745 776 878 922 1014 1116 1242 1450 1539 1621 1636 1652 1698 1760 1841 1873 1890 1896 1921 1949 1980 
37 4 65 72 120 141 190 191 409 417 512 523 581 614 626 728 765 796 878 1064 1116 1155 1237 1332 1390 1398 1417 1528 1568 1612 1626 1628 1639 1643 1751 1940 1942 1954 
36 28 132 148 178 183 203 271 287 355 385 491 600 617 691 769 811 838 845 870 878 880 883 1171 1236 1301 1332 1386 1484 1525 1534 1609 1663 1750 1838 1927 1929 
33 22 34 40 84 279 291 300 453 470 534 601 759 858 862 881 1014 1040 1042 1182 1186 1202 1239 1299 1327 1353 1394 1436 1488 1535 1619 1726 1842 1961 
48 30 107 121 150 170 179 184 187 189 220 224 306 308 383 414 466 492 499 503 515 599 644 769 780 816 820 830 849 937 1017 1052 1225 1232 1280 1303 1358 1422 1428 1487 1548 1582 1623 1686 1689 1707 1820 1926 1931 
40 32 34 138 154 163 171 227 358 479 587 637 661 688 689 755 981 1016 1032 1077 1134 1142 1187 1245 1289 1449 1477 1518 1593 1666 1758 1766 1818 1820 1822 1862 1872 1932 1950 1968 1981 
43 84 146 160 243 245 286 386 410 497 563 634 661 676 725 780 791 859 864 867 887 891 899 1010 1016 1136 1201 1273 1328 1348 1406 1432 1464 1471 1535 1557 1573 1614 1674 1709 1762 1862 1882 1903 
28 1 19 67 134 200 246 328 330 366 429 540 616 738 753 897 1074 1157 1283 1297 1395 1559 1642 1705 1781 1841 1895 1915 1977 
51 47 113 179 211 296 300 307 312 313 329 351 461 537 574 579 608 631 653 665 804 817 865 967 991 1026 1033 1035 1087 1210 1235 1285 1411 1446 1470 1486 1529 1563 1602 1653 1670 1673 1712 1764 1774 1788 1824 1851 1873 1882 1890 1911 
32 51 98 112 143 145 155 287 305 489 513 528 573 602 748 763 801 815 847 897 976 1084 1157 1181 1233 1433 1526 1555 1671 1818 1859 1965 1966 
55 43 82 87 112 190 346 367 430 455 497 527 548 566 574 613 637 640 653 740 786 797 804 840 858 862 910 964 987 1029 1039 1082 1156 1188 1255 1348 1350 1360 1425 1610 1614 1647 1652 1653 1671 1683 1739 1814 1819 1848 1894 1896 1914 1959 1982 1983 
39 13 141 225 264 341 364 366 395 490 513 635 636 649 683 748 770 875 898 937 1061 1088 1103 1158 1250 1304 1335 1344 1359 1374 1375 1378 1418 1530 1543 1584 1623 1809 1850 1921 
40 25 51 91 217 283 288 290 292 311 314 349 425 539 593 644 711 715 723 762 783 858 885 913 1000 1018 1070 1111 1257 1301 1303 1384 1396 1428 1477 1675 1763 1765 1790 1831 1989 
41 21 22 42 55 71 191 261 294 298 303 335 361 385 548 561 572 606 610 871 878 1030 1031 1183 1211 1223 1277 1335 1381 1401 1410 1445 1510 1545 1648 1659 1702 1727 1732 1759 1885 1973 
41 27 76 112 241 245 271 276 380 410 432 466 559 564 742 777 801 817 942 974 1018 1022 1044 1058 1229 1232 1258 1276 1302 1339 1366 1417 1526 1589 1600 1605 1707 1788 1822 1873 1917 1925 
30 91 367 441 456 458 536 609 634 730 825 841 842 846 924 927 983 996 1104 1152 1200 1282 1300 1808 1818 1842 1894 1912 1942 1950 1984 
41 41 46 103 207 248 288 322 356 469 536 609 689 735 767 779 884 925 926 950 973 1075 1137 1158 1260 1345 1381 1484 1511 1569 1576 1585 1672 1704 1718 1744 1751 1756 1854 1878 1899 1998 
39 7 86 92 161 209 266 324 384 494 526 650 674 680 740 882 884 1005 1019 1022 1056 1205 1230 1246 1379 1444 1471 1515 1538 1582 1594 1605 1656 1736 1764 1788 1812 1833 1878 1958 
37 2 66 163 184 306 344 443 520 523 537 546 587 593 662 663 678 766 784 879 899 900 922 961 995 1020 1040 1093 1216 1231 1325 1381 1391 1513 1568 1632 1674 1684 
36 48 159 161 206 270 299 391 425 434 513 650 665 795 934 965 1129 1204 1234 1339 1459 1461 1478 1545 1546 1562 1627 1724 1737 1743 1769 1778 1786 1787 1866 1894 1944 
35 183 194 320 337 350 442 524 573 630 636 696 701 716 763 787 788 798 838 843 904 977 1299 1306 1309 1352 1358 1503 1509 1528 1556 1583 1587 1673 1708 1900 
47 9 21 43 54 117 122 192 242 269 344 346 359 633 673 707 717 765 839 851 905 906 954 1038 1089 1090 1108 1188 1204 1225 1233 1272 1484 1498 1504 1512 1528 1570 1624 1642 1650 1652 1682 1747 1851 1918 1929 1974 
40 4 179 180 244 274 331 344 366 405 416 496 551 589 603 730 738 839 1006 1085 1108 1138 1177 1301 1347 1426 1476 1498 1552 1571 1599 1628 1645 1694 1702 1805 1810 1862 1909 1926 1989 
44 23 38 67 94 179 180 203 244 290 351 386 580 589 725 729 759 762 846 883 904 913 918 959 972 982 1000 1032 1091 1115 1165 1184 1215 1246 1293 1376 1551 1560 1628 1635 1701 1835 1893 1894 1940 
41 41 93 176 230 263 278 315 411 412 512 513 514 515 528 591 676 682 765 781 817 836 861 862 878 949 959 996 1065 1252 1372 1419 1430 1441 1488 1506 1594 1705 1783 1866 1950 1967 
40 0 27 41 66 71 115 165 205 212 256 273 312 317 379 409 476 526 640 642 726 740 815 898 960 989 990 1181 1257 1304 1345 1376 1380 1390 1430 1463 1504 1543 1630 1727 1793 
42 9 58 76 101 113 145 182 208 254 289 345 349 366 657 769 781 799 837 940 1030 1034 1059 1103 1150 1199 1235 1283 1365 1382 1443 1446 1544 1549 1562 1638 1646 1655 1695 1858 1894 1945 1959 
48 80 212 221 262 268 371 396 404 415 518 536 544 688 710 775 850 901 914 918 919 923 934 948 956 980 999 1118 1165 1262 1263 1286 1316 1321 1341 1424 1449 1464 1485 1511 1746 1750 1874 1894 1900 1912 1947 1957 1967 
29 24 146 165 182 298 417 521 529 742 816 823 928 943 1139 1166 1212 1221 1345 1410 1527 1590 1629 1659 1680 1691 1729 1819 1932 1945 
32 90 151 152 209 265 316 382 386 493 535 587 949 996 1019 1077 1186 1244 1251 1326 1374 1393 1421 1524 1546 1681 1721 1759 1800 1844 1872 1927 1975 
36 32 146 197 240 263 291 315 366 508 669 710 738 766 817 859 958 962 1114 1136 1154 1179 1218 1240 1253 1352 1354 1421 1448 1524 1698 1719 1807 1858 1899 1940 1995 
37 23 94 114 186 538 578 645 673 716 747 819 912 929 939 955 1011 1062 1064 1121 1132 1159 1234 1296 1304 1372 1380 1382 1388 1424 1435 1610 1771 1784 1856 1866 1920 1969 
35 7 104 138 275 285 347 362 412 499 634 652 771 795 800 884 1010 1049 1294 1295 1298 1309 1340 1439 1505 1529 1549 1553 1593 1601 1650 1773 1848 1861 1879 1961 
37 74 238 247 277 398 470 541 545 546 560 656 798 890 896 1032 1056 1065 1142 1180 1210 1263 1286 1300 1431 1441 1517 1525 1533 1543 1573 1608 1657 1736 1876 1944 1951 1993 
34 154 233 289 315 430 531 539 631 700 795 903 1016 1022 1024 1025 1084 1095 1105 1140 1146 1207 1247 1361 1379 1453 1457 1515 1543 1662 1692 1767 1799 1832 1898 
47 22 85 115 130 160 162 185 206 213 221 299 309 562 572 592 643 655 657 704 739 756 796 797 917 1017 1052 1053 1153 1236 1345 1355 1372 1385 1400 1445 1485 1533 1547 1595 1636 1672 1693 1697 1733 1853 1878 1977 
35 270 290 355 367 368 466 560 563 613 672 738 771 782 887 888 977 997 998 1011 1074 1079 1117 1155 1242 1390 1507 1611 1644 1778 1805 1812 1879 1905 1972 1973 
40 136 205 299 343 410 472 491 501 509 576 615 622 671 674 758 859 911 925 1022 1054 1110 1190 1251 1355 1371 1404 1421 1469 1491 1609 1643 1686 1690 1757 1794 1800 1840 1865 1885 1942 
41 29 37 87 166 219 285 297 308 310 334 460 492 543 563 620 798 818 1018 1086 1122 1267 1280 1340 1377 1397 1399 1402 1537 1541 1544 1595 1597 1708 1734 1765 1822 1898 1916 1929 1953 1992 
44 28 121 258 277 295 386 421 430 450 466 467 469 549 588 595 601 652 707 724 725 844 898 919 1015 1055 1085 1091 1202 1205 1224 1268 1308 1322 1341 1346 1422 1452 1656 1675 1687 1748 1803 1811 1828 
49 47 84 160 164 169 170 180 181 333 389 396 415 417 425 428 534 562 621 641 642 699 871 884 955 985 1055 1131 1199 1231 1239 1253 1267 1274 1285 1337 1427 1439 1461 1637 1674 1687 1708 1724 1727 1766 1871 1897 1922 1971 
51 12 70 85 122 141 171 234 242 374 430 452 458 476 507 533 613 628 639 645 668 717 746 774 775 779 827 957 976 1014 1031 1047 1092 1145 1238 1299 1307 1406 1548 1591 1595 1623 1640 1662 1753 1792 1895 1915 1936 1942 1945 1987 
46 20 75 111 125 216 222 504 510 535 542 546 584 611 634 643 730 740 795 799 814 879 916 948 970 989 994 1004 1074 1156 1223 1271 1277 1307 1391 1408 1487 1531 1545 1582 1639 1652 1689 1700 1723 1747 1918 
34 133 241 287 376 446 504 655 673 747 752 824 898 935 964 992 1001 1036 1135 1170 1222 1265 1532 1612 1613 1655 1673 1742 1752 1828 1840 1853 1949 1952 1971 
45 36 64 85 99 109 114 213 284 303 327 360 477 507 510 535 676 698 753 757 836 842 948 1013 1124 1215 1263 1278 1305 1330 1400 1421 1429 1472 1611 1659 1660 1770 1784 1796 1842 1904 1909 1923 1984 1996 
48 92 119 162 283 287 313 336 383 438 495 556 582 591 667 686 762 803 810 843 868 881 950 953 979 988 1026 1035 1052 1085 1109 1153 1180 1224 1342 1436 1467 1472 1572 1606 1613 1656 1688 1706 1723 1755 1825 1826 1977 
41 46 130 143 146 162 171 200 201 358 390 425 432 433 495 545 573 595 609 675 728 754 858 941 1014 1103 1174 1189 1297 1327 1343 1391 1444 1467 1469 1524 1530 1623 1777 1785 1799 1962 
41 127 147 159 169 179 209 232 324 522 614 640 732 733 745 763 767 797 865 906 997 1061 1063 1160 1209 1239 1314 1339 1354 1456 1505 1508 1577 1669 1762 1777 1787 1819 1832 1861 1891 1971 
43 78 84 143 149 208 222 316 374 389 430 446 480 488 496 564 593 637 722 741 771 793 831 853 896 1018 1100 1184 1278 1303 1358 1365 1374 1390 1413 1476 1525 1575 1621 1719 1830 1861 1948 1967 
41 62 86 164 259 375 384 399 408 414 425 529 559 683 692 809 833 845 911 1032 1077 1097 1107 1134 1202 1204 1354 1404 1454 1492 1516 1631 1685 1706 1730 1742 1770 1806 1810 1937 1969 1980 
40 26 101 124 129 192 217 252 467 488 493 494 498 524 596 605 666 739 740 763 769 816 829 944 1078 1109 1302 1304 1358 1499 1609 1632 1651 1655 1688 1706 1707 1737 1777 1797 1934 
44 41 50 55 56 157 251 292 368 384 395 412 420 427 468 545 565 614 655 790 807 823 896 968 1088 1133 1137 1159 1222 1229 1302 1527 1529 1534 1650 1655 1672 1696 1779 1793 1813 1827 1841 1948 1983 
41 21 43 46 73 102 131 225 253 353 369 370 587 639 659 670 688 690 704 798 814 916 1030 1079 1221 1223 1257 1297 1303 1317 1319 1321 1346 1380 1522 1586 1636 1699 1767 1873 1917 1935 
40 19 44 108 148 181 200 229 285 319 343 348 505 658 697 746 821 900 979 1140 1254 1389 1405 1411 1458 1470 1488 1500 1510 1570 1572 1651 1653 1709 1772 1810 1815 1879 1902 1976 1990 
46 2 42 59 84 186 199 203 290 311 350 396 431 449 451 513 521 626 727 746 792 843 861 879 976 1076 1139 1225 1371 1452 1458 1512 1566 1617 1651 1686 1693 1695 1742 1849 1865 1875 1898 1935 1948 1956 1999 
42 5 97 141 208 309 354 366 383 434 491 509 543 556 572 581 632 652 736 852 918 951 998 1113 1141 1180 1225 1243 1259 1339 1341 1441 1469 1524 1575 1582 1588 1616 1748 1772 1825 1852 1991 
40 50 69 220 311 376 388 413 446 495 511 514 659 675 678 688 692 710 799 828 892 957 1015 1033 1111 1323 1350 1358 1560 1634 1643 1686 1693 1722 1800 1845 1850 1880 1882 1888 1943 
35 2 69 114 156 178 224 368 483 596 653 707 719 808 832 847 896 920 1034 1055 1189 1201 1237 1305 1319 1398 1426 1590 1688 1710 1718 1761 1803 1914 1927 1968 
39 30 57 97 266 288 336 410 442 575 587 619 622 623 632 706 887 933 954 957 1007 1048 1055 1183 1191 1198 1214 1226 1287 1582 1602 1617 1624 1670 1678 1692 1775 1852 1921 1953 
46 23 65 67 87 151 158 178 196 212 249 444 534 582 610 652 654 693 714 790 898 933 997 1027 1030 1071 1091 1107 1135 1152 1234 1324 1350 1395 1407 1462 1660 1667 1687 1696 1710 1741 1790 1822 1839 1889 1910 
31 79 163 166 193 284 315 428 487 493 533 583 659 742 743 924 998 1037 1042 1046 1113 1200 1243 1251 1319 1394 1479 1591 1727 1746 1765 1960 
41 131 143 159 257 410 454 475 510 547 635 689 931 1046 1054 1083 1101 1117 1119 1171 1209 1279 1312 1347 1396 1417 1501 1502 1528 1563 1564 1691 1741 1767 1787 1820 1849 1872 1892 1897 1919 1945 
35 14 20 49 128 244 286 338 354 426 452 467 470 559 588 689 744 820 824 855 948 1041 1162 1181 1203 1312 1359 1453 1506 1535 1565 1571 1609 1645 1951 1955 
40 25 93 123 251 252 353 408 413 416 443 490 542 560 562 588 598 709 745 832 938 954 1043 1054 1137 1192 1194 1390 1394 1417 1470 1471 1498 1504 1605 1627 1749 1751 1899 1941 1967 
50 41 64 90 100 108 170 177 201 228 361 426 459 476 512 551 561 575 627 669 688 723 742 802 837 860 879 892 921 984 1018 1057 1176 1182 1267 1292 1351 1368 1418 1426 1473 1508 1514 1539 1560 1566 1620 1682 1785 1862 1968 
49 46 65 121 161 181 202 208 233 302 345 429 435 454 502 587 611 770 779 801 863 920 1001 1026 1108 1111 1137 1138 1159 1160 1164 1179 1286 1340 1418 1447 1484 1496 1514 1561 1629 1707 1735 1741 1776 1878 1911 1924 1943 1949 
45 5 72 76 186 220 256 263 288 347 382 387 389 397 400 419 612 620 633 660 813 858 889 915 986 1030 1048 1216 1220 1315 1392 1394 1490 1545 1607 1655 1662 1668 1731 1821 1891 1917 1930 1939 1972 1995 
49 5 73 106 160 182 187 215 246 320 344 352 400 496 580 675 702 768 775 813 919 934 966 1041 1070 1086 1124 1166 1213 1222 1255 1457 1489 1552 1583 1637 1639 1652 1675 1686 1694 1695 1784 1809 1813 1880 1921 1936 1941 1947 
24 49 141 161 189 237 394 426 589 688 806 869 885 911 1082 1145 1171 1288 1346 1403 1711 1754 1874 1955 1975 
38 34 78 107 127 135 314 525 550 563 593 660 1041 1083 1112 1178 1190 1222 1269 1308 1315 1349 1420 1450 1469 1488 1531 1546 1555 1559 1637 1696 1743 1744 1756 1785 1799 1982 1984 
43 60 100 139 265 346 369 372 374 387 411 415 636 724 789 815 851 862 967 1017 1086 1088 1109 1128 1252 1253 1258 1319 1390 1436 1468 1540 1654 1676 1678 1724 1784 1796 1837 1872 1883 1904 1918 1974 
45 13 20 257 285 386 394 441 442 482 556 582 588 632 684 703 704 727 762 879 894 963 1106 1116 1153 1183 1201 1230 1275 1276 1305 1356 1362 1597 1607 1623 1683 1740 1762 1787 1831 1877 1898 1929 1951 1985 
36 36 41 43 91 123 170 223 231 285 290 356 388 488 511 572 688 707 826 1052 1209 1210 1249 1278 1329 1420 1490 1564 1620 1660 1692 1695 1726 1735 1917 1921 1970 
31 36 198 293 333 335 338 345 377 474 478 501 520 577 610 673 708 744 778 961 1003 1014 1138 1158 1251 1261 1427 1444 1468 1554 1814 1968 
38 41 94 228 236 244 255 336 375 391 436 529 619 710 723 729 783 803 888 1022 1026 1031 1078 1087 1236 1241 1251 1253 1404 1409 1507 1525 1648 1651 1749 1763 1764 1845 1954 
44 4 11 33 96 107 165 229 246 352 357 385 468 471 579 583 591 656 691 726 729 741 784 831 858 886 953 1024 1031 1115 1148 1164 1167 1355 1373 1460 1563 1570 1574 1587 1752 1774 1924 1925 1971 
41 48 74 84 93 126 141 182 352 418 453 509 577 663 767 799 803 830 845 897 903 917 923 1016 1032 1108 1180 1203 1242 1385 1428 1492 1664 1689 1731 1767 1791 1806 1860 1895 1940 1989 
40 44 49 61 70 83 90 144 155 214 235 385 417 431 460 510 517 631 766 858 860 1062 1149 1175 1181 1245 1285 1448 1467 1493 1505 1527 1554 1604 1655 1716 1806 1832 1896 1901 1990 
34 6 7 94 322 352 390 423 425 433 529 579 591 628 640 658 661 687 971 996 997 1220 1309 1313 1320 1329 1450 1498 1547 1589 1656 1775 1857 1888 1962 
39 8 32 55 87 92 127 217 235 248 250 355 436 492 511 525 557 609 632 686 692 693 764 844 902 993 1061 1231 1306 1445 1486 1499 1549 1606 1607 1701 1768 1812 1846 1871 
34 50 68 87 105 214 215 263 283 390 413 516 556 590 705 731 1019 1053 1180 1206 1233 1255 1282 1299 1442 1555 1609 1657 1714 1760 1798 1807 1875 1903 1967 
41 18 177 185 258 287 292 323 330 332 395 412 552 615 616 724 814 899 913 964 986 1101 1123 1155 1281 1302 1333 1372 1431 1529 1559 1566 1580 1592 1638 1661 1735 1771 1811 1861 1913 1976 
35 0 121 156 198 232 252 267 428 434 462 489 503 521 609 619 675 710 744 901 933 941 949 1118 1119 1189 1231 1280 1298 1325 1458 1489 1582 1684 1769 1806 
42 0 8 21 41 86 97 124 132 161 231 232 312 391 442 445 498 625 642 651 672 709 720 767 815 866 885 958 1033 1077 1213 1237 1274 1484 1491 1497 1499 1557 1587 1588 1790 1807 1919 
40 3 72 95 152 157 159 212 367 454 517 578 617 662 841 871 898 912 942 1038 1135 1256 1258 1296 1366 1468 1493 1533 1548 1624 1661 1699 1706 1789 1805 1808 1809 1828 1843 1887 1890 
32 24 102 106 147 210 319 340 344 358 452 531 532 609 681 800 822 1060 1102 1140 1170 1180 1273 1301 1395 1527 1671 1700 1766 1772 1897 1919 1998 
38 11 91 92 122 128 146 218 305 467 632 861 895 940 960 970 993 1102 1141 1153 1195 1212 1220 1231 1236 1349 1364 1392 1423 1433 1527 1647 1728 1732 1763 1809 1857 1878 1955 
35 19 86 99 215 223 317 362 399 403 448 449 792 859 880 883 885 1000 1029 1044 1078 1176 1184 1427 1430 1566 1670 1763 1775 1840 1870 1908 1928 1956 1969 1986 
35 45 75 208 210 220 304 348 571 636 655 670 694 756 816 819 834 978 1036 1222 1282 1291 1300 1321 1323 1336 1359 1376 1544 1623 1640 1657 1658 1763 1793 1941 
37 54 107 137 151 248 285 316 364 407 471 612 633 646 773 900 927 948 956 1074 1106 1160 1184 1235 1288 1298 1307 1443 1465 1578 1582 1724 1749 1889 1897 1903 1941 1947 
43 35 81 160 226 287 303 368 369 373 419 440 457 503 557 689 718 760 762 763 838 883 893 960 1006 1058 1094 1191 1291 1336 1395 1480 1543 1608 1637 1650 1657 1676 1688 1706 1771 1897 1943 1946 
44 6 92 125 304 320 325 380 424 429 445 532 631 664 674 767 813 822 880 942 953 976 1019 1074 1104 1113 1231 1245 1259 1290 1308 1344 1367 1394 1440 1484 1551 1563 1570 1690 1726 1845 1860 1864 1952 
37 28 69 84 117 291 292 313 324 478 555 580 590 602 613 664 711 727 733 749 805 835 883 945 1073 1260 1264 1268 1606 1642 1660 1673 1791 1794 1841 1843 1919 1987 
46 7 23 126 166 174 196 199 227 449 481 516 530 624 631 723 813 837 852 911 912 1063 1083 1097 1103 1108 1123 1168 1182 1203 1249 1284 1295 1298 1392 1516 1544 1577 1598 1652 1674 1690 1844 1847 1882 1886 1920 
35 3 67 93 122 156 200 272 385 447 578 579 638 728 751 776 785 786 840 864 927 943 1021 1152 1154 1330 1331 1475 1545 1561 1641 1752 1821 1834 1842 1973 
40 42 45 89 148 210 227 262 269 339 419 425 427 498 680 728 765 805 821 823 880 886 998 1053 1057 1126 1170 1182 1253 1318 1342 1375 1408 1444 1445 1574 1663 1858 1871 1881 1993 
43 77 91 116 140 164 223 228 261 291 329 429 511 664 697 745 750 766 935 937 958 997 1032 1068 1082 1105 1234 1254 1279 1306 1379 1460 1499 1542 1561 1567 1578 1624 1658 1677 1758 1847 1911 1964 
29 24 31 122 153 201 216 313 416 473 561 676 782 788 790 821 869 914 1047 1093 1118 1143 1202 1341 1342 1364 1674 1755 1797 1902 
38 178 184 213 216 234 268 351 468 518 539 587 641 867 949 978 1015 1027 1096 1185 1186 1194 1287 1377 1408 1453 1455 1456 1537 1592 1601 1627 1640 1654 1669 1745 1807 1819 1907 
43 6 25 88 225 226 230 245 246 262 283 297 307 342 351 516 567 589 661 705 782 825 833 836 914 971 998 1006 1221 1279 1427 1438 1478 1590 1600 1605 1636 1826 1849 1871 1898 1927 1974 1987 
47 50 79 87 122 130 134 144 257 319 326 383 444 530 611 618 635 641 647 762 810 823 863 948 954 1017 1031 1071 1078 1109 1135 1154 1177 1264 1282 1321 1422 1510 1599 1644 1650 1670 1705 1744 1750 1808 1875 1895 
40 38 77 85 177 262 339 447 494 496 532 636 677 694 827 926 934 955 977 1016 1066 1080 1106 1221 1277 1299 1325 1331 1383 1430 1431 1432 1473 1507 1561 1631 1725 1830 1863 1970 1981 
43 2 20 39 81 111 198 321 455 600 635 657 662 911 916 985 1009 1021 1127 1145 1153 1206 1244 1301 1311 1341 1348 1543 1559 1565 1585 1662 1671 1717 1743 1748 1779 1836 1843 1918 1923 1930 1931 1970 
38 47 60 177 216 270 302 325 387 474 516 528 611 715 742 746 779 869 950 960 978 1150 1252 1300 1360 1402 1463 1501 1503 1579 1615 1676 1742 1743 1748 1763 1805 1808 1860 
38 56 111 119 158 182 188 204 212 223 284 296 343 369 415 479 555 574 761 774 807 878 910 920 995 1169 1174 1223 1315 1346 1390 1417 1425 1503 1546 1604 1691 1941 1958 
45 74 106 121 172 215 268 317 318 334 369 373 410 437 468 490 509 585 629 655 669 688 696 721 820 847 867 909 950 952 983 1017 1163 1300 1424 1471 1479 1716 1816 1819 1877 1949 1956 1958 1978 1979 
27 86 108 122 300 319 382 446 618 656 673 706 775 777 821 822 848 975 990 997 1023 1098 1452 1495 1499 1608 1819 1906 
51 4 131 153 173 174 181 251 302 348 393 418 441 470 473 589 592 672 747 880 949 999 1002 1048 1077 1081 1130 1173 1260 1278 1281 1322 1346 1366 1393 1407 1411 1455 1487 1489 1625 1658 1740 1768 1785 1816 1818 1830 1907 1924 1938 1974 
44 29 47 85 178 214 228 277 283 301 347 400 427 440 442 480 559 586 592 597 817 849 863 866 915 976 1017 1039 1044 1162 1235 1246 1393 1459 1500 1708 1728 1739 1762 1769 1868 1884 1921 1968 1988 
40 62 67 98 106 248 261 332 343 488 557 596 738 776 814 829 915 982 1015 1039 1055 1160 1167 1226 1286 1289 1307 1329 1342 1401 1406 1443 1500 1525 1530 1569 1766 1817 1863 1906 1978 
36 10 35 72 162 224 250 356 378 403 447 473 494 524 567 632 646 690 814 827 965 980 1043 1059 1254 1310 1467 1559 1592 1653 1655 1705 1741 1782 1847 1863 1864 
44 3 45 109 110 328 370 411 490 530 644 659 713 732 739 740 785 841 860 912 996 1007 1074 1104 1147 1173 1224 1226 1233 1292 1412 1429 1432 1526 1588 1616 1626 1692 1720 1726 1805 1840 1846 1923 1940 
40 1 193 200 241 273 402 468 482 548 597 600 616 740 778 874 901 988 1020 1042 1045 1057 1102 1182 1226 1278 1303 1352 1397 1451 1492 1513 1532 1536 1650 1725 1766 1818 1821 1922 1976 
37 5 64 142 284 293 360 391 406 448 491 591 595 603 633 748 903 914 933 945 1094 1183 1285 1321 1374 1482 1579 1587 1589 1656 1723 1826 1887 1898 1908 1975 1986 1996 
36 52 86 190 217 279 314 382 475 520 528 531 536 677 700 989 1016 1019 1241 1247 1299 1320 1332 1340 1341 1369 1396 1449 1506 1517 1562 1715 1792 1903 1933 1948 1969 
40 137 142 185 215 344 383 401 573 612 647 663 676 712 727 739 741 881 891 981 1033 1116 1157 1162 1189 1282 1339 1400 1526 1568 1585 1597 1640 1651 1657 1658 1764 1801 1905 1920 1982 
37 194 204 213 215 219 264 413 478 502 568 713 756 934 944 1017 1069 1075 1102 1154 1164 1186 1260 1306 1371 1392 1423 1426 1441 1470 1588 1626 1629 1653 1887 1899 1925 1979 
45 85 124 129 136 226 245 294 323 394 439 449 479 536 587 610 758 896 941 943 966 976 987 994 1005 1025 1054 1056 1203 1206 1217 1309 1314 1343 1378 1389 1392 1393 1428 1437 1583 1748 1871 1877 1944 1969 
