200 2000
145 300
51 337
322 700
89 260
79 484
3 31
4 63
294 295
48 85
472 505
63 70
135 649
376 382
60 115
905 917
94 373
2 25
77 421
480 564
366 664
207 851
282 508
116 296
250 267
66 119
809 908
0 67
231 732
315 733
344 754
166 308
167 362
258 282
818 869
167 458
214 308
23 67
687 709
26 269
313 716
232 420
559 932
184 225
458 685
314 784
18 153
534 641
79 122
388 524
363 425
266 606
58 470
7 24
561 863
37 44
356 427
304 460
692 971
137 174
180 263
168 829
287 292
605 679
450 574
126 262
813 818
114 217
432 487
26 276
211 905
228 982
150 262
91 492
99 847
365 882
336 364
53 162
283 804
612 706
35 82
64 699
69 133
93 108
627 744
36 382
157 964
330 371
258 308
377 854
208 382
41 671
159 524
417 681
288 472
168 624
652 686
41 435
423 610
531 877
43 263
219 675
761 808
312 348
87 467
203 468
127 626
411 498
69 83
49 82
589 993
418 497
18 298
88 143
87 204
108 122
262 334
70 418
222 238
14 156
404 660
37 557
102 737
3 489
268 278
0 5
262 835
44 54
35 428
16 55
501 845
499 592
92 125
770 806
195 231
47 966
117 229
436 627
94 255
662 795
18 138
450 746
21 460
57 643
363 707
204 376
69 715
63 358
299 603
525 778
362 439
5 118
30 668
655 672
177 653
39 153
86 403
65 295
244 318
42 831
864 961
72 407
203 301
466 983
48 98
78 168
445 632
492 500
32 91
107 337
42 51
111 148
1 1
533 718
100 115
28 33
110 395
297 429
124 413
282 292
77 483
175 630
1 120
139 409
61 198
100 982
162 892
619 878
433 782
428 529
170 184
50 486
89 849
857 970
655 933
9 103
106 656
517 977
310 393
338 345
111 333
710 781
645 994
427 500
24 477
166 955
349 536
612 800
190 310
243 833
612 710
128 147
311 601
11 146
296 343
292 966
523 910
165 768
140 328
250 768
174 219
1 740
155 286
238 344
41 154
115 312
71 130
301 703
35 660
195 257
24 836
277 288
41 51
49 232
101 436
84 99
270 646
301 352
114 216
273 846
405 523
59 111
0 827
162 366
123 926
552 598
36 145
66 258
228 410
517 621
305 654
160 227
422 640
88 269
157 163
65 320
10 939
319 531
18 43
174 294
111 321
573 993
287 798
33 138
179 209
60 273
345 545
298 448
36 999
13 100
167 878
130 171
302 881
299 386
61 998
64 210
10 24
215 691
588 955
27 124
465 891
23 81
122 193
24 37
5 12
867 892
66 164
20 252
241 970
205 662
681 743
328 387
71 935
160 342
122 327
583 979
43 565
647 660
53 109
144 607
221 307
135 136
546 774
34 687
48 72
399 594
208 804
62 94
195 572
606 726
348 355
54 298
387 826
61 554
91 144
144 167
26 66
713 999
41 167
230 319
96 640
479 928
519 775
670 844
191 856
31 124
586 821
92 442
597 905
196 214
1 626
121 887
150 505
125 131
225 544
20 24
159 664
537 655
46 170
82 136
173 829
417 935
17 698
397 700
21 308
56 112
79 361
58 92
246 336
403 944
65 217
100 685
42 325
119 174
168 190
643 761
325 402
98 731
364 448
917 962
25 264
192 628
742 760
154 894
72 241
281 420
31 638
443 528
331 535
23 31
175 186
148 329
185 381
340 966
110 558
256 359
243 615
408 746
11 23
891 904
234 652
28 50
468 605
242 727
267 392
124 581
158 266
60 889
38 226
11 82
104 428
72 230
34 343
2 46
83 210
168 338
137 569
171 501
239 390
21 187
533 882
146 329
587 845
95 481
172 783
209 404
19 527
664 946
341 524
403 797
505 780
737 950
426 489
443 643
61 329
33 51
154 738
1 185
410 549
748 783
38 587
275 351
123 317
759 861
607 869
475 580
415 630
151 671
161 686
126 191
31 967
167 885
279 984
81 331
76 372
358 704
218 920
311 842
38 798
123 160
438 784
103 524
134 442
157 450
175 798
453 627
0 0
45 306
663 803
755 914
27 51
419 549
234 394
561 714
166 914
125 414
175 548
208 879
52 70
355 427
106 160
68 139
76 148
6 878
99 461
11 181
11 599
125 188
2 26
551 885
365 630
591 964
371 467
570 725
363 689
401 887
86 778
38 665
146 768
0 32
74 115
367 449
55 82
18 57
180 205
40 80
623 881
709 793
171 516
150 267
302 305
31 530
67 454
1 2
58 382
457 836
25 43
246 313
369 945
91 188
73 897
82 221
211 516
846 917
196 288
173 227
312 321
117 142
293 680
409 638
8 214
187 297
135 166
90 207
795 855
58 83
2 345
604 931
171 855
318 758
655 698
267 971
111 751
227 901
413 1000
235 272
308 973
23 176
56 967
415 797
138 254
207 646
28 112
185 458
216 622
12 547
156 644
352 407
384 786
524 877
350 578
279 374
31 363
4 210
64 259
476 951
87 229
250 858
12 31
155 338
402 761
88 599
326 611
470 550
3 5
263 409
59 268
624 684
290 373
116 176
583 888
245 533
854 978
369 370
432 714
3 24
104 233
348 865
363 832
503 902
136 926
20 685
17 413
388 622
379 515
367 872
20 323
68 213
364 608
357 893
253 288
20 677
336 623
29 32
212 907
11 36
56 83
210 773
40 106
677 823
98 216
581 881
181 468
363 907
124 182
68 159
771 825
706 871
7 71
10 273
220 711
383 428
95 114
281 738
68 265
95 183
201 289
125 136
414 659
222 709
626 775
49 939
77 297
159 527
625 819
73 99
505 977
745 868
154 285
82 407
31 137
411 593
84 723
5 244
581 712
205 468
70 450
34 671
58 59
123 202
504 958
391 449
162 181
230 804
495 756
210 336
77 756
42 42
560 731
259 563
551 672
146 279
0 3
318 628
27 94
813 864
91 624
9 359
87 306
23 62
127 377
286 917
314 474
171 701
109 125
26 143
914 916
359 375
278 414
11 238
231 897
99 541
101 863
516 926
448 731
10 92
97 588
695 845
661 762
8 91
191 199
56 155
427 451
53 53
295 953
11 184
270 410
4 8
540 582
230 640
221 946
1 18
74 116
201 407
175 644
188 893
274 513
379 395
12 25
40 70
334 527
588 800
87 324
72 142
150 248
78 395
150 434
17 51
75 116
251 905
142 418
424 827
568 989
162 221
156 336
252 433
420 835
326 511
68 223
64 125
118 172
214 555
348 976
41 403
125 325
180 936
352 442
462 893
252 258
297 803
61 314
33 621
57 344
383 507
151 844
138 310
23 64
16 55
42 77
638 803
210 961
112 464
329 539
27 349
115 870
621 950
227 267
86 279
35 684
53 281
138 521
319 737
28 249
71 107
289 844
82 663
343 637
721 920
601 993
62 686
113 166
382 485
120 441
138 346
39 77
672 897
457 800
404 629
192 232
243 590
119 177
212 302
469 976
141 428
505 769
153 287
157 199
247 444
67 133
369 710
678 948
16 895
96 197
6 20
631 914
300 550
42 723
214 261
262 490
91 123
237 612
546 611
65 916
240 282
118 158
112 131
343 360
578 713
154 391
383 967
234 392
188 691
38 796
139 407
270 884
186 612
734 908
523 706
135 284
48 99
24 158
433 599
111 495
154 194
285 302
45 830
18 283
95 189
374 759
538 850
570 613
104 241
570 759
187 670
333 696
86 396
387 853
434 723
490 928
611 793
634 922
606 727
266 704
36 119
4 40
474 588
811 883
759 818
929 954
801 823
490 651
23 82
381 685
11 14
439 594
485 807
532 711
96 111
20 23
482 594
97 443
145 199
181 474
544 571
506 719
39 571
144 490
69 136
28 33
246 486
6 12
20 201
69 293
7 779
36 155
222 453
167 790
237 450
396 826
258 380
400 786
576 760
226 579
315 328
481 768
75 486
20 74
27 929
208 239
4 22
602 669
754 855
822 916
242 261
1 795
34 66
25 650
224 871
408 776
22 75
123 193
142 190
239 517
2 4
429 772
168 876
153 834
296 586
551 986
35 55
71 216
49 68
315 700
257 374
207 750
140 551
112 430
314 330
132 832
248 867
270 316
235 467
240 440
102 685
63 543
378 585
297 590
329 385
275 432
342 690
357 394
2 11
99 137
718 723
1 35
88 283
340 518
294 495
36 137
233 247
8 372
50 497
167 401
339 913
552 621
155 285
713 810
567 891
130 737
209 219
608 739
50 294
102 466
97 227
307 684
16 179
3 24
19 992
618 838
67 240
527 566
375 836
37 226
170 470
408 862
21 615
232 885
69 315
319 456
141 193
208 383
475 538
252 289
203 265
164 685
6 55
185 471
150 382
203 257
419 543
166 484
15 26
67 585
112 450
413 447
168 281
148 277
330 855
218 507
54 292
381 909
204 210
400 705
541 718
20 28
111 342
31 509
57 336
214 667
255 585
5 83
69 388
737 933
105 233
355 611
611 711
508 629
60 333
123 560
172 458
455 492
177 729
433 787
14 27
158 327
741 806
777 785
148 399
471 723
187 366
114 305
112 219
62 513
31 822
70 795
26 43
463 748
19 497
787 976
2 2
103 302
24 300
207 875
20 79
113 487
417 815
38 108
189 202
20 156
744 831
335 564
445 718
183 210
645 873
551 759
125 488
799 859
170 178
538 799
243 779
181 824
181 447
329 590
122 841
189 328
7 363
516 730
280 374
250 456
84 511
113 672
14 215
59 81
332 743
599 912
656 864
609 774
228 333
26 919
430 488
435 547
419 437
158 183
136 344
376 818
117 376
12 114
48 346
250 426
536 658
177 233
765 862
249 565
427 470
532 982
50 178
50 265
75 149
112 225
386 976
525 594
748 774
17 123
144 160
567 683
79 93
11 546
116 191
227 915
59 123
109 398
273 686
0 18
486 526
514 770
612 753
97 340
78 239
29 81
307 799
678 995
127 483
196 309
13 19
279 411
163 278
674 955
7 196
851 948
227 570
123 181
333 481
141 174
102 106
191 410
58 68
15 61
415 483
117 727
359 683
170 223
413 774
229 582
30 66
100 353
465 674
467 807
9 43
154 280
203 225
455 629
70 237
56 639
452 521
213 249
51 126
288 351
167 531
30 61
339 511
185 345
741 994
431 718
236 256
97 301
575 851
11 230
5 39
200 265
60 926
356 672
412 522
500 632
92 681
125 125
882 928
495 980
83 90
430 515
100 347
181 190
169 923
120 235
23 497
150 536
312 779
104 485
129 204
137 531
199 520
64 137
49 116
208 815
119 407
312 366
16 16
593 754
539 593
222 825
491 720
152 822
5 301
163 984
10 295
171 404
147 181
70 94
393 701
317 822
588 771
76 410
19 25
158 857
203 399
36 39
89 177
2 8
481 730
494 698
254 334
313 377
151 790
89 114
418 717
241 621
93 330
28 272
108 215
100 840
642 806
51 104
328 602
47 257
590 606
236 655
95 283
16 25
154 615
278 290
130 234
328 606
478 816
157 375
70 308
108 847
171 915
33 224
320 711
32 114
177 595
102 600
283 901
419 594
106 238
388 855
65 541
2 7
252 632
661 834
96 866
253 804
538 691
951 992
25 150
45 180
15 20
687 937
274 684
158 209
154 335
638 896
15 422
356 457
498 779
49 54
737 896
91 292
12 107
168 255
22 266
400 864
81 406
70 264
627 754
107 125
107 445
800 966
392 955
43 688
139 223
697 773
169 886
159 664
75 209
15 757
13 15
335 340
36 128
181 284
6 16
644 649
499 705
319 819
16 165
26 301
368 748
367 742
584 618
426 776
569 932
753 864
160 538
296 425
32 147
548 718
0 1
41 220
601 672
129 556
47 144
312 773
92 977
289 994
854 939
149 519
100 260
253 262
219 712
422 680
922 928
152 235
640 682
364 440
150 173
64 489
172 820
762 988
698 739
74 123
59 744
89 153
372 616
81 378
254 726
556 651
53 364
614 764
47 70
232 766
25 362
796 891
491 812
247 334
214 464
239 310
528 958
569 598
389 579
468 885
624 665
269 364
157 382
268 681
119 200
605 840
416 713
450 484
471 960
205 946
385 829
439 946
295 664
825 887
28 615
153 365
12 95
1 30
689 726
836 874
596 702
449 973
331 682
828 911
200 634
85 142
408 619
170 449
797 844
185 523
269 429
22 162
372 927
91 126
408 500
298 307
209 221
461 539
470 686
100 884
28 113
456 995
93 259
12 475
100 723
605 886
405 579
85 565
66 197
295 857
434 538
9 782
71 408
311 561
277 563
282 360
434 439
34 443
261 519
88 504
110 218
93 569
33 99
841 922
254 738
236 367
63 906
574 964
107 510
18 23
75 934
398 919
244 387
179 416
27 93
50 86
117 694
693 975
769 782
115 538
10 169
383 682
132 228
107 888
223 693
98 542
225 555
131 181
366 428
0 173
693 819
304 371
332 339
195 216
436 616
795 821
9 36
24 115
336 786
1 35
174 255
83 209
99 396
308 311
228 475
173 968
307 408
92 208
442 600
220 339
450 594
584 964
376 503
635 701
213 266
581 583
649 980
307 313
506 923
47 335
34 42
63 532
332 548
140 764
219 353
58 131
4 11
250 450
744 802
349 527
129 225
492 790
385 427
402 627
278 444
81 437
290 569
319 566
334 666
259 471
102 301
777 883
70 355
399 432
11 959
327 361
152 768
174 301
220 304
40 558
633 751
371 846
140 636
84 253
28 317
97 303
292 535
6 12
20 20
502 874
324 393
4 114
58 61
179 187
21 157
455 508
811 874
313 329
264 609
71 256
5 495
54 449
119 216
31 214
12 17
285 920
185 188
51 95
91 341
105 276
568 581
416 889
179 198
329 868
111 229
79 555
269 321
824 971
592 980
286 839
37 165
298 476
124 894
20 65
502 508
374 844
147 153
174 974
108 252
144 214
521 531
128 246
611 622
187 188
664 888
149 832
384 568
74 100
76 247
105 955
202 205
413 570
413 653
719 896
24 63
275 319
74 572
188 254
69 186
582 618
420 715
227 309
391 813
214 519
911 955
23 23
20 32
16 51
261 447
359 522
73 510
348 934
169 274
740 757
307 534
45 131
25 56
46 137
93 317
30 54
221 507
202 380
193 713
36 157
545 552
79 444
668 716
270 795
151 204
26 123
193 595
48 552
383 749
497 644
159 467
152 195
649 681
428 867
414 759
176 830
82 594
48 66
271 335
6 98
137 671
446 981
89 605
231 983
134 183
38 143
25 39
212 999
915 938
309 324
492 832
40 285
3 30
238 550
194 915
789 830
85 108
791 798
510 867
109 287
166 469
5 147
396 596
217 910
678 806
25 220
399 446
124 171
210 343
893 901
4 36
464 487
220 307
305 723
116 467
172 431
585 682
138 242
12 176
21 32
130 626
177 233
60 401
203 291
67 348
52 59
777 961
10 168
46 363
59 691
536 791
553 934
107 220
115 553
171 177
55 355
419 570
29 105
84 264
226 671
722 747
157 332
498 512
629 885
135 742
341 785
21 438
186 774
11 593
46 131
80 116
196 200
164 290
293 611
539 587
101 105
282 897
195 376
75 381
192 207
46 599
39 51
125 218
109 974
307 391
326 734
315 827
236 383
294 394
221 468
43 473
392 872
885 952
306 907
195 350
331 515
119 448
361 638
529 981
107 131
18 566
72 144
125 502
509 924
614 648
548 583
412 543
147 235
242 301
11 63
202 335
134 567
692 772
126 504
192 415
205 529
7 218
895 996
17 140
438 686
145 383
551 688
179 909
82 195
153 223
372 888
358 505
155 789
228 977
33 79
195 196
489 613
602 751
102 315
36 92
38 961
52 502
9 23
1 37
93 783
492 733
788 798
55 222
7 787
191 449
664 714
723 889
9 51
619 951
41 88
254 881
396 602
54 94
356 583
281 833
31 32
274 733
267 302
419 433
508 853
457 550
484 999
175 260
440 638
199 245
254 462
79 358
244 505
435 566
161 374
570 944
24 63
57 78
517 563
472 483
77 119
125 212
46 126
607 927
123 253
407 920
26 180
43 819
482 799
280 668
33 40
692 714
50 220
270 780
881 923
274 539
7 11
98 367
10 19
280 445
7 103
83 125
501 586
744 896
478 996
70 673
3 255
195 811
82 146
31 129
259 565
14 230
202 258
1 459
52 131
469 528
106 146
58 509
615 854
16 30
28 214
203 415
270 447
20 49
357 410
380 733
433 724
77 114
21 99
120 791
60 63
0 0
100 119
53 690
394 413
207 478
445 445
2 23
347 618
314 806
4 292
344 504
161 523
222 864
43 84
136 299
102 162
277 326
206 363
130 141
226 640
56 171
257 594
147 225
454 821
4 444
205 338
65 89
334 391
96 123
567 637
53 532
17 47
242 403
7 250
175 176
54 147
26 95
183 374
18 465
85 153
64 118
304 680
405 748
45 226
153 946
446 948
105 390
224 337
220 227
176 217
86 312
199 520
45 66
109 965
817 877
114 737
240 637
230 272
696 788
213 916
455 809
251 880
230 332
76 388
597 803
726 728
20 112
33 664
43 540
25 196
59 142
240 298
808 822
462 498
67 201
412 793
123 599
58 95
207 572
209 495
116 512
1 30
29 763
1 46
43 613
106 543
38 936
90 139
67 341
178 209
354 627
136 232
91 537
42 764
177 236
46 944
238 330
337 776
168 610
60 85
102 942
1 236
232 519
220 421
19 783
224 1000
146 163
123 170
85 96
353 409
178 558
388 623
49 50
146 204
225 267
22 24
726 919
62 130
22 196
43 78
382 681
150 503
276 312
102 174
12 58
102 181
600 844
133 314
498 579
120 582
114 137
37 717
118 954
856 934
259 511
39 258
68 246
4 41
789 853
375 468
17 21
571 972
56 542
375 546
690 781
249 280
110 216
32 81
99 261
7 582
24 39
360 503
183 316
116 152
524 940
264 274
394 813
22 66
283 962
401 946
122 509
229 590
545 909
258 603
127 582
385 715
639 835
529 633
122 294
48 101
253 838
453 521
171 311
381 609
334 854
754 855
15 311
60 667
698 807
12 32
879 1000
239 521
36 6 93 118 138 297 334 338 383 403 572 626 636 652 721 724 927 953 957 1056 1150 1173 1288 1299 1315 1363 1382 1405 1463 1524 1525 1581 1601 1752 1842 1868 1912 
43 37 43 50 95 251 322 410 443 520 610 651 731 780 806 837 875 894 942 1034 1047 1049 1061 1085 1160 1166 1291 1314 1350 1430 1540 1628 1636 1649 1655 1669 1677 1696 1761 1767 1853 1938 1944 1961 
36 142 165 342 434 459 611 655 680 717 718 728 800 851 892 924 996 1059 1153 1188 1198 1243 1262 1284 1315 1341 1421 1432 1524 1700 1790 1800 1835 1874 1900 1939 1985 
32 101 130 181 233 350 353 400 460 551 580 595 605 634 644 755 850 926 1204 1220 1242 1336 1368 1415 1508 1645 1701 1716 1731 1830 1832 1868 1979 
47 28 32 74 93 104 127 162 194 241 282 323 325 361 445 459 605 614 634 735 763 774 781 783 788 1015 1048 1062 1101 1125 1267 1316 1356 1406 1431 1454 1489 1532 1552 1554 1584 1712 1763 1774 1811 1857 1910 1912 
46 73 102 252 280 281 292 293 295 301 344 392 512 566 615 641 720 763 778 802 998 1025 1038 1048 1063 1096 1101 1120 1158 1172 1194 1205 1297 1377 1405 1562 1614 1688 1706 1751 1800 1803 1872 1875 1920 1961 1966 
39 23 57 248 284 304 375 387 458 529 564 565 602 619 631 661 697 704 762 786 823 905 923 932 953 1006 1045 1055 1104 1257 1298 1319 1339 1389 1506 1630 1686 1773 1789 1863 
52 3 10 44 95 134 156 265 314 415 463 483 519 585 662 668 691 736 757 823 859 866 899 965 1014 1024 1043 1056 1105 1132 1161 1211 1218 1300 1325 1418 1421 1490 1492 1520 1546 1568 1604 1626 1627 1632 1640 1658 1699 1751 1884 1945 1984 
37 63 107 149 156 157 200 202 339 369 388 428 513 514 535 594 607 720 832 873 916 1027 1172 1210 1252 1265 1277 1386 1491 1581 1666 1739 1786 1850 1873 1913 1964 1989 
51 39 90 100 129 180 193 205 232 252 282 305 314 349 450 519 536 544 588 598 658 689 752 760 792 800 851 877 894 1018 1148 1161 1177 1186 1195 1203 1273 1308 1364 1416 1484 1491 1509 1514 1616 1630 1712 1794 1826 1841 1848 1943 
36 56 92 105 163 179 344 369 374 397 399 400 402 609 626 635 720 765 776 871 891 907 954 975 1124 1235 1446 1577 1584 1605 1703 1757 1829 1851 1878 1891 1971 
40 49 75 106 164 193 267 335 346 386 461 512 539 546 555 667 683 737 861 875 876 889 989 1073 1078 1086 1094 1177 1206 1286 1309 1430 1453 1519 1568 1647 1732 1733 1828 1945 1965 
35 4 11 20 72 98 267 283 340 372 401 435 437 463 467 505 585 656 733 745 839 877 940 1086 1129 1189 1309 1365 1456 1513 1615 1680 1709 1799 1840 1903 
43 21 46 57 114 133 294 310 365 387 389 391 460 478 582 616 724 810 821 905 987 1036 1066 1092 1101 1160 1207 1279 1292 1318 1361 1443 1448 1455 1511 1513 1688 1704 1736 1835 1836 1860 1896 1970 
43 25 38 82 117 130 142 221 232 239 294 404 439 580 689 748 750 821 867 900 1024 1074 1204 1279 1286 1294 1365 1386 1419 1420 1429 1524 1540 1632 1643 1662 1674 1716 1734 1768 1794 1961 1969 1995 
32 22 94 155 206 324 341 364 489 624 660 820 846 1020 1021 1317 1370 1405 1454 1499 1502 1505 1538 1599 1611 1628 1662 1742 1750 1878 1897 1935 1980 
45 9 19 41 192 229 236 296 299 317 338 501 547 634 653 740 746 760 802 860 955 1003 1170 1200 1280 1320 1339 1432 1471 1569 1600 1623 1713 1718 1724 1726 1763 1774 1819 1857 1880 1885 1982 1988 1993 1998 
39 9 163 259 265 269 285 457 561 630 686 709 749 797 852 956 1017 1018 1040 1067 1165 1170 1172 1191 1391 1430 1450 1480 1538 1544 1653 1746 1771 1775 1814 1837 1876 1930 1967 1978 
36 141 143 204 217 221 222 243 381 395 437 491 732 757 763 854 876 915 971 974 986 1013 1041 1097 1213 1252 1308 1426 1491 1509 1539 1556 1577 1681 1961 1969 1993 
43 91 94 140 191 203 319 345 373 384 530 607 751 764 769 770 782 786 834 841 874 903 955 976 1013 1043 1141 1163 1174 1196 1201 1202 1218 1228 1265 1275 1318 1343 1459 1562 1617 1674 1723 1747 
33 0 43 189 512 523 609 876 905 959 1013 1015 1078 1084 1118 1141 1234 1250 1311 1320 1436 1534 1598 1631 1645 1686 1726 1739 1745 1922 1925 1936 1941 1991 
38 6 67 97 153 178 201 230 252 423 463 493 508 535 636 702 721 759 808 826 976 1054 1055 1108 1193 1232 1292 1458 1508 1589 1605 1689 1727 1738 1786 1788 1938 1964 1986 
46 37 47 137 147 165 212 257 341 350 374 437 553 601 639 669 688 714 728 792 832 867 882 909 925 981 984 1054 1098 1178 1239 1255 1313 1339 1360 1391 1407 1486 1556 1621 1747 1831 1858 1893 1912 1929 1947 
33 16 237 252 274 300 399 432 441 479 493 544 563 621 697 725 736 785 832 917 1041 1056 1130 1271 1425 1519 1571 1633 1676 1732 1857 1870 1963 1964 
42 81 101 157 192 195 215 217 258 354 494 537 544 546 603 678 690 733 774 799 805 859 940 943 945 1025 1027 1129 1166 1244 1266 1282 1347 1350 1428 1447 1549 1557 1680 1748 1848 1864 1996 
28 158 273 279 386 421 492 495 699 726 796 815 893 928 1020 1388 1456 1554 1567 1590 1595 1606 1690 1693 1705 1710 1766 1815 1948 
31 68 84 140 155 204 223 385 515 537 634 647 675 737 756 765 772 829 831 836 900 1021 1074 1313 1370 1498 1566 1681 1820 1856 1904 1913 
34 16 49 357 376 431 436 509 638 654 715 718 802 820 821 858 877 939 953 975 1038 1213 1344 1670 1700 1721 1731 1798 1832 1836 1855 1868 1906 1945 1949 
41 38 56 100 208 266 356 411 448 520 552 621 624 645 648 719 798 997 1016 1094 1096 1187 1252 1263 1297 1394 1413 1542 1580 1593 1595 1646 1671 1780 1781 1879 1899 1908 1922 1971 1978 1995 
31 19 60 67 157 186 263 279 299 446 490 499 518 540 718 735 771 875 879 1042 1147 1352 1394 1433 1552 1564 1620 1648 1682 1759 1850 1860 
39 54 136 150 177 208 284 298 380 408 487 610 629 707 824 859 880 901 915 1054 1067 1096 1165 1188 1228 1244 1278 1321 1342 1360 1371 1386 1394 1405 1481 1521 1601 1610 1655 1967 
56 89 162 167 190 212 226 229 251 259 280 362 430 465 470 475 562 574 581 619 661 685 757 915 919 964 965 1024 1026 1034 1130 1204 1220 1279 1280 1293 1299 1348 1363 1396 1407 1432 1489 1510 1603 1628 1656 1658 1666 1667 1784 1786 1812 1832 1869 1871 1980 
39 27 262 300 329 343 346 471 532 540 543 598 675 681 833 837 852 918 1134 1179 1217 1225 1233 1301 1308 1328 1339 1370 1466 1562 1600 1609 1630 1644 1704 1805 1837 1891 1897 1902 
46 55 59 86 125 155 179 195 197 261 275 278 279 295 315 322 400 552 628 634 697 749 782 822 862 882 958 959 1019 1074 1080 1232 1287 1416 1453 1468 1474 1478 1596 1631 1649 1767 1848 1850 1853 1934 1939 
36 30 168 182 376 399 401 410 425 427 434 536 576 582 729 741 748 836 956 964 994 1017 1059 1102 1140 1144 1410 1427 1465 1469 1559 1578 1683 1738 1801 1825 1994 
48 1 35 65 79 107 171 191 199 282 289 344 355 375 436 451 464 533 599 670 677 691 736 920 959 1014 1055 1171 1226 1261 1304 1367 1494 1495 1558 1572 1583 1620 1646 1685 1702 1751 1773 1836 1921 1944 1971 1988 1994 
39 2 33 34 112 127 188 207 210 270 277 361 366 396 406 466 504 536 591 640 722 790 859 945 948 1000 1008 1074 1254 1304 1367 1458 1598 1626 1635 1636 1762 1787 1872 1917 
45 6 53 64 94 97 177 234 314 361 439 469 488 559 570 572 584 639 676 922 993 1011 1026 1050 1073 1095 1136 1276 1288 1331 1360 1366 1372 1378 1428 1540 1544 1602 1620 1643 1653 1663 1731 1756 1894 1941 
39 4 12 36 216 217 220 236 370 379 405 478 544 551 652 719 737 1045 1061 1097 1122 1124 1181 1238 1283 1316 1473 1497 1611 1666 1667 1684 1696 1733 1738 1787 1819 1885 1942 1991 
31 8 327 495 602 627 675 719 760 890 928 1013 1043 1061 1202 1235 1252 1274 1285 1347 1428 1434 1577 1627 1759 1773 1786 1854 1883 1898 1919 1937 
49 3 137 146 219 222 318 332 335 355 432 437 500 593 610 666 685 702 704 738 759 854 864 874 878 1110 1193 1209 1263 1301 1307 1321 1386 1443 1480 1498 1531 1554 1584 1607 1616 1638 1666 1709 1725 1738 1787 1825 1849 1963 
41 45 52 61 121 260 265 271 330 354 365 377 387 429 452 468 470 513 537 610 615 624 640 799 850 946 993 1063 1107 1147 1228 1264 1375 1427 1440 1526 1591 1758 1813 1916 1924 1928 
40 23 99 148 177 245 259 278 284 401 409 446 467 487 613 810 826 835 844 864 878 970 1011 1046 1062 1180 1297 1365 1461 1466 1512 1536 1599 1674 1690 1701 1764 1768 1799 1861 1922 
46 229 247 262 274 314 356 363 367 419 458 524 532 541 563 600 603 607 663 692 698 737 740 756 802 839 936 939 993 1100 1116 1147 1163 1173 1189 1217 1236 1425 1439 1531 1617 1652 1671 1733 1851 1910 1942 
41 55 67 96 123 126 139 166 240 270 516 584 586 717 730 738 830 833 854 855 904 1120 1123 1144 1214 1251 1268 1290 1323 1362 1369 1412 1508 1517 1554 1584 1604 1686 1694 1768 1821 1961 
46 51 72 79 91 118 189 197 235 278 297 340 367 411 453 494 505 560 599 637 699 760 974 996 1006 1013 1044 1236 1249 1253 1256 1426 1438 1459 1465 1500 1531 1555 1592 1626 1650 1788 1833 1838 1897 1914 1942 
37 91 156 172 192 293 321 341 343 363 364 370 394 600 639 738 739 868 886 961 991 1009 1013 1082 1097 1130 1189 1227 1274 1304 1387 1514 1695 1817 1844 1868 1874 1946 
46 7 66 70 78 119 255 282 364 435 444 501 526 578 587 589 632 661 774 820 889 917 939 954 992 1043 1095 1147 1237 1281 1330 1405 1446 1493 1543 1688 1716 1718 1727 1789 1790 1795 1798 1802 1861 1933 1962 
43 17 34 234 366 453 461 477 505 512 593 666 716 727 772 775 780 787 803 903 914 957 1042 1120 1148 1244 1275 1284 1290 1324 1409 1433 1455 1475 1512 1557 1621 1631 1632 1673 1721 1725 1821 1911 
33 11 81 113 224 361 378 518 564 580 663 704 783 921 1021 1081 1134 1197 1203 1206 1297 1373 1407 1414 1417 1436 1446 1493 1530 1565 1617 1829 1894 1937 
48 35 82 214 222 233 242 278 286 295 363 416 420 540 604 635 777 803 819 843 853 879 881 890 940 1189 1251 1295 1303 1320 1328 1399 1477 1518 1565 1583 1649 1671 1702 1712 1792 1811 1827 1838 1848 1870 1882 1936 1989 
36 118 296 316 334 342 368 524 587 613 625 718 752 757 787 817 825 910 1140 1187 1202 1205 1443 1476 1538 1546 1552 1562 1644 1713 1744 1790 1869 1890 1893 1931 1935 
52 5 34 112 162 169 178 334 335 337 343 435 459 530 561 593 627 663 673 676 688 745 759 807 873 917 934 956 965 979 1011 1012 1046 1079 1148 1151 1161 1223 1300 1429 1460 1631 1650 1713 1740 1774 1795 1831 1857 1860 1947 1952 1981 
51 36 70 97 138 142 240 253 347 356 374 491 518 548 555 567 579 596 635 714 791 832 909 939 952 1017 1035 1054 1055 1122 1149 1174 1187 1208 1230 1231 1259 1278 1362 1365 1459 1608 1736 1744 1769 1858 1864 1899 1916 1940 1980 1981 
41 15 113 155 164 173 207 265 381 437 459 462 492 499 517 521 544 564 603 665 704 781 818 847 879 922 1014 1145 1190 1209 1219 1255 1445 1449 1573 1599 1636 1647 1790 1852 1907 1992 
34 177 180 230 401 655 669 743 814 842 896 919 923 972 1016 1100 1216 1224 1301 1314 1388 1417 1476 1492 1522 1523 1537 1576 1656 1789 1791 1793 1838 1896 1976 
44 145 164 176 185 211 239 268 420 421 451 500 547 611 708 750 767 818 819 822 868 897 953 962 967 1039 1121 1201 1280 1375 1385 1398 1408 1501 1537 1624 1626 1670 1717 1730 1731 1796 1948 1952 1968 
41 50 71 142 158 216 338 363 366 427 459 462 488 525 577 606 644 651 655 760 776 857 909 920 933 973 1014 1019 1041 1081 1098 1128 1316 1470 1627 1776 1778 1792 1892 1902 1940 1982 
47 2 42 45 69 131 179 185 187 282 466 515 539 598 658 701 703 744 753 762 767 972 979 994 1028 1038 1074 1140 1234 1239 1278 1306 1346 1411 1447 1460 1490 1520 1545 1619 1652 1724 1731 1800 1879 1892 1905 1912 
34 35 47 80 90 209 215 442 547 563 656 678 688 828 858 895 1122 1125 1177 1230 1257 1354 1409 1438 1460 1557 1630 1669 1718 1724 1772 1812 1838 1909 1947 
31 106 266 278 354 479 495 664 683 720 786 855 880 928 981 983 995 1168 1210 1219 1322 1363 1451 1529 1561 1717 1770 1858 1865 1883 1962 1968 
32 27 114 117 180 190 280 424 512 588 850 862 932 944 1078 1110 1121 1158 1253 1294 1314 1353 1435 1477 1517 1596 1667 1716 1737 1777 1788 1892 1926 
51 58 132 196 201 240 259 266 269 296 302 311 342 386 402 420 484 486 538 643 654 662 676 684 701 756 827 872 881 961 1051 1146 1237 1409 1466 1487 1519 1545 1593 1608 1628 1629 1666 1670 1732 1736 1749 1770 1793 1905 1977 1980 
37 18 34 76 104 113 128 193 253 336 366 424 482 528 576 634 804 828 833 857 885 906 961 1131 1133 1160 1228 1240 1263 1297 1371 1406 1659 1694 1701 1751 1865 1961 
37 44 56 102 175 272 300 363 534 549 573 604 624 654 701 763 784 842 963 1006 1169 1174 1377 1440 1574 1589 1622 1660 1696 1708 1713 1728 1804 1820 1871 1914 1921 1987 
27 34 59 92 230 387 416 418 480 563 660 686 829 863 1056 1089 1112 1142 1465 1471 1495 1521 1585 1642 1693 1797 1813 1999 
32 0 144 189 198 263 417 458 465 490 626 818 893 917 922 944 983 1052 1094 1127 1130 1356 1362 1468 1642 1654 1692 1725 1753 1831 1880 1890 1936 
36 47 72 96 181 320 383 434 442 515 615 640 644 652 679 738 742 767 769 805 1012 1071 1091 1198 1310 1361 1372 1403 1429 1431 1448 1474 1570 1634 1675 1735 1771 
42 43 91 157 264 318 330 412 417 422 499 513 565 588 590 850 890 955 960 1057 1068 1120 1170 1299 1301 1314 1329 1386 1488 1545 1579 1588 1714 1731 1736 1750 1757 1779 1793 1809 1811 1871 1919 
37 2 33 55 92 102 157 191 215 220 225 279 295 308 584 657 671 699 759 761 840 919 921 1033 1093 1280 1339 1355 1447 1517 1526 1533 1639 1863 1904 1949 1951 1974 
35 13 24 115 184 195 280 326 361 383 423 550 896 1011 1136 1152 1195 1227 1240 1286 1303 1408 1437 1555 1585 1601 1607 1633 1646 1651 1720 1765 1768 1812 1826 1911 
36 48 91 133 211 342 461 486 513 545 569 600 670 756 784 856 874 929 950 977 1069 1079 1102 1141 1319 1387 1416 1554 1635 1671 1821 1843 1871 1919 1923 1940 1999 
38 54 73 80 125 271 329 380 488 489 557 571 601 604 667 674 676 726 768 785 849 888 925 1144 1190 1389 1445 1508 1511 1561 1564 1677 1700 1706 1720 1820 1854 1884 1913 
41 14 75 196 277 307 339 388 441 583 715 718 759 773 779 801 878 958 972 976 1054 1064 1088 1094 1117 1158 1201 1231 1368 1374 1376 1451 1492 1673 1690 1742 1769 1774 1827 1831 1900 1948 
46 23 93 114 122 142 229 254 293 460 599 622 708 761 776 794 834 855 857 884 1012 1160 1175 1176 1184 1216 1217 1222 1335 1366 1443 1452 1489 1547 1572 1610 1674 1723 1783 1789 1838 1853 1855 1911 1930 1979 1990 
35 46 55 173 177 327 359 391 458 482 484 589 669 777 793 821 850 879 880 954 1017 1109 1255 1283 1332 1343 1364 1410 1412 1626 1668 1734 1749 1751 1837 1870 
33 68 111 115 122 226 233 251 258 279 294 315 342 399 494 608 620 690 764 797 835 846 956 978 991 1228 1283 1570 1636 1697 1761 1786 1794 1890 
47 40 48 120 179 196 236 251 276 306 325 401 424 504 516 591 592 606 654 655 657 806 808 874 894 939 1141 1172 1190 1191 1265 1289 1322 1340 1378 1457 1509 1515 1559 1586 1639 1737 1753 1757 1817 1833 1957 1989 
35 29 170 267 328 336 345 383 503 547 587 619 701 761 817 844 862 957 959 1104 1181 1230 1303 1314 1342 1553 1554 1558 1678 1696 1703 1720 1750 1768 1775 1991 
29 116 182 251 256 271 426 569 599 619 727 771 872 890 997 1031 1063 1066 1177 1204 1380 1512 1639 1668 1778 1883 1884 1925 1928 1985 
35 70 77 175 266 278 405 429 462 522 523 541 573 618 622 638 674 681 817 820 1022 1032 1055 1058 1060 1166 1203 1207 1229 1231 1426 1691 1699 1756 1881 1965 
38 64 121 147 197 218 254 267 379 400 417 443 469 481 585 621 817 827 896 942 970 1004 1026 1135 1374 1381 1448 1526 1589 1629 1663 1686 1775 1873 1892 1914 1966 1984 1987 
45 18 74 120 184 346 386 402 407 409 415 443 463 496 500 506 508 516 536 616 653 679 739 768 798 817 920 973 975 1095 1100 1121 1157 1164 1170 1269 1285 1289 1319 1552 1578 1669 1687 1693 1813 1818 
43 38 145 148 242 293 333 348 405 418 427 433 469 507 513 556 578 620 832 880 891 898 986 988 1065 1075 1087 1123 1149 1165 1213 1280 1282 1314 1375 1477 1489 1497 1516 1643 1754 1779 1935 1947 
31 61 127 128 255 303 340 347 441 488 514 711 729 828 940 951 968 1111 1142 1171 1278 1479 1534 1577 1622 1643 1678 1695 1772 1904 1981 1983 
29 0 57 62 90 214 304 319 323 374 394 531 650 686 1099 1139 1267 1508 1578 1614 1615 1689 1784 1828 1835 1836 1910 1914 1930 1943 
32 72 147 162 233 290 419 571 575 576 714 723 743 834 910 929 938 955 966 993 1106 1204 1230 1264 1363 1368 1369 1494 1521 1697 1802 1896 1918 
35 180 217 225 254 309 390 456 468 521 567 629 678 840 875 1138 1162 1197 1234 1318 1330 1346 1412 1525 1531 1645 1717 1754 1768 1769 1872 1890 1895 1964 1972 1981 
45 20 69 99 113 146 187 194 227 253 336 337 340 369 381 460 473 506 522 544 680 690 756 798 820 860 895 1057 1158 1209 1253 1322 1344 1384 1426 1469 1618 1712 1725 1732 1834 1837 1851 1865 1913 1927 
40 103 155 218 436 463 546 648 662 682 697 706 714 736 777 805 809 832 930 955 1108 1157 1181 1183 1275 1282 1287 1368 1386 1464 1474 1510 1600 1637 1703 1721 1734 1760 1767 1790 1987 
39 115 124 159 192 196 228 350 375 401 425 580 623 636 646 654 676 680 684 706 714 715 825 834 874 962 1007 1123 1202 1283 1316 1335 1427 1626 1667 1842 1876 1898 1913 1990 
43 132 143 158 229 295 304 416 426 469 534 569 575 580 589 598 630 672 674 721 758 761 808 889 901 994 1141 1159 1170 1194 1241 1272 1312 1381 1423 1439 1456 1469 1508 1559 1692 1780 1892 1961 
44 0 25 33 68 71 112 126 237 257 314 343 472 671 709 730 778 817 878 912 951 953 961 983 985 1074 1288 1392 1408 1416 1431 1461 1581 1586 1687 1703 1707 1787 1813 1853 1859 1894 1915 1936 1944 
51 48 57 70 108 144 216 231 244 257 327 347 352 362 381 425 446 450 621 680 685 723 735 817 822 863 871 874 894 919 962 1029 1060 1061 1107 1189 1241 1257 1400 1466 1487 1515 1582 1647 1722 1724 1734 1748 1789 1866 1918 1954 
53 149 156 172 244 316 324 335 376 419 464 502 511 512 522 533 562 597 609 705 747 767 797 913 915 918 925 939 985 999 1037 1216 1249 1258 1264 1265 1268 1305 1351 1361 1397 1514 1541 1578 1582 1612 1699 1708 1723 1736 1743 1827 1946 1976 
38 24 34 137 158 278 353 406 439 473 485 550 561 573 613 634 641 716 739 800 915 916 961 1012 1047 1142 1194 1237 1309 1416 1468 1532 1654 1687 1775 1878 1895 1910 1983 
34 24 26 36 231 289 315 358 407 440 641 758 861 873 889 1036 1212 1214 1225 1302 1406 1414 1454 1467 1505 1536 1605 1644 1657 1672 1692 1810 1849 1887 1943 
36 37 51 160 210 302 305 348 420 435 458 485 497 544 751 762 833 939 967 998 1211 1306 1323 1515 1525 1550 1578 1580 1625 1640 1694 1735 1750 1832 1913 1924 1937 
31 0 61 121 154 161 171 241 256 433 470 517 707 719 857 1001 1064 1097 1220 1246 1250 1286 1294 1325 1492 1626 1741 1815 1862 1863 1903 1974 
49 54 130 159 213 265 295 413 423 460 472 510 532 542 545 601 612 645 674 694 740 775 780 819 845 879 900 920 1072 1077 1144 1183 1229 1230 1242 1379 1407 1411 1413 1422 1466 1503 1509 1602 1641 1670 1713 1755 1816 1849 
48 58 80 180 209 235 243 253 318 349 365 374 419 433 438 550 570 605 622 693 730 744 798 833 882 941 956 972 991 1020 1057 1077 1124 1128 1188 1214 1217 1224 1231 1390 1444 1473 1563 1580 1675 1741 1851 1906 1982 
38 44 68 149 165 185 194 395 464 489 504 514 565 567 585 603 618 665 785 887 891 923 941 969 1018 1192 1270 1271 1273 1363 1531 1586 1600 1602 1626 1696 1737 1818 1852 
50 35 54 62 114 117 182 321 336 393 637 651 670 732 746 764 780 826 828 855 857 870 911 917 921 930 974 1058 1075 1092 1093 1132 1158 1209 1278 1289 1340 1345 1348 1367 1373 1467 1552 1644 1839 1856 1886 1918 1929 1932 1963 
46 19 78 143 152 161 325 380 512 624 646 652 674 813 853 907 926 954 991 1028 1053 1079 1119 1144 1151 1391 1395 1398 1407 1409 1435 1444 1531 1537 1539 1560 1592 1629 1634 1664 1693 1752 1796 1892 1935 1938 1939 
39 12 31 39 71 81 86 116 223 263 269 287 380 395 497 501 764 872 892 893 899 950 955 1151 1168 1256 1271 1418 1457 1504 1512 1514 1582 1599 1612 1734 1813 1855 1903 1924 
39 52 75 131 144 178 187 348 352 434 489 634 651 675 680 725 797 821 852 935 978 1038 1070 1124 1236 1319 1334 1465 1511 1516 1533 1541 1560 1613 1628 1690 1714 1745 1832 1967 
26 22 35 110 199 230 296 447 466 833 848 930 991 1023 1112 1126 1201 1205 1239 1283 1302 1325 1627 1676 1715 1744 1925 
31 21 74 158 198 203 290 361 366 388 413 538 595 682 886 889 1251 1287 1405 1508 1513 1543 1581 1644 1673 1692 1783 1822 1839 1859 1877 1968 
51 35 41 54 91 183 195 250 252 259 285 323 516 535 602 636 643 677 735 737 739 1004 1020 1039 1073 1106 1120 1152 1199 1349 1360 1376 1465 1469 1470 1472 1501 1532 1553 1604 1653 1675 1753 1760 1767 1824 1855 1873 1898 1969 1973 1974 
47 38 58 92 109 146 167 176 232 252 272 293 294 298 303 334 396 398 404 417 436 494 620 679 758 813 896 924 934 963 995 1060 1132 1211 1299 1302 1321 1323 1371 1401 1419 1445 1475 1478 1544 1731 1815 1890 
42 79 117 184 216 219 265 347 377 403 474 491 496 542 653 675 698 716 762 883 889 907 915 924 992 1056 1064 1209 1267 1268 1272 1342 1364 1483 1531 1607 1609 1638 1647 1721 1826 1941 1959 
43 92 117 141 179 286 319 337 339 383 419 440 483 491 550 590 715 727 754 791 843 853 858 876 962 994 1000 1157 1169 1172 1179 1195 1259 1282 1378 1434 1556 1646 1667 1702 1847 1887 1888 1923 
47 46 74 141 190 223 266 447 475 517 530 674 677 954 964 992 1010 1096 1098 1120 1125 1154 1188 1264 1291 1299 1302 1366 1393 1395 1405 1410 1452 1465 1535 1585 1591 1607 1668 1686 1694 1762 1767 1807 1890 1910 1949 1983 
41 123 162 225 231 257 297 390 461 516 561 581 582 584 638 677 710 745 757 773 799 836 854 860 897 995 1011 1017 1114 1201 1316 1448 1450 1472 1489 1555 1599 1656 1677 1916 1942 1968 
35 69 101 140 293 316 337 344 442 490 569 583 589 622 700 717 719 723 869 890 919 999 1215 1231 1300 1317 1389 1399 1604 1643 1652 1693 1720 1777 1807 1817 
45 95 178 191 268 375 382 432 449 462 515 561 586 642 716 790 818 864 976 1157 1173 1184 1229 1274 1278 1383 1453 1475 1496 1520 1541 1558 1578 1588 1619 1627 1698 1753 1795 1804 1872 1914 1920 1979 1985 1997 
31 15 76 358 414 651 729 735 819 869 927 933 1042 1115 1188 1201 1298 1415 1434 1470 1476 1609 1673 1746 1780 1788 1793 1831 1833 1900 1910 1914 
42 1 120 206 236 237 283 300 320 402 465 506 538 566 651 779 787 878 1039 1066 1093 1204 1341 1343 1360 1361 1392 1444 1467 1561 1567 1618 1626 1668 1717 1754 1760 1819 1893 1901 1911 1912 1985 
41 46 70 113 139 181 185 378 447 533 570 606 700 722 801 851 891 926 931 947 958 1001 1002 1015 1022 1093 1117 1173 1191 1320 1352 1370 1490 1509 1529 1533 1569 1657 1755 1785 1791 1816 
50 54 90 237 307 316 359 467 568 609 656 661 666 674 804 822 839 872 898 908 918 948 977 981 998 1035 1037 1113 1125 1150 1153 1179 1185 1360 1367 1389 1456 1490 1534 1583 1587 1614 1647 1691 1874 1877 1891 1899 1961 1979 1993 
37 139 166 272 279 282 415 416 470 546 625 636 644 720 747 883 932 973 992 1028 1057 1059 1071 1085 1103 1178 1208 1270 1305 1360 1539 1557 1651 1741 1791 1812 1945 1980 
43 0 8 71 134 193 335 404 469 501 556 581 582 623 664 705 725 776 809 1018 1019 1081 1126 1141 1171 1192 1222 1238 1285 1297 1299 1304 1410 1422 1466 1493 1528 1578 1590 1735 1757 1852 1925 1953 
41 11 54 137 144 172 181 317 439 531 554 599 600 655 700 705 722 737 801 872 903 959 1015 1113 1146 1164 1226 1227 1229 1298 1394 1587 1598 1602 1643 1817 1831 1843 1926 1960 1966 1992 
27 21 26 41 87 170 242 351 379 440 490 534 622 659 687 738 847 978 1044 1111 1114 1171 1303 1428 1467 1782 1797 1818 
36 100 119 125 266 268 328 417 488 564 581 591 599 651 803 906 993 1045 1059 1073 1084 1109 1127 1143 1223 1278 1411 1494 1564 1582 1598 1603 1633 1641 1672 1854 1972 
40 33 42 123 139 187 192 218 239 281 299 353 357 503 514 558 629 641 658 678 770 898 973 1029 1093 1191 1212 1233 1254 1266 1320 1326 1327 1400 1507 1591 1676 1688 1801 1972 1979 
48 7 85 105 113 183 258 267 293 294 313 315 316 377 382 417 495 527 560 571 625 706 908 926 946 1140 1157 1207 1215 1371 1405 1406 1420 1449 1532 1563 1581 1651 1740 1743 1769 1770 1771 1875 1908 1922 1950 1953 1984 
35 120 271 376 407 415 449 476 561 580 606 633 726 788 825 835 881 949 1073 1076 1146 1214 1263 1266 1342 1348 1399 1459 1593 1612 1735 1833 1910 1911 1923 1929 
31 156 159 190 229 317 374 557 567 765 772 797 837 838 906 1116 1212 1232 1389 1424 1443 1558 1602 1613 1619 1695 1712 1802 1835 1850 1935 1990 
41 37 69 161 166 235 423 442 472 492 502 519 563 623 758 781 881 891 925 943 1082 1109 1141 1143 1254 1410 1414 1489 1555 1571 1594 1598 1609 1691 1704 1722 1758 1788 1852 1870 1891 1938 
49 19 77 83 85 94 143 200 229 281 294 375 379 493 503 515 541 557 558 562 635 728 778 779 834 843 854 963 980 1007 1012 1075 1081 1149 1249 1285 1312 1325 1627 1632 1633 1643 1645 1650 1758 1799 1801 1844 1848 1926 
45 17 42 59 68 221 243 322 367 391 438 471 518 614 623 637 680 682 735 836 891 1031 1080 1083 1210 1213 1334 1367 1369 1412 1452 1513 1573 1658 1692 1712 1721 1790 1848 1869 1876 1912 1923 1951 1988 1992 
37 5 43 71 96 160 188 215 280 288 339 435 480 638 679 765 766 833 835 898 904 944 957 1059 1114 1250 1263 1370 1409 1536 1556 1606 1635 1750 1831 1846 1849 1952 
45 5 67 136 161 190 284 334 361 422 602 649 664 665 683 698 792 812 823 865 916 941 949 985 1078 1100 1127 1142 1191 1305 1362 1406 1417 1448 1540 1542 1598 1637 1644 1718 1756 1787 1936 1969 1985 1997 
48 97 115 116 164 165 273 298 305 376 421 545 619 677 681 693 758 770 836 890 943 980 1173 1174 1192 1233 1234 1260 1303 1328 1331 1342 1401 1430 1442 1472 1535 1575 1610 1632 1771 1777 1794 1808 1818 1862 1876 1910 1915 
48 10 21 68 132 171 189 238 312 331 406 445 481 583 620 625 654 662 725 743 882 916 921 945 949 1031 1062 1064 1126 1170 1175 1176 1218 1247 1398 1406 1445 1520 1534 1563 1647 1727 1733 1781 1808 1814 1855 1861 1991 
46 112 157 202 227 320 322 381 544 620 692 703 781 816 840 845 846 877 902 988 1029 1057 1082 1123 1140 1148 1210 1284 1411 1425 1473 1523 1588 1603 1649 1654 1655 1661 1707 1715 1811 1849 1859 1877 1917 1962 1994 
44 1 39 40 94 98 191 224 473 489 542 547 553 554 585 689 723 728 867 954 966 1037 1040 1073 1155 1173 1187 1344 1364 1393 1443 1451 1471 1496 1534 1577 1582 1648 1670 1679 1701 1731 1769 1936 1979 
47 72 129 159 177 247 345 357 468 489 514 531 561 562 571 605 660 682 695 798 827 830 895 916 929 940 1033 1060 1083 1122 1176 1182 1206 1207 1340 1364 1495 1513 1613 1652 1698 1766 1782 1805 1814 1870 1937 1967 
33 108 122 163 364 377 378 418 490 494 516 531 532 602 608 685 725 819 827 887 889 953 1051 1099 1179 1227 1415 1431 1638 1673 1689 1714 1833 1983 
44 55 78 192 199 267 272 279 288 393 400 464 471 474 572 587 782 783 800 811 841 856 859 863 866 960 1075 1226 1279 1365 1383 1390 1449 1463 1528 1563 1594 1749 1811 1888 1905 1917 1961 1966 1990 
34 16 18 128 145 262 314 362 389 473 492 546 632 687 696 834 863 927 964 967 1097 1175 1315 1449 1496 1578 1580 1626 1675 1715 1758 1797 1871 1975 1984 
35 98 108 148 151 189 306 337 392 465 559 588 698 733 783 786 824 850 855 866 1016 1123 1140 1146 1167 1228 1392 1411 1413 1444 1539 1583 1643 1679 1735 1970 
48 2 17 70 75 136 190 280 312 412 563 584 657 659 715 722 726 741 742 744 750 832 833 891 927 1004 1022 1034 1055 1076 1111 1113 1159 1235 1267 1314 1333 1425 1533 1555 1611 1732 1761 1824 1825 1889 1897 1975 1992 
35 22 103 141 255 316 426 528 598 667 698 714 717 835 837 956 1023 1208 1221 1232 1300 1340 1387 1408 1450 1553 1579 1666 1714 1715 1786 1943 1948 1963 1975 1977 
42 138 161 203 258 260 278 349 363 368 389 404 434 438 444 459 472 512 526 553 659 668 675 715 803 1090 1099 1162 1171 1344 1361 1402 1467 1548 1565 1614 1671 1672 1697 1705 1856 1869 1870 
36 0 9 27 67 99 124 126 156 163 188 296 375 384 415 561 646 660 711 954 995 998 1014 1034 1167 1276 1363 1393 1406 1468 1579 1606 1615 1821 1912 1941 1958 
39 1 17 53 55 167 337 365 378 418 564 684 699 703 717 780 789 884 921 984 991 996 1011 1058 1129 1150 1159 1251 1315 1364 1435 1475 1518 1530 1585 1629 1707 1712 1941 1982 
39 33 67 115 116 122 135 137 361 364 432 507 525 534 570 779 837 948 997 1054 1063 1069 1143 1183 1193 1219 1263 1264 1293 1306 1311 1382 1408 1561 1571 1601 1671 1702 1902 1956 
35 16 42 159 281 314 429 433 519 568 577 872 878 902 1015 1019 1055 1124 1161 1177 1269 1289 1362 1379 1417 1449 1672 1718 1732 1735 1770 1813 1860 1910 1912 1996 
37 147 151 289 346 384 396 399 463 488 539 566 602 620 657 674 759 923 1095 1137 1159 1175 1290 1414 1441 1450 1482 1508 1695 1717 1731 1815 1832 1856 1868 1915 1928 1962 
44 7 136 222 229 241 254 331 365 367 431 438 545 577 594 643 679 699 716 897 920 993 1040 1070 1079 1175 1178 1205 1241 1317 1337 1390 1409 1413 1480 1500 1637 1719 1749 1752 1754 1798 1851 1869 1891 
43 51 138 177 217 219 260 294 315 415 543 592 606 607 700 712 768 818 915 925 1044 1055 1131 1162 1182 1324 1339 1461 1535 1541 1548 1564 1579 1659 1689 1715 1733 1755 1767 1789 1893 1980 1983 1995 
35 40 106 141 202 385 433 598 611 642 665 784 865 1012 1046 1159 1164 1211 1223 1256 1333 1338 1341 1369 1385 1437 1441 1444 1452 1489 1494 1527 1737 1816 1845 1973 
47 25 146 213 215 219 220 234 265 343 351 403 410 488 574 642 712 731 735 901 960 989 999 1121 1222 1227 1279 1301 1329 1397 1419 1427 1432 1437 1481 1486 1502 1517 1518 1570 1598 1635 1653 1668 1689 1698 1716 1950 
37 2 26 33 47 119 126 139 158 200 233 355 376 513 530 598 619 637 659 741 763 864 885 1016 1120 1202 1245 1327 1537 1542 1555 1604 1681 1742 1772 1792 1828 1879 
40 3 38 118 186 197 234 238 256 326 336 459 493 512 642 682 714 721 757 811 820 841 876 884 890 918 1047 1060 1076 1287 1349 1358 1447 1509 1687 1848 1873 1901 1936 1978 1989 
39 10 50 68 169 216 270 432 466 514 525 527 596 621 630 653 686 872 912 1002 1054 1065 1307 1337 1372 1429 1472 1552 1569 1579 1583 1600 1669 1691 1719 1776 1848 1850 1935 1965 
29 135 173 194 251 430 471 489 515 558 652 756 832 853 868 886 919 1005 1068 1069 1080 1162 1298 1418 1428 1567 1598 1714 1819 1864 
39 33 136 188 198 280 320 352 402 592 612 623 635 741 782 807 845 877 922 1056 1105 1115 1174 1180 1187 1270 1318 1344 1388 1390 1426 1452 1511 1560 1618 1631 1648 1719 1818 1907 
46 103 131 227 236 288 349 378 384 398 412 448 461 515 548 628 700 715 766 875 942 963 979 1036 1037 1067 1157 1192 1243 1262 1368 1451 1454 1458 1485 1522 1533 1565 1592 1627 1654 1668 1683 1823 1833 1861 1935 
44 29 36 45 60 118 143 174 232 246 269 276 301 338 377 392 399 476 548 601 703 710 724 770 840 893 1013 1068 1087 1125 1272 1315 1343 1345 1355 1359 1426 1474 1538 1558 1590 1672 1734 1764 1891 
43 56 62 84 110 115 177 218 230 264 279 332 361 390 493 498 513 524 638 656 658 723 757 873 885 892 904 1032 1178 1188 1235 1360 1384 1453 1490 1551 1597 1708 1770 1817 1880 1899 1950 1998 
43 67 90 114 136 219 303 432 513 574 645 653 675 724 742 746 761 778 804 852 911 918 995 1034 1050 1089 1143 1208 1247 1281 1415 1423 1427 1446 1499 1605 1628 1646 1657 1792 1836 1845 1853 1978 
28 77 156 174 238 360 382 549 694 697 727 822 901 917 996 1065 1076 1106 1118 1172 1266 1343 1438 1495 1669 1890 1915 1920 1937 
40 3 167 184 215 253 317 338 371 394 405 546 568 601 604 739 769 851 873 876 1050 1128 1134 1155 1159 1238 1249 1302 1365 1445 1468 1559 1679 1698 1834 1839 1843 1882 1932 1940 1979 
33 215 265 315 321 378 496 599 600 681 731 736 807 826 838 889 969 1102 1218 1299 1342 1397 1409 1439 1510 1512 1602 1629 1644 1666 1682 1722 1809 1881 
32 90 98 160 230 285 309 400 403 422 435 448 468 530 545 957 1025 1038 1168 1206 1226 1281 1298 1343 1552 1559 1560 1577 1712 1723 1895 1970 1987 
58 16 17 56 69 71 73 168 205 231 249 257 318 385 425 465 529 590 616 626 766 777 789 823 895 897 902 918 933 937 945 955 1002 1056 1127 1135 1158 1170 1190 1229 1243 1403 1515 1532 1553 1577 1649 1665 1667 1729 1759 1806 1812 1815 1840 1858 1886 1898 1916 
39 7 90 100 104 226 251 287 310 333 390 458 478 488 523 679 740 768 798 848 858 894 1011 1085 1103 1203 1205 1422 1499 1557 1603 1608 1610 1713 1736 1743 1822 1849 1869 1962 
32 16 83 237 253 283 298 368 426 502 554 598 666 687 720 858 916 929 1012 1135 1159 1391 1670 1686 1688 1787 1806 1854 1882 1894 1911 1919 1920 
39 23 36 40 169 183 193 221 235 251 301 311 319 382 408 416 421 428 433 443 621 673 852 889 968 1018 1102 1104 1149 1207 1212 1279 1318 1410 1645 1803 1841 1853 1937 1958 
38 45 124 220 231 232 321 362 370 384 454 462 464 552 562 575 580 652 671 678 791 860 947 982 1030 1049 1095 1196 1242 1268 1280 1298 1319 1470 1479 1673 1726 1792 1793 
53 30 112 256 270 287 399 476 477 497 512 537 566 581 601 721 734 743 818 873 899 931 999 1027 1039 1145 1162 1174 1203 1270 1284 1291 1293 1305 1323 1339 1340 1353 1395 1396 1599 1661 1687 1689 1699 1762 1781 1820 1841 1877 1878 1924 1944 1988 
44 69 73 335 388 440 445 536 561 617 619 625 771 797 849 851 856 872 990 992 1058 1061 1065 1083 1160 1201 1269 1304 1326 1345 1353 1366 1373 1388 1462 1473 1518 1553 1634 1667 1684 1688 1740 1791 1811 
39 129 160 218 275 306 317 334 416 461 582 620 643 651 736 742 842 924 971 991 1001 1003 1005 1049 1075 1154 1184 1197 1199 1288 1415 1462 1535 1568 1580 1680 1769 1788 1812 1951 
47 1 14 18 88 93 109 112 116 152 198 223 224 230 231 281 334 345 397 530 581 614 824 850 937 958 1019 1122 1133 1164 1179 1198 1206 1246 1258 1317 1347 1357 1450 1455 1491 1519 1650 1719 1739 1740 1753 1931 
40 92 113 139 254 297 308 411 573 657 676 684 717 719 724 776 793 892 931 934 1040 1145 1152 1196 1205 1240 1250 1351 1373 1407 1436 1451 1478 1497 1621 1645 1667 1859 1879 1880 1918 
53 4 82 93 136 155 157 182 235 302 436 475 565 628 640 708 722 732 748 758 793 799 835 870 928 982 1048 1094 1128 1140 1221 1265 1266 1281 1282 1296 1315 1321 1347 1400 1420 1471 1527 1611 1634 1745 1765 1767 1779 1814 1893 1955 1978 1981 
34 2 114 123 215 228 274 291 444 509 548 572 600 627 639 678 745 771 773 838 908 1088 1093 1112 1121 1393 1484 1503 1626 1648 1650 1651 1664 1749 1955 
31 256 283 320 324 409 452 458 466 535 631 801 893 958 1005 1035 1052 1070 1158 1175 1176 1227 1366 1418 1433 1493 1516 1577 1612 1835 1846 1868 
43 17 136 168 178 181 273 318 428 465 517 612 683 839 865 890 892 960 984 1014 1057 1058 1077 1080 1086 1087 1105 1129 1171 1336 1491 1521 1634 1646 1691 1728 1746 1767 1822 1852 1856 1895 1910 1982 
30 8 140 160 186 189 195 253 261 324 339 380 467 533 555 586 603 900 903 953 1096 1098 1145 1180 1237 1380 1411 1455 1485 1752 1832 
42 41 49 91 124 140 159 245 260 275 455 492 498 549 562 601 702 734 790 851 861 873 943 992 1034 1035 1077 1084 1142 1185 1202 1307 1324 1372 1402 1479 1523 1553 1599 1676 1834 1874 1946 
30 1 55 150 186 393 449 545 562 640 656 672 697 749 1021 1022 1156 1171 1233 1332 1435 1601 1629 1668 1823 1834 1839 1862 1881 1984 1996 
38 5 18 28 116 248 391 406 500 532 538 600 784 1076 1090 1126 1143 1260 1269 1376 1413 1414 1425 1446 1511 1543 1553 1603 1629 1714 1739 1749 1759 1795 1857 1910 1927 1964 1973 
33 87 137 251 258 297 499 521 627 683 787 838 892 947 987 994 1030 1036 1091 1103 1161 1163 1182 1310 1377 1407 1515 1626 1714 1749 1772 1842 1938 1986 
40 20 145 177 229 268 297 341 404 458 533 551 586 605 608 697 736 824 831 836 883 1108 1163 1164 1236 1245 1346 1367 1387 1392 1395 1444 1510 1516 1587 1678 1706 1816 1837 1871 1965 
46 95 107 117 119 137 138 155 268 315 321 326 379 418 470 565 604 611 634 701 812 856 862 944 991 997 1042 1058 1167 1215 1216 1221 1284 1354 1374 1396 1408 1510 1560 1606 1700 1713 1768 1778 1814 1851 1978 
40 19 33 73 92 111 199 204 285 317 364 408 496 548 549 551 639 663 794 930 958 960 980 1023 1044 1120 1157 1210 1261 1281 1303 1457 1510 1514 1535 1579 1628 1685 1733 1773 1927 
38 194 217 255 280 422 531 568 583 635 652 747 753 758 764 853 923 935 977 1030 1101 1180 1273 1301 1324 1326 1341 1361 1404 1421 1465 1626 1719 1755 1771 1796 1816 1875 1978 
41 16 74 119 251 293 299 323 382 497 543 647 684 762 778 804 806 880 1016 1023 1073 1142 1178 1226 1351 1390 1412 1423 1425 1447 1458 1522 1566 1608 1660 1666 1690 1791 1797 1939 1946 1963 
38 58 168 205 255 283 286 287 301 314 358 362 460 468 475 480 495 520 534 652 664 776 861 939 977 1009 1110 1176 1226 1298 1300 1433 1483 1587 1600 1749 1890 1911 1965 
37 44 65 99 170 341 348 362 371 374 377 424 434 479 490 617 619 677 760 850 899 941 974 1211 1215 1248 1281 1362 1443 1536 1697 1752 1756 1840 1854 1896 1917 1954 
47 4 39 105 166 178 183 252 281 290 319 462 477 498 517 561 579 637 681 713 716 825 875 877 916 1008 1025 1037 1054 1297 1317 1327 1341 1346 1419 1509 1624 1640 1669 1717 1722 1796 1798 1852 1875 1935 1939 1956 
41 63 90 112 340 474 491 512 556 628 641 702 729 740 856 922 939 1024 1074 1172 1187 1206 1229 1292 1322 1349 1350 1366 1369 1467 1579 1616 1630 1655 1672 1687 1711 1770 1824 1867 1915 1986 
44 6 76 96 125 191 193 334 389 467 531 532 537 561 583 603 718 777 785 788 789 924 936 942 975 1003 1062 1099 1133 1160 1163 1302 1345 1482 1500 1504 1554 1566 1586 1710 1772 1834 1901 1911 1921 
29 13 34 95 121 261 514 608 653 707 779 941 966 1035 1107 1131 1157 1190 1300 1408 1457 1498 1556 1651 1705 1715 1716 1776 1868 1981 
44 37 60 90 112 114 138 216 232 246 296 336 351 368 392 403 441 464 566 636 668 714 744 766 769 844 946 957 972 1036 1041 1075 1120 1203 1208 1352 1388 1406 1532 1547 1648 1720 1823 1911 1962 
46 20 22 93 201 234 286 362 385 474 498 535 756 795 819 902 982 986 1000 1121 1140 1170 1249 1340 1341 1386 1387 1434 1492 1511 1533 1601 1613 1623 1633 1637 1669 1674 1694 1695 1773 1822 1850 1921 1940 1957 1986 
