200 2000
145 300
51 337
322 700
89 260
79 484
3 31
4 63
294 295
48 85
472 505
63 70
135 649
376 382
60 115
905 917
94 373
2 25
77 421
480 564
366 664
207 851
282 508
116 296
250 267
66 119
809 908
0 67
231 732
315 733
344 754
166 308
167 362
258 282
818 869
167 458
214 308
23 67
687 709
26 269
313 716
232 420
559 932
184 225
458 685
314 784
18 153
534 641
79 122
388 524
363 425
266 606
58 470
7 24
561 863
37 44
356 427
304 460
692 971
137 174
180 263
168 829
287 292
605 679
450 574
126 262
813 818
114 217
432 487
26 276
211 905
228 982
150 262
91 492
99 847
365 882
336 364
53 162
283 804
612 706
35 82
64 699
69 133
93 108
627 744
36 382
157 964
330 371
258 308
377 854
208 382
41 671
159 524
417 681
288 472
168 624
652 686
41 435
423 610
531 877
43 263
219 675
761 808
312 348
87 467
203 468
127 626
411 498
69 83
49 82
589 993
418 497
18 298
88 143
87 204
108 122
262 334
70 418
222 238
14 156
404 660
37 557
102 737
3 489
268 278
0 5
262 835
44 54
35 428
16 55
501 845
499 592
92 125
770 806
195 231
47 966
117 229
436 627
94 255
662 795
18 138
450 746
21 460
57 643
363 707
204 376
69 715
63 358
299 603
525 778
362 439
5 118
30 668
655 672
177 653
39 153
86 403
65 295
244 318
42 831
864 961
72 407
203 301
466 983
48 98
78 168
445 632
492 500
32 91
107 337
42 51
111 148
1 1
533 718
100 115
28 33
110 395
297 429
124 413
282 292
77 483
175 630
1 120
139 409
61 198
100 982
162 892
619 878
433 782
428 529
170 184
50 486
89 849
857 970
655 933
9 103
106 656
517 977
310 393
338 345
111 333
710 781
645 994
427 500
24 477
166 955
349 536
612 800
190 310
243 833
612 710
128 147
311 601
11 146
296 343
292 966
523 910
165 768
140 328
250 768
174 219
1 740
155 286
238 344
41 154
115 312
71 130
301 703
35 660
195 257
24 836
277 288
41 51
49 232
101 436
84 99
270 646
301 352
114 216
273 846
405 523
59 111
0 827
162 366
123 926
552 598
36 145
66 258
228 410
517 621
305 654
160 227
422 640
88 269
157 163
65 320
10 939
319 531
18 43
174 294
111 321
573 993
287 798
33 138
179 209
60 273
345 545
298 448
36 999
13 100
167 878
130 171
302 881
299 386
61 998
64 210
10 24
215 691
588 955
27 124
465 891
23 81
122 193
24 37
5 12
867 892
66 164
20 252
241 970
205 662
681 743
328 387
71 935
160 342
122 327
583 979
43 565
647 660
53 109
144 607
221 307
135 136
546 774
34 687
48 72
399 594
208 804
62 94
195 572
606 726
348 355
54 298
387 826
61 554
91 144
144 167
26 66
713 999
41 167
230 319
96 640
479 928
519 775
670 844
191 856
31 124
586 821
92 442
597 905
196 214
1 626
121 887
150 505
125 131
225 544
20 24
159 664
537 655
46 170
82 136
173 829
417 935
17 698
397 700
21 308
56 112
79 361
58 92
246 336
403 944
65 217
100 685
42 325
119 174
168 190
643 761
325 402
98 731
364 448
917 962
25 264
192 628
742 760
154 894
72 241
281 420
31 638
443 528
331 535
23 31
175 186
148 329
185 381
340 966
110 558
256 359
243 615
408 746
11 23
891 904
234 652
28 50
468 605
242 727
267 392
124 581
158 266
60 889
38 226
11 82
104 428
72 230
34 343
2 46
83 210
168 338
137 569
171 501
239 390
21 187
533 882
146 329
587 845
95 481
172 783
209 404
19 527
664 946
341 524
403 797
505 780
737 950
426 489
443 643
61 329
33 51
154 738
1 185
410 549
748 783
38 587
275 351
123 317
759 861
607 869
475 580
415 630
151 671
161 686
126 191
31 967
167 885
279 984
81 331
76 372
358 704
218 920
311 842
38 798
123 160
438 784
103 524
134 442
157 450
175 798
453 627
0 0
45 306
663 803
755 914
27 51
419 549
234 394
561 714
166 914
125 414
175 548
208 879
52 70
355 427
106 160
68 139
76 148
6 878
99 461
11 181
11 599
125 188
2 26
551 885
365 630
591 964
371 467
570 725
363 689
401 887
86 778
38 665
146 768
0 32
74 115
367 449
55 82
18 57
180 205
40 80
623 881
709 793
171 516
150 267
302 305
31 530
67 454
1 2
58 382
457 836
25 43
246 313
369 945
91 188
73 897
82 221
211 516
846 917
196 288
173 227
312 321
117 142
293 680
409 638
8 214
187 297
135 166
90 207
795 855
58 83
2 345
604 931
171 855
318 758
655 698
267 971
111 751
227 901
413 1000
235 272
308 973
23 176
56 967
415 797
138 254
207 646
28 112
185 458
216 622
12 547
156 644
352 407
384 786
524 877
350 578
279 374
31 363
4 210
64 259
476 951
87 229
250 858
12 31
155 338
402 761
88 599
326 611
470 550
3 5
263 409
59 268
624 684
290 373
116 176
583 888
245 533
854 978
369 370
432 714
3 24
104 233
348 865
363 832
503 902
136 926
20 685
17 413
388 622
379 515
367 872
20 323
68 213
364 608
357 893
253 288
20 677
336 623
29 32
212 907
11 36
56 83
210 773
40 106
677 823
98 216
581 881
181 468
363 907
124 182
68 159
771 825
706 871
7 71
10 273
220 711
383 428
95 114
281 738
68 265
95 183
201 289
125 136
414 659
222 709
626 775
49 939
77 297
159 527
625 819
73 99
505 977
745 868
154 285
82 407
31 137
411 593
84 723
5 244
581 712
205 468
70 450
34 671
58 59
123 202
504 958
391 449
162 181
230 804
495 756
210 336
77 756
42 42
560 731
259 563
551 672
146 279
0 3
318 628
27 94
813 864
91 624
9 359
87 306
23 62
127 377
286 917
314 474
171 701
109 125
26 143
914 916
359 375
278 414
11 238
231 897
99 541
101 863
516 926
448 731
10 92
97 588
695 845
661 762
8 91
191 199
56 155
427 451
53 53
295 953
11 184
270 410
4 8
540 582
230 640
221 946
1 18
74 116
201 407
175 644
188 893
274 513
379 395
12 25
40 70
334 527
588 800
87 324
72 142
150 248
78 395
150 434
17 51
75 116
251 905
142 418
424 827
568 989
162 221
156 336
252 433
420 835
326 511
68 223
64 125
118 172
214 555
348 976
41 403
125 325
180 936
352 442
462 893
252 258
297 803
61 314
33 621
57 344
383 507
151 844
138 310
23 64
16 55
42 77
638 803
210 961
112 464
329 539
27 349
115 870
621 950
227 267
86 279
35 684
53 281
138 521
319 737
28 249
71 107
289 844
82 663
343 637
721 920
601 993
62 686
113 166
382 485
120 441
138 346
39 77
672 897
457 800
404 629
192 232
243 590
119 177
212 302
469 976
141 428
505 769
153 287
157 199
247 444
67 133
369 710
678 948
16 895
96 197
6 20
631 914
300 550
42 723
214 261
262 490
91 123
237 612
546 611
65 916
240 282
118 158
112 131
343 360
578 713
154 391
383 967
234 392
188 691
38 796
139 407
270 884
186 612
734 908
523 706
135 284
48 99
24 158
433 599
111 495
154 194
285 302
45 830
18 283
95 189
374 759
538 850
570 613
104 241
570 759
187 670
333 696
86 396
387 853
434 723
490 928
611 793
634 922
606 727
266 704
36 119
4 40
474 588
811 883
759 818
929 954
801 823
490 651
23 82
381 685
11 14
439 594
485 807
532 711
96 111
20 23
482 594
97 443
145 199
181 474
544 571
506 719
39 571
144 490
69 136
28 33
246 486
6 12
20 201
69 293
7 779
36 155
222 453
167 790
237 450
396 826
258 380
400 786
576 760
226 579
315 328
481 768
75 486
20 74
27 929
208 239
4 22
602 669
754 855
822 916
242 261
1 795
34 66
25 650
224 871
408 776
22 75
123 193
142 190
239 517
2 4
429 772
168 876
153 834
296 586
551 986
35 55
71 216
49 68
315 700
257 374
207 750
140 551
112 430
314 330
132 832
248 867
270 316
235 467
240 440
102 685
63 543
378 585
297 590
329 385
275 432
342 690
357 394
2 11
99 137
718 723
1 35
88 283
340 518
294 495
36 137
233 247
8 372
50 497
167 401
339 913
552 621
155 285
713 810
567 891
130 737
209 219
608 739
50 294
102 466
97 227
307 684
16 179
3 24
19 992
618 838
67 240
527 566
375 836
37 226
170 470
408 862
21 615
232 885
69 315
319 456
141 193
208 383
475 538
252 289
203 265
164 685
6 55
185 471
150 382
203 257
419 543
166 484
15 26
67 585
112 450
413 447
168 281
148 277
330 855
218 507
54 292
381 909
204 210
400 705
541 718
20 28
111 342
31 509
57 336
214 667
255 585
5 83
69 388
737 933
105 233
355 611
611 711
508 629
60 333
123 560
172 458
455 492
177 729
433 787
14 27
158 327
741 806
777 785
148 399
471 723
187 366
114 305
112 219
62 513
31 822
70 795
26 43
463 748
19 497
787 976
2 2
103 302
24 300
207 875
20 79
113 487
417 815
38 108
189 202
20 156
744 831
335 564
445 718
183 210
645 873
551 759
125 488
799 859
170 178
538 799
243 779
181 824
181 447
329 590
122 841
189 328
7 363
516 730
280 374
250 456
84 511
113 672
14 215
59 81
332 743
599 912
656 864
609 774
228 333
26 919
430 488
435 547
419 437
158 183
136 344
376 818
117 376
12 114
48 346
250 426
536 658
177 233
765 862
249 565
427 470
532 982
50 178
50 265
75 149
112 225
386 976
525 594
748 774
17 123
144 160
567 683
79 93
11 546
116 191
227 915
59 123
109 398
273 686
0 18
486 526
514 770
612 753
97 340
78 239
29 81
307 799
678 995
127 483
196 309
13 19
279 411
163 278
674 955
7 196
851 948
227 570
123 181
333 481
141 174
102 106
191 410
58 68
15 61
415 483
117 727
359 683
170 223
413 774
229 582
30 66
100 353
465 674
467 807
9 43
154 280
203 225
455 629
70 237
56 639
452 521
213 249
51 126
288 351
167 531
30 61
339 511
185 345
741 994
431 718
236 256
97 301
575 851
11 230
5 39
200 265
60 926
356 672
412 522
500 632
92 681
125 125
882 928
495 980
83 90
430 515
100 347
181 190
169 923
120 235
23 497
150 536
312 779
104 485
129 204
137 531
199 520
64 137
49 116
208 815
119 407
312 366
16 16
593 754
539 593
222 825
491 720
152 822
5 301
163 984
10 295
171 404
147 181
70 94
393 701
317 822
588 771
76 410
19 25
158 857
203 399
36 39
89 177
2 8
481 730
494 698
254 334
313 377
151 790
89 114
418 717
241 621
93 330
28 272
108 215
100 840
642 806
51 104
328 602
47 257
590 606
236 655
95 283
16 25
154 615
278 290
130 234
328 606
478 816
157 375
70 308
108 847
171 915
33 224
320 711
32 114
177 595
102 600
283 901
419 594
106 238
388 855
65 541
2 7
252 632
661 834
96 866
253 804
538 691
951 992
25 150
45 180
15 20
687 937
274 684
158 209
154 335
638 896
15 422
356 457
498 779
49 54
737 896
91 292
12 107
168 255
22 266
400 864
81 406
70 264
627 754
107 125
107 445
800 966
392 955
43 688
139 223
697 773
169 886
159 664
75 209
15 757
13 15
335 340
36 128
181 284
6 16
644 649
499 705
319 819
16 165
26 301
368 748
367 742
584 618
426 776
569 932
753 864
160 538
296 425
32 147
548 718
0 1
41 220
601 672
129 556
47 144
312 773
92 977
289 994
854 939
149 519
100 260
253 262
219 712
422 680
922 928
152 235
640 682
364 440
150 173
64 489
172 820
762 988
698 739
74 123
59 744
89 153
372 616
81 378
254 726
556 651
53 364
614 764
47 70
232 766
25 362
796 891
491 812
247 334
214 464
239 310
528 958
569 598
389 579
468 885
624 665
269 364
157 382
268 681
119 200
605 840
416 713
450 484
471 960
205 946
385 829
439 946
295 664
825 887
28 615
153 365
12 95
1 30
689 726
836 874
596 702
449 973
331 682
828 911
200 634
85 142
408 619
170 449
797 844
185 523
269 429
22 162
372 927
91 126
408 500
298 307
209 221
461 539
470 686
100 884
28 113
456 995
93 259
12 475
100 723
605 886
405 579
85 565
66 197
295 857
434 538
9 782
71 408
311 561
277 563
282 360
434 439
34 443
261 519
88 504
110 218
93 569
33 99
841 922
254 738
236 367
63 906
574 964
107 510
18 23
75 934
398 919
244 387
179 416
27 93
50 86
117 694
693 975
769 782
115 538
10 169
383 682
132 228
107 888
223 693
98 542
225 555
131 181
366 428
0 173
693 819
304 371
332 339
195 216
436 616
795 821
9 36
24 115
336 786
1 35
174 255
83 209
99 396
308 311
228 475
173 968
307 408
92 208
442 600
220 339
450 594
584 964
376 503
635 701
213 266
581 583
649 980
307 313
506 923
47 335
34 42
63 532
332 548
140 764
219 353
58 131
4 11
250 450
744 802
349 527
129 225
492 790
385 427
402 627
278 444
81 437
290 569
319 566
334 666
259 471
102 301
777 883
70 355
399 432
11 959
327 361
152 768
174 301
220 304
40 558
633 751
371 846
140 636
84 253
28 317
97 303
292 535
6 12
20 20
502 874
324 393
4 114
58 61
179 187
21 157
455 508
811 874
313 329
264 609
71 256
5 495
54 449
119 216
31 214
12 17
285 920
185 188
51 95
91 341
105 276
568 581
416 889
179 198
329 868
111 229
79 555
269 321
824 971
592 980
286 839
37 165
298 476
124 894
20 65
502 508
374 844
147 153
174 974
108 252
144 214
521 531
128 246
611 622
187 188
664 888
149 832
384 568
74 100
76 247
105 955
202 205
413 570
413 653
719 896
24 63
275 319
74 572
188 254
69 186
582 618
420 715
227 309
391 813
214 519
911 955
23 23
20 32
16 51
261 447
359 522
73 510
348 934
169 274
740 757
307 534
45 131
25 56
46 137
93 317
30 54
221 507
202 380
193 713
36 157
545 552
79 444
668 716
270 795
151 204
26 123
193 595
48 552
383 749
497 644
159 467
152 195
649 681
428 867
414 759
176 830
82 594
48 66
271 335
6 98
137 671
446 981
89 605
231 983
134 183
38 143
25 39
212 999
915 938
309 324
492 832
40 285
3 30
238 550
194 915
789 830
85 108
791 798
510 867
109 287
166 469
5 147
396 596
217 910
678 806
25 220
399 446
124 171
210 343
893 901
4 36
464 487
220 307
305 723
116 467
172 431
585 682
138 242
12 176
21 32
130 626
177 233
60 401
203 291
67 348
52 59
777 961
10 168
46 363
59 691
536 791
553 934
107 220
115 553
171 177
55 355
419 570
29 105
84 264
226 671
722 747
157 332
498 512
629 885
135 742
341 785
21 438
186 774
11 593
46 131
80 116
196 200
164 290
293 611
539 587
101 105
282 897
195 376
75 381
192 207
46 599
39 51
125 218
109 974
307 391
326 734
315 827
236 383
294 394
221 468
43 473
392 872
885 952
306 907
195 350
331 515
119 448
361 638
529 981
107 131
18 566
72 144
125 502
509 924
614 648
548 583
412 543
147 235
242 301
11 63
202 335
134 567
692 772
126 504
192 415
205 529
7 218
895 996
17 140
438 686
145 383
551 688
179 909
82 195
153 223
372 888
358 505
155 789
228 977
33 79
195 196
489 613
602 751
102 315
36 92
38 961
52 502
9 23
1 37
93 783
492 733
788 798
55 222
7 787
191 449
664 714
723 889
9 51
619 951
41 88
254 881
396 602
54 94
356 583
281 833
31 32
274 733
267 302
419 433
508 853
457 550
484 999
175 260
440 638
199 245
254 462
79 358
244 505
435 566
161 374
570 944
24 63
57 78
517 563
472 483
77 119
125 212
46 126
607 927
123 253
407 920
26 180
43 819
482 799
280 668
33 40
692 714
50 220
270 780
881 923
274 539
7 11
98 367
10 19
280 445
7 103
83 125
501 586
744 896
478 996
70 673
3 255
195 811
82 146
31 129
259 565
14 230
202 258
1 459
52 131
469 528
106 146
58 509
615 854
16 30
28 214
203 415
270 447
20 49
357 410
380 733
433 724
77 114
21 99
120 791
60 63
0 0
100 119
53 690
394 413
207 478
445 445
2 23
347 618
314 806
4 292
344 504
161 523
222 864
43 84
136 299
102 162
277 326
206 363
130 141
226 640
56 171
257 594
147 225
454 821
4 444
205 338
65 89
334 391
96 123
567 637
53 532
17 47
242 403
7 250
175 176
54 147
26 95
183 374
18 465
85 153
64 118
304 680
405 748
45 226
153 946
446 948
105 390
224 337
220 227
176 217
86 312
199 520
45 66
109 965
817 877
114 737
240 637
230 272
696 788
213 916
455 809
251 880
230 332
76 388
597 803
726 728
20 112
33 664
43 540
25 196
59 142
240 298
808 822
462 498
67 201
412 793
123 599
58 95
207 572
209 495
116 512
1 30
29 763
1 46
43 613
106 543
38 936
90 139
67 341
178 209
354 627
136 232
91 537
42 764
177 236
46 944
238 330
337 776
168 610
60 85
102 942
1 236
232 519
220 421
19 783
224 1000
146 163
123 170
85 96
353 409
178 558
388 623
49 50
146 204
225 267
22 24
726 919
62 130
22 196
43 78
382 681
150 503
276 312
102 174
12 58
102 181
600 844
133 314
498 579
120 582
114 137
37 717
118 954
856 934
259 511
39 258
68 246
4 41
789 853
375 468
17 21
571 972
56 542
375 546
690 781
249 280
110 216
32 81
99 261
7 582
24 39
360 503
183 316
116 152
524 940
264 274
394 813
22 66
283 962
401 946
122 509
229 590
545 909
258 603
127 582
385 715
639 835
529 633
122 294
48 101
253 838
453 521
171 311
381 609
334 854
754 855
15 311
60 667
698 807
12 32
879 1000
239 521
50 18 58 159 226 244 248 263 353 358 363 366 397 426 448 507 511 514 556 576 623 647 659 673 696 702 732 779 813 1085 1112 1152 1168 1234 1372 1415 1426 1434 1492 1493 1540 1545 1620 1679 1698 1750 1774 1896 1916 1952 1981 
48 7 10 19 166 207 242 280 286 295 298 324 363 387 407 424 493 506 508 697 753 756 858 938 960 1002 1009 1020 1048 1050 1068 1127 1149 1185 1233 1328 1412 1523 1530 1584 1609 1621 1686 1691 1700 1880 1895 1914 1937 
41 8 44 112 129 154 224 296 307 345 399 521 565 575 682 779 785 851 862 932 1013 1030 1031 1069 1160 1171 1180 1225 1275 1375 1380 1427 1475 1507 1719 1727 1748 1770 1787 1797 1824 1954 
43 120 126 312 354 410 473 489 497 530 654 659 706 714 735 775 866 881 892 1031 1066 1094 1216 1253 1269 1290 1310 1312 1336 1365 1391 1431 1449 1496 1522 1568 1579 1603 1650 1662 1667 1766 1781 1817 
42 56 152 181 269 340 349 476 477 535 584 590 669 699 780 801 815 853 971 985 1027 1156 1179 1224 1229 1230 1287 1366 1382 1408 1417 1477 1607 1676 1680 1707 1717 1734 1736 1817 1823 1827 1931 
41 128 172 189 194 201 249 265 354 360 430 526 622 655 736 738 847 914 934 949 986 988 1047 1135 1153 1163 1191 1261 1535 1545 1659 1683 1741 1767 1771 1774 1783 1786 1797 1801 1816 1990 
40 31 49 73 74 142 153 180 202 272 347 408 414 415 429 535 550 638 751 754 902 923 924 1017 1032 1033 1042 1145 1238 1296 1303 1330 1342 1438 1469 1500 1559 1586 1685 1789 1878 
38 44 51 61 73 132 136 158 205 228 318 343 351 528 604 628 645 690 727 768 871 906 909 913 974 1010 1061 1082 1150 1317 1421 1456 1547 1676 1766 1842 1916 1971 1987 
41 6 13 16 103 196 221 267 339 358 361 452 481 528 536 549 590 647 652 680 708 810 884 977 979 1040 1081 1132 1424 1430 1435 1447 1564 1589 1597 1598 1652 1702 1825 1931 1969 1979 
31 106 130 176 230 295 328 336 417 494 549 553 578 603 777 805 833 848 939 1125 1433 1437 1472 1498 1507 1545 1556 1560 1664 1726 1799 1938 
44 50 70 75 90 101 217 269 270 335 411 412 435 448 469 472 493 538 546 577 675 759 760 806 833 849 935 984 993 1078 1274 1280 1313 1373 1374 1395 1397 1470 1489 1562 1600 1624 1706 1894 1957 
27 15 62 114 129 396 431 515 606 610 631 645 713 848 893 1136 1165 1204 1207 1294 1300 1301 1359 1456 1512 1582 1587 1784 
33 0 177 193 239 266 290 301 356 390 578 606 858 864 929 936 966 969 1051 1082 1094 1176 1311 1359 1361 1521 1555 1611 1643 1683 1704 1735 1775 1866 
44 9 68 70 113 125 314 376 418 577 650 713 721 734 737 757 812 820 839 896 922 1014 1107 1167 1253 1317 1341 1390 1391 1417 1455 1457 1524 1555 1597 1601 1677 1717 1755 1765 1777 1785 1850 1899 1946 
37 5 50 155 184 226 255 260 336 546 552 587 668 859 882 889 895 949 981 990 999 1222 1254 1257 1290 1352 1360 1416 1626 1627 1668 1703 1793 1807 1813 1836 1861 1900 
38 20 135 154 164 166 269 273 274 385 428 595 678 817 911 921 977 1143 1187 1292 1314 1326 1329 1354 1356 1390 1391 1420 1452 1519 1521 1599 1645 1704 1743 1764 1775 1793 1807 
41 21 26 139 207 213 225 266 320 339 491 557 570 711 720 758 892 909 911 946 992 1055 1058 1086 1200 1204 1319 1380 1401 1416 1433 1441 1450 1494 1530 1542 1625 1629 1632 1855 1908 1911 
36 2 88 200 225 281 386 394 427 433 447 456 616 693 763 771 798 823 839 853 915 917 1043 1177 1273 1337 1390 1403 1451 1676 1706 1761 1762 1835 1840 1842 1911 
46 10 74 201 232 240 277 281 295 306 332 384 486 493 601 668 894 907 912 981 1078 1084 1115 1121 1145 1171 1265 1297 1334 1419 1434 1473 1475 1480 1498 1578 1635 1636 1648 1689 1708 1732 1798 1801 1843 1919 1980 
39 19 41 72 127 185 284 437 484 516 554 587 653 686 707 731 767 849 1019 1079 1083 1148 1170 1242 1253 1312 1350 1375 1401 1465 1491 1541 1623 1750 1808 1838 1901 1911 1941 1990 
57 54 55 76 135 157 221 256 273 405 434 470 471 546 548 556 580 581 584 587 609 762 812 857 925 927 982 988 1012 1043 1103 1220 1232 1260 1271 1318 1338 1339 1342 1363 1402 1406 1410 1430 1458 1466 1503 1541 1601 1624 1669 1742 1765 1784 1856 1860 1980 1995 
51 20 29 109 121 132 188 264 272 331 349 384 432 551 580 581 602 613 686 801 807 832 921 926 986 1018 1022 1067 1074 1123 1148 1171 1218 1270 1277 1292 1302 1316 1463 1567 1598 1635 1735 1743 1810 1825 1840 1869 1872 1880 1961 1977 
41 23 117 164 287 328 352 390 405 461 514 519 579 736 766 799 814 821 850 901 936 976 1023 1053 1054 1069 1108 1134 1157 1164 1189 1195 1213 1298 1333 1551 1588 1639 1721 1827 1844 1950 
43 67 134 212 240 271 275 354 386 409 473 484 489 493 588 638 649 676 683 756 762 841 877 1011 1066 1111 1152 1168 1224 1233 1323 1351 1373 1455 1512 1527 1531 1611 1699 1711 1721 1725 1726 1893 
40 23 79 86 93 184 204 223 235 237 270 369 407 451 510 515 553 605 679 705 716 720 988 998 1045 1167 1251 1273 1313 1340 1396 1412 1542 1581 1599 1624 1628 1703 1724 1862 1977 
28 41 51 178 225 361 485 576 588 645 702 731 838 875 924 1016 1017 1170 1234 1258 1373 1398 1529 1586 1693 1707 1715 1804 1942 
29 186 283 311 360 441 496 536 549 615 669 670 745 970 981 983 1072 1187 1337 1344 1369 1372 1378 1475 1541 1630 1800 1857 1865 1867 
31 8 40 42 57 278 303 339 382 450 548 669 737 739 830 938 997 1072 1346 1360 1421 1450 1456 1495 1532 1635 1721 1726 1732 1750 1772 1954 
37 160 182 201 259 297 425 471 508 602 685 782 798 837 884 906 928 931 991 1046 1056 1059 1200 1232 1237 1252 1456 1477 1584 1634 1645 1757 1820 1836 1840 1907 1910 1957 
50 36 106 127 186 201 249 449 495 500 607 632 810 813 837 886 904 908 955 975 985 1031 1033 1051 1074 1083 1129 1145 1151 1187 1200 1311 1383 1412 1439 1471 1516 1553 1574 1597 1640 1646 1678 1745 1770 1796 1892 1897 1901 1955 1963 
46 6 50 54 76 156 160 203 210 275 280 310 319 323 386 426 523 556 585 604 634 816 869 889 905 937 958 1035 1089 1250 1280 1282 1314 1321 1431 1439 1453 1524 1542 1586 1603 1625 1762 1824 1860 1863 1882 
29 43 78 213 383 407 427 449 473 623 626 724 845 980 1060 1154 1310 1323 1332 1405 1413 1508 1563 1590 1707 1734 1759 1832 1866 1938 
47 46 51 83 146 153 211 221 231 249 260 282 299 408 522 650 651 657 661 708 776 810 955 959 972 991 1034 1066 1089 1125 1148 1178 1179 1212 1248 1257 1298 1305 1452 1491 1577 1626 1668 1748 1799 1821 1850 1978 
44 19 63 69 87 206 247 274 299 443 459 538 558 571 769 778 811 816 859 933 953 1039 1074 1089 1094 1179 1266 1277 1318 1331 1356 1442 1444 1493 1525 1547 1554 1599 1722 1783 1845 1847 1919 1931 1987 
30 85 118 270 319 432 467 480 488 626 694 715 732 837 854 887 1206 1295 1298 1327 1395 1461 1546 1641 1689 1733 1756 1802 1885 1900 1958 
47 9 56 83 113 125 210 319 337 430 468 474 479 552 653 715 733 746 763 773 898 923 1040 1081 1155 1157 1221 1226 1236 1335 1340 1371 1495 1511 1523 1529 1541 1625 1650 1797 1804 1818 1824 1864 1921 1949 1972 1976 
33 5 11 336 393 521 538 567 576 641 664 687 701 734 735 737 755 820 885 1051 1186 1192 1236 1341 1355 1363 1443 1458 1631 1698 1699 1734 1879 1984 
36 29 41 478 512 532 596 619 712 752 778 779 874 930 975 1001 1005 1070 1076 1078 1161 1185 1208 1260 1281 1308 1310 1315 1483 1566 1567 1649 1788 1829 1888 1903 1922 
37 75 102 156 338 361 380 405 432 465 713 803 842 868 872 909 983 1018 1090 1185 1201 1203 1226 1266 1347 1371 1400 1412 1529 1551 1607 1621 1652 1752 1798 1802 1896 1993 
38 0 7 102 133 220 252 273 301 340 350 435 507 543 589 645 737 810 870 961 963 1060 1095 1341 1381 1472 1509 1579 1584 1593 1606 1644 1673 1719 1809 1837 1867 1881 1952 
36 126 199 236 311 323 359 539 566 582 584 647 684 764 872 943 954 1006 1069 1158 1228 1245 1255 1259 1335 1337 1372 1392 1393 1462 1510 1534 1723 1731 1753 1754 1772 
38 0 77 165 229 247 251 268 336 396 476 509 555 580 626 714 837 866 925 979 1014 1088 1151 1158 1162 1168 1177 1205 1305 1311 1440 1494 1500 1515 1517 1622 1653 1660 1817 
33 90 97 99 141 177 222 286 385 462 469 532 674 797 842 852 1025 1177 1227 1230 1267 1274 1282 1415 1450 1451 1476 1523 1531 1748 1908 1912 1933 1935 
50 6 32 67 80 91 189 231 249 299 357 370 395 412 442 497 516 569 627 652 675 826 934 972 1015 1016 1019 1034 1066 1226 1229 1239 1290 1408 1476 1517 1527 1581 1583 1587 1594 1663 1717 1737 1796 1799 1806 1812 1892 1910 1985 
38 127 169 226 241 295 365 425 455 494 605 741 787 926 1049 1063 1075 1084 1244 1254 1293 1441 1489 1540 1565 1580 1586 1592 1633 1676 1688 1704 1735 1753 1903 1924 1932 1936 1940 
38 100 163 195 252 273 595 600 604 649 722 778 796 808 1084 1123 1128 1166 1186 1202 1292 1304 1324 1366 1368 1381 1407 1546 1623 1641 1658 1679 1749 1798 1833 1870 1920 1966 1976 
33 0 143 155 182 304 315 420 493 507 531 550 620 668 714 752 904 1203 1275 1391 1462 1581 1605 1608 1684 1714 1731 1737 1810 1859 1913 1944 1949 1987 
45 31 49 100 107 153 167 183 230 254 362 429 449 464 503 520 534 603 608 612 672 683 684 714 715 800 841 923 978 1071 1130 1315 1336 1532 1549 1622 1676 1678 1687 1692 1700 1759 1760 1763 1847 1855 
41 37 92 98 271 285 317 451 468 498 577 583 648 654 680 701 730 822 852 880 1013 1016 1173 1178 1223 1227 1432 1529 1548 1559 1562 1715 1729 1749 1787 1807 1825 1879 1884 1894 1925 1930 
43 35 46 176 180 201 230 238 261 306 332 356 405 444 446 512 544 563 566 688 778 883 888 966 971 1039 1047 1145 1152 1367 1423 1433 1459 1493 1527 1528 1600 1649 1658 1725 1889 1893 1913 1945 
32 4 56 86 193 227 228 372 386 490 532 533 628 669 678 866 874 1046 1148 1203 1228 1320 1322 1364 1443 1475 1518 1577 1830 1843 1854 1923 1993 
47 11 61 88 195 279 524 557 654 716 745 755 772 810 835 847 870 874 904 919 953 970 999 1054 1058 1082 1123 1162 1211 1247 1264 1265 1280 1313 1332 1372 1433 1540 1569 1665 1774 1779 1820 1869 1934 1940 1979 1998 
40 46 59 73 188 272 330 388 411 428 467 468 470 487 502 517 565 730 767 877 929 1069 1082 1097 1150 1355 1365 1395 1410 1428 1568 1577 1579 1660 1705 1720 1782 1796 1846 1869 1923 
35 53 251 356 458 485 487 581 628 695 703 730 744 755 776 897 906 914 1073 1113 1147 1178 1193 1234 1316 1329 1506 1578 1776 1858 1860 1877 1886 1934 1975 1999 
31 62 116 209 240 245 280 313 342 348 547 652 716 753 843 916 918 956 1008 1100 1133 1172 1176 1193 1230 1320 1358 1384 1548 1635 1675 1954 
38 24 97 259 302 329 347 392 425 433 458 517 573 630 690 707 787 791 800 801 950 951 1029 1136 1156 1357 1468 1493 1523 1578 1602 1605 1670 1773 1857 1934 1959 1961 1981 
24 2 22 105 258 262 276 318 532 586 660 684 776 828 989 1046 1201 1219 1506 1522 1542 1566 1628 1834 1925 
41 3 48 52 75 183 206 318 346 485 608 613 636 661 714 739 741 778 837 863 866 900 948 1035 1062 1064 1122 1188 1216 1298 1307 1315 1321 1451 1513 1673 1677 1751 1770 1779 1837 1883 
42 36 65 75 103 229 303 450 471 492 529 585 630 764 780 794 798 814 824 861 924 1015 1033 1140 1176 1191 1196 1222 1264 1275 1290 1371 1420 1507 1521 1538 1568 1582 1602 1684 1817 1903 1945 
29 44 115 146 256 307 475 499 508 513 533 565 747 797 969 1012 1052 1167 1233 1278 1306 1372 1437 1481 1507 1540 1600 1881 1957 1959 
40 4 24 75 78 296 308 321 454 540 550 561 656 716 717 722 807 844 865 947 996 1071 1119 1148 1172 1185 1213 1351 1371 1414 1502 1540 1581 1623 1650 1665 1749 1829 1910 1915 1992 
35 7 10 76 112 157 205 220 280 344 359 384 389 410 443 458 498 554 578 636 759 851 924 992 1013 1317 1387 1415 1484 1497 1525 1552 1575 1731 1767 1801 
42 109 141 163 230 265 382 387 451 581 588 627 756 790 872 889 912 965 971 993 1005 1025 1071 1075 1154 1167 1347 1356 1378 1429 1502 1545 1551 1598 1674 1679 1681 1731 1741 1743 1862 1915 1916 
46 125 188 191 206 220 233 279 298 321 364 508 525 550 637 649 743 808 831 847 869 873 882 939 943 971 1032 1185 1225 1229 1297 1436 1520 1526 1596 1655 1677 1745 1746 1768 1769 1778 1791 1801 1843 1906 1928 
42 12 38 102 159 249 256 257 285 289 389 405 426 467 494 547 559 623 685 687 709 723 778 847 949 950 974 1107 1110 1280 1337 1431 1436 1450 1477 1481 1495 1558 1598 1606 1627 1800 1960 
50 0 5 19 60 125 146 257 303 427 431 468 521 526 593 605 666 750 776 855 930 938 1019 1033 1057 1069 1115 1129 1191 1205 1251 1283 1382 1393 1418 1476 1539 1602 1670 1673 1680 1687 1690 1696 1704 1819 1835 1868 1896 1927 1959 
41 8 43 61 87 107 155 178 185 202 288 308 568 578 677 785 862 879 880 885 914 937 990 1013 1040 1122 1131 1194 1217 1323 1338 1390 1392 1541 1585 1604 1623 1699 1736 1811 1939 1981 
30 275 383 390 403 564 591 721 741 810 956 958 1092 1137 1166 1194 1320 1325 1327 1338 1402 1480 1645 1691 1702 1824 1856 1910 1940 1945 1979 
44 21 34 53 100 140 183 187 214 271 296 358 367 436 472 511 538 594 624 632 645 707 975 1049 1102 1121 1122 1145 1156 1194 1203 1228 1236 1270 1442 1467 1483 1626 1675 1681 1687 1785 1798 1862 1993 
37 45 47 51 95 113 149 153 191 391 398 482 537 917 927 944 973 1058 1067 1090 1126 1141 1163 1181 1190 1227 1234 1343 1432 1476 1479 1505 1609 1701 1841 1886 1893 1941 
41 2 44 161 203 234 269 298 299 316 338 382 392 437 571 585 624 644 873 905 913 969 1028 1107 1113 1267 1319 1388 1503 1562 1588 1682 1789 1797 1808 1883 1896 1954 1968 1969 1982 1992 
36 60 158 167 196 214 216 254 281 297 364 509 578 580 662 663 719 725 757 913 1015 1020 1091 1253 1415 1454 1475 1499 1500 1780 1858 1861 1883 1949 1962 1976 1984 
34 6 56 227 262 383 388 413 414 432 483 501 630 632 733 780 816 822 836 860 925 988 994 1037 1139 1282 1322 1390 1405 1548 1754 1784 1800 1893 1922 
49 1 111 115 145 247 251 255 261 278 429 433 444 495 504 510 517 610 614 642 679 726 731 750 807 854 941 964 1021 1032 1073 1091 1093 1132 1139 1207 1350 1406 1434 1457 1498 1515 1545 1572 1651 1656 1702 1738 1888 1929 
46 9 21 171 180 181 185 192 337 357 359 405 704 720 747 761 782 802 821 825 878 905 1083 1167 1175 1180 1238 1282 1291 1384 1432 1442 1534 1578 1616 1634 1637 1638 1698 1738 1777 1827 1831 1837 1840 1870 1876 
43 4 5 55 87 129 143 157 203 208 255 345 385 401 413 477 537 582 603 629 718 722 726 754 757 759 841 870 981 992 1140 1208 1267 1409 1515 1569 1612 1682 1723 1778 1803 1842 1876 1951 
30 5 20 60 367 419 510 512 518 633 681 840 989 1046 1129 1200 1214 1399 1423 1438 1450 1602 1613 1673 1702 1715 1716 1839 1958 1986 1988 
36 24 84 116 177 190 339 415 518 564 592 675 809 896 921 925 1103 1138 1175 1187 1305 1307 1318 1429 1479 1495 1506 1511 1522 1618 1622 1803 1819 1820 1896 1934 1939 
39 260 293 377 383 397 437 597 634 635 736 752 772 811 843 846 898 970 985 995 1013 1031 1094 1105 1108 1182 1214 1215 1452 1473 1491 1585 1625 1732 1741 1826 1912 1918 1937 1947 
34 15 42 61 63 168 185 253 314 326 346 359 427 435 517 564 700 734 907 927 946 948 1161 1218 1277 1278 1321 1362 1419 1485 1559 1647 1737 1911 1926 
42 19 41 254 307 334 351 397 426 443 577 579 596 609 867 868 904 984 1033 1055 1065 1087 1124 1190 1201 1205 1209 1300 1303 1361 1379 1526 1601 1604 1659 1740 1756 1786 1819 1931 1974 1980 1985 
38 14 48 103 231 247 256 294 330 384 523 609 655 677 692 732 762 786 802 805 918 995 997 1012 1016 1047 1158 1275 1355 1376 1451 1480 1494 1511 1521 1569 1802 1818 1983 
42 2 72 122 182 241 255 257 261 272 319 347 506 539 552 607 653 696 703 757 798 846 856 880 992 1043 1108 1128 1131 1252 1258 1372 1382 1453 1554 1559 1599 1621 1718 1742 1773 1844 1967 
29 44 118 163 186 257 284 287 465 603 612 659 925 940 999 1020 1045 1046 1067 1125 1240 1281 1345 1386 1580 1720 1844 1846 1898 1976 
41 19 58 60 69 101 147 248 303 319 341 350 398 625 645 648 683 764 774 806 870 885 893 962 1105 1110 1193 1239 1274 1290 1294 1304 1340 1463 1525 1647 1665 1683 1748 1768 1797 1818 
34 57 97 101 126 127 145 153 331 355 386 541 604 682 686 734 957 1058 1195 1254 1279 1292 1312 1338 1372 1385 1431 1475 1522 1624 1738 1795 1882 1942 1961 
38 64 107 112 223 246 269 282 319 341 492 532 554 595 685 761 794 847 873 921 922 931 937 1030 1038 1045 1046 1101 1116 1124 1188 1339 1407 1485 1638 1765 1775 1898 1932 
33 23 108 176 239 247 324 325 382 387 448 566 656 683 709 810 888 895 951 953 1018 1070 1183 1239 1310 1412 1437 1462 1560 1565 1591 1904 1907 1968 
50 2 13 216 219 274 321 336 440 502 519 532 615 632 647 668 697 698 781 929 946 947 988 1014 1044 1100 1112 1189 1210 1263 1361 1417 1522 1533 1544 1560 1563 1564 1598 1603 1634 1719 1722 1736 1765 1809 1811 1837 1845 1916 1943 
33 117 224 305 511 589 625 646 658 711 730 824 829 852 860 876 941 1071 1289 1376 1393 1400 1440 1454 1464 1561 1597 1648 1652 1749 1822 1828 1863 1921 
41 11 30 72 103 129 133 142 271 295 317 337 339 382 475 507 576 582 620 677 696 782 857 1014 1032 1050 1083 1116 1228 1302 1435 1494 1649 1674 1678 1683 1700 1772 1829 1848 1893 1967 
48 58 62 74 157 264 403 515 520 574 627 640 664 733 766 803 882 905 916 987 1012 1014 1050 1121 1128 1130 1188 1251 1315 1355 1379 1399 1440 1456 1477 1526 1574 1673 1676 1739 1744 1751 1752 1766 1770 1871 1894 1962 1982 
36 1 3 52 104 167 311 358 388 454 476 479 492 557 706 754 797 872 995 1273 1355 1383 1426 1454 1465 1537 1678 1694 1717 1724 1738 1751 1755 1828 1838 1859 1930 
41 50 103 110 156 194 206 235 325 337 448 460 478 569 648 797 886 910 933 951 979 1097 1138 1186 1231 1258 1383 1384 1403 1482 1699 1705 1716 1757 1787 1791 1801 1802 1840 1859 1936 1944 
36 37 59 75 119 206 227 321 469 675 701 714 811 905 973 1023 1024 1037 1121 1122 1154 1206 1212 1239 1283 1344 1376 1399 1455 1523 1579 1645 1716 1784 1838 1932 1982 
34 15 98 101 120 144 233 259 327 560 593 837 923 978 1049 1077 1104 1125 1174 1200 1201 1211 1215 1322 1365 1440 1454 1479 1643 1675 1800 1891 1892 1957 1975 
38 66 128 170 180 422 488 516 596 719 740 749 800 839 848 884 971 1090 1146 1157 1184 1389 1450 1486 1622 1678 1698 1721 1804 1836 1842 1874 1879 1902 1913 1915 1919 1942 1990 
38 73 82 177 210 250 292 428 583 713 784 799 844 899 910 927 947 950 980 1028 1067 1133 1160 1291 1293 1360 1394 1459 1492 1588 1622 1666 1728 1799 1821 1894 1951 1956 1984 
34 19 25 28 31 113 170 222 227 336 385 435 479 661 679 940 1066 1098 1149 1169 1217 1335 1462 1552 1582 1597 1680 1716 1758 1886 1899 1902 1936 1968 1982 
36 42 82 302 357 428 466 546 562 818 827 903 920 944 977 1010 1032 1059 1088 1342 1431 1519 1566 1601 1615 1632 1648 1674 1704 1712 1749 1892 1913 1915 1919 1965 1996 
38 54 63 98 117 148 174 251 273 274 333 414 425 455 500 535 549 687 809 888 934 960 998 1004 1064 1078 1159 1186 1190 1273 1320 1359 1361 1381 1652 1701 1785 1899 1976 
37 166 338 371 426 431 495 509 532 536 558 583 586 630 637 651 696 836 896 907 919 1018 1235 1287 1294 1303 1328 1375 1494 1690 1733 1756 1766 1792 1822 1905 1972 1989 
40 45 128 155 157 167 218 228 337 497 548 606 641 646 748 764 788 842 854 917 1164 1189 1191 1206 1225 1290 1373 1444 1448 1453 1482 1496 1524 1577 1754 1820 1859 1874 1896 1927 1933 
43 43 134 141 172 178 182 250 383 388 400 478 539 570 639 643 645 731 732 760 814 970 1091 1112 1196 1204 1302 1470 1479 1514 1610 1614 1616 1625 1675 1682 1709 1798 1813 1835 1920 1922 1978 1982 
42 50 148 153 202 229 272 300 336 341 363 406 493 507 534 553 608 617 693 695 725 765 768 815 838 861 890 904 1017 1068 1278 1343 1539 1583 1621 1785 1790 1798 1822 1877 1892 1899 1948 
51 33 57 125 155 192 249 277 334 368 453 534 611 680 713 804 812 875 930 1128 1146 1196 1231 1279 1296 1316 1352 1412 1441 1452 1499 1506 1508 1514 1556 1606 1627 1639 1645 1693 1755 1767 1770 1780 1786 1789 1797 1809 1861 1940 1941 1956 
40 45 116 143 283 321 378 396 438 500 628 730 731 734 813 815 843 941 945 991 995 997 1047 1082 1093 1173 1187 1326 1367 1387 1431 1451 1565 1617 1637 1647 1677 1823 1910 1917 1943 
45 9 11 226 293 312 382 477 493 495 508 522 535 562 696 777 811 908 911 914 958 1034 1056 1116 1118 1155 1184 1185 1220 1255 1336 1348 1404 1405 1409 1506 1577 1679 1684 1701 1702 1768 1814 1830 1882 1930 
44 4 73 131 150 160 248 296 343 360 365 372 412 426 525 598 609 626 635 651 686 739 746 838 1001 1075 1139 1200 1260 1330 1356 1376 1385 1485 1517 1543 1598 1599 1600 1621 1642 1718 1860 1876 1878 
31 32 106 110 202 253 298 304 310 364 369 415 464 572 933 961 996 1134 1190 1244 1272 1373 1379 1416 1492 1502 1602 1626 1674 1716 1877 1937 
48 56 160 178 186 602 618 624 625 638 682 694 701 725 842 895 918 947 952 975 1037 1041 1055 1076 1087 1096 1104 1147 1228 1240 1247 1263 1284 1292 1355 1371 1477 1579 1629 1661 1668 1701 1725 1734 1811 1817 1857 1935 1961 
43 20 27 99 156 165 275 310 546 668 721 736 763 832 906 910 915 959 992 1033 1105 1117 1123 1167 1207 1256 1358 1363 1402 1481 1495 1512 1521 1591 1596 1622 1675 1684 1821 1856 1905 1912 1943 1960 
51 1 129 292 301 304 338 504 629 634 646 647 705 753 777 791 793 817 841 887 909 948 974 983 991 1026 1051 1102 1104 1127 1129 1168 1173 1174 1188 1190 1246 1268 1313 1460 1463 1604 1622 1630 1640 1687 1784 1839 1859 1954 1958 1994 
45 22 74 78 81 125 161 252 324 376 385 387 405 474 483 671 676 696 834 891 965 989 1068 1077 1109 1111 1145 1167 1237 1257 1311 1426 1432 1474 1496 1510 1564 1631 1648 1858 1887 1890 1914 1924 1985 1991 
48 24 64 82 98 101 126 147 235 264 354 481 492 501 514 533 534 625 646 713 754 781 782 836 988 991 1002 1102 1107 1136 1169 1285 1291 1314 1339 1349 1397 1452 1461 1589 1595 1597 1633 1712 1718 1728 1734 1944 1987 
47 20 66 73 105 179 196 309 323 328 336 371 395 439 450 463 528 715 730 786 826 884 892 922 939 953 974 988 1002 1003 1017 1031 1036 1047 1138 1273 1281 1282 1299 1349 1434 1459 1498 1540 1544 1665 1668 1742 
29 54 178 199 499 553 572 590 611 649 672 831 898 924 928 1068 1152 1338 1358 1393 1395 1478 1497 1587 1651 1676 1679 1765 1983 1986 
44 35 89 132 179 207 237 251 253 302 330 499 576 591 670 693 755 928 1059 1105 1125 1160 1193 1263 1274 1279 1303 1374 1392 1414 1450 1509 1522 1541 1604 1628 1736 1771 1796 1865 1906 1910 1954 1973 1983 
41 35 66 97 100 327 344 369 385 411 419 429 430 452 467 480 501 507 584 697 1045 1186 1201 1226 1256 1262 1263 1353 1375 1497 1504 1562 1567 1572 1601 1614 1683 1685 1796 1804 1877 1983 
47 47 141 163 228 367 406 408 451 472 479 519 533 656 691 699 783 794 859 932 949 1031 1137 1226 1250 1275 1292 1320 1328 1379 1417 1441 1461 1510 1528 1541 1559 1561 1594 1645 1674 1686 1694 1803 1856 1876 1965 1995 
32 109 300 410 640 649 690 723 752 880 901 922 952 978 1035 1103 1255 1321 1374 1383 1392 1403 1418 1537 1571 1656 1703 1727 1771 1818 1914 1917 1963 
40 81 254 286 430 482 533 549 567 687 706 718 728 738 760 815 883 923 969 996 1021 1034 1123 1137 1147 1206 1347 1357 1444 1471 1488 1513 1573 1582 1610 1695 1710 1800 1884 1955 1970 
41 46 62 121 276 291 434 462 470 475 497 503 508 539 579 585 672 761 777 922 975 1034 1042 1089 1178 1180 1229 1290 1329 1348 1364 1394 1407 1639 1640 1709 1717 1724 1750 1752 1815 1975 
39 41 162 274 297 355 452 547 577 594 752 877 885 921 923 1045 1083 1087 1114 1237 1250 1291 1310 1311 1346 1378 1391 1439 1492 1531 1549 1567 1667 1700 1769 1863 1876 1895 1979 1992 
48 68 93 104 184 188 193 300 321 325 475 513 609 657 731 812 840 890 935 947 949 1021 1024 1052 1086 1111 1114 1126 1169 1192 1269 1295 1300 1417 1425 1451 1632 1693 1739 1751 1794 1831 1852 1885 1889 1955 1956 1967 1996 
38 0 65 142 176 203 224 387 481 524 753 795 803 847 930 931 948 1098 1149 1176 1199 1201 1208 1281 1311 1315 1354 1377 1506 1573 1607 1651 1674 1783 1897 1898 1913 1964 1986 
40 12 39 99 149 159 324 340 358 373 394 416 426 471 577 592 632 633 684 744 752 779 794 952 954 977 994 1025 1054 1096 1106 1149 1230 1231 1278 1374 1445 1547 1680 1855 1922 
34 47 74 173 201 231 238 250 322 362 364 542 602 715 779 820 866 882 912 976 994 1053 1259 1304 1368 1399 1487 1509 1671 1673 1796 1818 1839 1857 1957 
51 97 204 247 268 327 382 411 429 456 459 482 551 562 568 579 580 587 618 626 629 719 781 783 836 851 951 1045 1061 1068 1073 1106 1126 1158 1294 1318 1325 1326 1353 1380 1432 1493 1498 1541 1542 1550 1553 1631 1661 1858 1861 1962 
37 42 77 201 425 441 478 524 563 565 589 597 631 633 673 684 689 699 836 849 919 927 928 1048 1077 1122 1165 1233 1312 1317 1418 1497 1623 1750 1837 1942 1964 1991 
45 22 26 30 43 45 105 124 164 181 273 289 307 320 404 548 554 562 602 646 698 753 760 823 952 1013 1050 1080 1128 1221 1284 1294 1322 1341 1395 1575 1580 1657 1679 1708 1757 1799 1894 1910 1933 1935 
51 3 43 79 84 99 135 143 162 179 184 208 221 237 308 326 382 420 436 467 567 645 660 685 705 730 758 868 886 934 1054 1191 1242 1246 1264 1271 1274 1394 1413 1414 1458 1478 1561 1578 1587 1689 1720 1737 1744 1745 1802 1805 
47 42 98 101 126 178 191 204 205 233 265 373 416 483 534 621 623 678 743 863 921 992 1014 1020 1048 1086 1120 1127 1150 1168 1189 1197 1209 1252 1280 1299 1310 1377 1421 1584 1670 1711 1717 1796 1828 1877 1986 1988 
40 106 127 159 202 255 374 665 790 794 810 825 857 866 908 957 990 1023 1026 1035 1082 1182 1186 1225 1276 1293 1337 1339 1359 1396 1451 1533 1571 1753 1792 1834 1847 1899 1905 1958 1963 
40 21 222 243 318 338 344 360 449 507 614 646 663 669 673 728 840 899 970 1063 1085 1092 1111 1123 1192 1200 1203 1250 1256 1284 1340 1478 1550 1607 1688 1831 1846 1856 1924 1948 1954 
42 100 187 223 234 278 304 362 457 497 533 639 650 716 729 732 738 765 873 882 1012 1022 1041 1045 1050 1112 1135 1172 1226 1229 1252 1292 1304 1464 1496 1618 1630 1646 1713 1768 1875 1917 1956 
32 30 105 171 175 276 355 429 468 494 505 513 606 624 696 702 800 801 826 840 916 935 1075 1182 1324 1463 1513 1557 1577 1590 1715 1783 1878 
31 23 111 187 331 336 416 453 513 576 624 695 758 850 867 942 1109 1127 1141 1147 1185 1232 1243 1272 1275 1597 1666 1681 1771 1825 1912 1921 
37 80 92 98 133 182 285 354 382 390 472 608 610 654 655 727 799 810 821 932 936 1025 1084 1102 1170 1190 1202 1452 1466 1543 1629 1703 1773 1833 1864 1877 1895 1930 
39 6 16 138 177 220 318 535 568 579 586 689 695 755 767 783 814 821 887 890 976 1015 1052 1057 1097 1103 1244 1336 1357 1438 1458 1484 1564 1589 1797 1801 1845 1873 1932 1975 
36 13 97 155 156 158 247 277 304 337 340 421 469 529 580 586 697 733 749 869 940 991 1067 1524 1581 1622 1650 1715 1822 1826 1885 1893 1895 1912 1935 1977 1983 
44 59 223 235 247 353 402 431 523 745 777 784 795 799 843 883 980 982 998 1023 1038 1070 1077 1091 1189 1213 1254 1302 1336 1397 1400 1448 1461 1480 1516 1619 1666 1760 1806 1838 1918 1937 1943 1948 1994 
42 12 25 28 29 83 89 449 558 577 654 703 724 748 780 784 813 819 851 856 926 1015 1084 1153 1168 1170 1192 1251 1265 1284 1341 1345 1391 1414 1446 1509 1583 1667 1705 1836 1843 1959 1976 
44 41 47 125 160 209 270 294 301 375 384 440 563 576 583 715 789 876 994 1021 1049 1167 1201 1225 1241 1259 1278 1310 1313 1373 1374 1459 1654 1692 1717 1719 1769 1865 1867 1884 1898 1901 1950 1981 1991 
25 14 106 141 223 253 395 494 559 613 759 838 841 861 866 961 1036 1387 1435 1547 1560 1744 1788 1806 1857 1912 
36 8 21 118 211 305 418 427 546 569 581 658 797 839 850 871 894 910 974 1006 1104 1109 1188 1325 1349 1418 1512 1533 1566 1726 1790 1810 1830 1893 1920 1966 1977 
46 36 64 76 80 145 225 356 366 378 389 492 531 555 578 579 698 717 718 735 765 770 796 933 988 1049 1131 1185 1230 1288 1344 1362 1393 1527 1544 1578 1700 1706 1718 1738 1760 1776 1787 1855 1864 1904 1932 
44 1 27 30 115 124 137 220 236 258 312 322 337 354 406 423 433 546 592 742 756 768 860 881 995 1000 1147 1153 1291 1385 1446 1450 1451 1524 1544 1685 1699 1722 1740 1796 1878 1880 1939 1959 1984 
41 22 51 108 159 190 300 306 329 361 449 474 605 619 646 648 695 796 819 820 880 937 990 1007 1016 1070 1121 1279 1345 1369 1397 1412 1414 1510 1559 1617 1698 1736 1765 1819 1933 1988 
40 85 189 282 327 393 450 511 544 548 576 584 624 668 695 718 837 891 990 999 1059 1072 1101 1110 1194 1198 1273 1296 1362 1394 1492 1513 1543 1557 1627 1662 1680 1690 1708 1791 1845 
41 114 227 276 289 365 442 448 652 653 674 688 733 735 777 780 840 876 946 947 954 969 1020 1049 1053 1150 1209 1241 1262 1295 1308 1344 1435 1443 1460 1585 1598 1632 1633 1758 1926 1966 
50 128 217 243 261 288 339 360 381 407 412 433 474 498 545 578 648 651 674 885 910 971 976 997 1009 1024 1099 1218 1251 1311 1357 1360 1367 1373 1402 1478 1526 1530 1545 1548 1563 1608 1615 1626 1686 1689 1740 1749 1857 1865 1931 
42 49 141 162 301 322 326 370 438 484 507 553 585 623 650 697 717 810 868 883 1080 1102 1118 1131 1175 1243 1293 1305 1398 1413 1437 1612 1654 1724 1767 1820 1821 1822 1855 1870 1892 1953 1975 
41 48 72 104 172 224 225 252 348 358 366 372 400 410 469 475 771 785 806 814 839 853 888 942 973 1000 1004 1053 1175 1183 1204 1375 1377 1445 1450 1582 1705 1718 1733 1792 1946 1964 
41 17 202 205 245 344 550 695 696 702 716 827 929 1022 1024 1066 1108 1110 1146 1202 1210 1225 1298 1319 1350 1357 1393 1398 1413 1422 1425 1491 1496 1501 1522 1525 1577 1673 1835 1906 1961 1978 
42 1 134 136 139 154 170 288 320 421 428 522 626 650 698 778 788 799 808 887 902 911 946 1142 1189 1203 1219 1266 1312 1382 1413 1415 1490 1497 1499 1595 1681 1849 1851 1866 1871 1880 1881 
38 48 212 345 355 409 425 436 448 460 563 583 635 699 763 803 855 907 951 963 987 1001 1012 1197 1237 1293 1370 1425 1447 1465 1482 1528 1540 1638 1734 1805 1884 1898 1979 
34 96 195 207 233 252 270 352 392 622 697 698 758 823 922 1012 1013 1015 1067 1153 1193 1291 1378 1415 1434 1538 1546 1550 1636 1686 1707 1853 1960 1970 1977 
35 48 57 107 111 409 470 563 623 970 1014 1055 1085 1142 1149 1150 1159 1181 1185 1368 1377 1381 1390 1396 1433 1460 1544 1597 1606 1669 1688 1714 1748 1835 1895 1914 
41 28 181 228 323 328 356 460 614 623 692 695 715 738 742 802 813 819 886 1036 1070 1121 1155 1202 1253 1276 1277 1294 1358 1372 1390 1468 1486 1515 1518 1651 1716 1747 1769 1855 1872 1882 
38 43 208 297 322 467 576 688 724 804 836 855 867 869 955 1036 1101 1146 1206 1223 1250 1258 1339 1371 1483 1510 1521 1534 1570 1605 1682 1709 1748 1759 1832 1839 1946 1947 1985 
42 1 78 80 91 130 173 198 204 222 232 313 490 551 555 560 603 606 656 657 671 777 856 931 1057 1106 1169 1204 1343 1356 1388 1400 1420 1428 1476 1501 1600 1626 1720 1735 1841 1849 1933 
40 7 8 38 144 215 253 258 270 395 448 468 471 510 551 733 836 844 850 954 969 993 1035 1101 1145 1152 1162 1168 1188 1210 1226 1227 1277 1317 1378 1491 1549 1611 1636 1701 1938 
41 49 166 295 338 456 457 481 540 541 566 690 717 779 825 842 900 920 922 950 1012 1016 1079 1114 1172 1173 1205 1235 1238 1254 1255 1296 1345 1346 1374 1435 1492 1509 1904 1931 1955 1975 
37 41 77 102 147 151 171 318 394 398 472 547 564 582 594 636 637 736 739 795 869 1001 1051 1124 1283 1324 1342 1438 1439 1469 1507 1516 1535 1613 1645 1701 1866 1954 
34 20 72 77 157 169 176 190 303 379 473 476 482 498 512 543 695 717 828 989 1056 1068 1079 1172 1243 1273 1371 1391 1452 1580 1604 1631 1646 1823 1852 
33 53 137 258 277 341 408 455 496 598 633 752 827 897 909 959 970 993 1071 1133 1231 1288 1295 1359 1419 1475 1480 1487 1592 1623 1664 1861 1862 1941 
45 21 53 57 76 109 133 154 239 242 269 271 316 366 440 448 516 527 562 580 608 625 631 639 913 935 936 1015 1053 1204 1205 1297 1330 1453 1525 1532 1553 1649 1739 1794 1823 1837 1856 1885 1975 1988 
49 4 45 49 81 104 123 226 248 290 357 368 401 406 445 451 487 508 576 600 658 761 812 891 893 906 967 1004 1096 1105 1132 1134 1211 1232 1255 1279 1306 1427 1506 1511 1540 1621 1625 1645 1646 1678 1692 1740 1793 1916 
33 2 51 209 297 305 391 483 502 542 570 589 602 710 712 804 871 956 1003 1130 1151 1268 1360 1374 1390 1401 1493 1544 1593 1666 1755 1803 1826 1902 
54 23 26 27 99 158 179 247 274 277 291 333 343 357 362 399 413 438 461 509 512 547 571 602 738 744 805 818 819 838 931 932 1012 1048 1072 1083 1227 1300 1356 1398 1423 1460 1508 1610 1677 1713 1826 1844 1873 1934 1935 1956 1971 1981 1989 
38 7 105 224 323 342 374 383 417 422 472 565 615 688 689 787 792 838 875 879 897 924 1008 1017 1076 1085 1124 1147 1191 1301 1321 1343 1454 1484 1523 1578 1769 1839 1958 
38 1 9 42 112 119 161 197 287 309 338 434 445 468 480 501 795 926 1047 1169 1173 1177 1210 1216 1278 1281 1285 1314 1366 1436 1491 1608 1621 1657 1667 1706 1720 1900 1930 
48 4 25 34 52 77 79 125 126 180 183 232 244 250 346 391 392 406 428 511 526 681 697 730 807 868 890 962 982 989 1065 1072 1092 1276 1295 1319 1453 1455 1475 1479 1603 1637 1732 1817 1848 1879 1880 1894 1978 
37 45 46 52 53 65 67 82 97 165 391 400 402 439 486 588 710 766 784 806 1046 1051 1127 1301 1364 1404 1412 1552 1599 1619 1655 1671 1672 1719 1806 1897 1921 1980 
40 25 28 131 132 229 320 340 379 431 452 546 554 579 700 722 786 858 874 923 972 1044 1076 1202 1242 1245 1306 1334 1340 1371 1484 1500 1508 1542 1580 1621 1732 1897 1909 1954 1960 
39 52 72 81 111 198 221 276 313 591 605 611 624 700 731 756 818 908 979 1041 1085 1099 1161 1174 1219 1249 1325 1508 1530 1655 1672 1733 1765 1784 1799 1858 1892 1914 1930 1955 
33 2 74 107 108 126 165 174 220 221 300 356 532 670 880 904 1003 1083 1174 1231 1283 1286 1290 1442 1507 1528 1536 1585 1588 1752 1817 1841 1871 1897 
45 32 47 102 141 145 220 234 260 279 373 510 525 537 660 704 802 815 891 950 996 1045 1129 1146 1153 1180 1240 1260 1276 1300 1318 1487 1488 1543 1577 1624 1647 1681 1712 1743 1766 1803 1851 1960 1965 1969 
36 3 55 94 250 262 298 329 363 371 383 550 648 649 653 689 796 816 993 1022 1274 1338 1356 1392 1414 1422 1526 1654 1691 1694 1700 1722 1725 1735 1742 1954 1955 
39 59 123 156 161 187 221 271 299 326 354 448 593 629 721 742 770 776 817 822 848 928 996 1093 1202 1212 1227 1235 1262 1319 1362 1455 1486 1630 1653 1783 1788 1887 1901 1920 
37 42 122 140 194 208 220 355 368 425 452 470 540 549 578 612 674 754 776 964 973 1018 1155 1159 1170 1207 1416 1494 1501 1536 1561 1609 1644 1656 1664 1727 1754 1856 
33 290 332 337 359 393 427 449 471 515 605 676 732 743 804 907 1019 1093 1135 1256 1297 1327 1342 1348 1352 1481 1563 1605 1633 1642 1696 1737 1881 1923 
49 26 33 43 89 168 222 224 263 279 305 329 338 342 409 450 454 467 469 500 518 566 577 629 723 735 737 795 845 904 960 1031 1113 1117 1235 1285 1295 1309 1396 1457 1543 1554 1565 1601 1612 1636 1731 1753 1805 1911 
45 222 238 283 306 377 430 441 453 548 552 586 662 671 685 714 788 789 791 824 830 881 929 969 972 990 1073 1082 1149 1154 1198 1225 1236 1291 1355 1363 1371 1464 1546 1646 1675 1708 1768 1836 1930 1944 
35 42 44 71 207 348 393 442 453 602 604 662 682 691 695 700 716 795 849 1090 1126 1232 1275 1286 1314 1394 1506 1573 1623 1646 1703 1716 1756 1887 1910 1950 
51 5 33 100 104 142 154 176 248 394 459 467 468 486 492 509 530 536 564 607 621 630 640 642 672 740 796 809 884 921 925 930 1007 1095 1122 1124 1146 1195 1208 1214 1301 1323 1358 1386 1475 1579 1695 1788 1808 1868 1900 1915 
28 22 42 197 320 510 527 551 652 673 713 794 817 889 1088 1095 1115 1119 1225 1257 1285 1296 1634 1733 1741 1765 1767 1821 1936 
45 3 48 55 88 134 173 234 267 309 325 357 474 480 504 505 555 631 754 757 881 905 946 972 997 1000 1047 1050 1086 1088 1157 1238 1241 1252 1335 1464 1499 1527 1699 1715 1733 1783 1823 1881 1980 1997 
41 0 44 110 114 176 203 254 272 297 322 470 495 599 628 676 993 1027 1038 1092 1192 1200 1211 1293 1331 1406 1413 1416 1518 1570 1583 1600 1624 1673 1688 1723 1758 1836 1855 1878 1888 1963 
50 13 24 41 84 130 131 150 151 164 259 263 296 320 388 389 492 514 552 606 657 667 692 789 818 836 867 908 955 1098 1126 1156 1186 1259 1313 1314 1333 1351 1386 1396 1457 1528 1577 1613 1710 1814 1832 1835 1938 1976 1984 
36 46 58 99 192 204 278 448 496 607 671 691 732 883 948 957 978 980 1000 1042 1143 1215 1261 1268 1277 1299 1335 1483 1504 1603 1627 1629 1664 1711 1713 1827 1933 
53 12 58 126 138 179 229 324 375 399 450 496 499 547 581 631 643 651 668 682 740 805 812 822 852 871 967 1037 1087 1151 1262 1299 1376 1419 1424 1446 1482 1521 1559 1677 1723 1730 1732 1739 1783 1818 1841 1879 1890 1895 1926 1962 1977 1989 
43 131 161 162 236 270 284 296 302 341 367 430 582 603 604 713 717 762 790 845 886 915 1056 1084 1086 1130 1250 1261 1274 1316 1380 1389 1404 1424 1675 1697 1715 1729 1746 1757 1790 1800 1807 1883 
39 16 41 55 97 142 177 225 275 340 408 434 496 537 577 623 647 683 699 783 813 881 921 1019 1029 1048 1060 1297 1316 1324 1337 1427 1453 1524 1698 1731 1838 1925 1939 1947 
38 29 78 142 144 169 181 211 215 232 314 355 365 406 407 439 573 713 781 881 1013 1032 1052 1062 1109 1148 1168 1181 1276 1379 1491 1514 1571 1608 1731 1732 1798 1812 1978 
46 31 41 47 162 168 201 451 457 473 509 520 527 719 723 731 867 892 894 972 984 1057 1074 1106 1144 1171 1209 1217 1335 1377 1392 1394 1411 1412 1436 1467 1543 1572 1657 1700 1761 1789 1835 1841 1860 1917 1931 
45 3 10 54 79 85 158 223 302 315 337 342 370 450 463 477 547 607 617 627 655 776 811 816 849 912 968 973 986 989 998 1103 1132 1151 1187 1276 1326 1570 1621 1669 1674 1705 1786 1864 1868 1911 
47 34 49 98 128 130 143 154 176 269 295 298 343 359 368 494 502 599 616 625 627 670 704 720 753 811 829 878 1048 1101 1169 1179 1299 1312 1420 1422 1445 1478 1542 1590 1653 1682 1699 1710 1784 1819 1863 1918 
49 14 27 50 72 86 108 110 144 205 222 248 318 384 405 432 446 503 734 769 792 798 848 926 994 1012 1039 1052 1104 1120 1145 1171 1261 1336 1401 1514 1520 1576 1628 1653 1680 1684 1685 1698 1776 1805 1876 1918 1932 1962 
