200 2000
3 711
164 329
471 833
321 905
306 400
223 280
401 504
250 381
412 450
76 835
105 720
509 783
205 368
7 9
818 872
416 726
147 792
51 77
144 561
67 173
38 868
283 513
32 111
242 957
98 503
212 980
282 501
147 452
124 388
182 691
253 646
358 771
263 263
170 857
56 94
13 234
645 869
65 192
347 390
384 849
549 707
137 240
134 699
103 167
70 227
491 977
0 148
44 435
111 947
660 726
245 390
469 738
2 123
94 375
99 123
0 2
208 234
77 177
134 351
193 326
127 152
131 508
24 182
157 335
23 243
411 816
491 959
68 71
105 115
652 893
522 542
700 862
257 384
203 556
420 928
137 236
284 317
198 387
651 772
20 375
32 702
55 199
10 29
39 230
277 891
25 70
87 572
7 480
425 801
281 923
62 900
32 775
115 142
329 878
89 89
356 703
264 573
255 511
368 420
177 399
439 511
280 868
29 355
239 528
3 121
36 138
7 40
69 253
178 300
176 199
34 297
217 455
272 782
11 84
15 420
450 466
527 651
431 600
3 304
172 416
229 286
352 602
519 639
455 873
876 924
779 997
83 979
27 151
193 320
93 786
87 510
236 740
27 900
355 441
82 99
403 498
31 31
526 569
647 736
7 39
193 938
72 223
312 469
750 764
35 333
16 218
268 391
229 505
212 438
642 759
77 110
21 24
49 347
277 280
843 935
120 382
2 861
118 326
931 943
7 664
110 152
351 664
682 825
94 372
183 191
24 224
67 86
94 236
96 579
62 294
700 850
42 468
186 186
388 433
715 824
768 904
275 294
149 392
726 730
488 672
51 560
20 66
44 119
22 953
503 597
56 860
272 300
1 25
91 828
313 931
346 411
94 100
368 793
518 866
9 42
24 432
204 347
324 348
159 857
0 316
267 537
39 40
225 550
73 80
11 66
98 239
146 157
419 508
64 314
52 267
64 727
145 833
414 827
943 971
144 324
672 962
19 663
24 70
206 212
610 728
28 236
104 525
436 985
523 628
35 710
194 878
15 17
826 955
63 341
866 966
95 454
96 558
50 220
7 136
77 295
15 52
27 761
730 811
667 700
623 821
250 304
259 904
701 861
54 699
517 951
44 354
10 489
23 226
160 448
214 901
633 737
13 58
101 246
838 974
350 385
213 544
4 12
98 502
27 44
516 728
334 624
12 229
64 185
651 933
489 964
106 483
590 735
150 494
17 48
21 278
285 631
127 898
530 573
127 399
44 48
41 561
113 565
511 770
70 113
97 134
85 363
312 616
209 310
413 625
78 126
62 793
21 91
163 979
74 170
129 248
318 461
462 749
282 610
418 599
136 233
222 631
589 845
115 243
33 153
334 831
125 758
476 716
51 332
170 201
50 194
4 998
62 487
121 310
392 825
53 368
109 344
6 358
115 255
300 381
59 82
248 747
76 556
85 550
39 145
178 845
111 666
641 791
241 305
227 808
433 621
314 656
796 945
530 887
226 546
332 399
266 873
44 204
277 472
77 132
405 477
362 777
503 790
107 118
496 821
28 113
40 255
283 389
78 294
323 425
293 428
61 96
15 18
84 403
29 88
46 477
545 887
51 374
423 759
279 462
474 660
16 189
159 186
109 289
574 880
303 556
172 901
99 264
73 470
355 718
130 220
30 34
308 521
58 332
924 943
66 774
534 569
63 174
181 278
121 447
141 779
181 757
51 71
148 509
107 128
644 972
73 349
755 787
140 236
132 280
631 761
168 202
196 385
339 578
282 390
644 811
86 212
70 82
89 264
63 1000
240 765
124 560
627 686
502 648
8 18
298 359
250 335
3 10
180 398
147 237
428 454
141 346
17 508
471 590
463 540
34 576
48 536
18 215
116 884
669 930
43 188
35 147
182 624
134 141
383 984
602 835
497 642
478 842
157 294
185 192
32 83
152 602
440 610
567 956
41 45
478 646
0 32
0 14
240 332
12 21
357 428
29 241
48 252
11 32
0 7
155 627
249 722
177 216
171 896
82 231
33 182
270 954
348 558
149 232
99 143
373 851
609 766
736 910
49 80
759 951
35 42
692 982
650 873
146 609
332 495
306 868
119 303
424 676
78 96
30 423
833 945
68 245
387 902
724 987
2 5
391 902
571 620
238 559
635 674
416 828
333 538
221 338
114 316
456 677
373 522
65 914
444 709
657 821
283 484
159 295
147 801
124 614
458 733
120 292
5 24
432 664
24 211
286 809
277 345
42 490
140 513
535 730
198 479
107 971
144 504
430 620
199 803
178 720
531 772
212 716
813 943
57 70
588 879
17 131
30 307
858 957
270 320
268 402
476 511
263 821
79 566
182 817
313 932
599 836
66 370
15 86
318 887
439 928
50 321
616 819
638 868
271 517
0 13
34 386
19 922
56 88
419 435
74 118
523 814
914 927
315 388
164 599
578 818
302 533
535 846
34 37
254 685
133 295
94 105
193 349
150 405
693 879
72 72
520 948
152 377
40 318
3 87
18 19
277 812
94 403
237 406
17 103
34 40
146 889
118 599
370 927
1 1
458 667
96 948
407 955
316 484
294 394
346 975
151 465
155 234
42 118
1 91
163 447
65 632
88 290
62 146
9 101
30 97
455 461
38 419
340 573
101 178
75 321
661 938
192 862
869 947
400 797
618 978
824 959
46 197
66 146
45 189
22 61
810 973
41 640
23 61
49 441
142 542
155 617
252 538
55 67
17 100
285 363
225 309
205 273
517 645
118 125
103 518
185 225
39 82
121 508
124 456
406 428
613 670
657 923
256 277
64 96
79 197
55 88
122 148
141 316
487 686
469 653
816 854
317 982
10 105
69 775
511 727
125 256
153 592
177 430
121 140
346 611
184 192
176 326
217 484
760 922
136 504
802 916
131 958
299 676
185 210
556 734
152 577
109 549
302 533
69 172
74 616
580 733
49 210
329 393
190 275
98 337
106 556
64 404
30 415
36 131
666 890
44 159
124 204
0 17
75 671
533 813
30 87
594 730
8 200
618 922
7 68
95 629
915 987
351 630
51 359
352 717
2 513
47 94
278 599
31 333
777 949
248 592
110 392
539 861
214 436
444 952
305 457
204 403
620 771
717 858
3 214
637 723
336 859
406 889
594 929
143 309
22 66
0 513
132 167
200 456
45 231
166 533
425 437
238 731
168 540
20 97
51 187
82 517
282 856
749 799
250 296
2 376
263 304
108 245
52 917
65 108
20 21
199 294
123 413
103 534
367 649
79 248
74 852
238 896
210 845
24 25
22 23
185 331
786 880
758 847
454 940
61 450
179 864
130 480
457 680
177 525
239 701
59 120
188 278
82 331
403 440
280 290
30 276
394 466
309 483
487 564
58 161
146 199
19 32
151 653
277 281
522 912
258 329
446 616
329 582
62 507
13 730
63 288
617 672
184 448
534 822
13 88
76 349
44 76
110 243
96 282
427 492
191 220
17 71
410 797
426 769
442 712
213 677
244 445
356 589
181 315
344 476
84 342
18 83
16 43
362 383
59 321
174 941
686 908
153 791
388 905
376 523
5 8
251 266
25 43
61 944
32 642
72 78
541 713
42 43
910 955
268 574
111 136
179 621
74 255
102 843
326 988
93 628
314 929
310 340
19 47
351 515
365 723
299 771
142 777
117 151
582 633
652 658
16 179
469 926
89 181
83 98
316 556
221 613
370 687
374 447
119 154
89 601
16 24
113 340
114 182
832 903
8 72
164 961
42 121
42 272
23 344
176 218
367 592
526 981
257 724
283 427
257 468
581 835
192 428
535 703
118 415
203 471
105 134
263 632
254 480
176 965
702 817
11 674
320 592
72 573
131 319
246 284
22 776
370 664
148 175
60 220
95 225
54 65
6 310
155 576
156 286
6 828
60 65
99 531
794 810
77 145
185 925
512 688
19 23
10 331
72 152
175 723
444 999
66 213
646 699
254 532
9 55
515 533
35 391
694 818
446 799
726 887
740 758
353 714
565 969
198 288
132 247
332 683
170 351
391 685
46 985
121 428
149 702
9 17
59 489
127 132
773 773
440 958
165 319
284 617
322 483
750 953
53 241
7 41
75 75
492 880
456 869
167 261
79 216
288 611
116 329
331 640
882 891
46 260
285 664
245 832
152 393
69 815
440 774
342 798
82 353
369 778
115 167
557 748
40 63
586 955
13 821
24 78
28 705
796 833
88 94
416 608
78 152
75 456
214 808
39 684
434 486
184 297
611 907
136 380
97 182
65 282
376 607
802 872
243 619
41 568
44 57
6 217
168 409
561 604
113 328
534 588
208 925
305 794
685 685
51 788
339 677
119 256
337 720
618 663
183 548
713 805
180 250
0 26
74 233
559 828
536 539
138 428
892 895
56 940
443 549
28 329
111 117
1 26
877 883
308 549
587 949
64 277
9 532
139 318
905 913
735 937
22 122
78 676
6 34
79 687
554 593
102 673
298 387
837 956
164 563
164 282
113 546
519 538
816 848
241 483
298 472
4 788
85 363
372 499
29 905
204 485
303 745
381 834
197 958
114 151
57 696
292 340
147 680
16 36
213 696
73 876
51 90
54 689
97 305
236 652
9 226
204 234
360 775
233 335
355 514
18 185
355 383
164 834
379 480
94 304
132 174
34 154
179 425
52 103
82 583
71 102
158 203
157 726
684 834
159 594
219 366
34 74
140 204
394 790
313 592
50 396
279 637
286 433
70 426
267 556
602 880
19 887
348 420
6 8
253 870
247 485
70 184
289 352
138 165
38 203
288 740
19 41
280 435
174 763
520 536
20 220
5 44
335 798
90 103
239 604
549 710
89 626
328 523
163 187
88 860
840 903
142 540
1 696
608 667
150 598
116 129
365 530
318 700
389 715
12 14
127 178
1 8
445 492
332 641
652 696
158 464
523 683
61 681
1 463
14 818
298 492
140 758
195 476
67 341
622 635
604 992
141 625
236 282
515 522
252 611
584 804
206 278
584 961
23 229
39 139
296 303
1 320
3 10
52 723
123 595
176 470
225 304
456 514
283 346
124 135
372 496
463 601
46 114
256 725
10 44
287 416
618 775
163 524
155 168
72 101
324 507
581 648
84 766
403 645
107 158
3 202
365 528
244 389
140 651
277 334
510 830
236 283
262 280
210 293
239 628
94 245
66 718
3 51
522 845
618 802
18 113
10 119
141 771
402 957
84 499
114 763
245 338
267 364
103 389
185 746
268 589
374 450
267 568
5 110
57 82
555 586
89 222
5 54
41 72
211 460
191 643
563 602
119 136
731 858
686 750
198 532
256 567
551 971
149 403
57 76
111 894
317 990
825 939
38 41
232 339
169 774
453 540
416 779
358 588
294 751
574 685
4 98
33 669
611 720
424 850
90 92
366 664
850 868
249 393
660 726
160 830
528 620
400 418
517 672
71 637
205 868
162 217
18 704
162 505
522 583
430 555
404 765
10 201
529 555
313 330
46 189
26 37
15 835
225 716
734 739
217 915
59 347
204 365
246 337
116 829
805 969
540 540
24 51
357 578
193 195
84 86
221 719
456 476
263 289
78 783
43 634
244 539
504 565
205 387
65 248
197 344
134 607
90 231
44 503
291 726
100 261
171 323
42 56
102 399
300 604
234 650
172 327
129 308
326 343
141 185
707 841
703 823
57 70
518 790
19 20
53 531
831 890
284 490
943 977
391 568
99 117
35 323
947 988
24 91
355 396
99 182
46 354
455 472
217 466
575 944
113 392
65 468
28 41
259 582
197 284
277 509
314 684
141 819
6 573
44 108
3 19
88 126
807 954
147 280
532 997
343 399
3 647
479 797
143 765
456 820
435 723
126 996
285 598
401 971
10 114
14 56
545 631
233 702
580 999
232 495
288 592
211 520
94 609
118 581
183 348
165 211
376 783
40 123
231 328
130 525
785 876
24 85
407 436
93 560
448 526
43 825
29 49
185 733
143 327
98 161
372 596
430 640
48 80
133 150
0 5
39 76
201 268
126 383
84 979
101 276
155 521
118 734
25 247
25 33
333 349
152 788
167 476
132 868
0 49
8 41
32 76
580 618
833 945
21 305
39 321
704 787
272 446
45 104
166 449
39 902
43 44
229 429
510 595
90 565
542 763
200 721
202 749
172 467
122 220
105 743
17 17
243 763
605 722
279 875
68 136
336 699
134 635
8 257
230 384
173 967
720 855
374 460
931 988
621 901
177 422
141 836
249 401
395 727
444 613
226 841
78 95
195 319
689 709
272 345
902 965
209 279
21 555
159 610
595 689
117 143
34 89
389 731
1 20
204 469
87 89
595 613
182 202
75 726
57 549
223 985
1 7
840 848
6 16
308 953
424 514
55 187
163 204
560 620
625 791
147 290
505 763
30 372
94 99
18 109
51 145
148 623
470 857
20 108
419 425
89 218
11 98
111 838
785 931
59 548
412 587
451 913
25 891
467 526
626 814
470 935
76 412
460 547
258 845
186 777
234 375
477 478
33 70
80 667
667 883
16 694
39 670
153 203
114 455
367 995
162 257
172 787
164 473
290 604
105 121
844 962
719 783
527 735
158 533
606 953
37 122
191 409
365 815
37 157
349 987
265 769
568 675
226 840
43 807
489 708
407 708
257 414
392 636
501 999
406 448
165 520
18 261
339 868
342 526
55 732
220 770
355 430
361 562
501 541
21 55
745 993
20 233
256 513
19 154
172 305
231 631
268 900
510 876
147 157
241 844
37 243
242 519
3 6
228 670
140 148
322 360
684 846
5 106
261 912
477 489
80 110
171 308
151 269
612 822
353 674
66 173
828 858
112 134
13 130
330 929
326 783
87 792
91 93
561 803
85 741
153 902
143 772
247 606
54 191
39 964
199 438
177 556
377 406
564 587
122 227
95 163
62 106
43 616
508 838
40 487
278 527
211 491
142 734
643 989
112 626
495 631
267 408
71 159
185 608
62 576
13 13
684 777
424 569
401 903
144 841
457 786
4 144
80 120
78 107
22 65
56 473
54 355
209 579
13 944
248 447
398 735
9 83
662 744
40 67
248 367
33 109
182 331
221 788
297 402
38 116
896 980
603 696
223 312
113 397
381 955
52 81
538 629
256 722
317 332
8 45
716 765
335 817
122 306
50 694
41 323
242 972
236 458
71 130
538 654
473 593
25 28
171 623
355 657
196 269
63 80
465 727
66 151
862 971
216 418
26 136
10 234
723 893
42 652
92 160
388 848
339 874
351 476
265 971
204 844
313 374
145 487
580 652
0 13
180 187
96 127
445 469
312 445
472 880
243 270
117 269
265 368
438 610
495 792
41 59
198 213
188 225
127 170
303 750
337 582
262 764
198 261
358 491
755 799
17 110
44 47
279 599
187 362
163 446
196 540
47 492
729 772
433 663
157 882
14 239
22 294
60 301
70 299
184 424
111 439
9 799
200 221
206 664
0 50
1 307
48 70
483 544
5 9
327 691
710 794
52 227
1 38
362 903
373 873
491 824
148 184
435 795
22 833
310 597
477 667
326 361
148 426
43 326
29 769
156 340
969 979
143 152
73 937
33 263
679 715
29 31
520 741
483 483
44 74
74 202
494 824
859 867
0 48
241 469
478 521
53 96
68 307
157 266
72 335
185 523
478 768
865 884
38 578
245 747
9 86
400 430
79 220
64 64
488 974
549 702
478 646
143 146
574 752
273 400
95 186
110 185
75 92
148 496
113 189
330 427
79 164
935 954
416 540
59 479
273 715
519 909
82 256
675 904
260 417
10 46
306 825
224 580
0 21
160 228
339 451
145 149
476 681
63 277
39 263
36 640
82 211
349 728
20 163
458 826
0 157
450 750
66 571
118 774
71 128
178 246
50 73
677 867
134 530
377 634
689 723
377 550
589 674
326 774
576 601
264 703
534 627
171 235
139 209
39 508
451 775
11 180
55 57
58 240
413 585
55 162
123 833
508 725
94 254
12 18
521 945
20 149
189 348
258 672
41 443
45 845
116 412
652 700
851 908
464 830
312 544
91 902
568 789
138 662
151 672
384 401
376 742
127 846
201 354
373 493
36 782
484 903
27 143
346 433
84 179
23 50
81 161
608 670
731 839
310 709
45 103
91 236
404 416
420 660
57 156
454 582
5 551
564 668
75 453
102 376
814 899
821 917
839 871
110 385
234 799
599 793
27 279
47 215
342 817
328 465
233 536
5 120
20 71
21 26
226 576
383 713
452 764
194 387
143 499
144 317
381 925
10 813
426 525
2 764
432 507
454 908
150 646
647 809
680 762
591 758
185 270
6 70
66 228
81 459
316 504
233 580
287 497
444 914
294 459
136 788
37 69
155 952
113 282
216 660
627 848
401 489
156 283
80 128
195 423
5 567
77 678
46 50
100 347
2 13
290 583
125 136
68 448
515 784
891 997
66 349
50 92
83 236
93 209
284 998
230 256
417 650
12 399
217 663
482 650
184 635
156 317
289 312
220 418
270 436
42 737
247 413
79 390
644 742
153 336
728 813
375 587
235 572
208 280
200 737
398 825
13 31
107 345
336 418
864 892
308 363
475 833
341 486
564 850
363 516
429 545
368 647
536 961
25 49
345 399
75 499
228 241
706 865
9 15
145 167
183 816
700 733
94 423
34 171
523 800
61 771
280 647
228 610
0 1
323 975
476 711
573 651
557 631
29 348
320 361
165 366
12 54
1 52
69 121
609 903
602 686
520 731
6 45
11 186
602 605
273 941
528 832
213 811
559 881
343 575
7 9
589 761
2 36
211 361
668 948
79 769
530 654
414 444
340 810
535 949
56 80
57 236
57 515
227 682
668 738
1 916
281 599
877 991
741 842
70 274
331 650
745 888
175 786
176 949
145 163
291 518
22 26
149 201
165 176
633 666
430 459
54 205
261 617
119 599
100 116
71 314
51 164
5 31
697 796
119 644
343 680
86 218
525 935
2 38
103 348
278 595
154 306
90 214
714 791
235 244
601 820
304 846
23 356
62 866
47 166
80 212
404 978
862 922
476 675
18 497
3 5
126 988
60 138
72 879
207 212
227 358
36 68 169 199 293 420 432 434 496 508 541 571 623 687 696 697 704 739 807 858 906 1038 1078 1205 1211 1228 1281 1329 1426 1436 1448 1506 1531 1609 1623 1700 1914 
33 21 45 106 110 125 153 318 430 486 609 614 721 813 930 951 980 982 1022 1115 1153 1212 1318 1368 1382 1390 1449 1527 1638 1652 1688 1824 1882 1958 
39 76 84 133 156 187 238 342 400 499 600 725 751 770 818 843 865 897 973 987 1017 1032 1047 1188 1333 1352 1355 1362 1392 1491 1503 1585 1587 1690 1704 1749 1768 1810 1964 1985 
39 42 177 248 267 288 290 302 309 355 587 626 656 670 723 742 893 1016 1031 1079 1086 1104 1165 1274 1314 1328 1350 1402 1423 1443 1483 1505 1529 1533 1585 1701 1743 1780 1904 1950 
46 19 54 77 312 436 443 468 521 643 670 696 710 804 827 850 889 932 948 958 959 961 972 973 978 997 1173 1178 1210 1338 1359 1391 1455 1500 1547 1570 1588 1621 1628 1649 1701 1705 1712 1771 1823 1923 1987 
34 3 74 171 306 430 454 568 636 703 721 740 940 1001 1010 1157 1220 1266 1280 1358 1380 1427 1452 1510 1535 1550 1624 1682 1711 1771 1793 1806 1854 1893 1913 
47 31 32 94 212 476 484 506 507 549 600 601 678 728 756 842 926 955 963 1004 1040 1087 1123 1159 1221 1296 1299 1342 1361 1382 1400 1474 1525 1564 1571 1632 1654 1658 1666 1712 1738 1739 1759 1817 1897 1907 1947 1962 
40 11 60 116 121 126 147 169 171 174 233 275 334 380 439 493 526 544 595 604 684 803 939 1000 1056 1210 1234 1284 1291 1307 1311 1358 1383 1450 1507 1543 1561 1727 1873 1908 1997 
23 9 10 264 331 450 471 474 523 728 1011 1126 1165 1192 1315 1489 1496 1528 1584 1724 1762 1775 1940 1962 
31 34 69 95 105 147 215 278 309 315 385 444 536 676 678 742 803 893 953 1045 1060 1168 1240 1283 1357 1378 1408 1467 1520 1671 1919 1983 
47 3 5 83 134 200 263 288 289 306 398 477 615 719 730 735 746 787 790 821 919 961 964 1009 1062 1129 1136 1216 1219 1281 1389 1401 1423 1436 1438 1487 1513 1557 1630 1690 1752 1753 1824 1846 1852 1930 1979 1980 
41 31 43 76 156 187 213 239 249 316 429 484 496 523 526 560 574 636 643 709 807 811 840 845 867 898 906 941 992 1067 1075 1151 1356 1395 1488 1565 1590 1595 1770 1868 1909 1937 
43 75 76 136 217 445 548 622 646 686 728 734 782 785 898 922 1037 1077 1137 1224 1250 1287 1343 1410 1412 1428 1521 1543 1548 1565 1571 1585 1659 1720 1772 1791 1836 1857 1864 1898 1924 1960 1980 1983 
32 156 206 308 479 503 654 773 776 832 915 931 938 1056 1154 1182 1225 1254 1284 1312 1317 1318 1447 1449 1485 1495 1551 1555 1683 1730 1778 1867 1947 
38 4 191 202 290 320 322 402 421 433 441 458 471 495 603 610 794 840 895 899 1030 1080 1085 1116 1164 1185 1222 1386 1450 1524 1617 1667 1702 1766 1768 1778 1867 1986 1993 
49 9 33 98 105 114 191 217 268 317 326 340 430 474 475 494 505 565 603 670 936 940 957 994 1003 1054 1075 1076 1120 1121 1208 1219 1348 1372 1399 1418 1497 1658 1668 1693 1727 1738 1780 1865 1869 1878 1908 1936 1944 1999 
32 87 148 157 172 262 305 347 380 432 465 510 613 670 752 758 815 829 911 947 1038 1051 1213 1296 1314 1437 1445 1607 1639 1669 1713 1768 1785 
35 0 33 73 82 113 320 480 524 533 564 726 818 828 882 919 958 986 1075 1083 1097 1153 1197 1275 1321 1398 1471 1538 1607 1634 1711 1808 1830 1831 1944 1989 
35 1 2 37 93 181 251 302 365 392 457 637 708 718 968 978 1036 1056 1201 1257 1259 1437 1560 1581 1595 1702 1737 1740 1742 1809 1853 1889 1895 1948 1969 1981 
34 33 34 46 132 147 187 268 290 332 366 367 455 493 523 625 653 718 789 915 1038 1262 1398 1404 1413 1512 1534 1558 1658 1673 1913 1914 1946 1963 1981 
35 75 102 115 367 460 499 676 681 709 835 843 1009 1068 1098 1186 1291 1445 1448 1464 1467 1480 1561 1579 1657 1673 1699 1700 1704 1706 1810 1828 1842 1907 1915 1963 
34 62 67 69 234 235 275 497 556 570 591 614 623 727 818 822 826 864 952 957 1013 1144 1178 1242 1244 1382 1419 1492 1581 1685 1700 1778 1910 1911 1912 
44 29 38 51 55 65 204 319 406 415 473 491 524 590 625 657 685 716 809 857 896 975 998 1012 1066 1086 1142 1214 1220 1260 1280 1287 1404 1519 1589 1627 1644 1664 1668 1721 1736 1755 1803 1912 1937 
44 43 143 214 224 252 363 412 501 557 562 619 622 658 675 749 847 884 914 946 973 1020 1121 1127 1155 1164 1276 1284 1354 1377 1388 1428 1471 1488 1511 1589 1699 1727 1731 1781 1786 1836 1902 1919 1996 
50 1 52 81 91 100 191 265 267 272 305 368 372 401 413 438 462 510 566 575 604 615 649 950 993 1053 1062 1132 1157 1184 1293 1319 1332 1354 1362 1437 1453 1466 1470 1516 1576 1577 1605 1609 1626 1632 1647 1675 1698 1820 1935 
35 46 59 82 87 228 346 498 537 585 622 663 731 736 768 843 956 968 990 991 992 1042 1043 1090 1101 1136 1139 1149 1236 1259 1509 1521 1604 1612 1698 1740 
45 5 55 79 105 108 128 147 170 195 238 435 501 503 516 542 576 890 944 975 980 1014 1020 1098 1161 1180 1273 1287 1330 1394 1452 1463 1465 1479 1573 1574 1646 1663 1691 1698 1704 1773 1828 1833 1929 1936 
38 47 143 196 211 283 328 343 369 417 471 559 561 594 662 766 768 769 897 903 1089 1099 1155 1159 1338 1440 1547 1548 1611 1667 1707 1732 1770 1800 1828 1850 1855 1904 1934 
31 35 98 99 274 414 438 504 589 606 811 826 996 1093 1117 1281 1332 1468 1555 1592 1602 1630 1665 1704 1741 1742 1758 1790 1822 1854 1860 1982 
35 20 36 113 157 226 295 304 346 359 478 586 633 663 671 709 933 935 1012 1079 1100 1177 1190 1263 1578 1638 1683 1718 1722 1743 1831 1846 1872 1919 1956 1993 
43 40 75 150 166 198 200 236 265 274 317 354 383 534 620 657 671 712 727 804 860 956 980 1013 1043 1064 1065 1139 1146 1197 1264 1328 1355 1422 1457 1600 1611 1663 1755 1809 1810 1920 1935 1949 
36 39 172 189 434 471 539 570 677 684 693 700 720 793 852 975 977 1002 1013 1097 1186 1258 1323 1327 1374 1420 1439 1486 1556 1572 1645 1660 1661 1686 1750 1849 1903 
51 6 117 143 169 214 217 282 286 301 329 332 334 351 369 379 407 428 622 705 739 799 830 884 910 939 1000 1084 1219 1259 1266 1314 1387 1418 1456 1465 1468 1508 1554 1565 1574 1581 1633 1689 1700 1737 1834 1836 1858 1859 1877 1936 
33 5 12 41 160 289 318 459 495 514 571 820 827 868 880 887 900 990 999 1054 1087 1099 1121 1279 1282 1327 1402 1425 1435 1560 1627 1660 1805 1998 
37 11 44 90 92 143 252 266 300 306 337 347 353 415 416 494 502 540 558 610 656 779 931 945 1016 1018 1045 1103 1163 1235 1260 1471 1559 1629 1859 1863 1939 1943 
35 79 86 100 126 135 182 402 540 650 722 810 846 874 914 985 1082 1115 1117 1137 1156 1201 1286 1327 1373 1402 1403 1453 1492 1495 1555 1583 1720 1805 1845 1963 
25 0 15 250 392 394 531 598 604 689 735 741 874 927 1039 1047 1058 1237 1305 1329 1587 1645 1697 1829 1891 1919 
51 13 19 157 201 265 279 308 327 335 413 414 486 528 537 570 726 748 775 804 805 816 837 845 867 872 880 899 938 956 962 1060 1144 1148 1160 1312 1334 1426 1472 1509 1512 1537 1688 1707 1790 1794 1812 1856 1857 1888 1912 1959 
41 7 121 180 362 418 431 434 461 475 560 578 626 708 825 964 973 1126 1136 1195 1212 1234 1240 1405 1408 1416 1421 1446 1464 1465 1495 1507 1515 1517 1535 1593 1696 1721 1779 1852 1916 1923 
41 16 30 134 145 158 252 310 317 360 385 390 420 463 514 562 570 609 632 740 748 782 1009 1034 1042 1084 1085 1192 1269 1274 1333 1355 1467 1498 1578 1647 1699 1744 1810 1904 1915 1956 
56 23 55 64 67 85 169 192 318 335 400 419 422 549 572 685 708 801 808 863 979 1004 1007 1016 1055 1069 1087 1117 1167 1205 1230 1244 1318 1340 1356 1360 1437 1454 1537 1596 1650 1660 1721 1726 1740 1747 1810 1817 1823 1854 1855 1860 1874 1887 1911 1975 1986 
32 167 254 288 338 344 399 419 522 558 611 652 708 715 744 767 808 925 951 959 1075 1138 1239 1275 1299 1426 1540 1581 1582 1682 1814 1816 1978 
35 10 107 165 241 449 474 496 542 557 606 650 677 696 734 778 812 818 865 929 1011 1035 1101 1128 1134 1167 1268 1278 1296 1324 1484 1588 1611 1778 1821 1871 
40 78 267 288 381 384 472 526 560 608 613 618 687 752 791 820 909 934 1000 1115 1278 1303 1347 1380 1398 1405 1448 1474 1548 1564 1588 1615 1634 1668 1716 1733 1740 1825 1829 1830 1937 
40 53 170 223 262 308 359 398 400 455 569 641 736 821 851 924 925 930 960 997 1064 1076 1106 1108 1191 1211 1233 1249 1369 1386 1393 1446 1502 1523 1584 1736 1807 1814 1915 1984 1989 
40 71 109 123 146 186 225 236 269 307 358 398 482 504 673 682 724 747 784 807 834 998 1049 1128 1159 1170 1226 1329 1360 1396 1418 1463 1509 1523 1572 1584 1614 1710 1762 1886 1942 
33 60 82 101 131 198 250 288 380 389 431 585 610 747 848 902 975 1002 1143 1184 1198 1393 1420 1519 1574 1631 1807 1813 1845 1906 1919 1928 1944 1945 
32 78 172 177 195 208 271 335 413 470 474 519 536 572 655 783 791 823 872 935 941 969 1048 1142 1158 1161 1258 1555 1660 1780 1816 1936 1942 
50 1 35 75 101 111 194 249 269 297 306 332 334 363 479 594 625 635 679 756 839 921 961 971 1060 1136 1155 1207 1271 1312 1327 1380 1394 1489 1610 1615 1616 1643 1681 1706 1709 1719 1734 1736 1741 1807 1879 1901 1943 1947 1998 
42 9 39 45 52 176 190 198 247 262 263 264 402 529 539 576 627 738 755 808 835 881 920 963 999 1019 1070 1129 1141 1172 1241 1265 1268 1282 1283 1306 1410 1597 1677 1777 1784 1792 1822 
47 6 70 109 110 127 193 199 284 425 457 460 487 499 592 607 641 654 691 819 855 862 907 959 1034 1039 1101 1104 1202 1260 1264 1427 1445 1463 1566 1584 1636 1672 1699 1737 1752 1784 1805 1814 1828 1829 1850 1988 
38 31 42 64 86 165 236 262 374 398 457 494 495 500 541 544 550 832 889 937 949 1009 1058 1156 1187 1190 1420 1428 1439 1509 1515 1521 1536 1579 1617 1720 1826 1918 1920 
34 10 78 99 328 498 553 556 605 672 708 806 831 899 917 1005 1088 1273 1327 1330 1349 1432 1470 1494 1663 1731 1745 1756 1779 1782 1853 1886 1926 1952 1983 
49 4 120 167 189 209 210 242 248 264 283 419 422 455 473 573 643 688 700 754 885 923 943 954 1025 1152 1188 1209 1220 1237 1289 1307 1315 1339 1384 1409 1429 1437 1475 1500 1529 1542 1592 1610 1626 1693 1711 1727 1859 1932 
32 4 16 32 471 540 570 602 621 689 716 839 972 991 1011 1056 1072 1095 1164 1167 1179 1246 1297 1313 1363 1403 1505 1553 1590 1726 1754 1962 1984 
46 15 192 255 303 437 470 478 522 593 652 668 669 674 740 777 885 914 957 983 1102 1169 1231 1233 1238 1248 1281 1311 1313 1355 1375 1445 1456 1478 1504 1536 1577 1682 1751 1757 1765 1808 1834 1844 1855 1894 1932 
32 49 236 248 363 456 485 505 574 599 719 792 797 826 863 942 946 950 1027 1076 1187 1209 1364 1424 1444 1674 1699 1736 1788 1830 1835 1947 1975 
38 32 161 175 177 599 655 670 673 745 799 844 854 868 990 1023 1036 1080 1098 1181 1184 1193 1201 1203 1239 1422 1463 1472 1554 1580 1624 1695 1731 1763 1803 1930 1941 1977 1979 
47 18 32 193 196 266 290 291 292 434 476 612 673 710 742 745 802 822 829 904 1053 1061 1100 1135 1141 1196 1239 1269 1284 1287 1292 1296 1340 1382 1412 1486 1487 1492 1493 1515 1547 1589 1694 1712 1763 1832 1891 1914 
35 65 84 102 173 179 201 234 305 310 365 498 517 638 654 738 766 809 1164 1224 1268 1299 1427 1488 1517 1520 1546 1698 1702 1714 1722 1749 1766 1780 1898 1977 
41 15 50 97 138 165 181 216 240 245 250 263 264 280 313 416 454 510 708 785 828 880 970 996 1030 1034 1055 1078 1223 1228 1265 1272 1477 1601 1668 1702 1710 1817 1875 1921 1945 1960 
42 63 115 225 244 287 343 360 399 405 423 456 471 489 595 606 642 646 658 743 766 767 836 840 963 998 1009 1041 1138 1356 1563 1577 1601 1645 1694 1719 1748 1806 1851 1853 1916 1955 1960 
39 12 18 51 104 129 225 273 275 292 297 339 451 466 504 586 594 713 739 759 827 865 913 962 1073 1227 1302 1381 1488 1508 1521 1545 1576 1595 1625 1742 1772 1788 1915 1921 
46 51 135 144 174 223 253 324 331 344 345 424 500 502 538 640 645 715 833 856 900 984 1041 1116 1124 1169 1175 1186 1234 1236 1321 1342 1381 1414 1472 1549 1626 1673 1683 1729 1769 1771 1801 1843 1871 1905 1995 
32 24 25 32 63 108 128 272 387 404 586 591 688 714 746 772 788 820 831 918 928 1077 1212 1244 1253 1285 1401 1433 1462 1516 1599 1886 1957 
33 76 145 263 430 482 559 618 743 842 861 863 898 903 944 981 1015 1033 1040 1115 1129 1138 1406 1594 1705 1718 1760 1789 1803 1835 1862 1893 1912 1959 
42 8 87 178 191 238 370 455 462 487 525 696 784 925 1014 1080 1088 1125 1154 1173 1176 1189 1203 1211 1245 1257 1345 1405 1411 1446 1517 1539 1568 1679 1703 1762 1776 1798 1813 1829 1843 1870 1926 
34 57 125 204 213 231 265 294 358 382 408 417 475 477 501 954 955 994 1044 1066 1124 1131 1240 1376 1435 1441 1467 1470 1566 1701 1800 1891 1920 1939 1975 
41 130 146 169 280 311 337 348 403 430 431 442 459 525 597 600 601 642 855 863 870 916 931 959 1044 1101 1108 1133 1183 1265 1527 1536 1671 1744 1754 1796 1807 1828 1837 1838 1962 1982 
41 56 157 222 229 366 382 415 435 497 628 645 672 674 783 810 819 879 901 987 994 999 1068 1115 1132 1152 1170 1258 1392 1438 1535 1570 1596 1609 1644 1687 1699 1703 1861 1905 1930 1933 
34 36 103 200 294 333 453 461 611 623 638 770 823 839 884 947 978 991 1069 1127 1250 1252 1294 1353 1426 1541 1558 1608 1614 1642 1680 1736 1876 1894 1996 
54 23 145 182 188 232 277 281 358 371 382 384 460 522 557 593 597 611 612 637 649 677 692 778 916 938 989 995 1011 1012 1052 1056 1058 1165 1171 1172 1263 1281 1390 1461 1464 1493 1522 1571 1582 1614 1648 1719 1767 1786 1861 1881 1913 1916 1981 
39 4 26 33 190 270 380 432 436 499 528 556 585 599 616 706 729 903 974 981 1146 1191 1194 1210 1247 1366 1379 1385 1403 1405 1435 1508 1541 1563 1683 1847 1888 1941 1948 1990 
40 17 36 121 123 191 257 293 349 462 471 500 580 666 844 883 1120 1198 1203 1257 1296 1368 1381 1409 1526 1542 1577 1587 1612 1625 1644 1651 1658 1670 1820 1893 1924 1950 1956 1965 1981 
37 1 17 40 85 171 183 197 203 276 341 378 383 405 576 631 694 714 749 814 896 1053 1063 1139 1187 1222 1264 1465 1487 1609 1671 1705 1738 1741 1782 1841 1895 1988 
49 0 24 25 50 104 122 163 235 251 294 321 382 383 389 414 456 482 493 550 552 573 579 602 613 672 722 731 736 771 787 795 811 896 901 923 979 1032 1067 1257 1285 1320 1325 1503 1637 1672 1782 1815 1923 1966 
40 50 57 63 76 166 364 400 436 474 524 546 667 727 741 743 916 958 1003 1078 1157 1321 1408 1471 1485 1556 1570 1579 1652 1686 1688 1722 1761 1769 1822 1831 1856 1861 1889 1960 1988 
34 51 66 82 97 149 157 160 267 280 461 500 742 743 774 793 809 839 852 864 875 876 1086 1189 1234 1241 1313 1513 1678 1707 1721 1782 1961 1968 1975 
39 66 85 98 144 175 236 338 358 493 623 641 786 830 907 938 965 976 1091 1114 1133 1224 1233 1300 1360 1378 1416 1419 1474 1614 1655 1666 1748 1763 1790 1809 1870 1906 1941 1974 
47 12 33 99 221 234 265 331 416 435 440 467 472 489 645 691 776 846 871 897 915 916 922 943 958 973 1013 1054 1107 1122 1141 1143 1171 1192 1228 1280 1286 1288 1329 1398 1448 1454 1484 1499 1567 1743 1851 1869 
35 70 307 361 409 415 537 548 586 614 681 683 714 774 852 928 974 1010 1104 1184 1214 1227 1351 1358 1361 1436 1440 1446 1490 1618 1738 1770 1804 1885 1899 1963 
46 34 80 121 250 314 330 333 366 375 381 414 473 562 567 653 661 679 691 709 746 901 915 923 974 995 1044 1120 1165 1219 1331 1397 1414 1506 1535 1575 1590 1609 1626 1630 1667 1762 1788 1819 1844 1900 1925 
38 82 176 205 221 303 338 368 381 490 506 526 564 655 667 688 740 744 827 869 906 983 993 1239 1242 1262 1293 1296 1465 1475 1493 1504 1567 1604 1778 1804 1816 1821 1986 
47 35 55 88 101 127 220 263 271 305 414 455 493 521 522 525 529 530 658 707 814 832 864 991 1093 1162 1168 1235 1322 1329 1341 1370 1381 1421 1494 1507 1540 1577 1580 1625 1628 1692 1733 1798 1917 1918 1938 1943 
40 2 89 183 298 314 325 331 466 478 503 544 651 774 802 818 824 841 906 941 1001 1002 1019 1054 1244 1370 1389 1466 1467 1491 1560 1603 1738 1745 1780 1833 1836 1862 1865 1945 1968 
50 2 4 11 54 64 100 121 218 243 298 315 342 372 421 492 569 588 651 710 713 739 807 810 816 820 828 898 948 1020 1037 1054 1118 1202 1316 1379 1389 1556 1620 1624 1645 1659 1672 1709 1824 1831 1834 1835 1886 1890 1987 
33 83 101 211 279 369 415 672 677 687 689 753 847 910 924 928 941 948 995 1065 1193 1207 1232 1281 1333 1418 1563 1692 1721 1762 1808 1845 1867 1931 
32 0 20 157 196 232 333 379 390 421 456 481 652 674 772 843 977 982 1057 1176 1326 1406 1464 1518 1582 1703 1730 1827 1833 1869 1892 1922 1977 
35 58 172 187 195 384 393 420 453 525 565 574 801 840 892 905 915 936 962 985 1011 1019 1024 1097 1111 1221 1378 1382 1498 1556 1767 1813 1832 1880 1884 1987 
37 5 32 61 104 232 262 278 333 341 364 399 406 423 432 442 461 523 527 587 680 871 975 1100 1229 1288 1298 1328 1413 1463 1485 1510 1601 1631 1814 1868 1899 1945 
42 53 75 220 298 398 403 477 483 505 530 550 575 596 600 642 786 788 796 805 813 818 846 940 1115 1139 1152 1159 1170 1232 1305 1314 1369 1494 1511 1557 1584 1632 1674 1748 1840 1867 1991 
39 118 160 183 216 233 240 319 351 410 475 489 670 676 914 925 927 938 1012 1066 1137 1232 1249 1259 1303 1306 1379 1380 1420 1445 1582 1603 1696 1698 1725 1752 1887 1922 1940 1946 
33 6 112 178 353 408 463 493 520 573 649 751 853 858 911 1125 1149 1153 1168 1220 1285 1286 1410 1428 1429 1435 1539 1565 1779 1834 1901 1970 1978 1979 
38 18 30 61 327 330 371 457 467 572 624 630 652 754 766 841 842 862 909 924 1133 1155 1160 1186 1210 1234 1285 1305 1422 1429 1505 1577 1624 1631 1648 1807 1832 1965 1978 
42 0 31 41 56 98 120 162 188 336 454 652 663 672 688 695 845 1033 1041 1099 1197 1203 1304 1367 1398 1419 1551 1568 1577 1582 1618 1632 1658 1675 1746 1778 1784 1815 1909 1913 1925 1971 1976 
45 0 3 133 144 150 162 178 181 239 310 311 396 466 509 544 685 744 773 854 867 871 1033 1061 1132 1250 1254 1270 1357 1359 1400 1451 1488 1599 1629 1728 1730 1751 1792 1808 1829 1886 1889 1942 1975 1992 
41 81 91 102 218 232 365 379 404 418 435 516 541 624 680 690 730 752 782 838 869 990 1004 1154 1167 1220 1222 1246 1311 1317 1484 1579 1582 1655 1707 1725 1794 1795 1870 1890 1897 1916 
34 35 56 124 172 189 218 245 340 366 401 469 568 591 607 651 698 729 760 777 881 914 1080 1094 1109 1172 1209 1261 1377 1468 1639 1686 1774 1895 1914 
38 131 295 323 350 400 490 504 599 626 643 701 784 802 882 919 954 1061 1071 1189 1201 1260 1282 1348 1388 1490 1516 1634 1723 1753 1789 1818 1875 1891 1941 1953 1958 1967 1994 
39 19 60 171 216 239 251 260 325 352 371 386 404 407 457 458 632 642 643 686 746 866 897 924 954 1031 1076 1116 1216 1282 1322 1383 1436 1524 1627 1650 1661 1784 1804 1911 
51 26 38 44 77 212 222 249 269 272 339 341 361 444 479 573 607 623 644 662 680 697 704 741 773 809 870 916 990 1092 1105 1133 1147 1207 1217 1299 1302 1308 1312 1315 1383 1466 1610 1615 1633 1661 1682 1708 1735 1765 1781 1911 
37 31 54 139 157 169 379 385 425 565 578 583 653 764 795 829 883 886 1016 1031 1040 1055 1104 1145 1185 1204 1366 1378 1387 1498 1558 1635 1647 1664 1706 1794 1874 1917 
53 103 109 163 202 203 232 290 292 359 374 436 454 511 558 635 681 688 694 715 742 744 767 787 806 819 849 856 896 919 978 1062 1097 1125 1135 1173 1186 1208 1246 1310 1314 1317 1487 1514 1517 1555 1583 1594 1610 1611 1645 1781 1890 1903 
37 3 59 114 262 292 299 300 340 343 378 401 538 543 589 590 671 675 757 769 824 980 1083 1117 1189 1303 1320 1466 1552 1569 1586 1635 1644 1649 1666 1722 1838 1983 
40 1 31 162 320 323 441 602 650 734 789 905 926 972 1062 1086 1098 1108 1185 1190 1225 1261 1296 1311 1346 1377 1423 1525 1541 1634 1637 1665 1689 1718 1733 1747 1795 1804 1867 1887 1924 
35 39 81 90 106 212 355 380 549 622 639 693 699 862 865 869 904 996 1003 1006 1009 1012 1015 1035 1110 1145 1301 1339 1403 1456 1485 1531 1567 1872 1975 1979 
37 53 59 60 190 276 288 296 386 402 416 477 492 521 531 561 589 609 647 648 750 850 921 1060 1174 1213 1221 1223 1242 1277 1316 1586 1631 1828 1879 1883 1892 1961 
37 32 40 42 44 96 243 255 367 538 571 624 628 775 801 944 983 1075 1079 1119 1134 1223 1225 1258 1280 1400 1404 1418 1421 1453 1505 1507 1579 1661 1803 1818 1937 1938 
36 107 148 170 185 215 253 473 634 647 666 711 730 747 751 783 840 882 899 1025 1116 1165 1185 1292 1424 1626 1659 1702 1730 1754 1769 1837 1852 1856 1889 1976 1995 
41 58 103 158 161 195 207 256 285 287 300 305 310 341 362 398 432 575 596 599 694 720 778 930 954 961 1035 1098 1208 1251 1268 1399 1549 1613 1692 1719 1748 1868 1985 1990 1991 1994 
36 143 285 430 442 506 521 562 588 679 727 739 830 881 922 972 995 1034 1147 1155 1166 1187 1206 1226 1267 1402 1469 1511 1518 1557 1693 1778 1779 1833 1878 1940 1973 
41 1 14 30 106 159 188 213 314 458 527 543 733 774 830 844 861 883 952 985 1000 1115 1184 1202 1290 1310 1340 1357 1369 1522 1555 1561 1579 1616 1662 1761 1763 1764 1817 1952 1969 1997 
34 105 125 126 136 171 188 411 615 627 631 641 642 819 859 862 865 873 880 891 979 1243 1459 1511 1545 1580 1602 1646 1739 1757 1766 1811 1853 1964 1976 
40 39 57 79 92 103 173 249 435 467 585 587 590 630 690 722 728 836 866 873 959 996 1018 1076 1095 1140 1145 1167 1214 1300 1386 1464 1538 1695 1719 1737 1761 1779 1822 1881 1937 
33 37 89 308 359 391 518 621 692 770 841 862 891 999 1135 1165 1267 1286 1458 1514 1557 1558 1625 1651 1749 1805 1812 1854 1880 1917 1934 1936 1938 1968 
41 52 84 89 146 163 284 288 350 388 410 653 730 755 842 886 890 941 946 967 1055 1099 1102 1140 1284 1354 1376 1383 1390 1407 1477 1512 1661 1717 1718 1740 1850 1852 1911 1928 1939 1954 
37 16 52 70 83 120 137 186 248 319 335 414 438 494 567 590 603 690 767 908 993 1038 1063 1120 1227 1302 1313 1377 1381 1387 1646 1660 1756 1783 1835 1850 1890 1976 
49 14 55 63 88 215 234 251 306 311 312 351 361 364 433 519 563 570 644 651 712 755 783 790 824 840 960 987 1103 1166 1170 1222 1237 1247 1248 1336 1344 1361 1366 1573 1651 1670 1724 1755 1770 1833 1855 1860 1871 1944 
47 2 51 72 78 145 247 289 399 446 472 571 584 682 701 721 787 863 918 984 994 1055 1128 1224 1271 1301 1313 1356 1363 1376 1391 1401 1464 1469 1476 1478 1553 1602 1619 1674 1684 1732 1899 1937 1976 1978 1990 1992 
32 13 99 309 323 324 336 413 476 536 574 599 639 647 685 797 843 917 967 1048 1134 1232 1261 1274 1298 1403 1457 1586 1645 1852 1870 1898 1965 
42 66 117 197 268 269 381 600 641 670 678 680 710 768 769 798 833 839 855 902 905 914 926 992 1029 1042 1081 1123 1262 1289 1446 1507 1510 1630 1636 1658 1690 1741 1779 1793 1864 1956 1958 
37 10 59 122 196 232 273 307 377 535 654 801 825 900 954 994 1043 1059 1150 1152 1339 1359 1384 1400 1513 1537 1545 1613 1659 1716 1747 1797 1808 1871 1889 1911 1978 1993 
33 219 221 227 248 274 312 378 385 399 496 742 766 808 821 869 896 993 1030 1106 1136 1312 1361 1380 1384 1506 1535 1629 1636 1682 1683 1690 1765 1946 
27 6 30 81 152 199 261 622 629 664 711 749 920 1031 1329 1363 1542 1586 1591 1702 1719 1833 1840 1844 1851 1873 1875 1941 
43 45 58 180 358 398 459 464 627 685 694 711 743 767 786 794 805 888 896 934 1037 1085 1156 1181 1233 1345 1366 1430 1485 1487 1537 1568 1580 1619 1668 1688 1691 1709 1763 1783 1816 1882 1980 1981 
38 33 36 76 128 136 140 288 337 404 453 513 558 601 660 717 732 791 844 956 960 1059 1142 1270 1312 1342 1356 1362 1515 1543 1606 1684 1725 1747 1782 1785 1851 1912 1942 
41 37 128 159 170 243 256 349 384 426 483 494 556 576 600 616 644 714 753 803 823 938 982 991 1023 1075 1077 1084 1144 1184 1265 1358 1450 1509 1546 1596 1703 1715 1786 1849 1950 1966 
35 28 30 51 53 76 81 100 120 168 175 414 441 447 454 473 557 678 759 770 915 920 949 964 1134 1152 1206 1271 1399 1424 1591 1594 1664 1829 1841 1958 
39 0 78 111 193 253 261 363 370 426 581 653 665 701 762 793 829 863 890 912 932 1030 1035 1053 1153 1296 1388 1482 1559 1563 1589 1593 1661 1764 1838 1850 1867 1939 1956 1987 
47 2 138 192 315 333 334 362 365 373 400 407 495 523 528 531 559 579 606 619 620 645 650 702 726 823 840 880 922 976 1057 1102 1241 1288 1295 1311 1316 1331 1335 1338 1356 1593 1662 1753 1787 1839 1906 1921 
44 12 21 34 107 146 158 226 257 332 348 479 547 685 697 716 727 768 803 834 841 842 1010 1081 1168 1206 1359 1367 1422 1527 1544 1627 1654 1683 1703 1793 1830 1887 1892 1896 1898 1927 1957 1959 1977 
48 20 62 173 391 458 471 472 514 542 612 624 670 749 771 801 877 934 955 990 1071 1148 1205 1238 1243 1272 1311 1328 1371 1409 1422 1438 1451 1466 1473 1540 1560 1581 1585 1588 1641 1659 1694 1708 1718 1743 1887 1912 1927 
44 1 37 65 135 161 177 189 211 230 291 311 480 570 587 626 671 687 693 732 751 851 907 947 1018 1083 1122 1132 1176 1193 1205 1219 1330 1377 1384 1452 1561 1569 1666 1806 1820 1830 1888 1936 1971 
22 48 79 85 169 314 341 449 472 497 538 604 647 824 964 981 1046 1204 1234 1685 1738 1811 1851 
45 31 52 119 134 190 272 277 281 289 349 354 393 498 501 559 588 617 671 679 684 741 977 1056 1079 1090 1109 1110 1158 1226 1241 1247 1315 1336 1407 1463 1510 1581 1684 1689 1737 1830 1836 1868 1913 1956 
36 22 97 129 188 193 208 263 401 452 464 502 537 545 561 685 737 844 846 878 898 947 1010 1064 1232 1239 1327 1341 1346 1479 1629 1659 1689 1698 1750 1900 1905 
35 3 36 122 152 213 263 264 361 484 526 691 692 731 772 777 781 802 857 905 944 972 1010 1135 1256 1283 1298 1425 1486 1499 1584 1587 1600 1783 1937 1991 
36 53 54 106 132 197 262 270 275 288 456 465 495 645 768 769 822 849 929 1122 1153 1164 1184 1202 1267 1333 1335 1336 1350 1398 1446 1465 1591 1625 1728 1890 1984 
32 79 99 329 432 508 626 675 739 792 819 908 942 1127 1201 1238 1282 1355 1373 1418 1478 1512 1514 1564 1569 1687 1718 1803 1812 1829 1867 1951 1985 
43 46 103 130 148 175 332 386 413 511 536 644 675 746 789 800 822 921 957 960 996 1023 1118 1132 1146 1282 1455 1475 1484 1495 1559 1583 1612 1627 1640 1662 1751 1821 1828 1831 1858 1896 1959 1976 
44 23 50 97 254 259 264 291 313 419 492 524 539 540 543 572 601 686 695 697 708 730 771 782 801 803 824 833 849 852 951 966 1006 1037 1050 1205 1263 1306 1328 1460 1494 1526 1628 1792 1938 
52 75 194 214 242 258 267 276 278 282 468 497 522 555 656 708 709 713 747 784 806 848 860 963 983 997 1078 1103 1113 1191 1196 1230 1233 1259 1311 1316 1334 1364 1380 1415 1510 1519 1587 1606 1667 1806 1818 1850 1876 1896 1916 1922 1980 
39 132 164 184 249 266 398 433 517 551 588 822 837 918 942 993 1032 1116 1158 1169 1206 1220 1236 1330 1419 1432 1435 1459 1460 1497 1578 1622 1687 1746 1780 1831 1936 1956 1964 1992 
42 56 160 187 212 322 387 397 403 418 427 455 502 521 525 668 695 748 758 761 788 832 897 902 988 1118 1203 1207 1245 1319 1332 1349 1365 1381 1398 1489 1544 1600 1811 1825 1852 1872 1988 
38 8 158 203 211 233 239 295 331 346 480 599 618 628 683 689 695 752 929 966 997 1007 1130 1199 1202 1238 1286 1301 1327 1434 1484 1485 1583 1663 1761 1854 1857 1976 1977 
39 98 124 127 214 316 474 532 547 575 577 689 692 821 823 825 841 902 907 955 973 974 1021 1067 1182 1294 1572 1598 1620 1624 1646 1658 1760 1804 1823 1839 1877 1913 1958 1987 
40 50 97 146 151 209 265 308 348 415 476 495 581 647 713 733 761 804 862 866 960 974 989 1005 1035 1156 1235 1245 1253 1461 1481 1501 1505 1513 1534 1593 1746 1839 1842 1858 1986 
45 4 72 75 116 142 149 156 174 192 264 268 338 482 532 552 570 571 591 592 750 825 866 1046 1060 1096 1166 1243 1297 1298 1335 1337 1347 1491 1499 1556 1566 1659 1669 1708 1709 1765 1789 1894 1921 1979 
34 7 216 306 326 333 340 372 481 769 771 787 939 940 972 1080 1091 1100 1103 1121 1168 1333 1360 1411 1454 1458 1490 1612 1624 1635 1758 1868 1893 1899 1917 
40 43 60 65 71 77 213 277 304 360 496 503 529 542 622 623 632 765 788 867 1014 1022 1030 1077 1084 1087 1221 1427 1447 1476 1548 1647 1672 1739 1786 1803 1832 1869 1870 1907 1926 
35 97 172 276 291 299 362 500 507 523 624 698 729 783 790 1026 1049 1057 1141 1179 1236 1242 1257 1312 1541 1642 1676 1711 1724 1744 1785 1803 1841 1873 1931 1977 
39 122 223 227 235 241 364 438 453 515 579 592 602 656 712 770 802 828 853 888 899 926 972 981 1099 1231 1412 1415 1519 1539 1635 1640 1646 1663 1667 1675 1682 1722 1764 1918 
39 86 97 124 158 198 215 362 439 527 602 646 690 754 817 821 835 880 945 973 976 993 1036 1064 1081 1134 1166 1199 1208 1276 1411 1546 1557 1612 1633 1729 1742 1859 1890 1948 
42 9 54 80 176 269 338 376 508 512 543 617 642 651 702 766 839 841 862 923 1034 1076 1174 1260 1315 1354 1371 1423 1424 1435 1447 1518 1663 1750 1791 1796 1869 1914 1959 1966 1967 1980 1991 
33 99 273 492 518 601 655 671 676 693 735 753 792 813 949 986 1001 1017 1106 1201 1269 1281 1297 1344 1404 1518 1624 1781 1810 1888 1891 1949 1955 1982 
45 131 139 161 173 189 190 395 436 472 480 488 533 578 603 674 739 775 780 831 881 990 1063 1082 1116 1119 1133 1154 1226 1283 1298 1309 1343 1363 1379 1506 1561 1573 1660 1662 1761 1769 1773 1782 1806 1849 
43 16 35 141 212 258 307 331 378 432 454 513 546 582 593 605 711 812 826 883 898 921 976 984 1111 1126 1134 1186 1194 1207 1233 1290 1297 1424 1464 1508 1594 1625 1685 1699 1713 1736 1763 1886 
39 15 91 233 248 266 286 290 339 485 498 534 605 644 712 847 880 888 889 896 977 1021 1024 1059 1117 1123 1204 1273 1283 1297 1334 1383 1507 1514 1524 1710 1728 1761 1767 1811 
34 38 52 185 190 194 233 315 395 497 507 527 608 627 673 702 866 917 966 1032 1238 1263 1325 1379 1402 1431 1441 1505 1520 1528 1562 1615 1693 1778 1801 
30 94 102 413 658 720 734 750 917 982 1079 1272 1319 1484 1486 1490 1500 1525 1539 1544 1585 1669 1785 1797 1809 1815 1862 1872 1952 1970 1972 
35 156 211 281 361 431 528 586 610 649 670 729 757 862 943 957 1030 1059 1135 1156 1164 1225 1255 1339 1444 1508 1520 1522 1547 1665 1705 1729 1873 1876 1889 1984 
42 61 68 108 144 162 291 321 422 472 488 505 513 515 629 785 851 921 927 950 967 1018 1053 1054 1077 1097 1161 1262 1303 1392 1431 1442 1489 1532 1577 1684 1957 1958 1967 1970 1976 1978 1995 
44 34 78 97 112 169 237 240 260 324 334 337 344 398 431 608 633 636 673 686 741 815 818 1054 1137 1180 1219 1269 1308 1359 1370 1463 1473 1506 1538 1544 1550 1578 1590 1687 1837 1858 1917 1978 1982 
43 2 40 77 83 100 217 256 296 309 358 418 453 473 564 566 624 625 637 699 717 744 896 932 1021 1083 1124 1171 1331 1338 1449 1472 1489 1506 1536 1543 1616 1682 1756 1762 1851 1896 1920 1982 
34 11 75 215 235 237 313 359 367 387 424 475 476 481 486 820 876 933 1010 1081 1098 1172 1237 1296 1304 1376 1401 1497 1502 1562 1588 1728 1868 1897 1933 
42 30 88 156 164 170 213 311 336 358 418 437 509 521 539 732 745 776 972 1015 1119 1143 1201 1241 1270 1379 1399 1419 1425 1431 1452 1455 1490 1512 1691 1692 1744 1802 1812 1819 1828 1829 1849 
26 37 90 98 334 373 388 478 536 577 717 881 897 898 918 1017 1103 1107 1312 1328 1331 1454 1530 1545 1551 1580 1745 
31 104 144 206 244 259 346 379 440 469 539 580 650 900 904 1017 1030 1059 1082 1138 1153 1221 1261 1264 1540 1629 1653 1664 1669 1678 1789 1916 
35 80 271 416 458 499 512 530 683 726 782 785 880 955 1002 1011 1068 1097 1100 1123 1137 1258 1266 1279 1300 1313 1334 1451 1484 1591 1598 1613 1616 1723 1832 1843 
32 204 237 246 248 294 316 378 388 687 756 839 885 954 1070 1154 1277 1280 1289 1341 1362 1376 1430 1445 1450 1557 1645 1650 1670 1847 1957 1973 1983 
45 7 41 95 145 156 173 187 211 212 270 274 292 321 335 343 448 506 557 706 771 884 1065 1101 1188 1196 1245 1251 1267 1316 1365 1420 1458 1492 1530 1535 1661 1732 1745 1767 1809 1839 1914 1949 1979 1989 
34 3 68 149 266 335 340 359 399 465 509 633 709 794 850 897 917 976 1061 1133 1229 1296 1298 1378 1421 1436 1677 1683 1714 1725 1784 1814 1903 1913 1953 
50 14 27 83 133 143 169 171 197 427 443 448 471 478 521 559 599 628 716 743 834 965 1015 1058 1105 1108 1109 1143 1183 1190 1232 1237 1240 1256 1311 1355 1372 1385 1391 1449 1609 1617 1648 1658 1665 1707 1720 1925 1938 1964 1992 
41 79 143 155 238 262 360 368 402 439 492 501 582 617 672 681 796 863 881 1078 1091 1094 1233 1425 1442 1496 1559 1583 1597 1605 1743 1759 1762 1783 1816 1820 1828 1830 1867 1918 1966 1994 
42 62 100 188 201 219 342 347 352 524 545 577 711 789 798 801 882 886 896 917 1036 1053 1104 1142 1280 1335 1406 1417 1440 1464 1536 1609 1700 1729 1751 1791 1849 1888 1894 1915 1928 1943 1972 
45 22 86 129 156 170 174 179 232 250 332 381 417 471 483 494 536 554 601 603 677 713 1063 1119 1206 1276 1280 1300 1313 1315 1340 1387 1469 1508 1558 1559 1644 1659 1664 1685 1710 1781 1929 1938 1951 1960 
38 122 153 189 234 383 475 622 625 631 710 737 772 845 870 885 909 1010 1028 1039 1058 1136 1235 1299 1307 1337 1439 1477 1526 1613 1623 1768 1840 1849 1911 1929 1969 1975 1986 
40 17 53 121 125 140 184 224 291 301 437 545 634 660 661 686 842 856 992 997 1090 1119 1204 1222 1324 1538 1546 1560 1621 1653 1662 1698 1787 1817 1832 1848 1875 1887 1900 1939 1940 
38 58 130 137 176 228 342 405 464 473 511 537 740 750 806 831 849 903 908 914 1022 1033 1057 1075 1194 1209 1280 1282 1317 1364 1377 1469 1523 1555 1720 1746 1821 1866 1984 
48 84 101 102 110 123 124 211 289 309 325 357 525 537 556 571 572 630 657 715 719 739 740 804 846 882 922 939 975 1246 1318 1323 1332 1365 1377 1385 1395 1418 1441 1533 1592 1661 1705 1723 1764 1799 1838 1900 1902 
43 59 66 93 120 123 159 164 219 270 296 307 313 336 430 481 546 547 629 674 733 862 933 939 942 945 972 973 1110 1135 1166 1175 1252 1304 1451 1598 1628 1664 1671 1764 1819 1846 1965 1979 
48 2 8 33 41 50 144 158 195 214 339 360 394 411 479 527 646 712 728 745 780 802 1009 1107 1152 1204 1232 1280 1320 1438 1583 1613 1644 1660 1670 1696 1697 1741 1787 1807 1812 1815 1834 1841 1868 1911 1923 1927 1940 
41 13 233 246 271 312 336 337 353 399 457 487 526 572 671 675 741 747 760 768 887 918 1024 1102 1171 1191 1258 1262 1270 1302 1364 1463 1578 1610 1662 1685 1698 1714 1715 1726 1787 1857 
51 98 144 159 218 222 224 252 389 417 522 548 643 665 698 708 726 811 819 838 850 894 928 979 1089 1112 1165 1175 1223 1257 1311 1480 1486 1556 1597 1626 1641 1660 1662 1676 1697 1723 1739 1766 1788 1805 1922 1954 1959 1972 1982 1985 
43 6 8 77 126 174 194 207 305 456 498 522 561 608 649 659 709 744 916 962 998 1014 1030 1125 1140 1166 1174 1177 1211 1215 1336 1357 1453 1462 1559 1562 1575 1578 1592 1624 1638 1888 1892 1977 
37 219 370 398 443 445 512 573 580 648 690 700 741 745 766 786 1055 1065 1122 1132 1169 1185 1187 1261 1301 1332 1365 1407 1486 1537 1555 1564 1701 1739 1783 1818 1918 1956 
37 38 47 69 120 154 297 305 316 409 433 485 536 541 558 641 657 727 801 887 945 954 977 1098 1106 1162 1195 1275 1376 1393 1418 1550 1644 1660 1706 1737 1806 1915 
48 5 61 293 350 413 437 439 488 585 648 769 810 839 864 880 904 920 935 965 978 1005 1053 1099 1185 1240 1248 1317 1337 1354 1367 1378 1401 1407 1421 1455 1542 1599 1603 1622 1649 1700 1708 1813 1842 1853 1874 1886 1957 
39 62 80 88 220 235 254 289 305 306 447 607 660 726 727 801 851 897 919 974 976 998 1027 1028 1032 1331 1385 1386 1456 1457 1611 1612 1761 1785 1809 1815 1831 1961 1981 1988 
29 73 80 257 345 463 627 646 664 738 767 868 1074 1118 1124 1158 1162 1195 1212 1343 1549 1558 1562 1628 1701 1726 1761 1805 1874 1961 
36 57 64 97 194 273 301 356 401 428 446 453 460 563 589 616 619 740 784 785 821 848 1008 1100 1140 1188 1202 1243 1360 1408 1413 1493 1701 1749 1819 1895 1912 
36 14 22 30 56 58 266 293 345 496 551 563 609 641 659 676 682 766 805 854 920 977 1066 1105 1115 1132 1371 1399 1658 1781 1828 1835 1837 1848 1902 1946 1985 
39 7 13 30 31 50 54 151 241 267 310 477 538 605 635 648 691 705 748 786 820 859 956 988 1097 1157 1285 1297 1309 1330 1354 1423 1522 1586 1683 1750 1856 1887 1893 1989 
31 87 193 205 211 237 270 295 322 433 453 556 699 703 732 733 892 991 1076 1126 1160 1249 1314 1447 1658 1691 1704 1891 1901 1924 1980 1990 
39 38 55 57 77 187 234 344 352 431 434 492 524 661 731 812 881 924 979 992 1053 1082 1085 1102 1117 1235 1358 1447 1516 1552 1611 1684 1698 1703 1713 1778 1808 1897 1957 1971 
39 0 242 268 299 307 360 405 417 454 645 726 728 801 819 848 853 868 986 1014 1088 1105 1107 1164 1200 1297 1406 1443 1448 1470 1473 1484 1523 1536 1665 1666 1739 1871 1975 1983 
32 67 202 255 358 406 408 492 497 560 599 642 763 779 820 901 946 992 1013 1112 1120 1255 1357 1376 1501 1609 1644 1742 1757 1804 1811 1892 1912 
50 127 159 179 216 279 345 520 634 659 671 845 857 875 918 940 943 995 1001 1012 1031 1033 1057 1089 1101 1188 1215 1328 1337 1368 1394 1435 1496 1505 1532 1579 1618 1630 1633 1637 1656 1659 1684 1686 1706 1724 1736 1772 1778 1849 1877 
40 21 84 180 182 262 339 398 431 459 516 553 629 717 718 729 737 773 818 864 923 927 958 999 1092 1236 1266 1314 1327 1400 1430 1481 1610 1658 1676 1682 1695 1734 1779 1813 1951 
35 160 188 192 363 378 382 403 440 515 577 644 648 662 782 783 847 862 1026 1118 1213 1218 1322 1468 1476 1491 1511 1538 1578 1580 1699 1773 1799 1840 1863 1872 
