200 2000
145 300
51 337
322 700
89 260
79 484
3 31
4 63
294 295
48 85
472 505
63 70
135 649
376 382
60 115
905 917
94 373
2 25
77 421
480 564
366 664
207 851
282 508
116 296
250 267
66 119
809 908
0 67
231 732
315 733
344 754
166 308
167 362
258 282
818 869
167 458
214 308
23 67
687 709
26 269
313 716
232 420
559 932
184 225
458 685
314 784
18 153
534 641
79 122
388 524
363 425
266 606
58 470
7 24
561 863
37 44
356 427
304 460
692 971
137 174
180 263
168 829
287 292
605 679
450 574
126 262
813 818
114 217
432 487
26 276
211 905
228 982
150 262
91 492
99 847
365 882
336 364
53 162
283 804
612 706
35 82
64 699
69 133
93 108
627 744
36 382
157 964
330 371
258 308
377 854
208 382
41 671
159 524
417 681
288 472
168 624
652 686
41 435
423 610
531 877
43 263
219 675
761 808
312 348
87 467
203 468
127 626
411 498
69 83
49 82
589 993
418 497
18 298
88 143
87 204
108 122
262 334
70 418
222 238
14 156
404 660
37 557
102 737
3 489
268 278
0 5
262 835
44 54
35 428
16 55
501 845
499 592
92 125
770 806
195 231
47 966
117 229
436 627
94 255
662 795
18 138
450 746
21 460
57 643
363 707
204 376
69 715
63 358
299 603
525 778
362 439
5 118
30 668
655 672
177 653
39 153
86 403
65 295
244 318
42 831
864 961
72 407
203 301
466 983
48 98
78 168
445 632
492 500
32 91
107 337
42 51
111 148
1 1
533 718
100 115
28 33
110 395
297 429
124 413
282 292
77 483
175 630
1 120
139 409
61 198
100 982
162 892
619 878
433 782
428 529
170 184
50 486
89 849
857 970
655 933
9 103
106 656
517 977
310 393
338 345
111 333
710 781
645 994
427 500
24 477
166 955
349 536
612 800
190 310
243 833
612 710
128 147
311 601
11 146
296 343
292 966
523 910
165 768
140 328
250 768
174 219
1 740
155 286
238 344
41 154
115 312
71 130
301 703
35 660
195 257
24 836
277 288
41 51
49 232
101 436
84 99
270 646
301 352
114 216
273 846
405 523
59 111
0 827
162 366
123 926
552 598
36 145
66 258
228 410
517 621
305 654
160 227
422 640
88 269
157 163
65 320
10 939
319 531
18 43
174 294
111 321
573 993
287 798
33 138
179 209
60 273
345 545
298 448
36 999
13 100
167 878
130 171
302 881
299 386
61 998
64 210
10 24
215 691
588 955
27 124
465 891
23 81
122 193
24 37
5 12
867 892
66 164
20 252
241 970
205 662
681 743
328 387
71 935
160 342
122 327
583 979
43 565
647 660
53 109
144 607
221 307
135 136
546 774
34 687
48 72
399 594
208 804
62 94
195 572
606 726
348 355
54 298
387 826
61 554
91 144
144 167
26 66
713 999
41 167
230 319
96 640
479 928
519 775
670 844
191 856
31 124
586 821
92 442
597 905
196 214
1 626
121 887
150 505
125 131
225 544
20 24
159 664
537 655
46 170
82 136
173 829
417 935
17 698
397 700
21 308
56 112
79 361
58 92
246 336
403 944
65 217
100 685
42 325
119 174
168 190
643 761
325 402
98 731
364 448
917 962
25 264
192 628
742 760
154 894
72 241
281 420
31 638
443 528
331 535
23 31
175 186
148 329
185 381
340 966
110 558
256 359
243 615
408 746
11 23
891 904
234 652
28 50
468 605
242 727
267 392
124 581
158 266
60 889
38 226
11 82
104 428
72 230
34 343
2 46
83 210
168 338
137 569
171 501
239 390
21 187
533 882
146 329
587 845
95 481
172 783
209 404
19 527
664 946
341 524
403 797
505 780
737 950
426 489
443 643
61 329
33 51
154 738
1 185
410 549
748 783
38 587
275 351
123 317
759 861
607 869
475 580
415 630
151 671
161 686
126 191
31 967
167 885
279 984
81 331
76 372
358 704
218 920
311 842
38 798
123 160
438 784
103 524
134 442
157 450
175 798
453 627
0 0
45 306
663 803
755 914
27 51
419 549
234 394
561 714
166 914
125 414
175 548
208 879
52 70
355 427
106 160
68 139
76 148
6 878
99 461
11 181
11 599
125 188
2 26
551 885
365 630
591 964
371 467
570 725
363 689
401 887
86 778
38 665
146 768
0 32
74 115
367 449
55 82
18 57
180 205
40 80
623 881
709 793
171 516
150 267
302 305
31 530
67 454
1 2
58 382
457 836
25 43
246 313
369 945
91 188
73 897
82 221
211 516
846 917
196 288
173 227
312 321
117 142
293 680
409 638
8 214
187 297
135 166
90 207
795 855
58 83
2 345
604 931
171 855
318 758
655 698
267 971
111 751
227 901
413 1000
235 272
308 973
23 176
56 967
415 797
138 254
207 646
28 112
185 458
216 622
12 547
156 644
352 407
384 786
524 877
350 578
279 374
31 363
4 210
64 259
476 951
87 229
250 858
12 31
155 338
402 761
88 599
326 611
470 550
3 5
263 409
59 268
624 684
290 373
116 176
583 888
245 533
854 978
369 370
432 714
3 24
104 233
348 865
363 832
503 902
136 926
20 685
17 413
388 622
379 515
367 872
20 323
68 213
364 608
357 893
253 288
20 677
336 623
29 32
212 907
11 36
56 83
210 773
40 106
677 823
98 216
581 881
181 468
363 907
124 182
68 159
771 825
706 871
7 71
10 273
220 711
383 428
95 114
281 738
68 265
95 183
201 289
125 136
414 659
222 709
626 775
49 939
77 297
159 527
625 819
73 99
505 977
745 868
154 285
82 407
31 137
411 593
84 723
5 244
581 712
205 468
70 450
34 671
58 59
123 202
504 958
391 449
162 181
230 804
495 756
210 336
77 756
42 42
560 731
259 563
551 672
146 279
0 3
318 628
27 94
813 864
91 624
9 359
87 306
23 62
127 377
286 917
314 474
171 701
109 125
26 143
914 916
359 375
278 414
11 238
231 897
99 541
101 863
516 926
448 731
10 92
97 588
695 845
661 762
8 91
191 199
56 155
427 451
53 53
295 953
11 184
270 410
4 8
540 582
230 640
221 946
1 18
74 116
201 407
175 644
188 893
274 513
379 395
12 25
40 70
334 527
588 800
87 324
72 142
150 248
78 395
150 434
17 51
75 116
251 905
142 418
424 827
568 989
162 221
156 336
252 433
420 835
326 511
68 223
64 125
118 172
214 555
348 976
41 403
125 325
180 936
352 442
462 893
252 258
297 803
61 314
33 621
57 344
383 507
151 844
138 310
23 64
16 55
42 77
638 803
210 961
112 464
329 539
27 349
115 870
621 950
227 267
86 279
35 684
53 281
138 521
319 737
28 249
71 107
289 844
82 663
343 637
721 920
601 993
62 686
113 166
382 485
120 441
138 346
39 77
672 897
457 800
404 629
192 232
243 590
119 177
212 302
469 976
141 428
505 769
153 287
157 199
247 444
67 133
369 710
678 948
16 895
96 197
6 20
631 914
300 550
42 723
214 261
262 490
91 123
237 612
546 611
65 916
240 282
118 158
112 131
343 360
578 713
154 391
383 967
234 392
188 691
38 796
139 407
270 884
186 612
734 908
523 706
135 284
48 99
24 158
433 599
111 495
154 194
285 302
45 830
18 283
95 189
374 759
538 850
570 613
104 241
570 759
187 670
333 696
86 396
387 853
434 723
490 928
611 793
634 922
606 727
266 704
36 119
4 40
474 588
811 883
759 818
929 954
801 823
490 651
23 82
381 685
11 14
439 594
485 807
532 711
96 111
20 23
482 594
97 443
145 199
181 474
544 571
506 719
39 571
144 490
69 136
28 33
246 486
6 12
20 201
69 293
7 779
36 155
222 453
167 790
237 450
396 826
258 380
400 786
576 760
226 579
315 328
481 768
75 486
20 74
27 929
208 239
4 22
602 669
754 855
822 916
242 261
1 795
34 66
25 650
224 871
408 776
22 75
123 193
142 190
239 517
2 4
429 772
168 876
153 834
296 586
551 986
35 55
71 216
49 68
315 700
257 374
207 750
140 551
112 430
314 330
132 832
248 867
270 316
235 467
240 440
102 685
63 543
378 585
297 590
329 385
275 432
342 690
357 394
2 11
99 137
718 723
1 35
88 283
340 518
294 495
36 137
233 247
8 372
50 497
167 401
339 913
552 621
155 285
713 810
567 891
130 737
209 219
608 739
50 294
102 466
97 227
307 684
16 179
3 24
19 992
618 838
67 240
527 566
375 836
37 226
170 470
408 862
21 615
232 885
69 315
319 456
141 193
208 383
475 538
252 289
203 265
164 685
6 55
185 471
150 382
203 257
419 543
166 484
15 26
67 585
112 450
413 447
168 281
148 277
330 855
218 507
54 292
381 909
204 210
400 705
541 718
20 28
111 342
31 509
57 336
214 667
255 585
5 83
69 388
737 933
105 233
355 611
611 711
508 629
60 333
123 560
172 458
455 492
177 729
433 787
14 27
158 327
741 806
777 785
148 399
471 723
187 366
114 305
112 219
62 513
31 822
70 795
26 43
463 748
19 497
787 976
2 2
103 302
24 300
207 875
20 79
113 487
417 815
38 108
189 202
20 156
744 831
335 564
445 718
183 210
645 873
551 759
125 488
799 859
170 178
538 799
243 779
181 824
181 447
329 590
122 841
189 328
7 363
516 730
280 374
250 456
84 511
113 672
14 215
59 81
332 743
599 912
656 864
609 774
228 333
26 919
430 488
435 547
419 437
158 183
136 344
376 818
117 376
12 114
48 346
250 426
536 658
177 233
765 862
249 565
427 470
532 982
50 178
50 265
75 149
112 225
386 976
525 594
748 774
17 123
144 160
567 683
79 93
11 546
116 191
227 915
59 123
109 398
273 686
0 18
486 526
514 770
612 753
97 340
78 239
29 81
307 799
678 995
127 483
196 309
13 19
279 411
163 278
674 955
7 196
851 948
227 570
123 181
333 481
141 174
102 106
191 410
58 68
15 61
415 483
117 727
359 683
170 223
413 774
229 582
30 66
100 353
465 674
467 807
9 43
154 280
203 225
455 629
70 237
56 639
452 521
213 249
51 126
288 351
167 531
30 61
339 511
185 345
741 994
431 718
236 256
97 301
575 851
11 230
5 39
200 265
60 926
356 672
412 522
500 632
92 681
125 125
882 928
495 980
83 90
430 515
100 347
181 190
169 923
120 235
23 497
150 536
312 779
104 485
129 204
137 531
199 520
64 137
49 116
208 815
119 407
312 366
16 16
593 754
539 593
222 825
491 720
152 822
5 301
163 984
10 295
171 404
147 181
70 94
393 701
317 822
588 771
76 410
19 25
158 857
203 399
36 39
89 177
2 8
481 730
494 698
254 334
313 377
151 790
89 114
418 717
241 621
93 330
28 272
108 215
100 840
642 806
51 104
328 602
47 257
590 606
236 655
95 283
16 25
154 615
278 290
130 234
328 606
478 816
157 375
70 308
108 847
171 915
33 224
320 711
32 114
177 595
102 600
283 901
419 594
106 238
388 855
65 541
2 7
252 632
661 834
96 866
253 804
538 691
951 992
25 150
45 180
15 20
687 937
274 684
158 209
154 335
638 896
15 422
356 457
498 779
49 54
737 896
91 292
12 107
168 255
22 266
400 864
81 406
70 264
627 754
107 125
107 445
800 966
392 955
43 688
139 223
697 773
169 886
159 664
75 209
15 757
13 15
335 340
36 128
181 284
6 16
644 649
499 705
319 819
16 165
26 301
368 748
367 742
584 618
426 776
569 932
753 864
160 538
296 425
32 147
548 718
0 1
41 220
601 672
129 556
47 144
312 773
92 977
289 994
854 939
149 519
100 260
253 262
219 712
422 680
922 928
152 235
640 682
364 440
150 173
64 489
172 820
762 988
698 739
74 123
59 744
89 153
372 616
81 378
254 726
556 651
53 364
614 764
47 70
232 766
25 362
796 891
491 812
247 334
214 464
239 310
528 958
569 598
389 579
468 885
624 665
269 364
157 382
268 681
119 200
605 840
416 713
450 484
471 960
205 946
385 829
439 946
295 664
825 887
28 615
153 365
12 95
1 30
689 726
836 874
596 702
449 973
331 682
828 911
200 634
85 142
408 619
170 449
797 844
185 523
269 429
22 162
372 927
91 126
408 500
298 307
209 221
461 539
470 686
100 884
28 113
456 995
93 259
12 475
100 723
605 886
405 579
85 565
66 197
295 857
434 538
9 782
71 408
311 561
277 563
282 360
434 439
34 443
261 519
88 504
110 218
93 569
33 99
841 922
254 738
236 367
63 906
574 964
107 510
18 23
75 934
398 919
244 387
179 416
27 93
50 86
117 694
693 975
769 782
115 538
10 169
383 682
132 228
107 888
223 693
98 542
225 555
131 181
366 428
0 173
693 819
304 371
332 339
195 216
436 616
795 821
9 36
24 115
336 786
1 35
174 255
83 209
99 396
308 311
228 475
173 968
307 408
92 208
442 600
220 339
450 594
584 964
376 503
635 701
213 266
581 583
649 980
307 313
506 923
47 335
34 42
63 532
332 548
140 764
219 353
58 131
4 11
250 450
744 802
349 527
129 225
492 790
385 427
402 627
278 444
81 437
290 569
319 566
334 666
259 471
102 301
777 883
70 355
399 432
11 959
327 361
152 768
174 301
220 304
40 558
633 751
371 846
140 636
84 253
28 317
97 303
292 535
6 12
20 20
502 874
324 393
4 114
58 61
179 187
21 157
455 508
811 874
313 329
264 609
71 256
5 495
54 449
119 216
31 214
12 17
285 920
185 188
51 95
91 341
105 276
568 581
416 889
179 198
329 868
111 229
79 555
269 321
824 971
592 980
286 839
37 165
298 476
124 894
20 65
502 508
374 844
147 153
174 974
108 252
144 214
521 531
128 246
611 622
187 188
664 888
149 832
384 568
74 100
76 247
105 955
202 205
413 570
413 653
719 896
24 63
275 319
74 572
188 254
69 186
582 618
420 715
227 309
391 813
214 519
911 955
23 23
20 32
16 51
261 447
359 522
73 510
348 934
169 274
740 757
307 534
45 131
25 56
46 137
93 317
30 54
221 507
202 380
193 713
36 157
545 552
79 444
668 716
270 795
151 204
26 123
193 595
48 552
383 749
497 644
159 467
152 195
649 681
428 867
414 759
176 830
82 594
48 66
271 335
6 98
137 671
446 981
89 605
231 983
134 183
38 143
25 39
212 999
915 938
309 324
492 832
40 285
3 30
238 550
194 915
789 830
85 108
791 798
510 867
109 287
166 469
5 147
396 596
217 910
678 806
25 220
399 446
124 171
210 343
893 901
4 36
464 487
220 307
305 723
116 467
172 431
585 682
138 242
12 176
21 32
130 626
177 233
60 401
203 291
67 348
52 59
777 961
10 168
46 363
59 691
536 791
553 934
107 220
115 553
171 177
55 355
419 570
29 105
84 264
226 671
722 747
157 332
498 512
629 885
135 742
341 785
21 438
186 774
11 593
46 131
80 116
196 200
164 290
293 611
539 587
101 105
282 897
195 376
75 381
192 207
46 599
39 51
125 218
109 974
307 391
326 734
315 827
236 383
294 394
221 468
43 473
392 872
885 952
306 907
195 350
331 515
119 448
361 638
529 981
107 131
18 566
72 144
125 502
509 924
614 648
548 583
412 543
147 235
242 301
11 63
202 335
134 567
692 772
126 504
192 415
205 529
7 218
895 996
17 140
438 686
145 383
551 688
179 909
82 195
153 223
372 888
358 505
155 789
228 977
33 79
195 196
489 613
602 751
102 315
36 92
38 961
52 502
9 23
1 37
93 783
492 733
788 798
55 222
7 787
191 449
664 714
723 889
9 51
619 951
41 88
254 881
396 602
54 94
356 583
281 833
31 32
274 733
267 302
419 433
508 853
457 550
484 999
175 260
440 638
199 245
254 462
79 358
244 505
435 566
161 374
570 944
24 63
57 78
517 563
472 483
77 119
125 212
46 126
607 927
123 253
407 920
26 180
43 819
482 799
280 668
33 40
692 714
50 220
270 780
881 923
274 539
7 11
98 367
10 19
280 445
7 103
83 125
501 586
744 896
478 996
70 673
3 255
195 811
82 146
31 129
259 565
14 230
202 258
1 459
52 131
469 528
106 146
58 509
615 854
16 30
28 214
203 415
270 447
20 49
357 410
380 733
433 724
77 114
21 99
120 791
60 63
0 0
100 119
53 690
394 413
207 478
445 445
2 23
347 618
314 806
4 292
344 504
161 523
222 864
43 84
136 299
102 162
277 326
206 363
130 141
226 640
56 171
257 594
147 225
454 821
4 444
205 338
65 89
334 391
96 123
567 637
53 532
17 47
242 403
7 250
175 176
54 147
26 95
183 374
18 465
85 153
64 118
304 680
405 748
45 226
153 946
446 948
105 390
224 337
220 227
176 217
86 312
199 520
45 66
109 965
817 877
114 737
240 637
230 272
696 788
213 916
455 809
251 880
230 332
76 388
597 803
726 728
20 112
33 664
43 540
25 196
59 142
240 298
808 822
462 498
67 201
412 793
123 599
58 95
207 572
209 495
116 512
1 30
29 763
1 46
43 613
106 543
38 936
90 139
67 341
178 209
354 627
136 232
91 537
42 764
177 236
46 944
238 330
337 776
168 610
60 85
102 942
1 236
232 519
220 421
19 783
224 1000
146 163
123 170
85 96
353 409
178 558
388 623
49 50
146 204
225 267
22 24
726 919
62 130
22 196
43 78
382 681
150 503
276 312
102 174
12 58
102 181
600 844
133 314
498 579
120 582
114 137
37 717
118 954
856 934
259 511
39 258
68 246
4 41
789 853
375 468
17 21
571 972
56 542
375 546
690 781
249 280
110 216
32 81
99 261
7 582
24 39
360 503
183 316
116 152
524 940
264 274
394 813
22 66
283 962
401 946
122 509
229 590
545 909
258 603
127 582
385 715
639 835
529 633
122 294
48 101
253 838
453 521
171 311
381 609
334 854
754 855
15 311
60 667
698 807
12 32
879 1000
239 521
36 68 169 199 293 420 432 434 496 508 541 571 623 687 696 697 704 739 807 858 906 1038 1078 1205 1211 1228 1281 1329 1426 1436 1448 1506 1531 1609 1623 1700 1914 
33 21 45 106 110 125 153 318 430 486 609 614 721 813 930 951 980 982 1022 1115 1153 1212 1318 1368 1382 1390 1449 1527 1638 1652 1688 1824 1882 1958 
39 76 84 133 156 187 238 342 400 499 600 725 751 770 818 843 865 897 973 987 1017 1032 1047 1188 1333 1352 1355 1362 1392 1491 1503 1585 1587 1690 1704 1749 1768 1810 1964 1985 
39 42 177 248 267 288 290 302 309 355 587 626 656 670 723 742 893 1016 1031 1079 1086 1104 1165 1274 1314 1328 1350 1402 1423 1443 1483 1505 1529 1533 1585 1701 1743 1780 1904 1950 
46 19 54 77 312 436 443 468 521 643 670 696 710 804 827 850 889 932 948 958 959 961 972 973 978 997 1173 1178 1210 1338 1359 1391 1455 1500 1547 1570 1588 1621 1628 1649 1701 1705 1712 1771 1823 1923 1987 
34 3 74 171 306 430 454 568 636 703 721 740 940 1001 1010 1157 1220 1266 1280 1358 1380 1427 1452 1510 1535 1550 1624 1682 1711 1771 1793 1806 1854 1893 1913 
47 31 32 94 212 476 484 506 507 549 600 601 678 728 756 842 926 955 963 1004 1040 1087 1123 1159 1221 1296 1299 1342 1361 1382 1400 1474 1525 1564 1571 1632 1654 1658 1666 1712 1738 1739 1759 1817 1897 1907 1947 1962 
40 11 60 116 121 126 147 169 171 174 233 275 334 380 439 493 526 544 595 604 684 803 939 1000 1056 1210 1234 1284 1291 1307 1311 1358 1383 1450 1507 1543 1561 1727 1873 1908 1997 
23 9 10 264 331 450 471 474 523 728 1011 1126 1165 1192 1315 1489 1496 1528 1584 1724 1762 1775 1940 1962 
31 34 69 95 105 147 215 278 309 315 385 444 536 676 678 742 803 893 953 1045 1060 1168 1240 1283 1357 1378 1408 1467 1520 1671 1919 1983 
47 3 5 83 134 200 263 288 289 306 398 477 615 719 730 735 746 787 790 821 919 961 964 1009 1062 1129 1136 1216 1219 1281 1389 1401 1423 1436 1438 1487 1513 1557 1630 1690 1752 1753 1824 1846 1852 1930 1979 1980 
41 31 43 76 156 187 213 239 249 316 429 484 496 523 526 560 574 636 643 709 807 811 840 845 867 898 906 941 992 1067 1075 1151 1356 1395 1488 1565 1590 1595 1770 1868 1909 1937 
43 75 76 136 217 445 548 622 646 686 728 734 782 785 898 922 1037 1077 1137 1224 1250 1287 1343 1410 1412 1428 1521 1543 1548 1565 1571 1585 1659 1720 1772 1791 1836 1857 1864 1898 1924 1960 1980 1983 
32 156 206 308 479 503 654 773 776 832 915 931 938 1056 1154 1182 1225 1254 1284 1312 1317 1318 1447 1449 1485 1495 1551 1555 1683 1730 1778 1867 1947 
38 4 191 202 290 320 322 402 421 433 441 458 471 495 603 610 794 840 895 899 1030 1080 1085 1116 1164 1185 1222 1386 1450 1524 1617 1667 1702 1766 1768 1778 1867 1986 1993 
49 9 33 98 105 114 191 217 268 317 326 340 430 474 475 494 505 565 603 670 936 940 957 994 1003 1054 1075 1076 1120 1121 1208 1219 1348 1372 1399 1418 1497 1658 1668 1693 1727 1738 1780 1865 1869 1878 1908 1936 1944 1999 
32 87 148 157 172 262 305 347 380 432 465 510 613 670 752 758 815 829 911 947 1038 1051 1213 1296 1314 1437 1445 1607 1639 1669 1713 1768 1785 
35 0 33 73 82 113 320 480 524 533 564 726 818 828 882 919 958 986 1075 1083 1097 1153 1197 1275 1321 1398 1471 1538 1607 1634 1711 1808 1830 1831 1944 1989 
35 1 2 37 93 181 251 302 365 392 457 637 708 718 968 978 1036 1056 1201 1257 1259 1437 1560 1581 1595 1702 1737 1740 1742 1809 1853 1889 1895 1948 1969 1981 
34 33 34 46 132 147 187 268 290 332 366 367 455 493 523 625 653 718 789 915 1038 1262 1398 1404 1413 1512 1534 1558 1658 1673 1913 1914 1946 1963 1981 
35 75 102 115 367 460 499 676 681 709 835 843 1009 1068 1098 1186 1291 1445 1448 1464 1467 1480 1561 1579 1657 1673 1699 1700 1704 1706 1810 1828 1842 1907 1915 1963 
34 62 67 69 234 235 275 497 556 570 591 614 623 727 818 822 826 864 952 957 1013 1144 1178 1242 1244 1382 1419 1492 1581 1685 1700 1778 1910 1911 1912 
44 29 38 51 55 65 204 319 406 415 473 491 524 590 625 657 685 716 809 857 896 975 998 1012 1066 1086 1142 1214 1220 1260 1280 1287 1404 1519 1589 1627 1644 1664 1668 1721 1736 1755 1803 1912 1937 
44 43 143 214 224 252 363 412 501 557 562 619 622 658 675 749 847 884 914 946 973 1020 1121 1127 1155 1164 1276 1284 1354 1377 1388 1428 1471 1488 1511 1589 1699 1727 1731 1781 1786 1836 1902 1919 1996 
50 1 52 81 91 100 191 265 267 272 305 368 372 401 413 438 462 510 566 575 604 615 649 950 993 1053 1062 1132 1157 1184 1293 1319 1332 1354 1362 1437 1453 1466 1470 1516 1576 1577 1605 1609 1626 1632 1647 1675 1698 1820 1935 
35 46 59 82 87 228 346 498 537 585 622 663 731 736 768 843 956 968 990 991 992 1042 1043 1090 1101 1136 1139 1149 1236 1259 1509 1521 1604 1612 1698 1740 
45 5 55 79 105 108 128 147 170 195 238 435 501 503 516 542 576 890 944 975 980 1014 1020 1098 1161 1180 1273 1287 1330 1394 1452 1463 1465 1479 1573 1574 1646 1663 1691 1698 1704 1773 1828 1833 1929 1936 
38 47 143 196 211 283 328 343 369 417 471 559 561 594 662 766 768 769 897 903 1089 1099 1155 1159 1338 1440 1547 1548 1611 1667 1707 1732 1770 1800 1828 1850 1855 1904 1934 
31 35 98 99 274 414 438 504 589 606 811 826 996 1093 1117 1281 1332 1468 1555 1592 1602 1630 1665 1704 1741 1742 1758 1790 1822 1854 1860 1982 
35 20 36 113 157 226 295 304 346 359 478 586 633 663 671 709 933 935 1012 1079 1100 1177 1190 1263 1578 1638 1683 1718 1722 1743 1831 1846 1872 1919 1956 1993 
43 40 75 150 166 198 200 236 265 274 317 354 383 534 620 657 671 712 727 804 860 956 980 1013 1043 1064 1065 1139 1146 1197 1264 1328 1355 1422 1457 1600 1611 1663 1755 1809 1810 1920 1935 1949 
36 39 172 189 434 471 539 570 677 684 693 700 720 793 852 975 977 1002 1013 1097 1186 1258 1323 1327 1374 1420 1439 1486 1556 1572 1645 1660 1661 1686 1750 1849 1903 
51 6 117 143 169 214 217 282 286 301 329 332 334 351 369 379 407 428 622 705 739 799 830 884 910 939 1000 1084 1219 1259 1266 1314 1387 1418 1456 1465 1468 1508 1554 1565 1574 1581 1633 1689 1700 1737 1834 1836 1858 1859 1877 1936 
33 5 12 41 160 289 318 459 495 514 571 820 827 868 880 887 900 990 999 1054 1087 1099 1121 1279 1282 1327 1402 1425 1435 1560 1627 1660 1805 1998 
37 11 44 90 92 143 252 266 300 306 337 347 353 415 416 494 502 540 558 610 656 779 931 945 1016 1018 1045 1103 1163 1235 1260 1471 1559 1629 1859 1863 1939 1943 
35 79 86 100 126 135 182 402 540 650 722 810 846 874 914 985 1082 1115 1117 1137 1156 1201 1286 1327 1373 1402 1403 1453 1492 1495 1555 1583 1720 1805 1845 1963 
25 0 15 250 392 394 531 598 604 689 735 741 874 927 1039 1047 1058 1237 1305 1329 1587 1645 1697 1829 1891 1919 
51 13 19 157 201 265 279 308 327 335 413 414 486 528 537 570 726 748 775 804 805 816 837 845 867 872 880 899 938 956 962 1060 1144 1148 1160 1312 1334 1426 1472 1509 1512 1537 1688 1707 1790 1794 1812 1856 1857 1888 1912 1959 
41 7 121 180 362 418 431 434 461 475 560 578 626 708 825 964 973 1126 1136 1195 1212 1234 1240 1405 1408 1416 1421 1446 1464 1465 1495 1507 1515 1517 1535 1593 1696 1721 1779 1852 1916 1923 
41 16 30 134 145 158 252 310 317 360 385 390 420 463 514 562 570 609 632 740 748 782 1009 1034 1042 1084 1085 1192 1269 1274 1333 1355 1467 1498 1578 1647 1699 1744 1810 1904 1915 1956 
56 23 55 64 67 85 169 192 318 335 400 419 422 549 572 685 708 801 808 863 979 1004 1007 1016 1055 1069 1087 1117 1167 1205 1230 1244 1318 1340 1356 1360 1437 1454 1537 1596 1650 1660 1721 1726 1740 1747 1810 1817 1823 1854 1855 1860 1874 1887 1911 1975 1986 
32 167 254 288 338 344 399 419 522 558 611 652 708 715 744 767 808 925 951 959 1075 1138 1239 1275 1299 1426 1540 1581 1582 1682 1814 1816 1978 
35 10 107 165 241 449 474 496 542 557 606 650 677 696 734 778 812 818 865 929 1011 1035 1101 1128 1134 1167 1268 1278 1296 1324 1484 1588 1611 1778 1821 1871 
40 78 267 288 381 384 472 526 560 608 613 618 687 752 791 820 909 934 1000 1115 1278 1303 1347 1380 1398 1405 1448 1474 1548 1564 1588 1615 1634 1668 1716 1733 1740 1825 1829 1830 1937 
40 53 170 223 262 308 359 398 400 455 569 641 736 821 851 924 925 930 960 997 1064 1076 1106 1108 1191 1211 1233 1249 1369 1386 1393 1446 1502 1523 1584 1736 1807 1814 1915 1984 1989 
40 71 109 123 146 186 225 236 269 307 358 398 482 504 673 682 724 747 784 807 834 998 1049 1128 1159 1170 1226 1329 1360 1396 1418 1463 1509 1523 1572 1584 1614 1710 1762 1886 1942 
33 60 82 101 131 198 250 288 380 389 431 585 610 747 848 902 975 1002 1143 1184 1198 1393 1420 1519 1574 1631 1807 1813 1845 1906 1919 1928 1944 1945 
32 78 172 177 195 208 271 335 413 470 474 519 536 572 655 783 791 823 872 935 941 969 1048 1142 1158 1161 1258 1555 1660 1780 1816 1936 1942 
50 1 35 75 101 111 194 249 269 297 306 332 334 363 479 594 625 635 679 756 839 921 961 971 1060 1136 1155 1207 1271 1312 1327 1380 1394 1489 1610 1615 1616 1643 1681 1706 1709 1719 1734 1736 1741 1807 1879 1901 1943 1947 1998 
42 9 39 45 52 176 190 198 247 262 263 264 402 529 539 576 627 738 755 808 835 881 920 963 999 1019 1070 1129 1141 1172 1241 1265 1268 1282 1283 1306 1410 1597 1677 1777 1784 1792 1822 
47 6 70 109 110 127 193 199 284 425 457 460 487 499 592 607 641 654 691 819 855 862 907 959 1034 1039 1101 1104 1202 1260 1264 1427 1445 1463 1566 1584 1636 1672 1699 1737 1752 1784 1805 1814 1828 1829 1850 1988 
38 31 42 64 86 165 236 262 374 398 457 494 495 500 541 544 550 832 889 937 949 1009 1058 1156 1187 1190 1420 1428 1439 1509 1515 1521 1536 1579 1617 1720 1826 1918 1920 
34 10 78 99 328 498 553 556 605 672 708 806 831 899 917 1005 1088 1273 1327 1330 1349 1432 1470 1494 1663 1731 1745 1756 1779 1782 1853 1886 1926 1952 1983 
49 4 120 167 189 209 210 242 248 264 283 419 422 455 473 573 643 688 700 754 885 923 943 954 1025 1152 1188 1209 1220 1237 1289 1307 1315 1339 1384 1409 1429 1437 1475 1500 1529 1542 1592 1610 1626 1693 1711 1727 1859 1932 
32 4 16 32 471 540 570 602 621 689 716 839 972 991 1011 1056 1072 1095 1164 1167 1179 1246 1297 1313 1363 1403 1505 1553 1590 1726 1754 1962 1984 
46 15 192 255 303 437 470 478 522 593 652 668 669 674 740 777 885 914 957 983 1102 1169 1231 1233 1238 1248 1281 1311 1313 1355 1375 1445 1456 1478 1504 1536 1577 1682 1751 1757 1765 1808 1834 1844 1855 1894 1932 
32 49 236 248 363 456 485 505 574 599 719 792 797 826 863 942 946 950 1027 1076 1187 1209 1364 1424 1444 1674 1699 1736 1788 1830 1835 1947 1975 
38 32 161 175 177 599 655 670 673 745 799 844 854 868 990 1023 1036 1080 1098 1181 1184 1193 1201 1203 1239 1422 1463 1472 1554 1580 1624 1695 1731 1763 1803 1930 1941 1977 1979 
47 18 32 193 196 266 290 291 292 434 476 612 673 710 742 745 802 822 829 904 1053 1061 1100 1135 1141 1196 1239 1269 1284 1287 1292 1296 1340 1382 1412 1486 1487 1492 1493 1515 1547 1589 1694 1712 1763 1832 1891 1914 
35 65 84 102 173 179 201 234 305 310 365 498 517 638 654 738 766 809 1164 1224 1268 1299 1427 1488 1517 1520 1546 1698 1702 1714 1722 1749 1766 1780 1898 1977 
41 15 50 97 138 165 181 216 240 245 250 263 264 280 313 416 454 510 708 785 828 880 970 996 1030 1034 1055 1078 1223 1228 1265 1272 1477 1601 1668 1702 1710 1817 1875 1921 1945 1960 
42 63 115 225 244 287 343 360 399 405 423 456 471 489 595 606 642 646 658 743 766 767 836 840 963 998 1009 1041 1138 1356 1563 1577 1601 1645 1694 1719 1748 1806 1851 1853 1916 1955 1960 
39 12 18 51 104 129 225 273 275 292 297 339 451 466 504 586 594 713 739 759 827 865 913 962 1073 1227 1302 1381 1488 1508 1521 1545 1576 1595 1625 1742 1772 1788 1915 1921 
46 51 135 144 174 223 253 324 331 344 345 424 500 502 538 640 645 715 833 856 900 984 1041 1116 1124 1169 1175 1186 1234 1236 1321 1342 1381 1414 1472 1549 1626 1673 1683 1729 1769 1771 1801 1843 1871 1905 1995 
32 24 25 32 63 108 128 272 387 404 586 591 688 714 746 772 788 820 831 918 928 1077 1212 1244 1253 1285 1401 1433 1462 1516 1599 1886 1957 
33 76 145 263 430 482 559 618 743 842 861 863 898 903 944 981 1015 1033 1040 1115 1129 1138 1406 1594 1705 1718 1760 1789 1803 1835 1862 1893 1912 1959 
42 8 87 178 191 238 370 455 462 487 525 696 784 925 1014 1080 1088 1125 1154 1173 1176 1189 1203 1211 1245 1257 1345 1405 1411 1446 1517 1539 1568 1679 1703 1762 1776 1798 1813 1829 1843 1870 1926 
34 57 125 204 213 231 265 294 358 382 408 417 475 477 501 954 955 994 1044 1066 1124 1131 1240 1376 1435 1441 1467 1470 1566 1701 1800 1891 1920 1939 1975 
41 130 146 169 280 311 337 348 403 430 431 442 459 525 597 600 601 642 855 863 870 916 931 959 1044 1101 1108 1133 1183 1265 1527 1536 1671 1744 1754 1796 1807 1828 1837 1838 1962 1982 
41 56 157 222 229 366 382 415 435 497 628 645 672 674 783 810 819 879 901 987 994 999 1068 1115 1132 1152 1170 1258 1392 1438 1535 1570 1596 1609 1644 1687 1699 1703 1861 1905 1930 1933 
34 36 103 200 294 333 453 461 611 623 638 770 823 839 884 947 978 991 1069 1127 1250 1252 1294 1353 1426 1541 1558 1608 1614 1642 1680 1736 1876 1894 1996 
54 23 145 182 188 232 277 281 358 371 382 384 460 522 557 593 597 611 612 637 649 677 692 778 916 938 989 995 1011 1012 1052 1056 1058 1165 1171 1172 1263 1281 1390 1461 1464 1493 1522 1571 1582 1614 1648 1719 1767 1786 1861 1881 1913 1916 1981 
39 4 26 33 190 270 380 432 436 499 528 556 585 599 616 706 729 903 974 981 1146 1191 1194 1210 1247 1366 1379 1385 1403 1405 1435 1508 1541 1563 1683 1847 1888 1941 1948 1990 
40 17 36 121 123 191 257 293 349 462 471 500 580 666 844 883 1120 1198 1203 1257 1296 1368 1381 1409 1526 1542 1577 1587 1612 1625 1644 1651 1658 1670 1820 1893 1924 1950 1956 1965 1981 
37 1 17 40 85 171 183 197 203 276 341 378 383 405 576 631 694 714 749 814 896 1053 1063 1139 1187 1222 1264 1465 1487 1609 1671 1705 1738 1741 1782 1841 1895 1988 
49 0 24 25 50 104 122 163 235 251 294 321 382 383 389 414 456 482 493 550 552 573 579 602 613 672 722 731 736 771 787 795 811 896 901 923 979 1032 1067 1257 1285 1320 1325 1503 1637 1672 1782 1815 1923 1966 
40 50 57 63 76 166 364 400 436 474 524 546 667 727 741 743 916 958 1003 1078 1157 1321 1408 1471 1485 1556 1570 1579 1652 1686 1688 1722 1761 1769 1822 1831 1856 1861 1889 1960 1988 
34 51 66 82 97 149 157 160 267 280 461 500 742 743 774 793 809 839 852 864 875 876 1086 1189 1234 1241 1313 1513 1678 1707 1721 1782 1961 1968 1975 
39 66 85 98 144 175 236 338 358 493 623 641 786 830 907 938 965 976 1091 1114 1133 1224 1233 1300 1360 1378 1416 1419 1474 1614 1655 1666 1748 1763 1790 1809 1870 1906 1941 1974 
47 12 33 99 221 234 265 331 416 435 440 467 472 489 645 691 776 846 871 897 915 916 922 943 958 973 1013 1054 1107 1122 1141 1143 1171 1192 1228 1280 1286 1288 1329 1398 1448 1454 1484 1499 1567 1743 1851 1869 
35 70 307 361 409 415 537 548 586 614 681 683 714 774 852 928 974 1010 1104 1184 1214 1227 1351 1358 1361 1436 1440 1446 1490 1618 1738 1770 1804 1885 1899 1963 
46 34 80 121 250 314 330 333 366 375 381 414 473 562 567 653 661 679 691 709 746 901 915 923 974 995 1044 1120 1165 1219 1331 1397 1414 1506 1535 1575 1590 1609 1626 1630 1667 1762 1788 1819 1844 1900 1925 
38 82 176 205 221 303 338 368 381 490 506 526 564 655 667 688 740 744 827 869 906 983 993 1239 1242 1262 1293 1296 1465 1475 1493 1504 1567 1604 1778 1804 1816 1821 1986 
47 35 55 88 101 127 220 263 271 305 414 455 493 521 522 525 529 530 658 707 814 832 864 991 1093 1162 1168 1235 1322 1329 1341 1370 1381 1421 1494 1507 1540 1577 1580 1625 1628 1692 1733 1798 1917 1918 1938 1943 
40 2 89 183 298 314 325 331 466 478 503 544 651 774 802 818 824 841 906 941 1001 1002 1019 1054 1244 1370 1389 1466 1467 1491 1560 1603 1738 1745 1780 1833 1836 1862 1865 1945 1968 
50 2 4 11 54 64 100 121 218 243 298 315 342 372 421 492 569 588 651 710 713 739 807 810 816 820 828 898 948 1020 1037 1054 1118 1202 1316 1379 1389 1556 1620 1624 1645 1659 1672 1709 1824 1831 1834 1835 1886 1890 1987 
33 83 101 211 279 369 415 672 677 687 689 753 847 910 924 928 941 948 995 1065 1193 1207 1232 1281 1333 1418 1563 1692 1721 1762 1808 1845 1867 1931 
32 0 20 157 196 232 333 379 390 421 456 481 652 674 772 843 977 982 1057 1176 1326 1406 1464 1518 1582 1703 1730 1827 1833 1869 1892 1922 1977 
35 58 172 187 195 384 393 420 453 525 565 574 801 840 892 905 915 936 962 985 1011 1019 1024 1097 1111 1221 1378 1382 1498 1556 1767 1813 1832 1880 1884 1987 
37 5 32 61 104 232 262 278 333 341 364 399 406 423 432 442 461 523 527 587 680 871 975 1100 1229 1288 1298 1328 1413 1463 1485 1510 1601 1631 1814 1868 1899 1945 
42 53 75 220 298 398 403 477 483 505 530 550 575 596 600 642 786 788 796 805 813 818 846 940 1115 1139 1152 1159 1170 1232 1305 1314 1369 1494 1511 1557 1584 1632 1674 1748 1840 1867 1991 
39 118 160 183 216 233 240 319 351 410 475 489 670 676 914 925 927 938 1012 1066 1137 1232 1249 1259 1303 1306 1379 1380 1420 1445 1582 1603 1696 1698 1725 1752 1887 1922 1940 1946 
33 6 112 178 353 408 463 493 520 573 649 751 853 858 911 1125 1149 1153 1168 1220 1285 1286 1410 1428 1429 1435 1539 1565 1779 1834 1901 1970 1978 1979 
38 18 30 61 327 330 371 457 467 572 624 630 652 754 766 841 842 862 909 924 1133 1155 1160 1186 1210 1234 1285 1305 1422 1429 1505 1577 1624 1631 1648 1807 1832 1965 1978 
42 0 31 41 56 98 120 162 188 336 454 652 663 672 688 695 845 1033 1041 1099 1197 1203 1304 1367 1398 1419 1551 1568 1577 1582 1618 1632 1658 1675 1746 1778 1784 1815 1909 1913 1925 1971 1976 
45 0 3 133 144 150 162 178 181 239 310 311 396 466 509 544 685 744 773 854 867 871 1033 1061 1132 1250 1254 1270 1357 1359 1400 1451 1488 1599 1629 1728 1730 1751 1792 1808 1829 1886 1889 1942 1975 1992 
41 81 91 102 218 232 365 379 404 418 435 516 541 624 680 690 730 752 782 838 869 990 1004 1154 1167 1220 1222 1246 1311 1317 1484 1579 1582 1655 1707 1725 1794 1795 1870 1890 1897 1916 
34 35 56 124 172 189 218 245 340 366 401 469 568 591 607 651 698 729 760 777 881 914 1080 1094 1109 1172 1209 1261 1377 1468 1639 1686 1774 1895 1914 
38 131 295 323 350 400 490 504 599 626 643 701 784 802 882 919 954 1061 1071 1189 1201 1260 1282 1348 1388 1490 1516 1634 1723 1753 1789 1818 1875 1891 1941 1953 1958 1967 1994 
39 19 60 171 216 239 251 260 325 352 371 386 404 407 457 458 632 642 643 686 746 866 897 924 954 1031 1076 1116 1216 1282 1322 1383 1436 1524 1627 1650 1661 1784 1804 1911 
51 26 38 44 77 212 222 249 269 272 339 341 361 444 479 573 607 623 644 662 680 697 704 741 773 809 870 916 990 1092 1105 1133 1147 1207 1217 1299 1302 1308 1312 1315 1383 1466 1610 1615 1633 1661 1682 1708 1735 1765 1781 1911 
37 31 54 139 157 169 379 385 425 565 578 583 653 764 795 829 883 886 1016 1031 1040 1055 1104 1145 1185 1204 1366 1378 1387 1498 1558 1635 1647 1664 1706 1794 1874 1917 
53 103 109 163 202 203 232 290 292 359 374 436 454 511 558 635 681 688 694 715 742 744 767 787 806 819 849 856 896 919 978 1062 1097 1125 1135 1173 1186 1208 1246 1310 1314 1317 1487 1514 1517 1555 1583 1594 1610 1611 1645 1781 1890 1903 
37 3 59 114 262 292 299 300 340 343 378 401 538 543 589 590 671 675 757 769 824 980 1083 1117 1189 1303 1320 1466 1552 1569 1586 1635 1644 1649 1666 1722 1838 1983 
40 1 31 162 320 323 441 602 650 734 789 905 926 972 1062 1086 1098 1108 1185 1190 1225 1261 1296 1311 1346 1377 1423 1525 1541 1634 1637 1665 1689 1718 1733 1747 1795 1804 1867 1887 1924 
35 39 81 90 106 212 355 380 549 622 639 693 699 862 865 869 904 996 1003 1006 1009 1012 1015 1035 1110 1145 1301 1339 1403 1456 1485 1531 1567 1872 1975 1979 
37 53 59 60 190 276 288 296 386 402 416 477 492 521 531 561 589 609 647 648 750 850 921 1060 1174 1213 1221 1223 1242 1277 1316 1586 1631 1828 1879 1883 1892 1961 
37 32 40 42 44 96 243 255 367 538 571 624 628 775 801 944 983 1075 1079 1119 1134 1223 1225 1258 1280 1400 1404 1418 1421 1453 1505 1507 1579 1661 1803 1818 1937 1938 
36 107 148 170 185 215 253 473 634 647 666 711 730 747 751 783 840 882 899 1025 1116 1165 1185 1292 1424 1626 1659 1702 1730 1754 1769 1837 1852 1856 1889 1976 1995 
41 58 103 158 161 195 207 256 285 287 300 305 310 341 362 398 432 575 596 599 694 720 778 930 954 961 1035 1098 1208 1251 1268 1399 1549 1613 1692 1719 1748 1868 1985 1990 1991 1994 
36 143 285 430 442 506 521 562 588 679 727 739 830 881 922 972 995 1034 1147 1155 1166 1187 1206 1226 1267 1402 1469 1511 1518 1557 1693 1778 1779 1833 1878 1940 1973 
41 1 14 30 106 159 188 213 314 458 527 543 733 774 830 844 861 883 952 985 1000 1115 1184 1202 1290 1310 1340 1357 1369 1522 1555 1561 1579 1616 1662 1761 1763 1764 1817 1952 1969 1997 
34 105 125 126 136 171 188 411 615 627 631 641 642 819 859 862 865 873 880 891 979 1243 1459 1511 1545 1580 1602 1646 1739 1757 1766 1811 1853 1964 1976 
40 39 57 79 92 103 173 249 435 467 585 587 590 630 690 722 728 836 866 873 959 996 1018 1076 1095 1140 1145 1167 1214 1300 1386 1464 1538 1695 1719 1737 1761 1779 1822 1881 1937 
33 37 89 308 359 391 518 621 692 770 841 862 891 999 1135 1165 1267 1286 1458 1514 1557 1558 1625 1651 1749 1805 1812 1854 1880 1917 1934 1936 1938 1968 
41 52 84 89 146 163 284 288 350 388 410 653 730 755 842 886 890 941 946 967 1055 1099 1102 1140 1284 1354 1376 1383 1390 1407 1477 1512 1661 1717 1718 1740 1850 1852 1911 1928 1939 1954 
37 16 52 70 83 120 137 186 248 319 335 414 438 494 567 590 603 690 767 908 993 1038 1063 1120 1227 1302 1313 1377 1381 1387 1646 1660 1756 1783 1835 1850 1890 1976 
49 14 55 63 88 215 234 251 306 311 312 351 361 364 433 519 563 570 644 651 712 755 783 790 824 840 960 987 1103 1166 1170 1222 1237 1247 1248 1336 1344 1361 1366 1573 1651 1670 1724 1755 1770 1833 1855 1860 1871 1944 
47 2 51 72 78 145 247 289 399 446 472 571 584 682 701 721 787 863 918 984 994 1055 1128 1224 1271 1301 1313 1356 1363 1376 1391 1401 1464 1469 1476 1478 1553 1602 1619 1674 1684 1732 1899 1937 1976 1978 1990 1992 
32 13 99 309 323 324 336 413 476 536 574 599 639 647 685 797 843 917 967 1048 1134 1232 1261 1274 1298 1403 1457 1586 1645 1852 1870 1898 1965 
42 66 117 197 268 269 381 600 641 670 678 680 710 768 769 798 833 839 855 902 905 914 926 992 1029 1042 1081 1123 1262 1289 1446 1507 1510 1630 1636 1658 1690 1741 1779 1793 1864 1956 1958 
37 10 59 122 196 232 273 307 377 535 654 801 825 900 954 994 1043 1059 1150 1152 1339 1359 1384 1400 1513 1537 1545 1613 1659 1716 1747 1797 1808 1871 1889 1911 1978 1993 
33 219 221 227 248 274 312 378 385 399 496 742 766 808 821 869 896 993 1030 1106 1136 1312 1361 1380 1384 1506 1535 1629 1636 1682 1683 1690 1765 1946 
27 6 30 81 152 199 261 622 629 664 711 749 920 1031 1329 1363 1542 1586 1591 1702 1719 1833 1840 1844 1851 1873 1875 1941 
43 45 58 180 358 398 459 464 627 685 694 711 743 767 786 794 805 888 896 934 1037 1085 1156 1181 1233 1345 1366 1430 1485 1487 1537 1568 1580 1619 1668 1688 1691 1709 1763 1783 1816 1882 1980 1981 
38 33 36 76 128 136 140 288 337 404 453 513 558 601 660 717 732 791 844 956 960 1059 1142 1270 1312 1342 1356 1362 1515 1543 1606 1684 1725 1747 1782 1785 1851 1912 1942 
41 37 128 159 170 243 256 349 384 426 483 494 556 576 600 616 644 714 753 803 823 938 982 991 1023 1075 1077 1084 1144 1184 1265 1358 1450 1509 1546 1596 1703 1715 1786 1849 1950 1966 
35 28 30 51 53 76 81 100 120 168 175 414 441 447 454 473 557 678 759 770 915 920 949 964 1134 1152 1206 1271 1399 1424 1591 1594 1664 1829 1841 1958 
39 0 78 111 193 253 261 363 370 426 581 653 665 701 762 793 829 863 890 912 932 1030 1035 1053 1153 1296 1388 1482 1559 1563 1589 1593 1661 1764 1838 1850 1867 1939 1956 1987 
47 2 138 192 315 333 334 362 365 373 400 407 495 523 528 531 559 579 606 619 620 645 650 702 726 823 840 880 922 976 1057 1102 1241 1288 1295 1311 1316 1331 1335 1338 1356 1593 1662 1753 1787 1839 1906 1921 
44 12 21 34 107 146 158 226 257 332 348 479 547 685 697 716 727 768 803 834 841 842 1010 1081 1168 1206 1359 1367 1422 1527 1544 1627 1654 1683 1703 1793 1830 1887 1892 1896 1898 1927 1957 1959 1977 
48 20 62 173 391 458 471 472 514 542 612 624 670 749 771 801 877 934 955 990 1071 1148 1205 1238 1243 1272 1311 1328 1371 1409 1422 1438 1451 1466 1473 1540 1560 1581 1585 1588 1641 1659 1694 1708 1718 1743 1887 1912 1927 
44 1 37 65 135 161 177 189 211 230 291 311 480 570 587 626 671 687 693 732 751 851 907 947 1018 1083 1122 1132 1176 1193 1205 1219 1330 1377 1384 1452 1561 1569 1666 1806 1820 1830 1888 1936 1971 
22 48 79 85 169 314 341 449 472 497 538 604 647 824 964 981 1046 1204 1234 1685 1738 1811 1851 
45 31 52 119 134 190 272 277 281 289 349 354 393 498 501 559 588 617 671 679 684 741 977 1056 1079 1090 1109 1110 1158 1226 1241 1247 1315 1336 1407 1463 1510 1581 1684 1689 1737 1830 1836 1868 1913 1956 
36 22 97 129 188 193 208 263 401 452 464 502 537 545 561 685 737 844 846 878 898 947 1010 1064 1232 1239 1327 1341 1346 1479 1629 1659 1689 1698 1750 1900 1905 
35 3 36 122 152 213 263 264 361 484 526 691 692 731 772 777 781 802 857 905 944 972 1010 1135 1256 1283 1298 1425 1486 1499 1584 1587 1600 1783 1937 1991 
36 53 54 106 132 197 262 270 275 288 456 465 495 645 768 769 822 849 929 1122 1153 1164 1184 1202 1267 1333 1335 1336 1350 1398 1446 1465 1591 1625 1728 1890 1984 
32 79 99 329 432 508 626 675 739 792 819 908 942 1127 1201 1238 1282 1355 1373 1418 1478 1512 1514 1564 1569 1687 1718 1803 1812 1829 1867 1951 1985 
43 46 103 130 148 175 332 386 413 511 536 644 675 746 789 800 822 921 957 960 996 1023 1118 1132 1146 1282 1455 1475 1484 1495 1559 1583 1612 1627 1640 1662 1751 1821 1828 1831 1858 1896 1959 1976 
44 23 50 97 254 259 264 291 313 419 492 524 539 540 543 572 601 686 695 697 708 730 771 782 801 803 824 833 849 852 951 966 1006 1037 1050 1205 1263 1306 1328 1460 1494 1526 1628 1792 1938 
52 75 194 214 242 258 267 276 278 282 468 497 522 555 656 708 709 713 747 784 806 848 860 963 983 997 1078 1103 1113 1191 1196 1230 1233 1259 1311 1316 1334 1364 1380 1415 1510 1519 1587 1606 1667 1806 1818 1850 1876 1896 1916 1922 1980 
39 132 164 184 249 266 398 433 517 551 588 822 837 918 942 993 1032 1116 1158 1169 1206 1220 1236 1330 1419 1432 1435 1459 1460 1497 1578 1622 1687 1746 1780 1831 1936 1956 1964 1992 
42 56 160 187 212 322 387 397 403 418 427 455 502 521 525 668 695 748 758 761 788 832 897 902 988 1118 1203 1207 1245 1319 1332 1349 1365 1381 1398 1489 1544 1600 1811 1825 1852 1872 1988 
38 8 158 203 211 233 239 295 331 346 480 599 618 628 683 689 695 752 929 966 997 1007 1130 1199 1202 1238 1286 1301 1327 1434 1484 1485 1583 1663 1761 1854 1857 1976 1977 
39 98 124 127 214 316 474 532 547 575 577 689 692 821 823 825 841 902 907 955 973 974 1021 1067 1182 1294 1572 1598 1620 1624 1646 1658 1760 1804 1823 1839 1877 1913 1958 1987 
40 50 97 146 151 209 265 308 348 415 476 495 581 647 713 733 761 804 862 866 960 974 989 1005 1035 1156 1235 1245 1253 1461 1481 1501 1505 1513 1534 1593 1746 1839 1842 1858 1986 
45 4 72 75 116 142 149 156 174 192 264 268 338 482 532 552 570 571 591 592 750 825 866 1046 1060 1096 1166 1243 1297 1298 1335 1337 1347 1491 1499 1556 1566 1659 1669 1708 1709 1765 1789 1894 1921 1979 
34 7 216 306 326 333 340 372 481 769 771 787 939 940 972 1080 1091 1100 1103 1121 1168 1333 1360 1411 1454 1458 1490 1612 1624 1635 1758 1868 1893 1899 1917 
40 43 60 65 71 77 213 277 304 360 496 503 529 542 622 623 632 765 788 867 1014 1022 1030 1077 1084 1087 1221 1427 1447 1476 1548 1647 1672 1739 1786 1803 1832 1869 1870 1907 1926 
35 97 172 276 291 299 362 500 507 523 624 698 729 783 790 1026 1049 1057 1141 1179 1236 1242 1257 1312 1541 1642 1676 1711 1724 1744 1785 1803 1841 1873 1931 1977 
39 122 223 227 235 241 364 438 453 515 579 592 602 656 712 770 802 828 853 888 899 926 972 981 1099 1231 1412 1415 1519 1539 1635 1640 1646 1663 1667 1675 1682 1722 1764 1918 
39 86 97 124 158 198 215 362 439 527 602 646 690 754 817 821 835 880 945 973 976 993 1036 1064 1081 1134 1166 1199 1208 1276 1411 1546 1557 1612 1633 1729 1742 1859 1890 1948 
42 9 54 80 176 269 338 376 508 512 543 617 642 651 702 766 839 841 862 923 1034 1076 1174 1260 1315 1354 1371 1423 1424 1435 1447 1518 1663 1750 1791 1796 1869 1914 1959 1966 1967 1980 1991 
33 99 273 492 518 601 655 671 676 693 735 753 792 813 949 986 1001 1017 1106 1201 1269 1281 1297 1344 1404 1518 1624 1781 1810 1888 1891 1949 1955 1982 
45 131 139 161 173 189 190 395 436 472 480 488 533 578 603 674 739 775 780 831 881 990 1063 1082 1116 1119 1133 1154 1226 1283 1298 1309 1343 1363 1379 1506 1561 1573 1660 1662 1761 1769 1773 1782 1806 1849 
43 16 35 141 212 258 307 331 378 432 454 513 546 582 593 605 711 812 826 883 898 921 976 984 1111 1126 1134 1186 1194 1207 1233 1290 1297 1424 1464 1508 1594 1625 1685 1699 1713 1736 1763 1886 
39 15 91 233 248 266 286 290 339 485 498 534 605 644 712 847 880 888 889 896 977 1021 1024 1059 1117 1123 1204 1273 1283 1297 1334 1383 1507 1514 1524 1710 1728 1761 1767 1811 
34 38 52 185 190 194 233 315 395 497 507 527 608 627 673 702 866 917 966 1032 1238 1263 1325 1379 1402 1431 1441 1505 1520 1528 1562 1615 1693 1778 1801 
30 94 102 413 658 720 734 750 917 982 1079 1272 1319 1484 1486 1490 1500 1525 1539 1544 1585 1669 1785 1797 1809 1815 1862 1872 1952 1970 1972 
35 156 211 281 361 431 528 586 610 649 670 729 757 862 943 957 1030 1059 1135 1156 1164 1225 1255 1339 1444 1508 1520 1522 1547 1665 1705 1729 1873 1876 1889 1984 
42 61 68 108 144 162 291 321 422 472 488 505 513 515 629 785 851 921 927 950 967 1018 1053 1054 1077 1097 1161 1262 1303 1392 1431 1442 1489 1532 1577 1684 1957 1958 1967 1970 1976 1978 1995 
44 34 78 97 112 169 237 240 260 324 334 337 344 398 431 608 633 636 673 686 741 815 818 1054 1137 1180 1219 1269 1308 1359 1370 1463 1473 1506 1538 1544 1550 1578 1590 1687 1837 1858 1917 1978 1982 
43 2 40 77 83 100 217 256 296 309 358 418 453 473 564 566 624 625 637 699 717 744 896 932 1021 1083 1124 1171 1331 1338 1449 1472 1489 1506 1536 1543 1616 1682 1756 1762 1851 1896 1920 1982 
34 11 75 215 235 237 313 359 367 387 424 475 476 481 486 820 876 933 1010 1081 1098 1172 1237 1296 1304 1376 1401 1497 1502 1562 1588 1728 1868 1897 1933 
42 30 88 156 164 170 213 311 336 358 418 437 509 521 539 732 745 776 972 1015 1119 1143 1201 1241 1270 1379 1399 1419 1425 1431 1452 1455 1490 1512 1691 1692 1744 1802 1812 1819 1828 1829 1849 
26 37 90 98 334 373 388 478 536 577 717 881 897 898 918 1017 1103 1107 1312 1328 1331 1454 1530 1545 1551 1580 1745 
31 104 144 206 244 259 346 379 440 469 539 580 650 900 904 1017 1030 1059 1082 1138 1153 1221 1261 1264 1540 1629 1653 1664 1669 1678 1789 1916 
35 80 271 416 458 499 512 530 683 726 782 785 880 955 1002 1011 1068 1097 1100 1123 1137 1258 1266 1279 1300 1313 1334 1451 1484 1591 1598 1613 1616 1723 1832 1843 
32 204 237 246 248 294 316 378 388 687 756 839 885 954 1070 1154 1277 1280 1289 1341 1362 1376 1430 1445 1450 1557 1645 1650 1670 1847 1957 1973 1983 
45 7 41 95 145 156 173 187 211 212 270 274 292 321 335 343 448 506 557 706 771 884 1065 1101 1188 1196 1245 1251 1267 1316 1365 1420 1458 1492 1530 1535 1661 1732 1745 1767 1809 1839 1914 1949 1979 1989 
34 3 68 149 266 335 340 359 399 465 509 633 709 794 850 897 917 976 1061 1133 1229 1296 1298 1378 1421 1436 1677 1683 1714 1725 1784 1814 1903 1913 1953 
50 14 27 83 133 143 169 171 197 427 443 448 471 478 521 559 599 628 716 743 834 965 1015 1058 1105 1108 1109 1143 1183 1190 1232 1237 1240 1256 1311 1355 1372 1385 1391 1449 1609 1617 1648 1658 1665 1707 1720 1925 1938 1964 1992 
41 79 143 155 238 262 360 368 402 439 492 501 582 617 672 681 796 863 881 1078 1091 1094 1233 1425 1442 1496 1559 1583 1597 1605 1743 1759 1762 1783 1816 1820 1828 1830 1867 1918 1966 1994 
42 62 100 188 201 219 342 347 352 524 545 577 711 789 798 801 882 886 896 917 1036 1053 1104 1142 1280 1335 1406 1417 1440 1464 1536 1609 1700 1729 1751 1791 1849 1888 1894 1915 1928 1943 1972 
45 22 86 129 156 170 174 179 232 250 332 381 417 471 483 494 536 554 601 603 677 713 1063 1119 1206 1276 1280 1300 1313 1315 1340 1387 1469 1508 1558 1559 1644 1659 1664 1685 1710 1781 1929 1938 1951 1960 
38 122 153 189 234 383 475 622 625 631 710 737 772 845 870 885 909 1010 1028 1039 1058 1136 1235 1299 1307 1337 1439 1477 1526 1613 1623 1768 1840 1849 1911 1929 1969 1975 1986 
40 17 53 121 125 140 184 224 291 301 437 545 634 660 661 686 842 856 992 997 1090 1119 1204 1222 1324 1538 1546 1560 1621 1653 1662 1698 1787 1817 1832 1848 1875 1887 1900 1939 1940 
38 58 130 137 176 228 342 405 464 473 511 537 740 750 806 831 849 903 908 914 1022 1033 1057 1075 1194 1209 1280 1282 1317 1364 1377 1469 1523 1555 1720 1746 1821 1866 1984 
48 84 101 102 110 123 124 211 289 309 325 357 525 537 556 571 572 630 657 715 719 739 740 804 846 882 922 939 975 1246 1318 1323 1332 1365 1377 1385 1395 1418 1441 1533 1592 1661 1705 1723 1764 1799 1838 1900 1902 
43 59 66 93 120 123 159 164 219 270 296 307 313 336 430 481 546 547 629 674 733 862 933 939 942 945 972 973 1110 1135 1166 1175 1252 1304 1451 1598 1628 1664 1671 1764 1819 1846 1965 1979 
48 2 8 33 41 50 144 158 195 214 339 360 394 411 479 527 646 712 728 745 780 802 1009 1107 1152 1204 1232 1280 1320 1438 1583 1613 1644 1660 1670 1696 1697 1741 1787 1807 1812 1815 1834 1841 1868 1911 1923 1927 1940 
41 13 233 246 271 312 336 337 353 399 457 487 526 572 671 675 741 747 760 768 887 918 1024 1102 1171 1191 1258 1262 1270 1302 1364 1463 1578 1610 1662 1685 1698 1714 1715 1726 1787 1857 
51 98 144 159 218 222 224 252 389 417 522 548 643 665 698 708 726 811 819 838 850 894 928 979 1089 1112 1165 1175 1223 1257 1311 1480 1486 1556 1597 1626 1641 1660 1662 1676 1697 1723 1739 1766 1788 1805 1922 1954 1959 1972 1982 1985 
43 6 8 77 126 174 194 207 305 456 498 522 561 608 649 659 709 744 916 962 998 1014 1030 1125 1140 1166 1174 1177 1211 1215 1336 1357 1453 1462 1559 1562 1575 1578 1592 1624 1638 1888 1892 1977 
37 219 370 398 443 445 512 573 580 648 690 700 741 745 766 786 1055 1065 1122 1132 1169 1185 1187 1261 1301 1332 1365 1407 1486 1537 1555 1564 1701 1739 1783 1818 1918 1956 
37 38 47 69 120 154 297 305 316 409 433 485 536 541 558 641 657 727 801 887 945 954 977 1098 1106 1162 1195 1275 1376 1393 1418 1550 1644 1660 1706 1737 1806 1915 
48 5 61 293 350 413 437 439 488 585 648 769 810 839 864 880 904 920 935 965 978 1005 1053 1099 1185 1240 1248 1317 1337 1354 1367 1378 1401 1407 1421 1455 1542 1599 1603 1622 1649 1700 1708 1813 1842 1853 1874 1886 1957 
39 62 80 88 220 235 254 289 305 306 447 607 660 726 727 801 851 897 919 974 976 998 1027 1028 1032 1331 1385 1386 1456 1457 1611 1612 1761 1785 1809 1815 1831 1961 1981 1988 
29 73 80 257 345 463 627 646 664 738 767 868 1074 1118 1124 1158 1162 1195 1212 1343 1549 1558 1562 1628 1701 1726 1761 1805 1874 1961 
36 57 64 97 194 273 301 356 401 428 446 453 460 563 589 616 619 740 784 785 821 848 1008 1100 1140 1188 1202 1243 1360 1408 1413 1493 1701 1749 1819 1895 1912 
36 14 22 30 56 58 266 293 345 496 551 563 609 641 659 676 682 766 805 854 920 977 1066 1105 1115 1132 1371 1399 1658 1781 1828 1835 1837 1848 1902 1946 1985 
39 7 13 30 31 50 54 151 241 267 310 477 538 605 635 648 691 705 748 786 820 859 956 988 1097 1157 1285 1297 1309 1330 1354 1423 1522 1586 1683 1750 1856 1887 1893 1989 
31 87 193 205 211 237 270 295 322 433 453 556 699 703 732 733 892 991 1076 1126 1160 1249 1314 1447 1658 1691 1704 1891 1901 1924 1980 1990 
39 38 55 57 77 187 234 344 352 431 434 492 524 661 731 812 881 924 979 992 1053 1082 1085 1102 1117 1235 1358 1447 1516 1552 1611 1684 1698 1703 1713 1778 1808 1897 1957 1971 
39 0 242 268 299 307 360 405 417 454 645 726 728 801 819 848 853 868 986 1014 1088 1105 1107 1164 1200 1297 1406 1443 1448 1470 1473 1484 1523 1536 1665 1666 1739 1871 1975 1983 
32 67 202 255 358 406 408 492 497 560 599 642 763 779 820 901 946 992 1013 1112 1120 1255 1357 1376 1501 1609 1644 1742 1757 1804 1811 1892 1912 
50 127 159 179 216 279 345 520 634 659 671 845 857 875 918 940 943 995 1001 1012 1031 1033 1057 1089 1101 1188 1215 1328 1337 1368 1394 1435 1496 1505 1532 1579 1618 1630 1633 1637 1656 1659 1684 1686 1706 1724 1736 1772 1778 1849 1877 
40 21 84 180 182 262 339 398 431 459 516 553 629 717 718 729 737 773 818 864 923 927 958 999 1092 1236 1266 1314 1327 1400 1430 1481 1610 1658 1676 1682 1695 1734 1779 1813 1951 
35 160 188 192 363 378 382 403 440 515 577 644 648 662 782 783 847 862 1026 1118 1213 1218 1322 1468 1476 1491 1511 1538 1578 1580 1699 1773 1799 1840 1863 1872 
