200 2000
145 300
51 337
322 700
89 260
79 484
3 31
4 63
294 295
48 85
472 505
63 70
135 649
376 382
60 115
905 917
94 373
2 25
77 421
480 564
366 664
207 851
282 508
116 296
250 267
66 119
809 908
0 67
231 732
315 733
344 754
166 308
167 362
258 282
818 869
167 458
214 308
23 67
687 709
26 269
313 716
232 420
559 932
184 225
458 685
314 784
18 153
534 641
79 122
388 524
363 425
266 606
58 470
7 24
561 863
37 44
356 427
304 460
692 971
137 174
180 263
168 829
287 292
605 679
450 574
126 262
813 818
114 217
432 487
26 276
211 905
228 982
150 262
91 492
99 847
365 882
336 364
53 162
283 804
612 706
35 82
64 699
69 133
93 108
627 744
36 382
157 964
330 371
258 308
377 854
208 382
41 671
159 524
417 681
288 472
168 624
652 686
41 435
423 610
531 877
43 263
219 675
761 808
312 348
87 467
203 468
127 626
411 498
69 83
49 82
589 993
418 497
18 298
88 143
87 204
108 122
262 334
70 418
222 238
14 156
404 660
37 557
102 737
3 489
268 278
0 5
262 835
44 54
35 428
16 55
501 845
499 592
92 125
770 806
195 231
47 966
117 229
436 627
94 255
662 795
18 138
450 746
21 460
57 643
363 707
204 376
69 715
63 358
299 603
525 778
362 439
5 118
30 668
655 672
177 653
39 153
86 403
65 295
244 318
42 831
864 961
72 407
203 301
466 983
48 98
78 168
445 632
492 500
32 91
107 337
42 51
111 148
1 1
533 718
100 115
28 33
110 395
297 429
124 413
282 292
77 483
175 630
1 120
139 409
61 198
100 982
162 892
619 878
433 782
428 529
170 184
50 486
89 849
857 970
655 933
9 103
106 656
517 977
310 393
338 345
111 333
710 781
645 994
427 500
24 477
166 955
349 536
612 800
190 310
243 833
612 710
128 147
311 601
11 146
296 343
292 966
523 910
165 768
140 328
250 768
174 219
1 740
155 286
238 344
41 154
115 312
71 130
301 703
35 660
195 257
24 836
277 288
41 51
49 232
101 436
84 99
270 646
301 352
114 216
273 846
405 523
59 111
0 827
162 366
123 926
552 598
36 145
66 258
228 410
517 621
305 654
160 227
422 640
88 269
157 163
65 320
10 939
319 531
18 43
174 294
111 321
573 993
287 798
33 138
179 209
60 273
345 545
298 448
36 999
13 100
167 878
130 171
302 881
299 386
61 998
64 210
10 24
215 691
588 955
27 124
465 891
23 81
122 193
24 37
5 12
867 892
66 164
20 252
241 970
205 662
681 743
328 387
71 935
160 342
122 327
583 979
43 565
647 660
53 109
144 607
221 307
135 136
546 774
34 687
48 72
399 594
208 804
62 94
195 572
606 726
348 355
54 298
387 826
61 554
91 144
144 167
26 66
713 999
41 167
230 319
96 640
479 928
519 775
670 844
191 856
31 124
586 821
92 442
597 905
196 214
1 626
121 887
150 505
125 131
225 544
20 24
159 664
537 655
46 170
82 136
173 829
417 935
17 698
397 700
21 308
56 112
79 361
58 92
246 336
403 944
65 217
100 685
42 325
119 174
168 190
643 761
325 402
98 731
364 448
917 962
25 264
192 628
742 760
154 894
72 241
281 420
31 638
443 528
331 535
23 31
175 186
148 329
185 381
340 966
110 558
256 359
243 615
408 746
11 23
891 904
234 652
28 50
468 605
242 727
267 392
124 581
158 266
60 889
38 226
11 82
104 428
72 230
34 343
2 46
83 210
168 338
137 569
171 501
239 390
21 187
533 882
146 329
587 845
95 481
172 783
209 404
19 527
664 946
341 524
403 797
505 780
737 950
426 489
443 643
61 329
33 51
154 738
1 185
410 549
748 783
38 587
275 351
123 317
759 861
607 869
475 580
415 630
151 671
161 686
126 191
31 967
167 885
279 984
81 331
76 372
358 704
218 920
311 842
38 798
123 160
438 784
103 524
134 442
157 450
175 798
453 627
0 0
45 306
663 803
755 914
27 51
419 549
234 394
561 714
166 914
125 414
175 548
208 879
52 70
355 427
106 160
68 139
76 148
6 878
99 461
11 181
11 599
125 188
2 26
551 885
365 630
591 964
371 467
570 725
363 689
401 887
86 778
38 665
146 768
0 32
74 115
367 449
55 82
18 57
180 205
40 80
623 881
709 793
171 516
150 267
302 305
31 530
67 454
1 2
58 382
457 836
25 43
246 313
369 945
91 188
73 897
82 221
211 516
846 917
196 288
173 227
312 321
117 142
293 680
409 638
8 214
187 297
135 166
90 207
795 855
58 83
2 345
604 931
171 855
318 758
655 698
267 971
111 751
227 901
413 1000
235 272
308 973
23 176
56 967
415 797
138 254
207 646
28 112
185 458
216 622
12 547
156 644
352 407
384 786
524 877
350 578
279 374
31 363
4 210
64 259
476 951
87 229
250 858
12 31
155 338
402 761
88 599
326 611
470 550
3 5
263 409
59 268
624 684
290 373
116 176
583 888
245 533
854 978
369 370
432 714
3 24
104 233
348 865
363 832
503 902
136 926
20 685
17 413
388 622
379 515
367 872
20 323
68 213
364 608
357 893
253 288
20 677
336 623
29 32
212 907
11 36
56 83
210 773
40 106
677 823
98 216
581 881
181 468
363 907
124 182
68 159
771 825
706 871
7 71
10 273
220 711
383 428
95 114
281 738
68 265
95 183
201 289
125 136
414 659
222 709
626 775
49 939
77 297
159 527
625 819
73 99
505 977
745 868
154 285
82 407
31 137
411 593
84 723
5 244
581 712
205 468
70 450
34 671
58 59
123 202
504 958
391 449
162 181
230 804
495 756
210 336
77 756
42 42
560 731
259 563
551 672
146 279
0 3
318 628
27 94
813 864
91 624
9 359
87 306
23 62
127 377
286 917
314 474
171 701
109 125
26 143
914 916
359 375
278 414
11 238
231 897
99 541
101 863
516 926
448 731
10 92
97 588
695 845
661 762
8 91
191 199
56 155
427 451
53 53
295 953
11 184
270 410
4 8
540 582
230 640
221 946
1 18
74 116
201 407
175 644
188 893
274 513
379 395
12 25
40 70
334 527
588 800
87 324
72 142
150 248
78 395
150 434
17 51
75 116
251 905
142 418
424 827
568 989
162 221
156 336
252 433
420 835
326 511
68 223
64 125
118 172
214 555
348 976
41 403
125 325
180 936
352 442
462 893
252 258
297 803
61 314
33 621
57 344
383 507
151 844
138 310
23 64
16 55
42 77
638 803
210 961
112 464
329 539
27 349
115 870
621 950
227 267
86 279
35 684
53 281
138 521
319 737
28 249
71 107
289 844
82 663
343 637
721 920
601 993
62 686
113 166
382 485
120 441
138 346
39 77
672 897
457 800
404 629
192 232
243 590
119 177
212 302
469 976
141 428
505 769
153 287
157 199
247 444
67 133
369 710
678 948
16 895
96 197
6 20
631 914
300 550
42 723
214 261
262 490
91 123
237 612
546 611
65 916
240 282
118 158
112 131
343 360
578 713
154 391
383 967
234 392
188 691
38 796
139 407
270 884
186 612
734 908
523 706
135 284
48 99
24 158
433 599
111 495
154 194
285 302
45 830
18 283
95 189
374 759
538 850
570 613
104 241
570 759
187 670
333 696
86 396
387 853
434 723
490 928
611 793
634 922
606 727
266 704
36 119
4 40
474 588
811 883
759 818
929 954
801 823
490 651
23 82
381 685
11 14
439 594
485 807
532 711
96 111
20 23
482 594
97 443
145 199
181 474
544 571
506 719
39 571
144 490
69 136
28 33
246 486
6 12
20 201
69 293
7 779
36 155
222 453
167 790
237 450
396 826
258 380
400 786
576 760
226 579
315 328
481 768
75 486
20 74
27 929
208 239
4 22
602 669
754 855
822 916
242 261
1 795
34 66
25 650
224 871
408 776
22 75
123 193
142 190
239 517
2 4
429 772
168 876
153 834
296 586
551 986
35 55
71 216
49 68
315 700
257 374
207 750
140 551
112 430
314 330
132 832
248 867
270 316
235 467
240 440
102 685
63 543
378 585
297 590
329 385
275 432
342 690
357 394
2 11
99 137
718 723
1 35
88 283
340 518
294 495
36 137
233 247
8 372
50 497
167 401
339 913
552 621
155 285
713 810
567 891
130 737
209 219
608 739
50 294
102 466
97 227
307 684
16 179
3 24
19 992
618 838
67 240
527 566
375 836
37 226
170 470
408 862
21 615
232 885
69 315
319 456
141 193
208 383
475 538
252 289
203 265
164 685
6 55
185 471
150 382
203 257
419 543
166 484
15 26
67 585
112 450
413 447
168 281
148 277
330 855
218 507
54 292
381 909
204 210
400 705
541 718
20 28
111 342
31 509
57 336
214 667
255 585
5 83
69 388
737 933
105 233
355 611
611 711
508 629
60 333
123 560
172 458
455 492
177 729
433 787
14 27
158 327
741 806
777 785
148 399
471 723
187 366
114 305
112 219
62 513
31 822
70 795
26 43
463 748
19 497
787 976
2 2
103 302
24 300
207 875
20 79
113 487
417 815
38 108
189 202
20 156
744 831
335 564
445 718
183 210
645 873
551 759
125 488
799 859
170 178
538 799
243 779
181 824
181 447
329 590
122 841
189 328
7 363
516 730
280 374
250 456
84 511
113 672
14 215
59 81
332 743
599 912
656 864
609 774
228 333
26 919
430 488
435 547
419 437
158 183
136 344
376 818
117 376
12 114
48 346
250 426
536 658
177 233
765 862
249 565
427 470
532 982
50 178
50 265
75 149
112 225
386 976
525 594
748 774
17 123
144 160
567 683
79 93
11 546
116 191
227 915
59 123
109 398
273 686
0 18
486 526
514 770
612 753
97 340
78 239
29 81
307 799
678 995
127 483
196 309
13 19
279 411
163 278
674 955
7 196
851 948
227 570
123 181
333 481
141 174
102 106
191 410
58 68
15 61
415 483
117 727
359 683
170 223
413 774
229 582
30 66
100 353
465 674
467 807
9 43
154 280
203 225
455 629
70 237
56 639
452 521
213 249
51 126
288 351
167 531
30 61
339 511
185 345
741 994
431 718
236 256
97 301
575 851
11 230
5 39
200 265
60 926
356 672
412 522
500 632
92 681
125 125
882 928
495 980
83 90
430 515
100 347
181 190
169 923
120 235
23 497
150 536
312 779
104 485
129 204
137 531
199 520
64 137
49 116
208 815
119 407
312 366
16 16
593 754
539 593
222 825
491 720
152 822
5 301
163 984
10 295
171 404
147 181
70 94
393 701
317 822
588 771
76 410
19 25
158 857
203 399
36 39
89 177
2 8
481 730
494 698
254 334
313 377
151 790
89 114
418 717
241 621
93 330
28 272
108 215
100 840
642 806
51 104
328 602
47 257
590 606
236 655
95 283
16 25
154 615
278 290
130 234
328 606
478 816
157 375
70 308
108 847
171 915
33 224
320 711
32 114
177 595
102 600
283 901
419 594
106 238
388 855
65 541
2 7
252 632
661 834
96 866
253 804
538 691
951 992
25 150
45 180
15 20
687 937
274 684
158 209
154 335
638 896
15 422
356 457
498 779
49 54
737 896
91 292
12 107
168 255
22 266
400 864
81 406
70 264
627 754
107 125
107 445
800 966
392 955
43 688
139 223
697 773
169 886
159 664
75 209
15 757
13 15
335 340
36 128
181 284
6 16
644 649
499 705
319 819
16 165
26 301
368 748
367 742
584 618
426 776
569 932
753 864
160 538
296 425
32 147
548 718
0 1
41 220
601 672
129 556
47 144
312 773
92 977
289 994
854 939
149 519
100 260
253 262
219 712
422 680
922 928
152 235
640 682
364 440
150 173
64 489
172 820
762 988
698 739
74 123
59 744
89 153
372 616
81 378
254 726
556 651
53 364
614 764
47 70
232 766
25 362
796 891
491 812
247 334
214 464
239 310
528 958
569 598
389 579
468 885
624 665
269 364
157 382
268 681
119 200
605 840
416 713
450 484
471 960
205 946
385 829
439 946
295 664
825 887
28 615
153 365
12 95
1 30
689 726
836 874
596 702
449 973
331 682
828 911
200 634
85 142
408 619
170 449
797 844
185 523
269 429
22 162
372 927
91 126
408 500
298 307
209 221
461 539
470 686
100 884
28 113
456 995
93 259
12 475
100 723
605 886
405 579
85 565
66 197
295 857
434 538
9 782
71 408
311 561
277 563
282 360
434 439
34 443
261 519
88 504
110 218
93 569
33 99
841 922
254 738
236 367
63 906
574 964
107 510
18 23
75 934
398 919
244 387
179 416
27 93
50 86
117 694
693 975
769 782
115 538
10 169
383 682
132 228
107 888
223 693
98 542
225 555
131 181
366 428
0 173
693 819
304 371
332 339
195 216
436 616
795 821
9 36
24 115
336 786
1 35
174 255
83 209
99 396
308 311
228 475
173 968
307 408
92 208
442 600
220 339
450 594
584 964
376 503
635 701
213 266
581 583
649 980
307 313
506 923
47 335
34 42
63 532
332 548
140 764
219 353
58 131
4 11
250 450
744 802
349 527
129 225
492 790
385 427
402 627
278 444
81 437
290 569
319 566
334 666
259 471
102 301
777 883
70 355
399 432
11 959
327 361
152 768
174 301
220 304
40 558
633 751
371 846
140 636
84 253
28 317
97 303
292 535
6 12
20 20
502 874
324 393
4 114
58 61
179 187
21 157
455 508
811 874
313 329
264 609
71 256
5 495
54 449
119 216
31 214
12 17
285 920
185 188
51 95
91 341
105 276
568 581
416 889
179 198
329 868
111 229
79 555
269 321
824 971
592 980
286 839
37 165
298 476
124 894
20 65
502 508
374 844
147 153
174 974
108 252
144 214
521 531
128 246
611 622
187 188
664 888
149 832
384 568
74 100
76 247
105 955
202 205
413 570
413 653
719 896
24 63
275 319
74 572
188 254
69 186
582 618
420 715
227 309
391 813
214 519
911 955
23 23
20 32
16 51
261 447
359 522
73 510
348 934
169 274
740 757
307 534
45 131
25 56
46 137
93 317
30 54
221 507
202 380
193 713
36 157
545 552
79 444
668 716
270 795
151 204
26 123
193 595
48 552
383 749
497 644
159 467
152 195
649 681
428 867
414 759
176 830
82 594
48 66
271 335
6 98
137 671
446 981
89 605
231 983
134 183
38 143
25 39
212 999
915 938
309 324
492 832
40 285
3 30
238 550
194 915
789 830
85 108
791 798
510 867
109 287
166 469
5 147
396 596
217 910
678 806
25 220
399 446
124 171
210 343
893 901
4 36
464 487
220 307
305 723
116 467
172 431
585 682
138 242
12 176
21 32
130 626
177 233
60 401
203 291
67 348
52 59
777 961
10 168
46 363
59 691
536 791
553 934
107 220
115 553
171 177
55 355
419 570
29 105
84 264
226 671
722 747
157 332
498 512
629 885
135 742
341 785
21 438
186 774
11 593
46 131
80 116
196 200
164 290
293 611
539 587
101 105
282 897
195 376
75 381
192 207
46 599
39 51
125 218
109 974
307 391
326 734
315 827
236 383
294 394
221 468
43 473
392 872
885 952
306 907
195 350
331 515
119 448
361 638
529 981
107 131
18 566
72 144
125 502
509 924
614 648
548 583
412 543
147 235
242 301
11 63
202 335
134 567
692 772
126 504
192 415
205 529
7 218
895 996
17 140
438 686
145 383
551 688
179 909
82 195
153 223
372 888
358 505
155 789
228 977
33 79
195 196
489 613
602 751
102 315
36 92
38 961
52 502
9 23
1 37
93 783
492 733
788 798
55 222
7 787
191 449
664 714
723 889
9 51
619 951
41 88
254 881
396 602
54 94
356 583
281 833
31 32
274 733
267 302
419 433
508 853
457 550
484 999
175 260
440 638
199 245
254 462
79 358
244 505
435 566
161 374
570 944
24 63
57 78
517 563
472 483
77 119
125 212
46 126
607 927
123 253
407 920
26 180
43 819
482 799
280 668
33 40
692 714
50 220
270 780
881 923
274 539
7 11
98 367
10 19
280 445
7 103
83 125
501 586
744 896
478 996
70 673
3 255
195 811
82 146
31 129
259 565
14 230
202 258
1 459
52 131
469 528
106 146
58 509
615 854
16 30
28 214
203 415
270 447
20 49
357 410
380 733
433 724
77 114
21 99
120 791
60 63
0 0
100 119
53 690
394 413
207 478
445 445
2 23
347 618
314 806
4 292
344 504
161 523
222 864
43 84
136 299
102 162
277 326
206 363
130 141
226 640
56 171
257 594
147 225
454 821
4 444
205 338
65 89
334 391
96 123
567 637
53 532
17 47
242 403
7 250
175 176
54 147
26 95
183 374
18 465
85 153
64 118
304 680
405 748
45 226
153 946
446 948
105 390
224 337
220 227
176 217
86 312
199 520
45 66
109 965
817 877
114 737
240 637
230 272
696 788
213 916
455 809
251 880
230 332
76 388
597 803
726 728
20 112
33 664
43 540
25 196
59 142
240 298
808 822
462 498
67 201
412 793
123 599
58 95
207 572
209 495
116 512
1 30
29 763
1 46
43 613
106 543
38 936
90 139
67 341
178 209
354 627
136 232
91 537
42 764
177 236
46 944
238 330
337 776
168 610
60 85
102 942
1 236
232 519
220 421
19 783
224 1000
146 163
123 170
85 96
353 409
178 558
388 623
49 50
146 204
225 267
22 24
726 919
62 130
22 196
43 78
382 681
150 503
276 312
102 174
12 58
102 181
600 844
133 314
498 579
120 582
114 137
37 717
118 954
856 934
259 511
39 258
68 246
4 41
789 853
375 468
17 21
571 972
56 542
375 546
690 781
249 280
110 216
32 81
99 261
7 582
24 39
360 503
183 316
116 152
524 940
264 274
394 813
22 66
283 962
401 946
122 509
229 590
545 909
258 603
127 582
385 715
639 835
529 633
122 294
48 101
253 838
453 521
171 311
381 609
334 854
754 855
15 311
60 667
698 807
12 32
879 1000
239 521
43 16 36 54 186 206 228 306 319 355 356 390 402 557 558 589 703 818 924 964 1002 1097 1098 1116 1128 1140 1202 1237 1284 1355 1429 1430 1437 1623 1627 1648 1658 1673 1695 1780 1892 1897 1928 1955 
47 0 25 56 80 117 325 345 358 407 409 463 559 659 672 764 767 871 884 939 946 957 971 1028 1078 1126 1204 1225 1245 1285 1302 1303 1327 1328 1344 1354 1375 1389 1412 1519 1578 1605 1621 1624 1688 1695 1986 1990 
36 90 99 128 189 213 231 250 290 305 320 336 344 398 529 536 573 749 873 889 1058 1123 1136 1192 1402 1437 1559 1591 1615 1619 1643 1669 1685 1831 1844 1914 1933 
41 39 65 104 110 128 153 229 381 400 465 506 561 574 616 825 850 924 1057 1185 1204 1347 1377 1378 1388 1422 1497 1500 1544 1565 1576 1598 1602 1610 1642 1692 1821 1829 1856 1922 1931 1983 
33 25 76 112 132 133 211 245 341 377 406 419 464 483 532 548 623 652 655 782 937 1156 1212 1291 1347 1564 1620 1630 1717 1750 1776 1854 1862 1974 
40 2 15 33 124 146 234 297 342 422 503 524 534 618 788 856 954 1001 1006 1007 1061 1074 1089 1101 1305 1317 1343 1382 1426 1450 1476 1493 1500 1529 1622 1690 1743 1749 1841 1870 1914 
50 27 55 84 155 195 277 349 431 471 509 573 614 637 665 690 697 699 804 824 855 986 1010 1034 1069 1071 1117 1118 1155 1180 1190 1220 1291 1312 1315 1317 1318 1339 1357 1454 1457 1524 1636 1688 1825 1847 1849 1852 1866 1906 1941 
31 6 21 93 96 196 475 493 500 510 648 661 685 688 773 775 829 881 893 922 932 1040 1125 1202 1254 1261 1411 1421 1439 1696 1786 1926 
38 106 116 178 304 341 348 389 511 513 536 576 582 606 646 671 723 733 739 756 846 1019 1020 1071 1080 1094 1125 1144 1223 1326 1369 1444 1469 1596 1605 1607 1798 1913 1980 
38 84 128 229 265 342 405 408 423 493 564 576 586 734 754 813 848 886 931 943 974 978 997 1096 1121 1128 1181 1270 1554 1578 1590 1603 1671 1697 1750 1791 1819 1877 1994 
42 68 101 128 162 184 233 265 275 362 416 449 640 646 716 741 742 773 782 813 867 1019 1020 1180 1190 1253 1282 1323 1391 1420 1450 1471 1487 1624 1666 1697 1845 1850 1905 1923 1927 1934 1940 
50 24 81 143 186 200 214 247 268 311 344 369 440 445 482 504 553 592 612 834 842 880 928 952 973 1011 1027 1083 1249 1308 1317 1391 1401 1409 1416 1468 1505 1620 1621 1640 1650 1696 1705 1733 1742 1745 1796 1826 1827 1941 1953 
44 16 27 92 295 312 350 366 368 375 392 442 449 477 484 600 646 764 781 782 794 812 932 987 1183 1207 1232 1251 1257 1271 1272 1301 1350 1355 1434 1565 1589 1691 1781 1791 1795 1827 1851 1894 1960 
42 2 42 63 271 306 322 331 345 350 376 559 637 662 751 839 885 932 979 1095 1120 1141 1211 1259 1285 1304 1323 1360 1381 1397 1400 1521 1675 1685 1697 1714 1742 1769 1800 1838 1891 1925 1959 
38 28 35 104 129 157 158 182 191 207 279 355 375 380 445 463 533 543 572 704 721 739 775 1005 1066 1072 1169 1206 1276 1349 1365 1487 1542 1594 1621 1661 1773 1919 1986 
30 14 41 118 126 188 223 267 324 333 336 430 432 446 487 693 752 1230 1292 1304 1325 1396 1530 1573 1588 1616 1679 1753 1836 1868 1957 
50 0 52 61 190 196 394 411 417 418 449 485 501 568 689 714 757 771 816 818 883 884 954 955 983 997 1080 1148 1204 1263 1267 1303 1323 1337 1397 1398 1401 1439 1459 1476 1488 1575 1624 1699 1709 1720 1839 1914 1929 1945 1953 
39 10 24 94 110 324 330 413 432 454 455 522 571 595 609 715 716 823 858 1042 1072 1296 1419 1554 1567 1568 1662 1663 1685 1724 1735 1817 1861 1888 1924 1934 1946 1960 1968 1980 
32 29 115 120 129 282 310 482 483 495 510 753 866 890 1003 1265 1308 1387 1450 1494 1521 1553 1554 1672 1687 1714 1735 1762 1794 1913 1932 1936 1948 
34 1 63 122 152 184 322 323 342 361 486 497 525 534 621 698 969 981 1045 1142 1194 1201 1274 1300 1321 1440 1444 1548 1647 1767 1811 1837 1891 1902 1961 
36 121 137 222 259 291 390 392 459 472 515 621 651 810 825 946 958 978 995 1010 1162 1183 1187 1195 1242 1274 1359 1404 1452 1471 1571 1606 1630 1841 1853 1917 1923 
39 44 132 152 166 170 183 360 428 429 448 532 748 774 850 912 982 992 996 1114 1245 1246 1251 1272 1289 1348 1359 1392 1406 1502 1605 1675 1686 1716 1733 1767 1850 1905 1923 1972 
44 103 111 129 132 139 293 343 354 356 447 637 705 733 748 774 798 866 934 1112 1123 1146 1226 1299 1396 1402 1430 1432 1451 1456 1461 1512 1523 1660 1742 1743 1778 1784 1811 1865 1869 1870 1907 1922 1956 
38 46 85 221 231 333 374 378 478 574 675 717 735 805 913 915 922 929 961 988 992 1035 1175 1189 1246 1336 1357 1397 1407 1410 1450 1537 1619 1661 1664 1703 1752 1864 1966 
46 130 152 205 222 257 296 307 367 377 479 518 598 729 767 777 866 911 917 1008 1123 1124 1161 1219 1285 1338 1348 1360 1389 1390 1411 1455 1459 1480 1488 1502 1556 1663 1707 1752 1764 1808 1858 1862 1864 1989 1999 
39 156 320 343 353 356 399 402 423 448 477 507 538 681 686 726 826 874 888 915 934 937 939 944 1021 1119 1151 1210 1279 1313 1347 1404 1462 1504 1704 1753 1774 1780 1794 1937 
45 38 39 77 91 107 109 134 258 301 382 393 403 406 465 593 642 653 696 701 712 757 803 889 890 895 926 1025 1157 1203 1244 1285 1425 1453 1457 1493 1538 1561 1627 1741 1755 1804 1822 1917 1926 1943 
38 75 84 105 136 153 267 334 370 390 477 486 719 727 827 910 935 941 1067 1124 1146 1158 1216 1217 1301 1317 1356 1440 1480 1560 1621 1669 1689 1718 1719 1749 1779 1829 1989 
25 33 36 119 281 540 575 827 828 1009 1135 1204 1234 1274 1321 1364 1399 1599 1603 1607 1618 1621 1677 1748 1777 1885 
38 76 115 170 229 269 333 403 422 445 462 542 571 576 617 792 857 916 926 938 992 1024 1076 1115 1184 1211 1251 1294 1322 1396 1473 1527 1555 1558 1577 1643 1866 1918 1931 
36 21 40 117 118 133 173 183 231 281 303 365 541 617 652 667 672 837 872 884 887 940 970 990 1029 1075 1084 1205 1365 1523 1557 1573 1611 1663 1719 1744 1769 
35 141 273 394 402 413 433 470 493 512 528 559 640 644 714 744 796 815 863 912 918 998 1032 1081 1108 1116 1183 1281 1403 1453 1541 1712 1735 1847 1924 1937 
35 106 134 160 212 245 267 459 462 556 682 773 776 794 991 1054 1118 1129 1139 1200 1208 1224 1335 1342 1550 1557 1625 1687 1694 1704 1749 1797 1867 1915 1942 1959 
35 2 163 291 314 332 377 471 571 591 691 936 973 1114 1158 1193 1199 1230 1289 1318 1376 1448 1452 1457 1466 1515 1520 1569 1664 1683 1779 1787 1798 1973 1975 1986 
41 34 62 95 109 178 249 270 290 294 367 411 462 477 495 543 557 578 589 628 665 691 747 820 865 895 1011 1041 1114 1156 1168 1261 1277 1357 1374 1474 1516 1551 1596 1662 1712 1954 
34 35 133 253 347 381 426 497 668 762 780 795 811 841 879 913 1095 1102 1132 1162 1240 1466 1475 1512 1626 1628 1631 1706 1716 1733 1772 1774 1801 1807 1853 
42 24 26 178 180 249 288 426 546 577 584 641 648 672 708 750 761 799 830 839 840 910 924 997 1351 1373 1518 1524 1529 1588 1614 1676 1691 1711 1716 1719 1728 1747 1821 1834 1874 1901 1939 
46 58 74 86 96 167 170 187 195 275 324 349 456 498 528 615 690 698 699 720 773 811 888 997 1000 1093 1144 1225 1263 1286 1301 1305 1359 1363 1383 1419 1441 1473 1556 1567 1609 1625 1647 1732 1824 1907 1977 
32 66 75 209 377 397 401 481 520 538 668 713 714 870 912 933 983 1024 1032 1047 1076 1201 1250 1313 1402 1415 1564 1609 1649 1727 1756 1781 1886 
39 18 27 154 155 177 260 499 533 534 562 569 623 646 679 702 736 912 975 977 1003 1059 1109 1245 1263 1271 1312 1361 1363 1411 1528 1628 1631 1717 1819 1828 1863 1887 1905 1955 
44 3 86 109 162 180 196 336 365 435 456 461 468 523 548 653 700 788 798 835 849 859 975 1042 1068 1075 1078 1405 1415 1428 1464 1515 1529 1606 1623 1624 1720 1723 1771 1772 1860 1895 1945 1953 1998 
44 6 39 143 177 225 295 307 403 406 533 534 541 546 607 677 804 844 887 1001 1019 1083 1114 1115 1149 1186 1307 1340 1379 1381 1468 1470 1475 1543 1556 1627 1667 1722 1728 1839 1882 1950 1965 1977 1978 
50 60 79 140 160 236 287 341 357 389 419 423 463 489 580 585 648 688 728 734 755 771 818 823 846 923 1030 1079 1098 1292 1295 1374 1381 1438 1478 1498 1517 1568 1685 1707 1743 1748 1782 1845 1855 1890 1914 1920 1936 1963 1969 
41 76 110 211 222 390 404 480 532 591 599 607 648 675 702 753 777 794 901 936 956 1071 1075 1107 1117 1126 1205 1222 1275 1408 1427 1437 1513 1533 1569 1593 1657 1756 1812 1866 1895 1957 
42 1 30 62 212 230 371 470 508 546 572 606 624 715 716 776 795 923 999 1032 1051 1068 1098 1229 1252 1286 1358 1410 1417 1525 1537 1560 1565 1604 1611 1665 1667 1726 1784 1828 1838 1937 1958 
30 26 102 114 153 163 274 287 371 533 720 745 794 820 825 994 1139 1142 1180 1197 1264 1295 1305 1321 1413 1575 1604 1875 1899 1913 1953 
43 53 104 202 224 229 292 303 306 345 378 388 528 557 570 623 631 690 763 797 963 985 992 1042 1066 1154 1168 1189 1196 1202 1228 1234 1301 1320 1460 1591 1616 1678 1706 1751 1773 1792 1812 1932 
35 58 72 77 123 256 349 357 460 563 584 614 628 706 736 738 781 783 818 820 888 1023 1185 1250 1258 1361 1552 1680 1686 1712 1760 1771 1818 1893 1897 1938 
49 1 103 107 252 417 463 506 556 657 672 689 743 799 803 822 830 863 879 892 894 905 912 990 1007 1061 1117 1125 1152 1200 1215 1216 1230 1272 1286 1316 1329 1336 1361 1408 1453 1711 1726 1777 1797 1805 1851 1886 1917 1930 
29 117 374 417 453 500 535 603 638 654 660 773 809 845 953 1028 1047 1066 1074 1145 1416 1434 1445 1565 1599 1651 1664 1698 1700 1919 
49 80 137 251 293 329 343 344 409 518 538 666 669 699 731 759 810 834 839 854 858 890 986 999 1057 1063 1090 1122 1125 1295 1325 1342 1377 1440 1446 1474 1508 1533 1554 1570 1654 1699 1722 1749 1750 1763 1819 1885 1933 1939 
38 138 154 226 501 535 667 817 950 1030 1049 1055 1061 1140 1188 1249 1283 1289 1290 1324 1368 1420 1442 1453 1461 1519 1524 1544 1575 1600 1638 1646 1652 1689 1709 1759 1796 1838 1954 
41 79 132 134 136 153 172 206 224 317 352 358 379 395 444 447 452 499 545 580 647 740 752 801 840 958 1079 1127 1209 1310 1336 1526 1598 1626 1668 1686 1738 1783 1805 1809 1902 1942 
52 7 28 100 103 127 225 239 274 302 326 360 367 370 378 429 453 466 481 511 529 590 610 620 627 722 735 845 896 899 915 1002 1026 1070 1092 1171 1185 1256 1273 1418 1421 1490 1496 1499 1538 1580 1657 1767 1791 1863 1874 1945 1951 
48 3 64 165 255 322 373 518 625 656 840 888 916 933 954 962 964 1117 1131 1148 1167 1197 1202 1228 1232 1368 1386 1431 1467 1481 1487 1494 1505 1507 1509 1540 1549 1666 1668 1705 1721 1736 1744 1753 1830 1882 1952 1985 1991 
39 54 57 70 75 95 149 199 216 261 311 343 364 540 595 654 889 971 1016 1027 1065 1078 1144 1212 1279 1340 1355 1357 1451 1485 1534 1588 1596 1822 1849 1896 1947 1957 1958 1998 
43 129 265 340 364 383 394 489 632 665 730 751 771 774 785 925 967 1055 1070 1130 1180 1243 1255 1282 1301 1343 1375 1455 1486 1499 1574 1592 1593 1606 1656 1672 1722 1750 1767 1801 1842 1849 1949 1959 
25 29 31 59 82 269 410 430 478 544 550 626 647 655 723 843 886 1369 1465 1641 1736 1766 1806 1938 1947 1992 
44 25 175 221 311 427 431 452 606 610 623 644 656 661 692 708 807 820 829 837 865 920 949 961 972 1035 1057 1104 1113 1156 1286 1311 1374 1512 1513 1652 1680 1693 1703 1710 1770 1828 1896 1940 1957 
40 165 188 246 273 493 593 597 616 679 695 700 710 721 739 772 789 801 831 915 949 972 993 1011 1025 1067 1093 1100 1174 1230 1248 1262 1278 1288 1380 1399 1526 1653 1803 1972 1983 
45 1 129 131 187 191 208 262 287 342 385 415 428 430 438 521 542 582 595 740 879 912 955 1033 1060 1191 1198 1218 1226 1264 1340 1348 1482 1492 1523 1565 1630 1635 1686 1710 1713 1820 1848 1876 1937 1942 
37 107 154 157 294 307 345 348 406 463 477 495 515 521 526 558 623 678 733 737 761 795 919 931 964 1010 1066 1162 1169 1399 1512 1564 1685 1732 1746 1791 1830 1965 
31 3 74 78 112 181 469 589 622 695 733 760 773 901 948 995 1054 1064 1099 1123 1286 1416 1465 1511 1603 1608 1677 1689 1734 1821 1887 1990 
45 3 5 32 52 92 131 134 183 187 192 497 499 559 597 638 681 750 755 860 864 908 918 944 1045 1103 1126 1139 1149 1204 1227 1235 1265 1404 1438 1477 1553 1579 1584 1594 1610 1626 1640 1771 1773 1837 
38 51 64 77 92 234 380 383 412 441 579 595 621 622 715 740 758 770 783 806 876 910 946 1023 1064 1124 1165 1241 1467 1601 1693 1702 1737 1751 1808 1900 1927 1934 1957 
30 26 65 197 409 472 478 521 539 556 683 689 696 771 965 991 1000 1013 1055 1094 1119 1143 1198 1247 1271 1379 1589 1715 1821 1911 1967 
32 12 103 147 185 206 279 341 431 433 452 551 708 737 765 775 776 779 808 850 940 942 957 960 971 1016 1044 1275 1377 1437 1438 1486 1718 
32 38 78 80 131 227 271 379 403 491 532 650 870 937 940 942 954 1140 1398 1454 1470 1479 1513 1670 1723 1750 1760 1802 1856 1889 1921 1934 1973 
32 1 97 152 166 218 344 438 532 540 688 718 849 898 993 1056 1104 1157 1245 1375 1435 1488 1514 1519 1566 1637 1649 1739 1829 1845 1891 1936 1958 
32 62 139 151 209 265 280 342 431 562 583 596 602 664 698 866 1236 1239 1253 1314 1330 1345 1465 1478 1530 1549 1626 1644 1666 1695 1755 1836 1881 
38 7 45 46 250 269 373 421 451 510 576 624 631 658 669 718 814 817 819 903 911 936 943 955 971 1035 1165 1206 1213 1303 1385 1451 1484 1628 1672 1707 1768 1885 1910 
39 123 130 194 230 246 301 323 366 407 467 516 526 551 572 586 624 680 871 886 903 1079 1140 1148 1159 1182 1241 1264 1289 1415 1454 1521 1571 1641 1687 1690 1733 1749 1889 1975 
48 7 43 121 211 229 292 316 323 334 418 422 433 494 609 666 693 702 737 773 916 955 1073 1094 1143 1154 1159 1160 1161 1163 1218 1247 1252 1297 1345 1380 1506 1514 1661 1667 1671 1798 1837 1841 1859 1921 1933 1956 1988 
34 87 103 133 171 343 402 426 515 593 639 665 690 715 821 910 917 971 1000 1012 1019 1069 1126 1231 1254 1293 1309 1327 1451 1583 1810 1915 1931 1938 1955 
48 186 259 281 292 334 378 380 416 427 447 496 596 660 716 732 781 788 817 855 976 999 1022 1056 1105 1130 1150 1152 1184 1209 1275 1290 1306 1325 1355 1362 1410 1415 1470 1617 1669 1711 1751 1755 1791 1798 1889 1925 1953 
31 69 107 207 296 321 346 354 393 397 536 598 660 662 666 732 797 1037 1073 1184 1200 1224 1235 1318 1489 1552 1595 1655 1837 1892 1969 1992 
41 31 67 75 81 140 164 204 234 309 408 439 451 547 569 612 613 620 704 772 797 803 813 860 981 990 1045 1046 1066 1087 1250 1339 1374 1473 1581 1779 1801 1820 1840 1867 1942 1972 
48 12 95 112 161 208 225 277 517 545 671 694 719 772 800 818 847 864 884 888 900 914 931 976 1005 1067 1095 1107 1173 1175 1189 1233 1254 1321 1395 1418 1468 1503 1530 1548 1568 1582 1645 1653 1666 1721 1870 1955 1966 
52 4 33 47 50 74 87 168 240 303 395 516 570 573 594 596 607 638 706 724 746 797 842 843 891 910 911 927 939 1084 1131 1137 1232 1249 1258 1264 1266 1268 1313 1359 1451 1490 1526 1555 1581 1595 1614 1621 1733 1826 1848 1868 1877 
45 0 13 57 89 103 184 265 275 288 307 337 383 410 424 501 585 601 624 629 701 740 758 786 899 1080 1096 1099 1119 1147 1225 1227 1365 1366 1370 1398 1443 1494 1588 1694 1743 1752 1795 1820 1861 1958 
40 104 148 208 235 278 368 409 415 456 494 515 611 637 692 779 887 934 1030 1096 1123 1170 1176 1182 1203 1240 1392 1525 1526 1529 1534 1662 1699 1717 1732 1738 1746 1775 1852 1893 1913 
46 1 77 108 142 157 169 179 225 235 245 278 533 535 538 602 733 956 960 1001 1072 1097 1117 1163 1283 1364 1419 1442 1450 1454 1468 1516 1522 1541 1542 1559 1589 1626 1686 1734 1802 1858 1898 1927 1932 1983 1996 
39 10 28 30 49 153 182 237 271 301 332 493 494 511 570 691 748 751 771 794 896 992 995 1073 1139 1200 1269 1304 1385 1396 1403 1428 1482 1501 1532 1589 1594 1733 1839 1972 
41 5 12 161 163 222 274 279 289 481 493 530 666 691 714 778 796 797 801 821 1060 1062 1133 1211 1238 1257 1412 1438 1460 1479 1573 1588 1744 1755 1770 1772 1812 1818 1844 1894 1974 1977 
36 78 94 118 146 150 313 315 318 387 402 542 561 608 637 688 932 1161 1225 1245 1339 1476 1486 1571 1572 1587 1602 1694 1836 1840 1847 1862 1922 1926 1932 1953 1961 
38 152 218 227 242 371 373 450 462 479 509 602 621 714 732 840 870 884 894 1135 1141 1153 1213 1363 1384 1526 1589 1646 1668 1671 1674 1677 1708 1795 1818 1865 1873 1939 1995 
47 24 82 93 113 132 154 210 225 302 304 338 393 432 494 500 649 667 694 732 739 743 780 799 875 896 991 1050 1077 1132 1144 1145 1206 1272 1301 1424 1506 1517 1541 1604 1633 1707 1794 1805 1855 1888 1943 1987 
46 41 115 130 152 157 162 174 206 230 233 247 267 278 338 406 407 426 428 429 470 482 597 734 802 863 886 919 1013 1014 1068 1098 1116 1118 1213 1246 1263 1469 1490 1528 1560 1590 1605 1646 1794 1837 1961 
47 63 69 91 147 148 149 159 179 270 302 346 350 366 398 477 479 539 548 556 575 582 609 633 680 709 759 778 812 819 841 867 930 952 965 972 1621 1661 1671 1732 1739 1749 1807 1823 1839 1845 1943 1980 
32 60 169 264 312 322 462 479 544 670 718 723 738 744 773 900 907 937 940 1157 1225 1285 1301 1320 1458 1549 1625 1742 1787 1879 1881 1934 1944 
38 30 92 124 130 156 198 213 308 339 353 415 436 448 506 647 670 703 707 853 868 987 1023 1074 1229 1280 1310 1322 1338 1356 1376 1380 1441 1676 1804 1842 1868 1902 1919 
37 61 91 142 177 223 242 268 303 333 543 637 638 694 754 789 972 975 1056 1116 1126 1217 1225 1229 1234 1265 1267 1296 1298 1387 1444 1452 1572 1663 1668 1690 1818 1871 
47 5 25 29 47 75 155 191 221 273 321 364 404 410 425 433 462 496 671 719 728 764 916 1021 1023 1051 1052 1075 1081 1124 1208 1327 1342 1355 1372 1442 1450 1496 1612 1634 1727 1768 1783 1794 1846 1852 1861 1887 
38 59 100 116 134 155 171 237 276 405 435 484 494 519 570 619 628 651 689 795 851 897 933 982 1093 1146 1188 1200 1311 1397 1414 1446 1451 1486 1514 1522 1530 1622 1705 
48 56 164 166 177 251 293 320 430 516 526 536 549 651 663 679 762 814 898 985 1039 1044 1050 1093 1201 1268 1269 1319 1363 1376 1425 1445 1466 1485 1519 1673 1674 1713 1732 1752 1774 1796 1797 1841 1874 1904 1954 1960 1994 
41 25 76 93 144 396 412 426 438 457 468 502 523 574 600 618 796 847 939 996 1006 1022 1031 1067 1097 1109 1180 1219 1236 1302 1512 1525 1585 1678 1686 1758 1831 1841 1871 1898 1913 1940 
41 27 195 267 302 457 520 590 614 640 652 665 723 735 748 753 771 809 832 935 957 1095 1158 1261 1383 1423 1463 1480 1515 1602 1613 1643 1648 1725 1748 1803 1864 1871 1908 1961 1967 1979 
39 94 263 320 335 395 457 552 553 599 606 659 700 772 817 854 938 1156 1227 1262 1267 1336 1350 1400 1415 1436 1463 1477 1518 1528 1536 1557 1681 1682 1708 1745 1821 1868 1956 1981 
51 0 104 108 119 145 226 357 495 529 533 546 558 559 560 590 596 612 648 661 666 765 840 875 891 898 955 996 1054 1121 1129 1248 1252 1261 1400 1423 1490 1495 1513 1565 1592 1627 1629 1636 1735 1775 1793 1805 1836 1900 1918 1940 
38 55 91 158 290 353 537 577 607 631 710 776 778 819 844 872 880 891 895 990 1004 1007 1096 1115 1128 1157 1346 1378 1463 1492 1551 1565 1612 1661 1689 1806 1852 1925 1972 
38 56 86 145 189 216 233 237 289 305 335 432 498 649 668 669 676 747 804 848 887 959 973 994 1119 1146 1172 1200 1376 1397 1465 1471 1485 1518 1543 1631 1693 1838 1875 
50 1 91 319 389 391 450 520 533 548 576 612 616 670 703 715 750 775 816 891 933 955 962 972 997 1115 1194 1245 1273 1288 1297 1346 1355 1357 1397 1408 1439 1570 1587 1602 1623 1643 1670 1674 1684 1800 1857 1901 1915 1958 1991 
40 70 105 232 259 391 428 431 450 515 668 762 840 876 956 1022 1118 1187 1188 1202 1226 1237 1321 1322 1364 1402 1515 1558 1611 1655 1663 1669 1708 1740 1744 1749 1762 1767 1778 1779 1850 
38 159 246 351 375 413 419 446 466 611 637 717 725 774 871 910 913 932 999 1008 1053 1159 1201 1268 1309 1366 1420 1606 1624 1734 1823 1861 1863 1864 1866 1932 1976 1987 1989 
32 32 42 53 95 141 295 301 370 406 476 488 499 532 552 627 777 783 896 933 945 978 1097 1120 1265 1358 1384 1549 1558 1564 1583 1956 1962 
48 0 19 103 180 182 269 310 316 348 374 413 429 532 549 552 563 584 622 735 780 1003 1033 1071 1160 1239 1246 1260 1276 1317 1332 1334 1404 1462 1661 1713 1740 1796 1824 1880 1891 1895 1918 1948 1958 1963 1970 1972 1992 
36 38 52 105 110 137 156 167 193 214 223 242 255 376 445 458 491 558 567 629 677 771 779 846 864 869 1088 1102 1116 1318 1488 1531 1608 1785 1894 1909 1951 
51 9 15 50 74 81 100 190 290 323 334 365 478 499 503 524 541 622 632 654 749 760 800 817 876 931 956 962 999 1116 1120 1207 1217 1294 1306 1338 1360 1381 1396 1405 1420 1422 1459 1466 1483 1501 1548 1707 1710 1715 1731 1770 
42 37 158 302 342 366 455 482 516 519 573 629 639 647 656 659 774 828 847 851 973 977 1019 1155 1157 1268 1287 1345 1375 1527 1561 1579 1608 1623 1646 1665 1696 1706 1765 1809 1842 1897 1981 
36 53 64 73 105 236 276 342 346 347 404 468 689 711 845 870 875 974 978 995 1038 1048 1081 1094 1101 1181 1432 1447 1528 1551 1610 1679 1727 1764 1832 1839 1993 
39 27 39 131 191 207 211 215 239 284 322 379 416 458 480 486 490 508 515 560 653 662 665 697 736 884 914 921 1058 1227 1375 1382 1423 1460 1467 1481 1535 1546 1740 1886 
34 8 142 341 446 575 591 668 741 787 865 866 910 977 981 1009 1042 1106 1131 1142 1157 1182 1231 1238 1298 1455 1540 1546 1612 1647 1729 1814 1864 1903 1956 
40 40 66 320 330 335 347 375 382 412 475 479 524 537 577 610 682 692 754 755 904 934 1055 1104 1125 1154 1181 1226 1228 1322 1331 1421 1439 1552 1567 1715 1823 1922 1931 1954 1994 
36 10 25 110 198 407 410 506 564 590 621 670 672 717 829 868 892 893 916 932 957 968 993 1026 1141 1264 1266 1315 1440 1459 1626 1698 1720 1815 1887 1931 1964 
26 36 248 314 368 405 434 496 547 555 583 613 703 717 736 791 925 938 991 996 1219 1457 1479 1713 1842 1886 1964 
45 2 7 24 29 105 113 154 202 219 263 276 295 341 346 448 493 497 525 563 650 696 714 784 792 805 842 931 976 991 1006 1095 1119 1145 1146 1247 1262 1499 1515 1541 1639 1662 1686 1714 1935 1973 
36 43 106 119 283 407 424 434 447 534 592 642 646 734 748 935 937 945 1048 1089 1101 1111 1155 1256 1288 1329 1355 1407 1456 1523 1524 1534 1589 1643 1840 1846 1851 
36 4 20 52 155 225 266 271 331 445 481 579 658 665 685 693 699 738 759 801 878 944 992 993 1069 1100 1145 1226 1396 1468 1621 1675 1766 1777 1849 1977 1981 
35 49 79 114 176 217 221 227 266 272 352 478 497 515 802 808 844 893 894 902 903 906 957 1143 1278 1308 1436 1574 1587 1588 1604 1613 1728 1753 1929 1981 
40 24 43 56 132 139 180 287 374 434 453 518 520 539 571 674 784 859 867 915 933 967 1000 1066 1077 1140 1206 1210 1341 1418 1546 1578 1641 1648 1696 1715 1747 1783 1791 1843 1937 
43 11 97 98 128 135 140 182 228 314 328 332 366 384 464 481 493 517 594 617 674 684 751 765 777 795 818 869 1083 1105 1160 1203 1205 1251 1333 1352 1436 1540 1548 1559 1592 1862 1880 1955 
48 6 27 78 81 128 152 179 301 332 430 447 523 570 607 786 811 826 902 914 931 1096 1121 1139 1203 1337 1359 1379 1406 1545 1549 1552 1638 1656 1667 1707 1718 1729 1751 1777 1780 1818 1885 1899 1904 1908 1910 1935 1984 
40 67 122 178 207 244 352 469 572 592 608 669 687 715 716 721 732 793 887 971 1066 1130 1195 1215 1355 1358 1405 1426 1465 1549 1686 1708 1754 1799 1826 1856 1869 1895 1896 1954 1987 
43 5 129 185 189 241 265 365 469 519 537 544 568 594 650 742 747 803 821 826 918 941 1033 1053 1137 1209 1235 1248 1306 1367 1369 1373 1399 1467 1629 1719 1761 1795 1844 1869 1883 1916 1920 1960 
50 26 78 144 173 177 192 200 228 246 286 302 344 353 359 389 391 482 532 561 572 581 610 673 692 711 786 787 848 871 880 885 927 961 1054 1110 1148 1191 1205 1417 1452 1469 1632 1681 1685 1698 1712 1768 1774 1795 1798 
40 0 2 13 56 88 92 157 162 223 288 321 341 428 496 534 615 680 712 747 780 806 821 901 914 928 1237 1245 1367 1498 1514 1569 1595 1663 1695 1760 1770 1918 1921 1941 1997 
42 57 111 179 199 267 298 347 372 397 433 455 490 549 565 613 621 636 669 702 717 720 738 802 864 931 935 1042 1052 1099 1136 1230 1324 1333 1373 1399 1431 1437 1454 1650 1847 1968 1976 
35 94 111 130 209 228 238 405 411 417 488 657 728 782 824 826 872 1086 1153 1156 1186 1233 1307 1314 1362 1376 1433 1623 1627 1650 1670 1714 1756 1759 1823 1838 
43 36 55 102 194 223 240 479 480 521 587 695 718 719 748 869 896 1008 1164 1166 1184 1201 1228 1245 1285 1302 1368 1370 1426 1445 1450 1458 1604 1625 1741 1750 1769 1806 1840 1899 1935 1940 1963 1974 
45 6 80 122 142 182 210 235 258 293 389 421 437 571 647 688 698 732 760 781 833 874 885 936 948 1036 1121 1149 1162 1164 1341 1397 1462 1471 1485 1514 1523 1621 1640 1692 1780 1886 1919 1931 1936 1964 
32 104 176 194 251 308 407 885 886 963 1099 1107 1169 1344 1361 1441 1446 1470 1488 1516 1604 1687 1706 1725 1751 1769 1781 1826 1848 1878 1916 1976 1985 
47 30 79 109 113 135 136 188 322 366 473 479 547 566 634 714 722 758 775 842 874 917 958 982 1004 1054 1058 1070 1106 1187 1193 1203 1373 1403 1405 1437 1491 1543 1609 1629 1645 1684 1726 1750 1777 1778 1803 1888 
38 91 159 224 297 328 439 495 539 603 643 671 724 738 819 889 919 957 1014 1209 1240 1303 1332 1350 1403 1515 1516 1540 1591 1605 1624 1634 1688 1716 1749 1771 1791 1800 1949 
47 31 292 354 365 402 412 484 487 577 597 606 621 652 714 771 801 841 861 865 937 947 954 965 1015 1057 1069 1082 1084 1094 1106 1109 1147 1163 1201 1318 1386 1400 1436 1441 1464 1615 1622 1732 1824 1867 1944 1953 
44 26 60 66 179 215 294 344 404 409 467 547 562 579 694 697 756 816 848 917 980 1012 1027 1029 1044 1108 1158 1269 1328 1346 1418 1429 1465 1472 1481 1525 1553 1566 1597 1648 1664 1734 1840 1853 1873 
32 4 55 69 201 226 408 525 542 560 570 625 729 878 930 1002 1077 1134 1143 1163 1210 1261 1318 1406 1513 1528 1570 1640 1673 1732 1802 1846 1887 
40 76 140 187 210 212 235 266 297 527 573 615 704 707 749 843 872 972 992 1072 1081 1151 1190 1237 1243 1257 1401 1438 1472 1497 1531 1551 1568 1597 1630 1692 1738 1772 1825 1885 1934 
35 8 75 161 247 251 308 364 541 558 560 581 583 622 649 690 720 784 865 866 914 936 1076 1205 1222 1244 1292 1413 1424 1725 1746 1793 1954 1965 1977 1993 
40 11 54 108 138 254 327 462 463 466 573 609 666 707 775 821 877 894 942 966 993 994 998 1100 1182 1325 1343 1427 1436 1442 1501 1548 1667 1689 1754 1814 1861 1915 1917 1962 1965 
34 98 190 193 283 335 466 504 550 572 591 772 1077 1078 1156 1186 1246 1265 1303 1309 1429 1439 1495 1642 1745 1758 1792 1793 1799 1885 1886 1889 1968 1970 1997 
34 55 99 108 228 265 294 303 327 361 545 626 705 769 820 885 900 968 1095 1115 1212 1277 1336 1356 1372 1390 1453 1469 1485 1566 1724 1776 1872 1888 1935 
32 64 75 130 223 232 364 384 409 415 481 501 536 621 665 843 901 910 1026 1068 1082 1127 1253 1476 1510 1589 1644 1708 1793 1813 1837 1865 1932 
43 1 29 34 61 164 245 247 301 365 404 588 614 749 750 806 941 955 991 1110 1115 1141 1180 1201 1202 1212 1270 1291 1297 1302 1337 1342 1351 1493 1508 1522 1594 1645 1654 1819 1843 1917 1973 1978 
42 22 131 180 253 312 365 368 480 639 658 735 741 817 838 958 983 993 994 1043 1046 1058 1073 1074 1093 1201 1304 1331 1349 1396 1400 1417 1515 1563 1632 1649 1654 1775 1814 1890 1892 1946 1988 
41 83 96 106 120 181 213 226 268 418 500 649 671 741 802 841 881 899 990 995 1038 1055 1100 1103 1147 1151 1153 1285 1294 1319 1356 1444 1456 1531 1535 1536 1556 1622 1629 1644 1815 1862 
38 63 82 192 206 221 226 254 289 303 402 452 468 492 536 575 606 610 634 692 693 732 763 809 827 959 971 1152 1310 1388 1407 1568 1569 1572 1665 1717 1750 1800 1813 
43 67 114 163 203 224 252 268 277 418 443 523 554 589 599 609 676 711 800 807 823 836 840 884 915 991 1037 1049 1119 1171 1206 1326 1331 1443 1473 1590 1672 1679 1738 1804 1822 1863 1903 1904 
34 59 98 169 250 256 261 308 321 369 413 590 608 640 754 810 911 971 990 1071 1165 1200 1249 1281 1356 1450 1512 1564 1572 1573 1593 1785 1841 1843 1956 
40 22 85 123 128 189 323 364 426 464 519 560 606 649 673 724 736 742 744 798 808 988 998 1164 1167 1294 1472 1550 1552 1577 1591 1661 1664 1701 1708 1790 1802 1862 1913 1973 1982 
47 42 158 197 230 238 347 363 432 446 556 572 580 648 697 715 780 805 833 922 943 959 1020 1024 1046 1093 1095 1122 1207 1228 1231 1255 1302 1326 1334 1422 1518 1567 1627 1693 1701 1732 1753 1757 1776 1793 1892 1979 
37 37 135 206 275 306 324 346 368 405 414 487 488 578 639 691 706 742 756 806 824 832 863 954 1022 1156 1302 1371 1378 1487 1591 1593 1688 1697 1715 1778 1784 1979 
37 8 107 129 312 346 485 503 522 524 550 551 604 663 756 849 897 921 925 938 984 1120 1286 1316 1319 1377 1513 1522 1545 1567 1635 1734 1876 1893 1915 1935 1972 1973 
48 34 128 137 205 217 222 239 240 248 309 392 408 412 445 535 637 642 768 791 836 883 886 974 1097 1134 1220 1261 1303 1330 1344 1374 1405 1422 1555 1587 1607 1610 1642 1644 1659 1752 1768 1771 1792 1877 1906 1933 1969 
53 70 71 80 136 158 160 305 373 408 410 437 493 495 638 750 774 828 832 914 1007 1029 1036 1068 1101 1127 1140 1181 1192 1213 1214 1239 1271 1307 1362 1408 1447 1455 1466 1474 1493 1611 1645 1673 1687 1722 1751 1791 1797 1867 1898 1939 1953 1985 
44 32 38 52 128 180 369 411 414 436 440 442 473 625 676 733 734 776 839 844 852 873 897 906 911 961 1020 1096 1127 1221 1320 1326 1362 1453 1494 1551 1555 1702 1706 1721 1768 1819 1865 1912 1928 
41 1 45 58 85 139 222 249 316 356 372 434 485 505 507 519 574 627 639 798 994 1069 1076 1225 1262 1270 1287 1324 1353 1356 1366 1449 1458 1539 1603 1622 1632 1643 1700 1749 1767 1825 
42 53 62 109 126 174 184 216 272 285 343 358 386 427 464 517 605 667 701 722 835 888 895 931 950 960 979 1077 1160 1214 1269 1378 1386 1489 1618 1640 1685 1709 1768 1792 1799 1933 1975 
43 28 32 76 120 199 224 238 254 304 332 368 396 464 516 772 799 830 863 890 911 934 1021 1043 1133 1150 1177 1194 1267 1293 1343 1400 1489 1502 1512 1517 1665 1691 1762 1842 1866 1914 1966 1974 
32 33 177 221 270 284 298 313 427 532 543 578 674 710 753 790 824 852 862 899 912 934 1021 1129 1206 1304 1409 1518 1521 1737 1820 1872 1936 
38 28 141 168 194 269 309 337 354 357 451 458 465 498 502 561 608 785 841 867 889 932 1099 1122 1246 1307 1371 1394 1467 1519 1520 1532 1603 1669 1737 1756 1918 1935 1978 
31 9 214 234 243 299 304 332 349 504 516 537 559 641 650 689 716 979 993 998 1088 1139 1229 1290 1702 1704 1706 1720 1737 1761 1773 1833 
34 0 45 136 152 153 165 217 268 291 310 428 435 601 630 796 867 889 1045 1063 1208 1233 1238 1287 1396 1486 1542 1587 1651 1668 1692 1707 1736 1782 1939 
45 181 193 271 288 305 329 338 449 530 638 651 695 732 747 795 823 844 876 913 941 962 1105 1114 1181 1182 1183 1231 1363 1439 1491 1520 1527 1570 1590 1665 1693 1706 1736 1769 1773 1776 1808 1810 1836 1982 
41 24 74 83 112 125 133 204 272 370 379 517 537 606 626 635 799 822 869 971 1024 1034 1051 1103 1144 1168 1189 1191 1209 1226 1319 1384 1407 1503 1576 1590 1622 1723 1757 1792 1896 1975 
38 17 54 125 181 190 248 325 396 496 508 540 558 589 606 718 735 797 816 852 893 1054 1067 1172 1228 1341 1374 1401 1474 1516 1520 1557 1593 1661 1712 1793 1947 1971 1993 
43 54 208 289 291 315 324 381 446 454 467 478 480 512 538 559 561 643 646 667 675 761 772 779 787 807 884 932 947 1210 1214 1216 1330 1358 1419 1522 1543 1609 1645 1819 1836 1875 1928 1936 
50 35 128 153 178 192 227 280 306 402 414 439 502 557 558 567 625 647 674 675 694 800 873 1005 1017 1029 1069 1071 1118 1150 1205 1263 1320 1341 1409 1421 1427 1532 1550 1625 1628 1709 1730 1749 1767 1775 1885 1893 1914 1916 1957 
45 25 30 114 168 186 230 318 421 539 638 684 700 725 803 816 869 933 969 1031 1034 1147 1170 1179 1222 1255 1287 1293 1311 1524 1569 1570 1588 1597 1625 1682 1710 1732 1767 1786 1848 1888 1889 1892 1956 1990 
38 48 78 101 115 154 156 178 227 248 268 345 385 465 471 557 598 638 677 683 752 794 845 875 959 990 1079 1145 1183 1320 1337 1424 1433 1662 1674 1854 1855 1941 1950 
34 31 35 48 97 108 203 321 393 429 600 613 653 790 796 847 980 996 1049 1076 1094 1160 1178 1233 1360 1461 1491 1803 1835 1843 1869 1900 1903 1938 1955 
45 26 58 145 236 287 339 435 478 518 531 626 646 673 676 688 805 831 878 887 919 938 958 1087 1093 1115 1117 1203 1225 1287 1328 1403 1465 1492 1533 1566 1587 1594 1600 1606 1646 1664 1692 1721 1769 1913 
30 68 143 277 340 364 389 416 571 827 877 956 990 1009 1085 1166 1207 1248 1290 1305 1362 1553 1580 1592 1651 1699 1709 1753 1837 1873 1901 
39 179 183 193 209 255 266 288 320 334 337 386 400 498 590 714 747 802 812 839 864 913 940 979 980 1043 1059 1200 1218 1241 1357 1377 1401 1497 1527 1550 1634 1653 1688 1924 
50 11 37 99 156 161 200 223 246 269 326 390 466 483 498 503 542 633 645 777 822 868 882 892 914 966 989 1047 1073 1093 1273 1305 1319 1333 1336 1373 1443 1489 1514 1562 1623 1662 1687 1691 1739 1741 1804 1851 1872 1890 1979 
38 53 116 178 252 266 327 403 427 522 562 566 580 594 601 745 772 796 808 841 944 973 994 1003 1080 1166 1234 1287 1292 1489 1542 1622 1628 1647 1711 1772 1887 1972 1976 
38 4 92 185 201 301 307 321 351 504 657 667 690 693 757 768 864 905 913 963 974 995 1025 1050 1060 1094 1149 1398 1436 1443 1445 1486 1496 1544 1603 1658 1811 1850 1879 
29 41 95 124 130 150 152 232 513 793 929 998 1017 1067 1074 1102 1186 1215 1351 1399 1471 1483 1504 1633 1676 1736 1838 1884 1890 1891 
47 51 53 159 160 206 212 224 232 260 304 348 367 427 463 477 541 566 592 623 701 800 833 890 891 1072 1075 1098 1211 1225 1229 1250 1267 1280 1389 1399 1404 1406 1441 1517 1598 1642 1732 1797 1818 1824 1878 1948 
27 0 14 185 285 288 448 505 578 649 778 868 956 1122 1128 1188 1204 1263 1327 1472 1487 1607 1613 1635 1690 1861 1876 1933 
42 40 72 77 262 313 364 391 420 436 575 647 670 725 776 885 909 920 936 943 1000 1015 1019 1044 1091 1138 1266 1278 1286 1417 1495 1706 1709 1710 1768 1772 1774 1792 1816 1822 1863 1949 1972 
38 17 26 28 94 256 257 258 320 465 545 665 714 737 846 873 921 1027 1056 1070 1111 1132 1164 1202 1220 1227 1242 1349 1409 1416 1514 1553 1649 1683 1700 1834 1871 1894 1976 
37 44 71 156 305 369 370 427 540 622 630 668 696 704 945 1042 1067 1085 1141 1157 1223 1329 1358 1383 1385 1393 1423 1452 1574 1587 1644 1656 1689 1694 1754 1758 1770 1982 
39 61 74 77 87 88 113 172 227 328 355 411 450 460 480 505 611 691 727 951 1002 1097 1266 1290 1308 1428 1490 1516 1602 1641 1652 1703 1771 1807 1820 1836 1861 1890 1897 1916 
32 60 167 207 245 247 272 311 476 505 570 611 641 705 738 752 804 935 976 1070 1094 1121 1122 1166 1232 1352 1438 1451 1500 1566 1741 1822 1962 
40 44 65 181 221 310 325 348 502 571 646 778 798 845 923 959 960 963 1028 1114 1156 1235 1279 1288 1309 1360 1388 1503 1517 1608 1681 1718 1739 1752 1759 1765 1820 1827 1909 1983 1991 
29 14 52 113 177 477 607 619 623 635 673 715 739 751 766 819 825 863 1001 1120 1141 1158 1195 1317 1380 1382 1431 1821 1883 1967 
47 17 19 111 129 175 219 221 228 236 245 270 317 359 371 382 408 451 480 483 535 557 726 831 839 893 911 1151 1165 1167 1221 1306 1337 1458 1495 1504 1520 1540 1547 1548 1586 1636 1642 1730 1734 1799 1946 1953 
45 13 76 83 131 226 270 273 344 371 484 514 628 645 739 794 842 913 935 960 984 1018 1082 1114 1157 1158 1185 1227 1256 1266 1323 1332 1398 1418 1467 1491 1527 1571 1592 1617 1655 1706 1735 1747 1919 1920 
37 177 198 220 221 276 282 309 376 394 403 426 534 730 749 807 839 851 885 895 897 972 1068 1086 1142 1174 1277 1288 1312 1373 1440 1456 1468 1492 1650 1714 1865 1913 
44 9 106 135 155 245 250 325 351 367 392 557 627 639 640 651 688 695 705 709 737 743 747 840 856 874 882 954 1004 1048 1150 1181 1207 1280 1398 1475 1513 1545 1647 1666 1691 1857 1920 1938 1984 
47 23 34 68 93 137 197 215 266 315 376 454 478 564 664 774 783 822 843 886 900 902 920 961 1004 1025 1133 1139 1143 1199 1231 1324 1360 1364 1402 1417 1577 1685 1698 1713 1716 1775 1813 1921 1944 1959 1962 1980 
45 8 138 141 253 300 372 453 472 517 581 585 608 650 706 709 755 771 839 870 1019 1023 1028 1031 1059 1116 1170 1180 1210 1262 1273 1296 1335 1340 1379 1425 1452 1498 1564 1595 1602 1761 1789 1836 1957 1966 
33 0 15 152 241 372 441 467 469 565 589 598 624 722 727 733 779 816 1021 1026 1124 1270 1276 1525 1548 1584 1637 1641 1740 1833 1975 1978 1982 1996 
36 37 57 91 144 164 249 274 420 474 494 560 643 654 726 737 777 868 898 951 972 1156 1159 1248 1262 1361 1477 1544 1641 1680 1757 1770 1853 1923 1959 1961 1964 
54 16 105 135 138 248 270 272 280 287 341 367 369 372 389 399 420 426 462 507 563 565 625 736 763 892 904 1020 1030 1055 1129 1142 1193 1247 1310 1311 1355 1375 1398 1430 1487 1518 1529 1541 1550 1622 1640 1670 1701 1754 1810 1854 1870 1954 1963 
48 0 18 106 121 171 188 222 233 238 343 437 454 474 522 535 544 567 574 579 752 785 828 863 911 962 991 1005 1022 1070 1173 1192 1236 1289 1291 1382 1396 1470 1485 1688 1695 1788 1832 1839 1843 1916 1960 1971 1974 
53 59 74 82 116 210 317 326 333 391 403 509 622 655 678 757 766 857 918 947 954 977 1046 1114 1118 1147 1159 1184 1208 1221 1259 1293 1319 1415 1416 1478 1517 1519 1521 1540 1576 1582 1623 1642 1687 1690 1724 1776 1796 1825 1840 1846 1954 1955 
40 79 83 231 296 405 414 527 589 678 721 734 842 853 865 877 892 939 975 1001 1020 1054 1093 1098 1161 1196 1207 1246 1247 1322 1338 1358 1367 1564 1633 1639 1711 1732 1809 1924 1931 
46 20 93 125 237 241 252 257 345 355 359 404 496 527 543 556 593 692 894 942 1006 1047 1108 1171 1187 1203 1236 1252 1253 1365 1387 1436 1466 1469 1507 1564 1751 1763 1782 1801 1818 1844 1886 1914 1984 1988 1995 
21 111 112 419 426 500 556 630 890 1043 1062 1208 1339 1359 1475 1637 1678 1694 1696 1754 1859 1999 
