200 2000
371 471
174 657
527 647
217 247
109 452
77 810
267 511
295 386
327 911
38 160
271 556
373 443
389 438
226 762
106 554
96 292
684 753
441 952
295 869
206 674
422 538
147 956
2 24
316 919
156 517
40 292
120 897
159 448
318 985
110 844
77 281
136 796
93 920
124 209
81 506
603 672
83 603
111 168
435 530
478 701
756 856
356 826
6 26
342 347
415 443
228 228
788 890
286 342
266 286
30 818
483 579
284 344
238 708
496 508
462 507
659 925
612 667
229 753
171 623
9 546
37 114
300 431
486 804
282 837
1 3
123 425
693 846
110 714
140 722
21 324
81 184
556 581
693 937
414 552
65 175
694 736
487 518
127 913
260 383
140 938
125 234
134 239
86 103
34 110
194 363
135 326
399 684
415 674
49 57
147 204
436 624
29 569
349 564
61 878
18 74
170 334
646 750
313 451
18 108
16 220
545 559
117 735
237 352
758 807
465 648
122 441
571 645
17 72
93 371
39 105
182 466
222 733
24 272
482 716
161 564
123 132
215 665
56 137
16 65
66 179
610 622
507 540
438 930
614 941
215 217
599 612
360 498
227 299
140 613
5 69
140 179
448 476
58 163
288 762
318 641
543 1000
84 566
284 880
196 355
366 831
156 545
167 692
409 479
530 704
125 204
274 670
230 963
28 604
506 765
75 75
38 257
354 399
28 146
574 798
167 641
54 559
760 885
211 295
54 533
330 334
249 518
55 619
651 828
638 875
141 188
135 414
147 663
269 369
345 853
36 70
226 421
54 379
104 190
675 743
28 36
349 980
357 412
71 281
64 145
138 159
51 367
242 329
37 287
618 869
42 109
5 362
512 626
118 831
429 634
35 114
2 2
35 361
84 117
83 344
56 116
201 463
185 213
287 964
545 693
16 82
140 879
23 33
59 725
149 399
365 639
864 935
382 651
27 35
59 67
29 587
26 311
27 170
327 416
22 25
609 613
35 48
653 964
48 222
460 967
140 651
230 624
23 727
366 884
280 317
162 358
147 178
75 353
171 345
215 679
116 590
354 696
103 210
448 600
159 201
235 400
24 559
125 305
288 790
1 30
237 282
58 84
310 780
156 688
360 928
59 468
682 906
331 558
528 611
205 388
94 241
195 289
64 92
485 527
8 35
43 742
20 387
192 623
152 402
631 728
208 349
756 906
463 948
396 523
78 191
49 76
55 70
254 966
784 823
267 410
284 299
100 243
502 837
531 738
263 449
22 40
464 478
216 625
256 542
203 497
97 270
141 561
243 783
820 868
5 304
22 51
725 805
92 140
133 156
416 644
23 88
137 959
47 583
24 38
451 656
121 912
56 368
54 147
297 679
175 939
625 676
31 133
513 580
67 238
427 571
71 81
404 596
569 791
328 502
262 292
339 603
134 783
242 255
65 213
71 177
166 241
65 70
123 152
116 487
640 952
237 479
321 657
126 374
710 997
288 895
264 471
53 255
224 316
199 309
72 74
100 213
795 995
49 69
640 841
677 694
161 897
390 924
200 502
528 650
596 948
285 886
160 238
181 642
456 754
370 870
118 153
3 7
151 295
56 979
13 36
72 96
253 405
315 339
530 693
457 899
133 725
345 444
42 569
367 726
419 511
15 273
29 109
415 806
34 49
694 790
20 21
337 470
544 561
541 657
92 171
352 574
789 877
357 945
506 759
304 324
893 924
70 567
73 385
398 798
174 375
447 457
448 544
461 571
828 921
24 701
565 633
81 259
199 667
55 567
32 73
99 174
299 888
133 367
243 862
641 694
25 736
302 770
198 682
478 813
13 206
108 854
365 812
2 2
55 199
5 28
17 45
940 970
95 469
107 215
12 66
332 338
114 900
1 9
71 211
28 743
5 18
20 62
262 647
711 793
224 420
148 159
213 750
91 134
33 78
276 956
518 686
391 460
819 987
132 287
120 489
463 958
335 378
463 656
123 757
455 456
411 736
891 974
116 364
637 787
313 322
692 858
175 988
108 497
12 182
158 989
378 710
495 899
275 284
29 52
378 491
133 295
49 143
445 651
193 362
204 632
169 367
359 630
52 57
536 809
256 680
64 308
49 177
311 508
479 987
61 343
26 134
21 24
27 108
294 379
0 543
8 392
802 851
857 992
32 68
22 83
34 593
47 47
246 437
106 975
124 241
237 343
530 800
47 157
50 114
374 533
7 21
89 738
259 460
153 734
454 684
13 46
49 234
60 307
336 741
350 676
265 332
807 909
107 209
62 125
433 559
383 493
77 196
144 731
97 201
473 864
270 643
571 999
638 766
60 884
13 13
323 452
475 508
29 184
112 686
99 117
70 312
387 722
400 874
438 837
66 85
651 840
360 456
461 519
83 166
481 882
316 555
191 211
295 670
186 266
64 176
372 470
312 729
56 272
59 915
514 576
232 415
693 767
156 977
137 157
382 394
76 375
205 901
401 604
278 485
154 201
143 144
143 428
4 364
502 587
433 955
161 703
393 546
302 728
6 738
174 792
102 606
242 292
347 561
111 288
269 456
103 349
360 448
81 910
211 487
323 504
26 559
29 260
223 283
23 280
316 808
45 564
428 852
128 276
2 193
335 611
667 799
8 122
155 260
679 818
49 609
507 513
382 626
73 299
228 406
113 353
290 807
277 402
101 487
70 456
120 292
134 584
490 530
526 623
420 778
537 538
553 605
755 978
246 565
11 48
12 780
636 849
166 688
352 390
260 273
881 895
766 874
67 104
97 649
0 154
25 510
470 925
9 202
328 388
791 984
718 807
51 91
58 356
259 723
356 479
50 57
331 350
4 63
148 187
58 89
760 777
674 726
282 714
127 390
99 132
106 172
139 500
123 794
482 631
215 490
383 677
276 397
355 403
127 177
554 990
360 975
329 611
221 229
137 813
188 194
78 417
129 155
521 821
416 883
76 211
490 788
597 736
658 878
239 361
1 8
50 79
107 967
561 741
78 114
357 609
3 3
911 989
83 616
56 534
21 306
283 934
126 383
4 170
281 763
592 824
568 970
406 577
19 599
372 626
70 631
124 141
116 647
802 864
51 119
224 459
132 381
492 780
646 1000
217 662
262 435
63 961
234 302
20 41
251 672
626 675
260 830
278 383
18 219
35 819
168 206
203 387
425 729
357 884
446 643
9 381
758 791
78 427
115 243
75 434
854 966
279 504
647 678
41 678
187 601
17 509
4 6
258 895
231 565
655 725
573 789
290 810
180 447
197 213
191 882
68 868
36 667
22 165
90 239
627 745
356 839
414 992
172 780
183 338
305 827
53 606
87 230
317 437
330 607
55 81
23 222
902 956
62 215
32 502
39 85
119 130
291 546
826 931
204 452
189 912
336 647
225 260
838 975
65 606
221 463
85 139
207 655
400 408
367 720
97 143
603 696
746 790
107 151
41 52
105 231
593 842
78 136
736 793
153 764
252 376
3 10
77 180
12 104
537 627
146 825
233 485
419 934
115 133
93 139
253 536
178 528
396 653
181 202
288 301
267 549
29 512
375 653
543 676
0 182
393 871
214 650
197 625
87 94
118 405
121 148
154 544
74 350
458 729
112 288
232 377
581 908
1 48
61 434
23 132
502 711
380 968
271 744
499 988
67 70
185 928
866 939
580 987
155 935
279 454
208 242
322 860
480 554
549 859
201 980
8 116
107 877
20 170
60 61
855 962
4 68
24 235
139 797
324 372
123 319
331 443
172 430
20 118
22 23
83 304
148 169
310 663
230 976
380 589
186 534
321 519
143 319
175 200
159 622
45 685
534 664
133 181
203 628
14 676
25 25
165 177
429 796
337 339
78 156
159 849
112 542
210 611
101 332
441 801
27 191
21 417
119 349
42 483
580 897
520 598
154 250
191 707
707 842
232 290
96 224
468 716
208 436
8 33
225 894
339 733
396 524
568 829
7 955
705 915
428 767
194 556
409 851
32 84
140 834
217 266
731 794
515 573
15 720
43 102
184 742
230 444
125 703
745 881
547 873
494 564
102 121
297 723
33 306
118 426
331 523
123 305
97 99
46 72
286 470
296 315
546 842
163 272
341 714
248 773
151 379
128 945
223 660
47 157
499 784
241 892
32 703
202 306
463 611
71 420
737 987
256 852
179 676
262 372
80 247
73 161
7 96
711 979
1 1
642 706
514 880
442 971
4 670
195 619
273 362
44 436
30 143
7 478
118 365
466 939
32 243
503 550
219 323
52 119
380 678
836 841
42 86
81 923
473 784
181 487
7 175
32 126
232 879
490 558
106 500
443 863
23 146
431 571
372 560
384 428
27 81
15 621
356 685
104 433
8 336
391 928
97 461
154 324
59 752
783 871
62 150
11 46
146 492
251 878
8 312
534 624
328 483
147 631
7 9
201 410
567 937
49 234
347 951
46 496
428 698
327 859
213 436
64 405
7 43
672 912
23 52
227 258
457 466
592 815
0 4
115 794
896 1000
331 613
67 409
56 178
722 964
34 333
153 330
160 886
82 291
90 191
272 955
19 174
96 264
22 466
181 670
324 507
513 738
292 384
331 738
114 802
45 97
571 778
21 128
174 317
21 21
143 316
555 906
15 679
60 142
45 870
23 58
115 807
48 588
264 268
69 202
47 672
5 82
286 562
382 846
207 340
83 968
313 396
945 945
204 364
129 692
419 778
33 203
308 955
115 226
12 33
432 582
322 564
12 103
61 658
625 783
28 770
19 808
113 121
97 428
2 330
26 911
24 140
101 671
322 550
27 52
82 233
152 582
342 881
481 852
27 531
746 956
263 358
23 34
268 512
178 194
843 859
75 218
176 431
38 531
294 961
324 519
29 31
580 887
4 9
178 591
13 49
165 990
349 682
348 691
434 742
59 86
84 306
316 456
134 394
192 305
455 688
174 433
23 43
245 678
127 214
317 466
466 487
37 490
38 139
563 961
712 748
30 961
46 240
40 253
0 230
767 824
272 796
677 879
106 261
328 653
173 218
695 765
364 602
70 526
803 986
28 197
783 790
113 420
218 979
198 284
211 671
872 893
922 946
51 769
80 340
140 558
242 902
172 316
493 863
790 963
632 698
109 853
767 948
49 169
82 240
77 318
10 58
745 925
19 36
530 554
48 131
248 371
59 167
9 206
215 525
129 141
4 30
359 503
65 70
587 695
80 173
67 196
10 10
285 461
115 452
334 518
414 475
28 673
10 312
106 724
124 144
19 90
14 317
357 450
150 743
297 554
100 212
288 753
468 733
82 814
764 921
755 915
144 302
481 483
133 145
204 626
274 450
297 591
466 657
131 430
174 968
228 545
74 598
53 776
216 358
123 224
58 590
25 227
379 442
27 551
364 453
237 473
125 809
373 424
1 1
186 937
12 25
438 900
17 458
36 99
151 180
4 43
131 791
764 837
9 334
267 632
12 44
526 662
95 129
297 630
119 211
589 637
97 773
252 472
724 935
191 624
586 647
25 770
40 184
260 664
205 205
428 483
604 783
103 379
182 404
176 182
97 240
200 296
792 888
162 523
372 385
144 473
67 305
390 452
75 301
232 401
440 983
65 111
159 635
467 599
323 400
95 517
722 873
438 485
40 106
3 45
39 86
764 905
638 670
254 603
275 939
321 859
356 420
67 266
203 426
27 169
223 547
12 242
996 997
201 468
6 17
189 615
11 23
179 311
100 479
594 879
318 399
115 174
62 383
243 410
958 983
127 474
58 112
77 963
105 552
643 768
411 994
557 714
763 815
153 261
114 895
97 433
242 734
405 608
425 595
2 14
248 963
58 407
146 514
9 95
525 613
558 929
121 693
113 974
56 879
534 796
412 861
273 554
560 594
360 706
318 351
56 71
46 63
32 132
56 58
617 681
37 950
19 805
389 498
411 912
172 379
192 376
105 978
177 488
131 955
10 984
207 959
466 543
408 854
738 931
391 583
213 239
686 895
563 672
93 129
410 737
92 127
2 53
79 222
298 559
749 992
247 380
784 917
220 372
726 852
504 715
243 345
169 178
18 374
112 226
564 738
549 605
167 277
159 224
516 722
343 563
49 866
349 502
167 243
221 268
115 857
167 349
91 308
82 103
371 761
365 625
59 690
8 902
5 220
126 172
191 535
257 915
626 771
541 779
164 231
73 720
224 444
43 178
560 752
348 502
645 699
414 468
51 629
137 684
811 843
55 274
48 360
0 4
0 14
547 575
519 945
124 353
475 477
59 72
376 970
495 509
216 645
427 498
172 754
104 205
35 237
173 234
155 525
3 525
59 279
46 834
17 744
39 333
268 348
2 27
592 846
351 428
120 819
406 453
77 229
105 255
51 612
291 440
164 447
238 853
93 529
140 506
112 259
497 617
966 988
18 33
127 500
80 188
113 357
129 195
351 411
26 59
624 902
48 215
22 534
278 604
169 288
103 804
7 748
239 324
308 605
643 767
919 952
393 971
563 739
613 729
592 871
146 372
28 71
118 227
485 746
46 50
11 37
108 200
108 586
28 102
368 672
10 35
3 3
440 480
26 48
137 245
232 748
592 682
255 942
14 96
436 916
422 437
805 934
129 150
487 743
75 387
310 483
377 589
487 823
592 823
963 992
229 437
205 248
129 550
414 598
193 468
32 65
393 692
158 924
139 403
605 622
532 867
684 869
22 136
91 354
776 839
165 244
7 30
423 771
139 988
48 914
83 623
101 294
103 739
9 68
102 515
669 781
363 364
9 609
1 893
62 135
218 622
758 781
31 812
23 24
537 609
90 280
30 826
257 903
232 606
456 607
203 686
19 35
362 708
59 891
198 621
124 275
92 212
79 569
130 132
2 6
2 24
177 243
148 701
173 215
61 247
1 49
62 83
690 809
8 188
108 315
102 190
91 568
4 8
70 392
100 535
392 588
7 685
146 854
179 438
412 423
268 831
69 163
138 963
71 146
826 890
45 605
20 199
144 302
254 848
200 968
366 607
219 787
41 185
75 431
533 842
464 982
348 753
20 34
14 23
179 387
15 76
697 881
170 279
20 146
440 631
658 975
86 154
191 236
114 324
200 761
146 931
616 747
292 336
293 698
798 895
292 916
15 783
195 235
691 834
326 546
84 183
343 604
136 479
178 868
156 252
245 442
19 379
246 337
236 861
251 335
129 760
409 719
230 270
550 683
27 52
15 231
60 911
519 835
94 538
474 649
260 508
330 515
34 195
213 364
195 359
5 193
409 853
59 658
416 885
657 691
318 464
108 109
7 25
77 876
440 785
122 698
49 358
7 792
81 260
518 893
248 301
947 998
58 84
674 960
514 960
507 750
316 574
688 788
12 12
30 109
245 688
50 987
677 840
160 351
90 144
29 35
213 541
148 630
177 619
272 332
671 688
443 649
0 879
42 742
167 712
360 811
22 46
201 303
53 130
159 891
622 826
38 326
52 53
304 615
592 995
155 193
119 261
729 781
77 233
33 433
5 23
9 591
1 634
12 212
406 444
131 603
130 382
847 883
887 951
35 275
747 863
121 292
52 52
554 731
798 809
47 221
17 40
43 452
115 739
169 490
252 258
735 813
259 502
168 182
71 982
60 998
787 963
394 503
40 372
158 455
20 23
415 581
253 705
168 490
289 310
185 205
27 61
87 209
244 836
129 287
802 926
35 375
1 1
63 541
11 12
143 270
10 69
65 240
160 303
30 764
665 711
39 64
67 242
260 460
308 665
289 379
307 479
147 762
528 674
40 147
9 10
2 5
383 580
543 993
206 316
647 709
81 748
247 714
65 65
39 58
246 302
62 890
60 291
315 428
37 94
546 810
91 894
456 902
75 243
101 374
158 515
95 755
60 263
581 596
418 965
501 545
180 811
256 371
120 440
428 799
807 946
268 522
109 298
126 147
4 113
18 329
359 448
777 898
242 290
0 14
107 305
321 731
423 908
538 779
52 65
114 155
328 348
378 820
111 694
277 293
309 565
178 243
129 700
790 839
61 725
181 576
284 572
33 64
385 741
152 200
515 695
224 256
156 604
542 830
143 361
325 489
256 428
2 2
107 167
239 560
25 452
172 793
273 464
304 416
7 72
143 171
50 141
81 269
107 407
243 649
749 762
354 509
286 438
106 265
192 884
34 112
486 827
447 878
216 323
69 650
190 224
32 85
629 848
95 400
116 294
897 991
191 197
176 206
30 441
59 79
20 459
303 546
17 140
595 819
289 445
263 301
725 814
252 284
158 947
154 180
74 565
166 418
24 345
5 92
332 565
46 727
282 341
353 776
189 545
189 230
302 341
133 487
273 310
416 952
948 992
229 288
341 864
607 811
395 943
494 645
72 312
61 127
148 192
6 148
425 456
699 757
33 55
422 980
484 600
312 689
227 411
158 494
12 15
599 903
437 815
769 775
427 669
61 107
84 745
72 179
621 767
287 300
433 847
182 265
154 439
395 927
226 335
43 46
95 161
152 255
28 426
222 453
13 20
313 510
364 883
230 592
298 582
281 500
0 52
409 769
516 768
590 767
98 314
50 434
473 654
334 354
234 472
9 665
213 326
42 137
744 821
13 506
122 140
288 301
77 455
287 858
342 381
180 836
548 682
14 49
126 245
67 141
117 476
187 717
84 352
155 665
520 694
5 12
18 196
775 939
496 791
343 373
31 298
115 260
558 973
252 496
1 9
165 288
990 996
112 429
308 536
58 163
158 608
228 397
184 995
293 424
176 292
436 450
429 657
74 668
99 258
40 786
13 19
104 455
134 451
16 64
120 701
373 508
514 573
193 815
223 921
94 428
465 958
127 238
13 71
593 894
17 315
261 576
66 227
15 75
87 140
232 950
387 412
79 135
598 690
44 63
393 413
24 74
186 327
114 303
219 690
39 48
306 364
603 788
32 588
323 514
43 725
99 102
332 617
403 821
354 444
4 31
15 19
828 841
294 392
14 630
244 697
510 677
333 572
281 463
504 978
363 868
32 671
9 26
100 238
184 294
39 583
715 759
436 624
37 619
43 683
48 188
27 480
510 788
5 65
19 54
40 215
229 735
423 686
473 704
163 431
128 746
43 16 36 54 186 206 228 306 319 355 356 390 402 557 558 589 703 818 924 964 1002 1097 1098 1116 1128 1140 1202 1237 1284 1355 1429 1430 1437 1623 1627 1648 1658 1673 1695 1780 1892 1897 1928 1955 
47 0 25 56 80 117 325 345 358 407 409 463 559 659 672 764 767 871 884 939 946 957 971 1028 1078 1126 1204 1225 1245 1285 1302 1303 1327 1328 1344 1354 1375 1389 1412 1519 1578 1605 1621 1624 1688 1695 1986 1990 
36 90 99 128 189 213 231 250 290 305 320 336 344 398 529 536 573 749 873 889 1058 1123 1136 1192 1402 1437 1559 1591 1615 1619 1643 1669 1685 1831 1844 1914 1933 
41 39 65 104 110 128 153 229 381 400 465 506 561 574 616 825 850 924 1057 1185 1204 1347 1377 1378 1388 1422 1497 1500 1544 1565 1576 1598 1602 1610 1642 1692 1821 1829 1856 1922 1931 1983 
33 25 76 112 132 133 211 245 341 377 406 419 464 483 532 548 623 652 655 782 937 1156 1212 1291 1347 1564 1620 1630 1717 1750 1776 1854 1862 1974 
40 2 15 33 124 146 234 297 342 422 503 524 534 618 788 856 954 1001 1006 1007 1061 1074 1089 1101 1305 1317 1343 1382 1426 1450 1476 1493 1500 1529 1622 1690 1743 1749 1841 1870 1914 
50 27 55 84 155 195 277 349 431 471 509 573 614 637 665 690 697 699 804 824 855 986 1010 1034 1069 1071 1117 1118 1155 1180 1190 1220 1291 1312 1315 1317 1318 1339 1357 1454 1457 1524 1636 1688 1825 1847 1849 1852 1866 1906 1941 
31 6 21 93 96 196 475 493 500 510 648 661 685 688 773 775 829 881 893 922 932 1040 1125 1202 1254 1261 1411 1421 1439 1696 1786 1926 
38 106 116 178 304 341 348 389 511 513 536 576 582 606 646 671 723 733 739 756 846 1019 1020 1071 1080 1094 1125 1144 1223 1326 1369 1444 1469 1596 1605 1607 1798 1913 1980 
38 84 128 229 265 342 405 408 423 493 564 576 586 734 754 813 848 886 931 943 974 978 997 1096 1121 1128 1181 1270 1554 1578 1590 1603 1671 1697 1750 1791 1819 1877 1994 
42 68 101 128 162 184 233 265 275 362 416 449 640 646 716 741 742 773 782 813 867 1019 1020 1180 1190 1253 1282 1323 1391 1420 1450 1471 1487 1624 1666 1697 1845 1850 1905 1923 1927 1934 1940 
50 24 81 143 186 200 214 247 268 311 344 369 440 445 482 504 553 592 612 834 842 880 928 952 973 1011 1027 1083 1249 1308 1317 1391 1401 1409 1416 1468 1505 1620 1621 1640 1650 1696 1705 1733 1742 1745 1796 1826 1827 1941 1953 
44 16 27 92 295 312 350 366 368 375 392 442 449 477 484 600 646 764 781 782 794 812 932 987 1183 1207 1232 1251 1257 1271 1272 1301 1350 1355 1434 1565 1589 1691 1781 1791 1795 1827 1851 1894 1960 
42 2 42 63 271 306 322 331 345 350 376 559 637 662 751 839 885 932 979 1095 1120 1141 1211 1259 1285 1304 1323 1360 1381 1397 1400 1521 1675 1685 1697 1714 1742 1769 1800 1838 1891 1925 1959 
38 28 35 104 129 157 158 182 191 207 279 355 375 380 445 463 533 543 572 704 721 739 775 1005 1066 1072 1169 1206 1276 1349 1365 1487 1542 1594 1621 1661 1773 1919 1986 
30 14 41 118 126 188 223 267 324 333 336 430 432 446 487 693 752 1230 1292 1304 1325 1396 1530 1573 1588 1616 1679 1753 1836 1868 1957 
50 0 52 61 190 196 394 411 417 418 449 485 501 568 689 714 757 771 816 818 883 884 954 955 983 997 1080 1148 1204 1263 1267 1303 1323 1337 1397 1398 1401 1439 1459 1476 1488 1575 1624 1699 1709 1720 1839 1914 1929 1945 1953 
39 10 24 94 110 324 330 413 432 454 455 522 571 595 609 715 716 823 858 1042 1072 1296 1419 1554 1567 1568 1662 1663 1685 1724 1735 1817 1861 1888 1924 1934 1946 1960 1968 1980 
32 29 115 120 129 282 310 482 483 495 510 753 866 890 1003 1265 1308 1387 1450 1494 1521 1553 1554 1672 1687 1714 1735 1762 1794 1913 1932 1936 1948 
34 1 63 122 152 184 322 323 342 361 486 497 525 534 621 698 969 981 1045 1142 1194 1201 1274 1300 1321 1440 1444 1548 1647 1767 1811 1837 1891 1902 1961 
36 121 137 222 259 291 390 392 459 472 515 621 651 810 825 946 958 978 995 1010 1162 1183 1187 1195 1242 1274 1359 1404 1452 1471 1571 1606 1630 1841 1853 1917 1923 
39 44 132 152 166 170 183 360 428 429 448 532 748 774 850 912 982 992 996 1114 1245 1246 1251 1272 1289 1348 1359 1392 1406 1502 1605 1675 1686 1716 1733 1767 1850 1905 1923 1972 
44 103 111 129 132 139 293 343 354 356 447 637 705 733 748 774 798 866 934 1112 1123 1146 1226 1299 1396 1402 1430 1432 1451 1456 1461 1512 1523 1660 1742 1743 1778 1784 1811 1865 1869 1870 1907 1922 1956 
38 46 85 221 231 333 374 378 478 574 675 717 735 805 913 915 922 929 961 988 992 1035 1175 1189 1246 1336 1357 1397 1407 1410 1450 1537 1619 1661 1664 1703 1752 1864 1966 
46 130 152 205 222 257 296 307 367 377 479 518 598 729 767 777 866 911 917 1008 1123 1124 1161 1219 1285 1338 1348 1360 1389 1390 1411 1455 1459 1480 1488 1502 1556 1663 1707 1752 1764 1808 1858 1862 1864 1989 1999 
39 156 320 343 353 356 399 402 423 448 477 507 538 681 686 726 826 874 888 915 934 937 939 944 1021 1119 1151 1210 1279 1313 1347 1404 1462 1504 1704 1753 1774 1780 1794 1937 
45 38 39 77 91 107 109 134 258 301 382 393 403 406 465 593 642 653 696 701 712 757 803 889 890 895 926 1025 1157 1203 1244 1285 1425 1453 1457 1493 1538 1561 1627 1741 1755 1804 1822 1917 1926 1943 
38 75 84 105 136 153 267 334 370 390 477 486 719 727 827 910 935 941 1067 1124 1146 1158 1216 1217 1301 1317 1356 1440 1480 1560 1621 1669 1689 1718 1719 1749 1779 1829 1989 
25 33 36 119 281 540 575 827 828 1009 1135 1204 1234 1274 1321 1364 1399 1599 1603 1607 1618 1621 1677 1748 1777 1885 
38 76 115 170 229 269 333 403 422 445 462 542 571 576 617 792 857 916 926 938 992 1024 1076 1115 1184 1211 1251 1294 1322 1396 1473 1527 1555 1558 1577 1643 1866 1918 1931 
36 21 40 117 118 133 173 183 231 281 303 365 541 617 652 667 672 837 872 884 887 940 970 990 1029 1075 1084 1205 1365 1523 1557 1573 1611 1663 1719 1744 1769 
35 141 273 394 402 413 433 470 493 512 528 559 640 644 714 744 796 815 863 912 918 998 1032 1081 1108 1116 1183 1281 1403 1453 1541 1712 1735 1847 1924 1937 
35 106 134 160 212 245 267 459 462 556 682 773 776 794 991 1054 1118 1129 1139 1200 1208 1224 1335 1342 1550 1557 1625 1687 1694 1704 1749 1797 1867 1915 1942 1959 
35 2 163 291 314 332 377 471 571 591 691 936 973 1114 1158 1193 1199 1230 1289 1318 1376 1448 1452 1457 1466 1515 1520 1569 1664 1683 1779 1787 1798 1973 1975 1986 
41 34 62 95 109 178 249 270 290 294 367 411 462 477 495 543 557 578 589 628 665 691 747 820 865 895 1011 1041 1114 1156 1168 1261 1277 1357 1374 1474 1516 1551 1596 1662 1712 1954 
34 35 133 253 347 381 426 497 668 762 780 795 811 841 879 913 1095 1102 1132 1162 1240 1466 1475 1512 1626 1628 1631 1706 1716 1733 1772 1774 1801 1807 1853 
42 24 26 178 180 249 288 426 546 577 584 641 648 672 708 750 761 799 830 839 840 910 924 997 1351 1373 1518 1524 1529 1588 1614 1676 1691 1711 1716 1719 1728 1747 1821 1834 1874 1901 1939 
46 58 74 86 96 167 170 187 195 275 324 349 456 498 528 615 690 698 699 720 773 811 888 997 1000 1093 1144 1225 1263 1286 1301 1305 1359 1363 1383 1419 1441 1473 1556 1567 1609 1625 1647 1732 1824 1907 1977 
32 66 75 209 377 397 401 481 520 538 668 713 714 870 912 933 983 1024 1032 1047 1076 1201 1250 1313 1402 1415 1564 1609 1649 1727 1756 1781 1886 
39 18 27 154 155 177 260 499 533 534 562 569 623 646 679 702 736 912 975 977 1003 1059 1109 1245 1263 1271 1312 1361 1363 1411 1528 1628 1631 1717 1819 1828 1863 1887 1905 1955 
44 3 86 109 162 180 196 336 365 435 456 461 468 523 548 653 700 788 798 835 849 859 975 1042 1068 1075 1078 1405 1415 1428 1464 1515 1529 1606 1623 1624 1720 1723 1771 1772 1860 1895 1945 1953 1998 
44 6 39 143 177 225 295 307 403 406 533 534 541 546 607 677 804 844 887 1001 1019 1083 1114 1115 1149 1186 1307 1340 1379 1381 1468 1470 1475 1543 1556 1627 1667 1722 1728 1839 1882 1950 1965 1977 1978 
50 60 79 140 160 236 287 341 357 389 419 423 463 489 580 585 648 688 728 734 755 771 818 823 846 923 1030 1079 1098 1292 1295 1374 1381 1438 1478 1498 1517 1568 1685 1707 1743 1748 1782 1845 1855 1890 1914 1920 1936 1963 1969 
41 76 110 211 222 390 404 480 532 591 599 607 648 675 702 753 777 794 901 936 956 1071 1075 1107 1117 1126 1205 1222 1275 1408 1427 1437 1513 1533 1569 1593 1657 1756 1812 1866 1895 1957 
42 1 30 62 212 230 371 470 508 546 572 606 624 715 716 776 795 923 999 1032 1051 1068 1098 1229 1252 1286 1358 1410 1417 1525 1537 1560 1565 1604 1611 1665 1667 1726 1784 1828 1838 1937 1958 
30 26 102 114 153 163 274 287 371 533 720 745 794 820 825 994 1139 1142 1180 1197 1264 1295 1305 1321 1413 1575 1604 1875 1899 1913 1953 
43 53 104 202 224 229 292 303 306 345 378 388 528 557 570 623 631 690 763 797 963 985 992 1042 1066 1154 1168 1189 1196 1202 1228 1234 1301 1320 1460 1591 1616 1678 1706 1751 1773 1792 1812 1932 
35 58 72 77 123 256 349 357 460 563 584 614 628 706 736 738 781 783 818 820 888 1023 1185 1250 1258 1361 1552 1680 1686 1712 1760 1771 1818 1893 1897 1938 
49 1 103 107 252 417 463 506 556 657 672 689 743 799 803 822 830 863 879 892 894 905 912 990 1007 1061 1117 1125 1152 1200 1215 1216 1230 1272 1286 1316 1329 1336 1361 1408 1453 1711 1726 1777 1797 1805 1851 1886 1917 1930 
29 117 374 417 453 500 535 603 638 654 660 773 809 845 953 1028 1047 1066 1074 1145 1416 1434 1445 1565 1599 1651 1664 1698 1700 1919 
49 80 137 251 293 329 343 344 409 518 538 666 669 699 731 759 810 834 839 854 858 890 986 999 1057 1063 1090 1122 1125 1295 1325 1342 1377 1440 1446 1474 1508 1533 1554 1570 1654 1699 1722 1749 1750 1763 1819 1885 1933 1939 
38 138 154 226 501 535 667 817 950 1030 1049 1055 1061 1140 1188 1249 1283 1289 1290 1324 1368 1420 1442 1453 1461 1519 1524 1544 1575 1600 1638 1646 1652 1689 1709 1759 1796 1838 1954 
41 79 132 134 136 153 172 206 224 317 352 358 379 395 444 447 452 499 545 580 647 740 752 801 840 958 1079 1127 1209 1310 1336 1526 1598 1626 1668 1686 1738 1783 1805 1809 1902 1942 
52 7 28 100 103 127 225 239 274 302 326 360 367 370 378 429 453 466 481 511 529 590 610 620 627 722 735 845 896 899 915 1002 1026 1070 1092 1171 1185 1256 1273 1418 1421 1490 1496 1499 1538 1580 1657 1767 1791 1863 1874 1945 1951 
48 3 64 165 255 322 373 518 625 656 840 888 916 933 954 962 964 1117 1131 1148 1167 1197 1202 1228 1232 1368 1386 1431 1467 1481 1487 1494 1505 1507 1509 1540 1549 1666 1668 1705 1721 1736 1744 1753 1830 1882 1952 1985 1991 
39 54 57 70 75 95 149 199 216 261 311 343 364 540 595 654 889 971 1016 1027 1065 1078 1144 1212 1279 1340 1355 1357 1451 1485 1534 1588 1596 1822 1849 1896 1947 1957 1958 1998 
43 129 265 340 364 383 394 489 632 665 730 751 771 774 785 925 967 1055 1070 1130 1180 1243 1255 1282 1301 1343 1375 1455 1486 1499 1574 1592 1593 1606 1656 1672 1722 1750 1767 1801 1842 1849 1949 1959 
25 29 31 59 82 269 410 430 478 544 550 626 647 655 723 843 886 1369 1465 1641 1736 1766 1806 1938 1947 1992 
44 25 175 221 311 427 431 452 606 610 623 644 656 661 692 708 807 820 829 837 865 920 949 961 972 1035 1057 1104 1113 1156 1286 1311 1374 1512 1513 1652 1680 1693 1703 1710 1770 1828 1896 1940 1957 
40 165 188 246 273 493 593 597 616 679 695 700 710 721 739 772 789 801 831 915 949 972 993 1011 1025 1067 1093 1100 1174 1230 1248 1262 1278 1288 1380 1399 1526 1653 1803 1972 1983 
45 1 129 131 187 191 208 262 287 342 385 415 428 430 438 521 542 582 595 740 879 912 955 1033 1060 1191 1198 1218 1226 1264 1340 1348 1482 1492 1523 1565 1630 1635 1686 1710 1713 1820 1848 1876 1937 1942 
37 107 154 157 294 307 345 348 406 463 477 495 515 521 526 558 623 678 733 737 761 795 919 931 964 1010 1066 1162 1169 1399 1512 1564 1685 1732 1746 1791 1830 1965 
31 3 74 78 112 181 469 589 622 695 733 760 773 901 948 995 1054 1064 1099 1123 1286 1416 1465 1511 1603 1608 1677 1689 1734 1821 1887 1990 
45 3 5 32 52 92 131 134 183 187 192 497 499 559 597 638 681 750 755 860 864 908 918 944 1045 1103 1126 1139 1149 1204 1227 1235 1265 1404 1438 1477 1553 1579 1584 1594 1610 1626 1640 1771 1773 1837 
38 51 64 77 92 234 380 383 412 441 579 595 621 622 715 740 758 770 783 806 876 910 946 1023 1064 1124 1165 1241 1467 1601 1693 1702 1737 1751 1808 1900 1927 1934 1957 
30 26 65 197 409 472 478 521 539 556 683 689 696 771 965 991 1000 1013 1055 1094 1119 1143 1198 1247 1271 1379 1589 1715 1821 1911 1967 
32 12 103 147 185 206 279 341 431 433 452 551 708 737 765 775 776 779 808 850 940 942 957 960 971 1016 1044 1275 1377 1437 1438 1486 1718 
32 38 78 80 131 227 271 379 403 491 532 650 870 937 940 942 954 1140 1398 1454 1470 1479 1513 1670 1723 1750 1760 1802 1856 1889 1921 1934 1973 
32 1 97 152 166 218 344 438 532 540 688 718 849 898 993 1056 1104 1157 1245 1375 1435 1488 1514 1519 1566 1637 1649 1739 1829 1845 1891 1936 1958 
32 62 139 151 209 265 280 342 431 562 583 596 602 664 698 866 1236 1239 1253 1314 1330 1345 1465 1478 1530 1549 1626 1644 1666 1695 1755 1836 1881 
38 7 45 46 250 269 373 421 451 510 576 624 631 658 669 718 814 817 819 903 911 936 943 955 971 1035 1165 1206 1213 1303 1385 1451 1484 1628 1672 1707 1768 1885 1910 
39 123 130 194 230 246 301 323 366 407 467 516 526 551 572 586 624 680 871 886 903 1079 1140 1148 1159 1182 1241 1264 1289 1415 1454 1521 1571 1641 1687 1690 1733 1749 1889 1975 
48 7 43 121 211 229 292 316 323 334 418 422 433 494 609 666 693 702 737 773 916 955 1073 1094 1143 1154 1159 1160 1161 1163 1218 1247 1252 1297 1345 1380 1506 1514 1661 1667 1671 1798 1837 1841 1859 1921 1933 1956 1988 
34 87 103 133 171 343 402 426 515 593 639 665 690 715 821 910 917 971 1000 1012 1019 1069 1126 1231 1254 1293 1309 1327 1451 1583 1810 1915 1931 1938 1955 
48 186 259 281 292 334 378 380 416 427 447 496 596 660 716 732 781 788 817 855 976 999 1022 1056 1105 1130 1150 1152 1184 1209 1275 1290 1306 1325 1355 1362 1410 1415 1470 1617 1669 1711 1751 1755 1791 1798 1889 1925 1953 
31 69 107 207 296 321 346 354 393 397 536 598 660 662 666 732 797 1037 1073 1184 1200 1224 1235 1318 1489 1552 1595 1655 1837 1892 1969 1992 
41 31 67 75 81 140 164 204 234 309 408 439 451 547 569 612 613 620 704 772 797 803 813 860 981 990 1045 1046 1066 1087 1250 1339 1374 1473 1581 1779 1801 1820 1840 1867 1942 1972 
48 12 95 112 161 208 225 277 517 545 671 694 719 772 800 818 847 864 884 888 900 914 931 976 1005 1067 1095 1107 1173 1175 1189 1233 1254 1321 1395 1418 1468 1503 1530 1548 1568 1582 1645 1653 1666 1721 1870 1955 1966 
52 4 33 47 50 74 87 168 240 303 395 516 570 573 594 596 607 638 706 724 746 797 842 843 891 910 911 927 939 1084 1131 1137 1232 1249 1258 1264 1266 1268 1313 1359 1451 1490 1526 1555 1581 1595 1614 1621 1733 1826 1848 1868 1877 
45 0 13 57 89 103 184 265 275 288 307 337 383 410 424 501 585 601 624 629 701 740 758 786 899 1080 1096 1099 1119 1147 1225 1227 1365 1366 1370 1398 1443 1494 1588 1694 1743 1752 1795 1820 1861 1958 
40 104 148 208 235 278 368 409 415 456 494 515 611 637 692 779 887 934 1030 1096 1123 1170 1176 1182 1203 1240 1392 1525 1526 1529 1534 1662 1699 1717 1732 1738 1746 1775 1852 1893 1913 
46 1 77 108 142 157 169 179 225 235 245 278 533 535 538 602 733 956 960 1001 1072 1097 1117 1163 1283 1364 1419 1442 1450 1454 1468 1516 1522 1541 1542 1559 1589 1626 1686 1734 1802 1858 1898 1927 1932 1983 1996 
39 10 28 30 49 153 182 237 271 301 332 493 494 511 570 691 748 751 771 794 896 992 995 1073 1139 1200 1269 1304 1385 1396 1403 1428 1482 1501 1532 1589 1594 1733 1839 1972 
41 5 12 161 163 222 274 279 289 481 493 530 666 691 714 778 796 797 801 821 1060 1062 1133 1211 1238 1257 1412 1438 1460 1479 1573 1588 1744 1755 1770 1772 1812 1818 1844 1894 1974 1977 
36 78 94 118 146 150 313 315 318 387 402 542 561 608 637 688 932 1161 1225 1245 1339 1476 1486 1571 1572 1587 1602 1694 1836 1840 1847 1862 1922 1926 1932 1953 1961 
38 152 218 227 242 371 373 450 462 479 509 602 621 714 732 840 870 884 894 1135 1141 1153 1213 1363 1384 1526 1589 1646 1668 1671 1674 1677 1708 1795 1818 1865 1873 1939 1995 
47 24 82 93 113 132 154 210 225 302 304 338 393 432 494 500 649 667 694 732 739 743 780 799 875 896 991 1050 1077 1132 1144 1145 1206 1272 1301 1424 1506 1517 1541 1604 1633 1707 1794 1805 1855 1888 1943 1987 
46 41 115 130 152 157 162 174 206 230 233 247 267 278 338 406 407 426 428 429 470 482 597 734 802 863 886 919 1013 1014 1068 1098 1116 1118 1213 1246 1263 1469 1490 1528 1560 1590 1605 1646 1794 1837 1961 
47 63 69 91 147 148 149 159 179 270 302 346 350 366 398 477 479 539 548 556 575 582 609 633 680 709 759 778 812 819 841 867 930 952 965 972 1621 1661 1671 1732 1739 1749 1807 1823 1839 1845 1943 1980 
32 60 169 264 312 322 462 479 544 670 718 723 738 744 773 900 907 937 940 1157 1225 1285 1301 1320 1458 1549 1625 1742 1787 1879 1881 1934 1944 
38 30 92 124 130 156 198 213 308 339 353 415 436 448 506 647 670 703 707 853 868 987 1023 1074 1229 1280 1310 1322 1338 1356 1376 1380 1441 1676 1804 1842 1868 1902 1919 
37 61 91 142 177 223 242 268 303 333 543 637 638 694 754 789 972 975 1056 1116 1126 1217 1225 1229 1234 1265 1267 1296 1298 1387 1444 1452 1572 1663 1668 1690 1818 1871 
47 5 25 29 47 75 155 191 221 273 321 364 404 410 425 433 462 496 671 719 728 764 916 1021 1023 1051 1052 1075 1081 1124 1208 1327 1342 1355 1372 1442 1450 1496 1612 1634 1727 1768 1783 1794 1846 1852 1861 1887 
38 59 100 116 134 155 171 237 276 405 435 484 494 519 570 619 628 651 689 795 851 897 933 982 1093 1146 1188 1200 1311 1397 1414 1446 1451 1486 1514 1522 1530 1622 1705 
48 56 164 166 177 251 293 320 430 516 526 536 549 651 663 679 762 814 898 985 1039 1044 1050 1093 1201 1268 1269 1319 1363 1376 1425 1445 1466 1485 1519 1673 1674 1713 1732 1752 1774 1796 1797 1841 1874 1904 1954 1960 1994 
41 25 76 93 144 396 412 426 438 457 468 502 523 574 600 618 796 847 939 996 1006 1022 1031 1067 1097 1109 1180 1219 1236 1302 1512 1525 1585 1678 1686 1758 1831 1841 1871 1898 1913 1940 
41 27 195 267 302 457 520 590 614 640 652 665 723 735 748 753 771 809 832 935 957 1095 1158 1261 1383 1423 1463 1480 1515 1602 1613 1643 1648 1725 1748 1803 1864 1871 1908 1961 1967 1979 
39 94 263 320 335 395 457 552 553 599 606 659 700 772 817 854 938 1156 1227 1262 1267 1336 1350 1400 1415 1436 1463 1477 1518 1528 1536 1557 1681 1682 1708 1745 1821 1868 1956 1981 
51 0 104 108 119 145 226 357 495 529 533 546 558 559 560 590 596 612 648 661 666 765 840 875 891 898 955 996 1054 1121 1129 1248 1252 1261 1400 1423 1490 1495 1513 1565 1592 1627 1629 1636 1735 1775 1793 1805 1836 1900 1918 1940 
38 55 91 158 290 353 537 577 607 631 710 776 778 819 844 872 880 891 895 990 1004 1007 1096 1115 1128 1157 1346 1378 1463 1492 1551 1565 1612 1661 1689 1806 1852 1925 1972 
38 56 86 145 189 216 233 237 289 305 335 432 498 649 668 669 676 747 804 848 887 959 973 994 1119 1146 1172 1200 1376 1397 1465 1471 1485 1518 1543 1631 1693 1838 1875 
50 1 91 319 389 391 450 520 533 548 576 612 616 670 703 715 750 775 816 891 933 955 962 972 997 1115 1194 1245 1273 1288 1297 1346 1355 1357 1397 1408 1439 1570 1587 1602 1623 1643 1670 1674 1684 1800 1857 1901 1915 1958 1991 
40 70 105 232 259 391 428 431 450 515 668 762 840 876 956 1022 1118 1187 1188 1202 1226 1237 1321 1322 1364 1402 1515 1558 1611 1655 1663 1669 1708 1740 1744 1749 1762 1767 1778 1779 1850 
38 159 246 351 375 413 419 446 466 611 637 717 725 774 871 910 913 932 999 1008 1053 1159 1201 1268 1309 1366 1420 1606 1624 1734 1823 1861 1863 1864 1866 1932 1976 1987 1989 
32 32 42 53 95 141 295 301 370 406 476 488 499 532 552 627 777 783 896 933 945 978 1097 1120 1265 1358 1384 1549 1558 1564 1583 1956 1962 
48 0 19 103 180 182 269 310 316 348 374 413 429 532 549 552 563 584 622 735 780 1003 1033 1071 1160 1239 1246 1260 1276 1317 1332 1334 1404 1462 1661 1713 1740 1796 1824 1880 1891 1895 1918 1948 1958 1963 1970 1972 1992 
36 38 52 105 110 137 156 167 193 214 223 242 255 376 445 458 491 558 567 629 677 771 779 846 864 869 1088 1102 1116 1318 1488 1531 1608 1785 1894 1909 1951 
51 9 15 50 74 81 100 190 290 323 334 365 478 499 503 524 541 622 632 654 749 760 800 817 876 931 956 962 999 1116 1120 1207 1217 1294 1306 1338 1360 1381 1396 1405 1420 1422 1459 1466 1483 1501 1548 1707 1710 1715 1731 1770 
42 37 158 302 342 366 455 482 516 519 573 629 639 647 656 659 774 828 847 851 973 977 1019 1155 1157 1268 1287 1345 1375 1527 1561 1579 1608 1623 1646 1665 1696 1706 1765 1809 1842 1897 1981 
36 53 64 73 105 236 276 342 346 347 404 468 689 711 845 870 875 974 978 995 1038 1048 1081 1094 1101 1181 1432 1447 1528 1551 1610 1679 1727 1764 1832 1839 1993 
39 27 39 131 191 207 211 215 239 284 322 379 416 458 480 486 490 508 515 560 653 662 665 697 736 884 914 921 1058 1227 1375 1382 1423 1460 1467 1481 1535 1546 1740 1886 
34 8 142 341 446 575 591 668 741 787 865 866 910 977 981 1009 1042 1106 1131 1142 1157 1182 1231 1238 1298 1455 1540 1546 1612 1647 1729 1814 1864 1903 1956 
40 40 66 320 330 335 347 375 382 412 475 479 524 537 577 610 682 692 754 755 904 934 1055 1104 1125 1154 1181 1226 1228 1322 1331 1421 1439 1552 1567 1715 1823 1922 1931 1954 1994 
36 10 25 110 198 407 410 506 564 590 621 670 672 717 829 868 892 893 916 932 957 968 993 1026 1141 1264 1266 1315 1440 1459 1626 1698 1720 1815 1887 1931 1964 
26 36 248 314 368 405 434 496 547 555 583 613 703 717 736 791 925 938 991 996 1219 1457 1479 1713 1842 1886 1964 
45 2 7 24 29 105 113 154 202 219 263 276 295 341 346 448 493 497 525 563 650 696 714 784 792 805 842 931 976 991 1006 1095 1119 1145 1146 1247 1262 1499 1515 1541 1639 1662 1686 1714 1935 1973 
36 43 106 119 283 407 424 434 447 534 592 642 646 734 748 935 937 945 1048 1089 1101 1111 1155 1256 1288 1329 1355 1407 1456 1523 1524 1534 1589 1643 1840 1846 1851 
36 4 20 52 155 225 266 271 331 445 481 579 658 665 685 693 699 738 759 801 878 944 992 993 1069 1100 1145 1226 1396 1468 1621 1675 1766 1777 1849 1977 1981 
35 49 79 114 176 217 221 227 266 272 352 478 497 515 802 808 844 893 894 902 903 906 957 1143 1278 1308 1436 1574 1587 1588 1604 1613 1728 1753 1929 1981 
40 24 43 56 132 139 180 287 374 434 453 518 520 539 571 674 784 859 867 915 933 967 1000 1066 1077 1140 1206 1210 1341 1418 1546 1578 1641 1648 1696 1715 1747 1783 1791 1843 1937 
43 11 97 98 128 135 140 182 228 314 328 332 366 384 464 481 493 517 594 617 674 684 751 765 777 795 818 869 1083 1105 1160 1203 1205 1251 1333 1352 1436 1540 1548 1559 1592 1862 1880 1955 
48 6 27 78 81 128 152 179 301 332 430 447 523 570 607 786 811 826 902 914 931 1096 1121 1139 1203 1337 1359 1379 1406 1545 1549 1552 1638 1656 1667 1707 1718 1729 1751 1777 1780 1818 1885 1899 1904 1908 1910 1935 1984 
40 67 122 178 207 244 352 469 572 592 608 669 687 715 716 721 732 793 887 971 1066 1130 1195 1215 1355 1358 1405 1426 1465 1549 1686 1708 1754 1799 1826 1856 1869 1895 1896 1954 1987 
43 5 129 185 189 241 265 365 469 519 537 544 568 594 650 742 747 803 821 826 918 941 1033 1053 1137 1209 1235 1248 1306 1367 1369 1373 1399 1467 1629 1719 1761 1795 1844 1869 1883 1916 1920 1960 
50 26 78 144 173 177 192 200 228 246 286 302 344 353 359 389 391 482 532 561 572 581 610 673 692 711 786 787 848 871 880 885 927 961 1054 1110 1148 1191 1205 1417 1452 1469 1632 1681 1685 1698 1712 1768 1774 1795 1798 
40 0 2 13 56 88 92 157 162 223 288 321 341 428 496 534 615 680 712 747 780 806 821 901 914 928 1237 1245 1367 1498 1514 1569 1595 1663 1695 1760 1770 1918 1921 1941 1997 
42 57 111 179 199 267 298 347 372 397 433 455 490 549 565 613 621 636 669 702 717 720 738 802 864 931 935 1042 1052 1099 1136 1230 1324 1333 1373 1399 1431 1437 1454 1650 1847 1968 1976 
35 94 111 130 209 228 238 405 411 417 488 657 728 782 824 826 872 1086 1153 1156 1186 1233 1307 1314 1362 1376 1433 1623 1627 1650 1670 1714 1756 1759 1823 1838 
43 36 55 102 194 223 240 479 480 521 587 695 718 719 748 869 896 1008 1164 1166 1184 1201 1228 1245 1285 1302 1368 1370 1426 1445 1450 1458 1604 1625 1741 1750 1769 1806 1840 1899 1935 1940 1963 1974 
45 6 80 122 142 182 210 235 258 293 389 421 437 571 647 688 698 732 760 781 833 874 885 936 948 1036 1121 1149 1162 1164 1341 1397 1462 1471 1485 1514 1523 1621 1640 1692 1780 1886 1919 1931 1936 1964 
32 104 176 194 251 308 407 885 886 963 1099 1107 1169 1344 1361 1441 1446 1470 1488 1516 1604 1687 1706 1725 1751 1769 1781 1826 1848 1878 1916 1976 1985 
47 30 79 109 113 135 136 188 322 366 473 479 547 566 634 714 722 758 775 842 874 917 958 982 1004 1054 1058 1070 1106 1187 1193 1203 1373 1403 1405 1437 1491 1543 1609 1629 1645 1684 1726 1750 1777 1778 1803 1888 
38 91 159 224 297 328 439 495 539 603 643 671 724 738 819 889 919 957 1014 1209 1240 1303 1332 1350 1403 1515 1516 1540 1591 1605 1624 1634 1688 1716 1749 1771 1791 1800 1949 
47 31 292 354 365 402 412 484 487 577 597 606 621 652 714 771 801 841 861 865 937 947 954 965 1015 1057 1069 1082 1084 1094 1106 1109 1147 1163 1201 1318 1386 1400 1436 1441 1464 1615 1622 1732 1824 1867 1944 1953 
44 26 60 66 179 215 294 344 404 409 467 547 562 579 694 697 756 816 848 917 980 1012 1027 1029 1044 1108 1158 1269 1328 1346 1418 1429 1465 1472 1481 1525 1553 1566 1597 1648 1664 1734 1840 1853 1873 
32 4 55 69 201 226 408 525 542 560 570 625 729 878 930 1002 1077 1134 1143 1163 1210 1261 1318 1406 1513 1528 1570 1640 1673 1732 1802 1846 1887 
40 76 140 187 210 212 235 266 297 527 573 615 704 707 749 843 872 972 992 1072 1081 1151 1190 1237 1243 1257 1401 1438 1472 1497 1531 1551 1568 1597 1630 1692 1738 1772 1825 1885 1934 
35 8 75 161 247 251 308 364 541 558 560 581 583 622 649 690 720 784 865 866 914 936 1076 1205 1222 1244 1292 1413 1424 1725 1746 1793 1954 1965 1977 1993 
40 11 54 108 138 254 327 462 463 466 573 609 666 707 775 821 877 894 942 966 993 994 998 1100 1182 1325 1343 1427 1436 1442 1501 1548 1667 1689 1754 1814 1861 1915 1917 1962 1965 
34 98 190 193 283 335 466 504 550 572 591 772 1077 1078 1156 1186 1246 1265 1303 1309 1429 1439 1495 1642 1745 1758 1792 1793 1799 1885 1886 1889 1968 1970 1997 
34 55 99 108 228 265 294 303 327 361 545 626 705 769 820 885 900 968 1095 1115 1212 1277 1336 1356 1372 1390 1453 1469 1485 1566 1724 1776 1872 1888 1935 
32 64 75 130 223 232 364 384 409 415 481 501 536 621 665 843 901 910 1026 1068 1082 1127 1253 1476 1510 1589 1644 1708 1793 1813 1837 1865 1932 
43 1 29 34 61 164 245 247 301 365 404 588 614 749 750 806 941 955 991 1110 1115 1141 1180 1201 1202 1212 1270 1291 1297 1302 1337 1342 1351 1493 1508 1522 1594 1645 1654 1819 1843 1917 1973 1978 
42 22 131 180 253 312 365 368 480 639 658 735 741 817 838 958 983 993 994 1043 1046 1058 1073 1074 1093 1201 1304 1331 1349 1396 1400 1417 1515 1563 1632 1649 1654 1775 1814 1890 1892 1946 1988 
41 83 96 106 120 181 213 226 268 418 500 649 671 741 802 841 881 899 990 995 1038 1055 1100 1103 1147 1151 1153 1285 1294 1319 1356 1444 1456 1531 1535 1536 1556 1622 1629 1644 1815 1862 
38 63 82 192 206 221 226 254 289 303 402 452 468 492 536 575 606 610 634 692 693 732 763 809 827 959 971 1152 1310 1388 1407 1568 1569 1572 1665 1717 1750 1800 1813 
43 67 114 163 203 224 252 268 277 418 443 523 554 589 599 609 676 711 800 807 823 836 840 884 915 991 1037 1049 1119 1171 1206 1326 1331 1443 1473 1590 1672 1679 1738 1804 1822 1863 1903 1904 
34 59 98 169 250 256 261 308 321 369 413 590 608 640 754 810 911 971 990 1071 1165 1200 1249 1281 1356 1450 1512 1564 1572 1573 1593 1785 1841 1843 1956 
40 22 85 123 128 189 323 364 426 464 519 560 606 649 673 724 736 742 744 798 808 988 998 1164 1167 1294 1472 1550 1552 1577 1591 1661 1664 1701 1708 1790 1802 1862 1913 1973 1982 
47 42 158 197 230 238 347 363 432 446 556 572 580 648 697 715 780 805 833 922 943 959 1020 1024 1046 1093 1095 1122 1207 1228 1231 1255 1302 1326 1334 1422 1518 1567 1627 1693 1701 1732 1753 1757 1776 1793 1892 1979 
37 37 135 206 275 306 324 346 368 405 414 487 488 578 639 691 706 742 756 806 824 832 863 954 1022 1156 1302 1371 1378 1487 1591 1593 1688 1697 1715 1778 1784 1979 
37 8 107 129 312 346 485 503 522 524 550 551 604 663 756 849 897 921 925 938 984 1120 1286 1316 1319 1377 1513 1522 1545 1567 1635 1734 1876 1893 1915 1935 1972 1973 
48 34 128 137 205 217 222 239 240 248 309 392 408 412 445 535 637 642 768 791 836 883 886 974 1097 1134 1220 1261 1303 1330 1344 1374 1405 1422 1555 1587 1607 1610 1642 1644 1659 1752 1768 1771 1792 1877 1906 1933 1969 
53 70 71 80 136 158 160 305 373 408 410 437 493 495 638 750 774 828 832 914 1007 1029 1036 1068 1101 1127 1140 1181 1192 1213 1214 1239 1271 1307 1362 1408 1447 1455 1466 1474 1493 1611 1645 1673 1687 1722 1751 1791 1797 1867 1898 1939 1953 1985 
44 32 38 52 128 180 369 411 414 436 440 442 473 625 676 733 734 776 839 844 852 873 897 906 911 961 1020 1096 1127 1221 1320 1326 1362 1453 1494 1551 1555 1702 1706 1721 1768 1819 1865 1912 1928 
41 1 45 58 85 139 222 249 316 356 372 434 485 505 507 519 574 627 639 798 994 1069 1076 1225 1262 1270 1287 1324 1353 1356 1366 1449 1458 1539 1603 1622 1632 1643 1700 1749 1767 1825 
42 53 62 109 126 174 184 216 272 285 343 358 386 427 464 517 605 667 701 722 835 888 895 931 950 960 979 1077 1160 1214 1269 1378 1386 1489 1618 1640 1685 1709 1768 1792 1799 1933 1975 
43 28 32 76 120 199 224 238 254 304 332 368 396 464 516 772 799 830 863 890 911 934 1021 1043 1133 1150 1177 1194 1267 1293 1343 1400 1489 1502 1512 1517 1665 1691 1762 1842 1866 1914 1966 1974 
32 33 177 221 270 284 298 313 427 532 543 578 674 710 753 790 824 852 862 899 912 934 1021 1129 1206 1304 1409 1518 1521 1737 1820 1872 1936 
38 28 141 168 194 269 309 337 354 357 451 458 465 498 502 561 608 785 841 867 889 932 1099 1122 1246 1307 1371 1394 1467 1519 1520 1532 1603 1669 1737 1756 1918 1935 1978 
31 9 214 234 243 299 304 332 349 504 516 537 559 641 650 689 716 979 993 998 1088 1139 1229 1290 1702 1704 1706 1720 1737 1761 1773 1833 
34 0 45 136 152 153 165 217 268 291 310 428 435 601 630 796 867 889 1045 1063 1208 1233 1238 1287 1396 1486 1542 1587 1651 1668 1692 1707 1736 1782 1939 
45 181 193 271 288 305 329 338 449 530 638 651 695 732 747 795 823 844 876 913 941 962 1105 1114 1181 1182 1183 1231 1363 1439 1491 1520 1527 1570 1590 1665 1693 1706 1736 1769 1773 1776 1808 1810 1836 1982 
41 24 74 83 112 125 133 204 272 370 379 517 537 606 626 635 799 822 869 971 1024 1034 1051 1103 1144 1168 1189 1191 1209 1226 1319 1384 1407 1503 1576 1590 1622 1723 1757 1792 1896 1975 
38 17 54 125 181 190 248 325 396 496 508 540 558 589 606 718 735 797 816 852 893 1054 1067 1172 1228 1341 1374 1401 1474 1516 1520 1557 1593 1661 1712 1793 1947 1971 1993 
43 54 208 289 291 315 324 381 446 454 467 478 480 512 538 559 561 643 646 667 675 761 772 779 787 807 884 932 947 1210 1214 1216 1330 1358 1419 1522 1543 1609 1645 1819 1836 1875 1928 1936 
50 35 128 153 178 192 227 280 306 402 414 439 502 557 558 567 625 647 674 675 694 800 873 1005 1017 1029 1069 1071 1118 1150 1205 1263 1320 1341 1409 1421 1427 1532 1550 1625 1628 1709 1730 1749 1767 1775 1885 1893 1914 1916 1957 
45 25 30 114 168 186 230 318 421 539 638 684 700 725 803 816 869 933 969 1031 1034 1147 1170 1179 1222 1255 1287 1293 1311 1524 1569 1570 1588 1597 1625 1682 1710 1732 1767 1786 1848 1888 1889 1892 1956 1990 
38 48 78 101 115 154 156 178 227 248 268 345 385 465 471 557 598 638 677 683 752 794 845 875 959 990 1079 1145 1183 1320 1337 1424 1433 1662 1674 1854 1855 1941 1950 
34 31 35 48 97 108 203 321 393 429 600 613 653 790 796 847 980 996 1049 1076 1094 1160 1178 1233 1360 1461 1491 1803 1835 1843 1869 1900 1903 1938 1955 
45 26 58 145 236 287 339 435 478 518 531 626 646 673 676 688 805 831 878 887 919 938 958 1087 1093 1115 1117 1203 1225 1287 1328 1403 1465 1492 1533 1566 1587 1594 1600 1606 1646 1664 1692 1721 1769 1913 
30 68 143 277 340 364 389 416 571 827 877 956 990 1009 1085 1166 1207 1248 1290 1305 1362 1553 1580 1592 1651 1699 1709 1753 1837 1873 1901 
39 179 183 193 209 255 266 288 320 334 337 386 400 498 590 714 747 802 812 839 864 913 940 979 980 1043 1059 1200 1218 1241 1357 1377 1401 1497 1527 1550 1634 1653 1688 1924 
50 11 37 99 156 161 200 223 246 269 326 390 466 483 498 503 542 633 645 777 822 868 882 892 914 966 989 1047 1073 1093 1273 1305 1319 1333 1336 1373 1443 1489 1514 1562 1623 1662 1687 1691 1739 1741 1804 1851 1872 1890 1979 
38 53 116 178 252 266 327 403 427 522 562 566 580 594 601 745 772 796 808 841 944 973 994 1003 1080 1166 1234 1287 1292 1489 1542 1622 1628 1647 1711 1772 1887 1972 1976 
38 4 92 185 201 301 307 321 351 504 657 667 690 693 757 768 864 905 913 963 974 995 1025 1050 1060 1094 1149 1398 1436 1443 1445 1486 1496 1544 1603 1658 1811 1850 1879 
29 41 95 124 130 150 152 232 513 793 929 998 1017 1067 1074 1102 1186 1215 1351 1399 1471 1483 1504 1633 1676 1736 1838 1884 1890 1891 
47 51 53 159 160 206 212 224 232 260 304 348 367 427 463 477 541 566 592 623 701 800 833 890 891 1072 1075 1098 1211 1225 1229 1250 1267 1280 1389 1399 1404 1406 1441 1517 1598 1642 1732 1797 1818 1824 1878 1948 
27 0 14 185 285 288 448 505 578 649 778 868 956 1122 1128 1188 1204 1263 1327 1472 1487 1607 1613 1635 1690 1861 1876 1933 
42 40 72 77 262 313 364 391 420 436 575 647 670 725 776 885 909 920 936 943 1000 1015 1019 1044 1091 1138 1266 1278 1286 1417 1495 1706 1709 1710 1768 1772 1774 1792 1816 1822 1863 1949 1972 
38 17 26 28 94 256 257 258 320 465 545 665 714 737 846 873 921 1027 1056 1070 1111 1132 1164 1202 1220 1227 1242 1349 1409 1416 1514 1553 1649 1683 1700 1834 1871 1894 1976 
37 44 71 156 305 369 370 427 540 622 630 668 696 704 945 1042 1067 1085 1141 1157 1223 1329 1358 1383 1385 1393 1423 1452 1574 1587 1644 1656 1689 1694 1754 1758 1770 1982 
39 61 74 77 87 88 113 172 227 328 355 411 450 460 480 505 611 691 727 951 1002 1097 1266 1290 1308 1428 1490 1516 1602 1641 1652 1703 1771 1807 1820 1836 1861 1890 1897 1916 
32 60 167 207 245 247 272 311 476 505 570 611 641 705 738 752 804 935 976 1070 1094 1121 1122 1166 1232 1352 1438 1451 1500 1566 1741 1822 1962 
40 44 65 181 221 310 325 348 502 571 646 778 798 845 923 959 960 963 1028 1114 1156 1235 1279 1288 1309 1360 1388 1503 1517 1608 1681 1718 1739 1752 1759 1765 1820 1827 1909 1983 1991 
29 14 52 113 177 477 607 619 623 635 673 715 739 751 766 819 825 863 1001 1120 1141 1158 1195 1317 1380 1382 1431 1821 1883 1967 
47 17 19 111 129 175 219 221 228 236 245 270 317 359 371 382 408 451 480 483 535 557 726 831 839 893 911 1151 1165 1167 1221 1306 1337 1458 1495 1504 1520 1540 1547 1548 1586 1636 1642 1730 1734 1799 1946 1953 
45 13 76 83 131 226 270 273 344 371 484 514 628 645 739 794 842 913 935 960 984 1018 1082 1114 1157 1158 1185 1227 1256 1266 1323 1332 1398 1418 1467 1491 1527 1571 1592 1617 1655 1706 1735 1747 1919 1920 
37 177 198 220 221 276 282 309 376 394 403 426 534 730 749 807 839 851 885 895 897 972 1068 1086 1142 1174 1277 1288 1312 1373 1440 1456 1468 1492 1650 1714 1865 1913 
44 9 106 135 155 245 250 325 351 367 392 557 627 639 640 651 688 695 705 709 737 743 747 840 856 874 882 954 1004 1048 1150 1181 1207 1280 1398 1475 1513 1545 1647 1666 1691 1857 1920 1938 1984 
47 23 34 68 93 137 197 215 266 315 376 454 478 564 664 774 783 822 843 886 900 902 920 961 1004 1025 1133 1139 1143 1199 1231 1324 1360 1364 1402 1417 1577 1685 1698 1713 1716 1775 1813 1921 1944 1959 1962 1980 
45 8 138 141 253 300 372 453 472 517 581 585 608 650 706 709 755 771 839 870 1019 1023 1028 1031 1059 1116 1170 1180 1210 1262 1273 1296 1335 1340 1379 1425 1452 1498 1564 1595 1602 1761 1789 1836 1957 1966 
33 0 15 152 241 372 441 467 469 565 589 598 624 722 727 733 779 816 1021 1026 1124 1270 1276 1525 1548 1584 1637 1641 1740 1833 1975 1978 1982 1996 
36 37 57 91 144 164 249 274 420 474 494 560 643 654 726 737 777 868 898 951 972 1156 1159 1248 1262 1361 1477 1544 1641 1680 1757 1770 1853 1923 1959 1961 1964 
54 16 105 135 138 248 270 272 280 287 341 367 369 372 389 399 420 426 462 507 563 565 625 736 763 892 904 1020 1030 1055 1129 1142 1193 1247 1310 1311 1355 1375 1398 1430 1487 1518 1529 1541 1550 1622 1640 1670 1701 1754 1810 1854 1870 1954 1963 
48 0 18 106 121 171 188 222 233 238 343 437 454 474 522 535 544 567 574 579 752 785 828 863 911 962 991 1005 1022 1070 1173 1192 1236 1289 1291 1382 1396 1470 1485 1688 1695 1788 1832 1839 1843 1916 1960 1971 1974 
53 59 74 82 116 210 317 326 333 391 403 509 622 655 678 757 766 857 918 947 954 977 1046 1114 1118 1147 1159 1184 1208 1221 1259 1293 1319 1415 1416 1478 1517 1519 1521 1540 1576 1582 1623 1642 1687 1690 1724 1776 1796 1825 1840 1846 1954 1955 
40 79 83 231 296 405 414 527 589 678 721 734 842 853 865 877 892 939 975 1001 1020 1054 1093 1098 1161 1196 1207 1246 1247 1322 1338 1358 1367 1564 1633 1639 1711 1732 1809 1924 1931 
46 20 93 125 237 241 252 257 345 355 359 404 496 527 543 556 593 692 894 942 1006 1047 1108 1171 1187 1203 1236 1252 1253 1365 1387 1436 1466 1469 1507 1564 1751 1763 1782 1801 1818 1844 1886 1914 1984 1988 1995 
21 111 112 419 426 500 556 630 890 1043 1062 1208 1339 1359 1475 1637 1678 1694 1696 1754 1859 1999 
