200 2000
3 711
164 329
471 833
321 905
306 400
223 280
401 504
250 381
412 450
76 835
105 720
509 783
205 368
7 9
818 872
416 726
147 792
51 77
144 561
67 173
38 868
283 513
32 111
242 957
98 503
212 980
282 501
147 452
124 388
182 691
253 646
358 771
263 263
170 857
56 94
13 234
645 869
65 192
347 390
384 849
549 707
137 240
134 699
103 167
70 227
491 977
0 148
44 435
111 947
660 726
245 390
469 738
2 123
94 375
99 123
0 2
208 234
77 177
134 351
193 326
127 152
131 508
24 182
157 335
23 243
411 816
491 959
68 71
105 115
652 893
522 542
700 862
257 384
203 556
420 928
137 236
284 317
198 387
651 772
20 375
32 702
55 199
10 29
39 230
277 891
25 70
87 572
7 480
425 801
281 923
62 900
32 775
115 142
329 878
89 89
356 703
264 573
255 511
368 420
177 399
439 511
280 868
29 355
239 528
3 121
36 138
7 40
69 253
178 300
176 199
34 297
217 455
272 782
11 84
15 420
450 466
527 651
431 600
3 304
172 416
229 286
352 602
519 639
455 873
876 924
779 997
83 979
27 151
193 320
93 786
87 510
236 740
27 900
355 441
82 99
403 498
31 31
526 569
647 736
7 39
193 938
72 223
312 469
750 764
35 333
16 218
268 391
229 505
212 438
642 759
77 110
21 24
49 347
277 280
843 935
120 382
2 861
118 326
931 943
7 664
110 152
351 664
682 825
94 372
183 191
24 224
67 86
94 236
96 579
62 294
700 850
42 468
186 186
388 433
715 824
768 904
275 294
149 392
726 730
488 672
51 560
20 66
44 119
22 953
503 597
56 860
272 300
1 25
91 828
313 931
346 411
94 100
368 793
518 866
9 42
24 432
204 347
324 348
159 857
0 316
267 537
39 40
225 550
73 80
11 66
98 239
146 157
419 508
64 314
52 267
64 727
145 833
414 827
943 971
144 324
672 962
19 663
24 70
206 212
610 728
28 236
104 525
436 985
523 628
35 710
194 878
15 17
826 955
63 341
866 966
95 454
96 558
50 220
7 136
77 295
15 52
27 761
730 811
667 700
623 821
250 304
259 904
701 861
54 699
517 951
44 354
10 489
23 226
160 448
214 901
633 737
13 58
101 246
838 974
350 385
213 544
4 12
98 502
27 44
516 728
334 624
12 229
64 185
651 933
489 964
106 483
590 735
150 494
17 48
21 278
285 631
127 898
530 573
127 399
44 48
41 561
113 565
511 770
70 113
97 134
85 363
312 616
209 310
413 625
78 126
62 793
21 91
163 979
74 170
129 248
318 461
462 749
282 610
418 599
136 233
222 631
589 845
115 243
33 153
334 831
125 758
476 716
51 332
170 201
50 194
4 998
62 487
121 310
392 825
53 368
109 344
6 358
115 255
300 381
59 82
248 747
76 556
85 550
39 145
178 845
111 666
641 791
241 305
227 808
433 621
314 656
796 945
530 887
226 546
332 399
266 873
44 204
277 472
77 132
405 477
362 777
503 790
107 118
496 821
28 113
40 255
283 389
78 294
323 425
293 428
61 96
15 18
84 403
29 88
46 477
545 887
51 374
423 759
279 462
474 660
16 189
159 186
109 289
574 880
303 556
172 901
99 264
73 470
355 718
130 220
30 34
308 521
58 332
924 943
66 774
534 569
63 174
181 278
121 447
141 779
181 757
51 71
148 509
107 128
644 972
73 349
755 787
140 236
132 280
631 761
168 202
196 385
339 578
282 390
644 811
86 212
70 82
89 264
63 1000
240 765
124 560
627 686
502 648
8 18
298 359
250 335
3 10
180 398
147 237
428 454
141 346
17 508
471 590
463 540
34 576
48 536
18 215
116 884
669 930
43 188
35 147
182 624
134 141
383 984
602 835
497 642
478 842
157 294
185 192
32 83
152 602
440 610
567 956
41 45
478 646
0 32
0 14
240 332
12 21
357 428
29 241
48 252
11 32
0 7
155 627
249 722
177 216
171 896
82 231
33 182
270 954
348 558
149 232
99 143
373 851
609 766
736 910
49 80
759 951
35 42
692 982
650 873
146 609
332 495
306 868
119 303
424 676
78 96
30 423
833 945
68 245
387 902
724 987
2 5
391 902
571 620
238 559
635 674
416 828
333 538
221 338
114 316
456 677
373 522
65 914
444 709
657 821
283 484
159 295
147 801
124 614
458 733
120 292
5 24
432 664
24 211
286 809
277 345
42 490
140 513
535 730
198 479
107 971
144 504
430 620
199 803
178 720
531 772
212 716
813 943
57 70
588 879
17 131
30 307
858 957
270 320
268 402
476 511
263 821
79 566
182 817
313 932
599 836
66 370
15 86
318 887
439 928
50 321
616 819
638 868
271 517
0 13
34 386
19 922
56 88
419 435
74 118
523 814
914 927
315 388
164 599
578 818
302 533
535 846
34 37
254 685
133 295
94 105
193 349
150 405
693 879
72 72
520 948
152 377
40 318
3 87
18 19
277 812
94 403
237 406
17 103
34 40
146 889
118 599
370 927
1 1
458 667
96 948
407 955
316 484
294 394
346 975
151 465
155 234
42 118
1 91
163 447
65 632
88 290
62 146
9 101
30 97
455 461
38 419
340 573
101 178
75 321
661 938
192 862
869 947
400 797
618 978
824 959
46 197
66 146
45 189
22 61
810 973
41 640
23 61
49 441
142 542
155 617
252 538
55 67
17 100
285 363
225 309
205 273
517 645
118 125
103 518
185 225
39 82
121 508
124 456
406 428
613 670
657 923
256 277
64 96
79 197
55 88
122 148
141 316
487 686
469 653
816 854
317 982
10 105
69 775
511 727
125 256
153 592
177 430
121 140
346 611
184 192
176 326
217 484
760 922
136 504
802 916
131 958
299 676
185 210
556 734
152 577
109 549
302 533
69 172
74 616
580 733
49 210
329 393
190 275
98 337
106 556
64 404
30 415
36 131
666 890
44 159
124 204
0 17
75 671
533 813
30 87
594 730
8 200
618 922
7 68
95 629
915 987
351 630
51 359
352 717
2 513
47 94
278 599
31 333
777 949
248 592
110 392
539 861
214 436
444 952
305 457
204 403
620 771
717 858
3 214
637 723
336 859
406 889
594 929
143 309
22 66
0 513
132 167
200 456
45 231
166 533
425 437
238 731
168 540
20 97
51 187
82 517
282 856
749 799
250 296
2 376
263 304
108 245
52 917
65 108
20 21
199 294
123 413
103 534
367 649
79 248
74 852
238 896
210 845
24 25
22 23
185 331
786 880
758 847
454 940
61 450
179 864
130 480
457 680
177 525
239 701
59 120
188 278
82 331
403 440
280 290
30 276
394 466
309 483
487 564
58 161
146 199
19 32
151 653
277 281
522 912
258 329
446 616
329 582
62 507
13 730
63 288
617 672
184 448
534 822
13 88
76 349
44 76
110 243
96 282
427 492
191 220
17 71
410 797
426 769
442 712
213 677
244 445
356 589
181 315
344 476
84 342
18 83
16 43
362 383
59 321
174 941
686 908
153 791
388 905
376 523
5 8
251 266
25 43
61 944
32 642
72 78
541 713
42 43
910 955
268 574
111 136
179 621
74 255
102 843
326 988
93 628
314 929
310 340
19 47
351 515
365 723
299 771
142 777
117 151
582 633
652 658
16 179
469 926
89 181
83 98
316 556
221 613
370 687
374 447
119 154
89 601
16 24
113 340
114 182
832 903
8 72
164 961
42 121
42 272
23 344
176 218
367 592
526 981
257 724
283 427
257 468
581 835
192 428
535 703
118 415
203 471
105 134
263 632
254 480
176 965
702 817
11 674
320 592
72 573
131 319
246 284
22 776
370 664
148 175
60 220
95 225
54 65
6 310
155 576
156 286
6 828
60 65
99 531
794 810
77 145
185 925
512 688
19 23
10 331
72 152
175 723
444 999
66 213
646 699
254 532
9 55
515 533
35 391
694 818
446 799
726 887
740 758
353 714
565 969
198 288
132 247
332 683
170 351
391 685
46 985
121 428
149 702
9 17
59 489
127 132
773 773
440 958
165 319
284 617
322 483
750 953
53 241
7 41
75 75
492 880
456 869
167 261
79 216
288 611
116 329
331 640
882 891
46 260
285 664
245 832
152 393
69 815
440 774
342 798
82 353
369 778
115 167
557 748
40 63
586 955
13 821
24 78
28 705
796 833
88 94
416 608
78 152
75 456
214 808
39 684
434 486
184 297
611 907
136 380
97 182
65 282
376 607
802 872
243 619
41 568
44 57
6 217
168 409
561 604
113 328
534 588
208 925
305 794
685 685
51 788
339 677
119 256
337 720
618 663
183 548
713 805
180 250
0 26
74 233
559 828
536 539
138 428
892 895
56 940
443 549
28 329
111 117
1 26
877 883
308 549
587 949
64 277
9 532
139 318
905 913
735 937
22 122
78 676
6 34
79 687
554 593
102 673
298 387
837 956
164 563
164 282
113 546
519 538
816 848
241 483
298 472
4 788
85 363
372 499
29 905
204 485
303 745
381 834
197 958
114 151
57 696
292 340
147 680
16 36
213 696
73 876
51 90
54 689
97 305
236 652
9 226
204 234
360 775
233 335
355 514
18 185
355 383
164 834
379 480
94 304
132 174
34 154
179 425
52 103
82 583
71 102
158 203
157 726
684 834
159 594
219 366
34 74
140 204
394 790
313 592
50 396
279 637
286 433
70 426
267 556
602 880
19 887
348 420
6 8
253 870
247 485
70 184
289 352
138 165
38 203
288 740
19 41
280 435
174 763
520 536
20 220
5 44
335 798
90 103
239 604
549 710
89 626
328 523
163 187
88 860
840 903
142 540
1 696
608 667
150 598
116 129
365 530
318 700
389 715
12 14
127 178
1 8
445 492
332 641
652 696
158 464
523 683
61 681
1 463
14 818
298 492
140 758
195 476
67 341
622 635
604 992
141 625
236 282
515 522
252 611
584 804
206 278
584 961
23 229
39 139
296 303
1 320
3 10
52 723
123 595
176 470
225 304
456 514
283 346
124 135
372 496
463 601
46 114
256 725
10 44
287 416
618 775
163 524
155 168
72 101
324 507
581 648
84 766
403 645
107 158
3 202
365 528
244 389
140 651
277 334
510 830
236 283
262 280
210 293
239 628
94 245
66 718
3 51
522 845
618 802
18 113
10 119
141 771
402 957
84 499
114 763
245 338
267 364
103 389
185 746
268 589
374 450
267 568
5 110
57 82
555 586
89 222
5 54
41 72
211 460
191 643
563 602
119 136
731 858
686 750
198 532
256 567
551 971
149 403
57 76
111 894
317 990
825 939
38 41
232 339
169 774
453 540
416 779
358 588
294 751
574 685
4 98
33 669
611 720
424 850
90 92
366 664
850 868
249 393
660 726
160 830
528 620
400 418
517 672
71 637
205 868
162 217
18 704
162 505
522 583
430 555
404 765
10 201
529 555
313 330
46 189
26 37
15 835
225 716
734 739
217 915
59 347
204 365
246 337
116 829
805 969
540 540
24 51
357 578
193 195
84 86
221 719
456 476
263 289
78 783
43 634
244 539
504 565
205 387
65 248
197 344
134 607
90 231
44 503
291 726
100 261
171 323
42 56
102 399
300 604
234 650
172 327
129 308
326 343
141 185
707 841
703 823
57 70
518 790
19 20
53 531
831 890
284 490
943 977
391 568
99 117
35 323
947 988
24 91
355 396
99 182
46 354
455 472
217 466
575 944
113 392
65 468
28 41
259 582
197 284
277 509
314 684
141 819
6 573
44 108
3 19
88 126
807 954
147 280
532 997
343 399
3 647
479 797
143 765
456 820
435 723
126 996
285 598
401 971
10 114
14 56
545 631
233 702
580 999
232 495
288 592
211 520
94 609
118 581
183 348
165 211
376 783
40 123
231 328
130 525
785 876
24 85
407 436
93 560
448 526
43 825
29 49
185 733
143 327
98 161
372 596
430 640
48 80
133 150
0 5
39 76
201 268
126 383
84 979
101 276
155 521
118 734
25 247
25 33
333 349
152 788
167 476
132 868
0 49
8 41
32 76
580 618
833 945
21 305
39 321
704 787
272 446
45 104
166 449
39 902
43 44
229 429
510 595
90 565
542 763
200 721
202 749
172 467
122 220
105 743
17 17
243 763
605 722
279 875
68 136
336 699
134 635
8 257
230 384
173 967
720 855
374 460
931 988
621 901
177 422
141 836
249 401
395 727
444 613
226 841
78 95
195 319
689 709
272 345
902 965
209 279
21 555
159 610
595 689
117 143
34 89
389 731
1 20
204 469
87 89
595 613
182 202
75 726
57 549
223 985
1 7
840 848
6 16
308 953
424 514
55 187
163 204
560 620
625 791
147 290
505 763
30 372
94 99
18 109
51 145
148 623
470 857
20 108
419 425
89 218
11 98
111 838
785 931
59 548
412 587
451 913
25 891
467 526
626 814
470 935
76 412
460 547
258 845
186 777
234 375
477 478
33 70
80 667
667 883
16 694
39 670
153 203
114 455
367 995
162 257
172 787
164 473
290 604
105 121
844 962
719 783
527 735
158 533
606 953
37 122
191 409
365 815
37 157
349 987
265 769
568 675
226 840
43 807
489 708
407 708
257 414
392 636
501 999
406 448
165 520
18 261
339 868
342 526
55 732
220 770
355 430
361 562
501 541
21 55
745 993
20 233
256 513
19 154
172 305
231 631
268 900
510 876
147 157
241 844
37 243
242 519
3 6
228 670
140 148
322 360
684 846
5 106
261 912
477 489
80 110
171 308
151 269
612 822
353 674
66 173
828 858
112 134
13 130
330 929
326 783
87 792
91 93
561 803
85 741
153 902
143 772
247 606
54 191
39 964
199 438
177 556
377 406
564 587
122 227
95 163
62 106
43 616
508 838
40 487
278 527
211 491
142 734
643 989
112 626
495 631
267 408
71 159
185 608
62 576
13 13
684 777
424 569
401 903
144 841
457 786
4 144
80 120
78 107
22 65
56 473
54 355
209 579
13 944
248 447
398 735
9 83
662 744
40 67
248 367
33 109
182 331
221 788
297 402
38 116
896 980
603 696
223 312
113 397
381 955
52 81
538 629
256 722
317 332
8 45
716 765
335 817
122 306
50 694
41 323
242 972
236 458
71 130
538 654
473 593
25 28
171 623
355 657
196 269
63 80
465 727
66 151
862 971
216 418
26 136
10 234
723 893
42 652
92 160
388 848
339 874
351 476
265 971
204 844
313 374
145 487
580 652
0 13
180 187
96 127
445 469
312 445
472 880
243 270
117 269
265 368
438 610
495 792
41 59
198 213
188 225
127 170
303 750
337 582
262 764
198 261
358 491
755 799
17 110
44 47
279 599
187 362
163 446
196 540
47 492
729 772
433 663
157 882
14 239
22 294
60 301
70 299
184 424
111 439
9 799
200 221
206 664
0 50
1 307
48 70
483 544
5 9
327 691
710 794
52 227
1 38
362 903
373 873
491 824
148 184
435 795
22 833
310 597
477 667
326 361
148 426
43 326
29 769
156 340
969 979
143 152
73 937
33 263
679 715
29 31
520 741
483 483
44 74
74 202
494 824
859 867
0 48
241 469
478 521
53 96
68 307
157 266
72 335
185 523
478 768
865 884
38 578
245 747
9 86
400 430
79 220
64 64
488 974
549 702
478 646
143 146
574 752
273 400
95 186
110 185
75 92
148 496
113 189
330 427
79 164
935 954
416 540
59 479
273 715
519 909
82 256
675 904
260 417
10 46
306 825
224 580
0 21
160 228
339 451
145 149
476 681
63 277
39 263
36 640
82 211
349 728
20 163
458 826
0 157
450 750
66 571
118 774
71 128
178 246
50 73
677 867
134 530
377 634
689 723
377 550
589 674
326 774
576 601
264 703
534 627
171 235
139 209
39 508
451 775
11 180
55 57
58 240
413 585
55 162
123 833
508 725
94 254
12 18
521 945
20 149
189 348
258 672
41 443
45 845
116 412
652 700
851 908
464 830
312 544
91 902
568 789
138 662
151 672
384 401
376 742
127 846
201 354
373 493
36 782
484 903
27 143
346 433
84 179
23 50
81 161
608 670
731 839
310 709
45 103
91 236
404 416
420 660
57 156
454 582
5 551
564 668
75 453
102 376
814 899
821 917
839 871
110 385
234 799
599 793
27 279
47 215
342 817
328 465
233 536
5 120
20 71
21 26
226 576
383 713
452 764
194 387
143 499
144 317
381 925
10 813
426 525
2 764
432 507
454 908
150 646
647 809
680 762
591 758
185 270
6 70
66 228
81 459
316 504
233 580
287 497
444 914
294 459
136 788
37 69
155 952
113 282
216 660
627 848
401 489
156 283
80 128
195 423
5 567
77 678
46 50
100 347
2 13
290 583
125 136
68 448
515 784
891 997
66 349
50 92
83 236
93 209
284 998
230 256
417 650
12 399
217 663
482 650
184 635
156 317
289 312
220 418
270 436
42 737
247 413
79 390
644 742
153 336
728 813
375 587
235 572
208 280
200 737
398 825
13 31
107 345
336 418
864 892
308 363
475 833
341 486
564 850
363 516
429 545
368 647
536 961
25 49
345 399
75 499
228 241
706 865
9 15
145 167
183 816
700 733
94 423
34 171
523 800
61 771
280 647
228 610
0 1
323 975
476 711
573 651
557 631
29 348
320 361
165 366
12 54
1 52
69 121
609 903
602 686
520 731
6 45
11 186
602 605
273 941
528 832
213 811
559 881
343 575
7 9
589 761
2 36
211 361
668 948
79 769
530 654
414 444
340 810
535 949
56 80
57 236
57 515
227 682
668 738
1 916
281 599
877 991
741 842
70 274
331 650
745 888
175 786
176 949
145 163
291 518
22 26
149 201
165 176
633 666
430 459
54 205
261 617
119 599
100 116
71 314
51 164
5 31
697 796
119 644
343 680
86 218
525 935
2 38
103 348
278 595
154 306
90 214
714 791
235 244
601 820
304 846
23 356
62 866
47 166
80 212
404 978
862 922
476 675
18 497
3 5
126 988
60 138
72 879
207 212
227 358
39 1 59 62 66 109 134 162 204 221 258 285 418 583 620 657 691 717 740 837 1102 1199 1216 1360 1361 1367 1395 1399 1483 1484 1558 1559 1600 1640 1690 1697 1741 1797 1852 1923 
48 6 20 28 48 51 81 112 118 250 403 447 469 509 596 635 656 697 716 737 892 897 921 1017 1026 1036 1039 1055 1064 1098 1102 1145 1232 1356 1471 1476 1485 1543 1567 1617 1655 1695 1765 1812 1833 1863 1875 1891 1915 
40 65 74 116 124 158 159 239 264 340 393 511 519 547 685 720 784 790 845 848 947 1093 1097 1146 1192 1198 1226 1313 1372 1382 1384 1416 1432 1480 1614 1630 1720 1773 1829 1844 1853 
42 19 23 65 138 274 341 369 414 460 510 528 542 603 739 763 878 983 991 1020 1063 1068 1073 1115 1129 1146 1175 1243 1314 1360 1400 1430 1486 1505 1626 1644 1653 1775 1781 1811 1815 1874 1901 
44 23 85 183 211 247 315 415 452 496 671 676 733 774 939 960 983 1094 1192 1251 1284 1292 1325 1331 1372 1394 1485 1498 1544 1553 1557 1560 1672 1680 1709 1716 1733 1734 1743 1748 1754 1757 1835 1860 1881 
34 62 65 91 253 286 581 600 717 758 808 956 976 1156 1168 1176 1198 1231 1256 1282 1288 1297 1308 1334 1412 1434 1445 1447 1538 1571 1597 1713 1833 1939 1963 
45 23 95 153 244 275 343 387 394 423 603 605 618 649 673 824 853 854 917 921 948 998 1061 1062 1118 1183 1216 1364 1379 1426 1473 1539 1544 1579 1608 1618 1677 1702 1710 1720 1776 1858 1878 1925 1970 1992 
46 43 47 152 157 176 238 278 337 394 415 416 417 490 607 620 654 663 716 922 987 1027 1072 1115 1118 1241 1250 1265 1318 1364 1437 1440 1459 1471 1504 1572 1606 1694 1700 1714 1733 1772 1813 1840 1935 1954 1961 
38 21 24 94 169 186 323 365 416 488 598 652 681 723 725 772 781 870 975 982 1008 1014 1182 1247 1406 1419 1491 1529 1546 1550 1572 1711 1759 1791 1842 1942 1960 1969 1987 
31 5 8 22 110 111 117 141 199 267 289 320 358 471 507 629 889 967 1006 1045 1177 1250 1388 1398 1527 1564 1575 1589 1768 1831 1886 1943 
47 46 55 111 113 274 334 351 379 383 458 484 497 547 644 667 766 769 856 866 882 957 986 1008 1029 1063 1168 1199 1249 1260 1328 1430 1474 1517 1554 1571 1579 1612 1638 1761 1767 1814 1843 1886 1918 1923 1964 1971 
34 35 65 89 172 266 295 296 382 425 432 509 782 843 867 993 1017 1032 1034 1137 1145 1260 1269 1302 1381 1409 1426 1581 1583 1716 1722 1767 1871 1932 1939 
44 3 137 159 191 207 218 334 512 521 623 637 639 645 710 718 826 838 875 891 920 1003 1107 1131 1134 1225 1244 1263 1281 1319 1342 1343 1399 1419 1430 1457 1481 1631 1713 1763 1796 1815 1885 1890 1893 
43 50 132 138 162 200 217 291 295 363 432 445 501 551 570 608 662 703 740 803 841 851 859 898 925 1076 1126 1134 1147 1172 1177 1247 1385 1386 1397 1482 1495 1518 1625 1632 1642 1662 1705 1902 
37 0 144 189 259 328 349 356 402 431 502 510 515 517 670 698 699 726 743 759 815 897 939 945 1078 1153 1187 1246 1377 1402 1472 1484 1683 1728 1734 1857 1870 1894 
52 71 77 88 109 158 167 199 204 311 421 430 439 453 459 483 488 515 541 556 589 625 643 733 740 742 761 773 801 874 883 887 900 917 943 987 1070 1149 1212 1261 1278 1332 1334 1394 1424 1512 1549 1568 1663 1671 1791 1799 1978 
41 12 47 114 128 215 227 342 359 362 426 452 490 518 627 638 679 796 831 843 897 914 984 1155 1231 1267 1279 1304 1338 1473 1488 1525 1526 1574 1598 1661 1671 1716 1786 1864 1866 1921 
39 22 61 98 177 200 214 240 358 379 384 389 414 442 467 611 642 695 725 783 789 989 991 1193 1230 1286 1366 1369 1448 1504 1515 1518 1525 1637 1691 1759 1796 1798 1855 1947 
39 113 274 297 365 368 400 418 485 486 622 675 899 900 941 992 1070 1097 1110 1163 1250 1261 1361 1403 1442 1469 1512 1524 1551 1585 1592 1629 1653 1679 1709 1722 1810 1932 1952 1985 
47 68 110 117 137 239 261 314 343 357 366 390 392 399 424 433 449 489 512 551 584 597 751 789 831 985 1019 1074 1081 1125 1148 1164 1186 1197 1278 1285 1327 1340 1489 1528 1569 1620 1646 1678 1749 1784 1801 1867 
37 240 278 316 527 579 645 688 706 724 742 750 767 822 835 970 1005 1056 1097 1100 1313 1418 1429 1442 1488 1551 1552 1553 1577 1592 1611 1677 1837 1850 1873 1944 1956 1976 
43 156 164 215 226 289 334 356 381 390 520 541 550 620 707 802 878 885 899 911 927 946 947 986 1044 1052 1119 1169 1228 1275 1310 1320 1323 1401 1586 1640 1689 1794 1803 1810 1852 1900 1915 1979 
53 46 83 157 199 259 277 307 376 484 510 577 588 594 602 615 623 627 632 637 654 687 692 713 722 739 782 817 822 888 914 1047 1113 1120 1165 1293 1378 1444 1484 1494 1528 1573 1578 1587 1588 1606 1632 1659 1673 1761 1768 1820 1824 1873 
37 90 310 313 468 492 496 540 555 561 604 629 652 719 745 936 938 950 1026 1078 1086 1105 1118 1119 1162 1380 1546 1552 1585 1610 1622 1667 1731 1758 1782 1794 1905 1975 
32 4 40 129 147 150 222 239 406 424 438 626 709 741 866 929 943 1011 1057 1059 1076 1106 1119 1130 1206 1231 1382 1404 1443 1486 1546 1739 1953 
47 115 139 187 198 206 227 236 290 358 393 426 455 515 535 606 641 686 776 823 841 855 949 960 1021 1029 1053 1072 1199 1213 1227 1232 1248 1330 1391 1445 1584 1603 1640 1657 1709 1730 1775 1798 1895 1910 1956 1974 
43 23 154 175 198 239 268 277 394 410 453 463 644 693 695 724 774 797 814 850 897 923 999 1055 1084 1124 1208 1287 1299 1347 1379 1402 1403 1481 1505 1547 1568 1601 1837 1853 1872 1909 1936 1957 
34 27 89 153 224 335 523 578 659 677 707 722 752 844 867 937 1167 1189 1333 1406 1407 1446 1469 1490 1527 1548 1570 1625 1688 1693 1752 1784 1790 1811 1822 
36 10 99 117 142 154 222 292 303 333 338 404 468 527 623 630 634 766 811 836 900 929 987 1043 1094 1131 1277 1295 1300 1312 1448 1556 1635 1696 1718 1742 1815 
38 0 106 139 153 196 223 231 345 408 436 454 553 571 660 671 736 750 812 882 934 1259 1268 1290 1332 1427 1439 1442 1476 1509 1600 1724 1751 1777 1778 1838 1893 1909 1975 
35 153 160 180 200 256 408 485 552 681 797 838 843 868 888 913 966 1032 1082 1121 1140 1150 1162 1178 1261 1296 1411 1433 1485 1618 1671 1801 1869 1901 1912 1981 
33 3 64 69 105 161 290 389 445 517 541 651 764 767 786 887 936 956 963 995 1005 1091 1117 1144 1188 1230 1264 1424 1488 1544 1838 1846 1952 1977 
48 3 50 116 122 132 178 188 192 213 276 339 353 357 386 444 462 513 516 596 729 731 780 842 858 942 976 1055 1057 1103 1228 1355 1360 1450 1456 1508 1557 1603 1633 1643 1658 1710 1821 1824 1878 1896 1899 1932 1935 
46 67 255 339 349 365 391 431 440 542 555 577 583 614 633 712 724 727 765 805 813 857 873 964 981 1015 1035 1084 1232 1301 1312 1313 1335 1412 1428 1445 1546 1682 1696 1724 1798 1814 1842 1923 1955 1968 1979 
46 33 86 122 163 230 249 258 300 306 343 368 432 438 444 467 469 472 546 584 589 594 749 752 825 866 872 941 955 965 1092 1138 1196 1237 1321 1377 1386 1434 1463 1516 1542 1710 1730 1737 1856 1881 1967 
35 6 41 58 173 229 362 451 594 627 741 796 882 955 981 1006 1010 1030 1047 1079 1108 1126 1157 1162 1241 1298 1506 1559 1563 1645 1717 1719 1776 1859 1944 1990 
30 63 211 420 437 532 596 893 931 956 972 980 1074 1096 1117 1120 1144 1242 1243 1264 1319 1431 1444 1548 1562 1566 1568 1639 1665 1690 1696 
37 1 197 199 260 346 367 404 443 526 556 714 802 870 903 929 980 990 1018 1027 1122 1157 1166 1252 1331 1334 1355 1453 1494 1504 1569 1623 1627 1819 1912 1917 1953 1990 
42 22 41 69 83 92 106 203 236 303 312 344 355 432 439 453 509 518 546 559 605 707 759 768 824 830 898 899 913 931 1030 1283 1297 1383 1490 1556 1582 1602 1622 1660 1785 1817 1988 
28 119 122 171 287 293 443 485 688 698 702 781 847 1031 1041 1089 1187 1292 1312 1347 1377 1444 1496 1679 1698 1780 1782 1884 1960 
36 43 107 190 256 384 398 473 498 515 563 635 694 761 785 815 883 933 1050 1051 1053 1083 1146 1449 1499 1527 1545 1549 1589 1713 1753 1802 1822 1871 1962 1966 1993 
45 116 130 237 254 353 371 417 451 483 490 544 555 594 677 726 852 867 922 924 991 1008 1113 1156 1160 1237 1260 1289 1315 1324 1397 1411 1415 1543 1597 1600 1637 1695 1730 1762 1784 1816 1830 1881 1952 1979 
29 2 54 97 184 198 279 313 514 553 579 610 614 625 678 836 845 865 1112 1123 1133 1354 1382 1477 1569 1789 1820 1825 1969 1988 
35 30 85 88 227 239 285 390 449 452 483 561 657 803 943 957 1008 1069 1098 1194 1312 1321 1330 1389 1390 1401 1404 1426 1428 1596 1742 1778 1830 1834 1980 1986 
35 33 110 116 237 392 465 496 567 593 628 646 694 759 772 804 807 841 879 986 1190 1209 1217 1318 1392 1415 1451 1639 1658 1674 1675 1764 1839 1957 1986 1991 
32 2 49 57 236 418 438 464 487 509 514 529 690 727 784 798 811 827 904 926 937 961 973 1014 1101 1236 1240 1258 1365 1375 1387 1474 1775 
46 5 69 105 138 147 156 272 275 338 348 358 473 480 540 664 668 714 720 721 861 891 952 955 961 965 1120 1152 1179 1184 1257 1381 1398 1406 1494 1506 1577 1636 1734 1767 1777 1811 1817 1852 1855 1908 1959 
34 1 4 53 84 119 228 257 325 385 417 495 543 700 748 767 793 902 933 950 971 1075 1130 1164 1165 1348 1442 1451 1505 1524 1580 1651 1810 1821 1872 
31 13 107 186 256 272 357 363 457 488 632 674 807 841 919 923 931 940 1019 1060 1082 1087 1220 1237 1246 1556 1587 1661 1673 1695 1719 1805 
31 199 268 291 361 414 418 472 495 551 578 626 691 768 812 819 836 981 1026 1070 1172 1217 1373 1469 1470 1490 1534 1546 1691 1718 1766 1895 
41 14 21 107 160 179 202 289 341 380 451 489 587 628 711 716 842 902 945 956 970 995 1099 1151 1219 1220 1316 1341 1382 1420 1444 1461 1550 1583 1621 1675 1706 1707 1722 1850 1876 1944 
36 49 69 183 209 230 290 311 313 319 341 430 466 594 654 808 832 834 841 851 932 980 1012 1054 1132 1210 1294 1450 1463 1485 1508 1659 1753 1920 1936 1984 1988 
49 100 123 141 169 200 206 302 325 368 386 421 430 468 483 508 575 579 582 603 646 676 761 825 902 957 982 1056 1070 1105 1151 1155 1158 1229 1232 1273 1359 1365 1400 1415 1467 1558 1570 1594 1605 1672 1692 1823 1952 1992 
48 167 170 182 410 431 439 470 485 491 544 567 571 594 641 697 740 779 811 845 915 921 979 982 1009 1081 1171 1186 1187 1202 1244 1262 1381 1433 1493 1496 1566 1641 1680 1738 1760 1788 1823 1829 1841 1871 1875 1917 1986 
29 3 43 52 108 115 339 342 374 593 693 715 801 823 839 924 1051 1098 1109 1149 1378 1408 1507 1513 1572 1598 1638 1702 1772 1919 
41 11 62 155 252 288 322 329 330 431 523 583 691 783 865 918 928 962 967 1076 1146 1172 1274 1282 1293 1406 1438 1465 1468 1480 1502 1531 1579 1599 1744 1756 1758 1781 1831 1870 1920 1958 
37 42 83 85 175 184 185 206 238 269 273 287 292 310 391 394 405 412 433 438 642 655 690 819 865 926 930 931 1080 1107 1285 1313 1337 1364 1483 1576 1714 1988 
37 29 64 83 84 113 236 288 291 361 382 389 435 436 438 441 463 579 638 684 709 742 914 969 989 1282 1357 1383 1394 1458 1511 1547 1568 1575 1674 1675 1780 1946 
39 83 143 159 180 205 213 257 344 349 396 399 494 511 544 606 691 876 964 991 1014 1025 1034 1075 1122 1192 1196 1208 1218 1244 1294 1350 1367 1425 1535 1545 1673 1693 1698 1796 
32 94 148 166 252 294 365 397 419 437 455 470 523 611 654 746 811 918 937 1081 1223 1244 1261 1276 1283 1288 1478 1492 1543 1545 1572 1803 1933 
40 120 134 173 183 223 265 301 399 408 409 460 478 484 576 650 658 803 902 982 1092 1141 1222 1248 1270 1333 1386 1398 1480 1506 1509 1529 1597 1647 1717 1726 1786 1872 1874 1953 1987 
39 13 80 89 121 138 158 171 306 389 391 417 445 447 500 549 595 641 653 708 779 1009 1021 1095 1109 1144 1170 1229 1254 1350 1464 1507 1652 1733 1835 1864 1896 1913 1951 1987 
42 4 25 32 39 44 55 73 114 173 274 361 456 515 592 754 862 863 883 921 957 962 974 1025 1092 1111 1114 1188 1288 1455 1485 1495 1588 1601 1699 1731 1785 1834 1856 1859 1871 1888 1931 
29 76 226 275 375 511 573 648 661 777 917 969 1040 1092 1098 1221 1260 1336 1402 1403 1493 1512 1620 1630 1692 1712 1756 1842 1904 1994 
41 20 42 48 51 55 71 108 185 186 195 226 262 415 422 461 463 492 623 727 829 962 967 1027 1058 1127 1142 1291 1298 1346 1379 1431 1488 1489 1505 1507 1578 1761 1853 1873 1913 1914 
45 88 170 198 332 340 367 370 471 484 510 540 570 593 597 670 753 876 935 988 994 1006 1041 1059 1066 1090 1117 1144 1179 1246 1262 1294 1427 1429 1442 1500 1506 1598 1635 1659 1745 1780 1788 1831 1837 1879 
35 0 20 170 201 204 304 339 393 401 511 595 598 617 760 797 802 844 865 908 968 1058 1110 1133 1161 1179 1575 1605 1624 1658 1674 1741 1749 1751 1803 1874 
38 2 52 95 206 210 266 301 308 341 360 396 405 455 582 616 693 732 793 794 797 824 842 898 929 963 1091 1195 1287 1324 1329 1465 1483 1628 1799 1852 1895 1914 1981 
42 6 21 25 26 36 96 174 236 297 307 309 366 389 452 557 643 707 742 806 814 816 829 852 859 885 905 985 993 1007 1026 1291 1376 1501 1526 1577 1629 1672 1843 1872 1893 1939 1999 
34 475 525 548 593 639 675 913 955 956 958 1101 1224 1247 1258 1361 1384 1410 1417 1449 1519 1524 1571 1574 1586 1663 1725 1766 1776 1856 1899 1917 1936 1959 1978 
35 1 32 94 131 274 294 390 468 497 618 683 694 800 823 897 905 959 982 1101 1125 1221 1226 1242 1291 1337 1404 1493 1615 1676 1740 1757 1780 1802 1840 1918 
42 33 45 66 90 162 205 241 378 431 461 532 596 621 623 625 642 672 731 775 889 996 1052 1145 1163 1164 1167 1209 1359 1379 1456 1466 1531 1550 1584 1590 1600 1619 1634 1756 1808 1894 1961 
32 20 107 120 178 251 318 374 471 545 622 751 782 793 912 919 932 1081 1122 1272 1276 1316 1333 1337 1362 1381 1489 1526 1604 1647 1744 1813 1942 
36 67 136 149 215 233 243 259 278 321 390 462 611 672 698 760 804 806 843 865 934 948 966 1173 1265 1288 1319 1322 1369 1374 1390 1452 1479 1575 1754 1834 1883 
37 83 89 120 228 307 331 404 477 487 490 499 577 637 748 993 1006 1057 1150 1276 1284 1291 1344 1376 1377 1443 1554 1607 1649 1663 1668 1709 1755 1787 1792 1853 1881 1986 
35 156 169 341 356 362 364 450 466 546 672 689 721 938 961 986 1022 1072 1180 1238 1245 1316 1335 1380 1390 1574 1638 1642 1691 1699 1731 1755 1770 1829 1888 1940 
36 8 72 108 110 218 234 275 344 418 484 496 599 691 848 883 913 930 1038 1056 1121 1129 1165 1176 1258 1306 1312 1335 1339 1340 1475 1620 1656 1720 1764 1794 1959 
37 10 115 155 201 202 263 286 325 372 590 593 758 825 869 885 1088 1093 1138 1146 1225 1226 1227 1266 1271 1275 1354 1410 1425 1480 1509 1628 1675 1706 1729 1793 1887 1984 
42 7 41 63 224 244 257 362 450 462 509 552 580 671 746 771 787 847 891 900 1008 1052 1070 1152 1183 1214 1233 1264 1332 1342 1368 1383 1468 1474 1531 1721 1747 1755 1797 1830 1835 1870 1986 
43 7 73 77 182 238 310 327 350 385 483 553 709 725 726 841 865 868 884 924 966 1028 1080 1101 1170 1205 1279 1356 1392 1404 1417 1477 1512 1612 1613 1689 1735 1742 1758 1810 1821 1934 1975 1986 
36 75 93 123 144 159 160 209 260 351 422 540 542 552 580 688 694 739 866 871 890 1099 1117 1151 1236 1314 1343 1354 1576 1642 1643 1728 1785 1851 1857 1918 1982 
33 44 63 86 90 157 209 307 327 494 497 620 679 693 696 703 761 882 949 1144 1152 1162 1222 1280 1377 1521 1606 1644 1705 1732 1830 1871 1966 1993 
31 15 24 25 63 111 145 185 198 223 267 352 357 547 716 820 969 1036 1040 1264 1270 1349 1489 1515 1569 1672 1692 1701 1805 1831 1927 1983 
43 62 78 85 137 138 144 174 181 250 345 348 359 365 434 450 486 491 521 540 593 599 602 715 751 801 825 909 931 936 942 1194 1326 1333 1335 1348 1354 1452 1700 1718 1756 1830 1855 1974 
37 11 42 78 83 118 243 309 362 442 475 564 578 621 638 655 724 778 799 828 871 901 906 931 956 1132 1143 1236 1291 1309 1334 1406 1409 1459 1547 1818 1854 1921 
48 9 84 87 106 154 254 287 315 404 419 563 626 670 680 718 737 788 796 799 805 833 857 904 974 1032 1177 1264 1282 1353 1358 1369 1378 1396 1404 1470 1472 1498 1580 1640 1711 1753 1762 1808 1816 1830 1918 1928 1949 
43 37 40 121 198 211 212 236 263 355 373 376 377 433 436 558 608 631 687 731 783 822 902 930 1100 1159 1247 1319 1322 1330 1416 1468 1575 1732 1782 1787 1795 1813 1889 1931 1932 1963 1975 1986 
39 0 21 140 145 164 315 350 436 472 475 489 514 524 545 557 578 653 696 721 750 795 811 831 997 1033 1053 1071 1082 1096 1156 1339 1413 1664 1709 1777 1778 1818 1833 1995 
47 14 208 228 317 318 326 412 430 454 484 534 549 577 593 680 693 718 719 794 855 870 932 936 981 1030 1180 1181 1186 1246 1267 1268 1332 1366 1393 1430 1486 1530 1558 1730 1823 1836 1897 1908 1940 1969 1976 1980 
35 26 45 139 160 169 221 261 264 294 329 430 439 557 598 632 707 741 816 822 853 1010 1116 1191 1210 1257 1259 1443 1481 1530 1536 1737 1775 1795 1845 1937 
43 138 169 221 283 287 345 381 476 500 513 522 542 552 568 607 622 642 645 656 695 710 724 733 762 779 802 964 1101 1128 1155 1188 1403 1461 1560 1570 1589 1638 1658 1689 1794 1832 1862 1986 
35 57 64 82 259 402 547 596 660 725 745 759 770 781 827 938 1026 1153 1186 1190 1191 1212 1238 1251 1267 1303 1354 1407 1470 1585 1746 1815 1819 1825 1880 1912 
32 143 302 308 321 470 505 624 712 848 857 912 936 977 1059 1085 1106 1170 1175 1209 1366 1377 1490 1511 1587 1609 1671 1811 1880 1924 1952 1982 1996 
32 38 56 70 105 122 131 136 233 253 256 369 506 564 616 620 671 814 1103 1215 1357 1448 1481 1533 1593 1641 1739 1761 1798 1819 1901 1966 1978 
42 23 84 87 106 151 200 227 242 273 292 416 510 537 601 624 676 678 738 834 842 894 900 913 999 1003 1046 1126 1246 1314 1320 1377 1382 1445 1527 1650 1691 1708 1832 1925 1965 1988 1993 
38 51 76 129 199 203 272 305 336 441 498 516 597 685 699 770 812 925 1011 1062 1269 1270 1356 1361 1378 1429 1435 1491 1524 1616 1618 1639 1670 1684 1708 1732 1771 1799 1995 
37 62 71 172 179 192 205 234 273 276 339 396 419 452 545 553 622 625 667 706 708 788 890 929 1099 1225 1242 1409 1433 1510 1598 1679 1719 1827 1834 1862 1931 1934 
52 53 87 110 113 118 149 190 208 276 284 320 345 392 422 428 448 598 624 670 730 758 787 884 974 977 1006 1054 1094 1132 1162 1208 1266 1277 1338 1372 1378 1382 1466 1482 1505 1509 1516 1564 1628 1700 1753 1790 1800 1868 1874 1943 1960 
42 8 9 54 112 176 296 347 396 491 520 624 689 692 741 771 811 926 985 1058 1128 1226 1227 1262 1272 1285 1355 1438 1455 1467 1571 1573 1640 1642 1643 1671 1676 1677 1750 1759 1762 1861 1977 
46 0 2 4 17 31 130 150 161 232 292 298 338 358 361 392 400 449 465 504 600 622 626 640 762 822 917 972 1147 1150 1169 1195 1211 1268 1330 1341 1425 1447 1465 1469 1489 1506 1584 1717 1841 1916 1931 
31 56 157 221 281 381 391 406 498 558 565 715 720 759 765 793 869 1007 1025 1037 1093 1272 1435 1655 1672 1681 1694 1813 1874 1880 1892 1903 
46 93 97 98 125 177 205 212 222 360 431 444 510 523 545 604 709 710 725 729 872 996 1012 1016 1054 1070 1071 1100 1124 1127 1172 1194 1245 1253 1298 1318 1342 1349 1362 1367 1404 1493 1508 1669 1672 1818 1959 
42 0 37 62 190 201 204 274 319 352 357 379 431 434 490 586 640 653 678 748 821 850 930 938 1009 1040 1054 1067 1158 1265 1342 1361 1528 1545 1548 1577 1578 1637 1714 1748 1797 1916 1975 
36 142 188 214 311 380 474 485 518 519 541 563 574 599 602 641 739 793 916 918 934 1027 1076 1210 1235 1269 1503 1524 1532 1630 1678 1731 1742 1898 1905 1958 1983 
35 87 105 159 255 287 339 372 373 391 393 407 413 566 613 637 743 761 763 764 809 860 935 992 1087 1191 1258 1357 1414 1431 1604 1727 1852 1866 1911 1967 
50 16 39 126 191 242 307 398 463 486 548 554 562 566 569 621 637 696 758 760 763 838 882 932 954 978 1028 1030 1031 1258 1285 1378 1391 1444 1445 1454 1460 1492 1495 1601 1610 1648 1685 1753 1769 1813 1816 1879 1904 1977 1980 
41 18 95 127 293 360 422 442 487 522 549 574 697 713 805 872 890 903 927 930 984 1015 1062 1082 1092 1104 1114 1119 1163 1201 1248 1259 1262 1283 1308 1464 1565 1741 1753 1782 1963 1978 
42 10 153 217 240 288 317 379 446 565 608 612 630 656 662 780 799 849 929 1033 1093 1097 1153 1174 1176 1182 1268 1286 1374 1380 1403 1466 1573 1596 1623 1637 1665 1697 1710 1714 1730 1733 1862 
42 5 51 155 194 246 251 257 363 403 446 467 512 518 604 623 658 712 719 782 875 1029 1091 1145 1188 1225 1447 1483 1529 1532 1534 1557 1613 1621 1704 1755 1799 1833 1846 1870 1896 1897 1992 
43 68 103 109 129 158 172 249 308 330 340 392 435 441 450 507 647 708 709 727 728 881 898 912 968 983 1120 1135 1192 1286 1337 1338 1414 1425 1436 1639 1731 1776 1838 1869 1887 1895 1903 1936 
41 47 109 224 325 351 384 514 554 572 726 729 735 755 766 811 901 905 960 985 1032 1062 1123 1127 1128 1167 1218 1290 1292 1336 1383 1393 1395 1407 1427 1571 1603 1662 1788 1810 1857 1906 
31 171 180 202 252 308 400 430 522 542 556 671 691 732 738 753 773 933 942 1052 1124 1167 1175 1235 1252 1277 1388 1429 1463 1731 1869 1937 
44 123 170 181 182 235 273 293 318 522 527 617 738 832 840 849 939 1001 1058 1103 1122 1173 1194 1214 1217 1234 1288 1302 1311 1314 1342 1354 1385 1453 1523 1599 1698 1723 1776 1820 1833 1867 1921 1933 1998 
33 1 79 96 238 331 358 462 541 625 740 741 840 879 963 996 1029 1033 1169 1283 1294 1330 1379 1528 1621 1703 1719 1736 1794 1836 1875 1903 1933 1954 
30 139 155 220 231 360 389 434 436 658 669 743 798 824 850 918 1000 1071 1104 1251 1520 1585 1615 1620 1641 1667 1829 1856 1858 1914 1917 
47 6 49 63 104 225 241 325 354 372 382 483 484 501 528 573 580 592 607 637 666 738 749 751 762 794 833 930 951 1077 1124 1148 1158 1248 1328 1356 1387 1484 1515 1552 1572 1576 1775 1801 1815 1849 1851 1989 
37 9 16 201 224 275 326 470 501 546 587 627 647 655 665 767 796 812 833 877 886 923 983 1074 1099 1208 1218 1231 1271 1428 1510 1593 1689 1854 1872 1879 1938 1954 
49 9 11 105 137 255 258 299 330 369 415 464 516 585 599 643 739 762 901 912 975 981 989 1013 1058 1094 1118 1121 1149 1259 1267 1336 1345 1357 1359 1390 1391 1425 1426 1434 1442 1493 1660 1672 1689 1850 1883 1900 1935 1945 
46 7 53 74 102 165 218 253 297 309 336 434 440 446 524 638 701 827 946 988 1002 1031 1043 1057 1117 1209 1228 1229 1339 1354 1365 1486 1555 1567 1598 1602 1614 1695 1755 1762 1797 1814 1888 1926 1950 1952 1972 
45 44 156 176 202 264 339 356 420 425 458 464 474 550 569 608 675 745 769 827 854 911 914 929 987 992 1037 1095 1211 1240 1255 1315 1370 1388 1405 1523 1525 1599 1619 1754 1776 1796 1876 1953 1957 1975 
49 5 24 43 119 143 191 193 203 298 364 457 472 526 680 797 812 815 919 955 983 1073 1168 1228 1330 1333 1352 1358 1371 1380 1428 1446 1491 1494 1514 1555 1567 1570 1596 1607 1640 1658 1667 1695 1734 1758 1854 1870 1906 1977 
36 1 27 45 120 216 219 223 344 368 414 450 504 654 658 676 692 695 851 988 1102 1219 1312 1348 1407 1463 1569 1599 1621 1659 1680 1696 1882 1910 1931 1937 1968 
44 22 93 140 193 293 323 359 385 407 473 493 543 558 560 697 822 829 834 868 906 912 932 939 981 1067 1073 1080 1190 1285 1290 1349 1363 1396 1448 1481 1482 1637 1646 1779 1812 1820 1826 1836 1873 
31 3 4 38 48 178 230 232 272 299 348 421 509 543 551 585 590 653 730 1007 1065 1129 1240 1261 1371 1507 1710 1715 1730 1844 1863 1994 
43 73 125 171 177 181 276 338 416 437 474 478 550 554 640 674 681 696 712 748 769 835 851 980 987 998 1071 1166 1225 1235 1274 1286 1339 1362 1591 1615 1622 1625 1661 1707 1907 1912 1916 1987 
43 125 181 201 237 255 265 289 298 301 354 375 433 440 465 603 672 674 735 739 873 889 989 1024 1064 1198 1207 1229 1233 1287 1391 1439 1443 1510 1622 1735 1737 1816 1821 1827 1854 1877 1882 1990 
36 99 153 155 176 203 290 308 326 333 448 481 505 602 609 655 753 858 867 868 886 920 958 1060 1166 1197 1289 1307 1401 1443 1516 1618 1627 1654 1656 1704 1795 
35 22 46 128 165 231 238 251 303 370 411 463 486 561 662 675 679 691 699 714 756 847 852 888 973 1000 1029 1313 1317 1466 1488 1509 1604 1698 1809 1932 
38 30 262 265 289 292 476 483 499 536 585 677 828 886 898 913 940 1096 1171 1234 1263 1321 1414 1432 1529 1547 1638 1643 1664 1683 1718 1737 1767 1800 1847 1871 1913 1949 1990 
32 74 75 92 105 240 313 314 511 569 631 639 661 752 771 885 937 967 1010 1049 1051 1085 1174 1186 1202 1413 1464 1500 1553 1712 1802 1913 1948 
35 95 127 202 219 267 391 403 411 429 455 519 526 539 565 581 597 612 624 633 762 1030 1211 1301 1446 1594 1595 1622 1654 1662 1702 1710 1712 1756 1812 1958 
39 0 45 50 87 121 186 210 214 390 439 586 771 817 828 846 929 955 980 981 1083 1227 1228 1256 1275 1331 1336 1364 1405 1511 1527 1597 1618 1647 1669 1715 1783 1855 1924 1926 
31 68 140 198 261 339 393 591 655 763 766 770 826 916 1041 1066 1200 1203 1254 1258 1403 1427 1544 1596 1660 1732 1825 1919 1920 1935 1938 1940 
28 107 142 213 215 243 285 288 348 366 371 454 517 595 728 784 1060 1141 1215 1225 1266 1335 1356 1385 1399 1468 1560 1771 1959 
41 20 175 241 242 255 331 358 395 512 559 692 740 815 973 1035 1042 1065 1120 1173 1241 1297 1317 1318 1334 1336 1337 1340 1345 1358 1392 1492 1499 1501 1525 1590 1835 1839 1853 1869 1896 1934 
37 81 153 248 278 299 308 324 346 506 548 562 582 738 747 754 813 887 898 1066 1108 1210 1224 1484 1578 1676 1740 1754 1765 1806 1829 1833 1848 1873 1905 1929 1948 1956 
41 175 256 286 356 453 462 547 591 610 612 619 744 758 813 882 976 1009 1054 1071 1096 1099 1117 1120 1178 1189 1265 1307 1341 1346 1351 1368 1451 1482 1535 1619 1727 1830 1850 1861 1894 1921 
37 101 102 230 304 326 355 359 402 409 435 459 495 600 643 770 791 814 915 1022 1080 1162 1171 1178 1187 1245 1304 1445 1492 1514 1525 1526 1561 1609 1757 1811 1853 1885 
44 105 154 171 184 277 287 312 338 345 397 416 585 595 640 804 846 894 958 979 992 1057 1084 1085 1091 1092 1163 1178 1189 1242 1296 1437 1480 1498 1517 1573 1618 1644 1686 1693 1736 1770 1818 1824 1843 
37 23 36 145 260 269 329 338 494 544 555 572 615 673 726 745 800 865 1065 1079 1094 1111 1163 1295 1296 1315 1338 1344 1358 1402 1421 1690 1708 1725 1750 1779 1783 1982 
43 22 114 136 139 174 189 212 335 350 356 388 395 416 434 456 473 513 562 598 609 624 820 885 920 1006 1036 1074 1106 1187 1203 1243 1290 1449 1580 1624 1648 1701 1814 1882 1900 1929 1941 1955 
44 108 177 185 220 237 335 340 500 514 533 550 600 603 620 882 945 979 985 1037 1071 1078 1096 1125 1137 1181 1185 1266 1315 1379 1428 1438 1458 1478 1551 1576 1632 1634 1653 1717 1810 1814 1819 1839 1859 
39 88 153 168 285 430 453 479 487 607 629 673 790 795 817 823 848 866 917 1004 1010 1075 1084 1095 1124 1293 1331 1337 1385 1465 1483 1582 1668 1711 1765 1877 1884 1887 1970 1997 
41 28 126 152 207 294 311 359 360 361 363 599 613 656 758 925 964 970 1011 1013 1020 1025 1056 1061 1216 1265 1285 1341 1357 1386 1389 1409 1425 1475 1520 1528 1597 1623 1699 1708 1757 1998 
42 9 35 47 66 89 154 176 240 353 395 407 631 634 655 663 747 760 830 882 1004 1032 1097 1131 1164 1249 1260 1363 1427 1527 1559 1568 1583 1743 1763 1807 1834 1840 1898 1902 1904 1919 1965 
36 20 22 25 56 92 111 173 258 310 312 449 628 765 1025 1119 1123 1154 1225 1293 1323 1467 1535 1561 1611 1619 1629 1631 1721 1735 1744 1764 1850 1897 1898 1941 1965 
39 2 34 201 235 257 276 312 371 441 442 467 577 621 659 670 672 908 1135 1164 1233 1253 1259 1317 1336 1362 1427 1447 1468 1543 1544 1597 1612 1720 1746 1786 1806 1851 1940 1958 
42 7 135 172 188 189 234 243 260 262 279 310 337 427 529 578 601 704 740 761 779 944 969 989 1149 1157 1200 1209 1226 1306 1368 1387 1517 1525 1639 1646 1804 1810 1840 1914 1936 1976 1989 
44 7 137 244 245 261 291 355 420 531 540 564 707 724 795 853 871 903 930 971 1007 1039 1073 1095 1108 1152 1189 1213 1356 1424 1485 1504 1596 1639 1666 1715 1723 1730 1738 1795 1836 1858 1907 1925 1989 
37 62 72 148 295 297 316 423 435 451 488 588 617 646 653 693 812 826 884 999 1166 1168 1214 1241 1330 1463 1471 1482 1573 1609 1689 1711 1781 1817 1841 1933 1976 1981 
39 48 80 170 196 255 300 305 381 457 581 606 615 728 822 877 901 915 916 984 1095 1105 1211 1283 1345 1346 1412 1435 1530 1533 1583 1608 1628 1659 1715 1723 1768 1851 1917 1954 
34 82 203 245 307 326 343 399 661 707 824 832 962 980 1010 1015 1075 1093 1098 1131 1186 1292 1295 1316 1335 1375 1404 1446 1491 1508 1567 1650 1699 1726 1730 
30 4 42 91 130 209 236 328 388 511 512 729 780 850 900 1051 1073 1086 1091 1125 1130 1180 1327 1355 1402 1545 1574 1576 1613 1626 1734 
38 52 184 340 482 536 564 595 665 673 764 768 830 845 883 895 899 922 940 944 982 1091 1121 1296 1405 1432 1440 1484 1487 1550 1557 1703 1714 1731 1738 1865 1877 1933 1935 
44 12 32 41 54 71 139 141 329 434 469 521 535 570 581 582 586 627 637 806 813 818 867 897 910 960 963 990 1053 1196 1240 1284 1300 1384 1428 1597 1620 1755 1777 1829 1914 1955 1956 1971 1996 
40 0 70 96 108 136 222 247 275 328 367 424 587 727 738 744 860 891 971 1069 1147 1169 1184 1284 1363 1373 1395 1426 1443 1504 1526 1616 1625 1649 1660 1676 1677 1732 1779 1945 1972 
50 50 64 96 98 126 144 154 211 228 250 255 309 398 456 525 572 596 680 682 685 730 746 747 749 884 897 904 912 935 944 979 1035 1071 1072 1117 1147 1190 1316 1334 1340 1432 1507 1546 1618 1690 1763 1931 1943 1957 1960 
40 5 43 114 124 180 213 286 395 403 419 503 583 682 704 731 746 832 892 919 1083 1093 1121 1167 1344 1355 1363 1386 1405 1496 1508 1521 1524 1645 1760 1766 1795 1813 1850 1952 1958 
27 141 146 237 246 280 309 601 621 648 665 739 1006 1078 1079 1189 1212 1226 1303 1363 1463 1465 1669 1673 1693 1832 1964 1981 
48 6 83 225 313 349 410 619 701 730 732 736 764 766 798 800 866 940 1095 1096 1198 1208 1245 1289 1317 1325 1370 1380 1402 1405 1426 1471 1507 1522 1533 1537 1544 1555 1574 1581 1658 1665 1705 1732 1764 1861 1869 1877 1964 
37 20 112 137 156 229 245 343 601 629 702 728 734 768 849 968 1031 1174 1191 1282 1284 1286 1320 1359 1408 1431 1563 1567 1624 1645 1678 1760 1815 1831 1934 1955 1962 1973 
37 137 146 421 544 567 584 825 843 858 866 1067 1118 1144 1154 1173 1225 1287 1295 1383 1407 1524 1549 1569 1618 1641 1652 1659 1673 1687 1694 1708 1852 1870 1919 1924 1953 1991 
38 21 99 222 225 238 312 329 357 420 533 638 660 844 899 910 931 966 988 1011 1012 1182 1183 1230 1423 1482 1623 1649 1694 1711 1787 1795 1804 1826 1864 1875 1912 1946 1976 
32 29 31 67 133 178 400 448 477 548 660 765 957 1079 1177 1195 1215 1226 1360 1377 1403 1408 1418 1513 1525 1532 1605 1668 1673 1692 1757 1805 1995 
39 1 20 94 171 224 273 346 361 430 435 476 541 575 595 658 664 744 757 842 869 907 1028 1038 1150 1164 1270 1384 1472 1519 1644 1690 1794 1804 1829 1831 1865 1879 1882 1979 
51 2 60 106 124 142 222 225 240 386 430 493 494 557 602 666 672 702 761 864 903 927 984 994 998 1001 1007 1018 1077 1107 1130 1188 1223 1389 1417 1433 1452 1475 1505 1567 1570 1652 1682 1712 1735 1769 1777 1811 1835 1869 1902 1930 
51 76 210 286 293 330 355 383 469 517 571 583 600 656 694 738 780 792 826 846 934 979 1063 1118 1119 1128 1145 1168 1190 1193 1204 1355 1378 1383 1403 1442 1495 1524 1610 1626 1627 1651 1661 1671 1684 1741 1765 1834 1939 1973 1985 1989 
33 26 58 85 106 195 200 325 360 540 548 613 699 705 772 780 786 794 796 801 830 896 1033 1051 1094 1127 1239 1243 1244 1262 1305 1339 1731 1774 
44 12 26 187 207 282 315 333 355 363 364 406 562 650 671 673 708 724 742 781 901 907 928 1103 1123 1148 1234 1242 1271 1299 1323 1365 1400 1408 1581 1647 1697 1721 1724 1778 1819 1876 1899 1916 1952 
41 21 198 285 371 387 398 454 465 493 542 543 561 606 637 677 683 691 726 873 957 1005 1046 1091 1163 1176 1188 1258 1354 1359 1464 1582 1602 1654 1693 1734 1756 1763 1839 1847 1872 1916 
46 8 42 44 101 106 136 207 237 538 556 637 686 741 744 758 874 962 1027 1028 1045 1162 1173 1197 1200 1326 1353 1358 1388 1487 1492 1525 1536 1537 1549 1565 1603 1627 1638 1661 1665 1762 1766 1796 1899 1932 1933 
53 28 182 204 258 289 350 367 415 428 541 616 705 723 738 742 754 835 849 906 933 935 958 997 1031 1042 1074 1136 1171 1193 1195 1197 1248 1284 1341 1344 1357 1368 1443 1456 1480 1579 1644 1658 1758 1800 1814 1863 1876 1878 1895 1920 1954 1962 
42 66 68 77 155 239 242 272 288 307 465 479 483 512 562 563 582 657 695 773 775 779 800 887 990 1048 1191 1241 1249 1356 1387 1406 1424 1466 1472 1487 1491 1552 1611 1690 1779 1829 1918 
49 118 121 143 157 208 245 266 288 314 364 366 367 370 380 398 440 466 485 503 513 577 598 626 639 651 700 743 759 760 799 929 1026 1034 1072 1092 1104 1259 1314 1331 1424 1487 1500 1543 1548 1584 1713 1883 1891 1906 
46 29 31 64 212 273 280 300 347 431 435 488 513 541 543 578 631 715 717 856 868 893 898 994 1055 1070 1077 1148 1175 1186 1204 1263 1290 1325 1359 1449 1550 1600 1614 1736 1823 1838 1845 1873 1912 1932 1961 
48 27 52 64 151 169 233 248 263 317 332 370 409 466 540 636 644 674 701 734 795 824 937 959 1039 1059 1125 1167 1168 1171 1201 1261 1282 1289 1312 1355 1457 1499 1506 1553 1570 1581 1599 1602 1666 1837 1928 1978 1980 
39 10 21 25 166 208 320 362 391 448 499 534 565 597 622 645 710 810 854 874 903 933 959 980 985 1201 1227 1259 1313 1332 1416 1497 1638 1663 1691 1754 1769 1781 1860 1987 
43 41 63 67 86 100 169 208 270 346 347 414 423 451 467 649 686 755 813 856 892 916 963 1016 1122 1213 1240 1247 1269 1283 1432 1437 1444 1490 1572 1577 1633 1701 1870 1875 1889 1902 1922 1947 
22 84 105 136 241 462 546 559 708 807 883 1048 1061 1215 1402 1408 1538 1540 1596 1607 1703 1961 1976 
29 41 115 146 174 194 199 327 427 432 471 516 525 579 647 659 765 1068 1263 1333 1357 1380 1389 1453 1476 1486 1497 1554 1666 1812 
38 72 88 140 163 183 206 423 584 630 632 639 654 682 793 823 1002 1070 1072 1102 1261 1274 1305 1312 1322 1352 1424 1430 1463 1470 1502 1505 1598 1608 1629 1671 1740 1816 1938 
49 24 36 42 200 203 204 295 327 340 373 396 530 568 580 581 610 640 700 703 767 865 884 889 897 915 916 982 1051 1091 1109 1142 1160 1166 1245 1258 1260 1266 1300 1321 1410 1487 1513 1547 1651 1675 1685 1822 1860 1994 
32 161 164 282 316 379 448 531 550 711 714 747 869 884 915 955 1044 1243 1263 1366 1402 1431 1497 1513 1543 1588 1601 1807 1858 1878 1880 1893 1898 
46 154 187 202 271 291 311 338 363 397 430 449 464 474 620 630 644 711 744 750 779 780 844 912 953 972 995 1034 1139 1169 1212 1260 1371 1413 1464 1508 1510 1561 1660 1775 1789 1822 1941 1942 1968 1986 1991 
41 8 91 175 214 257 281 325 342 432 489 492 564 566 638 670 683 722 749 759 794 829 920 959 961 986 990 1035 1059 1064 1213 1286 1446 1504 1619 1637 1638 1641 1694 1809 1811 1937 
47 15 34 67 86 92 93 109 161 163 202 207 244 331 355 359 383 397 437 492 687 711 837 922 965 986 1025 1123 1133 1174 1347 1450 1454 1481 1545 1637 1689 1690 1692 1747 1778 1783 1876 1894 1934 1945 1953 1955 
41 75 128 153 210 235 249 296 326 389 401 524 679 734 763 826 996 1005 1055 1060 1105 1181 1214 1280 1379 1429 1504 1548 1551 1568 1621 1631 1709 1789 1792 1832 1841 1850 1922 1931 1977 1983 
44 66 79 172 226 247 256 294 328 342 355 708 709 743 794 842 855 904 941 961 970 975 983 1038 1072 1159 1165 1170 1242 1331 1397 1411 1434 1480 1483 1554 1567 1582 1624 1674 1700 1715 1812 1869 1997 
36 41 65 103 158 221 229 272 332 414 491 664 741 779 880 960 1023 1042 1083 1100 1112 1251 1273 1289 1315 1343 1384 1511 1648 1664 1681 1761 1779 1812 1817 1837 1897 
31 2 90 91 117 177 242 259 277 307 319 509 520 752 798 890 899 952 959 1104 1139 1320 1460 1464 1526 1586 1596 1689 1836 1900 1922 1926 
47 30 46 86 179 328 356 357 397 401 486 495 549 562 580 604 621 692 728 732 828 846 953 971 1005 1036 1162 1187 1255 1258 1343 1381 1418 1441 1480 1604 1686 1708 1716 1740 1780 1854 1884 1890 1922 1930 1937 1977 
54 5 34 35 141 205 248 285 290 327 356 364 401 432 516 566 567 605 614 663 692 760 816 839 861 897 934 965 979 993 1005 1009 1013 1151 1227 1240 1249 1252 1362 1422 1454 1509 1514 1580 1619 1639 1697 1745 1754 1829 1832 1869 1896 1956 1967 
43 97 136 201 216 217 520 521 561 568 597 678 713 818 888 946 984 1028 1043 1056 1165 1166 1258 1297 1381 1424 1455 1473 1526 1534 1541 1568 1637 1642 1645 1660 1674 1681 1713 1760 1763 1826 1885 1894 
44 154 223 286 314 347 394 395 402 425 433 466 493 502 510 519 601 710 762 769 809 914 979 1100 1145 1165 1240 1332 1338 1345 1370 1385 1393 1410 1469 1549 1623 1650 1739 1759 1844 1886 1919 1931 1962 
56 27 119 133 216 229 246 308 309 321 342 344 372 374 405 415 419 477 509 549 554 561 563 586 633 657 684 745 760 831 837 886 909 994 997 1025 1027 1052 1129 1140 1154 1174 1180 1196 1230 1273 1312 1351 1358 1436 1467 1530 1543 1556 1662 1759 1915 
34 70 112 179 216 241 296 417 599 684 698 739 814 958 1053 1061 1241 1287 1331 1340 1367 1380 1396 1567 1578 1591 1617 1626 1664 1704 1733 1738 1760 1818 1952 
41 3 170 209 322 366 433 448 464 593 657 785 795 823 825 847 918 951 984 988 995 1102 1126 1253 1324 1360 1436 1462 1467 1562 1605 1678 1691 1730 1733 1817 1901 1915 1927 1938 1957 1975 
34 44 140 174 232 338 392 417 437 489 545 634 653 866 885 1016 1033 1077 1118 1147 1179 1186 1187 1192 1309 1354 1374 1522 1529 1531 1547 1646 1692 1851 1857 
39 24 49 59 127 136 173 225 272 295 316 380 390 420 513 609 628 659 713 725 758 763 764 783 907 1005 1170 1172 1227 1250 1282 1299 1318 1405 1555 1662 1712 1736 1739 1893 
35 41 70 221 302 352 364 369 379 443 487 530 605 696 742 919 935 968 1136 1193 1301 1317 1319 1355 1373 1530 1571 1643 1743 1753 1828 1832 1851 1871 1913 1915 
