200 2000
145 300
51 337
322 700
89 260
79 484
3 31
4 63
294 295
48 85
472 505
63 70
135 649
376 382
60 115
905 917
94 373
2 25
77 421
480 564
366 664
207 851
282 508
116 296
250 267
66 119
809 908
0 67
231 732
315 733
344 754
166 308
167 362
258 282
818 869
167 458
214 308
23 67
687 709
26 269
313 716
232 420
559 932
184 225
458 685
314 784
18 153
534 641
79 122
388 524
363 425
266 606
58 470
7 24
561 863
37 44
356 427
304 460
692 971
137 174
180 263
168 829
287 292
605 679
450 574
126 262
813 818
114 217
432 487
26 276
211 905
228 982
150 262
91 492
99 847
365 882
336 364
53 162
283 804
612 706
35 82
64 699
69 133
93 108
627 744
36 382
157 964
330 371
258 308
377 854
208 382
41 671
159 524
417 681
288 472
168 624
652 686
41 435
423 610
531 877
43 263
219 675
761 808
312 348
87 467
203 468
127 626
411 498
69 83
49 82
589 993
418 497
18 298
88 143
87 204
108 122
262 334
70 418
222 238
14 156
404 660
37 557
102 737
3 489
268 278
0 5
262 835
44 54
35 428
16 55
501 845
499 592
92 125
770 806
195 231
47 966
117 229
436 627
94 255
662 795
18 138
450 746
21 460
57 643
363 707
204 376
69 715
63 358
299 603
525 778
362 439
5 118
30 668
655 672
177 653
39 153
86 403
65 295
244 318
42 831
864 961
72 407
203 301
466 983
48 98
78 168
445 632
492 500
32 91
107 337
42 51
111 148
1 1
533 718
100 115
28 33
110 395
297 429
124 413
282 292
77 483
175 630
1 120
139 409
61 198
100 982
162 892
619 878
433 782
428 529
170 184
50 486
89 849
857 970
655 933
9 103
106 656
517 977
310 393
338 345
111 333
710 781
645 994
427 500
24 477
166 955
349 536
612 800
190 310
243 833
612 710
128 147
311 601
11 146
296 343
292 966
523 910
165 768
140 328
250 768
174 219
1 740
155 286
238 344
41 154
115 312
71 130
301 703
35 660
195 257
24 836
277 288
41 51
49 232
101 436
84 99
270 646
301 352
114 216
273 846
405 523
59 111
0 827
162 366
123 926
552 598
36 145
66 258
228 410
517 621
305 654
160 227
422 640
88 269
157 163
65 320
10 939
319 531
18 43
174 294
111 321
573 993
287 798
33 138
179 209
60 273
345 545
298 448
36 999
13 100
167 878
130 171
302 881
299 386
61 998
64 210
10 24
215 691
588 955
27 124
465 891
23 81
122 193
24 37
5 12
867 892
66 164
20 252
241 970
205 662
681 743
328 387
71 935
160 342
122 327
583 979
43 565
647 660
53 109
144 607
221 307
135 136
546 774
34 687
48 72
399 594
208 804
62 94
195 572
606 726
348 355
54 298
387 826
61 554
91 144
144 167
26 66
713 999
41 167
230 319
96 640
479 928
519 775
670 844
191 856
31 124
586 821
92 442
597 905
196 214
1 626
121 887
150 505
125 131
225 544
20 24
159 664
537 655
46 170
82 136
173 829
417 935
17 698
397 700
21 308
56 112
79 361
58 92
246 336
403 944
65 217
100 685
42 325
119 174
168 190
643 761
325 402
98 731
364 448
917 962
25 264
192 628
742 760
154 894
72 241
281 420
31 638
443 528
331 535
23 31
175 186
148 329
185 381
340 966
110 558
256 359
243 615
408 746
11 23
891 904
234 652
28 50
468 605
242 727
267 392
124 581
158 266
60 889
38 226
11 82
104 428
72 230
34 343
2 46
83 210
168 338
137 569
171 501
239 390
21 187
533 882
146 329
587 845
95 481
172 783
209 404
19 527
664 946
341 524
403 797
505 780
737 950
426 489
443 643
61 329
33 51
154 738
1 185
410 549
748 783
38 587
275 351
123 317
759 861
607 869
475 580
415 630
151 671
161 686
126 191
31 967
167 885
279 984
81 331
76 372
358 704
218 920
311 842
38 798
123 160
438 784
103 524
134 442
157 450
175 798
453 627
0 0
45 306
663 803
755 914
27 51
419 549
234 394
561 714
166 914
125 414
175 548
208 879
52 70
355 427
106 160
68 139
76 148
6 878
99 461
11 181
11 599
125 188
2 26
551 885
365 630
591 964
371 467
570 725
363 689
401 887
86 778
38 665
146 768
0 32
74 115
367 449
55 82
18 57
180 205
40 80
623 881
709 793
171 516
150 267
302 305
31 530
67 454
1 2
58 382
457 836
25 43
246 313
369 945
91 188
73 897
82 221
211 516
846 917
196 288
173 227
312 321
117 142
293 680
409 638
8 214
187 297
135 166
90 207
795 855
58 83
2 345
604 931
171 855
318 758
655 698
267 971
111 751
227 901
413 1000
235 272
308 973
23 176
56 967
415 797
138 254
207 646
28 112
185 458
216 622
12 547
156 644
352 407
384 786
524 877
350 578
279 374
31 363
4 210
64 259
476 951
87 229
250 858
12 31
155 338
402 761
88 599
326 611
470 550
3 5
263 409
59 268
624 684
290 373
116 176
583 888
245 533
854 978
369 370
432 714
3 24
104 233
348 865
363 832
503 902
136 926
20 685
17 413
388 622
379 515
367 872
20 323
68 213
364 608
357 893
253 288
20 677
336 623
29 32
212 907
11 36
56 83
210 773
40 106
677 823
98 216
581 881
181 468
363 907
124 182
68 159
771 825
706 871
7 71
10 273
220 711
383 428
95 114
281 738
68 265
95 183
201 289
125 136
414 659
222 709
626 775
49 939
77 297
159 527
625 819
73 99
505 977
745 868
154 285
82 407
31 137
411 593
84 723
5 244
581 712
205 468
70 450
34 671
58 59
123 202
504 958
391 449
162 181
230 804
495 756
210 336
77 756
42 42
560 731
259 563
551 672
146 279
0 3
318 628
27 94
813 864
91 624
9 359
87 306
23 62
127 377
286 917
314 474
171 701
109 125
26 143
914 916
359 375
278 414
11 238
231 897
99 541
101 863
516 926
448 731
10 92
97 588
695 845
661 762
8 91
191 199
56 155
427 451
53 53
295 953
11 184
270 410
4 8
540 582
230 640
221 946
1 18
74 116
201 407
175 644
188 893
274 513
379 395
12 25
40 70
334 527
588 800
87 324
72 142
150 248
78 395
150 434
17 51
75 116
251 905
142 418
424 827
568 989
162 221
156 336
252 433
420 835
326 511
68 223
64 125
118 172
214 555
348 976
41 403
125 325
180 936
352 442
462 893
252 258
297 803
61 314
33 621
57 344
383 507
151 844
138 310
23 64
16 55
42 77
638 803
210 961
112 464
329 539
27 349
115 870
621 950
227 267
86 279
35 684
53 281
138 521
319 737
28 249
71 107
289 844
82 663
343 637
721 920
601 993
62 686
113 166
382 485
120 441
138 346
39 77
672 897
457 800
404 629
192 232
243 590
119 177
212 302
469 976
141 428
505 769
153 287
157 199
247 444
67 133
369 710
678 948
16 895
96 197
6 20
631 914
300 550
42 723
214 261
262 490
91 123
237 612
546 611
65 916
240 282
118 158
112 131
343 360
578 713
154 391
383 967
234 392
188 691
38 796
139 407
270 884
186 612
734 908
523 706
135 284
48 99
24 158
433 599
111 495
154 194
285 302
45 830
18 283
95 189
374 759
538 850
570 613
104 241
570 759
187 670
333 696
86 396
387 853
434 723
490 928
611 793
634 922
606 727
266 704
36 119
4 40
474 588
811 883
759 818
929 954
801 823
490 651
23 82
381 685
11 14
439 594
485 807
532 711
96 111
20 23
482 594
97 443
145 199
181 474
544 571
506 719
39 571
144 490
69 136
28 33
246 486
6 12
20 201
69 293
7 779
36 155
222 453
167 790
237 450
396 826
258 380
400 786
576 760
226 579
315 328
481 768
75 486
20 74
27 929
208 239
4 22
602 669
754 855
822 916
242 261
1 795
34 66
25 650
224 871
408 776
22 75
123 193
142 190
239 517
2 4
429 772
168 876
153 834
296 586
551 986
35 55
71 216
49 68
315 700
257 374
207 750
140 551
112 430
314 330
132 832
248 867
270 316
235 467
240 440
102 685
63 543
378 585
297 590
329 385
275 432
342 690
357 394
2 11
99 137
718 723
1 35
88 283
340 518
294 495
36 137
233 247
8 372
50 497
167 401
339 913
552 621
155 285
713 810
567 891
130 737
209 219
608 739
50 294
102 466
97 227
307 684
16 179
3 24
19 992
618 838
67 240
527 566
375 836
37 226
170 470
408 862
21 615
232 885
69 315
319 456
141 193
208 383
475 538
252 289
203 265
164 685
6 55
185 471
150 382
203 257
419 543
166 484
15 26
67 585
112 450
413 447
168 281
148 277
330 855
218 507
54 292
381 909
204 210
400 705
541 718
20 28
111 342
31 509
57 336
214 667
255 585
5 83
69 388
737 933
105 233
355 611
611 711
508 629
60 333
123 560
172 458
455 492
177 729
433 787
14 27
158 327
741 806
777 785
148 399
471 723
187 366
114 305
112 219
62 513
31 822
70 795
26 43
463 748
19 497
787 976
2 2
103 302
24 300
207 875
20 79
113 487
417 815
38 108
189 202
20 156
744 831
335 564
445 718
183 210
645 873
551 759
125 488
799 859
170 178
538 799
243 779
181 824
181 447
329 590
122 841
189 328
7 363
516 730
280 374
250 456
84 511
113 672
14 215
59 81
332 743
599 912
656 864
609 774
228 333
26 919
430 488
435 547
419 437
158 183
136 344
376 818
117 376
12 114
48 346
250 426
536 658
177 233
765 862
249 565
427 470
532 982
50 178
50 265
75 149
112 225
386 976
525 594
748 774
17 123
144 160
567 683
79 93
11 546
116 191
227 915
59 123
109 398
273 686
0 18
486 526
514 770
612 753
97 340
78 239
29 81
307 799
678 995
127 483
196 309
13 19
279 411
163 278
674 955
7 196
851 948
227 570
123 181
333 481
141 174
102 106
191 410
58 68
15 61
415 483
117 727
359 683
170 223
413 774
229 582
30 66
100 353
465 674
467 807
9 43
154 280
203 225
455 629
70 237
56 639
452 521
213 249
51 126
288 351
167 531
30 61
339 511
185 345
741 994
431 718
236 256
97 301
575 851
11 230
5 39
200 265
60 926
356 672
412 522
500 632
92 681
125 125
882 928
495 980
83 90
430 515
100 347
181 190
169 923
120 235
23 497
150 536
312 779
104 485
129 204
137 531
199 520
64 137
49 116
208 815
119 407
312 366
16 16
593 754
539 593
222 825
491 720
152 822
5 301
163 984
10 295
171 404
147 181
70 94
393 701
317 822
588 771
76 410
19 25
158 857
203 399
36 39
89 177
2 8
481 730
494 698
254 334
313 377
151 790
89 114
418 717
241 621
93 330
28 272
108 215
100 840
642 806
51 104
328 602
47 257
590 606
236 655
95 283
16 25
154 615
278 290
130 234
328 606
478 816
157 375
70 308
108 847
171 915
33 224
320 711
32 114
177 595
102 600
283 901
419 594
106 238
388 855
65 541
2 7
252 632
661 834
96 866
253 804
538 691
951 992
25 150
45 180
15 20
687 937
274 684
158 209
154 335
638 896
15 422
356 457
498 779
49 54
737 896
91 292
12 107
168 255
22 266
400 864
81 406
70 264
627 754
107 125
107 445
800 966
392 955
43 688
139 223
697 773
169 886
159 664
75 209
15 757
13 15
335 340
36 128
181 284
6 16
644 649
499 705
319 819
16 165
26 301
368 748
367 742
584 618
426 776
569 932
753 864
160 538
296 425
32 147
548 718
0 1
41 220
601 672
129 556
47 144
312 773
92 977
289 994
854 939
149 519
100 260
253 262
219 712
422 680
922 928
152 235
640 682
364 440
150 173
64 489
172 820
762 988
698 739
74 123
59 744
89 153
372 616
81 378
254 726
556 651
53 364
614 764
47 70
232 766
25 362
796 891
491 812
247 334
214 464
239 310
528 958
569 598
389 579
468 885
624 665
269 364
157 382
268 681
119 200
605 840
416 713
450 484
471 960
205 946
385 829
439 946
295 664
825 887
28 615
153 365
12 95
1 30
689 726
836 874
596 702
449 973
331 682
828 911
200 634
85 142
408 619
170 449
797 844
185 523
269 429
22 162
372 927
91 126
408 500
298 307
209 221
461 539
470 686
100 884
28 113
456 995
93 259
12 475
100 723
605 886
405 579
85 565
66 197
295 857
434 538
9 782
71 408
311 561
277 563
282 360
434 439
34 443
261 519
88 504
110 218
93 569
33 99
841 922
254 738
236 367
63 906
574 964
107 510
18 23
75 934
398 919
244 387
179 416
27 93
50 86
117 694
693 975
769 782
115 538
10 169
383 682
132 228
107 888
223 693
98 542
225 555
131 181
366 428
0 173
693 819
304 371
332 339
195 216
436 616
795 821
9 36
24 115
336 786
1 35
174 255
83 209
99 396
308 311
228 475
173 968
307 408
92 208
442 600
220 339
450 594
584 964
376 503
635 701
213 266
581 583
649 980
307 313
506 923
47 335
34 42
63 532
332 548
140 764
219 353
58 131
4 11
250 450
744 802
349 527
129 225
492 790
385 427
402 627
278 444
81 437
290 569
319 566
334 666
259 471
102 301
777 883
70 355
399 432
11 959
327 361
152 768
174 301
220 304
40 558
633 751
371 846
140 636
84 253
28 317
97 303
292 535
6 12
20 20
502 874
324 393
4 114
58 61
179 187
21 157
455 508
811 874
313 329
264 609
71 256
5 495
54 449
119 216
31 214
12 17
285 920
185 188
51 95
91 341
105 276
568 581
416 889
179 198
329 868
111 229
79 555
269 321
824 971
592 980
286 839
37 165
298 476
124 894
20 65
502 508
374 844
147 153
174 974
108 252
144 214
521 531
128 246
611 622
187 188
664 888
149 832
384 568
74 100
76 247
105 955
202 205
413 570
413 653
719 896
24 63
275 319
74 572
188 254
69 186
582 618
420 715
227 309
391 813
214 519
911 955
23 23
20 32
16 51
261 447
359 522
73 510
348 934
169 274
740 757
307 534
45 131
25 56
46 137
93 317
30 54
221 507
202 380
193 713
36 157
545 552
79 444
668 716
270 795
151 204
26 123
193 595
48 552
383 749
497 644
159 467
152 195
649 681
428 867
414 759
176 830
82 594
48 66
271 335
6 98
137 671
446 981
89 605
231 983
134 183
38 143
25 39
212 999
915 938
309 324
492 832
40 285
3 30
238 550
194 915
789 830
85 108
791 798
510 867
109 287
166 469
5 147
396 596
217 910
678 806
25 220
399 446
124 171
210 343
893 901
4 36
464 487
220 307
305 723
116 467
172 431
585 682
138 242
12 176
21 32
130 626
177 233
60 401
203 291
67 348
52 59
777 961
10 168
46 363
59 691
536 791
553 934
107 220
115 553
171 177
55 355
419 570
29 105
84 264
226 671
722 747
157 332
498 512
629 885
135 742
341 785
21 438
186 774
11 593
46 131
80 116
196 200
164 290
293 611
539 587
101 105
282 897
195 376
75 381
192 207
46 599
39 51
125 218
109 974
307 391
326 734
315 827
236 383
294 394
221 468
43 473
392 872
885 952
306 907
195 350
331 515
119 448
361 638
529 981
107 131
18 566
72 144
125 502
509 924
614 648
548 583
412 543
147 235
242 301
11 63
202 335
134 567
692 772
126 504
192 415
205 529
7 218
895 996
17 140
438 686
145 383
551 688
179 909
82 195
153 223
372 888
358 505
155 789
228 977
33 79
195 196
489 613
602 751
102 315
36 92
38 961
52 502
9 23
1 37
93 783
492 733
788 798
55 222
7 787
191 449
664 714
723 889
9 51
619 951
41 88
254 881
396 602
54 94
356 583
281 833
31 32
274 733
267 302
419 433
508 853
457 550
484 999
175 260
440 638
199 245
254 462
79 358
244 505
435 566
161 374
570 944
24 63
57 78
517 563
472 483
77 119
125 212
46 126
607 927
123 253
407 920
26 180
43 819
482 799
280 668
33 40
692 714
50 220
270 780
881 923
274 539
7 11
98 367
10 19
280 445
7 103
83 125
501 586
744 896
478 996
70 673
3 255
195 811
82 146
31 129
259 565
14 230
202 258
1 459
52 131
469 528
106 146
58 509
615 854
16 30
28 214
203 415
270 447
20 49
357 410
380 733
433 724
77 114
21 99
120 791
60 63
0 0
100 119
53 690
394 413
207 478
445 445
2 23
347 618
314 806
4 292
344 504
161 523
222 864
43 84
136 299
102 162
277 326
206 363
130 141
226 640
56 171
257 594
147 225
454 821
4 444
205 338
65 89
334 391
96 123
567 637
53 532
17 47
242 403
7 250
175 176
54 147
26 95
183 374
18 465
85 153
64 118
304 680
405 748
45 226
153 946
446 948
105 390
224 337
220 227
176 217
86 312
199 520
45 66
109 965
817 877
114 737
240 637
230 272
696 788
213 916
455 809
251 880
230 332
76 388
597 803
726 728
20 112
33 664
43 540
25 196
59 142
240 298
808 822
462 498
67 201
412 793
123 599
58 95
207 572
209 495
116 512
1 30
29 763
1 46
43 613
106 543
38 936
90 139
67 341
178 209
354 627
136 232
91 537
42 764
177 236
46 944
238 330
337 776
168 610
60 85
102 942
1 236
232 519
220 421
19 783
224 1000
146 163
123 170
85 96
353 409
178 558
388 623
49 50
146 204
225 267
22 24
726 919
62 130
22 196
43 78
382 681
150 503
276 312
102 174
12 58
102 181
600 844
133 314
498 579
120 582
114 137
37 717
118 954
856 934
259 511
39 258
68 246
4 41
789 853
375 468
17 21
571 972
56 542
375 546
690 781
249 280
110 216
32 81
99 261
7 582
24 39
360 503
183 316
116 152
524 940
264 274
394 813
22 66
283 962
401 946
122 509
229 590
545 909
258 603
127 582
385 715
639 835
529 633
122 294
48 101
253 838
453 521
171 311
381 609
334 854
754 855
15 311
60 667
698 807
12 32
879 1000
239 521
39 1 59 62 66 109 134 162 204 221 258 285 418 583 620 657 691 717 740 837 1102 1199 1216 1360 1361 1367 1395 1399 1483 1484 1558 1559 1600 1640 1690 1697 1741 1797 1852 1923 
48 6 20 28 48 51 81 112 118 250 403 447 469 509 596 635 656 697 716 737 892 897 921 1017 1026 1036 1039 1055 1064 1098 1102 1145 1232 1356 1471 1476 1485 1543 1567 1617 1655 1695 1765 1812 1833 1863 1875 1891 1915 
40 65 74 116 124 158 159 239 264 340 393 511 519 547 685 720 784 790 845 848 947 1093 1097 1146 1192 1198 1226 1313 1372 1382 1384 1416 1432 1480 1614 1630 1720 1773 1829 1844 1853 
42 19 23 65 138 274 341 369 414 460 510 528 542 603 739 763 878 983 991 1020 1063 1068 1073 1115 1129 1146 1175 1243 1314 1360 1400 1430 1486 1505 1626 1644 1653 1775 1781 1811 1815 1874 1901 
44 23 85 183 211 247 315 415 452 496 671 676 733 774 939 960 983 1094 1192 1251 1284 1292 1325 1331 1372 1394 1485 1498 1544 1553 1557 1560 1672 1680 1709 1716 1733 1734 1743 1748 1754 1757 1835 1860 1881 
34 62 65 91 253 286 581 600 717 758 808 956 976 1156 1168 1176 1198 1231 1256 1282 1288 1297 1308 1334 1412 1434 1445 1447 1538 1571 1597 1713 1833 1939 1963 
45 23 95 153 244 275 343 387 394 423 603 605 618 649 673 824 853 854 917 921 948 998 1061 1062 1118 1183 1216 1364 1379 1426 1473 1539 1544 1579 1608 1618 1677 1702 1710 1720 1776 1858 1878 1925 1970 1992 
46 43 47 152 157 176 238 278 337 394 415 416 417 490 607 620 654 663 716 922 987 1027 1072 1115 1118 1241 1250 1265 1318 1364 1437 1440 1459 1471 1504 1572 1606 1694 1700 1714 1733 1772 1813 1840 1935 1954 1961 
38 21 24 94 169 186 323 365 416 488 598 652 681 723 725 772 781 870 975 982 1008 1014 1182 1247 1406 1419 1491 1529 1546 1550 1572 1711 1759 1791 1842 1942 1960 1969 1987 
31 5 8 22 110 111 117 141 199 267 289 320 358 471 507 629 889 967 1006 1045 1177 1250 1388 1398 1527 1564 1575 1589 1768 1831 1886 1943 
47 46 55 111 113 274 334 351 379 383 458 484 497 547 644 667 766 769 856 866 882 957 986 1008 1029 1063 1168 1199 1249 1260 1328 1430 1474 1517 1554 1571 1579 1612 1638 1761 1767 1814 1843 1886 1918 1923 1964 1971 
34 35 65 89 172 266 295 296 382 425 432 509 782 843 867 993 1017 1032 1034 1137 1145 1260 1269 1302 1381 1409 1426 1581 1583 1716 1722 1767 1871 1932 1939 
44 3 137 159 191 207 218 334 512 521 623 637 639 645 710 718 826 838 875 891 920 1003 1107 1131 1134 1225 1244 1263 1281 1319 1342 1343 1399 1419 1430 1457 1481 1631 1713 1763 1796 1815 1885 1890 1893 
43 50 132 138 162 200 217 291 295 363 432 445 501 551 570 608 662 703 740 803 841 851 859 898 925 1076 1126 1134 1147 1172 1177 1247 1385 1386 1397 1482 1495 1518 1625 1632 1642 1662 1705 1902 
37 0 144 189 259 328 349 356 402 431 502 510 515 517 670 698 699 726 743 759 815 897 939 945 1078 1153 1187 1246 1377 1402 1472 1484 1683 1728 1734 1857 1870 1894 
52 71 77 88 109 158 167 199 204 311 421 430 439 453 459 483 488 515 541 556 589 625 643 733 740 742 761 773 801 874 883 887 900 917 943 987 1070 1149 1212 1261 1278 1332 1334 1394 1424 1512 1549 1568 1663 1671 1791 1799 1978 
41 12 47 114 128 215 227 342 359 362 426 452 490 518 627 638 679 796 831 843 897 914 984 1155 1231 1267 1279 1304 1338 1473 1488 1525 1526 1574 1598 1661 1671 1716 1786 1864 1866 1921 
39 22 61 98 177 200 214 240 358 379 384 389 414 442 467 611 642 695 725 783 789 989 991 1193 1230 1286 1366 1369 1448 1504 1515 1518 1525 1637 1691 1759 1796 1798 1855 1947 
39 113 274 297 365 368 400 418 485 486 622 675 899 900 941 992 1070 1097 1110 1163 1250 1261 1361 1403 1442 1469 1512 1524 1551 1585 1592 1629 1653 1679 1709 1722 1810 1932 1952 1985 
47 68 110 117 137 239 261 314 343 357 366 390 392 399 424 433 449 489 512 551 584 597 751 789 831 985 1019 1074 1081 1125 1148 1164 1186 1197 1278 1285 1327 1340 1489 1528 1569 1620 1646 1678 1749 1784 1801 1867 
37 240 278 316 527 579 645 688 706 724 742 750 767 822 835 970 1005 1056 1097 1100 1313 1418 1429 1442 1488 1551 1552 1553 1577 1592 1611 1677 1837 1850 1873 1944 1956 1976 
43 156 164 215 226 289 334 356 381 390 520 541 550 620 707 802 878 885 899 911 927 946 947 986 1044 1052 1119 1169 1228 1275 1310 1320 1323 1401 1586 1640 1689 1794 1803 1810 1852 1900 1915 1979 
53 46 83 157 199 259 277 307 376 484 510 577 588 594 602 615 623 627 632 637 654 687 692 713 722 739 782 817 822 888 914 1047 1113 1120 1165 1293 1378 1444 1484 1494 1528 1573 1578 1587 1588 1606 1632 1659 1673 1761 1768 1820 1824 1873 
37 90 310 313 468 492 496 540 555 561 604 629 652 719 745 936 938 950 1026 1078 1086 1105 1118 1119 1162 1380 1546 1552 1585 1610 1622 1667 1731 1758 1782 1794 1905 1975 
32 4 40 129 147 150 222 239 406 424 438 626 709 741 866 929 943 1011 1057 1059 1076 1106 1119 1130 1206 1231 1382 1404 1443 1486 1546 1739 1953 
47 115 139 187 198 206 227 236 290 358 393 426 455 515 535 606 641 686 776 823 841 855 949 960 1021 1029 1053 1072 1199 1213 1227 1232 1248 1330 1391 1445 1584 1603 1640 1657 1709 1730 1775 1798 1895 1910 1956 1974 
43 23 154 175 198 239 268 277 394 410 453 463 644 693 695 724 774 797 814 850 897 923 999 1055 1084 1124 1208 1287 1299 1347 1379 1402 1403 1481 1505 1547 1568 1601 1837 1853 1872 1909 1936 1957 
34 27 89 153 224 335 523 578 659 677 707 722 752 844 867 937 1167 1189 1333 1406 1407 1446 1469 1490 1527 1548 1570 1625 1688 1693 1752 1784 1790 1811 1822 
36 10 99 117 142 154 222 292 303 333 338 404 468 527 623 630 634 766 811 836 900 929 987 1043 1094 1131 1277 1295 1300 1312 1448 1556 1635 1696 1718 1742 1815 
38 0 106 139 153 196 223 231 345 408 436 454 553 571 660 671 736 750 812 882 934 1259 1268 1290 1332 1427 1439 1442 1476 1509 1600 1724 1751 1777 1778 1838 1893 1909 1975 
35 153 160 180 200 256 408 485 552 681 797 838 843 868 888 913 966 1032 1082 1121 1140 1150 1162 1178 1261 1296 1411 1433 1485 1618 1671 1801 1869 1901 1912 1981 
33 3 64 69 105 161 290 389 445 517 541 651 764 767 786 887 936 956 963 995 1005 1091 1117 1144 1188 1230 1264 1424 1488 1544 1838 1846 1952 1977 
48 3 50 116 122 132 178 188 192 213 276 339 353 357 386 444 462 513 516 596 729 731 780 842 858 942 976 1055 1057 1103 1228 1355 1360 1450 1456 1508 1557 1603 1633 1643 1658 1710 1821 1824 1878 1896 1899 1932 1935 
46 67 255 339 349 365 391 431 440 542 555 577 583 614 633 712 724 727 765 805 813 857 873 964 981 1015 1035 1084 1232 1301 1312 1313 1335 1412 1428 1445 1546 1682 1696 1724 1798 1814 1842 1923 1955 1968 1979 
46 33 86 122 163 230 249 258 300 306 343 368 432 438 444 467 469 472 546 584 589 594 749 752 825 866 872 941 955 965 1092 1138 1196 1237 1321 1377 1386 1434 1463 1516 1542 1710 1730 1737 1856 1881 1967 
35 6 41 58 173 229 362 451 594 627 741 796 882 955 981 1006 1010 1030 1047 1079 1108 1126 1157 1162 1241 1298 1506 1559 1563 1645 1717 1719 1776 1859 1944 1990 
30 63 211 420 437 532 596 893 931 956 972 980 1074 1096 1117 1120 1144 1242 1243 1264 1319 1431 1444 1548 1562 1566 1568 1639 1665 1690 1696 
37 1 197 199 260 346 367 404 443 526 556 714 802 870 903 929 980 990 1018 1027 1122 1157 1166 1252 1331 1334 1355 1453 1494 1504 1569 1623 1627 1819 1912 1917 1953 1990 
42 22 41 69 83 92 106 203 236 303 312 344 355 432 439 453 509 518 546 559 605 707 759 768 824 830 898 899 913 931 1030 1283 1297 1383 1490 1556 1582 1602 1622 1660 1785 1817 1988 
28 119 122 171 287 293 443 485 688 698 702 781 847 1031 1041 1089 1187 1292 1312 1347 1377 1444 1496 1679 1698 1780 1782 1884 1960 
36 43 107 190 256 384 398 473 498 515 563 635 694 761 785 815 883 933 1050 1051 1053 1083 1146 1449 1499 1527 1545 1549 1589 1713 1753 1802 1822 1871 1962 1966 1993 
45 116 130 237 254 353 371 417 451 483 490 544 555 594 677 726 852 867 922 924 991 1008 1113 1156 1160 1237 1260 1289 1315 1324 1397 1411 1415 1543 1597 1600 1637 1695 1730 1762 1784 1816 1830 1881 1952 1979 
29 2 54 97 184 198 279 313 514 553 579 610 614 625 678 836 845 865 1112 1123 1133 1354 1382 1477 1569 1789 1820 1825 1969 1988 
35 30 85 88 227 239 285 390 449 452 483 561 657 803 943 957 1008 1069 1098 1194 1312 1321 1330 1389 1390 1401 1404 1426 1428 1596 1742 1778 1830 1834 1980 1986 
35 33 110 116 237 392 465 496 567 593 628 646 694 759 772 804 807 841 879 986 1190 1209 1217 1318 1392 1415 1451 1639 1658 1674 1675 1764 1839 1957 1986 1991 
32 2 49 57 236 418 438 464 487 509 514 529 690 727 784 798 811 827 904 926 937 961 973 1014 1101 1236 1240 1258 1365 1375 1387 1474 1775 
46 5 69 105 138 147 156 272 275 338 348 358 473 480 540 664 668 714 720 721 861 891 952 955 961 965 1120 1152 1179 1184 1257 1381 1398 1406 1494 1506 1577 1636 1734 1767 1777 1811 1817 1852 1855 1908 1959 
34 1 4 53 84 119 228 257 325 385 417 495 543 700 748 767 793 902 933 950 971 1075 1130 1164 1165 1348 1442 1451 1505 1524 1580 1651 1810 1821 1872 
31 13 107 186 256 272 357 363 457 488 632 674 807 841 919 923 931 940 1019 1060 1082 1087 1220 1237 1246 1556 1587 1661 1673 1695 1719 1805 
31 199 268 291 361 414 418 472 495 551 578 626 691 768 812 819 836 981 1026 1070 1172 1217 1373 1469 1470 1490 1534 1546 1691 1718 1766 1895 
41 14 21 107 160 179 202 289 341 380 451 489 587 628 711 716 842 902 945 956 970 995 1099 1151 1219 1220 1316 1341 1382 1420 1444 1461 1550 1583 1621 1675 1706 1707 1722 1850 1876 1944 
36 49 69 183 209 230 290 311 313 319 341 430 466 594 654 808 832 834 841 851 932 980 1012 1054 1132 1210 1294 1450 1463 1485 1508 1659 1753 1920 1936 1984 1988 
49 100 123 141 169 200 206 302 325 368 386 421 430 468 483 508 575 579 582 603 646 676 761 825 902 957 982 1056 1070 1105 1151 1155 1158 1229 1232 1273 1359 1365 1400 1415 1467 1558 1570 1594 1605 1672 1692 1823 1952 1992 
48 167 170 182 410 431 439 470 485 491 544 567 571 594 641 697 740 779 811 845 915 921 979 982 1009 1081 1171 1186 1187 1202 1244 1262 1381 1433 1493 1496 1566 1641 1680 1738 1760 1788 1823 1829 1841 1871 1875 1917 1986 
29 3 43 52 108 115 339 342 374 593 693 715 801 823 839 924 1051 1098 1109 1149 1378 1408 1507 1513 1572 1598 1638 1702 1772 1919 
41 11 62 155 252 288 322 329 330 431 523 583 691 783 865 918 928 962 967 1076 1146 1172 1274 1282 1293 1406 1438 1465 1468 1480 1502 1531 1579 1599 1744 1756 1758 1781 1831 1870 1920 1958 
37 42 83 85 175 184 185 206 238 269 273 287 292 310 391 394 405 412 433 438 642 655 690 819 865 926 930 931 1080 1107 1285 1313 1337 1364 1483 1576 1714 1988 
37 29 64 83 84 113 236 288 291 361 382 389 435 436 438 441 463 579 638 684 709 742 914 969 989 1282 1357 1383 1394 1458 1511 1547 1568 1575 1674 1675 1780 1946 
39 83 143 159 180 205 213 257 344 349 396 399 494 511 544 606 691 876 964 991 1014 1025 1034 1075 1122 1192 1196 1208 1218 1244 1294 1350 1367 1425 1535 1545 1673 1693 1698 1796 
32 94 148 166 252 294 365 397 419 437 455 470 523 611 654 746 811 918 937 1081 1223 1244 1261 1276 1283 1288 1478 1492 1543 1545 1572 1803 1933 
40 120 134 173 183 223 265 301 399 408 409 460 478 484 576 650 658 803 902 982 1092 1141 1222 1248 1270 1333 1386 1398 1480 1506 1509 1529 1597 1647 1717 1726 1786 1872 1874 1953 1987 
39 13 80 89 121 138 158 171 306 389 391 417 445 447 500 549 595 641 653 708 779 1009 1021 1095 1109 1144 1170 1229 1254 1350 1464 1507 1652 1733 1835 1864 1896 1913 1951 1987 
42 4 25 32 39 44 55 73 114 173 274 361 456 515 592 754 862 863 883 921 957 962 974 1025 1092 1111 1114 1188 1288 1455 1485 1495 1588 1601 1699 1731 1785 1834 1856 1859 1871 1888 1931 
29 76 226 275 375 511 573 648 661 777 917 969 1040 1092 1098 1221 1260 1336 1402 1403 1493 1512 1620 1630 1692 1712 1756 1842 1904 1994 
41 20 42 48 51 55 71 108 185 186 195 226 262 415 422 461 463 492 623 727 829 962 967 1027 1058 1127 1142 1291 1298 1346 1379 1431 1488 1489 1505 1507 1578 1761 1853 1873 1913 1914 
45 88 170 198 332 340 367 370 471 484 510 540 570 593 597 670 753 876 935 988 994 1006 1041 1059 1066 1090 1117 1144 1179 1246 1262 1294 1427 1429 1442 1500 1506 1598 1635 1659 1745 1780 1788 1831 1837 1879 
35 0 20 170 201 204 304 339 393 401 511 595 598 617 760 797 802 844 865 908 968 1058 1110 1133 1161 1179 1575 1605 1624 1658 1674 1741 1749 1751 1803 1874 
38 2 52 95 206 210 266 301 308 341 360 396 405 455 582 616 693 732 793 794 797 824 842 898 929 963 1091 1195 1287 1324 1329 1465 1483 1628 1799 1852 1895 1914 1981 
42 6 21 25 26 36 96 174 236 297 307 309 366 389 452 557 643 707 742 806 814 816 829 852 859 885 905 985 993 1007 1026 1291 1376 1501 1526 1577 1629 1672 1843 1872 1893 1939 1999 
34 475 525 548 593 639 675 913 955 956 958 1101 1224 1247 1258 1361 1384 1410 1417 1449 1519 1524 1571 1574 1586 1663 1725 1766 1776 1856 1899 1917 1936 1959 1978 
35 1 32 94 131 274 294 390 468 497 618 683 694 800 823 897 905 959 982 1101 1125 1221 1226 1242 1291 1337 1404 1493 1615 1676 1740 1757 1780 1802 1840 1918 
42 33 45 66 90 162 205 241 378 431 461 532 596 621 623 625 642 672 731 775 889 996 1052 1145 1163 1164 1167 1209 1359 1379 1456 1466 1531 1550 1584 1590 1600 1619 1634 1756 1808 1894 1961 
32 20 107 120 178 251 318 374 471 545 622 751 782 793 912 919 932 1081 1122 1272 1276 1316 1333 1337 1362 1381 1489 1526 1604 1647 1744 1813 1942 
36 67 136 149 215 233 243 259 278 321 390 462 611 672 698 760 804 806 843 865 934 948 966 1173 1265 1288 1319 1322 1369 1374 1390 1452 1479 1575 1754 1834 1883 
37 83 89 120 228 307 331 404 477 487 490 499 577 637 748 993 1006 1057 1150 1276 1284 1291 1344 1376 1377 1443 1554 1607 1649 1663 1668 1709 1755 1787 1792 1853 1881 1986 
35 156 169 341 356 362 364 450 466 546 672 689 721 938 961 986 1022 1072 1180 1238 1245 1316 1335 1380 1390 1574 1638 1642 1691 1699 1731 1755 1770 1829 1888 1940 
36 8 72 108 110 218 234 275 344 418 484 496 599 691 848 883 913 930 1038 1056 1121 1129 1165 1176 1258 1306 1312 1335 1339 1340 1475 1620 1656 1720 1764 1794 1959 
37 10 115 155 201 202 263 286 325 372 590 593 758 825 869 885 1088 1093 1138 1146 1225 1226 1227 1266 1271 1275 1354 1410 1425 1480 1509 1628 1675 1706 1729 1793 1887 1984 
42 7 41 63 224 244 257 362 450 462 509 552 580 671 746 771 787 847 891 900 1008 1052 1070 1152 1183 1214 1233 1264 1332 1342 1368 1383 1468 1474 1531 1721 1747 1755 1797 1830 1835 1870 1986 
43 7 73 77 182 238 310 327 350 385 483 553 709 725 726 841 865 868 884 924 966 1028 1080 1101 1170 1205 1279 1356 1392 1404 1417 1477 1512 1612 1613 1689 1735 1742 1758 1810 1821 1934 1975 1986 
36 75 93 123 144 159 160 209 260 351 422 540 542 552 580 688 694 739 866 871 890 1099 1117 1151 1236 1314 1343 1354 1576 1642 1643 1728 1785 1851 1857 1918 1982 
33 44 63 86 90 157 209 307 327 494 497 620 679 693 696 703 761 882 949 1144 1152 1162 1222 1280 1377 1521 1606 1644 1705 1732 1830 1871 1966 1993 
31 15 24 25 63 111 145 185 198 223 267 352 357 547 716 820 969 1036 1040 1264 1270 1349 1489 1515 1569 1672 1692 1701 1805 1831 1927 1983 
43 62 78 85 137 138 144 174 181 250 345 348 359 365 434 450 486 491 521 540 593 599 602 715 751 801 825 909 931 936 942 1194 1326 1333 1335 1348 1354 1452 1700 1718 1756 1830 1855 1974 
37 11 42 78 83 118 243 309 362 442 475 564 578 621 638 655 724 778 799 828 871 901 906 931 956 1132 1143 1236 1291 1309 1334 1406 1409 1459 1547 1818 1854 1921 
48 9 84 87 106 154 254 287 315 404 419 563 626 670 680 718 737 788 796 799 805 833 857 904 974 1032 1177 1264 1282 1353 1358 1369 1378 1396 1404 1470 1472 1498 1580 1640 1711 1753 1762 1808 1816 1830 1918 1928 1949 
43 37 40 121 198 211 212 236 263 355 373 376 377 433 436 558 608 631 687 731 783 822 902 930 1100 1159 1247 1319 1322 1330 1416 1468 1575 1732 1782 1787 1795 1813 1889 1931 1932 1963 1975 1986 
39 0 21 140 145 164 315 350 436 472 475 489 514 524 545 557 578 653 696 721 750 795 811 831 997 1033 1053 1071 1082 1096 1156 1339 1413 1664 1709 1777 1778 1818 1833 1995 
47 14 208 228 317 318 326 412 430 454 484 534 549 577 593 680 693 718 719 794 855 870 932 936 981 1030 1180 1181 1186 1246 1267 1268 1332 1366 1393 1430 1486 1530 1558 1730 1823 1836 1897 1908 1940 1969 1976 1980 
35 26 45 139 160 169 221 261 264 294 329 430 439 557 598 632 707 741 816 822 853 1010 1116 1191 1210 1257 1259 1443 1481 1530 1536 1737 1775 1795 1845 1937 
43 138 169 221 283 287 345 381 476 500 513 522 542 552 568 607 622 642 645 656 695 710 724 733 762 779 802 964 1101 1128 1155 1188 1403 1461 1560 1570 1589 1638 1658 1689 1794 1832 1862 1986 
35 57 64 82 259 402 547 596 660 725 745 759 770 781 827 938 1026 1153 1186 1190 1191 1212 1238 1251 1267 1303 1354 1407 1470 1585 1746 1815 1819 1825 1880 1912 
32 143 302 308 321 470 505 624 712 848 857 912 936 977 1059 1085 1106 1170 1175 1209 1366 1377 1490 1511 1587 1609 1671 1811 1880 1924 1952 1982 1996 
32 38 56 70 105 122 131 136 233 253 256 369 506 564 616 620 671 814 1103 1215 1357 1448 1481 1533 1593 1641 1739 1761 1798 1819 1901 1966 1978 
42 23 84 87 106 151 200 227 242 273 292 416 510 537 601 624 676 678 738 834 842 894 900 913 999 1003 1046 1126 1246 1314 1320 1377 1382 1445 1527 1650 1691 1708 1832 1925 1965 1988 1993 
38 51 76 129 199 203 272 305 336 441 498 516 597 685 699 770 812 925 1011 1062 1269 1270 1356 1361 1378 1429 1435 1491 1524 1616 1618 1639 1670 1684 1708 1732 1771 1799 1995 
37 62 71 172 179 192 205 234 273 276 339 396 419 452 545 553 622 625 667 706 708 788 890 929 1099 1225 1242 1409 1433 1510 1598 1679 1719 1827 1834 1862 1931 1934 
52 53 87 110 113 118 149 190 208 276 284 320 345 392 422 428 448 598 624 670 730 758 787 884 974 977 1006 1054 1094 1132 1162 1208 1266 1277 1338 1372 1378 1382 1466 1482 1505 1509 1516 1564 1628 1700 1753 1790 1800 1868 1874 1943 1960 
42 8 9 54 112 176 296 347 396 491 520 624 689 692 741 771 811 926 985 1058 1128 1226 1227 1262 1272 1285 1355 1438 1455 1467 1571 1573 1640 1642 1643 1671 1676 1677 1750 1759 1762 1861 1977 
46 0 2 4 17 31 130 150 161 232 292 298 338 358 361 392 400 449 465 504 600 622 626 640 762 822 917 972 1147 1150 1169 1195 1211 1268 1330 1341 1425 1447 1465 1469 1489 1506 1584 1717 1841 1916 1931 
31 56 157 221 281 381 391 406 498 558 565 715 720 759 765 793 869 1007 1025 1037 1093 1272 1435 1655 1672 1681 1694 1813 1874 1880 1892 1903 
46 93 97 98 125 177 205 212 222 360 431 444 510 523 545 604 709 710 725 729 872 996 1012 1016 1054 1070 1071 1100 1124 1127 1172 1194 1245 1253 1298 1318 1342 1349 1362 1367 1404 1493 1508 1669 1672 1818 1959 
42 0 37 62 190 201 204 274 319 352 357 379 431 434 490 586 640 653 678 748 821 850 930 938 1009 1040 1054 1067 1158 1265 1342 1361 1528 1545 1548 1577 1578 1637 1714 1748 1797 1916 1975 
36 142 188 214 311 380 474 485 518 519 541 563 574 599 602 641 739 793 916 918 934 1027 1076 1210 1235 1269 1503 1524 1532 1630 1678 1731 1742 1898 1905 1958 1983 
35 87 105 159 255 287 339 372 373 391 393 407 413 566 613 637 743 761 763 764 809 860 935 992 1087 1191 1258 1357 1414 1431 1604 1727 1852 1866 1911 1967 
50 16 39 126 191 242 307 398 463 486 548 554 562 566 569 621 637 696 758 760 763 838 882 932 954 978 1028 1030 1031 1258 1285 1378 1391 1444 1445 1454 1460 1492 1495 1601 1610 1648 1685 1753 1769 1813 1816 1879 1904 1977 1980 
41 18 95 127 293 360 422 442 487 522 549 574 697 713 805 872 890 903 927 930 984 1015 1062 1082 1092 1104 1114 1119 1163 1201 1248 1259 1262 1283 1308 1464 1565 1741 1753 1782 1963 1978 
42 10 153 217 240 288 317 379 446 565 608 612 630 656 662 780 799 849 929 1033 1093 1097 1153 1174 1176 1182 1268 1286 1374 1380 1403 1466 1573 1596 1623 1637 1665 1697 1710 1714 1730 1733 1862 
42 5 51 155 194 246 251 257 363 403 446 467 512 518 604 623 658 712 719 782 875 1029 1091 1145 1188 1225 1447 1483 1529 1532 1534 1557 1613 1621 1704 1755 1799 1833 1846 1870 1896 1897 1992 
43 68 103 109 129 158 172 249 308 330 340 392 435 441 450 507 647 708 709 727 728 881 898 912 968 983 1120 1135 1192 1286 1337 1338 1414 1425 1436 1639 1731 1776 1838 1869 1887 1895 1903 1936 
41 47 109 224 325 351 384 514 554 572 726 729 735 755 766 811 901 905 960 985 1032 1062 1123 1127 1128 1167 1218 1290 1292 1336 1383 1393 1395 1407 1427 1571 1603 1662 1788 1810 1857 1906 
31 171 180 202 252 308 400 430 522 542 556 671 691 732 738 753 773 933 942 1052 1124 1167 1175 1235 1252 1277 1388 1429 1463 1731 1869 1937 
44 123 170 181 182 235 273 293 318 522 527 617 738 832 840 849 939 1001 1058 1103 1122 1173 1194 1214 1217 1234 1288 1302 1311 1314 1342 1354 1385 1453 1523 1599 1698 1723 1776 1820 1833 1867 1921 1933 1998 
33 1 79 96 238 331 358 462 541 625 740 741 840 879 963 996 1029 1033 1169 1283 1294 1330 1379 1528 1621 1703 1719 1736 1794 1836 1875 1903 1933 1954 
30 139 155 220 231 360 389 434 436 658 669 743 798 824 850 918 1000 1071 1104 1251 1520 1585 1615 1620 1641 1667 1829 1856 1858 1914 1917 
47 6 49 63 104 225 241 325 354 372 382 483 484 501 528 573 580 592 607 637 666 738 749 751 762 794 833 930 951 1077 1124 1148 1158 1248 1328 1356 1387 1484 1515 1552 1572 1576 1775 1801 1815 1849 1851 1989 
37 9 16 201 224 275 326 470 501 546 587 627 647 655 665 767 796 812 833 877 886 923 983 1074 1099 1208 1218 1231 1271 1428 1510 1593 1689 1854 1872 1879 1938 1954 
49 9 11 105 137 255 258 299 330 369 415 464 516 585 599 643 739 762 901 912 975 981 989 1013 1058 1094 1118 1121 1149 1259 1267 1336 1345 1357 1359 1390 1391 1425 1426 1434 1442 1493 1660 1672 1689 1850 1883 1900 1935 1945 
46 7 53 74 102 165 218 253 297 309 336 434 440 446 524 638 701 827 946 988 1002 1031 1043 1057 1117 1209 1228 1229 1339 1354 1365 1486 1555 1567 1598 1602 1614 1695 1755 1762 1797 1814 1888 1926 1950 1952 1972 
45 44 156 176 202 264 339 356 420 425 458 464 474 550 569 608 675 745 769 827 854 911 914 929 987 992 1037 1095 1211 1240 1255 1315 1370 1388 1405 1523 1525 1599 1619 1754 1776 1796 1876 1953 1957 1975 
49 5 24 43 119 143 191 193 203 298 364 457 472 526 680 797 812 815 919 955 983 1073 1168 1228 1330 1333 1352 1358 1371 1380 1428 1446 1491 1494 1514 1555 1567 1570 1596 1607 1640 1658 1667 1695 1734 1758 1854 1870 1906 1977 
36 1 27 45 120 216 219 223 344 368 414 450 504 654 658 676 692 695 851 988 1102 1219 1312 1348 1407 1463 1569 1599 1621 1659 1680 1696 1882 1910 1931 1937 1968 
44 22 93 140 193 293 323 359 385 407 473 493 543 558 560 697 822 829 834 868 906 912 932 939 981 1067 1073 1080 1190 1285 1290 1349 1363 1396 1448 1481 1482 1637 1646 1779 1812 1820 1826 1836 1873 
31 3 4 38 48 178 230 232 272 299 348 421 509 543 551 585 590 653 730 1007 1065 1129 1240 1261 1371 1507 1710 1715 1730 1844 1863 1994 
43 73 125 171 177 181 276 338 416 437 474 478 550 554 640 674 681 696 712 748 769 835 851 980 987 998 1071 1166 1225 1235 1274 1286 1339 1362 1591 1615 1622 1625 1661 1707 1907 1912 1916 1987 
43 125 181 201 237 255 265 289 298 301 354 375 433 440 465 603 672 674 735 739 873 889 989 1024 1064 1198 1207 1229 1233 1287 1391 1439 1443 1510 1622 1735 1737 1816 1821 1827 1854 1877 1882 1990 
36 99 153 155 176 203 290 308 326 333 448 481 505 602 609 655 753 858 867 868 886 920 958 1060 1166 1197 1289 1307 1401 1443 1516 1618 1627 1654 1656 1704 1795 
35 22 46 128 165 231 238 251 303 370 411 463 486 561 662 675 679 691 699 714 756 847 852 888 973 1000 1029 1313 1317 1466 1488 1509 1604 1698 1809 1932 
38 30 262 265 289 292 476 483 499 536 585 677 828 886 898 913 940 1096 1171 1234 1263 1321 1414 1432 1529 1547 1638 1643 1664 1683 1718 1737 1767 1800 1847 1871 1913 1949 1990 
32 74 75 92 105 240 313 314 511 569 631 639 661 752 771 885 937 967 1010 1049 1051 1085 1174 1186 1202 1413 1464 1500 1553 1712 1802 1913 1948 
35 95 127 202 219 267 391 403 411 429 455 519 526 539 565 581 597 612 624 633 762 1030 1211 1301 1446 1594 1595 1622 1654 1662 1702 1710 1712 1756 1812 1958 
39 0 45 50 87 121 186 210 214 390 439 586 771 817 828 846 929 955 980 981 1083 1227 1228 1256 1275 1331 1336 1364 1405 1511 1527 1597 1618 1647 1669 1715 1783 1855 1924 1926 
31 68 140 198 261 339 393 591 655 763 766 770 826 916 1041 1066 1200 1203 1254 1258 1403 1427 1544 1596 1660 1732 1825 1919 1920 1935 1938 1940 
28 107 142 213 215 243 285 288 348 366 371 454 517 595 728 784 1060 1141 1215 1225 1266 1335 1356 1385 1399 1468 1560 1771 1959 
41 20 175 241 242 255 331 358 395 512 559 692 740 815 973 1035 1042 1065 1120 1173 1241 1297 1317 1318 1334 1336 1337 1340 1345 1358 1392 1492 1499 1501 1525 1590 1835 1839 1853 1869 1896 1934 
37 81 153 248 278 299 308 324 346 506 548 562 582 738 747 754 813 887 898 1066 1108 1210 1224 1484 1578 1676 1740 1754 1765 1806 1829 1833 1848 1873 1905 1929 1948 1956 
41 175 256 286 356 453 462 547 591 610 612 619 744 758 813 882 976 1009 1054 1071 1096 1099 1117 1120 1178 1189 1265 1307 1341 1346 1351 1368 1451 1482 1535 1619 1727 1830 1850 1861 1894 1921 
37 101 102 230 304 326 355 359 402 409 435 459 495 600 643 770 791 814 915 1022 1080 1162 1171 1178 1187 1245 1304 1445 1492 1514 1525 1526 1561 1609 1757 1811 1853 1885 
44 105 154 171 184 277 287 312 338 345 397 416 585 595 640 804 846 894 958 979 992 1057 1084 1085 1091 1092 1163 1178 1189 1242 1296 1437 1480 1498 1517 1573 1618 1644 1686 1693 1736 1770 1818 1824 1843 
37 23 36 145 260 269 329 338 494 544 555 572 615 673 726 745 800 865 1065 1079 1094 1111 1163 1295 1296 1315 1338 1344 1358 1402 1421 1690 1708 1725 1750 1779 1783 1982 
43 22 114 136 139 174 189 212 335 350 356 388 395 416 434 456 473 513 562 598 609 624 820 885 920 1006 1036 1074 1106 1187 1203 1243 1290 1449 1580 1624 1648 1701 1814 1882 1900 1929 1941 1955 
44 108 177 185 220 237 335 340 500 514 533 550 600 603 620 882 945 979 985 1037 1071 1078 1096 1125 1137 1181 1185 1266 1315 1379 1428 1438 1458 1478 1551 1576 1632 1634 1653 1717 1810 1814 1819 1839 1859 
39 88 153 168 285 430 453 479 487 607 629 673 790 795 817 823 848 866 917 1004 1010 1075 1084 1095 1124 1293 1331 1337 1385 1465 1483 1582 1668 1711 1765 1877 1884 1887 1970 1997 
41 28 126 152 207 294 311 359 360 361 363 599 613 656 758 925 964 970 1011 1013 1020 1025 1056 1061 1216 1265 1285 1341 1357 1386 1389 1409 1425 1475 1520 1528 1597 1623 1699 1708 1757 1998 
42 9 35 47 66 89 154 176 240 353 395 407 631 634 655 663 747 760 830 882 1004 1032 1097 1131 1164 1249 1260 1363 1427 1527 1559 1568 1583 1743 1763 1807 1834 1840 1898 1902 1904 1919 1965 
36 20 22 25 56 92 111 173 258 310 312 449 628 765 1025 1119 1123 1154 1225 1293 1323 1467 1535 1561 1611 1619 1629 1631 1721 1735 1744 1764 1850 1897 1898 1941 1965 
39 2 34 201 235 257 276 312 371 441 442 467 577 621 659 670 672 908 1135 1164 1233 1253 1259 1317 1336 1362 1427 1447 1468 1543 1544 1597 1612 1720 1746 1786 1806 1851 1940 1958 
42 7 135 172 188 189 234 243 260 262 279 310 337 427 529 578 601 704 740 761 779 944 969 989 1149 1157 1200 1209 1226 1306 1368 1387 1517 1525 1639 1646 1804 1810 1840 1914 1936 1976 1989 
44 7 137 244 245 261 291 355 420 531 540 564 707 724 795 853 871 903 930 971 1007 1039 1073 1095 1108 1152 1189 1213 1356 1424 1485 1504 1596 1639 1666 1715 1723 1730 1738 1795 1836 1858 1907 1925 1989 
37 62 72 148 295 297 316 423 435 451 488 588 617 646 653 693 812 826 884 999 1166 1168 1214 1241 1330 1463 1471 1482 1573 1609 1689 1711 1781 1817 1841 1933 1976 1981 
39 48 80 170 196 255 300 305 381 457 581 606 615 728 822 877 901 915 916 984 1095 1105 1211 1283 1345 1346 1412 1435 1530 1533 1583 1608 1628 1659 1715 1723 1768 1851 1917 1954 
34 82 203 245 307 326 343 399 661 707 824 832 962 980 1010 1015 1075 1093 1098 1131 1186 1292 1295 1316 1335 1375 1404 1446 1491 1508 1567 1650 1699 1726 1730 
30 4 42 91 130 209 236 328 388 511 512 729 780 850 900 1051 1073 1086 1091 1125 1130 1180 1327 1355 1402 1545 1574 1576 1613 1626 1734 
38 52 184 340 482 536 564 595 665 673 764 768 830 845 883 895 899 922 940 944 982 1091 1121 1296 1405 1432 1440 1484 1487 1550 1557 1703 1714 1731 1738 1865 1877 1933 1935 
44 12 32 41 54 71 139 141 329 434 469 521 535 570 581 582 586 627 637 806 813 818 867 897 910 960 963 990 1053 1196 1240 1284 1300 1384 1428 1597 1620 1755 1777 1829 1914 1955 1956 1971 1996 
40 0 70 96 108 136 222 247 275 328 367 424 587 727 738 744 860 891 971 1069 1147 1169 1184 1284 1363 1373 1395 1426 1443 1504 1526 1616 1625 1649 1660 1676 1677 1732 1779 1945 1972 
50 50 64 96 98 126 144 154 211 228 250 255 309 398 456 525 572 596 680 682 685 730 746 747 749 884 897 904 912 935 944 979 1035 1071 1072 1117 1147 1190 1316 1334 1340 1432 1507 1546 1618 1690 1763 1931 1943 1957 1960 
40 5 43 114 124 180 213 286 395 403 419 503 583 682 704 731 746 832 892 919 1083 1093 1121 1167 1344 1355 1363 1386 1405 1496 1508 1521 1524 1645 1760 1766 1795 1813 1850 1952 1958 
27 141 146 237 246 280 309 601 621 648 665 739 1006 1078 1079 1189 1212 1226 1303 1363 1463 1465 1669 1673 1693 1832 1964 1981 
48 6 83 225 313 349 410 619 701 730 732 736 764 766 798 800 866 940 1095 1096 1198 1208 1245 1289 1317 1325 1370 1380 1402 1405 1426 1471 1507 1522 1533 1537 1544 1555 1574 1581 1658 1665 1705 1732 1764 1861 1869 1877 1964 
37 20 112 137 156 229 245 343 601 629 702 728 734 768 849 968 1031 1174 1191 1282 1284 1286 1320 1359 1408 1431 1563 1567 1624 1645 1678 1760 1815 1831 1934 1955 1962 1973 
37 137 146 421 544 567 584 825 843 858 866 1067 1118 1144 1154 1173 1225 1287 1295 1383 1407 1524 1549 1569 1618 1641 1652 1659 1673 1687 1694 1708 1852 1870 1919 1924 1953 1991 
38 21 99 222 225 238 312 329 357 420 533 638 660 844 899 910 931 966 988 1011 1012 1182 1183 1230 1423 1482 1623 1649 1694 1711 1787 1795 1804 1826 1864 1875 1912 1946 1976 
32 29 31 67 133 178 400 448 477 548 660 765 957 1079 1177 1195 1215 1226 1360 1377 1403 1408 1418 1513 1525 1532 1605 1668 1673 1692 1757 1805 1995 
39 1 20 94 171 224 273 346 361 430 435 476 541 575 595 658 664 744 757 842 869 907 1028 1038 1150 1164 1270 1384 1472 1519 1644 1690 1794 1804 1829 1831 1865 1879 1882 1979 
51 2 60 106 124 142 222 225 240 386 430 493 494 557 602 666 672 702 761 864 903 927 984 994 998 1001 1007 1018 1077 1107 1130 1188 1223 1389 1417 1433 1452 1475 1505 1567 1570 1652 1682 1712 1735 1769 1777 1811 1835 1869 1902 1930 
51 76 210 286 293 330 355 383 469 517 571 583 600 656 694 738 780 792 826 846 934 979 1063 1118 1119 1128 1145 1168 1190 1193 1204 1355 1378 1383 1403 1442 1495 1524 1610 1626 1627 1651 1661 1671 1684 1741 1765 1834 1939 1973 1985 1989 
33 26 58 85 106 195 200 325 360 540 548 613 699 705 772 780 786 794 796 801 830 896 1033 1051 1094 1127 1239 1243 1244 1262 1305 1339 1731 1774 
44 12 26 187 207 282 315 333 355 363 364 406 562 650 671 673 708 724 742 781 901 907 928 1103 1123 1148 1234 1242 1271 1299 1323 1365 1400 1408 1581 1647 1697 1721 1724 1778 1819 1876 1899 1916 1952 
41 21 198 285 371 387 398 454 465 493 542 543 561 606 637 677 683 691 726 873 957 1005 1046 1091 1163 1176 1188 1258 1354 1359 1464 1582 1602 1654 1693 1734 1756 1763 1839 1847 1872 1916 
46 8 42 44 101 106 136 207 237 538 556 637 686 741 744 758 874 962 1027 1028 1045 1162 1173 1197 1200 1326 1353 1358 1388 1487 1492 1525 1536 1537 1549 1565 1603 1627 1638 1661 1665 1762 1766 1796 1899 1932 1933 
53 28 182 204 258 289 350 367 415 428 541 616 705 723 738 742 754 835 849 906 933 935 958 997 1031 1042 1074 1136 1171 1193 1195 1197 1248 1284 1341 1344 1357 1368 1443 1456 1480 1579 1644 1658 1758 1800 1814 1863 1876 1878 1895 1920 1954 1962 
42 66 68 77 155 239 242 272 288 307 465 479 483 512 562 563 582 657 695 773 775 779 800 887 990 1048 1191 1241 1249 1356 1387 1406 1424 1466 1472 1487 1491 1552 1611 1690 1779 1829 1918 
49 118 121 143 157 208 245 266 288 314 364 366 367 370 380 398 440 466 485 503 513 577 598 626 639 651 700 743 759 760 799 929 1026 1034 1072 1092 1104 1259 1314 1331 1424 1487 1500 1543 1548 1584 1713 1883 1891 1906 
46 29 31 64 212 273 280 300 347 431 435 488 513 541 543 578 631 715 717 856 868 893 898 994 1055 1070 1077 1148 1175 1186 1204 1263 1290 1325 1359 1449 1550 1600 1614 1736 1823 1838 1845 1873 1912 1932 1961 
48 27 52 64 151 169 233 248 263 317 332 370 409 466 540 636 644 674 701 734 795 824 937 959 1039 1059 1125 1167 1168 1171 1201 1261 1282 1289 1312 1355 1457 1499 1506 1553 1570 1581 1599 1602 1666 1837 1928 1978 1980 
39 10 21 25 166 208 320 362 391 448 499 534 565 597 622 645 710 810 854 874 903 933 959 980 985 1201 1227 1259 1313 1332 1416 1497 1638 1663 1691 1754 1769 1781 1860 1987 
43 41 63 67 86 100 169 208 270 346 347 414 423 451 467 649 686 755 813 856 892 916 963 1016 1122 1213 1240 1247 1269 1283 1432 1437 1444 1490 1572 1577 1633 1701 1870 1875 1889 1902 1922 1947 
22 84 105 136 241 462 546 559 708 807 883 1048 1061 1215 1402 1408 1538 1540 1596 1607 1703 1961 1976 
29 41 115 146 174 194 199 327 427 432 471 516 525 579 647 659 765 1068 1263 1333 1357 1380 1389 1453 1476 1486 1497 1554 1666 1812 
38 72 88 140 163 183 206 423 584 630 632 639 654 682 793 823 1002 1070 1072 1102 1261 1274 1305 1312 1322 1352 1424 1430 1463 1470 1502 1505 1598 1608 1629 1671 1740 1816 1938 
49 24 36 42 200 203 204 295 327 340 373 396 530 568 580 581 610 640 700 703 767 865 884 889 897 915 916 982 1051 1091 1109 1142 1160 1166 1245 1258 1260 1266 1300 1321 1410 1487 1513 1547 1651 1675 1685 1822 1860 1994 
32 161 164 282 316 379 448 531 550 711 714 747 869 884 915 955 1044 1243 1263 1366 1402 1431 1497 1513 1543 1588 1601 1807 1858 1878 1880 1893 1898 
46 154 187 202 271 291 311 338 363 397 430 449 464 474 620 630 644 711 744 750 779 780 844 912 953 972 995 1034 1139 1169 1212 1260 1371 1413 1464 1508 1510 1561 1660 1775 1789 1822 1941 1942 1968 1986 1991 
41 8 91 175 214 257 281 325 342 432 489 492 564 566 638 670 683 722 749 759 794 829 920 959 961 986 990 1035 1059 1064 1213 1286 1446 1504 1619 1637 1638 1641 1694 1809 1811 1937 
47 15 34 67 86 92 93 109 161 163 202 207 244 331 355 359 383 397 437 492 687 711 837 922 965 986 1025 1123 1133 1174 1347 1450 1454 1481 1545 1637 1689 1690 1692 1747 1778 1783 1876 1894 1934 1945 1953 1955 
41 75 128 153 210 235 249 296 326 389 401 524 679 734 763 826 996 1005 1055 1060 1105 1181 1214 1280 1379 1429 1504 1548 1551 1568 1621 1631 1709 1789 1792 1832 1841 1850 1922 1931 1977 1983 
44 66 79 172 226 247 256 294 328 342 355 708 709 743 794 842 855 904 941 961 970 975 983 1038 1072 1159 1165 1170 1242 1331 1397 1411 1434 1480 1483 1554 1567 1582 1624 1674 1700 1715 1812 1869 1997 
36 41 65 103 158 221 229 272 332 414 491 664 741 779 880 960 1023 1042 1083 1100 1112 1251 1273 1289 1315 1343 1384 1511 1648 1664 1681 1761 1779 1812 1817 1837 1897 
31 2 90 91 117 177 242 259 277 307 319 509 520 752 798 890 899 952 959 1104 1139 1320 1460 1464 1526 1586 1596 1689 1836 1900 1922 1926 
47 30 46 86 179 328 356 357 397 401 486 495 549 562 580 604 621 692 728 732 828 846 953 971 1005 1036 1162 1187 1255 1258 1343 1381 1418 1441 1480 1604 1686 1708 1716 1740 1780 1854 1884 1890 1922 1930 1937 1977 
54 5 34 35 141 205 248 285 290 327 356 364 401 432 516 566 567 605 614 663 692 760 816 839 861 897 934 965 979 993 1005 1009 1013 1151 1227 1240 1249 1252 1362 1422 1454 1509 1514 1580 1619 1639 1697 1745 1754 1829 1832 1869 1896 1956 1967 
43 97 136 201 216 217 520 521 561 568 597 678 713 818 888 946 984 1028 1043 1056 1165 1166 1258 1297 1381 1424 1455 1473 1526 1534 1541 1568 1637 1642 1645 1660 1674 1681 1713 1760 1763 1826 1885 1894 
44 154 223 286 314 347 394 395 402 425 433 466 493 502 510 519 601 710 762 769 809 914 979 1100 1145 1165 1240 1332 1338 1345 1370 1385 1393 1410 1469 1549 1623 1650 1739 1759 1844 1886 1919 1931 1962 
56 27 119 133 216 229 246 308 309 321 342 344 372 374 405 415 419 477 509 549 554 561 563 586 633 657 684 745 760 831 837 886 909 994 997 1025 1027 1052 1129 1140 1154 1174 1180 1196 1230 1273 1312 1351 1358 1436 1467 1530 1543 1556 1662 1759 1915 
34 70 112 179 216 241 296 417 599 684 698 739 814 958 1053 1061 1241 1287 1331 1340 1367 1380 1396 1567 1578 1591 1617 1626 1664 1704 1733 1738 1760 1818 1952 
41 3 170 209 322 366 433 448 464 593 657 785 795 823 825 847 918 951 984 988 995 1102 1126 1253 1324 1360 1436 1462 1467 1562 1605 1678 1691 1730 1733 1817 1901 1915 1927 1938 1957 1975 
34 44 140 174 232 338 392 417 437 489 545 634 653 866 885 1016 1033 1077 1118 1147 1179 1186 1187 1192 1309 1354 1374 1522 1529 1531 1547 1646 1692 1851 1857 
39 24 49 59 127 136 173 225 272 295 316 380 390 420 513 609 628 659 713 725 758 763 764 783 907 1005 1170 1172 1227 1250 1282 1299 1318 1405 1555 1662 1712 1736 1739 1893 
35 41 70 221 302 352 364 369 379 443 487 530 605 696 742 919 935 968 1136 1193 1301 1317 1319 1355 1373 1530 1571 1643 1743 1753 1828 1832 1851 1871 1913 1915 
