200 2000
371 471
174 657
527 647
217 247
109 452
77 810
267 511
295 386
327 911
38 160
271 556
373 443
389 438
226 762
106 554
96 292
684 753
441 952
295 869
206 674
422 538
147 956
2 24
316 919
156 517
40 292
120 897
159 448
318 985
110 844
77 281
136 796
93 920
124 209
81 506
603 672
83 603
111 168
435 530
478 701
756 856
356 826
6 26
342 347
415 443
228 228
788 890
286 342
266 286
30 818
483 579
284 344
238 708
496 508
462 507
659 925
612 667
229 753
171 623
9 546
37 114
300 431
486 804
282 837
1 3
123 425
693 846
110 714
140 722
21 324
81 184
556 581
693 937
414 552
65 175
694 736
487 518
127 913
260 383
140 938
125 234
134 239
86 103
34 110
194 363
135 326
399 684
415 674
49 57
147 204
436 624
29 569
349 564
61 878
18 74
170 334
646 750
313 451
18 108
16 220
545 559
117 735
237 352
758 807
465 648
122 441
571 645
17 72
93 371
39 105
182 466
222 733
24 272
482 716
161 564
123 132
215 665
56 137
16 65
66 179
610 622
507 540
438 930
614 941
215 217
599 612
360 498
227 299
140 613
5 69
140 179
448 476
58 163
288 762
318 641
543 1000
84 566
284 880
196 355
366 831
156 545
167 692
409 479
530 704
125 204
274 670
230 963
28 604
506 765
75 75
38 257
354 399
28 146
574 798
167 641
54 559
760 885
211 295
54 533
330 334
249 518
55 619
651 828
638 875
141 188
135 414
147 663
269 369
345 853
36 70
226 421
54 379
104 190
675 743
28 36
349 980
357 412
71 281
64 145
138 159
51 367
242 329
37 287
618 869
42 109
5 362
512 626
118 831
429 634
35 114
2 2
35 361
84 117
83 344
56 116
201 463
185 213
287 964
545 693
16 82
140 879
23 33
59 725
149 399
365 639
864 935
382 651
27 35
59 67
29 587
26 311
27 170
327 416
22 25
609 613
35 48
653 964
48 222
460 967
140 651
230 624
23 727
366 884
280 317
162 358
147 178
75 353
171 345
215 679
116 590
354 696
103 210
448 600
159 201
235 400
24 559
125 305
288 790
1 30
237 282
58 84
310 780
156 688
360 928
59 468
682 906
331 558
528 611
205 388
94 241
195 289
64 92
485 527
8 35
43 742
20 387
192 623
152 402
631 728
208 349
756 906
463 948
396 523
78 191
49 76
55 70
254 966
784 823
267 410
284 299
100 243
502 837
531 738
263 449
22 40
464 478
216 625
256 542
203 497
97 270
141 561
243 783
820 868
5 304
22 51
725 805
92 140
133 156
416 644
23 88
137 959
47 583
24 38
451 656
121 912
56 368
54 147
297 679
175 939
625 676
31 133
513 580
67 238
427 571
71 81
404 596
569 791
328 502
262 292
339 603
134 783
242 255
65 213
71 177
166 241
65 70
123 152
116 487
640 952
237 479
321 657
126 374
710 997
288 895
264 471
53 255
224 316
199 309
72 74
100 213
795 995
49 69
640 841
677 694
161 897
390 924
200 502
528 650
596 948
285 886
160 238
181 642
456 754
370 870
118 153
3 7
151 295
56 979
13 36
72 96
253 405
315 339
530 693
457 899
133 725
345 444
42 569
367 726
419 511
15 273
29 109
415 806
34 49
694 790
20 21
337 470
544 561
541 657
92 171
352 574
789 877
357 945
506 759
304 324
893 924
70 567
73 385
398 798
174 375
447 457
448 544
461 571
828 921
24 701
565 633
81 259
199 667
55 567
32 73
99 174
299 888
133 367
243 862
641 694
25 736
302 770
198 682
478 813
13 206
108 854
365 812
2 2
55 199
5 28
17 45
940 970
95 469
107 215
12 66
332 338
114 900
1 9
71 211
28 743
5 18
20 62
262 647
711 793
224 420
148 159
213 750
91 134
33 78
276 956
518 686
391 460
819 987
132 287
120 489
463 958
335 378
463 656
123 757
455 456
411 736
891 974
116 364
637 787
313 322
692 858
175 988
108 497
12 182
158 989
378 710
495 899
275 284
29 52
378 491
133 295
49 143
445 651
193 362
204 632
169 367
359 630
52 57
536 809
256 680
64 308
49 177
311 508
479 987
61 343
26 134
21 24
27 108
294 379
0 543
8 392
802 851
857 992
32 68
22 83
34 593
47 47
246 437
106 975
124 241
237 343
530 800
47 157
50 114
374 533
7 21
89 738
259 460
153 734
454 684
13 46
49 234
60 307
336 741
350 676
265 332
807 909
107 209
62 125
433 559
383 493
77 196
144 731
97 201
473 864
270 643
571 999
638 766
60 884
13 13
323 452
475 508
29 184
112 686
99 117
70 312
387 722
400 874
438 837
66 85
651 840
360 456
461 519
83 166
481 882
316 555
191 211
295 670
186 266
64 176
372 470
312 729
56 272
59 915
514 576
232 415
693 767
156 977
137 157
382 394
76 375
205 901
401 604
278 485
154 201
143 144
143 428
4 364
502 587
433 955
161 703
393 546
302 728
6 738
174 792
102 606
242 292
347 561
111 288
269 456
103 349
360 448
81 910
211 487
323 504
26 559
29 260
223 283
23 280
316 808
45 564
428 852
128 276
2 193
335 611
667 799
8 122
155 260
679 818
49 609
507 513
382 626
73 299
228 406
113 353
290 807
277 402
101 487
70 456
120 292
134 584
490 530
526 623
420 778
537 538
553 605
755 978
246 565
11 48
12 780
636 849
166 688
352 390
260 273
881 895
766 874
67 104
97 649
0 154
25 510
470 925
9 202
328 388
791 984
718 807
51 91
58 356
259 723
356 479
50 57
331 350
4 63
148 187
58 89
760 777
674 726
282 714
127 390
99 132
106 172
139 500
123 794
482 631
215 490
383 677
276 397
355 403
127 177
554 990
360 975
329 611
221 229
137 813
188 194
78 417
129 155
521 821
416 883
76 211
490 788
597 736
658 878
239 361
1 8
50 79
107 967
561 741
78 114
357 609
3 3
911 989
83 616
56 534
21 306
283 934
126 383
4 170
281 763
592 824
568 970
406 577
19 599
372 626
70 631
124 141
116 647
802 864
51 119
224 459
132 381
492 780
646 1000
217 662
262 435
63 961
234 302
20 41
251 672
626 675
260 830
278 383
18 219
35 819
168 206
203 387
425 729
357 884
446 643
9 381
758 791
78 427
115 243
75 434
854 966
279 504
647 678
41 678
187 601
17 509
4 6
258 895
231 565
655 725
573 789
290 810
180 447
197 213
191 882
68 868
36 667
22 165
90 239
627 745
356 839
414 992
172 780
183 338
305 827
53 606
87 230
317 437
330 607
55 81
23 222
902 956
62 215
32 502
39 85
119 130
291 546
826 931
204 452
189 912
336 647
225 260
838 975
65 606
221 463
85 139
207 655
400 408
367 720
97 143
603 696
746 790
107 151
41 52
105 231
593 842
78 136
736 793
153 764
252 376
3 10
77 180
12 104
537 627
146 825
233 485
419 934
115 133
93 139
253 536
178 528
396 653
181 202
288 301
267 549
29 512
375 653
543 676
0 182
393 871
214 650
197 625
87 94
118 405
121 148
154 544
74 350
458 729
112 288
232 377
581 908
1 48
61 434
23 132
502 711
380 968
271 744
499 988
67 70
185 928
866 939
580 987
155 935
279 454
208 242
322 860
480 554
549 859
201 980
8 116
107 877
20 170
60 61
855 962
4 68
24 235
139 797
324 372
123 319
331 443
172 430
20 118
22 23
83 304
148 169
310 663
230 976
380 589
186 534
321 519
143 319
175 200
159 622
45 685
534 664
133 181
203 628
14 676
25 25
165 177
429 796
337 339
78 156
159 849
112 542
210 611
101 332
441 801
27 191
21 417
119 349
42 483
580 897
520 598
154 250
191 707
707 842
232 290
96 224
468 716
208 436
8 33
225 894
339 733
396 524
568 829
7 955
705 915
428 767
194 556
409 851
32 84
140 834
217 266
731 794
515 573
15 720
43 102
184 742
230 444
125 703
745 881
547 873
494 564
102 121
297 723
33 306
118 426
331 523
123 305
97 99
46 72
286 470
296 315
546 842
163 272
341 714
248 773
151 379
128 945
223 660
47 157
499 784
241 892
32 703
202 306
463 611
71 420
737 987
256 852
179 676
262 372
80 247
73 161
7 96
711 979
1 1
642 706
514 880
442 971
4 670
195 619
273 362
44 436
30 143
7 478
118 365
466 939
32 243
503 550
219 323
52 119
380 678
836 841
42 86
81 923
473 784
181 487
7 175
32 126
232 879
490 558
106 500
443 863
23 146
431 571
372 560
384 428
27 81
15 621
356 685
104 433
8 336
391 928
97 461
154 324
59 752
783 871
62 150
11 46
146 492
251 878
8 312
534 624
328 483
147 631
7 9
201 410
567 937
49 234
347 951
46 496
428 698
327 859
213 436
64 405
7 43
672 912
23 52
227 258
457 466
592 815
0 4
115 794
896 1000
331 613
67 409
56 178
722 964
34 333
153 330
160 886
82 291
90 191
272 955
19 174
96 264
22 466
181 670
324 507
513 738
292 384
331 738
114 802
45 97
571 778
21 128
174 317
21 21
143 316
555 906
15 679
60 142
45 870
23 58
115 807
48 588
264 268
69 202
47 672
5 82
286 562
382 846
207 340
83 968
313 396
945 945
204 364
129 692
419 778
33 203
308 955
115 226
12 33
432 582
322 564
12 103
61 658
625 783
28 770
19 808
113 121
97 428
2 330
26 911
24 140
101 671
322 550
27 52
82 233
152 582
342 881
481 852
27 531
746 956
263 358
23 34
268 512
178 194
843 859
75 218
176 431
38 531
294 961
324 519
29 31
580 887
4 9
178 591
13 49
165 990
349 682
348 691
434 742
59 86
84 306
316 456
134 394
192 305
455 688
174 433
23 43
245 678
127 214
317 466
466 487
37 490
38 139
563 961
712 748
30 961
46 240
40 253
0 230
767 824
272 796
677 879
106 261
328 653
173 218
695 765
364 602
70 526
803 986
28 197
783 790
113 420
218 979
198 284
211 671
872 893
922 946
51 769
80 340
140 558
242 902
172 316
493 863
790 963
632 698
109 853
767 948
49 169
82 240
77 318
10 58
745 925
19 36
530 554
48 131
248 371
59 167
9 206
215 525
129 141
4 30
359 503
65 70
587 695
80 173
67 196
10 10
285 461
115 452
334 518
414 475
28 673
10 312
106 724
124 144
19 90
14 317
357 450
150 743
297 554
100 212
288 753
468 733
82 814
764 921
755 915
144 302
481 483
133 145
204 626
274 450
297 591
466 657
131 430
174 968
228 545
74 598
53 776
216 358
123 224
58 590
25 227
379 442
27 551
364 453
237 473
125 809
373 424
1 1
186 937
12 25
438 900
17 458
36 99
151 180
4 43
131 791
764 837
9 334
267 632
12 44
526 662
95 129
297 630
119 211
589 637
97 773
252 472
724 935
191 624
586 647
25 770
40 184
260 664
205 205
428 483
604 783
103 379
182 404
176 182
97 240
200 296
792 888
162 523
372 385
144 473
67 305
390 452
75 301
232 401
440 983
65 111
159 635
467 599
323 400
95 517
722 873
438 485
40 106
3 45
39 86
764 905
638 670
254 603
275 939
321 859
356 420
67 266
203 426
27 169
223 547
12 242
996 997
201 468
6 17
189 615
11 23
179 311
100 479
594 879
318 399
115 174
62 383
243 410
958 983
127 474
58 112
77 963
105 552
643 768
411 994
557 714
763 815
153 261
114 895
97 433
242 734
405 608
425 595
2 14
248 963
58 407
146 514
9 95
525 613
558 929
121 693
113 974
56 879
534 796
412 861
273 554
560 594
360 706
318 351
56 71
46 63
32 132
56 58
617 681
37 950
19 805
389 498
411 912
172 379
192 376
105 978
177 488
131 955
10 984
207 959
466 543
408 854
738 931
391 583
213 239
686 895
563 672
93 129
410 737
92 127
2 53
79 222
298 559
749 992
247 380
784 917
220 372
726 852
504 715
243 345
169 178
18 374
112 226
564 738
549 605
167 277
159 224
516 722
343 563
49 866
349 502
167 243
221 268
115 857
167 349
91 308
82 103
371 761
365 625
59 690
8 902
5 220
126 172
191 535
257 915
626 771
541 779
164 231
73 720
224 444
43 178
560 752
348 502
645 699
414 468
51 629
137 684
811 843
55 274
48 360
0 4
0 14
547 575
519 945
124 353
475 477
59 72
376 970
495 509
216 645
427 498
172 754
104 205
35 237
173 234
155 525
3 525
59 279
46 834
17 744
39 333
268 348
2 27
592 846
351 428
120 819
406 453
77 229
105 255
51 612
291 440
164 447
238 853
93 529
140 506
112 259
497 617
966 988
18 33
127 500
80 188
113 357
129 195
351 411
26 59
624 902
48 215
22 534
278 604
169 288
103 804
7 748
239 324
308 605
643 767
919 952
393 971
563 739
613 729
592 871
146 372
28 71
118 227
485 746
46 50
11 37
108 200
108 586
28 102
368 672
10 35
3 3
440 480
26 48
137 245
232 748
592 682
255 942
14 96
436 916
422 437
805 934
129 150
487 743
75 387
310 483
377 589
487 823
592 823
963 992
229 437
205 248
129 550
414 598
193 468
32 65
393 692
158 924
139 403
605 622
532 867
684 869
22 136
91 354
776 839
165 244
7 30
423 771
139 988
48 914
83 623
101 294
103 739
9 68
102 515
669 781
363 364
9 609
1 893
62 135
218 622
758 781
31 812
23 24
537 609
90 280
30 826
257 903
232 606
456 607
203 686
19 35
362 708
59 891
198 621
124 275
92 212
79 569
130 132
2 6
2 24
177 243
148 701
173 215
61 247
1 49
62 83
690 809
8 188
108 315
102 190
91 568
4 8
70 392
100 535
392 588
7 685
146 854
179 438
412 423
268 831
69 163
138 963
71 146
826 890
45 605
20 199
144 302
254 848
200 968
366 607
219 787
41 185
75 431
533 842
464 982
348 753
20 34
14 23
179 387
15 76
697 881
170 279
20 146
440 631
658 975
86 154
191 236
114 324
200 761
146 931
616 747
292 336
293 698
798 895
292 916
15 783
195 235
691 834
326 546
84 183
343 604
136 479
178 868
156 252
245 442
19 379
246 337
236 861
251 335
129 760
409 719
230 270
550 683
27 52
15 231
60 911
519 835
94 538
474 649
260 508
330 515
34 195
213 364
195 359
5 193
409 853
59 658
416 885
657 691
318 464
108 109
7 25
77 876
440 785
122 698
49 358
7 792
81 260
518 893
248 301
947 998
58 84
674 960
514 960
507 750
316 574
688 788
12 12
30 109
245 688
50 987
677 840
160 351
90 144
29 35
213 541
148 630
177 619
272 332
671 688
443 649
0 879
42 742
167 712
360 811
22 46
201 303
53 130
159 891
622 826
38 326
52 53
304 615
592 995
155 193
119 261
729 781
77 233
33 433
5 23
9 591
1 634
12 212
406 444
131 603
130 382
847 883
887 951
35 275
747 863
121 292
52 52
554 731
798 809
47 221
17 40
43 452
115 739
169 490
252 258
735 813
259 502
168 182
71 982
60 998
787 963
394 503
40 372
158 455
20 23
415 581
253 705
168 490
289 310
185 205
27 61
87 209
244 836
129 287
802 926
35 375
1 1
63 541
11 12
143 270
10 69
65 240
160 303
30 764
665 711
39 64
67 242
260 460
308 665
289 379
307 479
147 762
528 674
40 147
9 10
2 5
383 580
543 993
206 316
647 709
81 748
247 714
65 65
39 58
246 302
62 890
60 291
315 428
37 94
546 810
91 894
456 902
75 243
101 374
158 515
95 755
60 263
581 596
418 965
501 545
180 811
256 371
120 440
428 799
807 946
268 522
109 298
126 147
4 113
18 329
359 448
777 898
242 290
0 14
107 305
321 731
423 908
538 779
52 65
114 155
328 348
378 820
111 694
277 293
309 565
178 243
129 700
790 839
61 725
181 576
284 572
33 64
385 741
152 200
515 695
224 256
156 604
542 830
143 361
325 489
256 428
2 2
107 167
239 560
25 452
172 793
273 464
304 416
7 72
143 171
50 141
81 269
107 407
243 649
749 762
354 509
286 438
106 265
192 884
34 112
486 827
447 878
216 323
69 650
190 224
32 85
629 848
95 400
116 294
897 991
191 197
176 206
30 441
59 79
20 459
303 546
17 140
595 819
289 445
263 301
725 814
252 284
158 947
154 180
74 565
166 418
24 345
5 92
332 565
46 727
282 341
353 776
189 545
189 230
302 341
133 487
273 310
416 952
948 992
229 288
341 864
607 811
395 943
494 645
72 312
61 127
148 192
6 148
425 456
699 757
33 55
422 980
484 600
312 689
227 411
158 494
12 15
599 903
437 815
769 775
427 669
61 107
84 745
72 179
621 767
287 300
433 847
182 265
154 439
395 927
226 335
43 46
95 161
152 255
28 426
222 453
13 20
313 510
364 883
230 592
298 582
281 500
0 52
409 769
516 768
590 767
98 314
50 434
473 654
334 354
234 472
9 665
213 326
42 137
744 821
13 506
122 140
288 301
77 455
287 858
342 381
180 836
548 682
14 49
126 245
67 141
117 476
187 717
84 352
155 665
520 694
5 12
18 196
775 939
496 791
343 373
31 298
115 260
558 973
252 496
1 9
165 288
990 996
112 429
308 536
58 163
158 608
228 397
184 995
293 424
176 292
436 450
429 657
74 668
99 258
40 786
13 19
104 455
134 451
16 64
120 701
373 508
514 573
193 815
223 921
94 428
465 958
127 238
13 71
593 894
17 315
261 576
66 227
15 75
87 140
232 950
387 412
79 135
598 690
44 63
393 413
24 74
186 327
114 303
219 690
39 48
306 364
603 788
32 588
323 514
43 725
99 102
332 617
403 821
354 444
4 31
15 19
828 841
294 392
14 630
244 697
510 677
333 572
281 463
504 978
363 868
32 671
9 26
100 238
184 294
39 583
715 759
436 624
37 619
43 683
48 188
27 480
510 788
5 65
19 54
40 215
229 735
423 686
473 704
163 431
128 746
38 90 312 329 338 397 418 435 464 583 595 756 758 797 827 831 844 919 1025 1028 1033 1071 1180 1183 1218 1236 1257 1333 1337 1463 1552 1607 1741 1758 1794 1813 1834 1908 1965 
42 17 111 136 157 180 204 292 338 415 417 462 592 671 673 675 696 699 706 751 765 840 879 884 1077 1101 1137 1165 1257 1263 1282 1324 1544 1616 1798 1814 1820 1865 1889 1910 1924 1960 1968 
32 11 15 16 28 83 122 123 129 159 217 235 396 508 534 674 851 868 1140 1171 1172 1290 1332 1372 1420 1453 1635 1700 1706 1732 1779 1782 1919 
31 256 278 329 414 457 462 524 547 558 560 574 685 721 723 1083 1158 1202 1399 1405 1468 1496 1519 1536 1570 1612 1646 1686 1773 1804 1850 1885 
47 46 93 95 119 144 147 187 218 256 296 316 377 398 424 429 652 683 718 757 836 881 897 904 908 945 1037 1039 1047 1119 1162 1202 1285 1303 1475 1520 1533 1570 1662 1748 1800 1825 1833 1842 1888 1918 1928 1946 
38 86 156 184 247 290 295 324 330 423 463 484 493 522 539 630 707 809 821 829 833 858 887 901 1005 1010 1114 1191 1196 1317 1389 1423 1446 1638 1707 1812 1814 1848 1925 
42 26 51 65 66 80 160 290 318 360 361 364 423 442 458 464 555 565 680 714 950 990 994 1004 1032 1058 1107 1123 1132 1294 1306 1346 1364 1368 1393 1447 1448 1559 1676 1677 1763 1948 1962 
42 28 125 189 192 208 224 248 258 268 275 444 503 608 668 723 764 786 818 830 893 986 1036 1105 1195 1199 1237 1247 1349 1375 1377 1387 1469 1524 1593 1600 1606 1630 1666 1805 1921 1956 1965 
43 10 42 59 85 104 109 134 143 211 261 311 361 365 379 385 500 568 587 742 762 893 933 1019 1071 1112 1152 1164 1184 1221 1265 1270 1289 1312 1374 1386 1450 1476 1582 1657 1679 1879 1955 1986 
32 66 76 83 124 172 174 335 484 610 672 739 744 853 933 977 1031 1201 1252 1269 1289 1358 1470 1526 1532 1548 1640 1652 1656 1826 1847 1923 1967 
34 25 113 121 171 188 267 270 276 362 427 441 541 584 752 789 830 1000 1040 1156 1257 1284 1344 1349 1427 1518 1546 1589 1606 1628 1629 1697 1759 1901 1929 
38 28 167 203 204 224 228 316 325 335 448 486 515 521 675 945 1025 1032 1041 1069 1111 1150 1179 1232 1265 1316 1399 1448 1539 1551 1634 1711 1726 1737 1778 1878 1920 1957 1977 
44 45 51 91 96 124 176 185 234 255 364 378 383 474 478 565 628 663 668 681 702 750 812 835 867 885 948 1009 1076 1080 1173 1184 1216 1260 1428 1549 1599 1607 1738 1768 1770 1866 1923 1940 1965 
35 86 261 296 394 419 489 507 595 671 707 768 807 819 836 895 929 1143 1188 1190 1192 1194 1207 1219 1220 1227 1243 1263 1266 1288 1444 1516 1651 1750 1758 1902 
27 4 23 66 148 204 290 292 594 710 809 1024 1071 1136 1138 1391 1430 1437 1518 1613 1633 1695 1701 1744 1782 1836 1865 1988 
25 42 182 191 220 239 322 385 464 487 516 538 648 768 787 830 872 941 987 1427 1448 1716 1788 1944 1982 1989 
44 88 119 155 166 203 256 262 319 336 351 393 403 439 537 550 555 564 727 735 763 767 817 820 857 891 977 992 1011 1378 1387 1398 1455 1502 1504 1565 1624 1648 1749 1759 1766 1801 1834 1884 1981 
37 29 143 179 227 239 378 415 479 505 533 539 563 625 797 808 927 986 996 1033 1057 1059 1104 1189 1355 1402 1405 1455 1527 1576 1647 1696 1711 1797 1856 1873 1882 1902 
43 9 18 33 103 206 250 277 426 470 555 560 614 640 654 773 803 823 882 915 926 949 968 1007 1084 1130 1182 1192 1211 1313 1368 1386 1411 1470 1500 1549 1564 1597 1752 1811 1850 1887 1920 1953 
32 78 183 228 230 307 352 417 445 586 589 649 720 758 781 883 904 936 1002 1115 1159 1181 1223 1272 1349 1620 1648 1651 1678 1787 1917 1925 1984 
33 3 128 170 268 311 372 454 462 463 547 577 623 715 722 741 865 1220 1224 1302 1307 1421 1426 1483 1509 1529 1683 1698 1723 1760 1859 1905 1961 1976 
30 18 283 293 322 378 423 432 483 554 587 593 688 818 835 1006 1045 1070 1099 1205 1341 1377 1404 1479 1621 1676 1711 1827 1876 1962 1981 
27 2 15 48 162 204 367 389 444 493 529 745 814 819 820 826 907 916 1089 1139 1396 1521 1736 1759 1795 1846 1950 1952 
30 3 24 31 162 167 321 343 369 475 606 620 721 817 905 935 956 974 1274 1302 1371 1435 1436 1471 1655 1675 1693 1746 1894 1972 1979 
43 44 67 78 145 209 241 289 294 335 488 492 578 585 604 616 640 872 876 893 911 1023 1086 1099 1173 1249 1285 1372 1445 1545 1553 1677 1688 1698 1777 1800 1845 1861 1891 1900 1902 1911 1936 1954 
28 42 116 232 242 244 465 529 578 614 619 991 992 1000 1005 1085 1131 1146 1150 1229 1376 1397 1725 1775 1817 1873 1912 1922 1940 
38 51 82 126 146 243 298 360 392 399 434 466 583 592 594 620 681 716 731 766 771 800 838 874 948 951 999 1036 1054 1170 1171 1215 1246 1377 1625 1632 1638 1703 1885 
24 18 261 293 385 595 710 825 859 896 965 988 1018 1199 1514 1536 1551 1564 1615 1619 1656 1669 1704 1880 1890 
41 27 74 182 186 244 309 318 365 390 417 478 534 559 728 729 732 758 820 850 896 1030 1036 1146 1156 1230 1247 1259 1264 1283 1368 1411 1426 1432 1528 1569 1737 1773 1784 1865 1906 1980 
41 12 120 133 288 398 433 437 589 654 672 688 705 741 756 765 810 874 1095 1212 1243 1284 1299 1301 1358 1362 1407 1436 1473 1511 1649 1675 1712 1724 1760 1770 1773 1819 1863 1909 1917 1984 
35 0 20 23 154 160 196 230 288 355 539 573 592 647 713 722 728 801 826 878 893 926 933 943 974 1240 1278 1329 1445 1472 1632 1636 1684 1734 1745 1875 
43 10 70 136 149 182 239 263 402 424 428 445 506 541 578 594 620 676 711 762 947 1014 1035 1094 1104 1115 1116 1201 1226 1265 1342 1350 1374 1447 1498 1565 1586 1622 1655 1711 1827 1852 1906 1929 
40 102 169 227 251 298 422 469 570 606 612 648 657 704 707 745 781 788 814 932 1062 1183 1226 1252 1271 1443 1448 1480 1507 1519 1608 1670 1677 1688 1713 1716 1727 1734 1773 1922 1959 
36 2 44 137 147 150 167 222 245 409 427 481 526 608 642 717 781 832 1006 1073 1170 1208 1338 1397 1489 1572 1603 1760 1775 1785 1793 1806 1812 1867 1889 1943 1945 
39 41 114 164 207 231 263 291 360 416 421 464 553 636 687 774 835 946 1039 1057 1080 1097 1133 1184 1190 1191 1256 1348 1417 1502 1525 1537 1581 1604 1844 1865 1888 1893 1928 1998 
43 5 77 88 216 274 277 318 320 353 400 431 551 602 611 615 629 645 869 876 959 1029 1034 1044 1098 1120 1150 1194 1204 1279 1427 1430 1444 1537 1546 1620 1658 1681 1757 1818 1839 1870 1921 1948 
50 180 205 213 225 232 259 262 326 379 387 395 413 506 555 664 672 739 756 796 934 939 980 1074 1110 1149 1152 1171 1177 1223 1243 1303 1304 1345 1474 1477 1563 1573 1640 1732 1749 1791 1845 1846 1852 1891 1896 1946 1958 1959 1969 
34 2 68 69 82 148 222 223 245 283 367 440 513 527 646 693 695 782 787 930 989 1136 1154 1192 1273 1316 1350 1359 1388 1572 1589 1653 1792 1904 1941 
41 39 41 75 138 180 181 271 336 343 348 457 533 538 595 608 655 685 733 783 811 856 906 1070 1075 1109 1173 1190 1214 1357 1404 1447 1650 1715 1723 1823 1824 1846 1908 1934 1940 1964 
34 27 43 64 168 281 371 396 416 495 542 580 590 661 772 831 966 991 1064 1068 1088 1154 1192 1219 1310 1335 1338 1368 1400 1476 1689 1837 1868 1921 1936 
45 111 163 220 229 297 359 430 462 485 511 522 599 628 643 655 684 706 720 786 862 924 948 957 973 1020 1039 1083 1102 1189 1242 1301 1321 1351 1403 1504 1509 1589 1606 1610 1632 1700 1716 1795 1852 1937 
40 33 69 212 256 279 294 300 350 486 513 543 611 621 749 759 764 807 861 882 1058 1061 1098 1123 1268 1399 1414 1423 1508 1587 1664 1676 1691 1780 1788 1812 1845 1869 1878 1940 1963 
46 18 33 92 103 127 208 249 250 254 392 428 429 439 465 482 535 588 613 686 710 810 821 965 1001 1023 1042 1131 1187 1277 1289 1330 1349 1400 1426 1445 1452 1495 1758 1762 1824 1906 1925 1929 1931 1995 1996 
39 71 108 205 374 397 419 438 443 487 516 551 556 559 586 706 760 762 809 882 919 1106 1208 1219 1230 1288 1380 1415 1505 1522 1543 1615 1676 1693 1855 1859 1862 1884 1900 1931 
33 10 49 101 127 179 202 292 349 397 415 438 530 593 600 646 654 715 749 790 795 810 887 1077 1087 1554 1611 1632 1762 1791 1817 1824 1914 1997 
25 106 135 299 315 370 628 631 639 723 779 833 912 1007 1077 1096 1108 1116 1315 1401 1451 1496 1503 1623 1764 1947 
48 15 19 49 76 88 128 257 326 339 386 401 569 804 823 839 848 856 931 948 952 1011 1015 1071 1096 1141 1178 1179 1190 1294 1327 1358 1379 1449 1519 1550 1595 1611 1612 1650 1658 1694 1804 1807 1821 1833 1886 1926 1963 
44 4 29 67 70 116 123 174 260 331 448 476 594 611 641 682 698 746 873 875 954 987 1018 1052 1170 1210 1220 1318 1334 1369 1438 1449 1478 1493 1507 1563 1631 1642 1727 1728 1744 1777 1879 1903 1904 
24 1 46 333 563 671 715 788 899 1041 1048 1056 1152 1195 1199 1248 1329 1474 1506 1686 1828 1853 1922 1927 1935 
48 0 1 16 117 282 317 345 359 367 384 399 432 485 490 549 577 635 655 674 676 687 727 760 894 918 1016 1048 1078 1082 1129 1218 1294 1298 1311 1353 1430 1450 1482 1521 1575 1614 1632 1677 1733 1757 1793 1795 1902 
44 156 234 344 390 552 598 633 739 796 860 895 916 917 1014 1045 1088 1100 1188 1242 1253 1273 1274 1281 1339 1353 1417 1467 1477 1504 1606 1687 1697 1724 1755 1804 1823 1918 1932 1933 1943 1951 1959 1978 1994 
35 120 138 152 358 363 378 401 417 421 422 425 468 487 489 502 658 861 879 895 912 926 951 1079 1113 1118 1156 1200 1320 1396 1434 1597 1665 1680 1901 1943 
48 35 41 94 213 292 321 368 382 400 408 436 453 497 553 596 656 659 663 692 731 819 986 1013 1057 1085 1155 1189 1191 1248 1263 1281 1346 1347 1384 1389 1418 1469 1487 1544 1593 1652 1654 1675 1687 1802 1849 1860 1938 
38 32 45 86 209 396 398 399 410 497 574 581 654 683 721 904 1017 1071 1131 1142 1172 1179 1287 1338 1340 1360 1382 1386 1390 1450 1458 1613 1623 1653 1717 1719 1847 1852 1932 
46 20 22 185 225 252 282 320 410 417 438 443 484 485 532 552 808 851 905 927 938 972 981 1008 1027 1052 1053 1170 1174 1260 1284 1293 1316 1342 1375 1495 1548 1570 1625 1701 1731 1753 1793 1938 1957 1963 1993 
43 30 50 202 275 294 342 370 401 414 447 507 528 534 616 644 673 706 856 860 876 884 892 954 1051 1100 1145 1234 1304 1317 1445 1457 1498 1596 1650 1660 1674 1822 1828 1832 1906 1962 1966 1980 
34 119 297 317 382 449 481 483 520 731 745 787 829 831 859 978 988 1029 1189 1198 1265 1270 1310 1319 1477 1479 1541 1555 1650 1703 1791 1874 1893 1949 1951 
55 4 24 41 72 104 150 167 169 216 272 324 383 398 440 456 561 575 700 709 724 807 813 831 834 947 1006 1021 1039 1196 1240 1251 1262 1287 1296 1320 1334 1361 1369 1426 1429 1438 1481 1567 1620 1672 1694 1718 1758 1793 1798 1825 1837 1860 1887 1958 
46 49 79 93 102 138 157 190 203 336 340 380 413 475 490 643 656 674 692 734 737 740 744 810 833 997 1005 1034 1241 1242 1260 1275 1282 1413 1531 1549 1568 1595 1678 1684 1692 1713 1854 1871 1932 1959 1960 
41 23 140 178 358 359 362 401 453 532 549 694 744 759 783 787 791 808 893 913 992 993 1018 1086 1193 1196 1240 1283 1318 1340 1409 1411 1534 1564 1583 1584 1654 1659 1695 1735 1773 1881 
36 43 213 223 233 325 342 361 383 396 624 738 849 877 883 950 987 999 1028 1089 1190 1281 1355 1407 1428 1460 1482 1588 1590 1596 1673 1679 1734 1797 1823 1928 1948 
44 43 89 125 247 257 328 483 502 506 514 542 594 635 636 640 672 689 690 718 759 781 894 900 985 1012 1106 1176 1200 1204 1368 1496 1510 1524 1567 1572 1583 1591 1598 1622 1652 1662 1918 1946 1989 
34 11 16 54 122 178 194 252 340 377 396 714 717 729 781 841 873 920 945 1035 1054 1097 1182 1197 1241 1385 1456 1584 1695 1696 1737 1739 1780 1826 1903 
48 13 31 38 100 136 196 222 269 278 319 373 403 498 509 646 693 708 739 814 837 877 878 970 1068 1070 1121 1153 1181 1203 1214 1226 1261 1300 1315 1387 1408 1428 1481 1531 1568 1652 1732 1792 1885 1913 1954 1962 1970 
45 111 203 269 315 365 431 626 667 779 916 930 974 987 1103 1117 1134 1218 1243 1290 1299 1302 1408 1410 1420 1469 1482 1494 1582 1616 1622 1639 1653 1676 1714 1715 1743 1761 1770 1774 1789 1812 1913 1918 1942 1988 
43 29 99 162 164 205 230 257 272 314 322 430 431 440 496 514 573 658 691 730 761 890 900 903 1003 1037 1047 1055 1078 1103 1119 1122 1231 1233 1273 1450 1458 1518 1604 1605 1621 1718 1722 1751 
41 163 286 321 330 352 413 529 543 581 596 654 742 767 830 905 931 939 972 1096 1132 1151 1245 1248 1319 1460 1482 1490 1581 1632 1640 1693 1702 1706 1733 1783 1797 1801 1835 1854 1893 1972 
38 4 36 53 102 112 123 159 193 215 224 238 260 298 414 553 650 726 748 952 954 971 1016 1092 1114 1137 1286 1300 1308 1344 1367 1390 1499 1690 1791 1874 1921 1953 1969 
56 16 48 82 136 168 209 232 249 266 329 420 428 477 574 609 622 623 658 745 792 879 894 908 940 977 981 982 998 1050 1054 1063 1140 1166 1189 1256 1264 1282 1287 1303 1354 1390 1406 1425 1448 1479 1493 1519 1546 1627 1718 1732 1737 1955 1960 1985 1991 
28 109 184 206 219 318 401 405 472 567 587 637 676 998 1043 1150 1228 1246 1257 1321 1324 1436 1456 1493 1634 1767 1868 1945 1966 
29 0 19 47 234 239 250 385 388 436 437 545 627 685 686 707 728 842 850 941 1052 1113 1341 1366 1539 1611 1657 1860 1921 1930 
40 4 61 103 113 165 178 188 233 349 362 493 540 683 689 694 735 745 746 754 785 865 970 995 1009 1036 1038 1166 1188 1228 1229 1332 1403 1483 1550 1621 1652 1832 1835 1848 1949 
43 47 86 145 324 406 533 557 586 661 762 815 817 818 832 880 955 963 1005 1007 1009 1016 1093 1108 1180 1258 1357 1364 1372 1444 1449 1518 1585 1608 1622 1648 1649 1685 1759 1798 1816 1838 1929 1975 
41 24 29 50 99 142 143 173 193 229 338 388 390 556 601 620 622 692 697 884 891 892 934 980 1004 1008 1021 1114 1138 1178 1283 1287 1441 1497 1509 1512 1679 1710 1714 1740 1777 1784 
35 44 94 124 212 242 403 467 472 537 684 719 811 829 850 906 920 996 1015 1101 1116 1162 1212 1323 1373 1399 1464 1571 1643 1656 1686 1766 1829 1856 1890 1917 
33 27 89 233 316 368 389 414 430 495 560 567 596 826 843 927 1097 1107 1123 1124 1130 1296 1373 1400 1427 1442 1471 1554 1611 1654 1667 1838 1884 1915 
35 14 18 105 323 342 357 372 399 462 512 546 564 607 635 671 794 863 914 972 1079 1084 1263 1288 1343 1407 1432 1497 1564 1633 1658 1728 1787 1831 1958 1974 
36 107 109 147 177 183 217 240 262 413 414 471 472 483 535 556 698 759 774 775 872 932 959 976 1318 1322 1403 1513 1529 1535 1574 1656 1705 1711 1756 1771 1957 
56 25 70 76 107 115 161 226 251 315 380 382 388 450 473 477 534 601 668 677 688 710 728 792 806 892 895 923 928 964 973 985 988 1004 1005 1048 1074 1127 1178 1224 1291 1295 1298 1310 1341 1384 1395 1494 1721 1769 1779 1817 1825 1830 1831 1891 1899 
27 8 88 115 159 232 275 447 455 490 582 613 625 655 899 935 1046 1069 1136 1148 1179 1242 1544 1681 1799 1845 1886 1957 
51 30 97 106 119 121 151 156 195 210 308 375 395 398 435 482 491 510 531 543 551 592 600 816 853 896 930 966 972 1016 1022 1096 1102 1219 1250 1328 1340 1422 1428 1431 1451 1503 1543 1601 1670 1685 1745 1861 1867 1892 1923 1941 
34 144 173 203 214 305 508 579 686 724 829 892 912 921 927 948 962 974 1011 1058 1100 1184 1311 1416 1419 1492 1592 1661 1757 1795 1840 1867 1869 1908 1982 
34 7 74 96 265 271 274 278 298 308 350 506 514 639 659 703 746 747 798 883 913 953 1052 1317 1352 1356 1361 1444 1508 1682 1688 1713 1778 1871 1950 
36 133 141 186 207 210 271 298 305 317 440 449 518 531 605 638 641 654 877 890 894 919 951 1038 1147 1179 1195 1292 1357 1383 1434 1451 1471 1522 1681 1696 1747 
33 15 75 202 335 339 454 530 583 607 637 748 757 758 810 867 879 888 912 989 1073 1244 1351 1401 1405 1440 1485 1525 1566 1701 1806 1810 1868 1919 
38 10 26 49 68 352 443 494 656 667 799 812 823 837 920 987 1072 1172 1186 1219 1240 1243 1259 1284 1306 1307 1318 1333 1339 1360 1471 1520 1721 1722 1741 1780 1783 1818 1887 
35 0 64 65 102 103 164 222 240 335 382 418 552 621 709 753 808 909 926 929 981 997 1103 1112 1233 1412 1535 1617 1635 1797 1809 1877 1884 1963 1966 1967 
39 28 87 92 121 197 218 289 328 379 452 484 548 640 671 782 817 885 921 977 1019 1195 1327 1337 1410 1412 1441 1495 1523 1544 1636 1666 1687 1743 1815 1853 1904 1909 1949 1980 
34 9 34 47 88 129 300 325 433 521 552 610 706 747 805 842 862 879 1019 1078 1114 1131 1177 1244 1299 1431 1435 1458 1552 1570 1607 1610 1920 1942 1957 
37 8 69 102 219 222 276 464 466 521 536 680 688 723 726 818 821 840 845 907 919 957 1022 1155 1281 1360 1376 1403 1526 1614 1617 1641 1677 1732 1800 1850 1855 1901 
44 5 26 110 257 265 281 315 324 337 369 400 407 584 609 658 671 756 771 811 889 928 951 1062 1077 1083 1133 1181 1261 1293 1302 1304 1309 1316 1364 1369 1413 1501 1651 1684 1762 1786 1840 1894 1925 
39 20 44 91 119 131 136 165 256 303 386 495 497 520 542 638 707 708 1075 1092 1286 1359 1372 1469 1505 1547 1563 1635 1671 1757 1800 1811 1813 1848 1849 1850 1918 1951 1971 1993 
35 14 17 40 106 163 263 275 371 394 496 508 515 597 620 897 947 1007 1017 1041 1198 1249 1283 1352 1369 1370 1461 1540 1668 1725 1792 1822 1823 1824 1845 1940 
39 107 236 290 292 299 381 400 473 607 624 688 700 776 777 854 903 922 958 985 986 1064 1134 1151 1174 1305 1401 1431 1445 1496 1532 1547 1587 1678 1711 1777 1783 1801 1880 1943 
35 73 97 207 216 242 354 460 510 537 562 637 679 857 874 910 914 925 939 972 979 983 1040 1121 1204 1205 1211 1337 1417 1440 1472 1475 1488 1711 1723 1824 
38 231 285 347 359 360 376 385 451 468 479 509 524 617 678 868 874 893 942 944 961 1004 1076 1109 1111 1133 1193 1219 1311 1354 1470 1487 1565 1653 1717 1731 1742 1762 1918 
42 1 7 22 69 154 179 199 218 279 291 360 382 469 470 724 782 861 933 973 1091 1094 1097 1111 1146 1192 1194 1229 1231 1281 1324 1336 1350 1449 1469 1510 1775 1794 1801 1872 1911 1978 1986 
34 141 249 284 341 427 525 551 583 639 685 740 764 814 833 881 1042 1110 1131 1182 1365 1456 1501 1527 1554 1564 1619 1683 1740 1867 1885 1900 1925 1983 1992 
41 2 19 48 77 130 140 153 166 179 264 427 574 596 819 880 903 913 1015 1019 1039 1080 1096 1316 1339 1344 1349 1430 1461 1473 1499 1657 1663 1682 1717 1745 1817 1885 1891 1902 1947 1957 
40 15 17 34 56 66 222 251 254 281 353 356 530 536 560 591 672 714 747 750 776 815 830 866 894 973 1008 1044 1070 1131 1132 1153 1242 1262 1455 1576 1585 1642 1737 1822 1905 
31 107 118 147 175 280 377 392 488 569 579 659 781 829 845 899 964 1125 1198 1202 1207 1215 1240 1356 1560 1601 1616 1637 1799 1907 1926 1990 
43 1 54 57 157 191 249 253 292 300 338 537 593 599 602 669 673 685 774 809 822 834 880 1035 1068 1072 1135 1175 1183 1342 1404 1426 1514 1523 1537 1595 1609 1644 1654 1659 1675 1771 1922 1986 
60 18 21 79 104 128 240 243 285 306 327 333 363 415 417 506 525 630 702 712 809 851 872 881 885 928 973 1008 1034 1037 1065 1073 1115 1192 1196 1225 1269 1307 1319 1381 1414 1433 1462 1495 1498 1534 1606 1609 1639 1660 1678 1692 1736 1752 1796 1813 1815 1820 1859 1912 1967 
45 6 27 38 45 73 120 143 149 183 191 239 368 387 431 437 441 473 480 562 573 578 639 706 707 721 722 874 881 883 1090 1097 1125 1281 1312 1321 1477 1533 1598 1643 1655 1698 1777 1792 1846 1924 
45 5 95 111 164 235 348 360 407 471 483 506 513 518 539 562 572 585 599 614 630 644 682 925 929 1037 1070 1097 1113 1151 1207 1227 1236 1307 1308 1371 1404 1409 1426 1433 1555 1579 1592 1742 1778 1994 
31 16 35 92 240 275 406 429 609 618 676 716 770 838 849 937 1074 1093 1096 1245 1264 1359 1365 1411 1447 1488 1542 1580 1610 1661 1732 1735 
31 20 78 114 215 222 553 689 726 803 859 924 976 988 1049 1055 1059 1079 1105 1146 1163 1189 1197 1200 1223 1281 1405 1681 1695 1851 1943 1953 
35 1 25 162 225 316 326 328 358 365 421 432 533 580 613 690 786 932 1027 1059 1066 1152 1325 1355 1368 1375 1402 1506 1620 1626 1676 1853 1858 1952 1965 1982 
34 138 207 279 282 302 622 645 770 789 807 831 837 955 978 989 990 1175 1321 1349 1393 1525 1535 1573 1608 1747 1774 1794 1812 1846 1861 1900 1919 1940 1982 
53 7 16 24 110 120 122 139 301 306 336 347 399 463 487 489 517 532 686 763 771 892 911 1010 1044 1051 1068 1136 1146 1225 1238 1271 1292 1314 1341 1356 1357 1391 1427 1567 1587 1615 1668 1699 1717 1772 1807 1828 1838 1864 1886 1975 1987 1999 
39 32 50 87 129 224 243 290 293 296 297 344 413 570 626 654 664 743 795 847 871 887 990 1088 1193 1205 1232 1261 1521 1530 1621 1718 1719 1722 1733 1762 1796 1798 1814 1917 
31 23 91 187 416 450 551 646 716 757 873 890 938 1055 1086 1151 1157 1193 1267 1280 1297 1464 1603 1648 1723 1770 1780 1886 1889 1927 1942 1949 
34 43 230 278 291 310 340 391 459 575 603 611 629 767 783 795 828 853 930 946 989 1063 1151 1203 1206 1283 1378 1435 1444 1452 1523 1569 1597 1781 1831 
38 139 144 162 179 181 295 301 402 463 488 519 530 532 608 621 626 689 793 922 1005 1127 1201 1218 1261 1330 1361 1431 1452 1485 1491 1577 1675 1733 1803 1870 1885 1886 1971 
53 26 62 140 212 361 396 420 544 566 588 615 649 690 725 765 772 839 873 885 892 901 906 1033 1055 1112 1171 1208 1369 1373 1374 1418 1429 1498 1503 1517 1521 1531 1571 1636 1659 1679 1685 1697 1698 1760 1851 1865 1866 1900 1904 1921 1942 1978 
28 8 35 71 72 151 176 262 270 408 545 559 739 743 784 1033 1053 1068 1246 1325 1496 1640 1732 1771 1822 1897 1917 1943 1945 
40 52 60 105 226 246 315 377 381 491 627 661 682 691 776 863 902 907 991 1001 1009 1046 1067 1101 1149 1302 1323 1370 1454 1469 1470 1519 1541 1633 1663 1689 1700 1734 1778 1830 1920 
34 152 206 279 304 379 412 531 554 573 574 592 757 766 902 936 956 994 1118 1172 1199 1408 1473 1584 1649 1704 1721 1725 1730 1746 1782 1799 1847 1888 1970 
39 103 189 190 228 237 244 247 255 259 291 320 338 396 523 527 581 608 788 816 829 924 947 1009 1072 1134 1159 1178 1183 1258 1329 1351 1357 1426 1432 1519 1527 1767 1942 1984 
36 142 149 316 327 331 388 434 494 602 637 655 657 679 733 800 811 864 912 926 997 1038 1041 1098 1112 1117 1188 1267 1326 1354 1382 1541 1608 1712 1920 1977 1996 
44 8 163 225 246 398 411 416 441 483 564 739 761 796 849 854 914 917 925 963 982 1029 1056 1118 1218 1245 1255 1286 1343 1353 1406 1445 1466 1493 1628 1642 1660 1716 1796 1812 1818 1886 1887 1934 1964 
38 19 68 158 168 181 204 210 224 258 346 378 442 488 723 840 856 934 956 1021 1042 1083 1176 1221 1241 1286 1287 1342 1343 1389 1493 1581 1617 1715 1765 1835 1848 1977 1981 
39 208 212 304 359 468 507 535 540 650 674 883 910 1043 1081 1089 1115 1157 1227 1244 1401 1427 1454 1493 1581 1594 1609 1644 1656 1659 1735 1738 1765 1815 1827 1892 1901 1918 1958 1988 
53 16 126 158 184 223 284 290 402 415 464 471 512 523 526 576 597 625 746 751 768 852 898 985 1013 1028 1076 1121 1158 1169 1172 1198 1235 1249 1266 1274 1303 1346 1380 1384 1473 1490 1493 1557 1582 1607 1657 1686 1816 1902 1903 1919 1940 1959 
53 3 17 57 106 119 148 165 170 182 188 343 344 414 447 487 602 665 749 760 830 839 864 870 945 974 1023 1027 1033 1035 1058 1225 1318 1343 1400 1414 1446 1516 1528 1600 1612 1614 1639 1648 1663 1680 1739 1887 1892 1919 1928 1961 1975 1984 
49 6 55 127 139 140 144 173 315 409 422 483 571 576 622 651 666 712 754 850 865 937 953 959 972 1007 1026 1049 1070 1076 1113 1118 1138 1222 1227 1253 1270 1323 1395 1497 1527 1538 1559 1591 1675 1680 1765 1904 1930 1933 
43 19 67 102 122 158 227 296 319 344 384 387 389 415 430 468 501 610 635 722 752 788 807 947 989 1007 1008 1010 1022 1099 1221 1222 1278 1361 1407 1409 1462 1536 1545 1574 1586 1669 1739 1935 
43 9 17 42 87 96 105 235 287 293 294 305 361 370 450 563 622 635 638 660 688 927 930 1009 1015 1024 1069 1174 1178 1230 1308 1340 1362 1432 1471 1501 1534 1553 1566 1575 1586 1660 1826 1930 
41 112 203 233 236 267 326 341 510 581 637 657 664 678 734 742 758 759 789 855 857 869 891 1017 1082 1175 1177 1191 1303 1306 1322 1339 1358 1368 1501 1566 1578 1594 1702 1774 1814 1851 
28 84 138 331 384 427 452 506 555 589 620 704 889 895 915 1020 1045 1069 1117 1148 1176 1263 1421 1477 1552 1590 1610 1614 1793 
40 51 102 208 227 245 258 314 343 349 358 398 436 438 615 784 962 985 1020 1147 1168 1200 1247 1325 1460 1483 1486 1505 1529 1609 1639 1641 1702 1707 1708 1740 1812 1830 1958 1980 1981 
45 0 22 79 136 141 142 181 260 319 462 465 476 531 558 590 623 643 721 744 793 812 813 831 1126 1170 1173 1192 1194 1222 1232 1254 1379 1472 1500 1518 1522 1568 1571 1607 1643 1700 1780 1786 1848 1927 
38 86 87 104 125 143 194 228 255 345 434 465 540 591 597 655 694 700 852 854 956 989 1030 1033 1053 1068 1078 1144 1236 1258 1374 1392 1478 1523 1538 1624 1770 1771 1947 
41 12 64 75 172 223 264 273 281 471 540 573 574 576 580 621 664 778 832 897 945 949 980 1105 1161 1171 1220 1259 1262 1449 1453 1506 1542 1579 1602 1610 1623 1653 1683 1761 1869 1910 
28 52 126 142 166 192 253 267 293 304 373 411 613 881 931 1060 1149 1259 1281 1530 1615 1637 1657 1881 1885 1910 1941 1958 1961 
45 11 22 50 137 162 184 209 313 346 381 421 557 558 593 603 612 784 878 880 975 1045 1239 1267 1276 1347 1370 1472 1475 1480 1494 1561 1583 1614 1651 1663 1712 1713 1736 1738 1747 1770 1791 1849 1964 1983 
38 17 30 91 98 180 181 248 303 308 391 533 582 609 711 757 761 851 900 918 938 1014 1096 1337 1338 1402 1465 1472 1618 1633 1687 1776 1789 1795 1868 1874 1916 1922 1944 
34 178 264 277 413 427 439 538 575 584 593 601 610 673 699 758 766 811 912 949 950 953 963 988 1057 1130 1193 1328 1426 1694 1814 1853 1872 1962 1975 
39 0 110 172 178 266 283 317 345 371 466 507 621 631 639 642 765 769 816 975 995 1014 1071 1100 1135 1150 1189 1275 1282 1306 1345 1412 1430 1439 1544 1678 1697 1733 1738 1917 
54 48 65 67 76 86 92 131 198 203 231 266 313 380 381 386 439 446 547 551 552 612 666 709 791 815 868 926 969 1075 1076 1111 1141 1174 1190 1224 1230 1241 1340 1355 1370 1394 1399 1403 1522 1543 1545 1724 1736 1774 1815 1819 1854 1912 1954 
41 15 67 140 261 295 404 432 463 501 573 612 623 732 792 872 899 955 1006 1056 1070 1085 1132 1186 1196 1205 1209 1300 1338 1354 1402 1437 1439 1444 1578 1679 1680 1683 1828 1832 1914 1976 
36 181 195 299 379 507 512 519 529 568 636 647 708 785 863 886 898 983 994 1112 1164 1198 1204 1328 1426 1445 1457 1470 1530 1533 1565 1574 1581 1719 1740 1802 1977 
41 46 64 68 81 240 241 310 402 416 479 485 624 708 841 913 1017 1102 1152 1176 1201 1258 1269 1276 1313 1388 1392 1428 1434 1563 1569 1582 1585 1721 1733 1779 1781 1830 1887 1889 1942 1977 
38 13 25 53 71 223 225 226 339 350 435 451 454 472 486 552 643 697 706 709 729 785 807 873 876 1040 1408 1500 1513 1556 1675 1694 1703 1735 1792 1796 1846 1871 1888 
35 12 152 380 508 530 554 573 577 665 763 782 797 934 1012 1014 1054 1072 1079 1081 1130 1159 1292 1298 1419 1462 1510 1528 1541 1608 1624 1690 1772 1779 1787 1979 
33 43 72 75 94 248 276 317 384 504 701 725 740 743 842 860 862 873 886 1013 1170 1185 1190 1349 1373 1463 1494 1531 1593 1618 1726 1761 1870 1875 
37 5 102 126 136 183 185 231 243 301 339 348 393 397 573 576 769 807 855 859 921 925 929 973 1223 1320 1355 1369 1419 1518 1563 1565 1586 1667 1754 1763 1791 1968 
50 21 70 80 105 202 226 275 280 354 363 406 430 452 531 575 647 775 832 914 979 986 1011 1013 1022 1046 1107 1121 1130 1237 1286 1288 1297 1422 1466 1471 1588 1657 1661 1702 1712 1731 1758 1794 1795 1836 1867 1872 1883 1900 1924 
35 17 22 139 153 182 227 239 255 256 317 387 424 446 551 578 647 780 843 874 886 889 1225 1233 1235 1259 1327 1376 1498 1542 1764 1771 1796 1898 1923 1976 
44 90 106 204 257 258 291 330 334 346 442 494 509 562 579 610 648 657 730 801 902 1004 1020 1115 1180 1196 1199 1231 1282 1298 1358 1392 1406 1429 1469 1599 1618 1637 1742 1757 1761 1792 1829 1869 1978 
47 59 74 108 137 381 433 468 489 508 571 575 580 594 660 686 717 725 824 870 882 932 1012 1026 1035 1053 1074 1090 1122 1140 1170 1282 1301 1330 1352 1494 1546 1562 1617 1619 1633 1649 1654 1720 1888 1920 1931 1983 
44 100 132 155 165 266 296 321 382 386 431 485 491 515 536 600 642 692 713 724 739 846 847 852 940 983 1084 1098 1139 1148 1209 1320 1351 1402 1499 1506 1592 1638 1689 1694 1730 1851 1917 1924 1976 
45 41 60 84 87 105 112 221 244 258 342 404 419 449 623 721 743 782 829 836 846 878 972 1010 1111 1117 1160 1217 1222 1360 1429 1443 1447 1503 1558 1611 1634 1648 1658 1720 1734 1753 1766 1816 1845 1990 
50 149 151 265 286 287 300 380 413 435 467 552 561 607 628 680 686 707 725 731 740 799 844 916 918 961 1060 1147 1269 1300 1439 1446 1479 1505 1556 1566 1618 1656 1689 1741 1751 1767 1786 1792 1850 1866 1870 1871 1936 1952 1976 
45 34 81 160 186 202 246 259 273 351 420 428 519 558 585 617 691 696 706 712 722 729 740 742 824 884 952 998 1075 1170 1210 1234 1299 1326 1371 1399 1413 1427 1714 1760 1770 1793 1829 1834 1849 1857 
38 30 63 81 104 154 269 297 299 465 640 741 807 945 952 1004 1050 1069 1133 1211 1213 1224 1268 1293 1305 1353 1354 1363 1435 1478 1550 1581 1613 1649 1797 1816 1939 1961 1992 
40 3 98 142 146 178 206 239 306 315 318 320 467 469 488 510 553 624 649 675 793 812 927 1002 1197 1235 1257 1295 1314 1319 1350 1356 1433 1476 1582 1607 1655 1662 1712 1824 1919 
48 101 170 201 202 276 291 346 517 528 582 598 625 629 689 709 798 849 877 931 936 957 967 972 1068 1073 1113 1171 1198 1219 1285 1309 1385 1390 1404 1451 1469 1497 1499 1538 1626 1654 1726 1757 1772 1778 1826 1866 1940 
44 36 56 65 113 134 135 179 202 261 319 529 579 621 622 678 713 741 752 834 917 943 1072 1155 1160 1175 1335 1399 1413 1437 1452 1470 1511 1521 1590 1636 1742 1757 1794 1866 1884 1886 1940 1944 1945 
32 5 95 139 264 405 448 456 470 551 574 675 719 808 901 975 1055 1185 1262 1284 1379 1493 1500 1518 1545 1588 1609 1682 1715 1731 1799 1905 1917 
38 61 89 178 335 347 446 511 529 543 556 657 854 880 912 1021 1034 1081 1148 1176 1182 1206 1433 1481 1489 1521 1541 1634 1645 1664 1684 1709 1765 1806 1889 1897 1926 1973 1979 
46 20 103 114 132 228 248 280 301 363 383 445 466 499 711 721 732 743 822 824 829 876 877 967 1015 1065 1068 1072 1218 1244 1363 1370 1372 1459 1476 1502 1515 1673 1695 1696 1731 1743 1764 1791 1927 1928 1945 
41 2 58 137 245 255 327 347 367 381 461 492 541 561 593 603 609 748 769 858 860 896 924 1114 1188 1254 1268 1275 1446 1459 1495 1529 1684 1720 1744 1750 1771 1774 1810 1827 1884 1890 
41 1 58 124 164 241 318 520 611 620 656 670 712 768 798 872 914 985 1034 1059 1120 1153 1167 1201 1221 1267 1451 1461 1508 1515 1548 1662 1713 1734 1772 1832 1833 1856 1858 1875 1894 1916 
37 25 54 145 206 335 366 405 493 626 638 741 775 813 866 958 1073 1102 1111 1251 1271 1319 1353 1363 1387 1416 1446 1567 1571 1582 1701 1720 1722 1748 1805 1831 1837 1961 
47 21 103 240 307 358 362 368 491 516 597 605 632 693 696 708 767 852 924 937 974 978 991 994 1013 1037 1054 1124 1139 1228 1234 1241 1309 1337 1350 1359 1371 1475 1641 1691 1693 1736 1746 1748 1815 1911 1946 1991 
43 15 241 267 316 332 444 530 576 595 623 636 687 703 724 778 790 804 808 878 964 976 986 1010 1038 1104 1143 1154 1250 1301 1317 1369 1393 1543 1548 1588 1591 1605 1613 1665 1768 1813 1929 1987 
34 0 68 121 150 153 200 205 223 255 256 268 396 419 463 517 529 621 636 666 721 751 753 888 897 987 1008 1091 1149 1272 1300 1669 1680 1803 1923 
47 83 128 130 137 211 225 242 243 336 463 509 542 556 582 597 612 637 656 677 685 784 802 812 815 935 1069 1077 1087 1101 1193 1221 1252 1281 1343 1366 1553 1625 1645 1661 1680 1731 1766 1781 1858 1909 1948 1950 
44 19 112 242 246 260 322 337 384 418 455 469 529 532 620 635 636 678 685 695 698 722 825 853 855 858 888 898 920 925 1061 1062 1066 1131 1194 1342 1388 1442 1573 1705 1731 1790 1854 1901 1964 
38 37 123 131 145 169 278 295 315 323 377 396 399 400 451 548 577 609 663 694 744 851 896 929 988 1101 1142 1148 1153 1316 1331 1362 1453 1616 1617 1646 1665 1694 1823 
38 73 86 90 108 178 187 255 285 414 557 563 596 656 722 736 781 995 1153 1180 1197 1255 1277 1384 1497 1526 1569 1594 1631 1651 1695 1699 1715 1719 1802 1876 1935 1944 1950 
38 41 184 241 246 284 332 356 363 383 566 577 601 659 701 858 886 925 976 992 1004 1031 1185 1228 1258 1283 1317 1326 1338 1450 1519 1532 1613 1685 1782 1826 1841 1873 1995 
43 31 45 137 146 208 259 260 309 341 379 506 546 553 577 641 644 679 732 740 834 855 882 999 1005 1034 1043 1052 1380 1391 1400 1494 1499 1528 1581 1615 1641 1682 1776 1820 1926 1947 1968 1970 
40 21 73 119 175 290 380 436 474 545 553 667 681 725 756 790 802 867 899 985 1042 1174 1191 1194 1195 1216 1226 1298 1322 1388 1389 1446 1651 1696 1706 1770 1772 1822 1857 1890 1983 
47 20 46 120 211 277 295 300 312 340 362 393 396 432 459 477 489 506 645 654 662 687 864 902 909 915 941 962 978 993 1036 1043 1097 1104 1106 1120 1130 1160 1290 1344 1350 1522 1524 1558 1693 1783 1884 1913 
38 0 64 214 296 391 507 516 536 557 592 627 641 642 742 772 928 1006 1023 1024 1080 1135 1240 1260 1298 1375 1457 1476 1502 1504 1518 1542 1577 1619 1623 1714 1862 1905 1973 
37 166 202 239 358 360 397 455 466 492 530 544 598 895 950 954 1005 1038 1175 1197 1200 1210 1385 1410 1524 1575 1581 1616 1628 1632 1683 1691 1749 1813 1882 1895 1914 1933 
39 32 171 257 302 358 359 420 429 467 473 476 554 575 650 671 794 894 908 960 986 987 1070 1222 1272 1300 1301 1394 1400 1428 1612 1676 1697 1699 1763 1813 1872 1895 1909 1927 
41 6 121 127 168 247 366 378 425 434 470 498 534 600 691 757 813 832 849 875 888 921 955 1016 1119 1167 1217 1285 1313 1455 1480 1525 1530 1650 1652 1675 1690 1711 1731 1754 1776 1784 
47 6 26 64 89 90 209 229 259 280 286 302 303 321 336 337 407 415 491 515 531 559 588 592 808 841 875 913 937 942 975 984 1040 1069 1188 1240 1261 1317 1416 1478 1495 1551 1584 1627 1633 1668 1678 1774 
39 141 169 185 205 337 389 404 418 419 428 492 574 607 695 761 875 953 1096 1146 1147 1229 1291 1381 1415 1420 1474 1626 1632 1655 1708 1714 1758 1776 1812 1868 1907 1930 1969 1985 
33 66 80 132 141 155 204 205 303 359 416 498 509 535 538 645 653 655 660 726 786 1052 1203 1262 1268 1282 1337 1424 1454 1664 1667 1822 1893 1931 
30 7 9 77 462 500 607 662 685 958 1004 1195 1260 1322 1341 1352 1359 1430 1496 1520 1539 1542 1671 1716 1735 1772 1847 1892 1903 1908 1910 
41 11 71 133 148 164 217 224 364 366 372 418 458 522 629 783 814 822 850 853 887 897 924 931 993 1099 1220 1242 1440 1454 1568 1629 1635 1648 1659 1682 1696 1699 1736 1737 1891 1987 
41 2 86 109 182 240 295 302 307 361 433 453 478 638 656 661 730 756 763 781 813 815 835 898 900 1011 1012 1018 1044 1084 1181 1427 1453 1484 1664 1666 1727 1761 1771 1775 1941 1960 
41 263 270 299 335 351 377 405 507 576 608 660 701 710 755 770 794 810 836 849 905 918 946 975 1025 1047 1053 1061 1082 1099 1250 1406 1410 1428 1501 1507 1572 1585 1602 1808 1926 1960 
36 47 130 215 327 408 475 485 505 508 514 541 677 687 960 973 1087 1188 1191 1203 1251 1264 1331 1384 1429 1467 1520 1630 1649 1763 1781 1843 1857 1934 1944 1966 1979 
22 15 337 429 433 474 486 662 785 805 915 940 1035 1132 1137 1414 1472 1480 1494 1693 1785 1803 1924 
51 21 42 74 87 88 125 229 279 323 397 427 469 490 535 561 604 644 739 843 850 857 912 913 961 982 1074 1130 1209 1213 1218 1318 1352 1356 1386 1400 1429 1474 1526 1587 1612 1637 1648 1685 1712 1729 1731 1779 1794 1809 1890 1903 
37 52 53 89 93 97 180 183 245 341 607 687 690 726 730 733 741 979 993 1060 1071 1081 1141 1241 1323 1371 1405 1532 1547 1583 1610 1634 1693 1823 1829 1877 1941 1957 
38 244 259 277 337 480 484 507 599 658 677 693 727 809 876 936 960 1026 1069 1116 1119 1122 1126 1165 1173 1266 1349 1370 1385 1412 1557 1583 1679 1738 1739 1773 1775 1869 1896 
56 3 120 163 179 185 190 210 211 268 282 323 338 348 394 437 465 494 496 503 536 544 554 565 655 663 764 773 837 852 901 946 996 1012 1111 1134 1161 1220 1245 1257 1304 1312 1316 1345 1409 1434 1478 1547 1589 1606 1677 1681 1692 1741 1776 1812 1975 
43 21 23 24 72 119 165 189 240 293 315 364 434 441 467 511 554 662 671 750 866 875 917 935 1006 1098 1103 1120 1135 1161 1221 1285 1325 1415 1418 1431 1475 1484 1520 1649 1739 1808 1933 1975 
40 37 55 171 276 297 339 355 422 484 510 513 669 781 915 928 1098 1133 1134 1157 1158 1177 1299 1314 1319 1320 1331 1459 1481 1502 1512 1520 1543 1609 1743 1744 1855 1901 1907 1941 1976 
27 93 258 265 294 397 531 575 598 608 760 816 838 854 904 1147 1149 1339 1383 1465 1473 1500 1655 1825 1839 1907 1915 1922 
36 65 146 325 340 369 490 512 532 564 699 766 773 849 898 909 946 969 1100 1105 1128 1177 1202 1206 1291 1299 1305 1401 1438 1638 1650 1658 1704 1729 1755 1805 1941 
41 27 65 77 120 214 226 320 366 374 378 506 518 634 697 723 727 777 830 900 985 986 990 1075 1124 1258 1320 1351 1378 1474 1634 1653 1672 1688 1785 1802 1847 1849 1865 1866 1932 1985 
48 16 89 108 110 163 186 207 241 336 341 377 386 403 404 486 504 511 546 566 622 627 651 665 679 747 825 872 903 949 968 1006 1082 1125 1154 1266 1324 1444 1479 1486 1608 1627 1705 1707 1735 1819 1825 1836 1923 
27 13 86 180 294 315 345 499 567 711 791 851 875 995 1056 1163 1172 1191 1197 1305 1351 1446 1497 1596 1759 1764 1827 1937 
