200 2000
145 300
51 337
322 700
89 260
79 484
3 31
4 63
294 295
48 85
472 505
63 70
135 649
376 382
60 115
905 917
94 373
2 25
77 421
480 564
366 664
207 851
282 508
116 296
250 267
66 119
809 908
0 67
231 732
315 733
344 754
166 308
167 362
258 282
818 869
167 458
214 308
23 67
687 709
26 269
313 716
232 420
559 932
184 225
458 685
314 784
18 153
534 641
79 122
388 524
363 425
266 606
58 470
7 24
561 863
37 44
356 427
304 460
692 971
137 174
180 263
168 829
287 292
605 679
450 574
126 262
813 818
114 217
432 487
26 276
211 905
228 982
150 262
91 492
99 847
365 882
336 364
53 162
283 804
612 706
35 82
64 699
69 133
93 108
627 744
36 382
157 964
330 371
258 308
377 854
208 382
41 671
159 524
417 681
288 472
168 624
652 686
41 435
423 610
531 877
43 263
219 675
761 808
312 348
87 467
203 468
127 626
411 498
69 83
49 82
589 993
418 497
18 298
88 143
87 204
108 122
262 334
70 418
222 238
14 156
404 660
37 557
102 737
3 489
268 278
0 5
262 835
44 54
35 428
16 55
501 845
499 592
92 125
770 806
195 231
47 966
117 229
436 627
94 255
662 795
18 138
450 746
21 460
57 643
363 707
204 376
69 715
63 358
299 603
525 778
362 439
5 118
30 668
655 672
177 653
39 153
86 403
65 295
244 318
42 831
864 961
72 407
203 301
466 983
48 98
78 168
445 632
492 500
32 91
107 337
42 51
111 148
1 1
533 718
100 115
28 33
110 395
297 429
124 413
282 292
77 483
175 630
1 120
139 409
61 198
100 982
162 892
619 878
433 782
428 529
170 184
50 486
89 849
857 970
655 933
9 103
106 656
517 977
310 393
338 345
111 333
710 781
645 994
427 500
24 477
166 955
349 536
612 800
190 310
243 833
612 710
128 147
311 601
11 146
296 343
292 966
523 910
165 768
140 328
250 768
174 219
1 740
155 286
238 344
41 154
115 312
71 130
301 703
35 660
195 257
24 836
277 288
41 51
49 232
101 436
84 99
270 646
301 352
114 216
273 846
405 523
59 111
0 827
162 366
123 926
552 598
36 145
66 258
228 410
517 621
305 654
160 227
422 640
88 269
157 163
65 320
10 939
319 531
18 43
174 294
111 321
573 993
287 798
33 138
179 209
60 273
345 545
298 448
36 999
13 100
167 878
130 171
302 881
299 386
61 998
64 210
10 24
215 691
588 955
27 124
465 891
23 81
122 193
24 37
5 12
867 892
66 164
20 252
241 970
205 662
681 743
328 387
71 935
160 342
122 327
583 979
43 565
647 660
53 109
144 607
221 307
135 136
546 774
34 687
48 72
399 594
208 804
62 94
195 572
606 726
348 355
54 298
387 826
61 554
91 144
144 167
26 66
713 999
41 167
230 319
96 640
479 928
519 775
670 844
191 856
31 124
586 821
92 442
597 905
196 214
1 626
121 887
150 505
125 131
225 544
20 24
159 664
537 655
46 170
82 136
173 829
417 935
17 698
397 700
21 308
56 112
79 361
58 92
246 336
403 944
65 217
100 685
42 325
119 174
168 190
643 761
325 402
98 731
364 448
917 962
25 264
192 628
742 760
154 894
72 241
281 420
31 638
443 528
331 535
23 31
175 186
148 329
185 381
340 966
110 558
256 359
243 615
408 746
11 23
891 904
234 652
28 50
468 605
242 727
267 392
124 581
158 266
60 889
38 226
11 82
104 428
72 230
34 343
2 46
83 210
168 338
137 569
171 501
239 390
21 187
533 882
146 329
587 845
95 481
172 783
209 404
19 527
664 946
341 524
403 797
505 780
737 950
426 489
443 643
61 329
33 51
154 738
1 185
410 549
748 783
38 587
275 351
123 317
759 861
607 869
475 580
415 630
151 671
161 686
126 191
31 967
167 885
279 984
81 331
76 372
358 704
218 920
311 842
38 798
123 160
438 784
103 524
134 442
157 450
175 798
453 627
0 0
45 306
663 803
755 914
27 51
419 549
234 394
561 714
166 914
125 414
175 548
208 879
52 70
355 427
106 160
68 139
76 148
6 878
99 461
11 181
11 599
125 188
2 26
551 885
365 630
591 964
371 467
570 725
363 689
401 887
86 778
38 665
146 768
0 32
74 115
367 449
55 82
18 57
180 205
40 80
623 881
709 793
171 516
150 267
302 305
31 530
67 454
1 2
58 382
457 836
25 43
246 313
369 945
91 188
73 897
82 221
211 516
846 917
196 288
173 227
312 321
117 142
293 680
409 638
8 214
187 297
135 166
90 207
795 855
58 83
2 345
604 931
171 855
318 758
655 698
267 971
111 751
227 901
413 1000
235 272
308 973
23 176
56 967
415 797
138 254
207 646
28 112
185 458
216 622
12 547
156 644
352 407
384 786
524 877
350 578
279 374
31 363
4 210
64 259
476 951
87 229
250 858
12 31
155 338
402 761
88 599
326 611
470 550
3 5
263 409
59 268
624 684
290 373
116 176
583 888
245 533
854 978
369 370
432 714
3 24
104 233
348 865
363 832
503 902
136 926
20 685
17 413
388 622
379 515
367 872
20 323
68 213
364 608
357 893
253 288
20 677
336 623
29 32
212 907
11 36
56 83
210 773
40 106
677 823
98 216
581 881
181 468
363 907
124 182
68 159
771 825
706 871
7 71
10 273
220 711
383 428
95 114
281 738
68 265
95 183
201 289
125 136
414 659
222 709
626 775
49 939
77 297
159 527
625 819
73 99
505 977
745 868
154 285
82 407
31 137
411 593
84 723
5 244
581 712
205 468
70 450
34 671
58 59
123 202
504 958
391 449
162 181
230 804
495 756
210 336
77 756
42 42
560 731
259 563
551 672
146 279
0 3
318 628
27 94
813 864
91 624
9 359
87 306
23 62
127 377
286 917
314 474
171 701
109 125
26 143
914 916
359 375
278 414
11 238
231 897
99 541
101 863
516 926
448 731
10 92
97 588
695 845
661 762
8 91
191 199
56 155
427 451
53 53
295 953
11 184
270 410
4 8
540 582
230 640
221 946
1 18
74 116
201 407
175 644
188 893
274 513
379 395
12 25
40 70
334 527
588 800
87 324
72 142
150 248
78 395
150 434
17 51
75 116
251 905
142 418
424 827
568 989
162 221
156 336
252 433
420 835
326 511
68 223
64 125
118 172
214 555
348 976
41 403
125 325
180 936
352 442
462 893
252 258
297 803
61 314
33 621
57 344
383 507
151 844
138 310
23 64
16 55
42 77
638 803
210 961
112 464
329 539
27 349
115 870
621 950
227 267
86 279
35 684
53 281
138 521
319 737
28 249
71 107
289 844
82 663
343 637
721 920
601 993
62 686
113 166
382 485
120 441
138 346
39 77
672 897
457 800
404 629
192 232
243 590
119 177
212 302
469 976
141 428
505 769
153 287
157 199
247 444
67 133
369 710
678 948
16 895
96 197
6 20
631 914
300 550
42 723
214 261
262 490
91 123
237 612
546 611
65 916
240 282
118 158
112 131
343 360
578 713
154 391
383 967
234 392
188 691
38 796
139 407
270 884
186 612
734 908
523 706
135 284
48 99
24 158
433 599
111 495
154 194
285 302
45 830
18 283
95 189
374 759
538 850
570 613
104 241
570 759
187 670
333 696
86 396
387 853
434 723
490 928
611 793
634 922
606 727
266 704
36 119
4 40
474 588
811 883
759 818
929 954
801 823
490 651
23 82
381 685
11 14
439 594
485 807
532 711
96 111
20 23
482 594
97 443
145 199
181 474
544 571
506 719
39 571
144 490
69 136
28 33
246 486
6 12
20 201
69 293
7 779
36 155
222 453
167 790
237 450
396 826
258 380
400 786
576 760
226 579
315 328
481 768
75 486
20 74
27 929
208 239
4 22
602 669
754 855
822 916
242 261
1 795
34 66
25 650
224 871
408 776
22 75
123 193
142 190
239 517
2 4
429 772
168 876
153 834
296 586
551 986
35 55
71 216
49 68
315 700
257 374
207 750
140 551
112 430
314 330
132 832
248 867
270 316
235 467
240 440
102 685
63 543
378 585
297 590
329 385
275 432
342 690
357 394
2 11
99 137
718 723
1 35
88 283
340 518
294 495
36 137
233 247
8 372
50 497
167 401
339 913
552 621
155 285
713 810
567 891
130 737
209 219
608 739
50 294
102 466
97 227
307 684
16 179
3 24
19 992
618 838
67 240
527 566
375 836
37 226
170 470
408 862
21 615
232 885
69 315
319 456
141 193
208 383
475 538
252 289
203 265
164 685
6 55
185 471
150 382
203 257
419 543
166 484
15 26
67 585
112 450
413 447
168 281
148 277
330 855
218 507
54 292
381 909
204 210
400 705
541 718
20 28
111 342
31 509
57 336
214 667
255 585
5 83
69 388
737 933
105 233
355 611
611 711
508 629
60 333
123 560
172 458
455 492
177 729
433 787
14 27
158 327
741 806
777 785
148 399
471 723
187 366
114 305
112 219
62 513
31 822
70 795
26 43
463 748
19 497
787 976
2 2
103 302
24 300
207 875
20 79
113 487
417 815
38 108
189 202
20 156
744 831
335 564
445 718
183 210
645 873
551 759
125 488
799 859
170 178
538 799
243 779
181 824
181 447
329 590
122 841
189 328
7 363
516 730
280 374
250 456
84 511
113 672
14 215
59 81
332 743
599 912
656 864
609 774
228 333
26 919
430 488
435 547
419 437
158 183
136 344
376 818
117 376
12 114
48 346
250 426
536 658
177 233
765 862
249 565
427 470
532 982
50 178
50 265
75 149
112 225
386 976
525 594
748 774
17 123
144 160
567 683
79 93
11 546
116 191
227 915
59 123
109 398
273 686
0 18
486 526
514 770
612 753
97 340
78 239
29 81
307 799
678 995
127 483
196 309
13 19
279 411
163 278
674 955
7 196
851 948
227 570
123 181
333 481
141 174
102 106
191 410
58 68
15 61
415 483
117 727
359 683
170 223
413 774
229 582
30 66
100 353
465 674
467 807
9 43
154 280
203 225
455 629
70 237
56 639
452 521
213 249
51 126
288 351
167 531
30 61
339 511
185 345
741 994
431 718
236 256
97 301
575 851
11 230
5 39
200 265
60 926
356 672
412 522
500 632
92 681
125 125
882 928
495 980
83 90
430 515
100 347
181 190
169 923
120 235
23 497
150 536
312 779
104 485
129 204
137 531
199 520
64 137
49 116
208 815
119 407
312 366
16 16
593 754
539 593
222 825
491 720
152 822
5 301
163 984
10 295
171 404
147 181
70 94
393 701
317 822
588 771
76 410
19 25
158 857
203 399
36 39
89 177
2 8
481 730
494 698
254 334
313 377
151 790
89 114
418 717
241 621
93 330
28 272
108 215
100 840
642 806
51 104
328 602
47 257
590 606
236 655
95 283
16 25
154 615
278 290
130 234
328 606
478 816
157 375
70 308
108 847
171 915
33 224
320 711
32 114
177 595
102 600
283 901
419 594
106 238
388 855
65 541
2 7
252 632
661 834
96 866
253 804
538 691
951 992
25 150
45 180
15 20
687 937
274 684
158 209
154 335
638 896
15 422
356 457
498 779
49 54
737 896
91 292
12 107
168 255
22 266
400 864
81 406
70 264
627 754
107 125
107 445
800 966
392 955
43 688
139 223
697 773
169 886
159 664
75 209
15 757
13 15
335 340
36 128
181 284
6 16
644 649
499 705
319 819
16 165
26 301
368 748
367 742
584 618
426 776
569 932
753 864
160 538
296 425
32 147
548 718
0 1
41 220
601 672
129 556
47 144
312 773
92 977
289 994
854 939
149 519
100 260
253 262
219 712
422 680
922 928
152 235
640 682
364 440
150 173
64 489
172 820
762 988
698 739
74 123
59 744
89 153
372 616
81 378
254 726
556 651
53 364
614 764
47 70
232 766
25 362
796 891
491 812
247 334
214 464
239 310
528 958
569 598
389 579
468 885
624 665
269 364
157 382
268 681
119 200
605 840
416 713
450 484
471 960
205 946
385 829
439 946
295 664
825 887
28 615
153 365
12 95
1 30
689 726
836 874
596 702
449 973
331 682
828 911
200 634
85 142
408 619
170 449
797 844
185 523
269 429
22 162
372 927
91 126
408 500
298 307
209 221
461 539
470 686
100 884
28 113
456 995
93 259
12 475
100 723
605 886
405 579
85 565
66 197
295 857
434 538
9 782
71 408
311 561
277 563
282 360
434 439
34 443
261 519
88 504
110 218
93 569
33 99
841 922
254 738
236 367
63 906
574 964
107 510
18 23
75 934
398 919
244 387
179 416
27 93
50 86
117 694
693 975
769 782
115 538
10 169
383 682
132 228
107 888
223 693
98 542
225 555
131 181
366 428
0 173
693 819
304 371
332 339
195 216
436 616
795 821
9 36
24 115
336 786
1 35
174 255
83 209
99 396
308 311
228 475
173 968
307 408
92 208
442 600
220 339
450 594
584 964
376 503
635 701
213 266
581 583
649 980
307 313
506 923
47 335
34 42
63 532
332 548
140 764
219 353
58 131
4 11
250 450
744 802
349 527
129 225
492 790
385 427
402 627
278 444
81 437
290 569
319 566
334 666
259 471
102 301
777 883
70 355
399 432
11 959
327 361
152 768
174 301
220 304
40 558
633 751
371 846
140 636
84 253
28 317
97 303
292 535
6 12
20 20
502 874
324 393
4 114
58 61
179 187
21 157
455 508
811 874
313 329
264 609
71 256
5 495
54 449
119 216
31 214
12 17
285 920
185 188
51 95
91 341
105 276
568 581
416 889
179 198
329 868
111 229
79 555
269 321
824 971
592 980
286 839
37 165
298 476
124 894
20 65
502 508
374 844
147 153
174 974
108 252
144 214
521 531
128 246
611 622
187 188
664 888
149 832
384 568
74 100
76 247
105 955
202 205
413 570
413 653
719 896
24 63
275 319
74 572
188 254
69 186
582 618
420 715
227 309
391 813
214 519
911 955
23 23
20 32
16 51
261 447
359 522
73 510
348 934
169 274
740 757
307 534
45 131
25 56
46 137
93 317
30 54
221 507
202 380
193 713
36 157
545 552
79 444
668 716
270 795
151 204
26 123
193 595
48 552
383 749
497 644
159 467
152 195
649 681
428 867
414 759
176 830
82 594
48 66
271 335
6 98
137 671
446 981
89 605
231 983
134 183
38 143
25 39
212 999
915 938
309 324
492 832
40 285
3 30
238 550
194 915
789 830
85 108
791 798
510 867
109 287
166 469
5 147
396 596
217 910
678 806
25 220
399 446
124 171
210 343
893 901
4 36
464 487
220 307
305 723
116 467
172 431
585 682
138 242
12 176
21 32
130 626
177 233
60 401
203 291
67 348
52 59
777 961
10 168
46 363
59 691
536 791
553 934
107 220
115 553
171 177
55 355
419 570
29 105
84 264
226 671
722 747
157 332
498 512
629 885
135 742
341 785
21 438
186 774
11 593
46 131
80 116
196 200
164 290
293 611
539 587
101 105
282 897
195 376
75 381
192 207
46 599
39 51
125 218
109 974
307 391
326 734
315 827
236 383
294 394
221 468
43 473
392 872
885 952
306 907
195 350
331 515
119 448
361 638
529 981
107 131
18 566
72 144
125 502
509 924
614 648
548 583
412 543
147 235
242 301
11 63
202 335
134 567
692 772
126 504
192 415
205 529
7 218
895 996
17 140
438 686
145 383
551 688
179 909
82 195
153 223
372 888
358 505
155 789
228 977
33 79
195 196
489 613
602 751
102 315
36 92
38 961
52 502
9 23
1 37
93 783
492 733
788 798
55 222
7 787
191 449
664 714
723 889
9 51
619 951
41 88
254 881
396 602
54 94
356 583
281 833
31 32
274 733
267 302
419 433
508 853
457 550
484 999
175 260
440 638
199 245
254 462
79 358
244 505
435 566
161 374
570 944
24 63
57 78
517 563
472 483
77 119
125 212
46 126
607 927
123 253
407 920
26 180
43 819
482 799
280 668
33 40
692 714
50 220
270 780
881 923
274 539
7 11
98 367
10 19
280 445
7 103
83 125
501 586
744 896
478 996
70 673
3 255
195 811
82 146
31 129
259 565
14 230
202 258
1 459
52 131
469 528
106 146
58 509
615 854
16 30
28 214
203 415
270 447
20 49
357 410
380 733
433 724
77 114
21 99
120 791
60 63
0 0
100 119
53 690
394 413
207 478
445 445
2 23
347 618
314 806
4 292
344 504
161 523
222 864
43 84
136 299
102 162
277 326
206 363
130 141
226 640
56 171
257 594
147 225
454 821
4 444
205 338
65 89
334 391
96 123
567 637
53 532
17 47
242 403
7 250
175 176
54 147
26 95
183 374
18 465
85 153
64 118
304 680
405 748
45 226
153 946
446 948
105 390
224 337
220 227
176 217
86 312
199 520
45 66
109 965
817 877
114 737
240 637
230 272
696 788
213 916
455 809
251 880
230 332
76 388
597 803
726 728
20 112
33 664
43 540
25 196
59 142
240 298
808 822
462 498
67 201
412 793
123 599
58 95
207 572
209 495
116 512
1 30
29 763
1 46
43 613
106 543
38 936
90 139
67 341
178 209
354 627
136 232
91 537
42 764
177 236
46 944
238 330
337 776
168 610
60 85
102 942
1 236
232 519
220 421
19 783
224 1000
146 163
123 170
85 96
353 409
178 558
388 623
49 50
146 204
225 267
22 24
726 919
62 130
22 196
43 78
382 681
150 503
276 312
102 174
12 58
102 181
600 844
133 314
498 579
120 582
114 137
37 717
118 954
856 934
259 511
39 258
68 246
4 41
789 853
375 468
17 21
571 972
56 542
375 546
690 781
249 280
110 216
32 81
99 261
7 582
24 39
360 503
183 316
116 152
524 940
264 274
394 813
22 66
283 962
401 946
122 509
229 590
545 909
258 603
127 582
385 715
639 835
529 633
122 294
48 101
253 838
453 521
171 311
381 609
334 854
754 855
15 311
60 667
698 807
12 32
879 1000
239 521
38 90 312 329 338 397 418 435 464 583 595 756 758 797 827 831 844 919 1025 1028 1033 1071 1180 1183 1218 1236 1257 1333 1337 1463 1552 1607 1741 1758 1794 1813 1834 1908 1965 
42 17 111 136 157 180 204 292 338 415 417 462 592 671 673 675 696 699 706 751 765 840 879 884 1077 1101 1137 1165 1257 1263 1282 1324 1544 1616 1798 1814 1820 1865 1889 1910 1924 1960 1968 
32 11 15 16 28 83 122 123 129 159 217 235 396 508 534 674 851 868 1140 1171 1172 1290 1332 1372 1420 1453 1635 1700 1706 1732 1779 1782 1919 
31 256 278 329 414 457 462 524 547 558 560 574 685 721 723 1083 1158 1202 1399 1405 1468 1496 1519 1536 1570 1612 1646 1686 1773 1804 1850 1885 
47 46 93 95 119 144 147 187 218 256 296 316 377 398 424 429 652 683 718 757 836 881 897 904 908 945 1037 1039 1047 1119 1162 1202 1285 1303 1475 1520 1533 1570 1662 1748 1800 1825 1833 1842 1888 1918 1928 1946 
38 86 156 184 247 290 295 324 330 423 463 484 493 522 539 630 707 809 821 829 833 858 887 901 1005 1010 1114 1191 1196 1317 1389 1423 1446 1638 1707 1812 1814 1848 1925 
42 26 51 65 66 80 160 290 318 360 361 364 423 442 458 464 555 565 680 714 950 990 994 1004 1032 1058 1107 1123 1132 1294 1306 1346 1364 1368 1393 1447 1448 1559 1676 1677 1763 1948 1962 
42 28 125 189 192 208 224 248 258 268 275 444 503 608 668 723 764 786 818 830 893 986 1036 1105 1195 1199 1237 1247 1349 1375 1377 1387 1469 1524 1593 1600 1606 1630 1666 1805 1921 1956 1965 
43 10 42 59 85 104 109 134 143 211 261 311 361 365 379 385 500 568 587 742 762 893 933 1019 1071 1112 1152 1164 1184 1221 1265 1270 1289 1312 1374 1386 1450 1476 1582 1657 1679 1879 1955 1986 
32 66 76 83 124 172 174 335 484 610 672 739 744 853 933 977 1031 1201 1252 1269 1289 1358 1470 1526 1532 1548 1640 1652 1656 1826 1847 1923 1967 
34 25 113 121 171 188 267 270 276 362 427 441 541 584 752 789 830 1000 1040 1156 1257 1284 1344 1349 1427 1518 1546 1589 1606 1628 1629 1697 1759 1901 1929 
38 28 167 203 204 224 228 316 325 335 448 486 515 521 675 945 1025 1032 1041 1069 1111 1150 1179 1232 1265 1316 1399 1448 1539 1551 1634 1711 1726 1737 1778 1878 1920 1957 1977 
44 45 51 91 96 124 176 185 234 255 364 378 383 474 478 565 628 663 668 681 702 750 812 835 867 885 948 1009 1076 1080 1173 1184 1216 1260 1428 1549 1599 1607 1738 1768 1770 1866 1923 1940 1965 
35 86 261 296 394 419 489 507 595 671 707 768 807 819 836 895 929 1143 1188 1190 1192 1194 1207 1219 1220 1227 1243 1263 1266 1288 1444 1516 1651 1750 1758 1902 
27 4 23 66 148 204 290 292 594 710 809 1024 1071 1136 1138 1391 1430 1437 1518 1613 1633 1695 1701 1744 1782 1836 1865 1988 
25 42 182 191 220 239 322 385 464 487 516 538 648 768 787 830 872 941 987 1427 1448 1716 1788 1944 1982 1989 
44 88 119 155 166 203 256 262 319 336 351 393 403 439 537 550 555 564 727 735 763 767 817 820 857 891 977 992 1011 1378 1387 1398 1455 1502 1504 1565 1624 1648 1749 1759 1766 1801 1834 1884 1981 
37 29 143 179 227 239 378 415 479 505 533 539 563 625 797 808 927 986 996 1033 1057 1059 1104 1189 1355 1402 1405 1455 1527 1576 1647 1696 1711 1797 1856 1873 1882 1902 
43 9 18 33 103 206 250 277 426 470 555 560 614 640 654 773 803 823 882 915 926 949 968 1007 1084 1130 1182 1192 1211 1313 1368 1386 1411 1470 1500 1549 1564 1597 1752 1811 1850 1887 1920 1953 
32 78 183 228 230 307 352 417 445 586 589 649 720 758 781 883 904 936 1002 1115 1159 1181 1223 1272 1349 1620 1648 1651 1678 1787 1917 1925 1984 
33 3 128 170 268 311 372 454 462 463 547 577 623 715 722 741 865 1220 1224 1302 1307 1421 1426 1483 1509 1529 1683 1698 1723 1760 1859 1905 1961 1976 
30 18 283 293 322 378 423 432 483 554 587 593 688 818 835 1006 1045 1070 1099 1205 1341 1377 1404 1479 1621 1676 1711 1827 1876 1962 1981 
27 2 15 48 162 204 367 389 444 493 529 745 814 819 820 826 907 916 1089 1139 1396 1521 1736 1759 1795 1846 1950 1952 
30 3 24 31 162 167 321 343 369 475 606 620 721 817 905 935 956 974 1274 1302 1371 1435 1436 1471 1655 1675 1693 1746 1894 1972 1979 
43 44 67 78 145 209 241 289 294 335 488 492 578 585 604 616 640 872 876 893 911 1023 1086 1099 1173 1249 1285 1372 1445 1545 1553 1677 1688 1698 1777 1800 1845 1861 1891 1900 1902 1911 1936 1954 
28 42 116 232 242 244 465 529 578 614 619 991 992 1000 1005 1085 1131 1146 1150 1229 1376 1397 1725 1775 1817 1873 1912 1922 1940 
38 51 82 126 146 243 298 360 392 399 434 466 583 592 594 620 681 716 731 766 771 800 838 874 948 951 999 1036 1054 1170 1171 1215 1246 1377 1625 1632 1638 1703 1885 
24 18 261 293 385 595 710 825 859 896 965 988 1018 1199 1514 1536 1551 1564 1615 1619 1656 1669 1704 1880 1890 
41 27 74 182 186 244 309 318 365 390 417 478 534 559 728 729 732 758 820 850 896 1030 1036 1146 1156 1230 1247 1259 1264 1283 1368 1411 1426 1432 1528 1569 1737 1773 1784 1865 1906 1980 
41 12 120 133 288 398 433 437 589 654 672 688 705 741 756 765 810 874 1095 1212 1243 1284 1299 1301 1358 1362 1407 1436 1473 1511 1649 1675 1712 1724 1760 1770 1773 1819 1863 1909 1917 1984 
35 0 20 23 154 160 196 230 288 355 539 573 592 647 713 722 728 801 826 878 893 926 933 943 974 1240 1278 1329 1445 1472 1632 1636 1684 1734 1745 1875 
43 10 70 136 149 182 239 263 402 424 428 445 506 541 578 594 620 676 711 762 947 1014 1035 1094 1104 1115 1116 1201 1226 1265 1342 1350 1374 1447 1498 1565 1586 1622 1655 1711 1827 1852 1906 1929 
40 102 169 227 251 298 422 469 570 606 612 648 657 704 707 745 781 788 814 932 1062 1183 1226 1252 1271 1443 1448 1480 1507 1519 1608 1670 1677 1688 1713 1716 1727 1734 1773 1922 1959 
36 2 44 137 147 150 167 222 245 409 427 481 526 608 642 717 781 832 1006 1073 1170 1208 1338 1397 1489 1572 1603 1760 1775 1785 1793 1806 1812 1867 1889 1943 1945 
39 41 114 164 207 231 263 291 360 416 421 464 553 636 687 774 835 946 1039 1057 1080 1097 1133 1184 1190 1191 1256 1348 1417 1502 1525 1537 1581 1604 1844 1865 1888 1893 1928 1998 
43 5 77 88 216 274 277 318 320 353 400 431 551 602 611 615 629 645 869 876 959 1029 1034 1044 1098 1120 1150 1194 1204 1279 1427 1430 1444 1537 1546 1620 1658 1681 1757 1818 1839 1870 1921 1948 
50 180 205 213 225 232 259 262 326 379 387 395 413 506 555 664 672 739 756 796 934 939 980 1074 1110 1149 1152 1171 1177 1223 1243 1303 1304 1345 1474 1477 1563 1573 1640 1732 1749 1791 1845 1846 1852 1891 1896 1946 1958 1959 1969 
34 2 68 69 82 148 222 223 245 283 367 440 513 527 646 693 695 782 787 930 989 1136 1154 1192 1273 1316 1350 1359 1388 1572 1589 1653 1792 1904 1941 
41 39 41 75 138 180 181 271 336 343 348 457 533 538 595 608 655 685 733 783 811 856 906 1070 1075 1109 1173 1190 1214 1357 1404 1447 1650 1715 1723 1823 1824 1846 1908 1934 1940 1964 
34 27 43 64 168 281 371 396 416 495 542 580 590 661 772 831 966 991 1064 1068 1088 1154 1192 1219 1310 1335 1338 1368 1400 1476 1689 1837 1868 1921 1936 
45 111 163 220 229 297 359 430 462 485 511 522 599 628 643 655 684 706 720 786 862 924 948 957 973 1020 1039 1083 1102 1189 1242 1301 1321 1351 1403 1504 1509 1589 1606 1610 1632 1700 1716 1795 1852 1937 
40 33 69 212 256 279 294 300 350 486 513 543 611 621 749 759 764 807 861 882 1058 1061 1098 1123 1268 1399 1414 1423 1508 1587 1664 1676 1691 1780 1788 1812 1845 1869 1878 1940 1963 
46 18 33 92 103 127 208 249 250 254 392 428 429 439 465 482 535 588 613 686 710 810 821 965 1001 1023 1042 1131 1187 1277 1289 1330 1349 1400 1426 1445 1452 1495 1758 1762 1824 1906 1925 1929 1931 1995 1996 
39 71 108 205 374 397 419 438 443 487 516 551 556 559 586 706 760 762 809 882 919 1106 1208 1219 1230 1288 1380 1415 1505 1522 1543 1615 1676 1693 1855 1859 1862 1884 1900 1931 
33 10 49 101 127 179 202 292 349 397 415 438 530 593 600 646 654 715 749 790 795 810 887 1077 1087 1554 1611 1632 1762 1791 1817 1824 1914 1997 
25 106 135 299 315 370 628 631 639 723 779 833 912 1007 1077 1096 1108 1116 1315 1401 1451 1496 1503 1623 1764 1947 
48 15 19 49 76 88 128 257 326 339 386 401 569 804 823 839 848 856 931 948 952 1011 1015 1071 1096 1141 1178 1179 1190 1294 1327 1358 1379 1449 1519 1550 1595 1611 1612 1650 1658 1694 1804 1807 1821 1833 1886 1926 1963 
44 4 29 67 70 116 123 174 260 331 448 476 594 611 641 682 698 746 873 875 954 987 1018 1052 1170 1210 1220 1318 1334 1369 1438 1449 1478 1493 1507 1563 1631 1642 1727 1728 1744 1777 1879 1903 1904 
24 1 46 333 563 671 715 788 899 1041 1048 1056 1152 1195 1199 1248 1329 1474 1506 1686 1828 1853 1922 1927 1935 
48 0 1 16 117 282 317 345 359 367 384 399 432 485 490 549 577 635 655 674 676 687 727 760 894 918 1016 1048 1078 1082 1129 1218 1294 1298 1311 1353 1430 1450 1482 1521 1575 1614 1632 1677 1733 1757 1793 1795 1902 
44 156 234 344 390 552 598 633 739 796 860 895 916 917 1014 1045 1088 1100 1188 1242 1253 1273 1274 1281 1339 1353 1417 1467 1477 1504 1606 1687 1697 1724 1755 1804 1823 1918 1932 1933 1943 1951 1959 1978 1994 
35 120 138 152 358 363 378 401 417 421 422 425 468 487 489 502 658 861 879 895 912 926 951 1079 1113 1118 1156 1200 1320 1396 1434 1597 1665 1680 1901 1943 
48 35 41 94 213 292 321 368 382 400 408 436 453 497 553 596 656 659 663 692 731 819 986 1013 1057 1085 1155 1189 1191 1248 1263 1281 1346 1347 1384 1389 1418 1469 1487 1544 1593 1652 1654 1675 1687 1802 1849 1860 1938 
38 32 45 86 209 396 398 399 410 497 574 581 654 683 721 904 1017 1071 1131 1142 1172 1179 1287 1338 1340 1360 1382 1386 1390 1450 1458 1613 1623 1653 1717 1719 1847 1852 1932 
46 20 22 185 225 252 282 320 410 417 438 443 484 485 532 552 808 851 905 927 938 972 981 1008 1027 1052 1053 1170 1174 1260 1284 1293 1316 1342 1375 1495 1548 1570 1625 1701 1731 1753 1793 1938 1957 1963 1993 
43 30 50 202 275 294 342 370 401 414 447 507 528 534 616 644 673 706 856 860 876 884 892 954 1051 1100 1145 1234 1304 1317 1445 1457 1498 1596 1650 1660 1674 1822 1828 1832 1906 1962 1966 1980 
34 119 297 317 382 449 481 483 520 731 745 787 829 831 859 978 988 1029 1189 1198 1265 1270 1310 1319 1477 1479 1541 1555 1650 1703 1791 1874 1893 1949 1951 
55 4 24 41 72 104 150 167 169 216 272 324 383 398 440 456 561 575 700 709 724 807 813 831 834 947 1006 1021 1039 1196 1240 1251 1262 1287 1296 1320 1334 1361 1369 1426 1429 1438 1481 1567 1620 1672 1694 1718 1758 1793 1798 1825 1837 1860 1887 1958 
46 49 79 93 102 138 157 190 203 336 340 380 413 475 490 643 656 674 692 734 737 740 744 810 833 997 1005 1034 1241 1242 1260 1275 1282 1413 1531 1549 1568 1595 1678 1684 1692 1713 1854 1871 1932 1959 1960 
41 23 140 178 358 359 362 401 453 532 549 694 744 759 783 787 791 808 893 913 992 993 1018 1086 1193 1196 1240 1283 1318 1340 1409 1411 1534 1564 1583 1584 1654 1659 1695 1735 1773 1881 
36 43 213 223 233 325 342 361 383 396 624 738 849 877 883 950 987 999 1028 1089 1190 1281 1355 1407 1428 1460 1482 1588 1590 1596 1673 1679 1734 1797 1823 1928 1948 
44 43 89 125 247 257 328 483 502 506 514 542 594 635 636 640 672 689 690 718 759 781 894 900 985 1012 1106 1176 1200 1204 1368 1496 1510 1524 1567 1572 1583 1591 1598 1622 1652 1662 1918 1946 1989 
34 11 16 54 122 178 194 252 340 377 396 714 717 729 781 841 873 920 945 1035 1054 1097 1182 1197 1241 1385 1456 1584 1695 1696 1737 1739 1780 1826 1903 
48 13 31 38 100 136 196 222 269 278 319 373 403 498 509 646 693 708 739 814 837 877 878 970 1068 1070 1121 1153 1181 1203 1214 1226 1261 1300 1315 1387 1408 1428 1481 1531 1568 1652 1732 1792 1885 1913 1954 1962 1970 
45 111 203 269 315 365 431 626 667 779 916 930 974 987 1103 1117 1134 1218 1243 1290 1299 1302 1408 1410 1420 1469 1482 1494 1582 1616 1622 1639 1653 1676 1714 1715 1743 1761 1770 1774 1789 1812 1913 1918 1942 1988 
43 29 99 162 164 205 230 257 272 314 322 430 431 440 496 514 573 658 691 730 761 890 900 903 1003 1037 1047 1055 1078 1103 1119 1122 1231 1233 1273 1450 1458 1518 1604 1605 1621 1718 1722 1751 
41 163 286 321 330 352 413 529 543 581 596 654 742 767 830 905 931 939 972 1096 1132 1151 1245 1248 1319 1460 1482 1490 1581 1632 1640 1693 1702 1706 1733 1783 1797 1801 1835 1854 1893 1972 
38 4 36 53 102 112 123 159 193 215 224 238 260 298 414 553 650 726 748 952 954 971 1016 1092 1114 1137 1286 1300 1308 1344 1367 1390 1499 1690 1791 1874 1921 1953 1969 
56 16 48 82 136 168 209 232 249 266 329 420 428 477 574 609 622 623 658 745 792 879 894 908 940 977 981 982 998 1050 1054 1063 1140 1166 1189 1256 1264 1282 1287 1303 1354 1390 1406 1425 1448 1479 1493 1519 1546 1627 1718 1732 1737 1955 1960 1985 1991 
28 109 184 206 219 318 401 405 472 567 587 637 676 998 1043 1150 1228 1246 1257 1321 1324 1436 1456 1493 1634 1767 1868 1945 1966 
29 0 19 47 234 239 250 385 388 436 437 545 627 685 686 707 728 842 850 941 1052 1113 1341 1366 1539 1611 1657 1860 1921 1930 
40 4 61 103 113 165 178 188 233 349 362 493 540 683 689 694 735 745 746 754 785 865 970 995 1009 1036 1038 1166 1188 1228 1229 1332 1403 1483 1550 1621 1652 1832 1835 1848 1949 
43 47 86 145 324 406 533 557 586 661 762 815 817 818 832 880 955 963 1005 1007 1009 1016 1093 1108 1180 1258 1357 1364 1372 1444 1449 1518 1585 1608 1622 1648 1649 1685 1759 1798 1816 1838 1929 1975 
41 24 29 50 99 142 143 173 193 229 338 388 390 556 601 620 622 692 697 884 891 892 934 980 1004 1008 1021 1114 1138 1178 1283 1287 1441 1497 1509 1512 1679 1710 1714 1740 1777 1784 
35 44 94 124 212 242 403 467 472 537 684 719 811 829 850 906 920 996 1015 1101 1116 1162 1212 1323 1373 1399 1464 1571 1643 1656 1686 1766 1829 1856 1890 1917 
33 27 89 233 316 368 389 414 430 495 560 567 596 826 843 927 1097 1107 1123 1124 1130 1296 1373 1400 1427 1442 1471 1554 1611 1654 1667 1838 1884 1915 
35 14 18 105 323 342 357 372 399 462 512 546 564 607 635 671 794 863 914 972 1079 1084 1263 1288 1343 1407 1432 1497 1564 1633 1658 1728 1787 1831 1958 1974 
36 107 109 147 177 183 217 240 262 413 414 471 472 483 535 556 698 759 774 775 872 932 959 976 1318 1322 1403 1513 1529 1535 1574 1656 1705 1711 1756 1771 1957 
56 25 70 76 107 115 161 226 251 315 380 382 388 450 473 477 534 601 668 677 688 710 728 792 806 892 895 923 928 964 973 985 988 1004 1005 1048 1074 1127 1178 1224 1291 1295 1298 1310 1341 1384 1395 1494 1721 1769 1779 1817 1825 1830 1831 1891 1899 
27 8 88 115 159 232 275 447 455 490 582 613 625 655 899 935 1046 1069 1136 1148 1179 1242 1544 1681 1799 1845 1886 1957 
51 30 97 106 119 121 151 156 195 210 308 375 395 398 435 482 491 510 531 543 551 592 600 816 853 896 930 966 972 1016 1022 1096 1102 1219 1250 1328 1340 1422 1428 1431 1451 1503 1543 1601 1670 1685 1745 1861 1867 1892 1923 1941 
34 144 173 203 214 305 508 579 686 724 829 892 912 921 927 948 962 974 1011 1058 1100 1184 1311 1416 1419 1492 1592 1661 1757 1795 1840 1867 1869 1908 1982 
34 7 74 96 265 271 274 278 298 308 350 506 514 639 659 703 746 747 798 883 913 953 1052 1317 1352 1356 1361 1444 1508 1682 1688 1713 1778 1871 1950 
36 133 141 186 207 210 271 298 305 317 440 449 518 531 605 638 641 654 877 890 894 919 951 1038 1147 1179 1195 1292 1357 1383 1434 1451 1471 1522 1681 1696 1747 
33 15 75 202 335 339 454 530 583 607 637 748 757 758 810 867 879 888 912 989 1073 1244 1351 1401 1405 1440 1485 1525 1566 1701 1806 1810 1868 1919 
38 10 26 49 68 352 443 494 656 667 799 812 823 837 920 987 1072 1172 1186 1219 1240 1243 1259 1284 1306 1307 1318 1333 1339 1360 1471 1520 1721 1722 1741 1780 1783 1818 1887 
35 0 64 65 102 103 164 222 240 335 382 418 552 621 709 753 808 909 926 929 981 997 1103 1112 1233 1412 1535 1617 1635 1797 1809 1877 1884 1963 1966 1967 
39 28 87 92 121 197 218 289 328 379 452 484 548 640 671 782 817 885 921 977 1019 1195 1327 1337 1410 1412 1441 1495 1523 1544 1636 1666 1687 1743 1815 1853 1904 1909 1949 1980 
34 9 34 47 88 129 300 325 433 521 552 610 706 747 805 842 862 879 1019 1078 1114 1131 1177 1244 1299 1431 1435 1458 1552 1570 1607 1610 1920 1942 1957 
37 8 69 102 219 222 276 464 466 521 536 680 688 723 726 818 821 840 845 907 919 957 1022 1155 1281 1360 1376 1403 1526 1614 1617 1641 1677 1732 1800 1850 1855 1901 
44 5 26 110 257 265 281 315 324 337 369 400 407 584 609 658 671 756 771 811 889 928 951 1062 1077 1083 1133 1181 1261 1293 1302 1304 1309 1316 1364 1369 1413 1501 1651 1684 1762 1786 1840 1894 1925 
39 20 44 91 119 131 136 165 256 303 386 495 497 520 542 638 707 708 1075 1092 1286 1359 1372 1469 1505 1547 1563 1635 1671 1757 1800 1811 1813 1848 1849 1850 1918 1951 1971 1993 
35 14 17 40 106 163 263 275 371 394 496 508 515 597 620 897 947 1007 1017 1041 1198 1249 1283 1352 1369 1370 1461 1540 1668 1725 1792 1822 1823 1824 1845 1940 
39 107 236 290 292 299 381 400 473 607 624 688 700 776 777 854 903 922 958 985 986 1064 1134 1151 1174 1305 1401 1431 1445 1496 1532 1547 1587 1678 1711 1777 1783 1801 1880 1943 
35 73 97 207 216 242 354 460 510 537 562 637 679 857 874 910 914 925 939 972 979 983 1040 1121 1204 1205 1211 1337 1417 1440 1472 1475 1488 1711 1723 1824 
38 231 285 347 359 360 376 385 451 468 479 509 524 617 678 868 874 893 942 944 961 1004 1076 1109 1111 1133 1193 1219 1311 1354 1470 1487 1565 1653 1717 1731 1742 1762 1918 
42 1 7 22 69 154 179 199 218 279 291 360 382 469 470 724 782 861 933 973 1091 1094 1097 1111 1146 1192 1194 1229 1231 1281 1324 1336 1350 1449 1469 1510 1775 1794 1801 1872 1911 1978 1986 
34 141 249 284 341 427 525 551 583 639 685 740 764 814 833 881 1042 1110 1131 1182 1365 1456 1501 1527 1554 1564 1619 1683 1740 1867 1885 1900 1925 1983 1992 
41 2 19 48 77 130 140 153 166 179 264 427 574 596 819 880 903 913 1015 1019 1039 1080 1096 1316 1339 1344 1349 1430 1461 1473 1499 1657 1663 1682 1717 1745 1817 1885 1891 1902 1947 1957 
40 15 17 34 56 66 222 251 254 281 353 356 530 536 560 591 672 714 747 750 776 815 830 866 894 973 1008 1044 1070 1131 1132 1153 1242 1262 1455 1576 1585 1642 1737 1822 1905 
31 107 118 147 175 280 377 392 488 569 579 659 781 829 845 899 964 1125 1198 1202 1207 1215 1240 1356 1560 1601 1616 1637 1799 1907 1926 1990 
43 1 54 57 157 191 249 253 292 300 338 537 593 599 602 669 673 685 774 809 822 834 880 1035 1068 1072 1135 1175 1183 1342 1404 1426 1514 1523 1537 1595 1609 1644 1654 1659 1675 1771 1922 1986 
60 18 21 79 104 128 240 243 285 306 327 333 363 415 417 506 525 630 702 712 809 851 872 881 885 928 973 1008 1034 1037 1065 1073 1115 1192 1196 1225 1269 1307 1319 1381 1414 1433 1462 1495 1498 1534 1606 1609 1639 1660 1678 1692 1736 1752 1796 1813 1815 1820 1859 1912 1967 
45 6 27 38 45 73 120 143 149 183 191 239 368 387 431 437 441 473 480 562 573 578 639 706 707 721 722 874 881 883 1090 1097 1125 1281 1312 1321 1477 1533 1598 1643 1655 1698 1777 1792 1846 1924 
45 5 95 111 164 235 348 360 407 471 483 506 513 518 539 562 572 585 599 614 630 644 682 925 929 1037 1070 1097 1113 1151 1207 1227 1236 1307 1308 1371 1404 1409 1426 1433 1555 1579 1592 1742 1778 1994 
31 16 35 92 240 275 406 429 609 618 676 716 770 838 849 937 1074 1093 1096 1245 1264 1359 1365 1411 1447 1488 1542 1580 1610 1661 1732 1735 
31 20 78 114 215 222 553 689 726 803 859 924 976 988 1049 1055 1059 1079 1105 1146 1163 1189 1197 1200 1223 1281 1405 1681 1695 1851 1943 1953 
35 1 25 162 225 316 326 328 358 365 421 432 533 580 613 690 786 932 1027 1059 1066 1152 1325 1355 1368 1375 1402 1506 1620 1626 1676 1853 1858 1952 1965 1982 
34 138 207 279 282 302 622 645 770 789 807 831 837 955 978 989 990 1175 1321 1349 1393 1525 1535 1573 1608 1747 1774 1794 1812 1846 1861 1900 1919 1940 1982 
53 7 16 24 110 120 122 139 301 306 336 347 399 463 487 489 517 532 686 763 771 892 911 1010 1044 1051 1068 1136 1146 1225 1238 1271 1292 1314 1341 1356 1357 1391 1427 1567 1587 1615 1668 1699 1717 1772 1807 1828 1838 1864 1886 1975 1987 1999 
39 32 50 87 129 224 243 290 293 296 297 344 413 570 626 654 664 743 795 847 871 887 990 1088 1193 1205 1232 1261 1521 1530 1621 1718 1719 1722 1733 1762 1796 1798 1814 1917 
31 23 91 187 416 450 551 646 716 757 873 890 938 1055 1086 1151 1157 1193 1267 1280 1297 1464 1603 1648 1723 1770 1780 1886 1889 1927 1942 1949 
34 43 230 278 291 310 340 391 459 575 603 611 629 767 783 795 828 853 930 946 989 1063 1151 1203 1206 1283 1378 1435 1444 1452 1523 1569 1597 1781 1831 
38 139 144 162 179 181 295 301 402 463 488 519 530 532 608 621 626 689 793 922 1005 1127 1201 1218 1261 1330 1361 1431 1452 1485 1491 1577 1675 1733 1803 1870 1885 1886 1971 
53 26 62 140 212 361 396 420 544 566 588 615 649 690 725 765 772 839 873 885 892 901 906 1033 1055 1112 1171 1208 1369 1373 1374 1418 1429 1498 1503 1517 1521 1531 1571 1636 1659 1679 1685 1697 1698 1760 1851 1865 1866 1900 1904 1921 1942 1978 
28 8 35 71 72 151 176 262 270 408 545 559 739 743 784 1033 1053 1068 1246 1325 1496 1640 1732 1771 1822 1897 1917 1943 1945 
40 52 60 105 226 246 315 377 381 491 627 661 682 691 776 863 902 907 991 1001 1009 1046 1067 1101 1149 1302 1323 1370 1454 1469 1470 1519 1541 1633 1663 1689 1700 1734 1778 1830 1920 
34 152 206 279 304 379 412 531 554 573 574 592 757 766 902 936 956 994 1118 1172 1199 1408 1473 1584 1649 1704 1721 1725 1730 1746 1782 1799 1847 1888 1970 
39 103 189 190 228 237 244 247 255 259 291 320 338 396 523 527 581 608 788 816 829 924 947 1009 1072 1134 1159 1178 1183 1258 1329 1351 1357 1426 1432 1519 1527 1767 1942 1984 
36 142 149 316 327 331 388 434 494 602 637 655 657 679 733 800 811 864 912 926 997 1038 1041 1098 1112 1117 1188 1267 1326 1354 1382 1541 1608 1712 1920 1977 1996 
44 8 163 225 246 398 411 416 441 483 564 739 761 796 849 854 914 917 925 963 982 1029 1056 1118 1218 1245 1255 1286 1343 1353 1406 1445 1466 1493 1628 1642 1660 1716 1796 1812 1818 1886 1887 1934 1964 
38 19 68 158 168 181 204 210 224 258 346 378 442 488 723 840 856 934 956 1021 1042 1083 1176 1221 1241 1286 1287 1342 1343 1389 1493 1581 1617 1715 1765 1835 1848 1977 1981 
39 208 212 304 359 468 507 535 540 650 674 883 910 1043 1081 1089 1115 1157 1227 1244 1401 1427 1454 1493 1581 1594 1609 1644 1656 1659 1735 1738 1765 1815 1827 1892 1901 1918 1958 1988 
53 16 126 158 184 223 284 290 402 415 464 471 512 523 526 576 597 625 746 751 768 852 898 985 1013 1028 1076 1121 1158 1169 1172 1198 1235 1249 1266 1274 1303 1346 1380 1384 1473 1490 1493 1557 1582 1607 1657 1686 1816 1902 1903 1919 1940 1959 
53 3 17 57 106 119 148 165 170 182 188 343 344 414 447 487 602 665 749 760 830 839 864 870 945 974 1023 1027 1033 1035 1058 1225 1318 1343 1400 1414 1446 1516 1528 1600 1612 1614 1639 1648 1663 1680 1739 1887 1892 1919 1928 1961 1975 1984 
49 6 55 127 139 140 144 173 315 409 422 483 571 576 622 651 666 712 754 850 865 937 953 959 972 1007 1026 1049 1070 1076 1113 1118 1138 1222 1227 1253 1270 1323 1395 1497 1527 1538 1559 1591 1675 1680 1765 1904 1930 1933 
43 19 67 102 122 158 227 296 319 344 384 387 389 415 430 468 501 610 635 722 752 788 807 947 989 1007 1008 1010 1022 1099 1221 1222 1278 1361 1407 1409 1462 1536 1545 1574 1586 1669 1739 1935 
43 9 17 42 87 96 105 235 287 293 294 305 361 370 450 563 622 635 638 660 688 927 930 1009 1015 1024 1069 1174 1178 1230 1308 1340 1362 1432 1471 1501 1534 1553 1566 1575 1586 1660 1826 1930 
41 112 203 233 236 267 326 341 510 581 637 657 664 678 734 742 758 759 789 855 857 869 891 1017 1082 1175 1177 1191 1303 1306 1322 1339 1358 1368 1501 1566 1578 1594 1702 1774 1814 1851 
28 84 138 331 384 427 452 506 555 589 620 704 889 895 915 1020 1045 1069 1117 1148 1176 1263 1421 1477 1552 1590 1610 1614 1793 
40 51 102 208 227 245 258 314 343 349 358 398 436 438 615 784 962 985 1020 1147 1168 1200 1247 1325 1460 1483 1486 1505 1529 1609 1639 1641 1702 1707 1708 1740 1812 1830 1958 1980 1981 
45 0 22 79 136 141 142 181 260 319 462 465 476 531 558 590 623 643 721 744 793 812 813 831 1126 1170 1173 1192 1194 1222 1232 1254 1379 1472 1500 1518 1522 1568 1571 1607 1643 1700 1780 1786 1848 1927 
38 86 87 104 125 143 194 228 255 345 434 465 540 591 597 655 694 700 852 854 956 989 1030 1033 1053 1068 1078 1144 1236 1258 1374 1392 1478 1523 1538 1624 1770 1771 1947 
41 12 64 75 172 223 264 273 281 471 540 573 574 576 580 621 664 778 832 897 945 949 980 1105 1161 1171 1220 1259 1262 1449 1453 1506 1542 1579 1602 1610 1623 1653 1683 1761 1869 1910 
28 52 126 142 166 192 253 267 293 304 373 411 613 881 931 1060 1149 1259 1281 1530 1615 1637 1657 1881 1885 1910 1941 1958 1961 
45 11 22 50 137 162 184 209 313 346 381 421 557 558 593 603 612 784 878 880 975 1045 1239 1267 1276 1347 1370 1472 1475 1480 1494 1561 1583 1614 1651 1663 1712 1713 1736 1738 1747 1770 1791 1849 1964 1983 
38 17 30 91 98 180 181 248 303 308 391 533 582 609 711 757 761 851 900 918 938 1014 1096 1337 1338 1402 1465 1472 1618 1633 1687 1776 1789 1795 1868 1874 1916 1922 1944 
34 178 264 277 413 427 439 538 575 584 593 601 610 673 699 758 766 811 912 949 950 953 963 988 1057 1130 1193 1328 1426 1694 1814 1853 1872 1962 1975 
39 0 110 172 178 266 283 317 345 371 466 507 621 631 639 642 765 769 816 975 995 1014 1071 1100 1135 1150 1189 1275 1282 1306 1345 1412 1430 1439 1544 1678 1697 1733 1738 1917 
54 48 65 67 76 86 92 131 198 203 231 266 313 380 381 386 439 446 547 551 552 612 666 709 791 815 868 926 969 1075 1076 1111 1141 1174 1190 1224 1230 1241 1340 1355 1370 1394 1399 1403 1522 1543 1545 1724 1736 1774 1815 1819 1854 1912 1954 
41 15 67 140 261 295 404 432 463 501 573 612 623 732 792 872 899 955 1006 1056 1070 1085 1132 1186 1196 1205 1209 1300 1338 1354 1402 1437 1439 1444 1578 1679 1680 1683 1828 1832 1914 1976 
36 181 195 299 379 507 512 519 529 568 636 647 708 785 863 886 898 983 994 1112 1164 1198 1204 1328 1426 1445 1457 1470 1530 1533 1565 1574 1581 1719 1740 1802 1977 
41 46 64 68 81 240 241 310 402 416 479 485 624 708 841 913 1017 1102 1152 1176 1201 1258 1269 1276 1313 1388 1392 1428 1434 1563 1569 1582 1585 1721 1733 1779 1781 1830 1887 1889 1942 1977 
38 13 25 53 71 223 225 226 339 350 435 451 454 472 486 552 643 697 706 709 729 785 807 873 876 1040 1408 1500 1513 1556 1675 1694 1703 1735 1792 1796 1846 1871 1888 
35 12 152 380 508 530 554 573 577 665 763 782 797 934 1012 1014 1054 1072 1079 1081 1130 1159 1292 1298 1419 1462 1510 1528 1541 1608 1624 1690 1772 1779 1787 1979 
33 43 72 75 94 248 276 317 384 504 701 725 740 743 842 860 862 873 886 1013 1170 1185 1190 1349 1373 1463 1494 1531 1593 1618 1726 1761 1870 1875 
37 5 102 126 136 183 185 231 243 301 339 348 393 397 573 576 769 807 855 859 921 925 929 973 1223 1320 1355 1369 1419 1518 1563 1565 1586 1667 1754 1763 1791 1968 
50 21 70 80 105 202 226 275 280 354 363 406 430 452 531 575 647 775 832 914 979 986 1011 1013 1022 1046 1107 1121 1130 1237 1286 1288 1297 1422 1466 1471 1588 1657 1661 1702 1712 1731 1758 1794 1795 1836 1867 1872 1883 1900 1924 
35 17 22 139 153 182 227 239 255 256 317 387 424 446 551 578 647 780 843 874 886 889 1225 1233 1235 1259 1327 1376 1498 1542 1764 1771 1796 1898 1923 1976 
44 90 106 204 257 258 291 330 334 346 442 494 509 562 579 610 648 657 730 801 902 1004 1020 1115 1180 1196 1199 1231 1282 1298 1358 1392 1406 1429 1469 1599 1618 1637 1742 1757 1761 1792 1829 1869 1978 
47 59 74 108 137 381 433 468 489 508 571 575 580 594 660 686 717 725 824 870 882 932 1012 1026 1035 1053 1074 1090 1122 1140 1170 1282 1301 1330 1352 1494 1546 1562 1617 1619 1633 1649 1654 1720 1888 1920 1931 1983 
44 100 132 155 165 266 296 321 382 386 431 485 491 515 536 600 642 692 713 724 739 846 847 852 940 983 1084 1098 1139 1148 1209 1320 1351 1402 1499 1506 1592 1638 1689 1694 1730 1851 1917 1924 1976 
45 41 60 84 87 105 112 221 244 258 342 404 419 449 623 721 743 782 829 836 846 878 972 1010 1111 1117 1160 1217 1222 1360 1429 1443 1447 1503 1558 1611 1634 1648 1658 1720 1734 1753 1766 1816 1845 1990 
50 149 151 265 286 287 300 380 413 435 467 552 561 607 628 680 686 707 725 731 740 799 844 916 918 961 1060 1147 1269 1300 1439 1446 1479 1505 1556 1566 1618 1656 1689 1741 1751 1767 1786 1792 1850 1866 1870 1871 1936 1952 1976 
45 34 81 160 186 202 246 259 273 351 420 428 519 558 585 617 691 696 706 712 722 729 740 742 824 884 952 998 1075 1170 1210 1234 1299 1326 1371 1399 1413 1427 1714 1760 1770 1793 1829 1834 1849 1857 
38 30 63 81 104 154 269 297 299 465 640 741 807 945 952 1004 1050 1069 1133 1211 1213 1224 1268 1293 1305 1353 1354 1363 1435 1478 1550 1581 1613 1649 1797 1816 1939 1961 1992 
40 3 98 142 146 178 206 239 306 315 318 320 467 469 488 510 553 624 649 675 793 812 927 1002 1197 1235 1257 1295 1314 1319 1350 1356 1433 1476 1582 1607 1655 1662 1712 1824 1919 
48 101 170 201 202 276 291 346 517 528 582 598 625 629 689 709 798 849 877 931 936 957 967 972 1068 1073 1113 1171 1198 1219 1285 1309 1385 1390 1404 1451 1469 1497 1499 1538 1626 1654 1726 1757 1772 1778 1826 1866 1940 
44 36 56 65 113 134 135 179 202 261 319 529 579 621 622 678 713 741 752 834 917 943 1072 1155 1160 1175 1335 1399 1413 1437 1452 1470 1511 1521 1590 1636 1742 1757 1794 1866 1884 1886 1940 1944 1945 
32 5 95 139 264 405 448 456 470 551 574 675 719 808 901 975 1055 1185 1262 1284 1379 1493 1500 1518 1545 1588 1609 1682 1715 1731 1799 1905 1917 
38 61 89 178 335 347 446 511 529 543 556 657 854 880 912 1021 1034 1081 1148 1176 1182 1206 1433 1481 1489 1521 1541 1634 1645 1664 1684 1709 1765 1806 1889 1897 1926 1973 1979 
46 20 103 114 132 228 248 280 301 363 383 445 466 499 711 721 732 743 822 824 829 876 877 967 1015 1065 1068 1072 1218 1244 1363 1370 1372 1459 1476 1502 1515 1673 1695 1696 1731 1743 1764 1791 1927 1928 1945 
41 2 58 137 245 255 327 347 367 381 461 492 541 561 593 603 609 748 769 858 860 896 924 1114 1188 1254 1268 1275 1446 1459 1495 1529 1684 1720 1744 1750 1771 1774 1810 1827 1884 1890 
41 1 58 124 164 241 318 520 611 620 656 670 712 768 798 872 914 985 1034 1059 1120 1153 1167 1201 1221 1267 1451 1461 1508 1515 1548 1662 1713 1734 1772 1832 1833 1856 1858 1875 1894 1916 
37 25 54 145 206 335 366 405 493 626 638 741 775 813 866 958 1073 1102 1111 1251 1271 1319 1353 1363 1387 1416 1446 1567 1571 1582 1701 1720 1722 1748 1805 1831 1837 1961 
47 21 103 240 307 358 362 368 491 516 597 605 632 693 696 708 767 852 924 937 974 978 991 994 1013 1037 1054 1124 1139 1228 1234 1241 1309 1337 1350 1359 1371 1475 1641 1691 1693 1736 1746 1748 1815 1911 1946 1991 
43 15 241 267 316 332 444 530 576 595 623 636 687 703 724 778 790 804 808 878 964 976 986 1010 1038 1104 1143 1154 1250 1301 1317 1369 1393 1543 1548 1588 1591 1605 1613 1665 1768 1813 1929 1987 
34 0 68 121 150 153 200 205 223 255 256 268 396 419 463 517 529 621 636 666 721 751 753 888 897 987 1008 1091 1149 1272 1300 1669 1680 1803 1923 
47 83 128 130 137 211 225 242 243 336 463 509 542 556 582 597 612 637 656 677 685 784 802 812 815 935 1069 1077 1087 1101 1193 1221 1252 1281 1343 1366 1553 1625 1645 1661 1680 1731 1766 1781 1858 1909 1948 1950 
44 19 112 242 246 260 322 337 384 418 455 469 529 532 620 635 636 678 685 695 698 722 825 853 855 858 888 898 920 925 1061 1062 1066 1131 1194 1342 1388 1442 1573 1705 1731 1790 1854 1901 1964 
38 37 123 131 145 169 278 295 315 323 377 396 399 400 451 548 577 609 663 694 744 851 896 929 988 1101 1142 1148 1153 1316 1331 1362 1453 1616 1617 1646 1665 1694 1823 
38 73 86 90 108 178 187 255 285 414 557 563 596 656 722 736 781 995 1153 1180 1197 1255 1277 1384 1497 1526 1569 1594 1631 1651 1695 1699 1715 1719 1802 1876 1935 1944 1950 
38 41 184 241 246 284 332 356 363 383 566 577 601 659 701 858 886 925 976 992 1004 1031 1185 1228 1258 1283 1317 1326 1338 1450 1519 1532 1613 1685 1782 1826 1841 1873 1995 
43 31 45 137 146 208 259 260 309 341 379 506 546 553 577 641 644 679 732 740 834 855 882 999 1005 1034 1043 1052 1380 1391 1400 1494 1499 1528 1581 1615 1641 1682 1776 1820 1926 1947 1968 1970 
40 21 73 119 175 290 380 436 474 545 553 667 681 725 756 790 802 867 899 985 1042 1174 1191 1194 1195 1216 1226 1298 1322 1388 1389 1446 1651 1696 1706 1770 1772 1822 1857 1890 1983 
47 20 46 120 211 277 295 300 312 340 362 393 396 432 459 477 489 506 645 654 662 687 864 902 909 915 941 962 978 993 1036 1043 1097 1104 1106 1120 1130 1160 1290 1344 1350 1522 1524 1558 1693 1783 1884 1913 
38 0 64 214 296 391 507 516 536 557 592 627 641 642 742 772 928 1006 1023 1024 1080 1135 1240 1260 1298 1375 1457 1476 1502 1504 1518 1542 1577 1619 1623 1714 1862 1905 1973 
37 166 202 239 358 360 397 455 466 492 530 544 598 895 950 954 1005 1038 1175 1197 1200 1210 1385 1410 1524 1575 1581 1616 1628 1632 1683 1691 1749 1813 1882 1895 1914 1933 
39 32 171 257 302 358 359 420 429 467 473 476 554 575 650 671 794 894 908 960 986 987 1070 1222 1272 1300 1301 1394 1400 1428 1612 1676 1697 1699 1763 1813 1872 1895 1909 1927 
41 6 121 127 168 247 366 378 425 434 470 498 534 600 691 757 813 832 849 875 888 921 955 1016 1119 1167 1217 1285 1313 1455 1480 1525 1530 1650 1652 1675 1690 1711 1731 1754 1776 1784 
47 6 26 64 89 90 209 229 259 280 286 302 303 321 336 337 407 415 491 515 531 559 588 592 808 841 875 913 937 942 975 984 1040 1069 1188 1240 1261 1317 1416 1478 1495 1551 1584 1627 1633 1668 1678 1774 
39 141 169 185 205 337 389 404 418 419 428 492 574 607 695 761 875 953 1096 1146 1147 1229 1291 1381 1415 1420 1474 1626 1632 1655 1708 1714 1758 1776 1812 1868 1907 1930 1969 1985 
33 66 80 132 141 155 204 205 303 359 416 498 509 535 538 645 653 655 660 726 786 1052 1203 1262 1268 1282 1337 1424 1454 1664 1667 1822 1893 1931 
30 7 9 77 462 500 607 662 685 958 1004 1195 1260 1322 1341 1352 1359 1430 1496 1520 1539 1542 1671 1716 1735 1772 1847 1892 1903 1908 1910 
41 11 71 133 148 164 217 224 364 366 372 418 458 522 629 783 814 822 850 853 887 897 924 931 993 1099 1220 1242 1440 1454 1568 1629 1635 1648 1659 1682 1696 1699 1736 1737 1891 1987 
41 2 86 109 182 240 295 302 307 361 433 453 478 638 656 661 730 756 763 781 813 815 835 898 900 1011 1012 1018 1044 1084 1181 1427 1453 1484 1664 1666 1727 1761 1771 1775 1941 1960 
41 263 270 299 335 351 377 405 507 576 608 660 701 710 755 770 794 810 836 849 905 918 946 975 1025 1047 1053 1061 1082 1099 1250 1406 1410 1428 1501 1507 1572 1585 1602 1808 1926 1960 
36 47 130 215 327 408 475 485 505 508 514 541 677 687 960 973 1087 1188 1191 1203 1251 1264 1331 1384 1429 1467 1520 1630 1649 1763 1781 1843 1857 1934 1944 1966 1979 
22 15 337 429 433 474 486 662 785 805 915 940 1035 1132 1137 1414 1472 1480 1494 1693 1785 1803 1924 
51 21 42 74 87 88 125 229 279 323 397 427 469 490 535 561 604 644 739 843 850 857 912 913 961 982 1074 1130 1209 1213 1218 1318 1352 1356 1386 1400 1429 1474 1526 1587 1612 1637 1648 1685 1712 1729 1731 1779 1794 1809 1890 1903 
37 52 53 89 93 97 180 183 245 341 607 687 690 726 730 733 741 979 993 1060 1071 1081 1141 1241 1323 1371 1405 1532 1547 1583 1610 1634 1693 1823 1829 1877 1941 1957 
38 244 259 277 337 480 484 507 599 658 677 693 727 809 876 936 960 1026 1069 1116 1119 1122 1126 1165 1173 1266 1349 1370 1385 1412 1557 1583 1679 1738 1739 1773 1775 1869 1896 
56 3 120 163 179 185 190 210 211 268 282 323 338 348 394 437 465 494 496 503 536 544 554 565 655 663 764 773 837 852 901 946 996 1012 1111 1134 1161 1220 1245 1257 1304 1312 1316 1345 1409 1434 1478 1547 1589 1606 1677 1681 1692 1741 1776 1812 1975 
43 21 23 24 72 119 165 189 240 293 315 364 434 441 467 511 554 662 671 750 866 875 917 935 1006 1098 1103 1120 1135 1161 1221 1285 1325 1415 1418 1431 1475 1484 1520 1649 1739 1808 1933 1975 
40 37 55 171 276 297 339 355 422 484 510 513 669 781 915 928 1098 1133 1134 1157 1158 1177 1299 1314 1319 1320 1331 1459 1481 1502 1512 1520 1543 1609 1743 1744 1855 1901 1907 1941 1976 
27 93 258 265 294 397 531 575 598 608 760 816 838 854 904 1147 1149 1339 1383 1465 1473 1500 1655 1825 1839 1907 1915 1922 
36 65 146 325 340 369 490 512 532 564 699 766 773 849 898 909 946 969 1100 1105 1128 1177 1202 1206 1291 1299 1305 1401 1438 1638 1650 1658 1704 1729 1755 1805 1941 
41 27 65 77 120 214 226 320 366 374 378 506 518 634 697 723 727 777 830 900 985 986 990 1075 1124 1258 1320 1351 1378 1474 1634 1653 1672 1688 1785 1802 1847 1849 1865 1866 1932 1985 
48 16 89 108 110 163 186 207 241 336 341 377 386 403 404 486 504 511 546 566 622 627 651 665 679 747 825 872 903 949 968 1006 1082 1125 1154 1266 1324 1444 1479 1486 1608 1627 1705 1707 1735 1819 1825 1836 1923 
27 13 86 180 294 315 345 499 567 711 791 851 875 995 1056 1163 1172 1191 1197 1305 1351 1446 1497 1596 1759 1764 1827 1937 
