200 2000
3 711
164 329
471 833
321 905
306 400
223 280
401 504
250 381
412 450
76 835
105 720
509 783
205 368
7 9
818 872
416 726
147 792
51 77
144 561
67 173
38 868
283 513
32 111
242 957
98 503
212 980
282 501
147 452
124 388
182 691
253 646
358 771
263 263
170 857
56 94
13 234
645 869
65 192
347 390
384 849
549 707
137 240
134 699
103 167
70 227
491 977
0 148
44 435
111 947
660 726
245 390
469 738
2 123
94 375
99 123
0 2
208 234
77 177
134 351
193 326
127 152
131 508
24 182
157 335
23 243
411 816
491 959
68 71
105 115
652 893
522 542
700 862
257 384
203 556
420 928
137 236
284 317
198 387
651 772
20 375
32 702
55 199
10 29
39 230
277 891
25 70
87 572
7 480
425 801
281 923
62 900
32 775
115 142
329 878
89 89
356 703
264 573
255 511
368 420
177 399
439 511
280 868
29 355
239 528
3 121
36 138
7 40
69 253
178 300
176 199
34 297
217 455
272 782
11 84
15 420
450 466
527 651
431 600
3 304
172 416
229 286
352 602
519 639
455 873
876 924
779 997
83 979
27 151
193 320
93 786
87 510
236 740
27 900
355 441
82 99
403 498
31 31
526 569
647 736
7 39
193 938
72 223
312 469
750 764
35 333
16 218
268 391
229 505
212 438
642 759
77 110
21 24
49 347
277 280
843 935
120 382
2 861
118 326
931 943
7 664
110 152
351 664
682 825
94 372
183 191
24 224
67 86
94 236
96 579
62 294
700 850
42 468
186 186
388 433
715 824
768 904
275 294
149 392
726 730
488 672
51 560
20 66
44 119
22 953
503 597
56 860
272 300
1 25
91 828
313 931
346 411
94 100
368 793
518 866
9 42
24 432
204 347
324 348
159 857
0 316
267 537
39 40
225 550
73 80
11 66
98 239
146 157
419 508
64 314
52 267
64 727
145 833
414 827
943 971
144 324
672 962
19 663
24 70
206 212
610 728
28 236
104 525
436 985
523 628
35 710
194 878
15 17
826 955
63 341
866 966
95 454
96 558
50 220
7 136
77 295
15 52
27 761
730 811
667 700
623 821
250 304
259 904
701 861
54 699
517 951
44 354
10 489
23 226
160 448
214 901
633 737
13 58
101 246
838 974
350 385
213 544
4 12
98 502
27 44
516 728
334 624
12 229
64 185
651 933
489 964
106 483
590 735
150 494
17 48
21 278
285 631
127 898
530 573
127 399
44 48
41 561
113 565
511 770
70 113
97 134
85 363
312 616
209 310
413 625
78 126
62 793
21 91
163 979
74 170
129 248
318 461
462 749
282 610
418 599
136 233
222 631
589 845
115 243
33 153
334 831
125 758
476 716
51 332
170 201
50 194
4 998
62 487
121 310
392 825
53 368
109 344
6 358
115 255
300 381
59 82
248 747
76 556
85 550
39 145
178 845
111 666
641 791
241 305
227 808
433 621
314 656
796 945
530 887
226 546
332 399
266 873
44 204
277 472
77 132
405 477
362 777
503 790
107 118
496 821
28 113
40 255
283 389
78 294
323 425
293 428
61 96
15 18
84 403
29 88
46 477
545 887
51 374
423 759
279 462
474 660
16 189
159 186
109 289
574 880
303 556
172 901
99 264
73 470
355 718
130 220
30 34
308 521
58 332
924 943
66 774
534 569
63 174
181 278
121 447
141 779
181 757
51 71
148 509
107 128
644 972
73 349
755 787
140 236
132 280
631 761
168 202
196 385
339 578
282 390
644 811
86 212
70 82
89 264
63 1000
240 765
124 560
627 686
502 648
8 18
298 359
250 335
3 10
180 398
147 237
428 454
141 346
17 508
471 590
463 540
34 576
48 536
18 215
116 884
669 930
43 188
35 147
182 624
134 141
383 984
602 835
497 642
478 842
157 294
185 192
32 83
152 602
440 610
567 956
41 45
478 646
0 32
0 14
240 332
12 21
357 428
29 241
48 252
11 32
0 7
155 627
249 722
177 216
171 896
82 231
33 182
270 954
348 558
149 232
99 143
373 851
609 766
736 910
49 80
759 951
35 42
692 982
650 873
146 609
332 495
306 868
119 303
424 676
78 96
30 423
833 945
68 245
387 902
724 987
2 5
391 902
571 620
238 559
635 674
416 828
333 538
221 338
114 316
456 677
373 522
65 914
444 709
657 821
283 484
159 295
147 801
124 614
458 733
120 292
5 24
432 664
24 211
286 809
277 345
42 490
140 513
535 730
198 479
107 971
144 504
430 620
199 803
178 720
531 772
212 716
813 943
57 70
588 879
17 131
30 307
858 957
270 320
268 402
476 511
263 821
79 566
182 817
313 932
599 836
66 370
15 86
318 887
439 928
50 321
616 819
638 868
271 517
0 13
34 386
19 922
56 88
419 435
74 118
523 814
914 927
315 388
164 599
578 818
302 533
535 846
34 37
254 685
133 295
94 105
193 349
150 405
693 879
72 72
520 948
152 377
40 318
3 87
18 19
277 812
94 403
237 406
17 103
34 40
146 889
118 599
370 927
1 1
458 667
96 948
407 955
316 484
294 394
346 975
151 465
155 234
42 118
1 91
163 447
65 632
88 290
62 146
9 101
30 97
455 461
38 419
340 573
101 178
75 321
661 938
192 862
869 947
400 797
618 978
824 959
46 197
66 146
45 189
22 61
810 973
41 640
23 61
49 441
142 542
155 617
252 538
55 67
17 100
285 363
225 309
205 273
517 645
118 125
103 518
185 225
39 82
121 508
124 456
406 428
613 670
657 923
256 277
64 96
79 197
55 88
122 148
141 316
487 686
469 653
816 854
317 982
10 105
69 775
511 727
125 256
153 592
177 430
121 140
346 611
184 192
176 326
217 484
760 922
136 504
802 916
131 958
299 676
185 210
556 734
152 577
109 549
302 533
69 172
74 616
580 733
49 210
329 393
190 275
98 337
106 556
64 404
30 415
36 131
666 890
44 159
124 204
0 17
75 671
533 813
30 87
594 730
8 200
618 922
7 68
95 629
915 987
351 630
51 359
352 717
2 513
47 94
278 599
31 333
777 949
248 592
110 392
539 861
214 436
444 952
305 457
204 403
620 771
717 858
3 214
637 723
336 859
406 889
594 929
143 309
22 66
0 513
132 167
200 456
45 231
166 533
425 437
238 731
168 540
20 97
51 187
82 517
282 856
749 799
250 296
2 376
263 304
108 245
52 917
65 108
20 21
199 294
123 413
103 534
367 649
79 248
74 852
238 896
210 845
24 25
22 23
185 331
786 880
758 847
454 940
61 450
179 864
130 480
457 680
177 525
239 701
59 120
188 278
82 331
403 440
280 290
30 276
394 466
309 483
487 564
58 161
146 199
19 32
151 653
277 281
522 912
258 329
446 616
329 582
62 507
13 730
63 288
617 672
184 448
534 822
13 88
76 349
44 76
110 243
96 282
427 492
191 220
17 71
410 797
426 769
442 712
213 677
244 445
356 589
181 315
344 476
84 342
18 83
16 43
362 383
59 321
174 941
686 908
153 791
388 905
376 523
5 8
251 266
25 43
61 944
32 642
72 78
541 713
42 43
910 955
268 574
111 136
179 621
74 255
102 843
326 988
93 628
314 929
310 340
19 47
351 515
365 723
299 771
142 777
117 151
582 633
652 658
16 179
469 926
89 181
83 98
316 556
221 613
370 687
374 447
119 154
89 601
16 24
113 340
114 182
832 903
8 72
164 961
42 121
42 272
23 344
176 218
367 592
526 981
257 724
283 427
257 468
581 835
192 428
535 703
118 415
203 471
105 134
263 632
254 480
176 965
702 817
11 674
320 592
72 573
131 319
246 284
22 776
370 664
148 175
60 220
95 225
54 65
6 310
155 576
156 286
6 828
60 65
99 531
794 810
77 145
185 925
512 688
19 23
10 331
72 152
175 723
444 999
66 213
646 699
254 532
9 55
515 533
35 391
694 818
446 799
726 887
740 758
353 714
565 969
198 288
132 247
332 683
170 351
391 685
46 985
121 428
149 702
9 17
59 489
127 132
773 773
440 958
165 319
284 617
322 483
750 953
53 241
7 41
75 75
492 880
456 869
167 261
79 216
288 611
116 329
331 640
882 891
46 260
285 664
245 832
152 393
69 815
440 774
342 798
82 353
369 778
115 167
557 748
40 63
586 955
13 821
24 78
28 705
796 833
88 94
416 608
78 152
75 456
214 808
39 684
434 486
184 297
611 907
136 380
97 182
65 282
376 607
802 872
243 619
41 568
44 57
6 217
168 409
561 604
113 328
534 588
208 925
305 794
685 685
51 788
339 677
119 256
337 720
618 663
183 548
713 805
180 250
0 26
74 233
559 828
536 539
138 428
892 895
56 940
443 549
28 329
111 117
1 26
877 883
308 549
587 949
64 277
9 532
139 318
905 913
735 937
22 122
78 676
6 34
79 687
554 593
102 673
298 387
837 956
164 563
164 282
113 546
519 538
816 848
241 483
298 472
4 788
85 363
372 499
29 905
204 485
303 745
381 834
197 958
114 151
57 696
292 340
147 680
16 36
213 696
73 876
51 90
54 689
97 305
236 652
9 226
204 234
360 775
233 335
355 514
18 185
355 383
164 834
379 480
94 304
132 174
34 154
179 425
52 103
82 583
71 102
158 203
157 726
684 834
159 594
219 366
34 74
140 204
394 790
313 592
50 396
279 637
286 433
70 426
267 556
602 880
19 887
348 420
6 8
253 870
247 485
70 184
289 352
138 165
38 203
288 740
19 41
280 435
174 763
520 536
20 220
5 44
335 798
90 103
239 604
549 710
89 626
328 523
163 187
88 860
840 903
142 540
1 696
608 667
150 598
116 129
365 530
318 700
389 715
12 14
127 178
1 8
445 492
332 641
652 696
158 464
523 683
61 681
1 463
14 818
298 492
140 758
195 476
67 341
622 635
604 992
141 625
236 282
515 522
252 611
584 804
206 278
584 961
23 229
39 139
296 303
1 320
3 10
52 723
123 595
176 470
225 304
456 514
283 346
124 135
372 496
463 601
46 114
256 725
10 44
287 416
618 775
163 524
155 168
72 101
324 507
581 648
84 766
403 645
107 158
3 202
365 528
244 389
140 651
277 334
510 830
236 283
262 280
210 293
239 628
94 245
66 718
3 51
522 845
618 802
18 113
10 119
141 771
402 957
84 499
114 763
245 338
267 364
103 389
185 746
268 589
374 450
267 568
5 110
57 82
555 586
89 222
5 54
41 72
211 460
191 643
563 602
119 136
731 858
686 750
198 532
256 567
551 971
149 403
57 76
111 894
317 990
825 939
38 41
232 339
169 774
453 540
416 779
358 588
294 751
574 685
4 98
33 669
611 720
424 850
90 92
366 664
850 868
249 393
660 726
160 830
528 620
400 418
517 672
71 637
205 868
162 217
18 704
162 505
522 583
430 555
404 765
10 201
529 555
313 330
46 189
26 37
15 835
225 716
734 739
217 915
59 347
204 365
246 337
116 829
805 969
540 540
24 51
357 578
193 195
84 86
221 719
456 476
263 289
78 783
43 634
244 539
504 565
205 387
65 248
197 344
134 607
90 231
44 503
291 726
100 261
171 323
42 56
102 399
300 604
234 650
172 327
129 308
326 343
141 185
707 841
703 823
57 70
518 790
19 20
53 531
831 890
284 490
943 977
391 568
99 117
35 323
947 988
24 91
355 396
99 182
46 354
455 472
217 466
575 944
113 392
65 468
28 41
259 582
197 284
277 509
314 684
141 819
6 573
44 108
3 19
88 126
807 954
147 280
532 997
343 399
3 647
479 797
143 765
456 820
435 723
126 996
285 598
401 971
10 114
14 56
545 631
233 702
580 999
232 495
288 592
211 520
94 609
118 581
183 348
165 211
376 783
40 123
231 328
130 525
785 876
24 85
407 436
93 560
448 526
43 825
29 49
185 733
143 327
98 161
372 596
430 640
48 80
133 150
0 5
39 76
201 268
126 383
84 979
101 276
155 521
118 734
25 247
25 33
333 349
152 788
167 476
132 868
0 49
8 41
32 76
580 618
833 945
21 305
39 321
704 787
272 446
45 104
166 449
39 902
43 44
229 429
510 595
90 565
542 763
200 721
202 749
172 467
122 220
105 743
17 17
243 763
605 722
279 875
68 136
336 699
134 635
8 257
230 384
173 967
720 855
374 460
931 988
621 901
177 422
141 836
249 401
395 727
444 613
226 841
78 95
195 319
689 709
272 345
902 965
209 279
21 555
159 610
595 689
117 143
34 89
389 731
1 20
204 469
87 89
595 613
182 202
75 726
57 549
223 985
1 7
840 848
6 16
308 953
424 514
55 187
163 204
560 620
625 791
147 290
505 763
30 372
94 99
18 109
51 145
148 623
470 857
20 108
419 425
89 218
11 98
111 838
785 931
59 548
412 587
451 913
25 891
467 526
626 814
470 935
76 412
460 547
258 845
186 777
234 375
477 478
33 70
80 667
667 883
16 694
39 670
153 203
114 455
367 995
162 257
172 787
164 473
290 604
105 121
844 962
719 783
527 735
158 533
606 953
37 122
191 409
365 815
37 157
349 987
265 769
568 675
226 840
43 807
489 708
407 708
257 414
392 636
501 999
406 448
165 520
18 261
339 868
342 526
55 732
220 770
355 430
361 562
501 541
21 55
745 993
20 233
256 513
19 154
172 305
231 631
268 900
510 876
147 157
241 844
37 243
242 519
3 6
228 670
140 148
322 360
684 846
5 106
261 912
477 489
80 110
171 308
151 269
612 822
353 674
66 173
828 858
112 134
13 130
330 929
326 783
87 792
91 93
561 803
85 741
153 902
143 772
247 606
54 191
39 964
199 438
177 556
377 406
564 587
122 227
95 163
62 106
43 616
508 838
40 487
278 527
211 491
142 734
643 989
112 626
495 631
267 408
71 159
185 608
62 576
13 13
684 777
424 569
401 903
144 841
457 786
4 144
80 120
78 107
22 65
56 473
54 355
209 579
13 944
248 447
398 735
9 83
662 744
40 67
248 367
33 109
182 331
221 788
297 402
38 116
896 980
603 696
223 312
113 397
381 955
52 81
538 629
256 722
317 332
8 45
716 765
335 817
122 306
50 694
41 323
242 972
236 458
71 130
538 654
473 593
25 28
171 623
355 657
196 269
63 80
465 727
66 151
862 971
216 418
26 136
10 234
723 893
42 652
92 160
388 848
339 874
351 476
265 971
204 844
313 374
145 487
580 652
0 13
180 187
96 127
445 469
312 445
472 880
243 270
117 269
265 368
438 610
495 792
41 59
198 213
188 225
127 170
303 750
337 582
262 764
198 261
358 491
755 799
17 110
44 47
279 599
187 362
163 446
196 540
47 492
729 772
433 663
157 882
14 239
22 294
60 301
70 299
184 424
111 439
9 799
200 221
206 664
0 50
1 307
48 70
483 544
5 9
327 691
710 794
52 227
1 38
362 903
373 873
491 824
148 184
435 795
22 833
310 597
477 667
326 361
148 426
43 326
29 769
156 340
969 979
143 152
73 937
33 263
679 715
29 31
520 741
483 483
44 74
74 202
494 824
859 867
0 48
241 469
478 521
53 96
68 307
157 266
72 335
185 523
478 768
865 884
38 578
245 747
9 86
400 430
79 220
64 64
488 974
549 702
478 646
143 146
574 752
273 400
95 186
110 185
75 92
148 496
113 189
330 427
79 164
935 954
416 540
59 479
273 715
519 909
82 256
675 904
260 417
10 46
306 825
224 580
0 21
160 228
339 451
145 149
476 681
63 277
39 263
36 640
82 211
349 728
20 163
458 826
0 157
450 750
66 571
118 774
71 128
178 246
50 73
677 867
134 530
377 634
689 723
377 550
589 674
326 774
576 601
264 703
534 627
171 235
139 209
39 508
451 775
11 180
55 57
58 240
413 585
55 162
123 833
508 725
94 254
12 18
521 945
20 149
189 348
258 672
41 443
45 845
116 412
652 700
851 908
464 830
312 544
91 902
568 789
138 662
151 672
384 401
376 742
127 846
201 354
373 493
36 782
484 903
27 143
346 433
84 179
23 50
81 161
608 670
731 839
310 709
45 103
91 236
404 416
420 660
57 156
454 582
5 551
564 668
75 453
102 376
814 899
821 917
839 871
110 385
234 799
599 793
27 279
47 215
342 817
328 465
233 536
5 120
20 71
21 26
226 576
383 713
452 764
194 387
143 499
144 317
381 925
10 813
426 525
2 764
432 507
454 908
150 646
647 809
680 762
591 758
185 270
6 70
66 228
81 459
316 504
233 580
287 497
444 914
294 459
136 788
37 69
155 952
113 282
216 660
627 848
401 489
156 283
80 128
195 423
5 567
77 678
46 50
100 347
2 13
290 583
125 136
68 448
515 784
891 997
66 349
50 92
83 236
93 209
284 998
230 256
417 650
12 399
217 663
482 650
184 635
156 317
289 312
220 418
270 436
42 737
247 413
79 390
644 742
153 336
728 813
375 587
235 572
208 280
200 737
398 825
13 31
107 345
336 418
864 892
308 363
475 833
341 486
564 850
363 516
429 545
368 647
536 961
25 49
345 399
75 499
228 241
706 865
9 15
145 167
183 816
700 733
94 423
34 171
523 800
61 771
280 647
228 610
0 1
323 975
476 711
573 651
557 631
29 348
320 361
165 366
12 54
1 52
69 121
609 903
602 686
520 731
6 45
11 186
602 605
273 941
528 832
213 811
559 881
343 575
7 9
589 761
2 36
211 361
668 948
79 769
530 654
414 444
340 810
535 949
56 80
57 236
57 515
227 682
668 738
1 916
281 599
877 991
741 842
70 274
331 650
745 888
175 786
176 949
145 163
291 518
22 26
149 201
165 176
633 666
430 459
54 205
261 617
119 599
100 116
71 314
51 164
5 31
697 796
119 644
343 680
86 218
525 935
2 38
103 348
278 595
154 306
90 214
714 791
235 244
601 820
304 846
23 356
62 866
47 166
80 212
404 978
862 922
476 675
18 497
3 5
126 988
60 138
72 879
207 212
227 358
38 90 312 329 338 397 418 435 464 583 595 756 758 797 827 831 844 919 1025 1028 1033 1071 1180 1183 1218 1236 1257 1333 1337 1463 1552 1607 1741 1758 1794 1813 1834 1908 1965 
42 17 111 136 157 180 204 292 338 415 417 462 592 671 673 675 696 699 706 751 765 840 879 884 1077 1101 1137 1165 1257 1263 1282 1324 1544 1616 1798 1814 1820 1865 1889 1910 1924 1960 1968 
32 11 15 16 28 83 122 123 129 159 217 235 396 508 534 674 851 868 1140 1171 1172 1290 1332 1372 1420 1453 1635 1700 1706 1732 1779 1782 1919 
31 256 278 329 414 457 462 524 547 558 560 574 685 721 723 1083 1158 1202 1399 1405 1468 1496 1519 1536 1570 1612 1646 1686 1773 1804 1850 1885 
47 46 93 95 119 144 147 187 218 256 296 316 377 398 424 429 652 683 718 757 836 881 897 904 908 945 1037 1039 1047 1119 1162 1202 1285 1303 1475 1520 1533 1570 1662 1748 1800 1825 1833 1842 1888 1918 1928 1946 
38 86 156 184 247 290 295 324 330 423 463 484 493 522 539 630 707 809 821 829 833 858 887 901 1005 1010 1114 1191 1196 1317 1389 1423 1446 1638 1707 1812 1814 1848 1925 
42 26 51 65 66 80 160 290 318 360 361 364 423 442 458 464 555 565 680 714 950 990 994 1004 1032 1058 1107 1123 1132 1294 1306 1346 1364 1368 1393 1447 1448 1559 1676 1677 1763 1948 1962 
42 28 125 189 192 208 224 248 258 268 275 444 503 608 668 723 764 786 818 830 893 986 1036 1105 1195 1199 1237 1247 1349 1375 1377 1387 1469 1524 1593 1600 1606 1630 1666 1805 1921 1956 1965 
43 10 42 59 85 104 109 134 143 211 261 311 361 365 379 385 500 568 587 742 762 893 933 1019 1071 1112 1152 1164 1184 1221 1265 1270 1289 1312 1374 1386 1450 1476 1582 1657 1679 1879 1955 1986 
32 66 76 83 124 172 174 335 484 610 672 739 744 853 933 977 1031 1201 1252 1269 1289 1358 1470 1526 1532 1548 1640 1652 1656 1826 1847 1923 1967 
34 25 113 121 171 188 267 270 276 362 427 441 541 584 752 789 830 1000 1040 1156 1257 1284 1344 1349 1427 1518 1546 1589 1606 1628 1629 1697 1759 1901 1929 
38 28 167 203 204 224 228 316 325 335 448 486 515 521 675 945 1025 1032 1041 1069 1111 1150 1179 1232 1265 1316 1399 1448 1539 1551 1634 1711 1726 1737 1778 1878 1920 1957 1977 
44 45 51 91 96 124 176 185 234 255 364 378 383 474 478 565 628 663 668 681 702 750 812 835 867 885 948 1009 1076 1080 1173 1184 1216 1260 1428 1549 1599 1607 1738 1768 1770 1866 1923 1940 1965 
35 86 261 296 394 419 489 507 595 671 707 768 807 819 836 895 929 1143 1188 1190 1192 1194 1207 1219 1220 1227 1243 1263 1266 1288 1444 1516 1651 1750 1758 1902 
27 4 23 66 148 204 290 292 594 710 809 1024 1071 1136 1138 1391 1430 1437 1518 1613 1633 1695 1701 1744 1782 1836 1865 1988 
25 42 182 191 220 239 322 385 464 487 516 538 648 768 787 830 872 941 987 1427 1448 1716 1788 1944 1982 1989 
44 88 119 155 166 203 256 262 319 336 351 393 403 439 537 550 555 564 727 735 763 767 817 820 857 891 977 992 1011 1378 1387 1398 1455 1502 1504 1565 1624 1648 1749 1759 1766 1801 1834 1884 1981 
37 29 143 179 227 239 378 415 479 505 533 539 563 625 797 808 927 986 996 1033 1057 1059 1104 1189 1355 1402 1405 1455 1527 1576 1647 1696 1711 1797 1856 1873 1882 1902 
43 9 18 33 103 206 250 277 426 470 555 560 614 640 654 773 803 823 882 915 926 949 968 1007 1084 1130 1182 1192 1211 1313 1368 1386 1411 1470 1500 1549 1564 1597 1752 1811 1850 1887 1920 1953 
32 78 183 228 230 307 352 417 445 586 589 649 720 758 781 883 904 936 1002 1115 1159 1181 1223 1272 1349 1620 1648 1651 1678 1787 1917 1925 1984 
33 3 128 170 268 311 372 454 462 463 547 577 623 715 722 741 865 1220 1224 1302 1307 1421 1426 1483 1509 1529 1683 1698 1723 1760 1859 1905 1961 1976 
30 18 283 293 322 378 423 432 483 554 587 593 688 818 835 1006 1045 1070 1099 1205 1341 1377 1404 1479 1621 1676 1711 1827 1876 1962 1981 
27 2 15 48 162 204 367 389 444 493 529 745 814 819 820 826 907 916 1089 1139 1396 1521 1736 1759 1795 1846 1950 1952 
30 3 24 31 162 167 321 343 369 475 606 620 721 817 905 935 956 974 1274 1302 1371 1435 1436 1471 1655 1675 1693 1746 1894 1972 1979 
43 44 67 78 145 209 241 289 294 335 488 492 578 585 604 616 640 872 876 893 911 1023 1086 1099 1173 1249 1285 1372 1445 1545 1553 1677 1688 1698 1777 1800 1845 1861 1891 1900 1902 1911 1936 1954 
28 42 116 232 242 244 465 529 578 614 619 991 992 1000 1005 1085 1131 1146 1150 1229 1376 1397 1725 1775 1817 1873 1912 1922 1940 
38 51 82 126 146 243 298 360 392 399 434 466 583 592 594 620 681 716 731 766 771 800 838 874 948 951 999 1036 1054 1170 1171 1215 1246 1377 1625 1632 1638 1703 1885 
24 18 261 293 385 595 710 825 859 896 965 988 1018 1199 1514 1536 1551 1564 1615 1619 1656 1669 1704 1880 1890 
41 27 74 182 186 244 309 318 365 390 417 478 534 559 728 729 732 758 820 850 896 1030 1036 1146 1156 1230 1247 1259 1264 1283 1368 1411 1426 1432 1528 1569 1737 1773 1784 1865 1906 1980 
41 12 120 133 288 398 433 437 589 654 672 688 705 741 756 765 810 874 1095 1212 1243 1284 1299 1301 1358 1362 1407 1436 1473 1511 1649 1675 1712 1724 1760 1770 1773 1819 1863 1909 1917 1984 
35 0 20 23 154 160 196 230 288 355 539 573 592 647 713 722 728 801 826 878 893 926 933 943 974 1240 1278 1329 1445 1472 1632 1636 1684 1734 1745 1875 
43 10 70 136 149 182 239 263 402 424 428 445 506 541 578 594 620 676 711 762 947 1014 1035 1094 1104 1115 1116 1201 1226 1265 1342 1350 1374 1447 1498 1565 1586 1622 1655 1711 1827 1852 1906 1929 
40 102 169 227 251 298 422 469 570 606 612 648 657 704 707 745 781 788 814 932 1062 1183 1226 1252 1271 1443 1448 1480 1507 1519 1608 1670 1677 1688 1713 1716 1727 1734 1773 1922 1959 
36 2 44 137 147 150 167 222 245 409 427 481 526 608 642 717 781 832 1006 1073 1170 1208 1338 1397 1489 1572 1603 1760 1775 1785 1793 1806 1812 1867 1889 1943 1945 
39 41 114 164 207 231 263 291 360 416 421 464 553 636 687 774 835 946 1039 1057 1080 1097 1133 1184 1190 1191 1256 1348 1417 1502 1525 1537 1581 1604 1844 1865 1888 1893 1928 1998 
43 5 77 88 216 274 277 318 320 353 400 431 551 602 611 615 629 645 869 876 959 1029 1034 1044 1098 1120 1150 1194 1204 1279 1427 1430 1444 1537 1546 1620 1658 1681 1757 1818 1839 1870 1921 1948 
50 180 205 213 225 232 259 262 326 379 387 395 413 506 555 664 672 739 756 796 934 939 980 1074 1110 1149 1152 1171 1177 1223 1243 1303 1304 1345 1474 1477 1563 1573 1640 1732 1749 1791 1845 1846 1852 1891 1896 1946 1958 1959 1969 
34 2 68 69 82 148 222 223 245 283 367 440 513 527 646 693 695 782 787 930 989 1136 1154 1192 1273 1316 1350 1359 1388 1572 1589 1653 1792 1904 1941 
41 39 41 75 138 180 181 271 336 343 348 457 533 538 595 608 655 685 733 783 811 856 906 1070 1075 1109 1173 1190 1214 1357 1404 1447 1650 1715 1723 1823 1824 1846 1908 1934 1940 1964 
34 27 43 64 168 281 371 396 416 495 542 580 590 661 772 831 966 991 1064 1068 1088 1154 1192 1219 1310 1335 1338 1368 1400 1476 1689 1837 1868 1921 1936 
45 111 163 220 229 297 359 430 462 485 511 522 599 628 643 655 684 706 720 786 862 924 948 957 973 1020 1039 1083 1102 1189 1242 1301 1321 1351 1403 1504 1509 1589 1606 1610 1632 1700 1716 1795 1852 1937 
40 33 69 212 256 279 294 300 350 486 513 543 611 621 749 759 764 807 861 882 1058 1061 1098 1123 1268 1399 1414 1423 1508 1587 1664 1676 1691 1780 1788 1812 1845 1869 1878 1940 1963 
46 18 33 92 103 127 208 249 250 254 392 428 429 439 465 482 535 588 613 686 710 810 821 965 1001 1023 1042 1131 1187 1277 1289 1330 1349 1400 1426 1445 1452 1495 1758 1762 1824 1906 1925 1929 1931 1995 1996 
39 71 108 205 374 397 419 438 443 487 516 551 556 559 586 706 760 762 809 882 919 1106 1208 1219 1230 1288 1380 1415 1505 1522 1543 1615 1676 1693 1855 1859 1862 1884 1900 1931 
33 10 49 101 127 179 202 292 349 397 415 438 530 593 600 646 654 715 749 790 795 810 887 1077 1087 1554 1611 1632 1762 1791 1817 1824 1914 1997 
25 106 135 299 315 370 628 631 639 723 779 833 912 1007 1077 1096 1108 1116 1315 1401 1451 1496 1503 1623 1764 1947 
48 15 19 49 76 88 128 257 326 339 386 401 569 804 823 839 848 856 931 948 952 1011 1015 1071 1096 1141 1178 1179 1190 1294 1327 1358 1379 1449 1519 1550 1595 1611 1612 1650 1658 1694 1804 1807 1821 1833 1886 1926 1963 
44 4 29 67 70 116 123 174 260 331 448 476 594 611 641 682 698 746 873 875 954 987 1018 1052 1170 1210 1220 1318 1334 1369 1438 1449 1478 1493 1507 1563 1631 1642 1727 1728 1744 1777 1879 1903 1904 
24 1 46 333 563 671 715 788 899 1041 1048 1056 1152 1195 1199 1248 1329 1474 1506 1686 1828 1853 1922 1927 1935 
48 0 1 16 117 282 317 345 359 367 384 399 432 485 490 549 577 635 655 674 676 687 727 760 894 918 1016 1048 1078 1082 1129 1218 1294 1298 1311 1353 1430 1450 1482 1521 1575 1614 1632 1677 1733 1757 1793 1795 1902 
44 156 234 344 390 552 598 633 739 796 860 895 916 917 1014 1045 1088 1100 1188 1242 1253 1273 1274 1281 1339 1353 1417 1467 1477 1504 1606 1687 1697 1724 1755 1804 1823 1918 1932 1933 1943 1951 1959 1978 1994 
35 120 138 152 358 363 378 401 417 421 422 425 468 487 489 502 658 861 879 895 912 926 951 1079 1113 1118 1156 1200 1320 1396 1434 1597 1665 1680 1901 1943 
48 35 41 94 213 292 321 368 382 400 408 436 453 497 553 596 656 659 663 692 731 819 986 1013 1057 1085 1155 1189 1191 1248 1263 1281 1346 1347 1384 1389 1418 1469 1487 1544 1593 1652 1654 1675 1687 1802 1849 1860 1938 
38 32 45 86 209 396 398 399 410 497 574 581 654 683 721 904 1017 1071 1131 1142 1172 1179 1287 1338 1340 1360 1382 1386 1390 1450 1458 1613 1623 1653 1717 1719 1847 1852 1932 
46 20 22 185 225 252 282 320 410 417 438 443 484 485 532 552 808 851 905 927 938 972 981 1008 1027 1052 1053 1170 1174 1260 1284 1293 1316 1342 1375 1495 1548 1570 1625 1701 1731 1753 1793 1938 1957 1963 1993 
43 30 50 202 275 294 342 370 401 414 447 507 528 534 616 644 673 706 856 860 876 884 892 954 1051 1100 1145 1234 1304 1317 1445 1457 1498 1596 1650 1660 1674 1822 1828 1832 1906 1962 1966 1980 
34 119 297 317 382 449 481 483 520 731 745 787 829 831 859 978 988 1029 1189 1198 1265 1270 1310 1319 1477 1479 1541 1555 1650 1703 1791 1874 1893 1949 1951 
55 4 24 41 72 104 150 167 169 216 272 324 383 398 440 456 561 575 700 709 724 807 813 831 834 947 1006 1021 1039 1196 1240 1251 1262 1287 1296 1320 1334 1361 1369 1426 1429 1438 1481 1567 1620 1672 1694 1718 1758 1793 1798 1825 1837 1860 1887 1958 
46 49 79 93 102 138 157 190 203 336 340 380 413 475 490 643 656 674 692 734 737 740 744 810 833 997 1005 1034 1241 1242 1260 1275 1282 1413 1531 1549 1568 1595 1678 1684 1692 1713 1854 1871 1932 1959 1960 
41 23 140 178 358 359 362 401 453 532 549 694 744 759 783 787 791 808 893 913 992 993 1018 1086 1193 1196 1240 1283 1318 1340 1409 1411 1534 1564 1583 1584 1654 1659 1695 1735 1773 1881 
36 43 213 223 233 325 342 361 383 396 624 738 849 877 883 950 987 999 1028 1089 1190 1281 1355 1407 1428 1460 1482 1588 1590 1596 1673 1679 1734 1797 1823 1928 1948 
44 43 89 125 247 257 328 483 502 506 514 542 594 635 636 640 672 689 690 718 759 781 894 900 985 1012 1106 1176 1200 1204 1368 1496 1510 1524 1567 1572 1583 1591 1598 1622 1652 1662 1918 1946 1989 
34 11 16 54 122 178 194 252 340 377 396 714 717 729 781 841 873 920 945 1035 1054 1097 1182 1197 1241 1385 1456 1584 1695 1696 1737 1739 1780 1826 1903 
48 13 31 38 100 136 196 222 269 278 319 373 403 498 509 646 693 708 739 814 837 877 878 970 1068 1070 1121 1153 1181 1203 1214 1226 1261 1300 1315 1387 1408 1428 1481 1531 1568 1652 1732 1792 1885 1913 1954 1962 1970 
45 111 203 269 315 365 431 626 667 779 916 930 974 987 1103 1117 1134 1218 1243 1290 1299 1302 1408 1410 1420 1469 1482 1494 1582 1616 1622 1639 1653 1676 1714 1715 1743 1761 1770 1774 1789 1812 1913 1918 1942 1988 
43 29 99 162 164 205 230 257 272 314 322 430 431 440 496 514 573 658 691 730 761 890 900 903 1003 1037 1047 1055 1078 1103 1119 1122 1231 1233 1273 1450 1458 1518 1604 1605 1621 1718 1722 1751 
41 163 286 321 330 352 413 529 543 581 596 654 742 767 830 905 931 939 972 1096 1132 1151 1245 1248 1319 1460 1482 1490 1581 1632 1640 1693 1702 1706 1733 1783 1797 1801 1835 1854 1893 1972 
38 4 36 53 102 112 123 159 193 215 224 238 260 298 414 553 650 726 748 952 954 971 1016 1092 1114 1137 1286 1300 1308 1344 1367 1390 1499 1690 1791 1874 1921 1953 1969 
56 16 48 82 136 168 209 232 249 266 329 420 428 477 574 609 622 623 658 745 792 879 894 908 940 977 981 982 998 1050 1054 1063 1140 1166 1189 1256 1264 1282 1287 1303 1354 1390 1406 1425 1448 1479 1493 1519 1546 1627 1718 1732 1737 1955 1960 1985 1991 
28 109 184 206 219 318 401 405 472 567 587 637 676 998 1043 1150 1228 1246 1257 1321 1324 1436 1456 1493 1634 1767 1868 1945 1966 
29 0 19 47 234 239 250 385 388 436 437 545 627 685 686 707 728 842 850 941 1052 1113 1341 1366 1539 1611 1657 1860 1921 1930 
40 4 61 103 113 165 178 188 233 349 362 493 540 683 689 694 735 745 746 754 785 865 970 995 1009 1036 1038 1166 1188 1228 1229 1332 1403 1483 1550 1621 1652 1832 1835 1848 1949 
43 47 86 145 324 406 533 557 586 661 762 815 817 818 832 880 955 963 1005 1007 1009 1016 1093 1108 1180 1258 1357 1364 1372 1444 1449 1518 1585 1608 1622 1648 1649 1685 1759 1798 1816 1838 1929 1975 
41 24 29 50 99 142 143 173 193 229 338 388 390 556 601 620 622 692 697 884 891 892 934 980 1004 1008 1021 1114 1138 1178 1283 1287 1441 1497 1509 1512 1679 1710 1714 1740 1777 1784 
35 44 94 124 212 242 403 467 472 537 684 719 811 829 850 906 920 996 1015 1101 1116 1162 1212 1323 1373 1399 1464 1571 1643 1656 1686 1766 1829 1856 1890 1917 
33 27 89 233 316 368 389 414 430 495 560 567 596 826 843 927 1097 1107 1123 1124 1130 1296 1373 1400 1427 1442 1471 1554 1611 1654 1667 1838 1884 1915 
35 14 18 105 323 342 357 372 399 462 512 546 564 607 635 671 794 863 914 972 1079 1084 1263 1288 1343 1407 1432 1497 1564 1633 1658 1728 1787 1831 1958 1974 
36 107 109 147 177 183 217 240 262 413 414 471 472 483 535 556 698 759 774 775 872 932 959 976 1318 1322 1403 1513 1529 1535 1574 1656 1705 1711 1756 1771 1957 
56 25 70 76 107 115 161 226 251 315 380 382 388 450 473 477 534 601 668 677 688 710 728 792 806 892 895 923 928 964 973 985 988 1004 1005 1048 1074 1127 1178 1224 1291 1295 1298 1310 1341 1384 1395 1494 1721 1769 1779 1817 1825 1830 1831 1891 1899 
27 8 88 115 159 232 275 447 455 490 582 613 625 655 899 935 1046 1069 1136 1148 1179 1242 1544 1681 1799 1845 1886 1957 
51 30 97 106 119 121 151 156 195 210 308 375 395 398 435 482 491 510 531 543 551 592 600 816 853 896 930 966 972 1016 1022 1096 1102 1219 1250 1328 1340 1422 1428 1431 1451 1503 1543 1601 1670 1685 1745 1861 1867 1892 1923 1941 
34 144 173 203 214 305 508 579 686 724 829 892 912 921 927 948 962 974 1011 1058 1100 1184 1311 1416 1419 1492 1592 1661 1757 1795 1840 1867 1869 1908 1982 
34 7 74 96 265 271 274 278 298 308 350 506 514 639 659 703 746 747 798 883 913 953 1052 1317 1352 1356 1361 1444 1508 1682 1688 1713 1778 1871 1950 
36 133 141 186 207 210 271 298 305 317 440 449 518 531 605 638 641 654 877 890 894 919 951 1038 1147 1179 1195 1292 1357 1383 1434 1451 1471 1522 1681 1696 1747 
33 15 75 202 335 339 454 530 583 607 637 748 757 758 810 867 879 888 912 989 1073 1244 1351 1401 1405 1440 1485 1525 1566 1701 1806 1810 1868 1919 
38 10 26 49 68 352 443 494 656 667 799 812 823 837 920 987 1072 1172 1186 1219 1240 1243 1259 1284 1306 1307 1318 1333 1339 1360 1471 1520 1721 1722 1741 1780 1783 1818 1887 
35 0 64 65 102 103 164 222 240 335 382 418 552 621 709 753 808 909 926 929 981 997 1103 1112 1233 1412 1535 1617 1635 1797 1809 1877 1884 1963 1966 1967 
39 28 87 92 121 197 218 289 328 379 452 484 548 640 671 782 817 885 921 977 1019 1195 1327 1337 1410 1412 1441 1495 1523 1544 1636 1666 1687 1743 1815 1853 1904 1909 1949 1980 
34 9 34 47 88 129 300 325 433 521 552 610 706 747 805 842 862 879 1019 1078 1114 1131 1177 1244 1299 1431 1435 1458 1552 1570 1607 1610 1920 1942 1957 
37 8 69 102 219 222 276 464 466 521 536 680 688 723 726 818 821 840 845 907 919 957 1022 1155 1281 1360 1376 1403 1526 1614 1617 1641 1677 1732 1800 1850 1855 1901 
44 5 26 110 257 265 281 315 324 337 369 400 407 584 609 658 671 756 771 811 889 928 951 1062 1077 1083 1133 1181 1261 1293 1302 1304 1309 1316 1364 1369 1413 1501 1651 1684 1762 1786 1840 1894 1925 
39 20 44 91 119 131 136 165 256 303 386 495 497 520 542 638 707 708 1075 1092 1286 1359 1372 1469 1505 1547 1563 1635 1671 1757 1800 1811 1813 1848 1849 1850 1918 1951 1971 1993 
35 14 17 40 106 163 263 275 371 394 496 508 515 597 620 897 947 1007 1017 1041 1198 1249 1283 1352 1369 1370 1461 1540 1668 1725 1792 1822 1823 1824 1845 1940 
39 107 236 290 292 299 381 400 473 607 624 688 700 776 777 854 903 922 958 985 986 1064 1134 1151 1174 1305 1401 1431 1445 1496 1532 1547 1587 1678 1711 1777 1783 1801 1880 1943 
35 73 97 207 216 242 354 460 510 537 562 637 679 857 874 910 914 925 939 972 979 983 1040 1121 1204 1205 1211 1337 1417 1440 1472 1475 1488 1711 1723 1824 
38 231 285 347 359 360 376 385 451 468 479 509 524 617 678 868 874 893 942 944 961 1004 1076 1109 1111 1133 1193 1219 1311 1354 1470 1487 1565 1653 1717 1731 1742 1762 1918 
42 1 7 22 69 154 179 199 218 279 291 360 382 469 470 724 782 861 933 973 1091 1094 1097 1111 1146 1192 1194 1229 1231 1281 1324 1336 1350 1449 1469 1510 1775 1794 1801 1872 1911 1978 1986 
34 141 249 284 341 427 525 551 583 639 685 740 764 814 833 881 1042 1110 1131 1182 1365 1456 1501 1527 1554 1564 1619 1683 1740 1867 1885 1900 1925 1983 1992 
41 2 19 48 77 130 140 153 166 179 264 427 574 596 819 880 903 913 1015 1019 1039 1080 1096 1316 1339 1344 1349 1430 1461 1473 1499 1657 1663 1682 1717 1745 1817 1885 1891 1902 1947 1957 
40 15 17 34 56 66 222 251 254 281 353 356 530 536 560 591 672 714 747 750 776 815 830 866 894 973 1008 1044 1070 1131 1132 1153 1242 1262 1455 1576 1585 1642 1737 1822 1905 
31 107 118 147 175 280 377 392 488 569 579 659 781 829 845 899 964 1125 1198 1202 1207 1215 1240 1356 1560 1601 1616 1637 1799 1907 1926 1990 
43 1 54 57 157 191 249 253 292 300 338 537 593 599 602 669 673 685 774 809 822 834 880 1035 1068 1072 1135 1175 1183 1342 1404 1426 1514 1523 1537 1595 1609 1644 1654 1659 1675 1771 1922 1986 
60 18 21 79 104 128 240 243 285 306 327 333 363 415 417 506 525 630 702 712 809 851 872 881 885 928 973 1008 1034 1037 1065 1073 1115 1192 1196 1225 1269 1307 1319 1381 1414 1433 1462 1495 1498 1534 1606 1609 1639 1660 1678 1692 1736 1752 1796 1813 1815 1820 1859 1912 1967 
45 6 27 38 45 73 120 143 149 183 191 239 368 387 431 437 441 473 480 562 573 578 639 706 707 721 722 874 881 883 1090 1097 1125 1281 1312 1321 1477 1533 1598 1643 1655 1698 1777 1792 1846 1924 
45 5 95 111 164 235 348 360 407 471 483 506 513 518 539 562 572 585 599 614 630 644 682 925 929 1037 1070 1097 1113 1151 1207 1227 1236 1307 1308 1371 1404 1409 1426 1433 1555 1579 1592 1742 1778 1994 
31 16 35 92 240 275 406 429 609 618 676 716 770 838 849 937 1074 1093 1096 1245 1264 1359 1365 1411 1447 1488 1542 1580 1610 1661 1732 1735 
31 20 78 114 215 222 553 689 726 803 859 924 976 988 1049 1055 1059 1079 1105 1146 1163 1189 1197 1200 1223 1281 1405 1681 1695 1851 1943 1953 
35 1 25 162 225 316 326 328 358 365 421 432 533 580 613 690 786 932 1027 1059 1066 1152 1325 1355 1368 1375 1402 1506 1620 1626 1676 1853 1858 1952 1965 1982 
34 138 207 279 282 302 622 645 770 789 807 831 837 955 978 989 990 1175 1321 1349 1393 1525 1535 1573 1608 1747 1774 1794 1812 1846 1861 1900 1919 1940 1982 
53 7 16 24 110 120 122 139 301 306 336 347 399 463 487 489 517 532 686 763 771 892 911 1010 1044 1051 1068 1136 1146 1225 1238 1271 1292 1314 1341 1356 1357 1391 1427 1567 1587 1615 1668 1699 1717 1772 1807 1828 1838 1864 1886 1975 1987 1999 
39 32 50 87 129 224 243 290 293 296 297 344 413 570 626 654 664 743 795 847 871 887 990 1088 1193 1205 1232 1261 1521 1530 1621 1718 1719 1722 1733 1762 1796 1798 1814 1917 
31 23 91 187 416 450 551 646 716 757 873 890 938 1055 1086 1151 1157 1193 1267 1280 1297 1464 1603 1648 1723 1770 1780 1886 1889 1927 1942 1949 
34 43 230 278 291 310 340 391 459 575 603 611 629 767 783 795 828 853 930 946 989 1063 1151 1203 1206 1283 1378 1435 1444 1452 1523 1569 1597 1781 1831 
38 139 144 162 179 181 295 301 402 463 488 519 530 532 608 621 626 689 793 922 1005 1127 1201 1218 1261 1330 1361 1431 1452 1485 1491 1577 1675 1733 1803 1870 1885 1886 1971 
53 26 62 140 212 361 396 420 544 566 588 615 649 690 725 765 772 839 873 885 892 901 906 1033 1055 1112 1171 1208 1369 1373 1374 1418 1429 1498 1503 1517 1521 1531 1571 1636 1659 1679 1685 1697 1698 1760 1851 1865 1866 1900 1904 1921 1942 1978 
28 8 35 71 72 151 176 262 270 408 545 559 739 743 784 1033 1053 1068 1246 1325 1496 1640 1732 1771 1822 1897 1917 1943 1945 
40 52 60 105 226 246 315 377 381 491 627 661 682 691 776 863 902 907 991 1001 1009 1046 1067 1101 1149 1302 1323 1370 1454 1469 1470 1519 1541 1633 1663 1689 1700 1734 1778 1830 1920 
34 152 206 279 304 379 412 531 554 573 574 592 757 766 902 936 956 994 1118 1172 1199 1408 1473 1584 1649 1704 1721 1725 1730 1746 1782 1799 1847 1888 1970 
39 103 189 190 228 237 244 247 255 259 291 320 338 396 523 527 581 608 788 816 829 924 947 1009 1072 1134 1159 1178 1183 1258 1329 1351 1357 1426 1432 1519 1527 1767 1942 1984 
36 142 149 316 327 331 388 434 494 602 637 655 657 679 733 800 811 864 912 926 997 1038 1041 1098 1112 1117 1188 1267 1326 1354 1382 1541 1608 1712 1920 1977 1996 
44 8 163 225 246 398 411 416 441 483 564 739 761 796 849 854 914 917 925 963 982 1029 1056 1118 1218 1245 1255 1286 1343 1353 1406 1445 1466 1493 1628 1642 1660 1716 1796 1812 1818 1886 1887 1934 1964 
38 19 68 158 168 181 204 210 224 258 346 378 442 488 723 840 856 934 956 1021 1042 1083 1176 1221 1241 1286 1287 1342 1343 1389 1493 1581 1617 1715 1765 1835 1848 1977 1981 
39 208 212 304 359 468 507 535 540 650 674 883 910 1043 1081 1089 1115 1157 1227 1244 1401 1427 1454 1493 1581 1594 1609 1644 1656 1659 1735 1738 1765 1815 1827 1892 1901 1918 1958 1988 
53 16 126 158 184 223 284 290 402 415 464 471 512 523 526 576 597 625 746 751 768 852 898 985 1013 1028 1076 1121 1158 1169 1172 1198 1235 1249 1266 1274 1303 1346 1380 1384 1473 1490 1493 1557 1582 1607 1657 1686 1816 1902 1903 1919 1940 1959 
53 3 17 57 106 119 148 165 170 182 188 343 344 414 447 487 602 665 749 760 830 839 864 870 945 974 1023 1027 1033 1035 1058 1225 1318 1343 1400 1414 1446 1516 1528 1600 1612 1614 1639 1648 1663 1680 1739 1887 1892 1919 1928 1961 1975 1984 
49 6 55 127 139 140 144 173 315 409 422 483 571 576 622 651 666 712 754 850 865 937 953 959 972 1007 1026 1049 1070 1076 1113 1118 1138 1222 1227 1253 1270 1323 1395 1497 1527 1538 1559 1591 1675 1680 1765 1904 1930 1933 
43 19 67 102 122 158 227 296 319 344 384 387 389 415 430 468 501 610 635 722 752 788 807 947 989 1007 1008 1010 1022 1099 1221 1222 1278 1361 1407 1409 1462 1536 1545 1574 1586 1669 1739 1935 
43 9 17 42 87 96 105 235 287 293 294 305 361 370 450 563 622 635 638 660 688 927 930 1009 1015 1024 1069 1174 1178 1230 1308 1340 1362 1432 1471 1501 1534 1553 1566 1575 1586 1660 1826 1930 
41 112 203 233 236 267 326 341 510 581 637 657 664 678 734 742 758 759 789 855 857 869 891 1017 1082 1175 1177 1191 1303 1306 1322 1339 1358 1368 1501 1566 1578 1594 1702 1774 1814 1851 
28 84 138 331 384 427 452 506 555 589 620 704 889 895 915 1020 1045 1069 1117 1148 1176 1263 1421 1477 1552 1590 1610 1614 1793 
40 51 102 208 227 245 258 314 343 349 358 398 436 438 615 784 962 985 1020 1147 1168 1200 1247 1325 1460 1483 1486 1505 1529 1609 1639 1641 1702 1707 1708 1740 1812 1830 1958 1980 1981 
45 0 22 79 136 141 142 181 260 319 462 465 476 531 558 590 623 643 721 744 793 812 813 831 1126 1170 1173 1192 1194 1222 1232 1254 1379 1472 1500 1518 1522 1568 1571 1607 1643 1700 1780 1786 1848 1927 
38 86 87 104 125 143 194 228 255 345 434 465 540 591 597 655 694 700 852 854 956 989 1030 1033 1053 1068 1078 1144 1236 1258 1374 1392 1478 1523 1538 1624 1770 1771 1947 
41 12 64 75 172 223 264 273 281 471 540 573 574 576 580 621 664 778 832 897 945 949 980 1105 1161 1171 1220 1259 1262 1449 1453 1506 1542 1579 1602 1610 1623 1653 1683 1761 1869 1910 
28 52 126 142 166 192 253 267 293 304 373 411 613 881 931 1060 1149 1259 1281 1530 1615 1637 1657 1881 1885 1910 1941 1958 1961 
45 11 22 50 137 162 184 209 313 346 381 421 557 558 593 603 612 784 878 880 975 1045 1239 1267 1276 1347 1370 1472 1475 1480 1494 1561 1583 1614 1651 1663 1712 1713 1736 1738 1747 1770 1791 1849 1964 1983 
38 17 30 91 98 180 181 248 303 308 391 533 582 609 711 757 761 851 900 918 938 1014 1096 1337 1338 1402 1465 1472 1618 1633 1687 1776 1789 1795 1868 1874 1916 1922 1944 
34 178 264 277 413 427 439 538 575 584 593 601 610 673 699 758 766 811 912 949 950 953 963 988 1057 1130 1193 1328 1426 1694 1814 1853 1872 1962 1975 
39 0 110 172 178 266 283 317 345 371 466 507 621 631 639 642 765 769 816 975 995 1014 1071 1100 1135 1150 1189 1275 1282 1306 1345 1412 1430 1439 1544 1678 1697 1733 1738 1917 
54 48 65 67 76 86 92 131 198 203 231 266 313 380 381 386 439 446 547 551 552 612 666 709 791 815 868 926 969 1075 1076 1111 1141 1174 1190 1224 1230 1241 1340 1355 1370 1394 1399 1403 1522 1543 1545 1724 1736 1774 1815 1819 1854 1912 1954 
41 15 67 140 261 295 404 432 463 501 573 612 623 732 792 872 899 955 1006 1056 1070 1085 1132 1186 1196 1205 1209 1300 1338 1354 1402 1437 1439 1444 1578 1679 1680 1683 1828 1832 1914 1976 
36 181 195 299 379 507 512 519 529 568 636 647 708 785 863 886 898 983 994 1112 1164 1198 1204 1328 1426 1445 1457 1470 1530 1533 1565 1574 1581 1719 1740 1802 1977 
41 46 64 68 81 240 241 310 402 416 479 485 624 708 841 913 1017 1102 1152 1176 1201 1258 1269 1276 1313 1388 1392 1428 1434 1563 1569 1582 1585 1721 1733 1779 1781 1830 1887 1889 1942 1977 
38 13 25 53 71 223 225 226 339 350 435 451 454 472 486 552 643 697 706 709 729 785 807 873 876 1040 1408 1500 1513 1556 1675 1694 1703 1735 1792 1796 1846 1871 1888 
35 12 152 380 508 530 554 573 577 665 763 782 797 934 1012 1014 1054 1072 1079 1081 1130 1159 1292 1298 1419 1462 1510 1528 1541 1608 1624 1690 1772 1779 1787 1979 
33 43 72 75 94 248 276 317 384 504 701 725 740 743 842 860 862 873 886 1013 1170 1185 1190 1349 1373 1463 1494 1531 1593 1618 1726 1761 1870 1875 
37 5 102 126 136 183 185 231 243 301 339 348 393 397 573 576 769 807 855 859 921 925 929 973 1223 1320 1355 1369 1419 1518 1563 1565 1586 1667 1754 1763 1791 1968 
50 21 70 80 105 202 226 275 280 354 363 406 430 452 531 575 647 775 832 914 979 986 1011 1013 1022 1046 1107 1121 1130 1237 1286 1288 1297 1422 1466 1471 1588 1657 1661 1702 1712 1731 1758 1794 1795 1836 1867 1872 1883 1900 1924 
35 17 22 139 153 182 227 239 255 256 317 387 424 446 551 578 647 780 843 874 886 889 1225 1233 1235 1259 1327 1376 1498 1542 1764 1771 1796 1898 1923 1976 
44 90 106 204 257 258 291 330 334 346 442 494 509 562 579 610 648 657 730 801 902 1004 1020 1115 1180 1196 1199 1231 1282 1298 1358 1392 1406 1429 1469 1599 1618 1637 1742 1757 1761 1792 1829 1869 1978 
47 59 74 108 137 381 433 468 489 508 571 575 580 594 660 686 717 725 824 870 882 932 1012 1026 1035 1053 1074 1090 1122 1140 1170 1282 1301 1330 1352 1494 1546 1562 1617 1619 1633 1649 1654 1720 1888 1920 1931 1983 
44 100 132 155 165 266 296 321 382 386 431 485 491 515 536 600 642 692 713 724 739 846 847 852 940 983 1084 1098 1139 1148 1209 1320 1351 1402 1499 1506 1592 1638 1689 1694 1730 1851 1917 1924 1976 
45 41 60 84 87 105 112 221 244 258 342 404 419 449 623 721 743 782 829 836 846 878 972 1010 1111 1117 1160 1217 1222 1360 1429 1443 1447 1503 1558 1611 1634 1648 1658 1720 1734 1753 1766 1816 1845 1990 
50 149 151 265 286 287 300 380 413 435 467 552 561 607 628 680 686 707 725 731 740 799 844 916 918 961 1060 1147 1269 1300 1439 1446 1479 1505 1556 1566 1618 1656 1689 1741 1751 1767 1786 1792 1850 1866 1870 1871 1936 1952 1976 
45 34 81 160 186 202 246 259 273 351 420 428 519 558 585 617 691 696 706 712 722 729 740 742 824 884 952 998 1075 1170 1210 1234 1299 1326 1371 1399 1413 1427 1714 1760 1770 1793 1829 1834 1849 1857 
38 30 63 81 104 154 269 297 299 465 640 741 807 945 952 1004 1050 1069 1133 1211 1213 1224 1268 1293 1305 1353 1354 1363 1435 1478 1550 1581 1613 1649 1797 1816 1939 1961 1992 
40 3 98 142 146 178 206 239 306 315 318 320 467 469 488 510 553 624 649 675 793 812 927 1002 1197 1235 1257 1295 1314 1319 1350 1356 1433 1476 1582 1607 1655 1662 1712 1824 1919 
48 101 170 201 202 276 291 346 517 528 582 598 625 629 689 709 798 849 877 931 936 957 967 972 1068 1073 1113 1171 1198 1219 1285 1309 1385 1390 1404 1451 1469 1497 1499 1538 1626 1654 1726 1757 1772 1778 1826 1866 1940 
44 36 56 65 113 134 135 179 202 261 319 529 579 621 622 678 713 741 752 834 917 943 1072 1155 1160 1175 1335 1399 1413 1437 1452 1470 1511 1521 1590 1636 1742 1757 1794 1866 1884 1886 1940 1944 1945 
32 5 95 139 264 405 448 456 470 551 574 675 719 808 901 975 1055 1185 1262 1284 1379 1493 1500 1518 1545 1588 1609 1682 1715 1731 1799 1905 1917 
38 61 89 178 335 347 446 511 529 543 556 657 854 880 912 1021 1034 1081 1148 1176 1182 1206 1433 1481 1489 1521 1541 1634 1645 1664 1684 1709 1765 1806 1889 1897 1926 1973 1979 
46 20 103 114 132 228 248 280 301 363 383 445 466 499 711 721 732 743 822 824 829 876 877 967 1015 1065 1068 1072 1218 1244 1363 1370 1372 1459 1476 1502 1515 1673 1695 1696 1731 1743 1764 1791 1927 1928 1945 
41 2 58 137 245 255 327 347 367 381 461 492 541 561 593 603 609 748 769 858 860 896 924 1114 1188 1254 1268 1275 1446 1459 1495 1529 1684 1720 1744 1750 1771 1774 1810 1827 1884 1890 
41 1 58 124 164 241 318 520 611 620 656 670 712 768 798 872 914 985 1034 1059 1120 1153 1167 1201 1221 1267 1451 1461 1508 1515 1548 1662 1713 1734 1772 1832 1833 1856 1858 1875 1894 1916 
37 25 54 145 206 335 366 405 493 626 638 741 775 813 866 958 1073 1102 1111 1251 1271 1319 1353 1363 1387 1416 1446 1567 1571 1582 1701 1720 1722 1748 1805 1831 1837 1961 
47 21 103 240 307 358 362 368 491 516 597 605 632 693 696 708 767 852 924 937 974 978 991 994 1013 1037 1054 1124 1139 1228 1234 1241 1309 1337 1350 1359 1371 1475 1641 1691 1693 1736 1746 1748 1815 1911 1946 1991 
43 15 241 267 316 332 444 530 576 595 623 636 687 703 724 778 790 804 808 878 964 976 986 1010 1038 1104 1143 1154 1250 1301 1317 1369 1393 1543 1548 1588 1591 1605 1613 1665 1768 1813 1929 1987 
34 0 68 121 150 153 200 205 223 255 256 268 396 419 463 517 529 621 636 666 721 751 753 888 897 987 1008 1091 1149 1272 1300 1669 1680 1803 1923 
47 83 128 130 137 211 225 242 243 336 463 509 542 556 582 597 612 637 656 677 685 784 802 812 815 935 1069 1077 1087 1101 1193 1221 1252 1281 1343 1366 1553 1625 1645 1661 1680 1731 1766 1781 1858 1909 1948 1950 
44 19 112 242 246 260 322 337 384 418 455 469 529 532 620 635 636 678 685 695 698 722 825 853 855 858 888 898 920 925 1061 1062 1066 1131 1194 1342 1388 1442 1573 1705 1731 1790 1854 1901 1964 
38 37 123 131 145 169 278 295 315 323 377 396 399 400 451 548 577 609 663 694 744 851 896 929 988 1101 1142 1148 1153 1316 1331 1362 1453 1616 1617 1646 1665 1694 1823 
38 73 86 90 108 178 187 255 285 414 557 563 596 656 722 736 781 995 1153 1180 1197 1255 1277 1384 1497 1526 1569 1594 1631 1651 1695 1699 1715 1719 1802 1876 1935 1944 1950 
38 41 184 241 246 284 332 356 363 383 566 577 601 659 701 858 886 925 976 992 1004 1031 1185 1228 1258 1283 1317 1326 1338 1450 1519 1532 1613 1685 1782 1826 1841 1873 1995 
43 31 45 137 146 208 259 260 309 341 379 506 546 553 577 641 644 679 732 740 834 855 882 999 1005 1034 1043 1052 1380 1391 1400 1494 1499 1528 1581 1615 1641 1682 1776 1820 1926 1947 1968 1970 
40 21 73 119 175 290 380 436 474 545 553 667 681 725 756 790 802 867 899 985 1042 1174 1191 1194 1195 1216 1226 1298 1322 1388 1389 1446 1651 1696 1706 1770 1772 1822 1857 1890 1983 
47 20 46 120 211 277 295 300 312 340 362 393 396 432 459 477 489 506 645 654 662 687 864 902 909 915 941 962 978 993 1036 1043 1097 1104 1106 1120 1130 1160 1290 1344 1350 1522 1524 1558 1693 1783 1884 1913 
38 0 64 214 296 391 507 516 536 557 592 627 641 642 742 772 928 1006 1023 1024 1080 1135 1240 1260 1298 1375 1457 1476 1502 1504 1518 1542 1577 1619 1623 1714 1862 1905 1973 
37 166 202 239 358 360 397 455 466 492 530 544 598 895 950 954 1005 1038 1175 1197 1200 1210 1385 1410 1524 1575 1581 1616 1628 1632 1683 1691 1749 1813 1882 1895 1914 1933 
39 32 171 257 302 358 359 420 429 467 473 476 554 575 650 671 794 894 908 960 986 987 1070 1222 1272 1300 1301 1394 1400 1428 1612 1676 1697 1699 1763 1813 1872 1895 1909 1927 
41 6 121 127 168 247 366 378 425 434 470 498 534 600 691 757 813 832 849 875 888 921 955 1016 1119 1167 1217 1285 1313 1455 1480 1525 1530 1650 1652 1675 1690 1711 1731 1754 1776 1784 
47 6 26 64 89 90 209 229 259 280 286 302 303 321 336 337 407 415 491 515 531 559 588 592 808 841 875 913 937 942 975 984 1040 1069 1188 1240 1261 1317 1416 1478 1495 1551 1584 1627 1633 1668 1678 1774 
39 141 169 185 205 337 389 404 418 419 428 492 574 607 695 761 875 953 1096 1146 1147 1229 1291 1381 1415 1420 1474 1626 1632 1655 1708 1714 1758 1776 1812 1868 1907 1930 1969 1985 
33 66 80 132 141 155 204 205 303 359 416 498 509 535 538 645 653 655 660 726 786 1052 1203 1262 1268 1282 1337 1424 1454 1664 1667 1822 1893 1931 
30 7 9 77 462 500 607 662 685 958 1004 1195 1260 1322 1341 1352 1359 1430 1496 1520 1539 1542 1671 1716 1735 1772 1847 1892 1903 1908 1910 
41 11 71 133 148 164 217 224 364 366 372 418 458 522 629 783 814 822 850 853 887 897 924 931 993 1099 1220 1242 1440 1454 1568 1629 1635 1648 1659 1682 1696 1699 1736 1737 1891 1987 
41 2 86 109 182 240 295 302 307 361 433 453 478 638 656 661 730 756 763 781 813 815 835 898 900 1011 1012 1018 1044 1084 1181 1427 1453 1484 1664 1666 1727 1761 1771 1775 1941 1960 
41 263 270 299 335 351 377 405 507 576 608 660 701 710 755 770 794 810 836 849 905 918 946 975 1025 1047 1053 1061 1082 1099 1250 1406 1410 1428 1501 1507 1572 1585 1602 1808 1926 1960 
36 47 130 215 327 408 475 485 505 508 514 541 677 687 960 973 1087 1188 1191 1203 1251 1264 1331 1384 1429 1467 1520 1630 1649 1763 1781 1843 1857 1934 1944 1966 1979 
22 15 337 429 433 474 486 662 785 805 915 940 1035 1132 1137 1414 1472 1480 1494 1693 1785 1803 1924 
51 21 42 74 87 88 125 229 279 323 397 427 469 490 535 561 604 644 739 843 850 857 912 913 961 982 1074 1130 1209 1213 1218 1318 1352 1356 1386 1400 1429 1474 1526 1587 1612 1637 1648 1685 1712 1729 1731 1779 1794 1809 1890 1903 
37 52 53 89 93 97 180 183 245 341 607 687 690 726 730 733 741 979 993 1060 1071 1081 1141 1241 1323 1371 1405 1532 1547 1583 1610 1634 1693 1823 1829 1877 1941 1957 
38 244 259 277 337 480 484 507 599 658 677 693 727 809 876 936 960 1026 1069 1116 1119 1122 1126 1165 1173 1266 1349 1370 1385 1412 1557 1583 1679 1738 1739 1773 1775 1869 1896 
56 3 120 163 179 185 190 210 211 268 282 323 338 348 394 437 465 494 496 503 536 544 554 565 655 663 764 773 837 852 901 946 996 1012 1111 1134 1161 1220 1245 1257 1304 1312 1316 1345 1409 1434 1478 1547 1589 1606 1677 1681 1692 1741 1776 1812 1975 
43 21 23 24 72 119 165 189 240 293 315 364 434 441 467 511 554 662 671 750 866 875 917 935 1006 1098 1103 1120 1135 1161 1221 1285 1325 1415 1418 1431 1475 1484 1520 1649 1739 1808 1933 1975 
40 37 55 171 276 297 339 355 422 484 510 513 669 781 915 928 1098 1133 1134 1157 1158 1177 1299 1314 1319 1320 1331 1459 1481 1502 1512 1520 1543 1609 1743 1744 1855 1901 1907 1941 1976 
27 93 258 265 294 397 531 575 598 608 760 816 838 854 904 1147 1149 1339 1383 1465 1473 1500 1655 1825 1839 1907 1915 1922 
36 65 146 325 340 369 490 512 532 564 699 766 773 849 898 909 946 969 1100 1105 1128 1177 1202 1206 1291 1299 1305 1401 1438 1638 1650 1658 1704 1729 1755 1805 1941 
41 27 65 77 120 214 226 320 366 374 378 506 518 634 697 723 727 777 830 900 985 986 990 1075 1124 1258 1320 1351 1378 1474 1634 1653 1672 1688 1785 1802 1847 1849 1865 1866 1932 1985 
48 16 89 108 110 163 186 207 241 336 341 377 386 403 404 486 504 511 546 566 622 627 651 665 679 747 825 872 903 949 968 1006 1082 1125 1154 1266 1324 1444 1479 1486 1608 1627 1705 1707 1735 1819 1825 1836 1923 
27 13 86 180 294 315 345 499 567 711 791 851 875 995 1056 1163 1172 1191 1197 1305 1351 1446 1497 1596 1759 1764 1827 1937 
