200 2000
371 471
174 657
527 647
217 247
109 452
77 810
267 511
295 386
327 911
38 160
271 556
373 443
389 438
226 762
106 554
96 292
684 753
441 952
295 869
206 674
422 538
147 956
2 24
316 919
156 517
40 292
120 897
159 448
318 985
110 844
77 281
136 796
93 920
124 209
81 506
603 672
83 603
111 168
435 530
478 701
756 856
356 826
6 26
342 347
415 443
228 228
788 890
286 342
266 286
30 818
483 579
284 344
238 708
496 508
462 507
659 925
612 667
229 753
171 623
9 546
37 114
300 431
486 804
282 837
1 3
123 425
693 846
110 714
140 722
21 324
81 184
556 581
693 937
414 552
65 175
694 736
487 518
127 913
260 383
140 938
125 234
134 239
86 103
34 110
194 363
135 326
399 684
415 674
49 57
147 204
436 624
29 569
349 564
61 878
18 74
170 334
646 750
313 451
18 108
16 220
545 559
117 735
237 352
758 807
465 648
122 441
571 645
17 72
93 371
39 105
182 466
222 733
24 272
482 716
161 564
123 132
215 665
56 137
16 65
66 179
610 622
507 540
438 930
614 941
215 217
599 612
360 498
227 299
140 613
5 69
140 179
448 476
58 163
288 762
318 641
543 1000
84 566
284 880
196 355
366 831
156 545
167 692
409 479
530 704
125 204
274 670
230 963
28 604
506 765
75 75
38 257
354 399
28 146
574 798
167 641
54 559
760 885
211 295
54 533
330 334
249 518
55 619
651 828
638 875
141 188
135 414
147 663
269 369
345 853
36 70
226 421
54 379
104 190
675 743
28 36
349 980
357 412
71 281
64 145
138 159
51 367
242 329
37 287
618 869
42 109
5 362
512 626
118 831
429 634
35 114
2 2
35 361
84 117
83 344
56 116
201 463
185 213
287 964
545 693
16 82
140 879
23 33
59 725
149 399
365 639
864 935
382 651
27 35
59 67
29 587
26 311
27 170
327 416
22 25
609 613
35 48
653 964
48 222
460 967
140 651
230 624
23 727
366 884
280 317
162 358
147 178
75 353
171 345
215 679
116 590
354 696
103 210
448 600
159 201
235 400
24 559
125 305
288 790
1 30
237 282
58 84
310 780
156 688
360 928
59 468
682 906
331 558
528 611
205 388
94 241
195 289
64 92
485 527
8 35
43 742
20 387
192 623
152 402
631 728
208 349
756 906
463 948
396 523
78 191
49 76
55 70
254 966
784 823
267 410
284 299
100 243
502 837
531 738
263 449
22 40
464 478
216 625
256 542
203 497
97 270
141 561
243 783
820 868
5 304
22 51
725 805
92 140
133 156
416 644
23 88
137 959
47 583
24 38
451 656
121 912
56 368
54 147
297 679
175 939
625 676
31 133
513 580
67 238
427 571
71 81
404 596
569 791
328 502
262 292
339 603
134 783
242 255
65 213
71 177
166 241
65 70
123 152
116 487
640 952
237 479
321 657
126 374
710 997
288 895
264 471
53 255
224 316
199 309
72 74
100 213
795 995
49 69
640 841
677 694
161 897
390 924
200 502
528 650
596 948
285 886
160 238
181 642
456 754
370 870
118 153
3 7
151 295
56 979
13 36
72 96
253 405
315 339
530 693
457 899
133 725
345 444
42 569
367 726
419 511
15 273
29 109
415 806
34 49
694 790
20 21
337 470
544 561
541 657
92 171
352 574
789 877
357 945
506 759
304 324
893 924
70 567
73 385
398 798
174 375
447 457
448 544
461 571
828 921
24 701
565 633
81 259
199 667
55 567
32 73
99 174
299 888
133 367
243 862
641 694
25 736
302 770
198 682
478 813
13 206
108 854
365 812
2 2
55 199
5 28
17 45
940 970
95 469
107 215
12 66
332 338
114 900
1 9
71 211
28 743
5 18
20 62
262 647
711 793
224 420
148 159
213 750
91 134
33 78
276 956
518 686
391 460
819 987
132 287
120 489
463 958
335 378
463 656
123 757
455 456
411 736
891 974
116 364
637 787
313 322
692 858
175 988
108 497
12 182
158 989
378 710
495 899
275 284
29 52
378 491
133 295
49 143
445 651
193 362
204 632
169 367
359 630
52 57
536 809
256 680
64 308
49 177
311 508
479 987
61 343
26 134
21 24
27 108
294 379
0 543
8 392
802 851
857 992
32 68
22 83
34 593
47 47
246 437
106 975
124 241
237 343
530 800
47 157
50 114
374 533
7 21
89 738
259 460
153 734
454 684
13 46
49 234
60 307
336 741
350 676
265 332
807 909
107 209
62 125
433 559
383 493
77 196
144 731
97 201
473 864
270 643
571 999
638 766
60 884
13 13
323 452
475 508
29 184
112 686
99 117
70 312
387 722
400 874
438 837
66 85
651 840
360 456
461 519
83 166
481 882
316 555
191 211
295 670
186 266
64 176
372 470
312 729
56 272
59 915
514 576
232 415
693 767
156 977
137 157
382 394
76 375
205 901
401 604
278 485
154 201
143 144
143 428
4 364
502 587
433 955
161 703
393 546
302 728
6 738
174 792
102 606
242 292
347 561
111 288
269 456
103 349
360 448
81 910
211 487
323 504
26 559
29 260
223 283
23 280
316 808
45 564
428 852
128 276
2 193
335 611
667 799
8 122
155 260
679 818
49 609
507 513
382 626
73 299
228 406
113 353
290 807
277 402
101 487
70 456
120 292
134 584
490 530
526 623
420 778
537 538
553 605
755 978
246 565
11 48
12 780
636 849
166 688
352 390
260 273
881 895
766 874
67 104
97 649
0 154
25 510
470 925
9 202
328 388
791 984
718 807
51 91
58 356
259 723
356 479
50 57
331 350
4 63
148 187
58 89
760 777
674 726
282 714
127 390
99 132
106 172
139 500
123 794
482 631
215 490
383 677
276 397
355 403
127 177
554 990
360 975
329 611
221 229
137 813
188 194
78 417
129 155
521 821
416 883
76 211
490 788
597 736
658 878
239 361
1 8
50 79
107 967
561 741
78 114
357 609
3 3
911 989
83 616
56 534
21 306
283 934
126 383
4 170
281 763
592 824
568 970
406 577
19 599
372 626
70 631
124 141
116 647
802 864
51 119
224 459
132 381
492 780
646 1000
217 662
262 435
63 961
234 302
20 41
251 672
626 675
260 830
278 383
18 219
35 819
168 206
203 387
425 729
357 884
446 643
9 381
758 791
78 427
115 243
75 434
854 966
279 504
647 678
41 678
187 601
17 509
4 6
258 895
231 565
655 725
573 789
290 810
180 447
197 213
191 882
68 868
36 667
22 165
90 239
627 745
356 839
414 992
172 780
183 338
305 827
53 606
87 230
317 437
330 607
55 81
23 222
902 956
62 215
32 502
39 85
119 130
291 546
826 931
204 452
189 912
336 647
225 260
838 975
65 606
221 463
85 139
207 655
400 408
367 720
97 143
603 696
746 790
107 151
41 52
105 231
593 842
78 136
736 793
153 764
252 376
3 10
77 180
12 104
537 627
146 825
233 485
419 934
115 133
93 139
253 536
178 528
396 653
181 202
288 301
267 549
29 512
375 653
543 676
0 182
393 871
214 650
197 625
87 94
118 405
121 148
154 544
74 350
458 729
112 288
232 377
581 908
1 48
61 434
23 132
502 711
380 968
271 744
499 988
67 70
185 928
866 939
580 987
155 935
279 454
208 242
322 860
480 554
549 859
201 980
8 116
107 877
20 170
60 61
855 962
4 68
24 235
139 797
324 372
123 319
331 443
172 430
20 118
22 23
83 304
148 169
310 663
230 976
380 589
186 534
321 519
143 319
175 200
159 622
45 685
534 664
133 181
203 628
14 676
25 25
165 177
429 796
337 339
78 156
159 849
112 542
210 611
101 332
441 801
27 191
21 417
119 349
42 483
580 897
520 598
154 250
191 707
707 842
232 290
96 224
468 716
208 436
8 33
225 894
339 733
396 524
568 829
7 955
705 915
428 767
194 556
409 851
32 84
140 834
217 266
731 794
515 573
15 720
43 102
184 742
230 444
125 703
745 881
547 873
494 564
102 121
297 723
33 306
118 426
331 523
123 305
97 99
46 72
286 470
296 315
546 842
163 272
341 714
248 773
151 379
128 945
223 660
47 157
499 784
241 892
32 703
202 306
463 611
71 420
737 987
256 852
179 676
262 372
80 247
73 161
7 96
711 979
1 1
642 706
514 880
442 971
4 670
195 619
273 362
44 436
30 143
7 478
118 365
466 939
32 243
503 550
219 323
52 119
380 678
836 841
42 86
81 923
473 784
181 487
7 175
32 126
232 879
490 558
106 500
443 863
23 146
431 571
372 560
384 428
27 81
15 621
356 685
104 433
8 336
391 928
97 461
154 324
59 752
783 871
62 150
11 46
146 492
251 878
8 312
534 624
328 483
147 631
7 9
201 410
567 937
49 234
347 951
46 496
428 698
327 859
213 436
64 405
7 43
672 912
23 52
227 258
457 466
592 815
0 4
115 794
896 1000
331 613
67 409
56 178
722 964
34 333
153 330
160 886
82 291
90 191
272 955
19 174
96 264
22 466
181 670
324 507
513 738
292 384
331 738
114 802
45 97
571 778
21 128
174 317
21 21
143 316
555 906
15 679
60 142
45 870
23 58
115 807
48 588
264 268
69 202
47 672
5 82
286 562
382 846
207 340
83 968
313 396
945 945
204 364
129 692
419 778
33 203
308 955
115 226
12 33
432 582
322 564
12 103
61 658
625 783
28 770
19 808
113 121
97 428
2 330
26 911
24 140
101 671
322 550
27 52
82 233
152 582
342 881
481 852
27 531
746 956
263 358
23 34
268 512
178 194
843 859
75 218
176 431
38 531
294 961
324 519
29 31
580 887
4 9
178 591
13 49
165 990
349 682
348 691
434 742
59 86
84 306
316 456
134 394
192 305
455 688
174 433
23 43
245 678
127 214
317 466
466 487
37 490
38 139
563 961
712 748
30 961
46 240
40 253
0 230
767 824
272 796
677 879
106 261
328 653
173 218
695 765
364 602
70 526
803 986
28 197
783 790
113 420
218 979
198 284
211 671
872 893
922 946
51 769
80 340
140 558
242 902
172 316
493 863
790 963
632 698
109 853
767 948
49 169
82 240
77 318
10 58
745 925
19 36
530 554
48 131
248 371
59 167
9 206
215 525
129 141
4 30
359 503
65 70
587 695
80 173
67 196
10 10
285 461
115 452
334 518
414 475
28 673
10 312
106 724
124 144
19 90
14 317
357 450
150 743
297 554
100 212
288 753
468 733
82 814
764 921
755 915
144 302
481 483
133 145
204 626
274 450
297 591
466 657
131 430
174 968
228 545
74 598
53 776
216 358
123 224
58 590
25 227
379 442
27 551
364 453
237 473
125 809
373 424
1 1
186 937
12 25
438 900
17 458
36 99
151 180
4 43
131 791
764 837
9 334
267 632
12 44
526 662
95 129
297 630
119 211
589 637
97 773
252 472
724 935
191 624
586 647
25 770
40 184
260 664
205 205
428 483
604 783
103 379
182 404
176 182
97 240
200 296
792 888
162 523
372 385
144 473
67 305
390 452
75 301
232 401
440 983
65 111
159 635
467 599
323 400
95 517
722 873
438 485
40 106
3 45
39 86
764 905
638 670
254 603
275 939
321 859
356 420
67 266
203 426
27 169
223 547
12 242
996 997
201 468
6 17
189 615
11 23
179 311
100 479
594 879
318 399
115 174
62 383
243 410
958 983
127 474
58 112
77 963
105 552
643 768
411 994
557 714
763 815
153 261
114 895
97 433
242 734
405 608
425 595
2 14
248 963
58 407
146 514
9 95
525 613
558 929
121 693
113 974
56 879
534 796
412 861
273 554
560 594
360 706
318 351
56 71
46 63
32 132
56 58
617 681
37 950
19 805
389 498
411 912
172 379
192 376
105 978
177 488
131 955
10 984
207 959
466 543
408 854
738 931
391 583
213 239
686 895
563 672
93 129
410 737
92 127
2 53
79 222
298 559
749 992
247 380
784 917
220 372
726 852
504 715
243 345
169 178
18 374
112 226
564 738
549 605
167 277
159 224
516 722
343 563
49 866
349 502
167 243
221 268
115 857
167 349
91 308
82 103
371 761
365 625
59 690
8 902
5 220
126 172
191 535
257 915
626 771
541 779
164 231
73 720
224 444
43 178
560 752
348 502
645 699
414 468
51 629
137 684
811 843
55 274
48 360
0 4
0 14
547 575
519 945
124 353
475 477
59 72
376 970
495 509
216 645
427 498
172 754
104 205
35 237
173 234
155 525
3 525
59 279
46 834
17 744
39 333
268 348
2 27
592 846
351 428
120 819
406 453
77 229
105 255
51 612
291 440
164 447
238 853
93 529
140 506
112 259
497 617
966 988
18 33
127 500
80 188
113 357
129 195
351 411
26 59
624 902
48 215
22 534
278 604
169 288
103 804
7 748
239 324
308 605
643 767
919 952
393 971
563 739
613 729
592 871
146 372
28 71
118 227
485 746
46 50
11 37
108 200
108 586
28 102
368 672
10 35
3 3
440 480
26 48
137 245
232 748
592 682
255 942
14 96
436 916
422 437
805 934
129 150
487 743
75 387
310 483
377 589
487 823
592 823
963 992
229 437
205 248
129 550
414 598
193 468
32 65
393 692
158 924
139 403
605 622
532 867
684 869
22 136
91 354
776 839
165 244
7 30
423 771
139 988
48 914
83 623
101 294
103 739
9 68
102 515
669 781
363 364
9 609
1 893
62 135
218 622
758 781
31 812
23 24
537 609
90 280
30 826
257 903
232 606
456 607
203 686
19 35
362 708
59 891
198 621
124 275
92 212
79 569
130 132
2 6
2 24
177 243
148 701
173 215
61 247
1 49
62 83
690 809
8 188
108 315
102 190
91 568
4 8
70 392
100 535
392 588
7 685
146 854
179 438
412 423
268 831
69 163
138 963
71 146
826 890
45 605
20 199
144 302
254 848
200 968
366 607
219 787
41 185
75 431
533 842
464 982
348 753
20 34
14 23
179 387
15 76
697 881
170 279
20 146
440 631
658 975
86 154
191 236
114 324
200 761
146 931
616 747
292 336
293 698
798 895
292 916
15 783
195 235
691 834
326 546
84 183
343 604
136 479
178 868
156 252
245 442
19 379
246 337
236 861
251 335
129 760
409 719
230 270
550 683
27 52
15 231
60 911
519 835
94 538
474 649
260 508
330 515
34 195
213 364
195 359
5 193
409 853
59 658
416 885
657 691
318 464
108 109
7 25
77 876
440 785
122 698
49 358
7 792
81 260
518 893
248 301
947 998
58 84
674 960
514 960
507 750
316 574
688 788
12 12
30 109
245 688
50 987
677 840
160 351
90 144
29 35
213 541
148 630
177 619
272 332
671 688
443 649
0 879
42 742
167 712
360 811
22 46
201 303
53 130
159 891
622 826
38 326
52 53
304 615
592 995
155 193
119 261
729 781
77 233
33 433
5 23
9 591
1 634
12 212
406 444
131 603
130 382
847 883
887 951
35 275
747 863
121 292
52 52
554 731
798 809
47 221
17 40
43 452
115 739
169 490
252 258
735 813
259 502
168 182
71 982
60 998
787 963
394 503
40 372
158 455
20 23
415 581
253 705
168 490
289 310
185 205
27 61
87 209
244 836
129 287
802 926
35 375
1 1
63 541
11 12
143 270
10 69
65 240
160 303
30 764
665 711
39 64
67 242
260 460
308 665
289 379
307 479
147 762
528 674
40 147
9 10
2 5
383 580
543 993
206 316
647 709
81 748
247 714
65 65
39 58
246 302
62 890
60 291
315 428
37 94
546 810
91 894
456 902
75 243
101 374
158 515
95 755
60 263
581 596
418 965
501 545
180 811
256 371
120 440
428 799
807 946
268 522
109 298
126 147
4 113
18 329
359 448
777 898
242 290
0 14
107 305
321 731
423 908
538 779
52 65
114 155
328 348
378 820
111 694
277 293
309 565
178 243
129 700
790 839
61 725
181 576
284 572
33 64
385 741
152 200
515 695
224 256
156 604
542 830
143 361
325 489
256 428
2 2
107 167
239 560
25 452
172 793
273 464
304 416
7 72
143 171
50 141
81 269
107 407
243 649
749 762
354 509
286 438
106 265
192 884
34 112
486 827
447 878
216 323
69 650
190 224
32 85
629 848
95 400
116 294
897 991
191 197
176 206
30 441
59 79
20 459
303 546
17 140
595 819
289 445
263 301
725 814
252 284
158 947
154 180
74 565
166 418
24 345
5 92
332 565
46 727
282 341
353 776
189 545
189 230
302 341
133 487
273 310
416 952
948 992
229 288
341 864
607 811
395 943
494 645
72 312
61 127
148 192
6 148
425 456
699 757
33 55
422 980
484 600
312 689
227 411
158 494
12 15
599 903
437 815
769 775
427 669
61 107
84 745
72 179
621 767
287 300
433 847
182 265
154 439
395 927
226 335
43 46
95 161
152 255
28 426
222 453
13 20
313 510
364 883
230 592
298 582
281 500
0 52
409 769
516 768
590 767
98 314
50 434
473 654
334 354
234 472
9 665
213 326
42 137
744 821
13 506
122 140
288 301
77 455
287 858
342 381
180 836
548 682
14 49
126 245
67 141
117 476
187 717
84 352
155 665
520 694
5 12
18 196
775 939
496 791
343 373
31 298
115 260
558 973
252 496
1 9
165 288
990 996
112 429
308 536
58 163
158 608
228 397
184 995
293 424
176 292
436 450
429 657
74 668
99 258
40 786
13 19
104 455
134 451
16 64
120 701
373 508
514 573
193 815
223 921
94 428
465 958
127 238
13 71
593 894
17 315
261 576
66 227
15 75
87 140
232 950
387 412
79 135
598 690
44 63
393 413
24 74
186 327
114 303
219 690
39 48
306 364
603 788
32 588
323 514
43 725
99 102
332 617
403 821
354 444
4 31
15 19
828 841
294 392
14 630
244 697
510 677
333 572
281 463
504 978
363 868
32 671
9 26
100 238
184 294
39 583
715 759
436 624
37 619
43 683
48 188
27 480
510 788
5 65
19 54
40 215
229 735
423 686
473 704
163 431
128 746
37 41 104 127 161 238 251 269 328 376 406 438 597 642 735 754 882 1013 1105 1136 1165 1177 1178 1200 1283 1294 1296 1352 1421 1425 1436 1541 1556 1651 1653 1712 1774 1825 
45 14 253 336 362 393 407 439 443 462 645 720 735 788 813 840 845 927 961 968 997 1006 1090 1295 1342 1350 1447 1452 1515 1625 1637 1664 1692 1699 1705 1735 1750 1752 1794 1816 1826 1838 1844 1846 1858 1969 
29 29 116 260 301 351 488 586 612 640 797 825 836 980 984 1091 1172 1177 1187 1204 1335 1524 1542 1690 1695 1732 1842 1875 1910 1951 
39 4 13 36 155 162 350 389 485 529 656 716 812 832 880 899 930 951 954 962 1164 1277 1279 1287 1322 1333 1334 1389 1409 1421 1474 1508 1603 1616 1658 1678 1685 1915 1927 1931 
43 90 110 146 156 170 175 221 420 476 495 536 552 554 599 614 655 673 711 717 758 767 791 803 914 946 980 993 1216 1231 1270 1355 1445 1485 1505 1557 1584 1589 1644 1694 1701 1749 1917 1923 
48 59 83 124 130 151 167 174 206 330 474 561 587 594 691 699 716 771 839 884 949 951 967 979 1007 1052 1132 1164 1193 1207 1253 1317 1344 1363 1376 1400 1423 1490 1562 1584 1599 1606 1677 1731 1823 1824 1892 1929 1962 
49 106 139 164 167 202 219 356 405 415 447 452 507 575 578 646 660 689 742 884 905 945 946 1157 1171 1176 1210 1211 1271 1320 1325 1334 1356 1380 1421 1515 1535 1539 1568 1651 1754 1766 1767 1778 1829 1833 1891 1901 1964 1978 
55 17 63 65 88 130 142 160 161 276 321 374 445 453 472 525 538 560 643 672 738 769 786 804 805 830 837 868 877 903 917 927 1061 1134 1140 1149 1257 1269 1274 1291 1464 1532 1567 1579 1589 1599 1600 1693 1735 1756 1777 1783 1796 1853 1918 1922 
29 8 25 61 106 129 220 318 412 469 573 749 1013 1057 1208 1263 1291 1329 1338 1405 1449 1466 1530 1684 1726 1801 1803 1831 1930 1956 
35 41 85 96 127 284 335 455 481 556 590 602 611 709 721 739 754 787 789 828 935 1003 1098 1110 1350 1369 1398 1424 1463 1472 1489 1562 1613 1652 1669 1901 
33 63 68 127 148 168 261 266 271 328 331 342 375 394 486 505 581 589 708 765 775 792 846 897 1028 1051 1128 1267 1376 1557 1560 1583 1824 1969 
33 10 27 44 53 129 158 208 245 270 278 294 550 625 674 678 688 774 829 878 945 960 1110 1219 1455 1501 1523 1573 1616 1702 1727 1839 1924 1951 
34 31 41 86 109 129 160 179 230 231 435 503 581 623 737 757 787 889 1060 1084 1086 1107 1123 1185 1232 1444 1484 1562 1602 1620 1793 1818 1858 1909 1990 
34 61 79 81 83 149 240 263 389 445 446 484 491 529 708 821 830 836 874 901 959 1086 1138 1180 1199 1273 1331 1404 1465 1535 1686 1793 1800 1820 1993 
37 113 169 180 267 320 470 523 554 634 723 746 810 814 866 904 1117 1124 1224 1247 1264 1294 1326 1393 1394 1453 1520 1523 1537 1543 1564 1596 1605 1638 1709 1774 1946 1986 
30 11 271 332 389 427 537 578 631 698 744 910 959 1106 1162 1310 1474 1509 1533 1548 1624 1700 1716 1751 1756 1761 1834 1838 1894 1920 1923 
43 43 77 106 203 211 238 385 395 400 402 410 459 481 508 645 659 749 787 808 840 845 897 974 1050 1094 1110 1153 1399 1448 1502 1513 1581 1617 1634 1641 1723 1729 1753 1770 1794 1910 1917 1994 
39 20 111 112 113 138 142 190 217 250 268 282 551 557 560 568 578 657 670 695 827 911 924 978 984 1016 1020 1186 1292 1328 1353 1355 1454 1692 1756 1857 1906 1940 1941 1958 
39 25 38 108 166 175 469 487 518 546 618 664 722 771 802 924 945 959 997 1006 1029 1036 1153 1154 1160 1194 1300 1334 1370 1375 1461 1536 1646 1718 1724 1734 1829 1851 1867 1954 
38 72 250 254 313 331 387 388 478 485 553 579 715 813 972 1071 1079 1109 1111 1177 1192 1205 1264 1275 1276 1282 1455 1549 1578 1663 1688 1707 1737 1760 1811 1819 1837 1867 1907 
32 2 130 163 186 200 241 289 377 448 575 633 743 795 874 935 965 1018 1126 1150 1210 1234 1239 1314 1461 1485 1504 1636 1671 1728 1740 1820 1992 
47 21 48 108 123 251 292 296 302 372 401 486 506 531 581 740 804 858 880 891 932 935 945 990 1026 1151 1174 1320 1321 1326 1354 1401 1436 1445 1515 1530 1544 1560 1618 1657 1792 1862 1881 1882 1950 1968 1971 1991 
40 74 169 175 234 263 303 369 375 419 462 482 804 972 989 999 1012 1026 1039 1093 1156 1174 1188 1252 1268 1384 1390 1395 1414 1444 1467 1475 1533 1598 1714 1848 1853 1871 1876 1921 1970 
40 3 60 77 85 211 277 301 332 422 472 488 556 578 584 788 821 926 978 980 995 1019 1051 1110 1129 1182 1188 1300 1307 1495 1505 1519 1676 1699 1721 1817 1828 1839 1870 1893 1950 
31 45 166 178 220 250 271 315 513 619 625 638 641 651 741 761 839 961 976 1062 1075 1118 1225 1318 1321 1368 1388 1531 1681 1715 1774 1775 
39 121 127 151 229 388 390 398 529 594 648 712 756 781 827 831 888 905 963 1009 1018 1026 1040 1043 1060 1081 1126 1255 1274 1340 1538 1550 1559 1663 1684 1708 1711 1833 1872 1969 
36 111 171 265 273 323 349 354 369 376 394 423 449 567 590 699 737 753 754 816 822 831 852 912 1128 1151 1262 1285 1293 1298 1315 1521 1530 1545 1666 1728 1967 
52 139 146 172 259 293 329 468 533 598 633 687 709 718 719 723 753 764 836 878 884 1002 1039 1071 1073 1075 1089 1122 1136 1171 1173 1174 1209 1228 1285 1317 1398 1518 1535 1540 1571 1615 1634 1640 1665 1691 1755 1791 1801 1866 1870 1899 1970 
36 63 162 242 302 308 310 336 391 416 440 485 516 534 553 574 770 809 1000 1012 1089 1148 1201 1247 1351 1426 1445 1451 1458 1506 1516 1616 1625 1694 1755 1770 1817 
46 39 253 301 357 363 378 390 436 530 620 677 741 798 804 837 875 878 982 1033 1049 1066 1123 1130 1176 1197 1200 1212 1234 1326 1382 1414 1428 1444 1456 1481 1505 1540 1618 1640 1663 1678 1769 1793 1923 1982 1984 
36 6 17 23 108 119 141 300 415 439 592 667 686 751 828 856 865 913 991 1032 1107 1137 1138 1155 1193 1297 1308 1355 1404 1521 1528 1543 1619 1661 1772 1835 1964 
46 17 60 84 133 198 224 231 328 333 340 389 418 452 532 589 597 775 835 856 860 916 958 959 962 1037 1092 1159 1168 1178 1282 1291 1294 1413 1440 1470 1534 1541 1631 1646 1677 1767 1819 1835 1906 1954 1985 
31 14 122 137 249 252 454 523 541 613 660 773 1053 1073 1233 1346 1360 1392 1466 1527 1601 1612 1624 1706 1741 1750 1771 1819 1830 1900 1905 1985 
48 4 21 68 97 225 227 232 342 359 366 385 496 537 632 639 664 695 713 757 784 890 921 952 982 1042 1055 1111 1124 1160 1169 1190 1194 1226 1314 1345 1381 1410 1434 1502 1559 1578 1641 1706 1736 1753 1768 1824 1957 
40 274 275 333 346 383 475 508 553 555 638 643 676 737 762 763 790 885 1017 1127 1149 1150 1154 1239 1291 1434 1447 1528 1558 1588 1602 1641 1671 1700 1726 1837 1886 1909 1962 1969 1978 
44 135 168 198 210 253 288 293 312 313 351 391 393 394 473 522 580 644 665 675 702 807 859 1022 1055 1089 1111 1314 1357 1369 1389 1429 1465 1485 1502 1507 1577 1607 1670 1728 1730 1784 1856 1873 1919 
37 64 96 156 176 241 319 354 380 391 392 403 487 518 650 736 798 826 863 1054 1141 1146 1171 1256 1271 1276 1338 1395 1408 1553 1727 1749 1767 1775 1874 1944 1977 1997 
45 47 61 66 73 186 200 378 420 504 525 538 573 574 599 620 689 757 805 981 994 1041 1075 1143 1172 1214 1270 1278 1292 1303 1304 1316 1339 1361 1412 1418 1453 1454 1488 1509 1724 1768 1892 1904 1941 1954 
33 69 128 196 270 316 332 410 505 529 567 593 696 725 733 766 819 1050 1175 1222 1229 1296 1301 1317 1353 1447 1467 1584 1592 1797 1803 1859 1925 1932 
39 7 140 166 205 224 267 268 315 453 687 690 731 839 862 915 947 994 1064 1079 1136 1318 1321 1366 1422 1434 1436 1506 1562 1627 1686 1703 1709 1800 1890 1901 1913 1921 1945 1991 
34 37 65 89 101 256 369 413 506 515 532 604 669 692 697 705 738 792 1047 1088 1128 1185 1248 1265 1297 1370 1378 1419 1461 1479 1751 1757 1914 1957 1976 
46 68 111 125 182 344 352 381 414 435 437 513 554 597 607 633 634 705 714 772 801 812 842 859 914 935 979 987 1007 1154 1179 1219 1407 1499 1528 1543 1557 1591 1593 1603 1643 1681 1796 1806 1903 1905 1925 
37 42 238 314 394 425 608 651 822 845 882 947 1073 1118 1134 1135 1207 1220 1221 1228 1229 1263 1342 1345 1366 1456 1468 1483 1494 1569 1606 1659 1741 1744 1757 1759 1888 1978 
34 49 132 177 396 410 434 473 555 692 693 839 857 966 1006 1029 1083 1193 1302 1316 1403 1511 1532 1642 1648 1723 1725 1769 1797 1798 1799 1824 1947 1979 1985 
39 0 45 74 137 179 223 291 303 343 471 608 681 702 754 756 758 773 790 810 822 881 912 958 1005 1050 1053 1094 1096 1124 1171 1198 1324 1445 1578 1656 1674 1812 1840 1996 
37 86 141 200 253 338 412 592 641 686 758 831 892 894 992 1023 1049 1183 1189 1243 1259 1281 1288 1356 1358 1378 1386 1402 1427 1578 1599 1643 1686 1778 1860 1881 1884 1967 
37 19 56 135 231 249 334 414 415 432 470 484 499 505 582 591 635 680 689 710 880 967 981 1072 1114 1364 1378 1387 1416 1426 1549 1643 1673 1676 1823 1860 1881 1898 
43 105 154 159 230 437 464 524 559 573 620 635 664 667 694 744 771 838 926 1021 1070 1122 1167 1223 1259 1316 1340 1358 1362 1367 1449 1464 1502 1531 1571 1608 1628 1687 1697 1743 1861 1913 1942 1967 
38 107 149 236 252 294 429 453 459 505 591 617 633 659 667 691 745 834 888 981 989 1106 1196 1219 1247 1278 1297 1319 1352 1506 1578 1605 1641 1709 1800 1822 1903 1908 1989 
35 42 87 91 100 144 147 170 240 266 492 555 608 632 717 769 785 849 937 1082 1104 1251 1277 1284 1291 1396 1461 1494 1544 1610 1617 1669 1788 1861 1862 1875 
46 30 94 103 254 257 302 370 389 471 494 531 533 562 581 626 654 708 792 803 929 944 977 989 1020 1032 1035 1115 1125 1166 1194 1215 1305 1347 1353 1383 1401 1405 1534 1536 1560 1649 1725 1749 1773 1826 1985 
37 133 175 232 371 431 437 444 458 537 600 603 616 642 686 706 829 847 914 915 1056 1071 1276 1395 1411 1418 1444 1480 1488 1495 1510 1554 1559 1564 1632 1655 1833 1847 
39 0 73 94 235 244 273 348 563 610 686 720 871 946 1001 1019 1067 1098 1123 1149 1172 1182 1203 1219 1235 1250 1278 1286 1298 1360 1404 1534 1545 1555 1566 1631 1655 1874 1877 1917 
42 111 163 238 360 440 455 503 573 587 592 716 754 778 810 819 912 973 978 1070 1072 1109 1127 1130 1253 1268 1336 1358 1377 1444 1480 1488 1504 1618 1623 1673 1720 1723 1776 1831 1853 1858 1930 
51 3 11 140 158 173 231 311 340 377 438 442 477 481 559 574 657 793 795 807 843 848 900 948 955 1003 1053 1095 1152 1153 1169 1181 1189 1223 1227 1239 1363 1446 1463 1513 1542 1632 1674 1678 1689 1717 1773 1844 1859 1920 1956 1970 
34 78 136 183 210 270 331 352 388 471 588 618 764 774 792 811 823 926 928 993 1137 1161 1400 1403 1552 1577 1706 1711 1724 1733 1784 1922 1942 1945 1984 
34 22 134 165 175 197 222 240 246 314 371 396 507 671 805 806 812 826 929 977 1006 1028 1068 1128 1173 1396 1424 1447 1463 1520 1568 1650 1696 1884 1992 
31 58 153 161 203 374 414 551 560 577 586 596 622 661 758 770 823 903 1032 1085 1112 1129 1206 1230 1251 1269 1403 1406 1437 1716 1912 1970 
41 129 177 199 200 218 291 310 311 389 461 485 540 575 610 614 759 837 882 938 965 1089 1113 1147 1176 1290 1328 1337 1444 1508 1536 1712 1773 1793 1800 1812 1854 1862 1895 1950 1957 1987 
46 68 71 94 226 311 330 341 356 402 415 447 450 475 509 552 713 814 842 948 961 1031 1080 1103 1171 1280 1311 1379 1491 1534 1557 1580 1585 1607 1676 1684 1730 1736 1796 1828 1837 1873 1876 1890 1907 1909 1993 
29 42 107 196 209 257 307 312 330 356 399 411 480 530 556 649 717 734 817 823 846 925 1011 1190 1340 1372 1645 1679 1685 1806 
33 8 38 80 84 145 183 205 309 329 375 435 452 459 672 755 790 816 1068 1074 1233 1242 1267 1269 1336 1471 1473 1507 1529 1547 1648 1699 1797 1942 
44 31 40 48 54 84 94 157 161 193 248 326 346 350 503 560 621 637 657 665 668 697 700 777 815 857 863 926 960 1139 1178 1192 1580 1654 1661 1711 1726 1753 1759 1768 1776 1787 1827 1832 1872 
31 69 195 241 252 294 306 347 353 369 486 570 654 656 753 756 780 990 996 1050 1086 1149 1179 1191 1274 1379 1477 1683 1687 1692 1779 1814 
39 7 31 64 84 110 170 177 218 512 585 605 618 632 643 666 709 769 808 933 1028 1081 1104 1133 1207 1226 1248 1336 1371 1382 1486 1526 1594 1646 1693 1749 1815 1876 1878 1904 
47 13 37 48 51 76 181 192 201 254 312 373 435 489 505 531 558 740 788 792 822 838 894 928 946 1011 1087 1093 1109 1126 1127 1150 1163 1172 1221 1224 1271 1337 1354 1368 1426 1513 1540 1586 1902 1914 1943 1993 
34 1 2 63 97 99 255 281 360 376 436 574 581 783 808 860 897 900 926 949 1052 1204 1265 1296 1351 1366 1369 1446 1529 1742 1756 1859 1893 1946 1971 
42 78 133 205 272 355 422 497 503 514 545 563 600 616 621 711 828 874 886 897 942 1099 1100 1130 1163 1224 1249 1361 1390 1478 1504 1507 1537 1690 1704 1724 1731 1798 1811 1850 1868 1937 1942 
42 36 40 196 209 220 264 370 412 517 524 726 733 735 787 790 805 833 875 906 946 1008 1027 1106 1119 1125 1188 1238 1255 1283 1334 1350 1397 1514 1616 1671 1706 1732 1767 1772 1780 1838 1910 
40 12 142 202 217 218 287 504 518 559 647 653 666 681 732 734 740 742 1070 1102 1118 1155 1171 1224 1238 1259 1284 1286 1518 1669 1730 1736 1737 1795 1824 1854 1908 1945 1961 1973 1984 
42 6 184 365 548 551 565 594 623 676 694 840 861 916 1096 1167 1171 1204 1245 1270 1272 1293 1352 1402 1408 1497 1537 1600 1615 1689 1709 1723 1749 1754 1762 1777 1794 1796 1832 1872 1875 1948 1980 
47 32 63 91 137 179 239 365 380 382 384 585 594 624 745 760 927 967 979 1146 1173 1251 1360 1449 1465 1484 1503 1504 1524 1527 1529 1546 1558 1563 1616 1621 1643 1699 1729 1758 1786 1817 1821 1881 1928 1946 1961 1998 
29 52 341 413 485 508 516 616 672 738 861 1042 1072 1086 1131 1155 1171 1174 1250 1356 1380 1577 1583 1654 1774 1802 1841 1885 1946 1960 
42 30 38 92 114 134 243 245 364 374 534 555 614 650 672 673 679 870 878 1040 1098 1112 1123 1156 1163 1184 1249 1253 1333 1365 1452 1461 1462 1469 1510 1521 1701 1710 1743 1820 1915 1935 1999 
47 108 134 189 217 308 380 472 486 494 533 597 615 634 658 708 732 760 789 828 836 861 880 973 983 1004 1029 1144 1150 1205 1208 1227 1357 1384 1512 1570 1586 1634 1637 1727 1728 1758 1796 1837 1933 1979 1984 1986 
45 43 61 139 164 231 234 284 288 302 350 390 498 554 556 572 583 689 703 716 991 1077 1151 1226 1295 1362 1399 1425 1433 1535 1542 1609 1666 1690 1707 1763 1807 1821 1860 1862 1868 1873 1885 1907 1922 1968 
40 20 67 184 219 227 247 262 270 328 330 396 484 561 574 588 592 670 681 741 913 921 990 1016 1080 1129 1193 1210 1283 1317 1367 1404 1503 1508 1532 1547 1551 1641 1708 1751 1882 
50 21 24 82 106 182 188 218 275 375 395 493 560 564 577 593 679 687 788 813 858 920 926 939 950 952 959 981 1095 1150 1211 1252 1266 1274 1297 1399 1476 1487 1502 1517 1545 1605 1616 1629 1631 1675 1688 1745 1792 1815 1911 
39 49 87 90 128 195 291 315 362 392 575 687 727 762 797 834 874 911 913 997 1086 1088 1137 1280 1342 1350 1363 1446 1508 1534 1573 1577 1617 1687 1698 1705 1752 1896 1941 1946 
41 22 87 92 178 233 274 275 352 399 403 424 516 534 536 624 718 811 882 916 929 989 990 1027 1063 1125 1226 1228 1236 1385 1512 1525 1551 1558 1575 1582 1614 1723 1758 1856 1882 1917 
43 17 19 99 167 249 251 259 280 473 476 479 506 562 650 654 728 776 844 851 890 923 1022 1126 1158 1221 1232 1237 1261 1333 1380 1432 1437 1464 1487 1539 1577 1635 1786 1814 1819 1902 1920 1995 
52 17 72 212 268 329 434 480 523 551 721 731 739 901 918 1043 1106 1191 1231 1242 1248 1252 1272 1292 1295 1337 1398 1448 1450 1462 1468 1492 1563 1565 1568 1628 1697 1713 1738 1739 1750 1751 1752 1795 1818 1822 1889 1927 1943 1946 1949 1989 1995 
42 22 157 192 272 354 376 453 455 602 641 704 734 781 823 892 983 1076 1078 1092 1124 1221 1279 1376 1379 1394 1422 1472 1541 1573 1585 1597 1670 1707 1729 1778 1797 1809 1827 1917 1976 1988 1989 
42 18 91 176 191 193 487 551 577 656 686 701 730 755 773 832 875 879 893 909 984 1001 1034 1048 1113 1142 1181 1243 1292 1350 1389 1452 1462 1482 1773 1846 1864 1903 1953 1967 1977 1991 1994 
45 6 46 106 115 134 156 215 236 267 358 373 402 436 561 579 606 652 659 709 859 865 919 931 971 1008 1014 1034 1139 1175 1273 1275 1365 1506 1507 1571 1604 1635 1656 1718 1719 1807 1819 1831 1848 1924 
44 89 203 271 288 364 381 414 419 442 450 487 499 529 544 598 614 704 918 931 945 953 1052 1057 1109 1296 1450 1509 1527 1538 1543 1621 1660 1692 1712 1742 1776 1804 1825 1834 1889 1920 1931 1988 1995 
45 48 158 185 228 268 272 289 465 492 504 514 566 569 649 675 733 736 767 814 844 855 884 928 936 941 998 1018 1073 1074 1219 1276 1330 1340 1517 1555 1581 1601 1618 1714 1767 1878 1901 1941 1952 1980 
53 50 107 116 117 127 143 156 194 274 364 453 503 510 531 565 583 600 601 604 636 683 714 737 796 808 837 957 1010 1048 1152 1172 1175 1209 1232 1255 1280 1289 1293 1322 1351 1355 1401 1528 1583 1672 1686 1694 1696 1821 1827 1834 1928 1992 
40 11 19 20 32 36 67 86 148 193 222 412 599 613 636 723 795 895 911 948 1135 1211 1225 1240 1361 1364 1414 1464 1489 1502 1566 1620 1640 1656 1715 1753 1793 1827 1858 1872 1955 
37 0 3 50 58 123 174 290 345 414 456 460 489 504 535 603 616 617 633 701 727 869 873 879 969 988 1207 1249 1251 1346 1407 1695 1734 1787 1817 1948 1972 1986 
53 36 71 118 159 178 181 277 307 331 339 358 420 430 449 529 651 671 732 762 782 791 891 913 914 962 1011 1071 1108 1141 1157 1179 1208 1254 1311 1315 1371 1381 1450 1554 1590 1611 1614 1657 1723 1724 1726 1770 1826 1836 1938 1951 1952 1979 
40 62 64 119 124 164 188 201 258 278 279 304 438 491 584 649 650 698 753 856 866 936 994 1070 1158 1342 1386 1486 1491 1526 1560 1632 1633 1665 1694 1768 1782 1878 1883 1901 1926 
39 40 50 304 329 494 520 546 706 710 742 789 821 948 1008 1026 1030 1100 1107 1124 1152 1188 1241 1248 1251 1303 1344 1372 1423 1438 1505 1510 1556 1561 1581 1598 1648 1805 1908 1937 
44 9 32 62 103 190 217 313 334 358 388 413 423 461 470 531 543 564 587 615 634 750 818 856 934 940 1038 1074 1077 1127 1172 1227 1230 1378 1408 1417 1423 1437 1456 1548 1578 1708 1795 1969 1985 
24 251 255 379 553 557 618 624 652 862 876 1123 1157 1383 1406 1502 1587 1592 1615 1757 1762 1780 1848 1877 1887 
40 42 239 351 355 397 497 501 522 553 576 714 788 800 825 875 885 1007 1076 1093 1130 1160 1175 1273 1294 1385 1397 1412 1514 1555 1662 1707 1739 1802 1818 1832 1879 1895 1904 1929 1974 
48 28 44 223 289 305 312 363 374 375 378 400 430 441 443 469 487 500 547 665 686 689 708 716 739 874 901 905 927 970 1053 1092 1123 1174 1220 1385 1509 1582 1607 1687 1693 1713 1738 1836 1847 1854 1855 1958 1982 
37 34 36 134 167 249 412 457 578 616 799 824 891 947 961 1008 1070 1092 1152 1175 1177 1272 1304 1319 1447 1531 1555 1558 1598 1614 1643 1655 1705 1720 1728 1753 1772 1833 
46 16 23 37 102 180 198 199 221 280 327 332 501 515 554 604 639 673 686 699 700 720 764 802 818 847 934 974 989 1051 1061 1094 1125 1202 1204 1236 1257 1285 1429 1473 1475 1606 1689 1775 1800 1825 1857 
47 2 35 36 43 47 62 97 156 157 187 250 344 359 482 486 529 553 642 682 805 827 858 922 1046 1059 1072 1105 1116 1184 1227 1343 1370 1465 1480 1576 1591 1600 1609 1776 1828 1855 1895 1932 1936 1942 1972 1987 
41 3 26 183 206 298 349 373 406 438 527 532 666 684 722 820 826 840 909 994 1041 1159 1177 1220 1256 1267 1314 1335 1385 1395 1448 1469 1498 1505 1515 1564 1645 1730 1819 1880 1886 1986 
32 87 100 243 281 338 353 394 453 456 487 577 622 644 770 846 898 998 1314 1438 1446 1450 1470 1503 1570 1598 1604 1608 1614 1759 1783 1798 1905 
58 37 47 55 85 197 224 231 308 403 439 461 582 596 635 652 671 679 689 713 731 740 786 843 957 964 1000 1009 1011 1036 1051 1058 1063 1131 1147 1246 1268 1278 1341 1361 1384 1400 1405 1452 1458 1476 1642 1646 1671 1697 1711 1794 1799 1901 1903 1906 1943 1965 1992 
39 26 36 51 85 117 138 241 247 251 255 506 519 526 561 651 731 754 759 820 900 985 987 1025 1034 1103 1140 1192 1578 1622 1627 1640 1669 1719 1746 1794 1795 1834 1907 1992 
49 89 137 157 288 335 400 441 444 495 557 574 596 599 635 665 690 693 728 768 772 774 804 812 851 890 906 938 948 1048 1056 1087 1172 1330 1413 1432 1472 1484 1567 1574 1590 1594 1688 1710 1847 1880 1903 1938 1953 1977 
36 75 91 126 155 159 163 265 289 306 350 441 544 546 558 632 683 710 823 877 1021 1035 1097 1144 1279 1328 1376 1409 1473 1504 1721 1806 1836 1866 1918 1928 1975 
55 27 36 51 56 78 199 317 343 443 473 562 574 585 605 666 678 708 713 824 842 848 960 1012 1054 1056 1067 1099 1128 1131 1137 1150 1262 1335 1351 1408 1411 1478 1516 1533 1572 1604 1612 1621 1640 1647 1672 1691 1706 1716 1771 1844 1853 1943 1956 1971 
47 40 50 112 125 134 136 279 362 457 500 558 566 615 635 655 805 806 822 843 915 936 951 961 1013 1033 1157 1197 1296 1319 1320 1362 1397 1421 1466 1569 1598 1617 1642 1643 1648 1650 1697 1754 1808 1843 1909 1999 
36 26 136 139 196 212 419 489 498 511 543 605 692 763 838 874 946 954 966 967 1133 1223 1234 1258 1260 1261 1275 1315 1349 1386 1500 1522 1546 1568 1910 1917 1973 
44 84 118 133 165 269 280 282 353 551 615 632 768 779 840 841 872 907 930 959 995 996 1171 1298 1327 1394 1468 1479 1489 1530 1591 1620 1630 1644 1649 1695 1706 1707 1725 1789 1798 1825 1918 1923 1959 
34 23 28 98 154 328 338 418 436 470 552 650 669 688 711 830 833 917 947 987 1038 1099 1171 1195 1250 1273 1307 1399 1416 1494 1821 1842 1864 1958 1988 
37 135 189 193 208 237 283 351 363 425 440 474 518 539 765 782 933 987 992 1010 1026 1134 1159 1190 1196 1317 1338 1368 1421 1466 1527 1618 1657 1724 1764 1778 1863 1963 
30 173 239 317 417 427 429 455 475 477 520 571 584 629 633 634 759 767 810 827 1250 1348 1384 1439 1446 1474 1555 1574 1779 1795 1853 
37 25 107 109 121 152 180 221 344 351 469 593 644 687 692 724 763 786 867 1036 1088 1102 1108 1174 1293 1388 1405 1484 1489 1599 1603 1664 1671 1717 1861 1921 1931 1988 
42 38 62 88 147 194 250 276 316 435 460 463 508 539 576 690 881 940 956 965 1058 1060 1154 1191 1258 1337 1340 1402 1422 1429 1435 1485 1496 1539 1582 1654 1820 1880 1914 1919 1942 1972 1980 
34 44 98 172 181 272 290 307 329 350 510 640 687 690 731 735 772 862 892 906 937 1101 1216 1290 1394 1467 1499 1502 1579 1624 1626 1654 1790 1793 1984 
48 89 133 176 225 265 275 329 405 409 454 470 552 615 674 786 825 898 908 914 917 933 960 1007 1031 1081 1178 1254 1291 1315 1327 1351 1406 1479 1504 1563 1604 1626 1642 1667 1722 1781 1818 1891 1893 1898 1987 1991 1993 
43 8 23 152 157 255 258 281 292 299 350 411 443 535 580 665 672 692 713 715 719 845 863 867 1027 1047 1090 1199 1247 1252 1253 1407 1459 1561 1582 1584 1689 1692 1708 1749 1867 1915 1925 1926 
40 33 106 233 291 329 337 349 474 478 488 489 530 539 630 658 676 697 707 763 888 964 975 977 1070 1087 1102 1112 1173 1282 1421 1432 1569 1588 1598 1705 1721 1794 1855 1904 1944 
37 44 72 85 198 202 208 217 311 339 345 395 444 471 564 694 817 839 854 859 898 929 950 1029 1190 1299 1423 1486 1506 1725 1743 1768 1780 1840 1879 1892 1918 1926 
44 75 95 150 194 197 218 261 266 274 367 426 434 532 552 556 557 671 688 711 778 791 838 863 879 928 932 1007 1030 1047 1106 1133 1161 1166 1240 1333 1334 1490 1610 1674 1710 1828 1908 1974 1994 
35 5 81 194 244 267 268 379 392 395 417 448 488 511 588 679 709 796 805 815 833 852 960 1188 1425 1503 1559 1622 1650 1664 1696 1756 1875 1917 1926 1949 
36 0 5 24 64 86 159 242 243 270 370 442 454 533 609 639 664 666 703 747 750 850 911 990 1093 1175 1295 1333 1339 1343 1428 1649 1754 1883 1884 1947 1949 
44 9 33 62 106 128 129 145 176 199 236 279 334 469 484 506 583 595 617 634 636 700 804 856 887 977 985 993 1168 1218 1220 1229 1336 1362 1381 1412 1527 1590 1613 1654 1696 1763 1856 1886 1912 
44 18 22 27 122 132 142 154 194 234 237 246 411 460 538 595 603 637 652 734 804 854 883 921 992 1154 1248 1277 1299 1302 1325 1345 1354 1451 1475 1507 1513 1556 1621 1642 1712 1731 1749 1830 1947 
44 18 37 96 99 163 181 220 265 302 328 386 486 507 569 614 626 766 821 949 968 1044 1064 1066 1086 1151 1253 1269 1350 1407 1413 1460 1464 1492 1514 1540 1579 1623 1672 1750 1757 1798 1846 1883 1963 
53 18 85 109 127 138 155 204 233 236 269 296 332 351 424 455 465 525 552 573 578 755 883 930 1097 1133 1173 1247 1275 1314 1323 1341 1379 1403 1424 1443 1498 1519 1561 1579 1581 1593 1599 1629 1665 1686 1708 1738 1774 1791 1836 1943 1951 1966 
31 43 153 155 252 307 322 452 512 677 709 790 824 897 1033 1058 1122 1138 1250 1382 1409 1496 1519 1659 1684 1702 1777 1839 1873 1934 1945 1955 
37 69 106 136 206 207 233 343 516 561 583 637 674 732 760 777 836 933 997 1077 1213 1235 1236 1257 1399 1427 1487 1488 1561 1598 1622 1735 1781 1822 1835 1842 1863 1968 
47 25 36 46 134 203 204 267 273 289 301 340 421 423 459 474 494 503 535 597 601 627 671 937 988 1072 1153 1196 1198 1222 1268 1271 1404 1423 1444 1484 1538 1578 1580 1581 1585 1628 1677 1723 1883 1888 1903 1984 
43 54 67 76 100 112 222 306 335 336 337 422 505 509 534 542 575 619 638 712 742 753 778 830 938 956 971 1010 1028 1073 1194 1208 1315 1397 1522 1615 1627 1673 1742 1761 1780 1828 1887 1909 
35 84 213 244 248 309 361 384 496 551 640 752 824 902 907 908 1092 1145 1149 1176 1190 1209 1222 1334 1337 1400 1417 1444 1463 1466 1471 1475 1554 1602 1785 1824 
37 3 44 156 169 176 188 214 417 504 509 566 574 595 668 761 807 860 910 917 968 1027 1048 1054 1071 1079 1091 1134 1136 1161 1187 1268 1294 1316 1318 1512 1771 1775 
42 235 370 439 476 530 541 601 714 732 741 801 871 874 896 931 1139 1180 1205 1214 1284 1301 1302 1308 1317 1329 1354 1391 1424 1451 1537 1567 1572 1620 1630 1654 1670 1684 1758 1776 1802 1884 1896 
37 73 154 182 219 335 381 396 433 458 493 506 512 668 691 709 764 945 970 1000 1009 1010 1115 1276 1390 1391 1405 1426 1427 1493 1503 1668 1673 1714 1733 1771 1817 1997 
43 66 107 163 177 319 368 413 557 579 695 696 712 733 776 793 804 828 862 897 919 922 959 1230 1291 1292 1303 1307 1313 1335 1359 1409 1441 1461 1491 1492 1511 1555 1709 1730 1861 1919 1959 1974 
42 39 46 93 98 145 177 195 227 233 269 293 357 374 383 392 458 527 531 576 593 673 701 739 776 779 820 823 885 887 919 980 981 1078 1108 1279 1419 1445 1561 1671 1695 1839 1911 
44 27 62 79 301 401 410 489 669 677 680 684 690 811 821 870 893 899 925 939 988 1029 1076 1087 1132 1210 1277 1302 1339 1365 1428 1430 1471 1514 1575 1605 1644 1691 1796 1801 1821 1823 1863 1930 1953 
53 10 61 62 143 172 183 243 332 404 410 491 500 503 509 537 593 625 653 661 676 769 817 896 915 930 950 962 971 1023 1095 1145 1161 1183 1195 1196 1251 1324 1355 1403 1431 1439 1478 1516 1535 1579 1633 1641 1727 1818 1955 1975 1989 1998 
39 17 75 109 144 266 295 357 369 376 436 469 512 544 576 582 623 636 743 895 902 946 966 1028 1048 1087 1108 1122 1213 1221 1301 1309 1395 1688 1694 1769 1857 1902 1932 1962 
36 84 91 217 220 226 249 356 437 495 509 517 559 573 637 762 769 836 857 859 1032 1040 1069 1095 1206 1358 1359 1465 1565 1579 1716 1782 1822 1874 1902 1929 1986 
53 1 38 67 87 93 131 217 290 303 352 358 372 391 530 556 568 582 626 642 738 747 796 797 807 835 837 866 868 904 916 918 983 987 997 1052 1059 1071 1108 1114 1192 1198 1347 1398 1446 1510 1580 1688 1722 1750 1767 1859 1901 1933 
52 9 18 21 45 55 120 229 276 397 437 454 519 542 551 552 554 579 669 678 688 719 733 838 881 899 960 978 979 991 1024 1097 1233 1248 1318 1335 1350 1471 1509 1511 1518 1626 1639 1645 1647 1714 1728 1734 1785 1872 1907 1912 1948 
36 90 108 109 131 462 497 519 601 635 653 666 775 913 963 969 978 992 1039 1293 1301 1304 1532 1587 1620 1656 1676 1679 1740 1769 1783 1788 1820 1826 1860 1934 1976 
32 86 133 223 288 306 434 470 558 602 696 783 794 926 1013 1054 1106 1203 1249 1379 1383 1414 1485 1512 1527 1546 1578 1622 1625 1658 1775 1872 1905 
30 19 59 162 204 231 252 469 538 542 548 668 685 842 860 947 998 1090 1169 1191 1319 1376 1527 1529 1577 1662 1687 1819 1873 1944 1967 
46 40 61 182 201 303 359 428 445 496 513 515 521 553 562 674 736 768 777 806 943 993 1027 1089 1109 1149 1225 1270 1421 1455 1462 1482 1528 1541 1586 1669 1693 1739 1749 1788 1789 1853 1866 1901 1903 1947 1949 
43 7 47 135 175 262 316 328 330 349 371 379 381 545 565 570 605 612 621 635 649 714 876 899 931 953 972 998 1007 1015 1030 1077 1088 1112 1164 1237 1295 1410 1430 1503 1567 1687 1752 1878 
40 28 65 126 127 136 160 216 295 297 371 399 434 437 599 670 856 865 881 939 1015 1033 1172 1267 1305 1402 1484 1556 1566 1572 1639 1644 1661 1669 1685 1713 1770 1802 1817 1856 1928 
40 12 141 162 196 288 502 508 567 569 576 773 847 867 987 996 1120 1132 1152 1174 1186 1241 1315 1394 1396 1431 1433 1435 1511 1513 1528 1577 1595 1654 1670 1817 1823 1849 1923 1941 1943 
37 28 128 150 155 187 225 290 314 373 401 417 554 598 607 632 678 708 719 849 875 964 991 1006 1014 1027 1087 1126 1202 1252 1254 1272 1356 1393 1660 1686 1948 1987 
35 34 120 132 187 198 232 342 354 379 454 555 607 655 864 879 898 915 985 992 1087 1111 1132 1140 1151 1159 1173 1189 1293 1316 1318 1657 1710 1799 1841 1911 
43 20 54 92 228 266 291 303 333 352 393 409 435 475 485 491 493 573 577 675 682 806 809 826 1057 1213 1244 1273 1346 1377 1396 1510 1564 1566 1725 1772 1782 1790 1793 1799 1801 1855 1877 1951 
36 19 93 138 156 200 256 301 306 308 330 349 369 442 478 669 758 824 886 1047 1201 1206 1291 1336 1387 1388 1397 1448 1456 1468 1673 1680 1751 1854 1955 1975 1985 
50 26 38 128 140 179 185 194 201 221 249 302 353 452 453 457 477 563 596 598 711 753 868 899 904 920 937 963 1078 1080 1122 1180 1221 1267 1291 1293 1347 1351 1394 1422 1453 1462 1487 1530 1558 1646 1682 1770 1784 1961 1981 
48 1 49 52 107 235 239 250 272 391 397 434 458 507 533 580 592 627 637 645 731 864 903 911 955 969 999 1009 1031 1082 1135 1150 1155 1267 1333 1353 1377 1416 1457 1491 1518 1519 1533 1577 1617 1659 1813 1944 1994 
36 15 146 234 271 293 298 334 452 606 655 729 818 826 905 907 941 1044 1075 1123 1193 1209 1212 1292 1324 1360 1413 1417 1435 1508 1693 1727 1733 1741 1865 1874 1986 
43 8 29 165 282 285 310 353 361 411 547 632 680 688 715 732 808 824 886 900 932 1030 1031 1099 1114 1138 1176 1238 1250 1299 1356 1442 1452 1486 1510 1554 1640 1715 1801 1805 1827 1856 1975 1984 
54 0 84 236 278 328 331 338 388 622 664 685 738 766 774 780 798 799 821 875 900 949 964 989 1001 1030 1106 1127 1142 1175 1230 1306 1322 1335 1352 1353 1398 1411 1415 1465 1536 1610 1614 1684 1689 1691 1732 1751 1767 1779 1857 1905 1913 1920 1954 
34 71 117 197 219 230 242 273 285 377 393 484 521 528 543 618 755 821 836 864 874 875 923 1078 1168 1320 1357 1365 1422 1454 1459 1461 1490 1835 1933 
37 46 69 180 193 197 292 303 325 601 636 686 731 776 885 977 999 1008 1037 1065 1108 1217 1222 1231 1277 1394 1446 1463 1504 1527 1539 1619 1734 1813 1829 1925 1948 1974 
41 41 72 88 131 133 134 139 158 230 232 237 265 328 341 352 388 469 485 573 619 639 653 690 736 827 859 874 902 912 934 965 995 1183 1232 1364 1461 1467 1698 1845 1850 1987 
34 19 23 49 86 154 160 232 237 398 673 717 733 789 846 902 952 1017 1035 1114 1117 1165 1189 1219 1229 1281 1430 1520 1529 1601 1729 1750 1804 1843 1990 
39 1 119 245 246 339 370 392 408 419 436 484 652 683 712 733 770 804 825 856 932 950 988 996 1269 1323 1334 1441 1463 1470 1516 1647 1690 1705 1771 1821 1830 1905 1916 1986 
45 24 35 39 65 70 130 135 162 195 226 283 337 390 409 447 472 536 592 609 638 724 761 806 841 889 930 1031 1107 1225 1266 1299 1352 1354 1410 1462 1554 1596 1601 1690 1720 1754 1787 1797 1934 1960 
45 20 64 66 101 121 171 178 198 259 336 357 434 496 502 504 517 632 651 670 877 978 991 1027 1185 1212 1271 1341 1402 1418 1440 1449 1451 1511 1531 1587 1647 1726 1752 1757 1851 1865 1874 1906 1918 1968 
46 43 70 110 118 195 305 309 355 395 510 513 529 595 674 746 768 809 844 858 866 878 932 963 1016 1041 1091 1248 1287 1298 1300 1334 1410 1445 1451 1454 1599 1614 1845 1852 1894 1902 1918 1941 1945 1990 1996 
45 17 53 57 113 148 154 207 240 305 354 416 464 495 551 580 627 635 663 669 698 721 793 879 1056 1090 1117 1191 1295 1303 1344 1357 1367 1445 1548 1602 1619 1630 1737 1747 1882 1942 1944 1968 1970 1985 
34 84 90 138 185 309 382 426 530 686 752 755 756 811 869 886 889 1059 1091 1187 1197 1224 1343 1377 1396 1401 1406 1457 1508 1532 1760 1822 1841 1917 1952 
48 10 82 93 154 175 219 382 479 490 521 549 567 592 617 621 654 732 759 768 787 799 821 843 855 857 1096 1106 1152 1160 1184 1203 1205 1267 1275 1288 1351 1377 1450 1662 1669 1768 1829 1877 1902 1927 1941 1945 1957 
30 199 286 378 405 421 540 559 568 576 594 667 831 864 927 1094 1103 1115 1122 1401 1488 1583 1636 1719 1724 1727 1760 1818 1864 1902 1924 
34 1 45 114 184 230 256 288 299 319 452 456 514 566 643 736 757 787 898 918 929 942 1120 1222 1228 1249 1254 1280 1286 1507 1547 1849 1865 1920 1990 
36 2 61 88 92 333 463 483 572 575 646 665 675 722 769 877 952 977 1047 1086 1101 1158 1181 1252 1255 1306 1336 1350 1485 1598 1617 1691 1822 1832 1854 1904 1935 
41 37 70 158 159 193 204 234 249 310 446 499 519 534 582 585 628 633 675 743 793 807 848 858 861 875 953 955 1274 1332 1359 1382 1395 1431 1497 1542 1622 1685 1753 1793 1890 1924 
45 22 24 45 67 76 154 253 269 304 317 393 416 438 480 619 691 694 715 861 883 887 897 901 933 983 1151 1166 1180 1182 1254 1260 1333 1398 1556 1557 1563 1592 1608 1686 1786 1799 1804 1825 1891 1969 
34 18 29 171 258 294 330 370 409 479 600 771 850 897 911 1049 1050 1088 1110 1111 1149 1373 1469 1476 1589 1611 1638 1748 1794 1818 1845 1856 1939 1950 1984 
35 41 136 205 304 486 511 517 571 580 633 691 777 806 829 1034 1074 1090 1176 1189 1383 1427 1448 1457 1472 1493 1522 1629 1658 1705 1823 1904 1921 1950 1968 1997 
42 21 90 95 155 202 233 320 366 390 530 634 636 755 765 794 849 862 979 1033 1048 1052 1083 1165 1203 1305 1318 1338 1359 1424 1455 1580 1600 1680 1700 1785 1855 1869 1894 1927 1941 1967 1971 
40 65 114 115 120 264 288 334 350 365 380 418 457 595 649 667 784 800 815 819 945 1100 1125 1170 1173 1233 1316 1319 1464 1469 1487 1509 1537 1583 1585 1655 1670 1755 1829 1919 1943 
39 36 61 110 193 207 265 283 308 373 426 568 620 710 712 720 775 786 965 968 1012 1036 1131 1162 1203 1291 1333 1350 1453 1470 1505 1570 1623 1633 1644 1684 1744 1794 1887 1987 
38 70 144 186 194 305 307 439 507 562 565 614 617 629 668 691 735 748 759 809 822 883 980 1028 1093 1143 1156 1186 1219 1315 1420 1474 1490 1554 1624 1645 1823 1843 1944 
37 104 135 140 247 297 324 383 428 510 555 579 718 794 858 903 988 1220 1272 1281 1331 1363 1473 1493 1565 1640 1649 1685 1705 1715 1750 1755 1773 1795 1808 1809 1922 1972 
50 4 40 68 71 85 133 191 196 210 222 277 296 349 372 377 408 488 586 606 656 664 715 936 995 1055 1142 1162 1172 1203 1260 1343 1391 1458 1468 1481 1531 1550 1565 1652 1706 1723 1731 1733 1751 1769 1855 1873 1897 1908 1952 
33 74 102 184 290 411 444 490 492 576 734 875 999 1030 1098 1101 1129 1270 1352 1357 1381 1399 1460 1588 1615 1619 1667 1679 1777 1854 1869 1875 1902 1959 
29 5 15 193 197 266 510 532 554 575 687 912 923 926 993 994 1002 1006 1049 1153 1237 1339 1358 1523 1544 1577 1603 1647 1732 1944 
39 6 88 105 154 335 351 361 421 532 540 641 653 658 668 688 718 737 772 779 829 977 982 986 1017 1135 1155 1214 1359 1397 1425 1453 1506 1623 1660 1666 1740 1755 1805 1906 
36 86 89 265 467 536 594 606 649 770 794 800 816 832 876 931 947 988 1032 1035 1089 1124 1167 1310 1477 1525 1615 1621 1645 1672 1707 1810 1853 1863 1872 1885 1995 
31 36 39 66 73 230 292 333 404 407 435 526 558 791 1038 1091 1113 1141 1149 1178 1256 1380 1517 1625 1642 1688 1713 1793 1840 1864 1919 1996 
42 57 95 214 235 318 331 415 416 418 420 446 493 498 596 662 670 693 751 837 850 874 947 959 961 987 990 1049 1062 1065 1222 1261 1292 1306 1376 1466 1486 1582 1675 1682 1711 1797 1810 
32 85 143 160 318 482 483 515 541 577 584 593 595 710 853 887 911 954 982 1179 1192 1235 1400 1512 1517 1689 1698 1710 1764 1769 1781 1830 1857 
32 4 7 51 257 321 388 451 456 512 640 693 786 808 893 996 1088 1190 1195 1206 1364 1392 1514 1524 1529 1530 1533 1690 1718 1731 1772 1936 1960 
43 5 17 36 66 77 156 157 164 372 382 531 545 552 677 841 853 860 876 962 1028 1037 1116 1188 1195 1199 1215 1234 1291 1294 1314 1323 1327 1595 1614 1642 1698 1798 1849 1888 1922 1953 1988 1989 
31 30 36 39 230 267 372 413 425 511 514 539 628 710 731 744 757 844 966 1113 1247 1249 1268 1289 1300 1309 1348 1378 1559 1560 1765 1988 
33 52 147 165 213 215 232 336 398 404 445 535 547 555 598 600 725 928 1019 1055 1116 1158 1197 1258 1374 1396 1470 1626 1675 1680 1826 1868 1956 1996 
47 53 55 63 115 116 166 235 242 276 322 371 490 520 524 632 688 768 857 877 901 951 1051 1096 1097 1104 1107 1156 1219 1319 1373 1411 1412 1415 1469 1503 1552 1556 1651 1675 1722 1726 1735 1736 1752 1779 1880 1973 
33 64 155 218 295 304 441 466 522 602 603 604 611 622 739 860 964 1015 1029 1122 1189 1220 1223 1247 1281 1325 1338 1467 1725 1781 1918 1921 1947 1973 
30 127 168 209 305 347 427 452 490 557 682 753 780 922 945 995 1107 1312 1339 1341 1428 1538 1609 1653 1685 1745 1879 1897 1911 1981 1990 
39 2 107 193 195 260 289 424 492 553 634 662 667 711 726 761 807 841 865 904 963 1026 1045 1076 1121 1256 1380 1387 1415 1449 1477 1619 1670 1672 1685 1703 1803 1820 1879 1991 
37 42 80 137 141 155 161 265 304 440 484 511 563 564 619 702 756 760 791 857 872 970 1026 1047 1170 1188 1231 1536 1641 1674 1729 1838 1876 1889 1919 1949 1983 1985 
34 20 39 106 133 254 277 337 349 355 360 390 409 490 748 789 825 876 898 920 934 1014 1107 1119 1223 1249 1433 1484 1600 1717 1795 1817 1831 1921 1924 
