200 2000
145 300
51 337
322 700
89 260
79 484
3 31
4 63
294 295
48 85
472 505
63 70
135 649
376 382
60 115
905 917
94 373
2 25
77 421
480 564
366 664
207 851
282 508
116 296
250 267
66 119
809 908
0 67
231 732
315 733
344 754
166 308
167 362
258 282
818 869
167 458
214 308
23 67
687 709
26 269
313 716
232 420
559 932
184 225
458 685
314 784
18 153
534 641
79 122
388 524
363 425
266 606
58 470
7 24
561 863
37 44
356 427
304 460
692 971
137 174
180 263
168 829
287 292
605 679
450 574
126 262
813 818
114 217
432 487
26 276
211 905
228 982
150 262
91 492
99 847
365 882
336 364
53 162
283 804
612 706
35 82
64 699
69 133
93 108
627 744
36 382
157 964
330 371
258 308
377 854
208 382
41 671
159 524
417 681
288 472
168 624
652 686
41 435
423 610
531 877
43 263
219 675
761 808
312 348
87 467
203 468
127 626
411 498
69 83
49 82
589 993
418 497
18 298
88 143
87 204
108 122
262 334
70 418
222 238
14 156
404 660
37 557
102 737
3 489
268 278
0 5
262 835
44 54
35 428
16 55
501 845
499 592
92 125
770 806
195 231
47 966
117 229
436 627
94 255
662 795
18 138
450 746
21 460
57 643
363 707
204 376
69 715
63 358
299 603
525 778
362 439
5 118
30 668
655 672
177 653
39 153
86 403
65 295
244 318
42 831
864 961
72 407
203 301
466 983
48 98
78 168
445 632
492 500
32 91
107 337
42 51
111 148
1 1
533 718
100 115
28 33
110 395
297 429
124 413
282 292
77 483
175 630
1 120
139 409
61 198
100 982
162 892
619 878
433 782
428 529
170 184
50 486
89 849
857 970
655 933
9 103
106 656
517 977
310 393
338 345
111 333
710 781
645 994
427 500
24 477
166 955
349 536
612 800
190 310
243 833
612 710
128 147
311 601
11 146
296 343
292 966
523 910
165 768
140 328
250 768
174 219
1 740
155 286
238 344
41 154
115 312
71 130
301 703
35 660
195 257
24 836
277 288
41 51
49 232
101 436
84 99
270 646
301 352
114 216
273 846
405 523
59 111
0 827
162 366
123 926
552 598
36 145
66 258
228 410
517 621
305 654
160 227
422 640
88 269
157 163
65 320
10 939
319 531
18 43
174 294
111 321
573 993
287 798
33 138
179 209
60 273
345 545
298 448
36 999
13 100
167 878
130 171
302 881
299 386
61 998
64 210
10 24
215 691
588 955
27 124
465 891
23 81
122 193
24 37
5 12
867 892
66 164
20 252
241 970
205 662
681 743
328 387
71 935
160 342
122 327
583 979
43 565
647 660
53 109
144 607
221 307
135 136
546 774
34 687
48 72
399 594
208 804
62 94
195 572
606 726
348 355
54 298
387 826
61 554
91 144
144 167
26 66
713 999
41 167
230 319
96 640
479 928
519 775
670 844
191 856
31 124
586 821
92 442
597 905
196 214
1 626
121 887
150 505
125 131
225 544
20 24
159 664
537 655
46 170
82 136
173 829
417 935
17 698
397 700
21 308
56 112
79 361
58 92
246 336
403 944
65 217
100 685
42 325
119 174
168 190
643 761
325 402
98 731
364 448
917 962
25 264
192 628
742 760
154 894
72 241
281 420
31 638
443 528
331 535
23 31
175 186
148 329
185 381
340 966
110 558
256 359
243 615
408 746
11 23
891 904
234 652
28 50
468 605
242 727
267 392
124 581
158 266
60 889
38 226
11 82
104 428
72 230
34 343
2 46
83 210
168 338
137 569
171 501
239 390
21 187
533 882
146 329
587 845
95 481
172 783
209 404
19 527
664 946
341 524
403 797
505 780
737 950
426 489
443 643
61 329
33 51
154 738
1 185
410 549
748 783
38 587
275 351
123 317
759 861
607 869
475 580
415 630
151 671
161 686
126 191
31 967
167 885
279 984
81 331
76 372
358 704
218 920
311 842
38 798
123 160
438 784
103 524
134 442
157 450
175 798
453 627
0 0
45 306
663 803
755 914
27 51
419 549
234 394
561 714
166 914
125 414
175 548
208 879
52 70
355 427
106 160
68 139
76 148
6 878
99 461
11 181
11 599
125 188
2 26
551 885
365 630
591 964
371 467
570 725
363 689
401 887
86 778
38 665
146 768
0 32
74 115
367 449
55 82
18 57
180 205
40 80
623 881
709 793
171 516
150 267
302 305
31 530
67 454
1 2
58 382
457 836
25 43
246 313
369 945
91 188
73 897
82 221
211 516
846 917
196 288
173 227
312 321
117 142
293 680
409 638
8 214
187 297
135 166
90 207
795 855
58 83
2 345
604 931
171 855
318 758
655 698
267 971
111 751
227 901
413 1000
235 272
308 973
23 176
56 967
415 797
138 254
207 646
28 112
185 458
216 622
12 547
156 644
352 407
384 786
524 877
350 578
279 374
31 363
4 210
64 259
476 951
87 229
250 858
12 31
155 338
402 761
88 599
326 611
470 550
3 5
263 409
59 268
624 684
290 373
116 176
583 888
245 533
854 978
369 370
432 714
3 24
104 233
348 865
363 832
503 902
136 926
20 685
17 413
388 622
379 515
367 872
20 323
68 213
364 608
357 893
253 288
20 677
336 623
29 32
212 907
11 36
56 83
210 773
40 106
677 823
98 216
581 881
181 468
363 907
124 182
68 159
771 825
706 871
7 71
10 273
220 711
383 428
95 114
281 738
68 265
95 183
201 289
125 136
414 659
222 709
626 775
49 939
77 297
159 527
625 819
73 99
505 977
745 868
154 285
82 407
31 137
411 593
84 723
5 244
581 712
205 468
70 450
34 671
58 59
123 202
504 958
391 449
162 181
230 804
495 756
210 336
77 756
42 42
560 731
259 563
551 672
146 279
0 3
318 628
27 94
813 864
91 624
9 359
87 306
23 62
127 377
286 917
314 474
171 701
109 125
26 143
914 916
359 375
278 414
11 238
231 897
99 541
101 863
516 926
448 731
10 92
97 588
695 845
661 762
8 91
191 199
56 155
427 451
53 53
295 953
11 184
270 410
4 8
540 582
230 640
221 946
1 18
74 116
201 407
175 644
188 893
274 513
379 395
12 25
40 70
334 527
588 800
87 324
72 142
150 248
78 395
150 434
17 51
75 116
251 905
142 418
424 827
568 989
162 221
156 336
252 433
420 835
326 511
68 223
64 125
118 172
214 555
348 976
41 403
125 325
180 936
352 442
462 893
252 258
297 803
61 314
33 621
57 344
383 507
151 844
138 310
23 64
16 55
42 77
638 803
210 961
112 464
329 539
27 349
115 870
621 950
227 267
86 279
35 684
53 281
138 521
319 737
28 249
71 107
289 844
82 663
343 637
721 920
601 993
62 686
113 166
382 485
120 441
138 346
39 77
672 897
457 800
404 629
192 232
243 590
119 177
212 302
469 976
141 428
505 769
153 287
157 199
247 444
67 133
369 710
678 948
16 895
96 197
6 20
631 914
300 550
42 723
214 261
262 490
91 123
237 612
546 611
65 916
240 282
118 158
112 131
343 360
578 713
154 391
383 967
234 392
188 691
38 796
139 407
270 884
186 612
734 908
523 706
135 284
48 99
24 158
433 599
111 495
154 194
285 302
45 830
18 283
95 189
374 759
538 850
570 613
104 241
570 759
187 670
333 696
86 396
387 853
434 723
490 928
611 793
634 922
606 727
266 704
36 119
4 40
474 588
811 883
759 818
929 954
801 823
490 651
23 82
381 685
11 14
439 594
485 807
532 711
96 111
20 23
482 594
97 443
145 199
181 474
544 571
506 719
39 571
144 490
69 136
28 33
246 486
6 12
20 201
69 293
7 779
36 155
222 453
167 790
237 450
396 826
258 380
400 786
576 760
226 579
315 328
481 768
75 486
20 74
27 929
208 239
4 22
602 669
754 855
822 916
242 261
1 795
34 66
25 650
224 871
408 776
22 75
123 193
142 190
239 517
2 4
429 772
168 876
153 834
296 586
551 986
35 55
71 216
49 68
315 700
257 374
207 750
140 551
112 430
314 330
132 832
248 867
270 316
235 467
240 440
102 685
63 543
378 585
297 590
329 385
275 432
342 690
357 394
2 11
99 137
718 723
1 35
88 283
340 518
294 495
36 137
233 247
8 372
50 497
167 401
339 913
552 621
155 285
713 810
567 891
130 737
209 219
608 739
50 294
102 466
97 227
307 684
16 179
3 24
19 992
618 838
67 240
527 566
375 836
37 226
170 470
408 862
21 615
232 885
69 315
319 456
141 193
208 383
475 538
252 289
203 265
164 685
6 55
185 471
150 382
203 257
419 543
166 484
15 26
67 585
112 450
413 447
168 281
148 277
330 855
218 507
54 292
381 909
204 210
400 705
541 718
20 28
111 342
31 509
57 336
214 667
255 585
5 83
69 388
737 933
105 233
355 611
611 711
508 629
60 333
123 560
172 458
455 492
177 729
433 787
14 27
158 327
741 806
777 785
148 399
471 723
187 366
114 305
112 219
62 513
31 822
70 795
26 43
463 748
19 497
787 976
2 2
103 302
24 300
207 875
20 79
113 487
417 815
38 108
189 202
20 156
744 831
335 564
445 718
183 210
645 873
551 759
125 488
799 859
170 178
538 799
243 779
181 824
181 447
329 590
122 841
189 328
7 363
516 730
280 374
250 456
84 511
113 672
14 215
59 81
332 743
599 912
656 864
609 774
228 333
26 919
430 488
435 547
419 437
158 183
136 344
376 818
117 376
12 114
48 346
250 426
536 658
177 233
765 862
249 565
427 470
532 982
50 178
50 265
75 149
112 225
386 976
525 594
748 774
17 123
144 160
567 683
79 93
11 546
116 191
227 915
59 123
109 398
273 686
0 18
486 526
514 770
612 753
97 340
78 239
29 81
307 799
678 995
127 483
196 309
13 19
279 411
163 278
674 955
7 196
851 948
227 570
123 181
333 481
141 174
102 106
191 410
58 68
15 61
415 483
117 727
359 683
170 223
413 774
229 582
30 66
100 353
465 674
467 807
9 43
154 280
203 225
455 629
70 237
56 639
452 521
213 249
51 126
288 351
167 531
30 61
339 511
185 345
741 994
431 718
236 256
97 301
575 851
11 230
5 39
200 265
60 926
356 672
412 522
500 632
92 681
125 125
882 928
495 980
83 90
430 515
100 347
181 190
169 923
120 235
23 497
150 536
312 779
104 485
129 204
137 531
199 520
64 137
49 116
208 815
119 407
312 366
16 16
593 754
539 593
222 825
491 720
152 822
5 301
163 984
10 295
171 404
147 181
70 94
393 701
317 822
588 771
76 410
19 25
158 857
203 399
36 39
89 177
2 8
481 730
494 698
254 334
313 377
151 790
89 114
418 717
241 621
93 330
28 272
108 215
100 840
642 806
51 104
328 602
47 257
590 606
236 655
95 283
16 25
154 615
278 290
130 234
328 606
478 816
157 375
70 308
108 847
171 915
33 224
320 711
32 114
177 595
102 600
283 901
419 594
106 238
388 855
65 541
2 7
252 632
661 834
96 866
253 804
538 691
951 992
25 150
45 180
15 20
687 937
274 684
158 209
154 335
638 896
15 422
356 457
498 779
49 54
737 896
91 292
12 107
168 255
22 266
400 864
81 406
70 264
627 754
107 125
107 445
800 966
392 955
43 688
139 223
697 773
169 886
159 664
75 209
15 757
13 15
335 340
36 128
181 284
6 16
644 649
499 705
319 819
16 165
26 301
368 748
367 742
584 618
426 776
569 932
753 864
160 538
296 425
32 147
548 718
0 1
41 220
601 672
129 556
47 144
312 773
92 977
289 994
854 939
149 519
100 260
253 262
219 712
422 680
922 928
152 235
640 682
364 440
150 173
64 489
172 820
762 988
698 739
74 123
59 744
89 153
372 616
81 378
254 726
556 651
53 364
614 764
47 70
232 766
25 362
796 891
491 812
247 334
214 464
239 310
528 958
569 598
389 579
468 885
624 665
269 364
157 382
268 681
119 200
605 840
416 713
450 484
471 960
205 946
385 829
439 946
295 664
825 887
28 615
153 365
12 95
1 30
689 726
836 874
596 702
449 973
331 682
828 911
200 634
85 142
408 619
170 449
797 844
185 523
269 429
22 162
372 927
91 126
408 500
298 307
209 221
461 539
470 686
100 884
28 113
456 995
93 259
12 475
100 723
605 886
405 579
85 565
66 197
295 857
434 538
9 782
71 408
311 561
277 563
282 360
434 439
34 443
261 519
88 504
110 218
93 569
33 99
841 922
254 738
236 367
63 906
574 964
107 510
18 23
75 934
398 919
244 387
179 416
27 93
50 86
117 694
693 975
769 782
115 538
10 169
383 682
132 228
107 888
223 693
98 542
225 555
131 181
366 428
0 173
693 819
304 371
332 339
195 216
436 616
795 821
9 36
24 115
336 786
1 35
174 255
83 209
99 396
308 311
228 475
173 968
307 408
92 208
442 600
220 339
450 594
584 964
376 503
635 701
213 266
581 583
649 980
307 313
506 923
47 335
34 42
63 532
332 548
140 764
219 353
58 131
4 11
250 450
744 802
349 527
129 225
492 790
385 427
402 627
278 444
81 437
290 569
319 566
334 666
259 471
102 301
777 883
70 355
399 432
11 959
327 361
152 768
174 301
220 304
40 558
633 751
371 846
140 636
84 253
28 317
97 303
292 535
6 12
20 20
502 874
324 393
4 114
58 61
179 187
21 157
455 508
811 874
313 329
264 609
71 256
5 495
54 449
119 216
31 214
12 17
285 920
185 188
51 95
91 341
105 276
568 581
416 889
179 198
329 868
111 229
79 555
269 321
824 971
592 980
286 839
37 165
298 476
124 894
20 65
502 508
374 844
147 153
174 974
108 252
144 214
521 531
128 246
611 622
187 188
664 888
149 832
384 568
74 100
76 247
105 955
202 205
413 570
413 653
719 896
24 63
275 319
74 572
188 254
69 186
582 618
420 715
227 309
391 813
214 519
911 955
23 23
20 32
16 51
261 447
359 522
73 510
348 934
169 274
740 757
307 534
45 131
25 56
46 137
93 317
30 54
221 507
202 380
193 713
36 157
545 552
79 444
668 716
270 795
151 204
26 123
193 595
48 552
383 749
497 644
159 467
152 195
649 681
428 867
414 759
176 830
82 594
48 66
271 335
6 98
137 671
446 981
89 605
231 983
134 183
38 143
25 39
212 999
915 938
309 324
492 832
40 285
3 30
238 550
194 915
789 830
85 108
791 798
510 867
109 287
166 469
5 147
396 596
217 910
678 806
25 220
399 446
124 171
210 343
893 901
4 36
464 487
220 307
305 723
116 467
172 431
585 682
138 242
12 176
21 32
130 626
177 233
60 401
203 291
67 348
52 59
777 961
10 168
46 363
59 691
536 791
553 934
107 220
115 553
171 177
55 355
419 570
29 105
84 264
226 671
722 747
157 332
498 512
629 885
135 742
341 785
21 438
186 774
11 593
46 131
80 116
196 200
164 290
293 611
539 587
101 105
282 897
195 376
75 381
192 207
46 599
39 51
125 218
109 974
307 391
326 734
315 827
236 383
294 394
221 468
43 473
392 872
885 952
306 907
195 350
331 515
119 448
361 638
529 981
107 131
18 566
72 144
125 502
509 924
614 648
548 583
412 543
147 235
242 301
11 63
202 335
134 567
692 772
126 504
192 415
205 529
7 218
895 996
17 140
438 686
145 383
551 688
179 909
82 195
153 223
372 888
358 505
155 789
228 977
33 79
195 196
489 613
602 751
102 315
36 92
38 961
52 502
9 23
1 37
93 783
492 733
788 798
55 222
7 787
191 449
664 714
723 889
9 51
619 951
41 88
254 881
396 602
54 94
356 583
281 833
31 32
274 733
267 302
419 433
508 853
457 550
484 999
175 260
440 638
199 245
254 462
79 358
244 505
435 566
161 374
570 944
24 63
57 78
517 563
472 483
77 119
125 212
46 126
607 927
123 253
407 920
26 180
43 819
482 799
280 668
33 40
692 714
50 220
270 780
881 923
274 539
7 11
98 367
10 19
280 445
7 103
83 125
501 586
744 896
478 996
70 673
3 255
195 811
82 146
31 129
259 565
14 230
202 258
1 459
52 131
469 528
106 146
58 509
615 854
16 30
28 214
203 415
270 447
20 49
357 410
380 733
433 724
77 114
21 99
120 791
60 63
0 0
100 119
53 690
394 413
207 478
445 445
2 23
347 618
314 806
4 292
344 504
161 523
222 864
43 84
136 299
102 162
277 326
206 363
130 141
226 640
56 171
257 594
147 225
454 821
4 444
205 338
65 89
334 391
96 123
567 637
53 532
17 47
242 403
7 250
175 176
54 147
26 95
183 374
18 465
85 153
64 118
304 680
405 748
45 226
153 946
446 948
105 390
224 337
220 227
176 217
86 312
199 520
45 66
109 965
817 877
114 737
240 637
230 272
696 788
213 916
455 809
251 880
230 332
76 388
597 803
726 728
20 112
33 664
43 540
25 196
59 142
240 298
808 822
462 498
67 201
412 793
123 599
58 95
207 572
209 495
116 512
1 30
29 763
1 46
43 613
106 543
38 936
90 139
67 341
178 209
354 627
136 232
91 537
42 764
177 236
46 944
238 330
337 776
168 610
60 85
102 942
1 236
232 519
220 421
19 783
224 1000
146 163
123 170
85 96
353 409
178 558
388 623
49 50
146 204
225 267
22 24
726 919
62 130
22 196
43 78
382 681
150 503
276 312
102 174
12 58
102 181
600 844
133 314
498 579
120 582
114 137
37 717
118 954
856 934
259 511
39 258
68 246
4 41
789 853
375 468
17 21
571 972
56 542
375 546
690 781
249 280
110 216
32 81
99 261
7 582
24 39
360 503
183 316
116 152
524 940
264 274
394 813
22 66
283 962
401 946
122 509
229 590
545 909
258 603
127 582
385 715
639 835
529 633
122 294
48 101
253 838
453 521
171 311
381 609
334 854
754 855
15 311
60 667
698 807
12 32
879 1000
239 521
37 41 104 127 161 238 251 269 328 376 406 438 597 642 735 754 882 1013 1105 1136 1165 1177 1178 1200 1283 1294 1296 1352 1421 1425 1436 1541 1556 1651 1653 1712 1774 1825 
45 14 253 336 362 393 407 439 443 462 645 720 735 788 813 840 845 927 961 968 997 1006 1090 1295 1342 1350 1447 1452 1515 1625 1637 1664 1692 1699 1705 1735 1750 1752 1794 1816 1826 1838 1844 1846 1858 1969 
29 29 116 260 301 351 488 586 612 640 797 825 836 980 984 1091 1172 1177 1187 1204 1335 1524 1542 1690 1695 1732 1842 1875 1910 1951 
39 4 13 36 155 162 350 389 485 529 656 716 812 832 880 899 930 951 954 962 1164 1277 1279 1287 1322 1333 1334 1389 1409 1421 1474 1508 1603 1616 1658 1678 1685 1915 1927 1931 
43 90 110 146 156 170 175 221 420 476 495 536 552 554 599 614 655 673 711 717 758 767 791 803 914 946 980 993 1216 1231 1270 1355 1445 1485 1505 1557 1584 1589 1644 1694 1701 1749 1917 1923 
48 59 83 124 130 151 167 174 206 330 474 561 587 594 691 699 716 771 839 884 949 951 967 979 1007 1052 1132 1164 1193 1207 1253 1317 1344 1363 1376 1400 1423 1490 1562 1584 1599 1606 1677 1731 1823 1824 1892 1929 1962 
49 106 139 164 167 202 219 356 405 415 447 452 507 575 578 646 660 689 742 884 905 945 946 1157 1171 1176 1210 1211 1271 1320 1325 1334 1356 1380 1421 1515 1535 1539 1568 1651 1754 1766 1767 1778 1829 1833 1891 1901 1964 1978 
55 17 63 65 88 130 142 160 161 276 321 374 445 453 472 525 538 560 643 672 738 769 786 804 805 830 837 868 877 903 917 927 1061 1134 1140 1149 1257 1269 1274 1291 1464 1532 1567 1579 1589 1599 1600 1693 1735 1756 1777 1783 1796 1853 1918 1922 
29 8 25 61 106 129 220 318 412 469 573 749 1013 1057 1208 1263 1291 1329 1338 1405 1449 1466 1530 1684 1726 1801 1803 1831 1930 1956 
35 41 85 96 127 284 335 455 481 556 590 602 611 709 721 739 754 787 789 828 935 1003 1098 1110 1350 1369 1398 1424 1463 1472 1489 1562 1613 1652 1669 1901 
33 63 68 127 148 168 261 266 271 328 331 342 375 394 486 505 581 589 708 765 775 792 846 897 1028 1051 1128 1267 1376 1557 1560 1583 1824 1969 
33 10 27 44 53 129 158 208 245 270 278 294 550 625 674 678 688 774 829 878 945 960 1110 1219 1455 1501 1523 1573 1616 1702 1727 1839 1924 1951 
34 31 41 86 109 129 160 179 230 231 435 503 581 623 737 757 787 889 1060 1084 1086 1107 1123 1185 1232 1444 1484 1562 1602 1620 1793 1818 1858 1909 1990 
34 61 79 81 83 149 240 263 389 445 446 484 491 529 708 821 830 836 874 901 959 1086 1138 1180 1199 1273 1331 1404 1465 1535 1686 1793 1800 1820 1993 
37 113 169 180 267 320 470 523 554 634 723 746 810 814 866 904 1117 1124 1224 1247 1264 1294 1326 1393 1394 1453 1520 1523 1537 1543 1564 1596 1605 1638 1709 1774 1946 1986 
30 11 271 332 389 427 537 578 631 698 744 910 959 1106 1162 1310 1474 1509 1533 1548 1624 1700 1716 1751 1756 1761 1834 1838 1894 1920 1923 
43 43 77 106 203 211 238 385 395 400 402 410 459 481 508 645 659 749 787 808 840 845 897 974 1050 1094 1110 1153 1399 1448 1502 1513 1581 1617 1634 1641 1723 1729 1753 1770 1794 1910 1917 1994 
39 20 111 112 113 138 142 190 217 250 268 282 551 557 560 568 578 657 670 695 827 911 924 978 984 1016 1020 1186 1292 1328 1353 1355 1454 1692 1756 1857 1906 1940 1941 1958 
39 25 38 108 166 175 469 487 518 546 618 664 722 771 802 924 945 959 997 1006 1029 1036 1153 1154 1160 1194 1300 1334 1370 1375 1461 1536 1646 1718 1724 1734 1829 1851 1867 1954 
38 72 250 254 313 331 387 388 478 485 553 579 715 813 972 1071 1079 1109 1111 1177 1192 1205 1264 1275 1276 1282 1455 1549 1578 1663 1688 1707 1737 1760 1811 1819 1837 1867 1907 
32 2 130 163 186 200 241 289 377 448 575 633 743 795 874 935 965 1018 1126 1150 1210 1234 1239 1314 1461 1485 1504 1636 1671 1728 1740 1820 1992 
47 21 48 108 123 251 292 296 302 372 401 486 506 531 581 740 804 858 880 891 932 935 945 990 1026 1151 1174 1320 1321 1326 1354 1401 1436 1445 1515 1530 1544 1560 1618 1657 1792 1862 1881 1882 1950 1968 1971 1991 
40 74 169 175 234 263 303 369 375 419 462 482 804 972 989 999 1012 1026 1039 1093 1156 1174 1188 1252 1268 1384 1390 1395 1414 1444 1467 1475 1533 1598 1714 1848 1853 1871 1876 1921 1970 
40 3 60 77 85 211 277 301 332 422 472 488 556 578 584 788 821 926 978 980 995 1019 1051 1110 1129 1182 1188 1300 1307 1495 1505 1519 1676 1699 1721 1817 1828 1839 1870 1893 1950 
31 45 166 178 220 250 271 315 513 619 625 638 641 651 741 761 839 961 976 1062 1075 1118 1225 1318 1321 1368 1388 1531 1681 1715 1774 1775 
39 121 127 151 229 388 390 398 529 594 648 712 756 781 827 831 888 905 963 1009 1018 1026 1040 1043 1060 1081 1126 1255 1274 1340 1538 1550 1559 1663 1684 1708 1711 1833 1872 1969 
36 111 171 265 273 323 349 354 369 376 394 423 449 567 590 699 737 753 754 816 822 831 852 912 1128 1151 1262 1285 1293 1298 1315 1521 1530 1545 1666 1728 1967 
52 139 146 172 259 293 329 468 533 598 633 687 709 718 719 723 753 764 836 878 884 1002 1039 1071 1073 1075 1089 1122 1136 1171 1173 1174 1209 1228 1285 1317 1398 1518 1535 1540 1571 1615 1634 1640 1665 1691 1755 1791 1801 1866 1870 1899 1970 
36 63 162 242 302 308 310 336 391 416 440 485 516 534 553 574 770 809 1000 1012 1089 1148 1201 1247 1351 1426 1445 1451 1458 1506 1516 1616 1625 1694 1755 1770 1817 
46 39 253 301 357 363 378 390 436 530 620 677 741 798 804 837 875 878 982 1033 1049 1066 1123 1130 1176 1197 1200 1212 1234 1326 1382 1414 1428 1444 1456 1481 1505 1540 1618 1640 1663 1678 1769 1793 1923 1982 1984 
36 6 17 23 108 119 141 300 415 439 592 667 686 751 828 856 865 913 991 1032 1107 1137 1138 1155 1193 1297 1308 1355 1404 1521 1528 1543 1619 1661 1772 1835 1964 
46 17 60 84 133 198 224 231 328 333 340 389 418 452 532 589 597 775 835 856 860 916 958 959 962 1037 1092 1159 1168 1178 1282 1291 1294 1413 1440 1470 1534 1541 1631 1646 1677 1767 1819 1835 1906 1954 1985 
31 14 122 137 249 252 454 523 541 613 660 773 1053 1073 1233 1346 1360 1392 1466 1527 1601 1612 1624 1706 1741 1750 1771 1819 1830 1900 1905 1985 
48 4 21 68 97 225 227 232 342 359 366 385 496 537 632 639 664 695 713 757 784 890 921 952 982 1042 1055 1111 1124 1160 1169 1190 1194 1226 1314 1345 1381 1410 1434 1502 1559 1578 1641 1706 1736 1753 1768 1824 1957 
40 274 275 333 346 383 475 508 553 555 638 643 676 737 762 763 790 885 1017 1127 1149 1150 1154 1239 1291 1434 1447 1528 1558 1588 1602 1641 1671 1700 1726 1837 1886 1909 1962 1969 1978 
44 135 168 198 210 253 288 293 312 313 351 391 393 394 473 522 580 644 665 675 702 807 859 1022 1055 1089 1111 1314 1357 1369 1389 1429 1465 1485 1502 1507 1577 1607 1670 1728 1730 1784 1856 1873 1919 
37 64 96 156 176 241 319 354 380 391 392 403 487 518 650 736 798 826 863 1054 1141 1146 1171 1256 1271 1276 1338 1395 1408 1553 1727 1749 1767 1775 1874 1944 1977 1997 
45 47 61 66 73 186 200 378 420 504 525 538 573 574 599 620 689 757 805 981 994 1041 1075 1143 1172 1214 1270 1278 1292 1303 1304 1316 1339 1361 1412 1418 1453 1454 1488 1509 1724 1768 1892 1904 1941 1954 
33 69 128 196 270 316 332 410 505 529 567 593 696 725 733 766 819 1050 1175 1222 1229 1296 1301 1317 1353 1447 1467 1584 1592 1797 1803 1859 1925 1932 
39 7 140 166 205 224 267 268 315 453 687 690 731 839 862 915 947 994 1064 1079 1136 1318 1321 1366 1422 1434 1436 1506 1562 1627 1686 1703 1709 1800 1890 1901 1913 1921 1945 1991 
34 37 65 89 101 256 369 413 506 515 532 604 669 692 697 705 738 792 1047 1088 1128 1185 1248 1265 1297 1370 1378 1419 1461 1479 1751 1757 1914 1957 1976 
46 68 111 125 182 344 352 381 414 435 437 513 554 597 607 633 634 705 714 772 801 812 842 859 914 935 979 987 1007 1154 1179 1219 1407 1499 1528 1543 1557 1591 1593 1603 1643 1681 1796 1806 1903 1905 1925 
37 42 238 314 394 425 608 651 822 845 882 947 1073 1118 1134 1135 1207 1220 1221 1228 1229 1263 1342 1345 1366 1456 1468 1483 1494 1569 1606 1659 1741 1744 1757 1759 1888 1978 
34 49 132 177 396 410 434 473 555 692 693 839 857 966 1006 1029 1083 1193 1302 1316 1403 1511 1532 1642 1648 1723 1725 1769 1797 1798 1799 1824 1947 1979 1985 
39 0 45 74 137 179 223 291 303 343 471 608 681 702 754 756 758 773 790 810 822 881 912 958 1005 1050 1053 1094 1096 1124 1171 1198 1324 1445 1578 1656 1674 1812 1840 1996 
37 86 141 200 253 338 412 592 641 686 758 831 892 894 992 1023 1049 1183 1189 1243 1259 1281 1288 1356 1358 1378 1386 1402 1427 1578 1599 1643 1686 1778 1860 1881 1884 1967 
37 19 56 135 231 249 334 414 415 432 470 484 499 505 582 591 635 680 689 710 880 967 981 1072 1114 1364 1378 1387 1416 1426 1549 1643 1673 1676 1823 1860 1881 1898 
43 105 154 159 230 437 464 524 559 573 620 635 664 667 694 744 771 838 926 1021 1070 1122 1167 1223 1259 1316 1340 1358 1362 1367 1449 1464 1502 1531 1571 1608 1628 1687 1697 1743 1861 1913 1942 1967 
38 107 149 236 252 294 429 453 459 505 591 617 633 659 667 691 745 834 888 981 989 1106 1196 1219 1247 1278 1297 1319 1352 1506 1578 1605 1641 1709 1800 1822 1903 1908 1989 
35 42 87 91 100 144 147 170 240 266 492 555 608 632 717 769 785 849 937 1082 1104 1251 1277 1284 1291 1396 1461 1494 1544 1610 1617 1669 1788 1861 1862 1875 
46 30 94 103 254 257 302 370 389 471 494 531 533 562 581 626 654 708 792 803 929 944 977 989 1020 1032 1035 1115 1125 1166 1194 1215 1305 1347 1353 1383 1401 1405 1534 1536 1560 1649 1725 1749 1773 1826 1985 
37 133 175 232 371 431 437 444 458 537 600 603 616 642 686 706 829 847 914 915 1056 1071 1276 1395 1411 1418 1444 1480 1488 1495 1510 1554 1559 1564 1632 1655 1833 1847 
39 0 73 94 235 244 273 348 563 610 686 720 871 946 1001 1019 1067 1098 1123 1149 1172 1182 1203 1219 1235 1250 1278 1286 1298 1360 1404 1534 1545 1555 1566 1631 1655 1874 1877 1917 
42 111 163 238 360 440 455 503 573 587 592 716 754 778 810 819 912 973 978 1070 1072 1109 1127 1130 1253 1268 1336 1358 1377 1444 1480 1488 1504 1618 1623 1673 1720 1723 1776 1831 1853 1858 1930 
51 3 11 140 158 173 231 311 340 377 438 442 477 481 559 574 657 793 795 807 843 848 900 948 955 1003 1053 1095 1152 1153 1169 1181 1189 1223 1227 1239 1363 1446 1463 1513 1542 1632 1674 1678 1689 1717 1773 1844 1859 1920 1956 1970 
34 78 136 183 210 270 331 352 388 471 588 618 764 774 792 811 823 926 928 993 1137 1161 1400 1403 1552 1577 1706 1711 1724 1733 1784 1922 1942 1945 1984 
34 22 134 165 175 197 222 240 246 314 371 396 507 671 805 806 812 826 929 977 1006 1028 1068 1128 1173 1396 1424 1447 1463 1520 1568 1650 1696 1884 1992 
31 58 153 161 203 374 414 551 560 577 586 596 622 661 758 770 823 903 1032 1085 1112 1129 1206 1230 1251 1269 1403 1406 1437 1716 1912 1970 
41 129 177 199 200 218 291 310 311 389 461 485 540 575 610 614 759 837 882 938 965 1089 1113 1147 1176 1290 1328 1337 1444 1508 1536 1712 1773 1793 1800 1812 1854 1862 1895 1950 1957 1987 
46 68 71 94 226 311 330 341 356 402 415 447 450 475 509 552 713 814 842 948 961 1031 1080 1103 1171 1280 1311 1379 1491 1534 1557 1580 1585 1607 1676 1684 1730 1736 1796 1828 1837 1873 1876 1890 1907 1909 1993 
29 42 107 196 209 257 307 312 330 356 399 411 480 530 556 649 717 734 817 823 846 925 1011 1190 1340 1372 1645 1679 1685 1806 
33 8 38 80 84 145 183 205 309 329 375 435 452 459 672 755 790 816 1068 1074 1233 1242 1267 1269 1336 1471 1473 1507 1529 1547 1648 1699 1797 1942 
44 31 40 48 54 84 94 157 161 193 248 326 346 350 503 560 621 637 657 665 668 697 700 777 815 857 863 926 960 1139 1178 1192 1580 1654 1661 1711 1726 1753 1759 1768 1776 1787 1827 1832 1872 
31 69 195 241 252 294 306 347 353 369 486 570 654 656 753 756 780 990 996 1050 1086 1149 1179 1191 1274 1379 1477 1683 1687 1692 1779 1814 
39 7 31 64 84 110 170 177 218 512 585 605 618 632 643 666 709 769 808 933 1028 1081 1104 1133 1207 1226 1248 1336 1371 1382 1486 1526 1594 1646 1693 1749 1815 1876 1878 1904 
47 13 37 48 51 76 181 192 201 254 312 373 435 489 505 531 558 740 788 792 822 838 894 928 946 1011 1087 1093 1109 1126 1127 1150 1163 1172 1221 1224 1271 1337 1354 1368 1426 1513 1540 1586 1902 1914 1943 1993 
34 1 2 63 97 99 255 281 360 376 436 574 581 783 808 860 897 900 926 949 1052 1204 1265 1296 1351 1366 1369 1446 1529 1742 1756 1859 1893 1946 1971 
42 78 133 205 272 355 422 497 503 514 545 563 600 616 621 711 828 874 886 897 942 1099 1100 1130 1163 1224 1249 1361 1390 1478 1504 1507 1537 1690 1704 1724 1731 1798 1811 1850 1868 1937 1942 
42 36 40 196 209 220 264 370 412 517 524 726 733 735 787 790 805 833 875 906 946 1008 1027 1106 1119 1125 1188 1238 1255 1283 1334 1350 1397 1514 1616 1671 1706 1732 1767 1772 1780 1838 1910 
40 12 142 202 217 218 287 504 518 559 647 653 666 681 732 734 740 742 1070 1102 1118 1155 1171 1224 1238 1259 1284 1286 1518 1669 1730 1736 1737 1795 1824 1854 1908 1945 1961 1973 1984 
42 6 184 365 548 551 565 594 623 676 694 840 861 916 1096 1167 1171 1204 1245 1270 1272 1293 1352 1402 1408 1497 1537 1600 1615 1689 1709 1723 1749 1754 1762 1777 1794 1796 1832 1872 1875 1948 1980 
47 32 63 91 137 179 239 365 380 382 384 585 594 624 745 760 927 967 979 1146 1173 1251 1360 1449 1465 1484 1503 1504 1524 1527 1529 1546 1558 1563 1616 1621 1643 1699 1729 1758 1786 1817 1821 1881 1928 1946 1961 1998 
29 52 341 413 485 508 516 616 672 738 861 1042 1072 1086 1131 1155 1171 1174 1250 1356 1380 1577 1583 1654 1774 1802 1841 1885 1946 1960 
42 30 38 92 114 134 243 245 364 374 534 555 614 650 672 673 679 870 878 1040 1098 1112 1123 1156 1163 1184 1249 1253 1333 1365 1452 1461 1462 1469 1510 1521 1701 1710 1743 1820 1915 1935 1999 
47 108 134 189 217 308 380 472 486 494 533 597 615 634 658 708 732 760 789 828 836 861 880 973 983 1004 1029 1144 1150 1205 1208 1227 1357 1384 1512 1570 1586 1634 1637 1727 1728 1758 1796 1837 1933 1979 1984 1986 
45 43 61 139 164 231 234 284 288 302 350 390 498 554 556 572 583 689 703 716 991 1077 1151 1226 1295 1362 1399 1425 1433 1535 1542 1609 1666 1690 1707 1763 1807 1821 1860 1862 1868 1873 1885 1907 1922 1968 
40 20 67 184 219 227 247 262 270 328 330 396 484 561 574 588 592 670 681 741 913 921 990 1016 1080 1129 1193 1210 1283 1317 1367 1404 1503 1508 1532 1547 1551 1641 1708 1751 1882 
50 21 24 82 106 182 188 218 275 375 395 493 560 564 577 593 679 687 788 813 858 920 926 939 950 952 959 981 1095 1150 1211 1252 1266 1274 1297 1399 1476 1487 1502 1517 1545 1605 1616 1629 1631 1675 1688 1745 1792 1815 1911 
39 49 87 90 128 195 291 315 362 392 575 687 727 762 797 834 874 911 913 997 1086 1088 1137 1280 1342 1350 1363 1446 1508 1534 1573 1577 1617 1687 1698 1705 1752 1896 1941 1946 
41 22 87 92 178 233 274 275 352 399 403 424 516 534 536 624 718 811 882 916 929 989 990 1027 1063 1125 1226 1228 1236 1385 1512 1525 1551 1558 1575 1582 1614 1723 1758 1856 1882 1917 
43 17 19 99 167 249 251 259 280 473 476 479 506 562 650 654 728 776 844 851 890 923 1022 1126 1158 1221 1232 1237 1261 1333 1380 1432 1437 1464 1487 1539 1577 1635 1786 1814 1819 1902 1920 1995 
52 17 72 212 268 329 434 480 523 551 721 731 739 901 918 1043 1106 1191 1231 1242 1248 1252 1272 1292 1295 1337 1398 1448 1450 1462 1468 1492 1563 1565 1568 1628 1697 1713 1738 1739 1750 1751 1752 1795 1818 1822 1889 1927 1943 1946 1949 1989 1995 
42 22 157 192 272 354 376 453 455 602 641 704 734 781 823 892 983 1076 1078 1092 1124 1221 1279 1376 1379 1394 1422 1472 1541 1573 1585 1597 1670 1707 1729 1778 1797 1809 1827 1917 1976 1988 1989 
42 18 91 176 191 193 487 551 577 656 686 701 730 755 773 832 875 879 893 909 984 1001 1034 1048 1113 1142 1181 1243 1292 1350 1389 1452 1462 1482 1773 1846 1864 1903 1953 1967 1977 1991 1994 
45 6 46 106 115 134 156 215 236 267 358 373 402 436 561 579 606 652 659 709 859 865 919 931 971 1008 1014 1034 1139 1175 1273 1275 1365 1506 1507 1571 1604 1635 1656 1718 1719 1807 1819 1831 1848 1924 
44 89 203 271 288 364 381 414 419 442 450 487 499 529 544 598 614 704 918 931 945 953 1052 1057 1109 1296 1450 1509 1527 1538 1543 1621 1660 1692 1712 1742 1776 1804 1825 1834 1889 1920 1931 1988 1995 
45 48 158 185 228 268 272 289 465 492 504 514 566 569 649 675 733 736 767 814 844 855 884 928 936 941 998 1018 1073 1074 1219 1276 1330 1340 1517 1555 1581 1601 1618 1714 1767 1878 1901 1941 1952 1980 
53 50 107 116 117 127 143 156 194 274 364 453 503 510 531 565 583 600 601 604 636 683 714 737 796 808 837 957 1010 1048 1152 1172 1175 1209 1232 1255 1280 1289 1293 1322 1351 1355 1401 1528 1583 1672 1686 1694 1696 1821 1827 1834 1928 1992 
40 11 19 20 32 36 67 86 148 193 222 412 599 613 636 723 795 895 911 948 1135 1211 1225 1240 1361 1364 1414 1464 1489 1502 1566 1620 1640 1656 1715 1753 1793 1827 1858 1872 1955 
37 0 3 50 58 123 174 290 345 414 456 460 489 504 535 603 616 617 633 701 727 869 873 879 969 988 1207 1249 1251 1346 1407 1695 1734 1787 1817 1948 1972 1986 
53 36 71 118 159 178 181 277 307 331 339 358 420 430 449 529 651 671 732 762 782 791 891 913 914 962 1011 1071 1108 1141 1157 1179 1208 1254 1311 1315 1371 1381 1450 1554 1590 1611 1614 1657 1723 1724 1726 1770 1826 1836 1938 1951 1952 1979 
40 62 64 119 124 164 188 201 258 278 279 304 438 491 584 649 650 698 753 856 866 936 994 1070 1158 1342 1386 1486 1491 1526 1560 1632 1633 1665 1694 1768 1782 1878 1883 1901 1926 
39 40 50 304 329 494 520 546 706 710 742 789 821 948 1008 1026 1030 1100 1107 1124 1152 1188 1241 1248 1251 1303 1344 1372 1423 1438 1505 1510 1556 1561 1581 1598 1648 1805 1908 1937 
44 9 32 62 103 190 217 313 334 358 388 413 423 461 470 531 543 564 587 615 634 750 818 856 934 940 1038 1074 1077 1127 1172 1227 1230 1378 1408 1417 1423 1437 1456 1548 1578 1708 1795 1969 1985 
24 251 255 379 553 557 618 624 652 862 876 1123 1157 1383 1406 1502 1587 1592 1615 1757 1762 1780 1848 1877 1887 
40 42 239 351 355 397 497 501 522 553 576 714 788 800 825 875 885 1007 1076 1093 1130 1160 1175 1273 1294 1385 1397 1412 1514 1555 1662 1707 1739 1802 1818 1832 1879 1895 1904 1929 1974 
48 28 44 223 289 305 312 363 374 375 378 400 430 441 443 469 487 500 547 665 686 689 708 716 739 874 901 905 927 970 1053 1092 1123 1174 1220 1385 1509 1582 1607 1687 1693 1713 1738 1836 1847 1854 1855 1958 1982 
37 34 36 134 167 249 412 457 578 616 799 824 891 947 961 1008 1070 1092 1152 1175 1177 1272 1304 1319 1447 1531 1555 1558 1598 1614 1643 1655 1705 1720 1728 1753 1772 1833 
46 16 23 37 102 180 198 199 221 280 327 332 501 515 554 604 639 673 686 699 700 720 764 802 818 847 934 974 989 1051 1061 1094 1125 1202 1204 1236 1257 1285 1429 1473 1475 1606 1689 1775 1800 1825 1857 
47 2 35 36 43 47 62 97 156 157 187 250 344 359 482 486 529 553 642 682 805 827 858 922 1046 1059 1072 1105 1116 1184 1227 1343 1370 1465 1480 1576 1591 1600 1609 1776 1828 1855 1895 1932 1936 1942 1972 1987 
41 3 26 183 206 298 349 373 406 438 527 532 666 684 722 820 826 840 909 994 1041 1159 1177 1220 1256 1267 1314 1335 1385 1395 1448 1469 1498 1505 1515 1564 1645 1730 1819 1880 1886 1986 
32 87 100 243 281 338 353 394 453 456 487 577 622 644 770 846 898 998 1314 1438 1446 1450 1470 1503 1570 1598 1604 1608 1614 1759 1783 1798 1905 
58 37 47 55 85 197 224 231 308 403 439 461 582 596 635 652 671 679 689 713 731 740 786 843 957 964 1000 1009 1011 1036 1051 1058 1063 1131 1147 1246 1268 1278 1341 1361 1384 1400 1405 1452 1458 1476 1642 1646 1671 1697 1711 1794 1799 1901 1903 1906 1943 1965 1992 
39 26 36 51 85 117 138 241 247 251 255 506 519 526 561 651 731 754 759 820 900 985 987 1025 1034 1103 1140 1192 1578 1622 1627 1640 1669 1719 1746 1794 1795 1834 1907 1992 
49 89 137 157 288 335 400 441 444 495 557 574 596 599 635 665 690 693 728 768 772 774 804 812 851 890 906 938 948 1048 1056 1087 1172 1330 1413 1432 1472 1484 1567 1574 1590 1594 1688 1710 1847 1880 1903 1938 1953 1977 
36 75 91 126 155 159 163 265 289 306 350 441 544 546 558 632 683 710 823 877 1021 1035 1097 1144 1279 1328 1376 1409 1473 1504 1721 1806 1836 1866 1918 1928 1975 
55 27 36 51 56 78 199 317 343 443 473 562 574 585 605 666 678 708 713 824 842 848 960 1012 1054 1056 1067 1099 1128 1131 1137 1150 1262 1335 1351 1408 1411 1478 1516 1533 1572 1604 1612 1621 1640 1647 1672 1691 1706 1716 1771 1844 1853 1943 1956 1971 
47 40 50 112 125 134 136 279 362 457 500 558 566 615 635 655 805 806 822 843 915 936 951 961 1013 1033 1157 1197 1296 1319 1320 1362 1397 1421 1466 1569 1598 1617 1642 1643 1648 1650 1697 1754 1808 1843 1909 1999 
36 26 136 139 196 212 419 489 498 511 543 605 692 763 838 874 946 954 966 967 1133 1223 1234 1258 1260 1261 1275 1315 1349 1386 1500 1522 1546 1568 1910 1917 1973 
44 84 118 133 165 269 280 282 353 551 615 632 768 779 840 841 872 907 930 959 995 996 1171 1298 1327 1394 1468 1479 1489 1530 1591 1620 1630 1644 1649 1695 1706 1707 1725 1789 1798 1825 1918 1923 1959 
34 23 28 98 154 328 338 418 436 470 552 650 669 688 711 830 833 917 947 987 1038 1099 1171 1195 1250 1273 1307 1399 1416 1494 1821 1842 1864 1958 1988 
37 135 189 193 208 237 283 351 363 425 440 474 518 539 765 782 933 987 992 1010 1026 1134 1159 1190 1196 1317 1338 1368 1421 1466 1527 1618 1657 1724 1764 1778 1863 1963 
30 173 239 317 417 427 429 455 475 477 520 571 584 629 633 634 759 767 810 827 1250 1348 1384 1439 1446 1474 1555 1574 1779 1795 1853 
37 25 107 109 121 152 180 221 344 351 469 593 644 687 692 724 763 786 867 1036 1088 1102 1108 1174 1293 1388 1405 1484 1489 1599 1603 1664 1671 1717 1861 1921 1931 1988 
42 38 62 88 147 194 250 276 316 435 460 463 508 539 576 690 881 940 956 965 1058 1060 1154 1191 1258 1337 1340 1402 1422 1429 1435 1485 1496 1539 1582 1654 1820 1880 1914 1919 1942 1972 1980 
34 44 98 172 181 272 290 307 329 350 510 640 687 690 731 735 772 862 892 906 937 1101 1216 1290 1394 1467 1499 1502 1579 1624 1626 1654 1790 1793 1984 
48 89 133 176 225 265 275 329 405 409 454 470 552 615 674 786 825 898 908 914 917 933 960 1007 1031 1081 1178 1254 1291 1315 1327 1351 1406 1479 1504 1563 1604 1626 1642 1667 1722 1781 1818 1891 1893 1898 1987 1991 1993 
43 8 23 152 157 255 258 281 292 299 350 411 443 535 580 665 672 692 713 715 719 845 863 867 1027 1047 1090 1199 1247 1252 1253 1407 1459 1561 1582 1584 1689 1692 1708 1749 1867 1915 1925 1926 
40 33 106 233 291 329 337 349 474 478 488 489 530 539 630 658 676 697 707 763 888 964 975 977 1070 1087 1102 1112 1173 1282 1421 1432 1569 1588 1598 1705 1721 1794 1855 1904 1944 
37 44 72 85 198 202 208 217 311 339 345 395 444 471 564 694 817 839 854 859 898 929 950 1029 1190 1299 1423 1486 1506 1725 1743 1768 1780 1840 1879 1892 1918 1926 
44 75 95 150 194 197 218 261 266 274 367 426 434 532 552 556 557 671 688 711 778 791 838 863 879 928 932 1007 1030 1047 1106 1133 1161 1166 1240 1333 1334 1490 1610 1674 1710 1828 1908 1974 1994 
35 5 81 194 244 267 268 379 392 395 417 448 488 511 588 679 709 796 805 815 833 852 960 1188 1425 1503 1559 1622 1650 1664 1696 1756 1875 1917 1926 1949 
36 0 5 24 64 86 159 242 243 270 370 442 454 533 609 639 664 666 703 747 750 850 911 990 1093 1175 1295 1333 1339 1343 1428 1649 1754 1883 1884 1947 1949 
44 9 33 62 106 128 129 145 176 199 236 279 334 469 484 506 583 595 617 634 636 700 804 856 887 977 985 993 1168 1218 1220 1229 1336 1362 1381 1412 1527 1590 1613 1654 1696 1763 1856 1886 1912 
44 18 22 27 122 132 142 154 194 234 237 246 411 460 538 595 603 637 652 734 804 854 883 921 992 1154 1248 1277 1299 1302 1325 1345 1354 1451 1475 1507 1513 1556 1621 1642 1712 1731 1749 1830 1947 
44 18 37 96 99 163 181 220 265 302 328 386 486 507 569 614 626 766 821 949 968 1044 1064 1066 1086 1151 1253 1269 1350 1407 1413 1460 1464 1492 1514 1540 1579 1623 1672 1750 1757 1798 1846 1883 1963 
53 18 85 109 127 138 155 204 233 236 269 296 332 351 424 455 465 525 552 573 578 755 883 930 1097 1133 1173 1247 1275 1314 1323 1341 1379 1403 1424 1443 1498 1519 1561 1579 1581 1593 1599 1629 1665 1686 1708 1738 1774 1791 1836 1943 1951 1966 
31 43 153 155 252 307 322 452 512 677 709 790 824 897 1033 1058 1122 1138 1250 1382 1409 1496 1519 1659 1684 1702 1777 1839 1873 1934 1945 1955 
37 69 106 136 206 207 233 343 516 561 583 637 674 732 760 777 836 933 997 1077 1213 1235 1236 1257 1399 1427 1487 1488 1561 1598 1622 1735 1781 1822 1835 1842 1863 1968 
47 25 36 46 134 203 204 267 273 289 301 340 421 423 459 474 494 503 535 597 601 627 671 937 988 1072 1153 1196 1198 1222 1268 1271 1404 1423 1444 1484 1538 1578 1580 1581 1585 1628 1677 1723 1883 1888 1903 1984 
43 54 67 76 100 112 222 306 335 336 337 422 505 509 534 542 575 619 638 712 742 753 778 830 938 956 971 1010 1028 1073 1194 1208 1315 1397 1522 1615 1627 1673 1742 1761 1780 1828 1887 1909 
35 84 213 244 248 309 361 384 496 551 640 752 824 902 907 908 1092 1145 1149 1176 1190 1209 1222 1334 1337 1400 1417 1444 1463 1466 1471 1475 1554 1602 1785 1824 
37 3 44 156 169 176 188 214 417 504 509 566 574 595 668 761 807 860 910 917 968 1027 1048 1054 1071 1079 1091 1134 1136 1161 1187 1268 1294 1316 1318 1512 1771 1775 
42 235 370 439 476 530 541 601 714 732 741 801 871 874 896 931 1139 1180 1205 1214 1284 1301 1302 1308 1317 1329 1354 1391 1424 1451 1537 1567 1572 1620 1630 1654 1670 1684 1758 1776 1802 1884 1896 
37 73 154 182 219 335 381 396 433 458 493 506 512 668 691 709 764 945 970 1000 1009 1010 1115 1276 1390 1391 1405 1426 1427 1493 1503 1668 1673 1714 1733 1771 1817 1997 
43 66 107 163 177 319 368 413 557 579 695 696 712 733 776 793 804 828 862 897 919 922 959 1230 1291 1292 1303 1307 1313 1335 1359 1409 1441 1461 1491 1492 1511 1555 1709 1730 1861 1919 1959 1974 
42 39 46 93 98 145 177 195 227 233 269 293 357 374 383 392 458 527 531 576 593 673 701 739 776 779 820 823 885 887 919 980 981 1078 1108 1279 1419 1445 1561 1671 1695 1839 1911 
44 27 62 79 301 401 410 489 669 677 680 684 690 811 821 870 893 899 925 939 988 1029 1076 1087 1132 1210 1277 1302 1339 1365 1428 1430 1471 1514 1575 1605 1644 1691 1796 1801 1821 1823 1863 1930 1953 
53 10 61 62 143 172 183 243 332 404 410 491 500 503 509 537 593 625 653 661 676 769 817 896 915 930 950 962 971 1023 1095 1145 1161 1183 1195 1196 1251 1324 1355 1403 1431 1439 1478 1516 1535 1579 1633 1641 1727 1818 1955 1975 1989 1998 
39 17 75 109 144 266 295 357 369 376 436 469 512 544 576 582 623 636 743 895 902 946 966 1028 1048 1087 1108 1122 1213 1221 1301 1309 1395 1688 1694 1769 1857 1902 1932 1962 
36 84 91 217 220 226 249 356 437 495 509 517 559 573 637 762 769 836 857 859 1032 1040 1069 1095 1206 1358 1359 1465 1565 1579 1716 1782 1822 1874 1902 1929 1986 
53 1 38 67 87 93 131 217 290 303 352 358 372 391 530 556 568 582 626 642 738 747 796 797 807 835 837 866 868 904 916 918 983 987 997 1052 1059 1071 1108 1114 1192 1198 1347 1398 1446 1510 1580 1688 1722 1750 1767 1859 1901 1933 
52 9 18 21 45 55 120 229 276 397 437 454 519 542 551 552 554 579 669 678 688 719 733 838 881 899 960 978 979 991 1024 1097 1233 1248 1318 1335 1350 1471 1509 1511 1518 1626 1639 1645 1647 1714 1728 1734 1785 1872 1907 1912 1948 
36 90 108 109 131 462 497 519 601 635 653 666 775 913 963 969 978 992 1039 1293 1301 1304 1532 1587 1620 1656 1676 1679 1740 1769 1783 1788 1820 1826 1860 1934 1976 
32 86 133 223 288 306 434 470 558 602 696 783 794 926 1013 1054 1106 1203 1249 1379 1383 1414 1485 1512 1527 1546 1578 1622 1625 1658 1775 1872 1905 
30 19 59 162 204 231 252 469 538 542 548 668 685 842 860 947 998 1090 1169 1191 1319 1376 1527 1529 1577 1662 1687 1819 1873 1944 1967 
46 40 61 182 201 303 359 428 445 496 513 515 521 553 562 674 736 768 777 806 943 993 1027 1089 1109 1149 1225 1270 1421 1455 1462 1482 1528 1541 1586 1669 1693 1739 1749 1788 1789 1853 1866 1901 1903 1947 1949 
43 7 47 135 175 262 316 328 330 349 371 379 381 545 565 570 605 612 621 635 649 714 876 899 931 953 972 998 1007 1015 1030 1077 1088 1112 1164 1237 1295 1410 1430 1503 1567 1687 1752 1878 
40 28 65 126 127 136 160 216 295 297 371 399 434 437 599 670 856 865 881 939 1015 1033 1172 1267 1305 1402 1484 1556 1566 1572 1639 1644 1661 1669 1685 1713 1770 1802 1817 1856 1928 
40 12 141 162 196 288 502 508 567 569 576 773 847 867 987 996 1120 1132 1152 1174 1186 1241 1315 1394 1396 1431 1433 1435 1511 1513 1528 1577 1595 1654 1670 1817 1823 1849 1923 1941 1943 
37 28 128 150 155 187 225 290 314 373 401 417 554 598 607 632 678 708 719 849 875 964 991 1006 1014 1027 1087 1126 1202 1252 1254 1272 1356 1393 1660 1686 1948 1987 
35 34 120 132 187 198 232 342 354 379 454 555 607 655 864 879 898 915 985 992 1087 1111 1132 1140 1151 1159 1173 1189 1293 1316 1318 1657 1710 1799 1841 1911 
43 20 54 92 228 266 291 303 333 352 393 409 435 475 485 491 493 573 577 675 682 806 809 826 1057 1213 1244 1273 1346 1377 1396 1510 1564 1566 1725 1772 1782 1790 1793 1799 1801 1855 1877 1951 
36 19 93 138 156 200 256 301 306 308 330 349 369 442 478 669 758 824 886 1047 1201 1206 1291 1336 1387 1388 1397 1448 1456 1468 1673 1680 1751 1854 1955 1975 1985 
50 26 38 128 140 179 185 194 201 221 249 302 353 452 453 457 477 563 596 598 711 753 868 899 904 920 937 963 1078 1080 1122 1180 1221 1267 1291 1293 1347 1351 1394 1422 1453 1462 1487 1530 1558 1646 1682 1770 1784 1961 1981 
48 1 49 52 107 235 239 250 272 391 397 434 458 507 533 580 592 627 637 645 731 864 903 911 955 969 999 1009 1031 1082 1135 1150 1155 1267 1333 1353 1377 1416 1457 1491 1518 1519 1533 1577 1617 1659 1813 1944 1994 
36 15 146 234 271 293 298 334 452 606 655 729 818 826 905 907 941 1044 1075 1123 1193 1209 1212 1292 1324 1360 1413 1417 1435 1508 1693 1727 1733 1741 1865 1874 1986 
43 8 29 165 282 285 310 353 361 411 547 632 680 688 715 732 808 824 886 900 932 1030 1031 1099 1114 1138 1176 1238 1250 1299 1356 1442 1452 1486 1510 1554 1640 1715 1801 1805 1827 1856 1975 1984 
54 0 84 236 278 328 331 338 388 622 664 685 738 766 774 780 798 799 821 875 900 949 964 989 1001 1030 1106 1127 1142 1175 1230 1306 1322 1335 1352 1353 1398 1411 1415 1465 1536 1610 1614 1684 1689 1691 1732 1751 1767 1779 1857 1905 1913 1920 1954 
34 71 117 197 219 230 242 273 285 377 393 484 521 528 543 618 755 821 836 864 874 875 923 1078 1168 1320 1357 1365 1422 1454 1459 1461 1490 1835 1933 
37 46 69 180 193 197 292 303 325 601 636 686 731 776 885 977 999 1008 1037 1065 1108 1217 1222 1231 1277 1394 1446 1463 1504 1527 1539 1619 1734 1813 1829 1925 1948 1974 
41 41 72 88 131 133 134 139 158 230 232 237 265 328 341 352 388 469 485 573 619 639 653 690 736 827 859 874 902 912 934 965 995 1183 1232 1364 1461 1467 1698 1845 1850 1987 
34 19 23 49 86 154 160 232 237 398 673 717 733 789 846 902 952 1017 1035 1114 1117 1165 1189 1219 1229 1281 1430 1520 1529 1601 1729 1750 1804 1843 1990 
39 1 119 245 246 339 370 392 408 419 436 484 652 683 712 733 770 804 825 856 932 950 988 996 1269 1323 1334 1441 1463 1470 1516 1647 1690 1705 1771 1821 1830 1905 1916 1986 
45 24 35 39 65 70 130 135 162 195 226 283 337 390 409 447 472 536 592 609 638 724 761 806 841 889 930 1031 1107 1225 1266 1299 1352 1354 1410 1462 1554 1596 1601 1690 1720 1754 1787 1797 1934 1960 
45 20 64 66 101 121 171 178 198 259 336 357 434 496 502 504 517 632 651 670 877 978 991 1027 1185 1212 1271 1341 1402 1418 1440 1449 1451 1511 1531 1587 1647 1726 1752 1757 1851 1865 1874 1906 1918 1968 
46 43 70 110 118 195 305 309 355 395 510 513 529 595 674 746 768 809 844 858 866 878 932 963 1016 1041 1091 1248 1287 1298 1300 1334 1410 1445 1451 1454 1599 1614 1845 1852 1894 1902 1918 1941 1945 1990 1996 
45 17 53 57 113 148 154 207 240 305 354 416 464 495 551 580 627 635 663 669 698 721 793 879 1056 1090 1117 1191 1295 1303 1344 1357 1367 1445 1548 1602 1619 1630 1737 1747 1882 1942 1944 1968 1970 1985 
34 84 90 138 185 309 382 426 530 686 752 755 756 811 869 886 889 1059 1091 1187 1197 1224 1343 1377 1396 1401 1406 1457 1508 1532 1760 1822 1841 1917 1952 
48 10 82 93 154 175 219 382 479 490 521 549 567 592 617 621 654 732 759 768 787 799 821 843 855 857 1096 1106 1152 1160 1184 1203 1205 1267 1275 1288 1351 1377 1450 1662 1669 1768 1829 1877 1902 1927 1941 1945 1957 
30 199 286 378 405 421 540 559 568 576 594 667 831 864 927 1094 1103 1115 1122 1401 1488 1583 1636 1719 1724 1727 1760 1818 1864 1902 1924 
34 1 45 114 184 230 256 288 299 319 452 456 514 566 643 736 757 787 898 918 929 942 1120 1222 1228 1249 1254 1280 1286 1507 1547 1849 1865 1920 1990 
36 2 61 88 92 333 463 483 572 575 646 665 675 722 769 877 952 977 1047 1086 1101 1158 1181 1252 1255 1306 1336 1350 1485 1598 1617 1691 1822 1832 1854 1904 1935 
41 37 70 158 159 193 204 234 249 310 446 499 519 534 582 585 628 633 675 743 793 807 848 858 861 875 953 955 1274 1332 1359 1382 1395 1431 1497 1542 1622 1685 1753 1793 1890 1924 
45 22 24 45 67 76 154 253 269 304 317 393 416 438 480 619 691 694 715 861 883 887 897 901 933 983 1151 1166 1180 1182 1254 1260 1333 1398 1556 1557 1563 1592 1608 1686 1786 1799 1804 1825 1891 1969 
34 18 29 171 258 294 330 370 409 479 600 771 850 897 911 1049 1050 1088 1110 1111 1149 1373 1469 1476 1589 1611 1638 1748 1794 1818 1845 1856 1939 1950 1984 
35 41 136 205 304 486 511 517 571 580 633 691 777 806 829 1034 1074 1090 1176 1189 1383 1427 1448 1457 1472 1493 1522 1629 1658 1705 1823 1904 1921 1950 1968 1997 
42 21 90 95 155 202 233 320 366 390 530 634 636 755 765 794 849 862 979 1033 1048 1052 1083 1165 1203 1305 1318 1338 1359 1424 1455 1580 1600 1680 1700 1785 1855 1869 1894 1927 1941 1967 1971 
40 65 114 115 120 264 288 334 350 365 380 418 457 595 649 667 784 800 815 819 945 1100 1125 1170 1173 1233 1316 1319 1464 1469 1487 1509 1537 1583 1585 1655 1670 1755 1829 1919 1943 
39 36 61 110 193 207 265 283 308 373 426 568 620 710 712 720 775 786 965 968 1012 1036 1131 1162 1203 1291 1333 1350 1453 1470 1505 1570 1623 1633 1644 1684 1744 1794 1887 1987 
38 70 144 186 194 305 307 439 507 562 565 614 617 629 668 691 735 748 759 809 822 883 980 1028 1093 1143 1156 1186 1219 1315 1420 1474 1490 1554 1624 1645 1823 1843 1944 
37 104 135 140 247 297 324 383 428 510 555 579 718 794 858 903 988 1220 1272 1281 1331 1363 1473 1493 1565 1640 1649 1685 1705 1715 1750 1755 1773 1795 1808 1809 1922 1972 
50 4 40 68 71 85 133 191 196 210 222 277 296 349 372 377 408 488 586 606 656 664 715 936 995 1055 1142 1162 1172 1203 1260 1343 1391 1458 1468 1481 1531 1550 1565 1652 1706 1723 1731 1733 1751 1769 1855 1873 1897 1908 1952 
33 74 102 184 290 411 444 490 492 576 734 875 999 1030 1098 1101 1129 1270 1352 1357 1381 1399 1460 1588 1615 1619 1667 1679 1777 1854 1869 1875 1902 1959 
29 5 15 193 197 266 510 532 554 575 687 912 923 926 993 994 1002 1006 1049 1153 1237 1339 1358 1523 1544 1577 1603 1647 1732 1944 
39 6 88 105 154 335 351 361 421 532 540 641 653 658 668 688 718 737 772 779 829 977 982 986 1017 1135 1155 1214 1359 1397 1425 1453 1506 1623 1660 1666 1740 1755 1805 1906 
36 86 89 265 467 536 594 606 649 770 794 800 816 832 876 931 947 988 1032 1035 1089 1124 1167 1310 1477 1525 1615 1621 1645 1672 1707 1810 1853 1863 1872 1885 1995 
31 36 39 66 73 230 292 333 404 407 435 526 558 791 1038 1091 1113 1141 1149 1178 1256 1380 1517 1625 1642 1688 1713 1793 1840 1864 1919 1996 
42 57 95 214 235 318 331 415 416 418 420 446 493 498 596 662 670 693 751 837 850 874 947 959 961 987 990 1049 1062 1065 1222 1261 1292 1306 1376 1466 1486 1582 1675 1682 1711 1797 1810 
32 85 143 160 318 482 483 515 541 577 584 593 595 710 853 887 911 954 982 1179 1192 1235 1400 1512 1517 1689 1698 1710 1764 1769 1781 1830 1857 
32 4 7 51 257 321 388 451 456 512 640 693 786 808 893 996 1088 1190 1195 1206 1364 1392 1514 1524 1529 1530 1533 1690 1718 1731 1772 1936 1960 
43 5 17 36 66 77 156 157 164 372 382 531 545 552 677 841 853 860 876 962 1028 1037 1116 1188 1195 1199 1215 1234 1291 1294 1314 1323 1327 1595 1614 1642 1698 1798 1849 1888 1922 1953 1988 1989 
31 30 36 39 230 267 372 413 425 511 514 539 628 710 731 744 757 844 966 1113 1247 1249 1268 1289 1300 1309 1348 1378 1559 1560 1765 1988 
33 52 147 165 213 215 232 336 398 404 445 535 547 555 598 600 725 928 1019 1055 1116 1158 1197 1258 1374 1396 1470 1626 1675 1680 1826 1868 1956 1996 
47 53 55 63 115 116 166 235 242 276 322 371 490 520 524 632 688 768 857 877 901 951 1051 1096 1097 1104 1107 1156 1219 1319 1373 1411 1412 1415 1469 1503 1552 1556 1651 1675 1722 1726 1735 1736 1752 1779 1880 1973 
33 64 155 218 295 304 441 466 522 602 603 604 611 622 739 860 964 1015 1029 1122 1189 1220 1223 1247 1281 1325 1338 1467 1725 1781 1918 1921 1947 1973 
30 127 168 209 305 347 427 452 490 557 682 753 780 922 945 995 1107 1312 1339 1341 1428 1538 1609 1653 1685 1745 1879 1897 1911 1981 1990 
39 2 107 193 195 260 289 424 492 553 634 662 667 711 726 761 807 841 865 904 963 1026 1045 1076 1121 1256 1380 1387 1415 1449 1477 1619 1670 1672 1685 1703 1803 1820 1879 1991 
37 42 80 137 141 155 161 265 304 440 484 511 563 564 619 702 756 760 791 857 872 970 1026 1047 1170 1188 1231 1536 1641 1674 1729 1838 1876 1889 1919 1949 1983 1985 
34 20 39 106 133 254 277 337 349 355 360 390 409 490 748 789 825 876 898 920 934 1014 1107 1119 1223 1249 1433 1484 1600 1717 1795 1817 1831 1921 1924 
