200 2000
3 711
164 329
471 833
321 905
306 400
223 280
401 504
250 381
412 450
76 835
105 720
509 783
205 368
7 9
818 872
416 726
147 792
51 77
144 561
67 173
38 868
283 513
32 111
242 957
98 503
212 980
282 501
147 452
124 388
182 691
253 646
358 771
263 263
170 857
56 94
13 234
645 869
65 192
347 390
384 849
549 707
137 240
134 699
103 167
70 227
491 977
0 148
44 435
111 947
660 726
245 390
469 738
2 123
94 375
99 123
0 2
208 234
77 177
134 351
193 326
127 152
131 508
24 182
157 335
23 243
411 816
491 959
68 71
105 115
652 893
522 542
700 862
257 384
203 556
420 928
137 236
284 317
198 387
651 772
20 375
32 702
55 199
10 29
39 230
277 891
25 70
87 572
7 480
425 801
281 923
62 900
32 775
115 142
329 878
89 89
356 703
264 573
255 511
368 420
177 399
439 511
280 868
29 355
239 528
3 121
36 138
7 40
69 253
178 300
176 199
34 297
217 455
272 782
11 84
15 420
450 466
527 651
431 600
3 304
172 416
229 286
352 602
519 639
455 873
876 924
779 997
83 979
27 151
193 320
93 786
87 510
236 740
27 900
355 441
82 99
403 498
31 31
526 569
647 736
7 39
193 938
72 223
312 469
750 764
35 333
16 218
268 391
229 505
212 438
642 759
77 110
21 24
49 347
277 280
843 935
120 382
2 861
118 326
931 943
7 664
110 152
351 664
682 825
94 372
183 191
24 224
67 86
94 236
96 579
62 294
700 850
42 468
186 186
388 433
715 824
768 904
275 294
149 392
726 730
488 672
51 560
20 66
44 119
22 953
503 597
56 860
272 300
1 25
91 828
313 931
346 411
94 100
368 793
518 866
9 42
24 432
204 347
324 348
159 857
0 316
267 537
39 40
225 550
73 80
11 66
98 239
146 157
419 508
64 314
52 267
64 727
145 833
414 827
943 971
144 324
672 962
19 663
24 70
206 212
610 728
28 236
104 525
436 985
523 628
35 710
194 878
15 17
826 955
63 341
866 966
95 454
96 558
50 220
7 136
77 295
15 52
27 761
730 811
667 700
623 821
250 304
259 904
701 861
54 699
517 951
44 354
10 489
23 226
160 448
214 901
633 737
13 58
101 246
838 974
350 385
213 544
4 12
98 502
27 44
516 728
334 624
12 229
64 185
651 933
489 964
106 483
590 735
150 494
17 48
21 278
285 631
127 898
530 573
127 399
44 48
41 561
113 565
511 770
70 113
97 134
85 363
312 616
209 310
413 625
78 126
62 793
21 91
163 979
74 170
129 248
318 461
462 749
282 610
418 599
136 233
222 631
589 845
115 243
33 153
334 831
125 758
476 716
51 332
170 201
50 194
4 998
62 487
121 310
392 825
53 368
109 344
6 358
115 255
300 381
59 82
248 747
76 556
85 550
39 145
178 845
111 666
641 791
241 305
227 808
433 621
314 656
796 945
530 887
226 546
332 399
266 873
44 204
277 472
77 132
405 477
362 777
503 790
107 118
496 821
28 113
40 255
283 389
78 294
323 425
293 428
61 96
15 18
84 403
29 88
46 477
545 887
51 374
423 759
279 462
474 660
16 189
159 186
109 289
574 880
303 556
172 901
99 264
73 470
355 718
130 220
30 34
308 521
58 332
924 943
66 774
534 569
63 174
181 278
121 447
141 779
181 757
51 71
148 509
107 128
644 972
73 349
755 787
140 236
132 280
631 761
168 202
196 385
339 578
282 390
644 811
86 212
70 82
89 264
63 1000
240 765
124 560
627 686
502 648
8 18
298 359
250 335
3 10
180 398
147 237
428 454
141 346
17 508
471 590
463 540
34 576
48 536
18 215
116 884
669 930
43 188
35 147
182 624
134 141
383 984
602 835
497 642
478 842
157 294
185 192
32 83
152 602
440 610
567 956
41 45
478 646
0 32
0 14
240 332
12 21
357 428
29 241
48 252
11 32
0 7
155 627
249 722
177 216
171 896
82 231
33 182
270 954
348 558
149 232
99 143
373 851
609 766
736 910
49 80
759 951
35 42
692 982
650 873
146 609
332 495
306 868
119 303
424 676
78 96
30 423
833 945
68 245
387 902
724 987
2 5
391 902
571 620
238 559
635 674
416 828
333 538
221 338
114 316
456 677
373 522
65 914
444 709
657 821
283 484
159 295
147 801
124 614
458 733
120 292
5 24
432 664
24 211
286 809
277 345
42 490
140 513
535 730
198 479
107 971
144 504
430 620
199 803
178 720
531 772
212 716
813 943
57 70
588 879
17 131
30 307
858 957
270 320
268 402
476 511
263 821
79 566
182 817
313 932
599 836
66 370
15 86
318 887
439 928
50 321
616 819
638 868
271 517
0 13
34 386
19 922
56 88
419 435
74 118
523 814
914 927
315 388
164 599
578 818
302 533
535 846
34 37
254 685
133 295
94 105
193 349
150 405
693 879
72 72
520 948
152 377
40 318
3 87
18 19
277 812
94 403
237 406
17 103
34 40
146 889
118 599
370 927
1 1
458 667
96 948
407 955
316 484
294 394
346 975
151 465
155 234
42 118
1 91
163 447
65 632
88 290
62 146
9 101
30 97
455 461
38 419
340 573
101 178
75 321
661 938
192 862
869 947
400 797
618 978
824 959
46 197
66 146
45 189
22 61
810 973
41 640
23 61
49 441
142 542
155 617
252 538
55 67
17 100
285 363
225 309
205 273
517 645
118 125
103 518
185 225
39 82
121 508
124 456
406 428
613 670
657 923
256 277
64 96
79 197
55 88
122 148
141 316
487 686
469 653
816 854
317 982
10 105
69 775
511 727
125 256
153 592
177 430
121 140
346 611
184 192
176 326
217 484
760 922
136 504
802 916
131 958
299 676
185 210
556 734
152 577
109 549
302 533
69 172
74 616
580 733
49 210
329 393
190 275
98 337
106 556
64 404
30 415
36 131
666 890
44 159
124 204
0 17
75 671
533 813
30 87
594 730
8 200
618 922
7 68
95 629
915 987
351 630
51 359
352 717
2 513
47 94
278 599
31 333
777 949
248 592
110 392
539 861
214 436
444 952
305 457
204 403
620 771
717 858
3 214
637 723
336 859
406 889
594 929
143 309
22 66
0 513
132 167
200 456
45 231
166 533
425 437
238 731
168 540
20 97
51 187
82 517
282 856
749 799
250 296
2 376
263 304
108 245
52 917
65 108
20 21
199 294
123 413
103 534
367 649
79 248
74 852
238 896
210 845
24 25
22 23
185 331
786 880
758 847
454 940
61 450
179 864
130 480
457 680
177 525
239 701
59 120
188 278
82 331
403 440
280 290
30 276
394 466
309 483
487 564
58 161
146 199
19 32
151 653
277 281
522 912
258 329
446 616
329 582
62 507
13 730
63 288
617 672
184 448
534 822
13 88
76 349
44 76
110 243
96 282
427 492
191 220
17 71
410 797
426 769
442 712
213 677
244 445
356 589
181 315
344 476
84 342
18 83
16 43
362 383
59 321
174 941
686 908
153 791
388 905
376 523
5 8
251 266
25 43
61 944
32 642
72 78
541 713
42 43
910 955
268 574
111 136
179 621
74 255
102 843
326 988
93 628
314 929
310 340
19 47
351 515
365 723
299 771
142 777
117 151
582 633
652 658
16 179
469 926
89 181
83 98
316 556
221 613
370 687
374 447
119 154
89 601
16 24
113 340
114 182
832 903
8 72
164 961
42 121
42 272
23 344
176 218
367 592
526 981
257 724
283 427
257 468
581 835
192 428
535 703
118 415
203 471
105 134
263 632
254 480
176 965
702 817
11 674
320 592
72 573
131 319
246 284
22 776
370 664
148 175
60 220
95 225
54 65
6 310
155 576
156 286
6 828
60 65
99 531
794 810
77 145
185 925
512 688
19 23
10 331
72 152
175 723
444 999
66 213
646 699
254 532
9 55
515 533
35 391
694 818
446 799
726 887
740 758
353 714
565 969
198 288
132 247
332 683
170 351
391 685
46 985
121 428
149 702
9 17
59 489
127 132
773 773
440 958
165 319
284 617
322 483
750 953
53 241
7 41
75 75
492 880
456 869
167 261
79 216
288 611
116 329
331 640
882 891
46 260
285 664
245 832
152 393
69 815
440 774
342 798
82 353
369 778
115 167
557 748
40 63
586 955
13 821
24 78
28 705
796 833
88 94
416 608
78 152
75 456
214 808
39 684
434 486
184 297
611 907
136 380
97 182
65 282
376 607
802 872
243 619
41 568
44 57
6 217
168 409
561 604
113 328
534 588
208 925
305 794
685 685
51 788
339 677
119 256
337 720
618 663
183 548
713 805
180 250
0 26
74 233
559 828
536 539
138 428
892 895
56 940
443 549
28 329
111 117
1 26
877 883
308 549
587 949
64 277
9 532
139 318
905 913
735 937
22 122
78 676
6 34
79 687
554 593
102 673
298 387
837 956
164 563
164 282
113 546
519 538
816 848
241 483
298 472
4 788
85 363
372 499
29 905
204 485
303 745
381 834
197 958
114 151
57 696
292 340
147 680
16 36
213 696
73 876
51 90
54 689
97 305
236 652
9 226
204 234
360 775
233 335
355 514
18 185
355 383
164 834
379 480
94 304
132 174
34 154
179 425
52 103
82 583
71 102
158 203
157 726
684 834
159 594
219 366
34 74
140 204
394 790
313 592
50 396
279 637
286 433
70 426
267 556
602 880
19 887
348 420
6 8
253 870
247 485
70 184
289 352
138 165
38 203
288 740
19 41
280 435
174 763
520 536
20 220
5 44
335 798
90 103
239 604
549 710
89 626
328 523
163 187
88 860
840 903
142 540
1 696
608 667
150 598
116 129
365 530
318 700
389 715
12 14
127 178
1 8
445 492
332 641
652 696
158 464
523 683
61 681
1 463
14 818
298 492
140 758
195 476
67 341
622 635
604 992
141 625
236 282
515 522
252 611
584 804
206 278
584 961
23 229
39 139
296 303
1 320
3 10
52 723
123 595
176 470
225 304
456 514
283 346
124 135
372 496
463 601
46 114
256 725
10 44
287 416
618 775
163 524
155 168
72 101
324 507
581 648
84 766
403 645
107 158
3 202
365 528
244 389
140 651
277 334
510 830
236 283
262 280
210 293
239 628
94 245
66 718
3 51
522 845
618 802
18 113
10 119
141 771
402 957
84 499
114 763
245 338
267 364
103 389
185 746
268 589
374 450
267 568
5 110
57 82
555 586
89 222
5 54
41 72
211 460
191 643
563 602
119 136
731 858
686 750
198 532
256 567
551 971
149 403
57 76
111 894
317 990
825 939
38 41
232 339
169 774
453 540
416 779
358 588
294 751
574 685
4 98
33 669
611 720
424 850
90 92
366 664
850 868
249 393
660 726
160 830
528 620
400 418
517 672
71 637
205 868
162 217
18 704
162 505
522 583
430 555
404 765
10 201
529 555
313 330
46 189
26 37
15 835
225 716
734 739
217 915
59 347
204 365
246 337
116 829
805 969
540 540
24 51
357 578
193 195
84 86
221 719
456 476
263 289
78 783
43 634
244 539
504 565
205 387
65 248
197 344
134 607
90 231
44 503
291 726
100 261
171 323
42 56
102 399
300 604
234 650
172 327
129 308
326 343
141 185
707 841
703 823
57 70
518 790
19 20
53 531
831 890
284 490
943 977
391 568
99 117
35 323
947 988
24 91
355 396
99 182
46 354
455 472
217 466
575 944
113 392
65 468
28 41
259 582
197 284
277 509
314 684
141 819
6 573
44 108
3 19
88 126
807 954
147 280
532 997
343 399
3 647
479 797
143 765
456 820
435 723
126 996
285 598
401 971
10 114
14 56
545 631
233 702
580 999
232 495
288 592
211 520
94 609
118 581
183 348
165 211
376 783
40 123
231 328
130 525
785 876
24 85
407 436
93 560
448 526
43 825
29 49
185 733
143 327
98 161
372 596
430 640
48 80
133 150
0 5
39 76
201 268
126 383
84 979
101 276
155 521
118 734
25 247
25 33
333 349
152 788
167 476
132 868
0 49
8 41
32 76
580 618
833 945
21 305
39 321
704 787
272 446
45 104
166 449
39 902
43 44
229 429
510 595
90 565
542 763
200 721
202 749
172 467
122 220
105 743
17 17
243 763
605 722
279 875
68 136
336 699
134 635
8 257
230 384
173 967
720 855
374 460
931 988
621 901
177 422
141 836
249 401
395 727
444 613
226 841
78 95
195 319
689 709
272 345
902 965
209 279
21 555
159 610
595 689
117 143
34 89
389 731
1 20
204 469
87 89
595 613
182 202
75 726
57 549
223 985
1 7
840 848
6 16
308 953
424 514
55 187
163 204
560 620
625 791
147 290
505 763
30 372
94 99
18 109
51 145
148 623
470 857
20 108
419 425
89 218
11 98
111 838
785 931
59 548
412 587
451 913
25 891
467 526
626 814
470 935
76 412
460 547
258 845
186 777
234 375
477 478
33 70
80 667
667 883
16 694
39 670
153 203
114 455
367 995
162 257
172 787
164 473
290 604
105 121
844 962
719 783
527 735
158 533
606 953
37 122
191 409
365 815
37 157
349 987
265 769
568 675
226 840
43 807
489 708
407 708
257 414
392 636
501 999
406 448
165 520
18 261
339 868
342 526
55 732
220 770
355 430
361 562
501 541
21 55
745 993
20 233
256 513
19 154
172 305
231 631
268 900
510 876
147 157
241 844
37 243
242 519
3 6
228 670
140 148
322 360
684 846
5 106
261 912
477 489
80 110
171 308
151 269
612 822
353 674
66 173
828 858
112 134
13 130
330 929
326 783
87 792
91 93
561 803
85 741
153 902
143 772
247 606
54 191
39 964
199 438
177 556
377 406
564 587
122 227
95 163
62 106
43 616
508 838
40 487
278 527
211 491
142 734
643 989
112 626
495 631
267 408
71 159
185 608
62 576
13 13
684 777
424 569
401 903
144 841
457 786
4 144
80 120
78 107
22 65
56 473
54 355
209 579
13 944
248 447
398 735
9 83
662 744
40 67
248 367
33 109
182 331
221 788
297 402
38 116
896 980
603 696
223 312
113 397
381 955
52 81
538 629
256 722
317 332
8 45
716 765
335 817
122 306
50 694
41 323
242 972
236 458
71 130
538 654
473 593
25 28
171 623
355 657
196 269
63 80
465 727
66 151
862 971
216 418
26 136
10 234
723 893
42 652
92 160
388 848
339 874
351 476
265 971
204 844
313 374
145 487
580 652
0 13
180 187
96 127
445 469
312 445
472 880
243 270
117 269
265 368
438 610
495 792
41 59
198 213
188 225
127 170
303 750
337 582
262 764
198 261
358 491
755 799
17 110
44 47
279 599
187 362
163 446
196 540
47 492
729 772
433 663
157 882
14 239
22 294
60 301
70 299
184 424
111 439
9 799
200 221
206 664
0 50
1 307
48 70
483 544
5 9
327 691
710 794
52 227
1 38
362 903
373 873
491 824
148 184
435 795
22 833
310 597
477 667
326 361
148 426
43 326
29 769
156 340
969 979
143 152
73 937
33 263
679 715
29 31
520 741
483 483
44 74
74 202
494 824
859 867
0 48
241 469
478 521
53 96
68 307
157 266
72 335
185 523
478 768
865 884
38 578
245 747
9 86
400 430
79 220
64 64
488 974
549 702
478 646
143 146
574 752
273 400
95 186
110 185
75 92
148 496
113 189
330 427
79 164
935 954
416 540
59 479
273 715
519 909
82 256
675 904
260 417
10 46
306 825
224 580
0 21
160 228
339 451
145 149
476 681
63 277
39 263
36 640
82 211
349 728
20 163
458 826
0 157
450 750
66 571
118 774
71 128
178 246
50 73
677 867
134 530
377 634
689 723
377 550
589 674
326 774
576 601
264 703
534 627
171 235
139 209
39 508
451 775
11 180
55 57
58 240
413 585
55 162
123 833
508 725
94 254
12 18
521 945
20 149
189 348
258 672
41 443
45 845
116 412
652 700
851 908
464 830
312 544
91 902
568 789
138 662
151 672
384 401
376 742
127 846
201 354
373 493
36 782
484 903
27 143
346 433
84 179
23 50
81 161
608 670
731 839
310 709
45 103
91 236
404 416
420 660
57 156
454 582
5 551
564 668
75 453
102 376
814 899
821 917
839 871
110 385
234 799
599 793
27 279
47 215
342 817
328 465
233 536
5 120
20 71
21 26
226 576
383 713
452 764
194 387
143 499
144 317
381 925
10 813
426 525
2 764
432 507
454 908
150 646
647 809
680 762
591 758
185 270
6 70
66 228
81 459
316 504
233 580
287 497
444 914
294 459
136 788
37 69
155 952
113 282
216 660
627 848
401 489
156 283
80 128
195 423
5 567
77 678
46 50
100 347
2 13
290 583
125 136
68 448
515 784
891 997
66 349
50 92
83 236
93 209
284 998
230 256
417 650
12 399
217 663
482 650
184 635
156 317
289 312
220 418
270 436
42 737
247 413
79 390
644 742
153 336
728 813
375 587
235 572
208 280
200 737
398 825
13 31
107 345
336 418
864 892
308 363
475 833
341 486
564 850
363 516
429 545
368 647
536 961
25 49
345 399
75 499
228 241
706 865
9 15
145 167
183 816
700 733
94 423
34 171
523 800
61 771
280 647
228 610
0 1
323 975
476 711
573 651
557 631
29 348
320 361
165 366
12 54
1 52
69 121
609 903
602 686
520 731
6 45
11 186
602 605
273 941
528 832
213 811
559 881
343 575
7 9
589 761
2 36
211 361
668 948
79 769
530 654
414 444
340 810
535 949
56 80
57 236
57 515
227 682
668 738
1 916
281 599
877 991
741 842
70 274
331 650
745 888
175 786
176 949
145 163
291 518
22 26
149 201
165 176
633 666
430 459
54 205
261 617
119 599
100 116
71 314
51 164
5 31
697 796
119 644
343 680
86 218
525 935
2 38
103 348
278 595
154 306
90 214
714 791
235 244
601 820
304 846
23 356
62 866
47 166
80 212
404 978
862 922
476 675
18 497
3 5
126 988
60 138
72 879
207 212
227 358
37 41 104 127 161 238 251 269 328 376 406 438 597 642 735 754 882 1013 1105 1136 1165 1177 1178 1200 1283 1294 1296 1352 1421 1425 1436 1541 1556 1651 1653 1712 1774 1825 
45 14 253 336 362 393 407 439 443 462 645 720 735 788 813 840 845 927 961 968 997 1006 1090 1295 1342 1350 1447 1452 1515 1625 1637 1664 1692 1699 1705 1735 1750 1752 1794 1816 1826 1838 1844 1846 1858 1969 
29 29 116 260 301 351 488 586 612 640 797 825 836 980 984 1091 1172 1177 1187 1204 1335 1524 1542 1690 1695 1732 1842 1875 1910 1951 
39 4 13 36 155 162 350 389 485 529 656 716 812 832 880 899 930 951 954 962 1164 1277 1279 1287 1322 1333 1334 1389 1409 1421 1474 1508 1603 1616 1658 1678 1685 1915 1927 1931 
43 90 110 146 156 170 175 221 420 476 495 536 552 554 599 614 655 673 711 717 758 767 791 803 914 946 980 993 1216 1231 1270 1355 1445 1485 1505 1557 1584 1589 1644 1694 1701 1749 1917 1923 
48 59 83 124 130 151 167 174 206 330 474 561 587 594 691 699 716 771 839 884 949 951 967 979 1007 1052 1132 1164 1193 1207 1253 1317 1344 1363 1376 1400 1423 1490 1562 1584 1599 1606 1677 1731 1823 1824 1892 1929 1962 
49 106 139 164 167 202 219 356 405 415 447 452 507 575 578 646 660 689 742 884 905 945 946 1157 1171 1176 1210 1211 1271 1320 1325 1334 1356 1380 1421 1515 1535 1539 1568 1651 1754 1766 1767 1778 1829 1833 1891 1901 1964 1978 
55 17 63 65 88 130 142 160 161 276 321 374 445 453 472 525 538 560 643 672 738 769 786 804 805 830 837 868 877 903 917 927 1061 1134 1140 1149 1257 1269 1274 1291 1464 1532 1567 1579 1589 1599 1600 1693 1735 1756 1777 1783 1796 1853 1918 1922 
29 8 25 61 106 129 220 318 412 469 573 749 1013 1057 1208 1263 1291 1329 1338 1405 1449 1466 1530 1684 1726 1801 1803 1831 1930 1956 
35 41 85 96 127 284 335 455 481 556 590 602 611 709 721 739 754 787 789 828 935 1003 1098 1110 1350 1369 1398 1424 1463 1472 1489 1562 1613 1652 1669 1901 
33 63 68 127 148 168 261 266 271 328 331 342 375 394 486 505 581 589 708 765 775 792 846 897 1028 1051 1128 1267 1376 1557 1560 1583 1824 1969 
33 10 27 44 53 129 158 208 245 270 278 294 550 625 674 678 688 774 829 878 945 960 1110 1219 1455 1501 1523 1573 1616 1702 1727 1839 1924 1951 
34 31 41 86 109 129 160 179 230 231 435 503 581 623 737 757 787 889 1060 1084 1086 1107 1123 1185 1232 1444 1484 1562 1602 1620 1793 1818 1858 1909 1990 
34 61 79 81 83 149 240 263 389 445 446 484 491 529 708 821 830 836 874 901 959 1086 1138 1180 1199 1273 1331 1404 1465 1535 1686 1793 1800 1820 1993 
37 113 169 180 267 320 470 523 554 634 723 746 810 814 866 904 1117 1124 1224 1247 1264 1294 1326 1393 1394 1453 1520 1523 1537 1543 1564 1596 1605 1638 1709 1774 1946 1986 
30 11 271 332 389 427 537 578 631 698 744 910 959 1106 1162 1310 1474 1509 1533 1548 1624 1700 1716 1751 1756 1761 1834 1838 1894 1920 1923 
43 43 77 106 203 211 238 385 395 400 402 410 459 481 508 645 659 749 787 808 840 845 897 974 1050 1094 1110 1153 1399 1448 1502 1513 1581 1617 1634 1641 1723 1729 1753 1770 1794 1910 1917 1994 
39 20 111 112 113 138 142 190 217 250 268 282 551 557 560 568 578 657 670 695 827 911 924 978 984 1016 1020 1186 1292 1328 1353 1355 1454 1692 1756 1857 1906 1940 1941 1958 
39 25 38 108 166 175 469 487 518 546 618 664 722 771 802 924 945 959 997 1006 1029 1036 1153 1154 1160 1194 1300 1334 1370 1375 1461 1536 1646 1718 1724 1734 1829 1851 1867 1954 
38 72 250 254 313 331 387 388 478 485 553 579 715 813 972 1071 1079 1109 1111 1177 1192 1205 1264 1275 1276 1282 1455 1549 1578 1663 1688 1707 1737 1760 1811 1819 1837 1867 1907 
32 2 130 163 186 200 241 289 377 448 575 633 743 795 874 935 965 1018 1126 1150 1210 1234 1239 1314 1461 1485 1504 1636 1671 1728 1740 1820 1992 
47 21 48 108 123 251 292 296 302 372 401 486 506 531 581 740 804 858 880 891 932 935 945 990 1026 1151 1174 1320 1321 1326 1354 1401 1436 1445 1515 1530 1544 1560 1618 1657 1792 1862 1881 1882 1950 1968 1971 1991 
40 74 169 175 234 263 303 369 375 419 462 482 804 972 989 999 1012 1026 1039 1093 1156 1174 1188 1252 1268 1384 1390 1395 1414 1444 1467 1475 1533 1598 1714 1848 1853 1871 1876 1921 1970 
40 3 60 77 85 211 277 301 332 422 472 488 556 578 584 788 821 926 978 980 995 1019 1051 1110 1129 1182 1188 1300 1307 1495 1505 1519 1676 1699 1721 1817 1828 1839 1870 1893 1950 
31 45 166 178 220 250 271 315 513 619 625 638 641 651 741 761 839 961 976 1062 1075 1118 1225 1318 1321 1368 1388 1531 1681 1715 1774 1775 
39 121 127 151 229 388 390 398 529 594 648 712 756 781 827 831 888 905 963 1009 1018 1026 1040 1043 1060 1081 1126 1255 1274 1340 1538 1550 1559 1663 1684 1708 1711 1833 1872 1969 
36 111 171 265 273 323 349 354 369 376 394 423 449 567 590 699 737 753 754 816 822 831 852 912 1128 1151 1262 1285 1293 1298 1315 1521 1530 1545 1666 1728 1967 
52 139 146 172 259 293 329 468 533 598 633 687 709 718 719 723 753 764 836 878 884 1002 1039 1071 1073 1075 1089 1122 1136 1171 1173 1174 1209 1228 1285 1317 1398 1518 1535 1540 1571 1615 1634 1640 1665 1691 1755 1791 1801 1866 1870 1899 1970 
36 63 162 242 302 308 310 336 391 416 440 485 516 534 553 574 770 809 1000 1012 1089 1148 1201 1247 1351 1426 1445 1451 1458 1506 1516 1616 1625 1694 1755 1770 1817 
46 39 253 301 357 363 378 390 436 530 620 677 741 798 804 837 875 878 982 1033 1049 1066 1123 1130 1176 1197 1200 1212 1234 1326 1382 1414 1428 1444 1456 1481 1505 1540 1618 1640 1663 1678 1769 1793 1923 1982 1984 
36 6 17 23 108 119 141 300 415 439 592 667 686 751 828 856 865 913 991 1032 1107 1137 1138 1155 1193 1297 1308 1355 1404 1521 1528 1543 1619 1661 1772 1835 1964 
46 17 60 84 133 198 224 231 328 333 340 389 418 452 532 589 597 775 835 856 860 916 958 959 962 1037 1092 1159 1168 1178 1282 1291 1294 1413 1440 1470 1534 1541 1631 1646 1677 1767 1819 1835 1906 1954 1985 
31 14 122 137 249 252 454 523 541 613 660 773 1053 1073 1233 1346 1360 1392 1466 1527 1601 1612 1624 1706 1741 1750 1771 1819 1830 1900 1905 1985 
48 4 21 68 97 225 227 232 342 359 366 385 496 537 632 639 664 695 713 757 784 890 921 952 982 1042 1055 1111 1124 1160 1169 1190 1194 1226 1314 1345 1381 1410 1434 1502 1559 1578 1641 1706 1736 1753 1768 1824 1957 
40 274 275 333 346 383 475 508 553 555 638 643 676 737 762 763 790 885 1017 1127 1149 1150 1154 1239 1291 1434 1447 1528 1558 1588 1602 1641 1671 1700 1726 1837 1886 1909 1962 1969 1978 
44 135 168 198 210 253 288 293 312 313 351 391 393 394 473 522 580 644 665 675 702 807 859 1022 1055 1089 1111 1314 1357 1369 1389 1429 1465 1485 1502 1507 1577 1607 1670 1728 1730 1784 1856 1873 1919 
37 64 96 156 176 241 319 354 380 391 392 403 487 518 650 736 798 826 863 1054 1141 1146 1171 1256 1271 1276 1338 1395 1408 1553 1727 1749 1767 1775 1874 1944 1977 1997 
45 47 61 66 73 186 200 378 420 504 525 538 573 574 599 620 689 757 805 981 994 1041 1075 1143 1172 1214 1270 1278 1292 1303 1304 1316 1339 1361 1412 1418 1453 1454 1488 1509 1724 1768 1892 1904 1941 1954 
33 69 128 196 270 316 332 410 505 529 567 593 696 725 733 766 819 1050 1175 1222 1229 1296 1301 1317 1353 1447 1467 1584 1592 1797 1803 1859 1925 1932 
39 7 140 166 205 224 267 268 315 453 687 690 731 839 862 915 947 994 1064 1079 1136 1318 1321 1366 1422 1434 1436 1506 1562 1627 1686 1703 1709 1800 1890 1901 1913 1921 1945 1991 
34 37 65 89 101 256 369 413 506 515 532 604 669 692 697 705 738 792 1047 1088 1128 1185 1248 1265 1297 1370 1378 1419 1461 1479 1751 1757 1914 1957 1976 
46 68 111 125 182 344 352 381 414 435 437 513 554 597 607 633 634 705 714 772 801 812 842 859 914 935 979 987 1007 1154 1179 1219 1407 1499 1528 1543 1557 1591 1593 1603 1643 1681 1796 1806 1903 1905 1925 
37 42 238 314 394 425 608 651 822 845 882 947 1073 1118 1134 1135 1207 1220 1221 1228 1229 1263 1342 1345 1366 1456 1468 1483 1494 1569 1606 1659 1741 1744 1757 1759 1888 1978 
34 49 132 177 396 410 434 473 555 692 693 839 857 966 1006 1029 1083 1193 1302 1316 1403 1511 1532 1642 1648 1723 1725 1769 1797 1798 1799 1824 1947 1979 1985 
39 0 45 74 137 179 223 291 303 343 471 608 681 702 754 756 758 773 790 810 822 881 912 958 1005 1050 1053 1094 1096 1124 1171 1198 1324 1445 1578 1656 1674 1812 1840 1996 
37 86 141 200 253 338 412 592 641 686 758 831 892 894 992 1023 1049 1183 1189 1243 1259 1281 1288 1356 1358 1378 1386 1402 1427 1578 1599 1643 1686 1778 1860 1881 1884 1967 
37 19 56 135 231 249 334 414 415 432 470 484 499 505 582 591 635 680 689 710 880 967 981 1072 1114 1364 1378 1387 1416 1426 1549 1643 1673 1676 1823 1860 1881 1898 
43 105 154 159 230 437 464 524 559 573 620 635 664 667 694 744 771 838 926 1021 1070 1122 1167 1223 1259 1316 1340 1358 1362 1367 1449 1464 1502 1531 1571 1608 1628 1687 1697 1743 1861 1913 1942 1967 
38 107 149 236 252 294 429 453 459 505 591 617 633 659 667 691 745 834 888 981 989 1106 1196 1219 1247 1278 1297 1319 1352 1506 1578 1605 1641 1709 1800 1822 1903 1908 1989 
35 42 87 91 100 144 147 170 240 266 492 555 608 632 717 769 785 849 937 1082 1104 1251 1277 1284 1291 1396 1461 1494 1544 1610 1617 1669 1788 1861 1862 1875 
46 30 94 103 254 257 302 370 389 471 494 531 533 562 581 626 654 708 792 803 929 944 977 989 1020 1032 1035 1115 1125 1166 1194 1215 1305 1347 1353 1383 1401 1405 1534 1536 1560 1649 1725 1749 1773 1826 1985 
37 133 175 232 371 431 437 444 458 537 600 603 616 642 686 706 829 847 914 915 1056 1071 1276 1395 1411 1418 1444 1480 1488 1495 1510 1554 1559 1564 1632 1655 1833 1847 
39 0 73 94 235 244 273 348 563 610 686 720 871 946 1001 1019 1067 1098 1123 1149 1172 1182 1203 1219 1235 1250 1278 1286 1298 1360 1404 1534 1545 1555 1566 1631 1655 1874 1877 1917 
42 111 163 238 360 440 455 503 573 587 592 716 754 778 810 819 912 973 978 1070 1072 1109 1127 1130 1253 1268 1336 1358 1377 1444 1480 1488 1504 1618 1623 1673 1720 1723 1776 1831 1853 1858 1930 
51 3 11 140 158 173 231 311 340 377 438 442 477 481 559 574 657 793 795 807 843 848 900 948 955 1003 1053 1095 1152 1153 1169 1181 1189 1223 1227 1239 1363 1446 1463 1513 1542 1632 1674 1678 1689 1717 1773 1844 1859 1920 1956 1970 
34 78 136 183 210 270 331 352 388 471 588 618 764 774 792 811 823 926 928 993 1137 1161 1400 1403 1552 1577 1706 1711 1724 1733 1784 1922 1942 1945 1984 
34 22 134 165 175 197 222 240 246 314 371 396 507 671 805 806 812 826 929 977 1006 1028 1068 1128 1173 1396 1424 1447 1463 1520 1568 1650 1696 1884 1992 
31 58 153 161 203 374 414 551 560 577 586 596 622 661 758 770 823 903 1032 1085 1112 1129 1206 1230 1251 1269 1403 1406 1437 1716 1912 1970 
41 129 177 199 200 218 291 310 311 389 461 485 540 575 610 614 759 837 882 938 965 1089 1113 1147 1176 1290 1328 1337 1444 1508 1536 1712 1773 1793 1800 1812 1854 1862 1895 1950 1957 1987 
46 68 71 94 226 311 330 341 356 402 415 447 450 475 509 552 713 814 842 948 961 1031 1080 1103 1171 1280 1311 1379 1491 1534 1557 1580 1585 1607 1676 1684 1730 1736 1796 1828 1837 1873 1876 1890 1907 1909 1993 
29 42 107 196 209 257 307 312 330 356 399 411 480 530 556 649 717 734 817 823 846 925 1011 1190 1340 1372 1645 1679 1685 1806 
33 8 38 80 84 145 183 205 309 329 375 435 452 459 672 755 790 816 1068 1074 1233 1242 1267 1269 1336 1471 1473 1507 1529 1547 1648 1699 1797 1942 
44 31 40 48 54 84 94 157 161 193 248 326 346 350 503 560 621 637 657 665 668 697 700 777 815 857 863 926 960 1139 1178 1192 1580 1654 1661 1711 1726 1753 1759 1768 1776 1787 1827 1832 1872 
31 69 195 241 252 294 306 347 353 369 486 570 654 656 753 756 780 990 996 1050 1086 1149 1179 1191 1274 1379 1477 1683 1687 1692 1779 1814 
39 7 31 64 84 110 170 177 218 512 585 605 618 632 643 666 709 769 808 933 1028 1081 1104 1133 1207 1226 1248 1336 1371 1382 1486 1526 1594 1646 1693 1749 1815 1876 1878 1904 
47 13 37 48 51 76 181 192 201 254 312 373 435 489 505 531 558 740 788 792 822 838 894 928 946 1011 1087 1093 1109 1126 1127 1150 1163 1172 1221 1224 1271 1337 1354 1368 1426 1513 1540 1586 1902 1914 1943 1993 
34 1 2 63 97 99 255 281 360 376 436 574 581 783 808 860 897 900 926 949 1052 1204 1265 1296 1351 1366 1369 1446 1529 1742 1756 1859 1893 1946 1971 
42 78 133 205 272 355 422 497 503 514 545 563 600 616 621 711 828 874 886 897 942 1099 1100 1130 1163 1224 1249 1361 1390 1478 1504 1507 1537 1690 1704 1724 1731 1798 1811 1850 1868 1937 1942 
42 36 40 196 209 220 264 370 412 517 524 726 733 735 787 790 805 833 875 906 946 1008 1027 1106 1119 1125 1188 1238 1255 1283 1334 1350 1397 1514 1616 1671 1706 1732 1767 1772 1780 1838 1910 
40 12 142 202 217 218 287 504 518 559 647 653 666 681 732 734 740 742 1070 1102 1118 1155 1171 1224 1238 1259 1284 1286 1518 1669 1730 1736 1737 1795 1824 1854 1908 1945 1961 1973 1984 
42 6 184 365 548 551 565 594 623 676 694 840 861 916 1096 1167 1171 1204 1245 1270 1272 1293 1352 1402 1408 1497 1537 1600 1615 1689 1709 1723 1749 1754 1762 1777 1794 1796 1832 1872 1875 1948 1980 
47 32 63 91 137 179 239 365 380 382 384 585 594 624 745 760 927 967 979 1146 1173 1251 1360 1449 1465 1484 1503 1504 1524 1527 1529 1546 1558 1563 1616 1621 1643 1699 1729 1758 1786 1817 1821 1881 1928 1946 1961 1998 
29 52 341 413 485 508 516 616 672 738 861 1042 1072 1086 1131 1155 1171 1174 1250 1356 1380 1577 1583 1654 1774 1802 1841 1885 1946 1960 
42 30 38 92 114 134 243 245 364 374 534 555 614 650 672 673 679 870 878 1040 1098 1112 1123 1156 1163 1184 1249 1253 1333 1365 1452 1461 1462 1469 1510 1521 1701 1710 1743 1820 1915 1935 1999 
47 108 134 189 217 308 380 472 486 494 533 597 615 634 658 708 732 760 789 828 836 861 880 973 983 1004 1029 1144 1150 1205 1208 1227 1357 1384 1512 1570 1586 1634 1637 1727 1728 1758 1796 1837 1933 1979 1984 1986 
45 43 61 139 164 231 234 284 288 302 350 390 498 554 556 572 583 689 703 716 991 1077 1151 1226 1295 1362 1399 1425 1433 1535 1542 1609 1666 1690 1707 1763 1807 1821 1860 1862 1868 1873 1885 1907 1922 1968 
40 20 67 184 219 227 247 262 270 328 330 396 484 561 574 588 592 670 681 741 913 921 990 1016 1080 1129 1193 1210 1283 1317 1367 1404 1503 1508 1532 1547 1551 1641 1708 1751 1882 
50 21 24 82 106 182 188 218 275 375 395 493 560 564 577 593 679 687 788 813 858 920 926 939 950 952 959 981 1095 1150 1211 1252 1266 1274 1297 1399 1476 1487 1502 1517 1545 1605 1616 1629 1631 1675 1688 1745 1792 1815 1911 
39 49 87 90 128 195 291 315 362 392 575 687 727 762 797 834 874 911 913 997 1086 1088 1137 1280 1342 1350 1363 1446 1508 1534 1573 1577 1617 1687 1698 1705 1752 1896 1941 1946 
41 22 87 92 178 233 274 275 352 399 403 424 516 534 536 624 718 811 882 916 929 989 990 1027 1063 1125 1226 1228 1236 1385 1512 1525 1551 1558 1575 1582 1614 1723 1758 1856 1882 1917 
43 17 19 99 167 249 251 259 280 473 476 479 506 562 650 654 728 776 844 851 890 923 1022 1126 1158 1221 1232 1237 1261 1333 1380 1432 1437 1464 1487 1539 1577 1635 1786 1814 1819 1902 1920 1995 
52 17 72 212 268 329 434 480 523 551 721 731 739 901 918 1043 1106 1191 1231 1242 1248 1252 1272 1292 1295 1337 1398 1448 1450 1462 1468 1492 1563 1565 1568 1628 1697 1713 1738 1739 1750 1751 1752 1795 1818 1822 1889 1927 1943 1946 1949 1989 1995 
42 22 157 192 272 354 376 453 455 602 641 704 734 781 823 892 983 1076 1078 1092 1124 1221 1279 1376 1379 1394 1422 1472 1541 1573 1585 1597 1670 1707 1729 1778 1797 1809 1827 1917 1976 1988 1989 
42 18 91 176 191 193 487 551 577 656 686 701 730 755 773 832 875 879 893 909 984 1001 1034 1048 1113 1142 1181 1243 1292 1350 1389 1452 1462 1482 1773 1846 1864 1903 1953 1967 1977 1991 1994 
45 6 46 106 115 134 156 215 236 267 358 373 402 436 561 579 606 652 659 709 859 865 919 931 971 1008 1014 1034 1139 1175 1273 1275 1365 1506 1507 1571 1604 1635 1656 1718 1719 1807 1819 1831 1848 1924 
44 89 203 271 288 364 381 414 419 442 450 487 499 529 544 598 614 704 918 931 945 953 1052 1057 1109 1296 1450 1509 1527 1538 1543 1621 1660 1692 1712 1742 1776 1804 1825 1834 1889 1920 1931 1988 1995 
45 48 158 185 228 268 272 289 465 492 504 514 566 569 649 675 733 736 767 814 844 855 884 928 936 941 998 1018 1073 1074 1219 1276 1330 1340 1517 1555 1581 1601 1618 1714 1767 1878 1901 1941 1952 1980 
53 50 107 116 117 127 143 156 194 274 364 453 503 510 531 565 583 600 601 604 636 683 714 737 796 808 837 957 1010 1048 1152 1172 1175 1209 1232 1255 1280 1289 1293 1322 1351 1355 1401 1528 1583 1672 1686 1694 1696 1821 1827 1834 1928 1992 
40 11 19 20 32 36 67 86 148 193 222 412 599 613 636 723 795 895 911 948 1135 1211 1225 1240 1361 1364 1414 1464 1489 1502 1566 1620 1640 1656 1715 1753 1793 1827 1858 1872 1955 
37 0 3 50 58 123 174 290 345 414 456 460 489 504 535 603 616 617 633 701 727 869 873 879 969 988 1207 1249 1251 1346 1407 1695 1734 1787 1817 1948 1972 1986 
53 36 71 118 159 178 181 277 307 331 339 358 420 430 449 529 651 671 732 762 782 791 891 913 914 962 1011 1071 1108 1141 1157 1179 1208 1254 1311 1315 1371 1381 1450 1554 1590 1611 1614 1657 1723 1724 1726 1770 1826 1836 1938 1951 1952 1979 
40 62 64 119 124 164 188 201 258 278 279 304 438 491 584 649 650 698 753 856 866 936 994 1070 1158 1342 1386 1486 1491 1526 1560 1632 1633 1665 1694 1768 1782 1878 1883 1901 1926 
39 40 50 304 329 494 520 546 706 710 742 789 821 948 1008 1026 1030 1100 1107 1124 1152 1188 1241 1248 1251 1303 1344 1372 1423 1438 1505 1510 1556 1561 1581 1598 1648 1805 1908 1937 
44 9 32 62 103 190 217 313 334 358 388 413 423 461 470 531 543 564 587 615 634 750 818 856 934 940 1038 1074 1077 1127 1172 1227 1230 1378 1408 1417 1423 1437 1456 1548 1578 1708 1795 1969 1985 
24 251 255 379 553 557 618 624 652 862 876 1123 1157 1383 1406 1502 1587 1592 1615 1757 1762 1780 1848 1877 1887 
40 42 239 351 355 397 497 501 522 553 576 714 788 800 825 875 885 1007 1076 1093 1130 1160 1175 1273 1294 1385 1397 1412 1514 1555 1662 1707 1739 1802 1818 1832 1879 1895 1904 1929 1974 
48 28 44 223 289 305 312 363 374 375 378 400 430 441 443 469 487 500 547 665 686 689 708 716 739 874 901 905 927 970 1053 1092 1123 1174 1220 1385 1509 1582 1607 1687 1693 1713 1738 1836 1847 1854 1855 1958 1982 
37 34 36 134 167 249 412 457 578 616 799 824 891 947 961 1008 1070 1092 1152 1175 1177 1272 1304 1319 1447 1531 1555 1558 1598 1614 1643 1655 1705 1720 1728 1753 1772 1833 
46 16 23 37 102 180 198 199 221 280 327 332 501 515 554 604 639 673 686 699 700 720 764 802 818 847 934 974 989 1051 1061 1094 1125 1202 1204 1236 1257 1285 1429 1473 1475 1606 1689 1775 1800 1825 1857 
47 2 35 36 43 47 62 97 156 157 187 250 344 359 482 486 529 553 642 682 805 827 858 922 1046 1059 1072 1105 1116 1184 1227 1343 1370 1465 1480 1576 1591 1600 1609 1776 1828 1855 1895 1932 1936 1942 1972 1987 
41 3 26 183 206 298 349 373 406 438 527 532 666 684 722 820 826 840 909 994 1041 1159 1177 1220 1256 1267 1314 1335 1385 1395 1448 1469 1498 1505 1515 1564 1645 1730 1819 1880 1886 1986 
32 87 100 243 281 338 353 394 453 456 487 577 622 644 770 846 898 998 1314 1438 1446 1450 1470 1503 1570 1598 1604 1608 1614 1759 1783 1798 1905 
58 37 47 55 85 197 224 231 308 403 439 461 582 596 635 652 671 679 689 713 731 740 786 843 957 964 1000 1009 1011 1036 1051 1058 1063 1131 1147 1246 1268 1278 1341 1361 1384 1400 1405 1452 1458 1476 1642 1646 1671 1697 1711 1794 1799 1901 1903 1906 1943 1965 1992 
39 26 36 51 85 117 138 241 247 251 255 506 519 526 561 651 731 754 759 820 900 985 987 1025 1034 1103 1140 1192 1578 1622 1627 1640 1669 1719 1746 1794 1795 1834 1907 1992 
49 89 137 157 288 335 400 441 444 495 557 574 596 599 635 665 690 693 728 768 772 774 804 812 851 890 906 938 948 1048 1056 1087 1172 1330 1413 1432 1472 1484 1567 1574 1590 1594 1688 1710 1847 1880 1903 1938 1953 1977 
36 75 91 126 155 159 163 265 289 306 350 441 544 546 558 632 683 710 823 877 1021 1035 1097 1144 1279 1328 1376 1409 1473 1504 1721 1806 1836 1866 1918 1928 1975 
55 27 36 51 56 78 199 317 343 443 473 562 574 585 605 666 678 708 713 824 842 848 960 1012 1054 1056 1067 1099 1128 1131 1137 1150 1262 1335 1351 1408 1411 1478 1516 1533 1572 1604 1612 1621 1640 1647 1672 1691 1706 1716 1771 1844 1853 1943 1956 1971 
47 40 50 112 125 134 136 279 362 457 500 558 566 615 635 655 805 806 822 843 915 936 951 961 1013 1033 1157 1197 1296 1319 1320 1362 1397 1421 1466 1569 1598 1617 1642 1643 1648 1650 1697 1754 1808 1843 1909 1999 
36 26 136 139 196 212 419 489 498 511 543 605 692 763 838 874 946 954 966 967 1133 1223 1234 1258 1260 1261 1275 1315 1349 1386 1500 1522 1546 1568 1910 1917 1973 
44 84 118 133 165 269 280 282 353 551 615 632 768 779 840 841 872 907 930 959 995 996 1171 1298 1327 1394 1468 1479 1489 1530 1591 1620 1630 1644 1649 1695 1706 1707 1725 1789 1798 1825 1918 1923 1959 
34 23 28 98 154 328 338 418 436 470 552 650 669 688 711 830 833 917 947 987 1038 1099 1171 1195 1250 1273 1307 1399 1416 1494 1821 1842 1864 1958 1988 
37 135 189 193 208 237 283 351 363 425 440 474 518 539 765 782 933 987 992 1010 1026 1134 1159 1190 1196 1317 1338 1368 1421 1466 1527 1618 1657 1724 1764 1778 1863 1963 
30 173 239 317 417 427 429 455 475 477 520 571 584 629 633 634 759 767 810 827 1250 1348 1384 1439 1446 1474 1555 1574 1779 1795 1853 
37 25 107 109 121 152 180 221 344 351 469 593 644 687 692 724 763 786 867 1036 1088 1102 1108 1174 1293 1388 1405 1484 1489 1599 1603 1664 1671 1717 1861 1921 1931 1988 
42 38 62 88 147 194 250 276 316 435 460 463 508 539 576 690 881 940 956 965 1058 1060 1154 1191 1258 1337 1340 1402 1422 1429 1435 1485 1496 1539 1582 1654 1820 1880 1914 1919 1942 1972 1980 
34 44 98 172 181 272 290 307 329 350 510 640 687 690 731 735 772 862 892 906 937 1101 1216 1290 1394 1467 1499 1502 1579 1624 1626 1654 1790 1793 1984 
48 89 133 176 225 265 275 329 405 409 454 470 552 615 674 786 825 898 908 914 917 933 960 1007 1031 1081 1178 1254 1291 1315 1327 1351 1406 1479 1504 1563 1604 1626 1642 1667 1722 1781 1818 1891 1893 1898 1987 1991 1993 
43 8 23 152 157 255 258 281 292 299 350 411 443 535 580 665 672 692 713 715 719 845 863 867 1027 1047 1090 1199 1247 1252 1253 1407 1459 1561 1582 1584 1689 1692 1708 1749 1867 1915 1925 1926 
40 33 106 233 291 329 337 349 474 478 488 489 530 539 630 658 676 697 707 763 888 964 975 977 1070 1087 1102 1112 1173 1282 1421 1432 1569 1588 1598 1705 1721 1794 1855 1904 1944 
37 44 72 85 198 202 208 217 311 339 345 395 444 471 564 694 817 839 854 859 898 929 950 1029 1190 1299 1423 1486 1506 1725 1743 1768 1780 1840 1879 1892 1918 1926 
44 75 95 150 194 197 218 261 266 274 367 426 434 532 552 556 557 671 688 711 778 791 838 863 879 928 932 1007 1030 1047 1106 1133 1161 1166 1240 1333 1334 1490 1610 1674 1710 1828 1908 1974 1994 
35 5 81 194 244 267 268 379 392 395 417 448 488 511 588 679 709 796 805 815 833 852 960 1188 1425 1503 1559 1622 1650 1664 1696 1756 1875 1917 1926 1949 
36 0 5 24 64 86 159 242 243 270 370 442 454 533 609 639 664 666 703 747 750 850 911 990 1093 1175 1295 1333 1339 1343 1428 1649 1754 1883 1884 1947 1949 
44 9 33 62 106 128 129 145 176 199 236 279 334 469 484 506 583 595 617 634 636 700 804 856 887 977 985 993 1168 1218 1220 1229 1336 1362 1381 1412 1527 1590 1613 1654 1696 1763 1856 1886 1912 
44 18 22 27 122 132 142 154 194 234 237 246 411 460 538 595 603 637 652 734 804 854 883 921 992 1154 1248 1277 1299 1302 1325 1345 1354 1451 1475 1507 1513 1556 1621 1642 1712 1731 1749 1830 1947 
44 18 37 96 99 163 181 220 265 302 328 386 486 507 569 614 626 766 821 949 968 1044 1064 1066 1086 1151 1253 1269 1350 1407 1413 1460 1464 1492 1514 1540 1579 1623 1672 1750 1757 1798 1846 1883 1963 
53 18 85 109 127 138 155 204 233 236 269 296 332 351 424 455 465 525 552 573 578 755 883 930 1097 1133 1173 1247 1275 1314 1323 1341 1379 1403 1424 1443 1498 1519 1561 1579 1581 1593 1599 1629 1665 1686 1708 1738 1774 1791 1836 1943 1951 1966 
31 43 153 155 252 307 322 452 512 677 709 790 824 897 1033 1058 1122 1138 1250 1382 1409 1496 1519 1659 1684 1702 1777 1839 1873 1934 1945 1955 
37 69 106 136 206 207 233 343 516 561 583 637 674 732 760 777 836 933 997 1077 1213 1235 1236 1257 1399 1427 1487 1488 1561 1598 1622 1735 1781 1822 1835 1842 1863 1968 
47 25 36 46 134 203 204 267 273 289 301 340 421 423 459 474 494 503 535 597 601 627 671 937 988 1072 1153 1196 1198 1222 1268 1271 1404 1423 1444 1484 1538 1578 1580 1581 1585 1628 1677 1723 1883 1888 1903 1984 
43 54 67 76 100 112 222 306 335 336 337 422 505 509 534 542 575 619 638 712 742 753 778 830 938 956 971 1010 1028 1073 1194 1208 1315 1397 1522 1615 1627 1673 1742 1761 1780 1828 1887 1909 
35 84 213 244 248 309 361 384 496 551 640 752 824 902 907 908 1092 1145 1149 1176 1190 1209 1222 1334 1337 1400 1417 1444 1463 1466 1471 1475 1554 1602 1785 1824 
37 3 44 156 169 176 188 214 417 504 509 566 574 595 668 761 807 860 910 917 968 1027 1048 1054 1071 1079 1091 1134 1136 1161 1187 1268 1294 1316 1318 1512 1771 1775 
42 235 370 439 476 530 541 601 714 732 741 801 871 874 896 931 1139 1180 1205 1214 1284 1301 1302 1308 1317 1329 1354 1391 1424 1451 1537 1567 1572 1620 1630 1654 1670 1684 1758 1776 1802 1884 1896 
37 73 154 182 219 335 381 396 433 458 493 506 512 668 691 709 764 945 970 1000 1009 1010 1115 1276 1390 1391 1405 1426 1427 1493 1503 1668 1673 1714 1733 1771 1817 1997 
43 66 107 163 177 319 368 413 557 579 695 696 712 733 776 793 804 828 862 897 919 922 959 1230 1291 1292 1303 1307 1313 1335 1359 1409 1441 1461 1491 1492 1511 1555 1709 1730 1861 1919 1959 1974 
42 39 46 93 98 145 177 195 227 233 269 293 357 374 383 392 458 527 531 576 593 673 701 739 776 779 820 823 885 887 919 980 981 1078 1108 1279 1419 1445 1561 1671 1695 1839 1911 
44 27 62 79 301 401 410 489 669 677 680 684 690 811 821 870 893 899 925 939 988 1029 1076 1087 1132 1210 1277 1302 1339 1365 1428 1430 1471 1514 1575 1605 1644 1691 1796 1801 1821 1823 1863 1930 1953 
53 10 61 62 143 172 183 243 332 404 410 491 500 503 509 537 593 625 653 661 676 769 817 896 915 930 950 962 971 1023 1095 1145 1161 1183 1195 1196 1251 1324 1355 1403 1431 1439 1478 1516 1535 1579 1633 1641 1727 1818 1955 1975 1989 1998 
39 17 75 109 144 266 295 357 369 376 436 469 512 544 576 582 623 636 743 895 902 946 966 1028 1048 1087 1108 1122 1213 1221 1301 1309 1395 1688 1694 1769 1857 1902 1932 1962 
36 84 91 217 220 226 249 356 437 495 509 517 559 573 637 762 769 836 857 859 1032 1040 1069 1095 1206 1358 1359 1465 1565 1579 1716 1782 1822 1874 1902 1929 1986 
53 1 38 67 87 93 131 217 290 303 352 358 372 391 530 556 568 582 626 642 738 747 796 797 807 835 837 866 868 904 916 918 983 987 997 1052 1059 1071 1108 1114 1192 1198 1347 1398 1446 1510 1580 1688 1722 1750 1767 1859 1901 1933 
52 9 18 21 45 55 120 229 276 397 437 454 519 542 551 552 554 579 669 678 688 719 733 838 881 899 960 978 979 991 1024 1097 1233 1248 1318 1335 1350 1471 1509 1511 1518 1626 1639 1645 1647 1714 1728 1734 1785 1872 1907 1912 1948 
36 90 108 109 131 462 497 519 601 635 653 666 775 913 963 969 978 992 1039 1293 1301 1304 1532 1587 1620 1656 1676 1679 1740 1769 1783 1788 1820 1826 1860 1934 1976 
32 86 133 223 288 306 434 470 558 602 696 783 794 926 1013 1054 1106 1203 1249 1379 1383 1414 1485 1512 1527 1546 1578 1622 1625 1658 1775 1872 1905 
30 19 59 162 204 231 252 469 538 542 548 668 685 842 860 947 998 1090 1169 1191 1319 1376 1527 1529 1577 1662 1687 1819 1873 1944 1967 
46 40 61 182 201 303 359 428 445 496 513 515 521 553 562 674 736 768 777 806 943 993 1027 1089 1109 1149 1225 1270 1421 1455 1462 1482 1528 1541 1586 1669 1693 1739 1749 1788 1789 1853 1866 1901 1903 1947 1949 
43 7 47 135 175 262 316 328 330 349 371 379 381 545 565 570 605 612 621 635 649 714 876 899 931 953 972 998 1007 1015 1030 1077 1088 1112 1164 1237 1295 1410 1430 1503 1567 1687 1752 1878 
40 28 65 126 127 136 160 216 295 297 371 399 434 437 599 670 856 865 881 939 1015 1033 1172 1267 1305 1402 1484 1556 1566 1572 1639 1644 1661 1669 1685 1713 1770 1802 1817 1856 1928 
40 12 141 162 196 288 502 508 567 569 576 773 847 867 987 996 1120 1132 1152 1174 1186 1241 1315 1394 1396 1431 1433 1435 1511 1513 1528 1577 1595 1654 1670 1817 1823 1849 1923 1941 1943 
37 28 128 150 155 187 225 290 314 373 401 417 554 598 607 632 678 708 719 849 875 964 991 1006 1014 1027 1087 1126 1202 1252 1254 1272 1356 1393 1660 1686 1948 1987 
35 34 120 132 187 198 232 342 354 379 454 555 607 655 864 879 898 915 985 992 1087 1111 1132 1140 1151 1159 1173 1189 1293 1316 1318 1657 1710 1799 1841 1911 
43 20 54 92 228 266 291 303 333 352 393 409 435 475 485 491 493 573 577 675 682 806 809 826 1057 1213 1244 1273 1346 1377 1396 1510 1564 1566 1725 1772 1782 1790 1793 1799 1801 1855 1877 1951 
36 19 93 138 156 200 256 301 306 308 330 349 369 442 478 669 758 824 886 1047 1201 1206 1291 1336 1387 1388 1397 1448 1456 1468 1673 1680 1751 1854 1955 1975 1985 
50 26 38 128 140 179 185 194 201 221 249 302 353 452 453 457 477 563 596 598 711 753 868 899 904 920 937 963 1078 1080 1122 1180 1221 1267 1291 1293 1347 1351 1394 1422 1453 1462 1487 1530 1558 1646 1682 1770 1784 1961 1981 
48 1 49 52 107 235 239 250 272 391 397 434 458 507 533 580 592 627 637 645 731 864 903 911 955 969 999 1009 1031 1082 1135 1150 1155 1267 1333 1353 1377 1416 1457 1491 1518 1519 1533 1577 1617 1659 1813 1944 1994 
36 15 146 234 271 293 298 334 452 606 655 729 818 826 905 907 941 1044 1075 1123 1193 1209 1212 1292 1324 1360 1413 1417 1435 1508 1693 1727 1733 1741 1865 1874 1986 
43 8 29 165 282 285 310 353 361 411 547 632 680 688 715 732 808 824 886 900 932 1030 1031 1099 1114 1138 1176 1238 1250 1299 1356 1442 1452 1486 1510 1554 1640 1715 1801 1805 1827 1856 1975 1984 
54 0 84 236 278 328 331 338 388 622 664 685 738 766 774 780 798 799 821 875 900 949 964 989 1001 1030 1106 1127 1142 1175 1230 1306 1322 1335 1352 1353 1398 1411 1415 1465 1536 1610 1614 1684 1689 1691 1732 1751 1767 1779 1857 1905 1913 1920 1954 
34 71 117 197 219 230 242 273 285 377 393 484 521 528 543 618 755 821 836 864 874 875 923 1078 1168 1320 1357 1365 1422 1454 1459 1461 1490 1835 1933 
37 46 69 180 193 197 292 303 325 601 636 686 731 776 885 977 999 1008 1037 1065 1108 1217 1222 1231 1277 1394 1446 1463 1504 1527 1539 1619 1734 1813 1829 1925 1948 1974 
41 41 72 88 131 133 134 139 158 230 232 237 265 328 341 352 388 469 485 573 619 639 653 690 736 827 859 874 902 912 934 965 995 1183 1232 1364 1461 1467 1698 1845 1850 1987 
34 19 23 49 86 154 160 232 237 398 673 717 733 789 846 902 952 1017 1035 1114 1117 1165 1189 1219 1229 1281 1430 1520 1529 1601 1729 1750 1804 1843 1990 
39 1 119 245 246 339 370 392 408 419 436 484 652 683 712 733 770 804 825 856 932 950 988 996 1269 1323 1334 1441 1463 1470 1516 1647 1690 1705 1771 1821 1830 1905 1916 1986 
45 24 35 39 65 70 130 135 162 195 226 283 337 390 409 447 472 536 592 609 638 724 761 806 841 889 930 1031 1107 1225 1266 1299 1352 1354 1410 1462 1554 1596 1601 1690 1720 1754 1787 1797 1934 1960 
45 20 64 66 101 121 171 178 198 259 336 357 434 496 502 504 517 632 651 670 877 978 991 1027 1185 1212 1271 1341 1402 1418 1440 1449 1451 1511 1531 1587 1647 1726 1752 1757 1851 1865 1874 1906 1918 1968 
46 43 70 110 118 195 305 309 355 395 510 513 529 595 674 746 768 809 844 858 866 878 932 963 1016 1041 1091 1248 1287 1298 1300 1334 1410 1445 1451 1454 1599 1614 1845 1852 1894 1902 1918 1941 1945 1990 1996 
45 17 53 57 113 148 154 207 240 305 354 416 464 495 551 580 627 635 663 669 698 721 793 879 1056 1090 1117 1191 1295 1303 1344 1357 1367 1445 1548 1602 1619 1630 1737 1747 1882 1942 1944 1968 1970 1985 
34 84 90 138 185 309 382 426 530 686 752 755 756 811 869 886 889 1059 1091 1187 1197 1224 1343 1377 1396 1401 1406 1457 1508 1532 1760 1822 1841 1917 1952 
48 10 82 93 154 175 219 382 479 490 521 549 567 592 617 621 654 732 759 768 787 799 821 843 855 857 1096 1106 1152 1160 1184 1203 1205 1267 1275 1288 1351 1377 1450 1662 1669 1768 1829 1877 1902 1927 1941 1945 1957 
30 199 286 378 405 421 540 559 568 576 594 667 831 864 927 1094 1103 1115 1122 1401 1488 1583 1636 1719 1724 1727 1760 1818 1864 1902 1924 
34 1 45 114 184 230 256 288 299 319 452 456 514 566 643 736 757 787 898 918 929 942 1120 1222 1228 1249 1254 1280 1286 1507 1547 1849 1865 1920 1990 
36 2 61 88 92 333 463 483 572 575 646 665 675 722 769 877 952 977 1047 1086 1101 1158 1181 1252 1255 1306 1336 1350 1485 1598 1617 1691 1822 1832 1854 1904 1935 
41 37 70 158 159 193 204 234 249 310 446 499 519 534 582 585 628 633 675 743 793 807 848 858 861 875 953 955 1274 1332 1359 1382 1395 1431 1497 1542 1622 1685 1753 1793 1890 1924 
45 22 24 45 67 76 154 253 269 304 317 393 416 438 480 619 691 694 715 861 883 887 897 901 933 983 1151 1166 1180 1182 1254 1260 1333 1398 1556 1557 1563 1592 1608 1686 1786 1799 1804 1825 1891 1969 
34 18 29 171 258 294 330 370 409 479 600 771 850 897 911 1049 1050 1088 1110 1111 1149 1373 1469 1476 1589 1611 1638 1748 1794 1818 1845 1856 1939 1950 1984 
35 41 136 205 304 486 511 517 571 580 633 691 777 806 829 1034 1074 1090 1176 1189 1383 1427 1448 1457 1472 1493 1522 1629 1658 1705 1823 1904 1921 1950 1968 1997 
42 21 90 95 155 202 233 320 366 390 530 634 636 755 765 794 849 862 979 1033 1048 1052 1083 1165 1203 1305 1318 1338 1359 1424 1455 1580 1600 1680 1700 1785 1855 1869 1894 1927 1941 1967 1971 
40 65 114 115 120 264 288 334 350 365 380 418 457 595 649 667 784 800 815 819 945 1100 1125 1170 1173 1233 1316 1319 1464 1469 1487 1509 1537 1583 1585 1655 1670 1755 1829 1919 1943 
39 36 61 110 193 207 265 283 308 373 426 568 620 710 712 720 775 786 965 968 1012 1036 1131 1162 1203 1291 1333 1350 1453 1470 1505 1570 1623 1633 1644 1684 1744 1794 1887 1987 
38 70 144 186 194 305 307 439 507 562 565 614 617 629 668 691 735 748 759 809 822 883 980 1028 1093 1143 1156 1186 1219 1315 1420 1474 1490 1554 1624 1645 1823 1843 1944 
37 104 135 140 247 297 324 383 428 510 555 579 718 794 858 903 988 1220 1272 1281 1331 1363 1473 1493 1565 1640 1649 1685 1705 1715 1750 1755 1773 1795 1808 1809 1922 1972 
50 4 40 68 71 85 133 191 196 210 222 277 296 349 372 377 408 488 586 606 656 664 715 936 995 1055 1142 1162 1172 1203 1260 1343 1391 1458 1468 1481 1531 1550 1565 1652 1706 1723 1731 1733 1751 1769 1855 1873 1897 1908 1952 
33 74 102 184 290 411 444 490 492 576 734 875 999 1030 1098 1101 1129 1270 1352 1357 1381 1399 1460 1588 1615 1619 1667 1679 1777 1854 1869 1875 1902 1959 
29 5 15 193 197 266 510 532 554 575 687 912 923 926 993 994 1002 1006 1049 1153 1237 1339 1358 1523 1544 1577 1603 1647 1732 1944 
39 6 88 105 154 335 351 361 421 532 540 641 653 658 668 688 718 737 772 779 829 977 982 986 1017 1135 1155 1214 1359 1397 1425 1453 1506 1623 1660 1666 1740 1755 1805 1906 
36 86 89 265 467 536 594 606 649 770 794 800 816 832 876 931 947 988 1032 1035 1089 1124 1167 1310 1477 1525 1615 1621 1645 1672 1707 1810 1853 1863 1872 1885 1995 
31 36 39 66 73 230 292 333 404 407 435 526 558 791 1038 1091 1113 1141 1149 1178 1256 1380 1517 1625 1642 1688 1713 1793 1840 1864 1919 1996 
42 57 95 214 235 318 331 415 416 418 420 446 493 498 596 662 670 693 751 837 850 874 947 959 961 987 990 1049 1062 1065 1222 1261 1292 1306 1376 1466 1486 1582 1675 1682 1711 1797 1810 
32 85 143 160 318 482 483 515 541 577 584 593 595 710 853 887 911 954 982 1179 1192 1235 1400 1512 1517 1689 1698 1710 1764 1769 1781 1830 1857 
32 4 7 51 257 321 388 451 456 512 640 693 786 808 893 996 1088 1190 1195 1206 1364 1392 1514 1524 1529 1530 1533 1690 1718 1731 1772 1936 1960 
43 5 17 36 66 77 156 157 164 372 382 531 545 552 677 841 853 860 876 962 1028 1037 1116 1188 1195 1199 1215 1234 1291 1294 1314 1323 1327 1595 1614 1642 1698 1798 1849 1888 1922 1953 1988 1989 
31 30 36 39 230 267 372 413 425 511 514 539 628 710 731 744 757 844 966 1113 1247 1249 1268 1289 1300 1309 1348 1378 1559 1560 1765 1988 
33 52 147 165 213 215 232 336 398 404 445 535 547 555 598 600 725 928 1019 1055 1116 1158 1197 1258 1374 1396 1470 1626 1675 1680 1826 1868 1956 1996 
47 53 55 63 115 116 166 235 242 276 322 371 490 520 524 632 688 768 857 877 901 951 1051 1096 1097 1104 1107 1156 1219 1319 1373 1411 1412 1415 1469 1503 1552 1556 1651 1675 1722 1726 1735 1736 1752 1779 1880 1973 
33 64 155 218 295 304 441 466 522 602 603 604 611 622 739 860 964 1015 1029 1122 1189 1220 1223 1247 1281 1325 1338 1467 1725 1781 1918 1921 1947 1973 
30 127 168 209 305 347 427 452 490 557 682 753 780 922 945 995 1107 1312 1339 1341 1428 1538 1609 1653 1685 1745 1879 1897 1911 1981 1990 
39 2 107 193 195 260 289 424 492 553 634 662 667 711 726 761 807 841 865 904 963 1026 1045 1076 1121 1256 1380 1387 1415 1449 1477 1619 1670 1672 1685 1703 1803 1820 1879 1991 
37 42 80 137 141 155 161 265 304 440 484 511 563 564 619 702 756 760 791 857 872 970 1026 1047 1170 1188 1231 1536 1641 1674 1729 1838 1876 1889 1919 1949 1983 1985 
34 20 39 106 133 254 277 337 349 355 360 390 409 490 748 789 825 876 898 920 934 1014 1107 1119 1223 1249 1433 1484 1600 1717 1795 1817 1831 1921 1924 
